0.9990730095524817 0.004547045936979301 
0.0 1.003124631074769 
0.23593974208995772 0.5198740700649338 
0.8750189721324241 0.06830418970433906 
0.17387453067926978 0.5890962595926267 
0.21115322075957943 0.5446193111879182 
0.752105794687248 0.13472726605847637 
0.8117619489068022 0.10311413685340465 
0.4568372220742998 0.3265227215847425 
0.6850157417652777 0.1772050640101799 
0.6430939181113788 0.20322916422288784 
0.10777358345015003 0.6740059635146843 
0.7341826227309011 0.14761207150961655 
0.8519458429495932 0.0812083414645575 
9.73057039656236E-4 0.977514039043353 
0.04836490574326219 0.7864765136656359 
0.8331801068365068 0.09131948077024588 
0.33361639114920244 0.4255094068374053 
0.5159775920647109 0.2843122887783791 
0.4169360779361073 0.35647956192355174 
0.004980012299216019 0.9367916752465036 
0.0025683837681737542 0.9568733170749065 
0.3207098735029795 0.4393334627810324 
0.1896942959004816 0.5706630798074115 
0.38782716210192253 0.38218832080924725 
0.7868153802390903 0.11714786480264337 
0.5340891032978019 0.27474846132533337 
0.6664367891108334 0.18549765134795257 
0.015335513118144212 0.8793874479438981 
0.4762289483639358 0.31541660739147653 
0.039828758380286156 0.8046463509058986 
0.1618785998491858 0.6034182558640613 
0.09937763045375625 0.6879416143281467 
0.6168532799480325 0.21897863561598463 
0.013770034628792782 0.8925566721366578 
0.26950170474430807 0.48706881182218265 
0.4464866047201451 0.3378547409315454 
0.7019830102168172 0.16719727596977388 
0.021689202084144488 0.857483787480338 
0.3711065664554911 0.39252787946484213 
0.036422636643471146 0.8170528755515404 
0.9136250444142455 0.04784514947675833 
0.27709930968486274 0.475725223761663 
0.40500730545047336 0.36892407915767017 
0.8925683429372642 0.05994211327717966 
0.12077115567284114 0.6587861160901755 
0.5550201949964233 0.2599202970655066 
0.5951830148719487 0.23152890652890382 
0.982438497604688 0.01271011332960569 
0.5829202234773886 0.24175350726296604 
0.28699736684259464 0.46634652580695535 
0.6362212731247784 0.20704907320132002 
0.3112107985770088 0.44740558047047463 
0.9256591508677567 0.04273611633098414 
0.9362477968137621 0.036385484338344834 
0.8998997611099169 0.056027361787181616 
0.06336020275037618 0.7519252927499384 
0.9477077046311493 0.03120106979303902 
0.15099957533000208 0.6175721623537375 
0.5641660156294624 0.2517066187002575 
0.6200170623767899 0.2147571209733286 
0.19476342609137487 0.5658700746150137 
0.08107546431053192 0.7225652088436306 
0.008850871937049323 0.9144667397352876 
0.024289143782570577 0.8474918817714082 
0.39739025224887775 0.374984113684528 
0.3607831301713315 0.4015068825641575 
0.9727780356571615 0.018160680229404064 
0.3494475515218951 0.4143107260259749 
0.20259216200077637 0.5526457126483438 
0.055352013892575214 0.7714538261618693 
0.13163230900528067 0.6444414459495256 
0.843589940382509 0.08655609719253728 
0.7700067547114995 0.12678771663850902 
0.5745169699910534 0.24736395709858836 
0.4302227849899337 0.3486727490926683 
0.25611965975024253 0.4962196717326339 
0.057739038183778006 0.7667327606785524 
0.3006423860595425 0.45376663549554935 
0.4345521127708991 0.3455735500548 
0.34590071423315083 0.4167467245762271 
0.6678284851462245 0.18481397095265434 
0.7213762218935327 0.15451558914904207 
0.07319748936939868 0.7355905049500431 
0.2951511494952607 0.4587432970450413 
0.008223953031999777 0.917692144179297 
0.7683827289687711 0.127503987887949 
0.71089650247887 0.16201475667773899 
0.15544457083603608 0.6129776912227333 
0.4832433316379364 0.31012959333156376 
0.9958973877567587 0.0059538739319437645 
0.02991904383672614 0.8339678690870996 
0.24364891703078048 0.5119729039435235 
0.141374120415923 0.6310127011819402 
0.24805496298843868 0.5076863529313038 
0.14126758434709724 0.6314366026441057 
0.49153596444463266 0.30163251285612364 
0.9575112860330193 0.025157828894769262 
0.5049194764929855 0.2923206956167286 
0.5034194123279501 0.2946082205790807 
