0.9969550806657063 8.04556490161377E-4 -1.6359627527747097E-4 -0.0011942878747267633 1.0307548509643965E-4 7.850858558635403E-5 0.0010284751297978637 0.0015442586559291944 1.5464758434710542E-4 -0.0020107164703912325 
4.559584242370389E-17 7.943595278683648E-4 -2.635823733857694E-4 -0.0010978075295897296 7.73124017581384E-5 8.186232945022132E-5 9.009496651520916E-4 0.0017123772956658715 1.7905461412135495E-4 -0.002020479242803989 
0.5397006473540946 0.001007661476712686 -0.002763023532653951 -0.0012065674332233918 9.480869212581135E-5 3.015161882634609E-5 9.042253975435221E-4 0.0016449795010387638 2.863972725279865E-4 -0.002019362237726383 
0.5057955701668712 -1.8333685846397366E-4 -0.0024717690827988094 -0.0010123119100463786 2.276842552741326E-4 2.9478989753261843E-5 0.00105828242255176 0.0016346416787020326 2.7971958124977704E-4 -0.0020112081372145765 
0.33849870349465894 7.958120886289485E-4 -1.6022612559248028E-4 -0.0011223571008762017 7.447512392496956E-5 3.5373662525769924E-5 9.036473009489561E-4 0.001525113368444019 1.9612741814661067E-4 -0.0017497718969656574 
0.8125606670676035 0.0010070635002996542 -3.354193302370391E-4 -0.001480943354475701 1.0610845173235208E-4 8.247321313631844E-5 9.051465943423564E-4 0.0016479477448421158 1.905720673506719E-4 -0.0020112924250201237 
0.31853987161511893 7.950001522810716E-4 -2.2962644607635915E-4 -0.0012069468691921824 7.027285067498901E-5 1.6321043080269268E-4 9.146352295599151E-4 0.001542446315883572 1.8899018228041566E-4 -0.0017451964744359724 
0.25220816591280926 8.04556490161377E-4 -1.6359627527747097E-4 -0.001019252979489997 9.634143777245628E-5 7.850858558635403E-5 0.0010284751297978637 0.001666067129756877 2.0539285143869032E-4 -0.0020107164703912325 
0.2736968317739641 7.965968250326214E-4 -1.6342773625152988E-4 -0.001020588368892628 8.388991993194001E-5 8.461086271685874E-5 0.0010419202246983847 0.0016687917702389386 2.0474103798847078E-4 -0.0020010777516013523 
0.03377660434115071 8.100545949436842E-4 -1.6507718011559455E-4 -0.0012204551780658239 7.072277509098738E-5 1.753882045865953E-4 9.050420757292892E-4 0.0016478098248872484 1.9292673602973738E-4 -0.001987070365994599 
0.2978863231240045 9.98961498871825E-4 -0.0026808941191776136 -0.0011125937720197741 2.81295357669905E-4 -2.617407774232823E-5 8.897824376388759E-4 0.0014937599374440524 1.7492810407184725E-4 -0.0020521311824053946 
0.9665952827497308 8.115899897903348E-4 -1.3297797073087204E-4 -0.0012230457653098783 8.443847384908419E-5 1.3593268496563555E-4 9.109586392508416E-4 0.0017034033621398665 1.9037207013425334E-4 -0.0017792089713564944 
0.5624346774209398 0.001007661476712686 -1.8362050829204084E-4 -0.0012065674332233918 8.596895034284983E-5 -3.1968480736298666E-5 9.027264787065192E-4 0.0016449795010387638 2.863972725279865E-4 -0.002019362237726383 
0.7183435217256683 8.048274893991899E-4 -0.002735868358868885 -0.0010942114528788088 9.055552722733418E-5 9.16077895708191E-6 9.059737427457894E-4 0.0016489735191411435 1.4897480372068274E-4 -0.0017625025466077146 
0.639597347669618 7.930929312429424E-4 -2.2954243899371769E-4 -0.0010163114177852142 -1.0437060606401894E-4 1.6336434056345256E-4 9.116984888168901E-4 0.0015931583913833948 2.81864759238724E-4 -0.0017800396371636343 
0.1936138251847573 7.933289106716067E-4 -0.002637459528307633 -0.0010855162357326642 7.855022344938416E-5 7.71847160658234E-5 0.0010416136900449995 0.0017123772956658715 2.0586294634062881E-4 -0.002020479242803989 
0.7392464713931107 9.924448450137524E-4 -0.0026998335744058055 -0.0012072594923490942 1.0511698998402132E-4 2.5090983504273115E-4 8.957287005622137E-4 0.0015496736363258727 1.8761636484660734E-4 -0.0017648272003331989 
0.16773690708546926 9.990993411256584E-4 -0.0027441749770980156 -0.0010264621634067674 7.143749157176279E-5 -1.620924227016387E-5 0.0010735630849922372 0.0016466273813263428 1.910554327873456E-4 -0.0022268391267914836 
0.8381019293676563 8.116513357788582E-4 -2.2586387798551088E-4 -0.0012170882147024406 8.397694654684859E-5 3.067159329412465E-5 8.885589976581858E-4 0.0016470293603797637 2.0567675066900006E-4 -0.0020135619079622723 
0.4919989729928094 9.855259592290082E-4 -0.002811365774992958 -0.0010206867335100052 9.481332958807534E-5 2.448817870141524E-4 8.993174616524485E-4 0.0016470494463846528 1.9309311514077525E-4 -0.001749054874440484 
0.3931981582287778 8.101747635962742E-4 -1.5949986878216276E-4 -0.0010974008333043924 2.271677935768389E-4 4.2674755733262115E-5 0.0010541435658367522 0.0016085411910107944 1.9076553785787767E-4 -0.002011126179441588 
0.0034405273365709643 7.964988404347553E-4 -1.1204781358626942E-4 -0.0012283300831015798 6.672960418503759E-5 8.401506976936515E-5 0.0012885389186459146 0.001716019043127602 1.8865486898543001E-4 -0.001763340361682619 
0.3533467641137984 7.967759114654343E-4 5.8849085515271654E-5 -0.0012074424273864335 6.693860341381135E-5 8.27457873639348E-5 9.040398624633285E-4 0.0017200636103827912 2.87489242329574E-4 -0.002016678346659623 
0.08533124542875023 8.04556490161377E-4 -1.6359627527747097E-4 -0.0010109141145678835 9.481595334107E-5 7.781376880919473E-5 0.0010284751297978637 0.0016449700570478636 2.0490140124071948E-4 -0.0020107164703912325 
0.3073342995392941 8.048593200899291E-4 -1.4618693006974537E-4 -0.0012325249210237608 7.687274730940231E-5 8.27094353871052E-5 0.001024253703636352 0.0016474200276123526 1.8732161319384957E-4 -0.0017530343698505594 
0.20622087048311372 8.048984547398181E-4 -0.0026498091743963116 -0.0011265502362813402 8.367463300126178E-5 7.763834618100668E-5 0.0010299522472772913 0.0016724927147080118 1.8701865502937395E-4 -0.0020307203605873544 
0.05793271298080177 8.048275033003028E-4 -1.4459281669778582E-4 -0.0010930897037055686 9.044301230870938E-5 9.16077895708191E-6 9.059737427457894E-4 0.0016489735191411435 1.4823477405999743E-4 -0.0017625025466077146 
0.40932000730583185 9.909895969343015E-4 -2.0676082445900742E-4 -0.0011941713280974673 7.810107705370485E-5 3.55040532269821E-5 0.0010812661299593063 0.0016106338247143326 1.7580334390970837E-4 -0.0017497475035553938 
0.27999989542245063 7.965968250326214E-4 -1.1229688706878331E-4 -0.0012282955539356362 8.416673307945183E-5 1.6290793351102532E-4 0.0010419202246983847 0.0016476707264247237 1.8804017968091744E-4 -0.0017586300620359074 
0.7722029846434233 8.054891933991619E-4 -1.859582667177932E-4 -0.0012014514395215668 9.463477833104035E-5 8.644207287367629E-5 0.001035139816147038 0.0016471427281354724 1.9252653664247307E-4 -0.0017548591018468286 
0.661699156017695 -1.6302361402097435E-4 -0.0027439830659613607 -0.001016920866782525 6.825436275186448E-5 -5.145678385126276E-6 9.06641545117816E-4 0.0015698316290771795 1.924020200713792E-4 -0.0017293745049319605 
0.1548945369199542 7.785191589975061E-4 -1.4626501569004477E-4 -0.0012266209829263045 9.480869212581135E-5 3.235053057045667E-5 9.043077734953535E-4 0.0016688897016855287 1.8348355213837847E-4 -0.002021343981332493 
0.9800902941020488 8.048513210704824E-4 -2.2640566746717381E-4 -0.0011945905077602541 1.0633581991766096E-4 7.798083322079136E-5 9.169206221198191E-4 0.0016479255113714074 1.5728299179985287E-4 -0.0020107539457913806 
0.2344204394933584 8.049508291184076E-4 -2.501483720759655E-4 -0.0011922183748909354 1.0687345104849226E-4 7.798083322079136E-5 9.169206221198191E-4 0.0016479392138073568 1.959566778882161E-4 -0.0020107539457913806 
0.628064293799651 7.977099227450723E-4 -1.267942059408058E-4 -0.0010162490910780885 9.548916409488371E-5 1.3693703478002636E-4 9.042500256666642E-4 0.0016652383994475654 2.0593225660062509E-4 -0.0017798508861774157 
0.36497901651395764 9.753103356778221E-4 -0.0027337315149508334 -0.0010212164126953906 9.796864934331697E-5 7.543669439080462E-5 9.094530696029097E-4 0.001544089343632437 1.9235969102938987E-4 -0.0017590479336339314 
0.12052666511086813 8.115899897903348E-4 -1.9501035429196124E-4 -0.0011307326637083235 1.0024564087190093E-4 -2.970019913124918E-5 9.095855300571889E-4 0.0017096755726242622 1.8845855734723842E-4 -0.001763501990221572 
0.02740357279217079 9.98818488125017E-4 -0.002744257325489031 -0.0011027594373771358 9.812340900865898E-5 2.551539726305438E-4 9.015316019074268E-4 0.0015307938780556617 1.5805726679928405E-4 -0.0017549498291032318 
0.578591807625147 7.940012672292184E-4 -2.0873828760041417E-4 -0.0010230987793882066 9.467950781341676E-5 -3.1672516306692256E-5 9.109586392508416E-4 0.0017120201689848303 1.9604086204914016E-4 -0.0017665689081522446 
0.0017110573541444796 9.984062162911877E-4 -0.002775662343039423 -0.0012042394511862398 2.189905015374155E-4 6.075230247873298E-5 8.91979402419653E-4 0.0015287631396617982 2.794497285955927E-4 -0.0020340854148118656 
0.012381633534687297 0.0010130312812436488 -1.629890544620075E-4 -0.001076938453135953 2.506014064513367E-4 8.307005605920887E-5 0.0010627810305602217 0.0015956312271666678 1.6678397914601675E-4 -0.00201079122364024 
0.7552433349149399 8.048109658541111E-4 -1.8320893698897992E-4 -0.001089054811268584 2.328027441628304E-4 -3.251032942507489E-5 9.178308358568858E-4 0.0016477359871753497 1.6229238131060817E-4 -0.0020540236253086897 
0.45302289023082437 9.930587088069311E-4 -2.446506345006249E-4 -0.0012236349023576902 8.312644253250722E-5 8.1344998001987E-5 8.901039307147529E-4 0.0016354851882360078 2.77951620979398E-4 -0.001987070365994599 
5.28413938832073E-4 7.939318966970215E-4 -4.3346331612290274E-4 -0.0012235162762867314 1.1082525174804543E-4 8.230131901328482E-5 0.0010741906325564422 0.001607819501687016 1.951105616900592E-4 -0.0017497175337943935 
0.37694508673750515 9.978314624378899E-4 -0.002775662343039423 -0.0012029304612384923 2.189905015374155E-4 4.267343992057374E-5 8.917079829305829E-4 0.0015287631396617982 2.771955469039364E-4 -0.002009598636819103 
0.6080978013696992 9.719026840479598E-4 -3.4389250129847836E-5 -0.001282495852055512 1.0020452296610817E-4 -5.665009104844863E-6 8.887433191001683E-4 0.0015992271491799951 1.891558543221033E-4 -0.0017528265006580967 
0.13696684514466634 8.054902033661508E-4 -0.0027287264470516434 -0.0012266321498070934 3.832992087209898E-4 -2.814992624697753E-7 8.890073941459019E-4 0.0015791531142826823 1.826808209947762E-4 -0.0017583324454565948 
0.0060412710457794505 8.048109658541111E-4 -1.8320893698897992E-4 -0.001098908789802074 2.2060803619695446E-4 -3.251032942507489E-5 0.0010516666631809066 0.0016477359871753497 1.6229238131060817E-4 -0.0020540236253086897 
0.2479106759966087 9.887109030149246E-4 -0.0027279046524423044 -0.0012409129341746292 7.184162599860939E-5 -4.155500135128941E-6 0.0010214050762065903 0.0025385356303297994 2.0316970248148607E-4 -0.0020142544758985385 
0.7839808628050439 8.077482296658493E-4 -0.0027279078874638115 -0.0010121003499340671 9.561166003770327E-5 8.653033746750949E-5 9.071220833817632E-4 0.0016471427281354724 1.9258284356197394E-4 -0.0017548591018468286 
0.21199513798895236 8.047093989590081E-4 -2.0800186316109184E-4 -0.0011934097138906268 -9.437973459489522E-5 7.463741238659065E-5 9.297601118680757E-4 0.0016502030838373212 1.959243010076426E-4 -0.0017482036637536168 
0.0952147927349915 8.054237711305652E-4 -1.6359627527747097E-4 -0.0011945212683099895 1.0307548509643965E-4 7.850858558635403E-5 0.001032226879308699 0.0015442586559291944 1.957034592078827E-4 -0.0020107164703912325 
0.47051397216650287 8.04556490161377E-4 -1.6359627527747097E-4 -0.0010177646897848779 9.612697758373328E-5 8.503965962714549E-5 0.0010284751297978637 0.001666067129756877 1.9526414611056856E-4 -0.0020107164703912325 
0.10426981746298389 9.93057377366839E-4 -2.446506345006249E-4 -0.0012225021662888697 8.321959279094489E-5 8.073179934901003E-5 8.957656238208346E-4 0.0016651401859333215 1.9595432730236994E-4 -0.0019855131805631716 
0.9452073154589029 8.04556490161377E-4 -1.6814447822824111E-4 -0.0011942878747267633 1.0307548509643965E-4 7.850858558635403E-5 9.035099291827037E-4 0.001534625055613448 1.5451334182217197E-4 -0.0020107164703912325 
0.912381497754011 0.0010059024534313993 -1.3641892815021762E-4 -0.0011129859087705828 8.443847384908419E-5 -2.214930867772938E-5 8.909252532373371E-4 0.00151810668558977 1.5598964500195954E-4 -0.0017625670428347633 
0.12972031609623486 8.115899897903348E-4 -2.0873828760041417E-4 -0.0011265878770886553 8.443847384908419E-5 1.449523592835924E-4 9.109586392508416E-4 0.0017120201689848303 1.9342921317204727E-4 -0.0017625670428347633 
0.6814239621041308 7.997898708742446E-4 -0.0025526205522224954 -0.0011888169786215303 8.81401324684053E-5 1.1584938869506353E-6 9.071235746117669E-4 0.001664783251417618 1.9734936663887002E-4 -0.0017554634551479771 
0.4437056614499296 8.100648735116914E-4 -1.7875729240094708E-4 -0.0012221997240223167 7.143746781033828E-5 1.6398563267480015E-4 8.941236231806501E-4 0.001547292797602605 1.9062562041894564E-4 -0.0019846853510790408 
0.38352541726845013 8.101747635962742E-4 -1.0150376329166617E-4 -0.0011126507422900102 2.641093195625149E-4 4.2674755733262115E-5 0.0010567855356406514 0.0016085411910107944 1.7548278227626197E-4 -0.002010021816181019 
0.17664252805012895 8.070160896350145E-4 -3.465526257754169E-4 -0.0012254404490402411 1.0706400925574824E-4 -2.9133375401170592E-5 8.858977633360678E-4 0.001637503643967426 2.828717810402046E-4 -0.0017700914034779432 
0.686753589969415 9.87112464527568E-4 -2.7388837985954585E-4 -0.0012242041650867908 1.0038183845804217E-4 -2.8813833877876895E-5 9.036293014986254E-4 0.0016737277541728026 1.8892992953292397E-4 -0.0017500978472097801 
0.017282253627331046 8.023038250860331E-4 5.594468553925475E-5 -0.0012071492213623744 2.2685355458008607E-4 8.651557941083687E-6 9.024060352310374E-4 0.0015378590495614317 1.8867000665085068E-4 -0.002022405219933293 
0.048802884669070484 8.048109658541111E-4 -1.2288803180197098E-4 -0.001098908789802074 2.2060803619695446E-4 -3.108543523822502E-5 0.0010516666631809066 0.0015554093596473646 1.6229238131060817E-4 -0.0020540236253086897 
0.6169081145343005 7.979150787784493E-4 -2.4362066701108802E-4 -0.0012146343309170356 9.459502802282721E-5 -2.644922785003491E-5 0.0010321668017331759 0.002525103716516128 1.9702612023054082E-4 -0.0017465795835263575 
0.023917406564565147 8.051094803211644E-4 -1.7963393101818833E-4 -0.001098908789802074 2.2707607389293126E-4 -3.251032942507489E-5 0.0010557262527164308 0.0017074716761700556 1.566548592808852E-4 -0.0017512267509233862 
0.1804548726194361 8.070209387884032E-4 -1.2288803180197098E-4 -0.001098908789802074 2.2060803619695446E-4 -3.108543523822502E-5 0.0010328829036497591 0.0016411850957844887 1.6229238131060817E-4 -0.0020540236253086897 
0.6677284824806727 9.97169500813245E-4 -0.002730982766845856 -0.0010119479117903635 9.698085432913476E-5 -2.9046898062935987E-5 0.001063145525763127 0.0016491515838288587 1.8347054035806299E-4 -0.0017709034478395128 
0.9287378391991621 9.932634602804302E-4 -2.448220350469521E-4 -0.0012152621193587876 9.463706397851436E-5 7.916832077575796E-5 9.549726728557284E-4 0.0016530311417400423 1.9001141201342812E-4 -0.0020577366158485433 
0.4169726551607834 8.094725411681473E-4 -4.301911633054227E-4 -0.0012199540981484335 7.780062105014635E-5 2.475366834898087E-4 9.062449966320721E-4 0.0016647916776526086 1.9552151453558071E-4 -0.0017775183556166016 
0.8696594708662482 9.990362034193428E-4 -0.002723985641706619 -0.0011027594373771358 9.812340900865898E-5 1.826940641009425E-4 9.491304552955344E-4 0.0016087542242526423 1.5805726679928405E-4 -0.0017600298368667107 
0.06824001675724856 9.86825296502385E-4 -0.002730487367283816 -0.001017263467022216 9.778998517202722E-5 1.6381754777661364E-4 9.058614407858916E-4 0.0016650053975499418 2.0460247865083697E-4 -0.0017636292113163566 
0.020205846132163835 9.854604250261977E-4 -0.002775662343039423 -0.0012042394511862398 -1.036039468140516E-4 6.858139392576074E-5 9.050608031326777E-4 0.001647897036921787 2.797274560408605E-4 -0.002023583187836879 
0.07525816680941383 8.088829204353535E-4 -2.0873828760041417E-4 -0.0014623531602313469 9.004990504518425E-5 3.8571407518110546E-5 9.028951031014086E-4 0.0016848770115748747 1.8272189768743646E-4 -0.0017625670428347633 
0.4356174597759418 7.959480307620277E-4 -0.002744762801158537 -0.0010180718054894763 9.529255685826062E-5 1.3736554531006953E-4 0.001032135150695564 0.0016658352061406944 2.062811747823552E-4 -0.0017698559547295225 
0.42905383668471553 8.070160896350145E-4 -0.002743986982104447 -0.0012254404490402411 1.0721105497531656E-4 -2.89983823100368E-5 0.001032135150695564 0.0016379404590088397 2.8132977680278304E-4 -0.0017700914034779432 
0.46494825866854794 8.115899897903348E-4 -1.9501035429196124E-4 -0.0011307326637083235 1.0024564087190093E-4 -2.970019913124918E-5 8.910266155191486E-4 0.001708762620423403 1.8845855734723842E-4 -0.001763501990221572 
0.8834800151462793 8.050193567956454E-4 -3.3523636710498447E-4 -0.0012264178711474223 7.14378644822136E-5 8.438140606718085E-5 0.0010419202246983847 0.0017101296956822027 1.5392373637744357E-4 -0.0017734802207938299 
0.7023055246064206 8.086000647916805E-4 -0.002733866469208869 -0.0011902669380032286 9.086810051224601E-5 -5.659018724008652E-6 9.071235746117669E-4 0.001664382827370845 1.5114009595129036E-4 -0.0017549689114519209 
0.8998952554111599 7.976266482882538E-4 -1.376896794452482E-6 -0.0011238775557537901 6.737345390569747E-5 8.809587778619665E-5 9.144184181556549E-4 0.0016127033408980232 1.9333833627755106E-4 -0.0017504146263970376 
0.7505809418202299 7.958343569908563E-4 -0.0027659435811393626 -0.00108886295253626 7.060183024434545E-5 -4.716414805019096E-6 9.142755861236969E-4 0.0016497025474520757 1.892100738211229E-4 -0.0020063554541105864 
0.08083104548029024 9.725531489128002E-4 -0.0027434050335910717 -0.001226440290431054 7.6612601556675E-5 3.2345371111595735E-5 0.001036839461359629 0.0016961325324497327 1.958945958272054E-4 -0.0020282358378410897 
0.00884493506276679 8.027488094022317E-4 -0.002730982766845856 -0.0011003254410931788 2.2121291127860258E-4 -2.9015234329581437E-5 0.0010514462315965396 0.0016491515838288587 1.8333128677776252E-4 -0.0017709034478395128 
0.5708949191860292 7.942332271871683E-4 -0.0027646091725258065 -0.0010178328086923585 7.518768388124883E-5 2.287285443649399E-5 0.0012174811309110525 0.0016574558424643623 2.7834584107611234E-4 -0.0020117633883317467 
0.040538524150594724 8.04827819624077E-4 -1.4618693006974537E-4 -0.0011131135786006236 7.683474553877765E-5 8.27094353871052E-5 0.0010264053912643163 0.0016472742859091614 1.8732161319384957E-4 -0.0017505458657972324 
0.5956523828104481 -1.8967185731451775E-4 -0.0027337271855464584 -0.00128177518812472 8.402756489249603E-5 1.4459405201482642E-4 0.0010529458181852476 0.0016358533209755112 1.5245688875009292E-4 -0.001765615554919805 
0.04157370052773077 8.049509977129932E-4 -3.3523636710498447E-4 -0.0012264178711474223 7.14378644822136E-5 8.438140606718085E-5 0.0010419202246983847 0.0016687952120704186 1.5488301491002008E-4 -0.0020232206844499174 
0.14689798633046153 8.062356202317721E-4 -0.0027389635830203257 -0.0010158354547763419 8.806822900844274E-5 1.5735639515690897E-4 8.940147643844708E-4 0.0014938359645472784 1.882206978118684E-4 -0.0017630880053728375 
0.22483832751842311 9.990362034193428E-4 -1.8509454646796334E-4 -0.0011957305535267152 9.812340900865898E-5 2.5952274732384787E-4 0.0011030975340762031 0.0016087542242526423 1.5805726679928405E-4 -0.0017601675852601166 
0.7970172401418465 8.054902033661508E-4 -0.0027343649958641103 -0.0012268183685962943 3.813733340991705E-4 -2.814992624697753E-7 8.736692056774831E-4 0.0015791531142826823 1.826808209947762E-4 -0.0017583324454565948 
0.7990878902450552 8.115899897903348E-4 -3.229067707166853E-4 -0.0010945362228668787 1.0024564087190093E-4 -2.970019913124918E-5 9.094628437310771E-4 0.001711517003457595 1.8846076436096297E-4 -0.001763501990221572 
0.22266807843431513 -1.6302361402097435E-4 -0.0027439830659613607 -0.001016920866782525 6.825436275186448E-5 -5.145678385126276E-6 9.06641545117816E-4 0.0015698316290771795 1.924020200713792E-4 -0.0017293706671103982 
0.7063252721664297 8.095298057567146E-4 -0.0024668209231159784 -0.0011888169786215303 8.81401324684053E-5 -5.6483665180479114E-6 9.071235746117669E-4 0.001664382827370845 2.745935344658877E-4 -0.001758927951932849 
0.8956474931566423 8.048528141541934E-4 -0.0026834436839096453 -0.0011267398862016935 6.737345390569747E-5 8.809587778619665E-5 9.144184181556549E-4 0.0016130644245983283 1.9333833627755106E-4 -0.0017504146263970376 
0.010097091607134477 8.117967246257378E-4 -2.0611847023508498E-4 -0.0011265878770886553 8.444964337638067E-5 1.4412102663182146E-4 9.098086155069683E-4 0.0017120201689848303 1.882865963878445E-4 -0.001761978167517291 
0.9434234986001955 8.115611718641203E-4 -4.5138973400276434E-4 -0.001207111209021256 9.014467021150021E-5 -2.8973054603759118E-5 9.034284428583674E-4 0.001534505321702151 1.5451398202999422E-4 -0.0017481386322478094 
0.9931292913415753 8.124108705150001E-4 -1.6359627527747097E-4 -0.001196603111145487 1.0307548509643965E-4 6.82923752694446E-5 0.0010284751297978637 0.0015442586559291944 2.8669357864597714E-4 -0.0020107164703912325 
0.11430322745605992 7.959154670064135E-4 -0.0027407641610308446 -0.0011296688527698644 8.674803608480769E-5 2.4382265008640022E-4 0.0010165627222053358 0.00171087717409791 1.8852584756855976E-4 -0.0017571402682351816 
0.06990041214395026 9.86825296502385E-4 -0.0027305713280929246 -0.001017263467022216 9.778998517202722E-5 2.2765492062662043E-5 9.109459283138011E-4 0.0016642677362871511 2.0460247865083697E-4 -0.0017636292113163566 
0.5924731142209232 7.979150787784493E-4 -2.506936339223622E-4 -0.0012284552327137095 6.654119161770507E-5 -3.194508088301896E-5 0.0010321668017331759 0.002517043174103058 1.8905929921108014E-4 -0.0017465795835263575 
