85345.8643647662 13822.323173823423 0.10149271169356834 1.6502074970906843E-6 82.0 133.0 2.5532467532467535 
98900.72174432581 6500.435639840331 0.1593011305241521 2.201336000468526E-37 120.0 87.0 0.6171428571428571 
140338.93290464173 8520.891087057038 0.1207605359134081 3.285576868213828E-10 163.0 183.0 3.1891663248564397 
85220.0 7326.179594199794 0.2094039061354499 0.07258478945961601 113.0 86.0 0.844927536231884 
83814.83996425213 12730.331550043778 0.08414696813977393 5.425387830447768E-18 87.0 142.0 2.7140369209334727 
110358.8289542931 7936.89149729437 0.14388769737548418 3.679934102197247E-5 157.0 139.0 2.7909382284382285 
96570.0 8937.83687863037 0.19396274887604367 0.0019267822736030828 117.0 109.0 1.3333333333333333 
92357.5312829361 12332.508113911248 0.12140287569469968 0.0 96.0 135.0 2.920300751879699 
97788.27143960349 11521.13870510968 0.10277253058403872 0.0 99.0 134.0 2.5316592087980587 
132407.18288927485 10608.020111558732 0.0751541623843782 2.9647703321110135E-29 123.0 131.0 2.2878799249530957 
101870.70684278151 10796.34760592951 0.09633911368015415 0.0 116.0 130.0 2.495576115061409 
94805.34066615194 11523.868760140938 0.0873662757000947 7.958552593543624E-9 111.0 156.0 2.644307166410825 
74920.0 9158.221548188652 0.2376528174652681 0.18627847515546606 80.0 82.0 0.0 
83440.87301104875 10442.686049027709 0.1740750256937307 0.012846865364850977 78.0 84.0 0.48484848484848486 
105272.67377962636 9422.261541962187 0.2023121387283237 0.0 106.0 111.0 1.7421530698065602 
78630.0 8941.978801544064 0.24985824744062132 0.11689146589047295 119.0 103.0 1.3036924119241193 
121124.57363167526 10599.769712366886 0.09121620757603695 1.814995076825854E-6 123.0 136.0 1.8678795894943918 
106795.0 7414.168935302954 0.14065510597302505 0.03982016698779704 115.0 78.0 0.0 
112285.0 7969.213919421484 0.20041150888378215 0.019272195224170452 113.0 83.0 0.6305147058823529 
98175.75224517602 9065.704951577462 0.12849992508057964 3.2179046193268345E-6 138.0 142.0 1.8019690762521474 
112402.14320567445 9698.22846288816 0.09506680367884152 3.947603584222952E-14 111.0 116.0 2.022222222222222 
110312.70410808886 10089.315866903356 0.12782292578031382 0.0 107.0 117.0 1.7095356037151705 
64480.0 10711.268427383888 0.12268756706379892 0.2582219953701093 57.0 86.0 1.5230769230769232 
106761.07671900796 10838.91314896811 0.09057394681816926 1.814995076825854E-6 109.0 134.0 1.9164321450906816 
159675.0 7797.087318537776 0.24791265253692998 0.05009633911368015 134.0 71.0 0.0 
62875.0 9186.864765374288 0.11947064973933079 0.28387925497752087 65.0 76.0 0.4625 
89358.321809504 10905.309774362124 0.11883350395720786 6.806213076243983E-15 99.0 122.0 1.375047308662742 
112360.4680408451 11791.572354280986 0.09827678732335103 2.9647703321110135E-29 106.0 135.0 2.0750361217140023 
100518.29442593051 12482.564021520457 0.11624919717405266 0.0 91.0 135.0 1.9972757127929541 
92383.79911234291 10315.58264895512 0.17858924557667138 0.005801054264640308 108.0 123.0 1.330345471521942 
86183.91174976126 10718.636248080524 0.1245985870263327 0.0 98.0 120.0 2.3878277451136185 
87750.87161858456 14773.782350116515 0.07965056526207605 7.412878030409893E-30 82.0 139.0 2.4820982938630003 
92518.92735625771 14871.787581114319 0.057810894396163964 0.0 87.0 154.0 2.5039962200083288 
90357.53368921597 15075.298304562477 0.05781287413649133 0.0 87.0 154.0 2.474284844796105 
197754.9125 5938.502787906029 0.34617854849068724 0.0 175.0 104.0 1.8675213675213675 
115420.0 6175.451408341126 0.14836223506743737 0.0 136.0 94.0 1.5418060200668897 
67776.05150213145 9094.030566015546 0.32245632065775937 0.1400308324768756 78.0 81.0 0.6971706454465075 
94375.21309363648 7869.047414960335 0.15608941456411038 0.023124357656682745 122.0 97.0 1.5773109243697478 
57624.94780871414 10868.068636971246 0.1528776978417266 0.2800616649537513 53.0 84.0 0.7304347826086957 
58560.0 9100.07251631617 0.17727659163724518 0.32632283234931725 71.0 81.0 0.0 
90590.0 8894.17923726874 0.12717769671546875 0.014129736726075643 116.0 106.0 2.1173349976595413 
110575.0 6055.734112911768 0.2768401298779309 0.01348747591522158 144.0 78.0 1.0434782608695652 
116708.56879191646 8949.141561322456 0.15478484264611433 0.01348747591522158 106.0 90.0 0.7475609756097561 
66593.2434505079 12122.37627688851 0.14902363823244694 0.1952723535453509 57.0 92.0 0.5193236714975845 
125035.0 8456.362617027617 0.18820657858033282 0.025051387874699984 117.0 88.0 0.19111111111111112 
103885.444300628 10408.500386591206 0.1014771997430957 0.0 105.0 125.0 1.8600050276520863 
139650.0 6097.870650058116 0.15865878463804667 0.0 151.0 91.0 1.8021390374331552 
87875.0 8833.691151272886 0.24855491329479767 0.01991008349389852 105.0 85.0 0.9185185185185185 
88454.1578325418 12919.095699734284 0.08415059674150635 0.0 97.0 149.0 2.845414611798313 
164310.0 5725.238926810833 0.39372185602644644 0.006423185183096829 172.0 80.0 1.0606060606060606 
100215.0 8218.28820631424 0.16957746631415968 0.018627954471673498 100.0 85.0 0.6626373626373626 
61240.0 9074.419053927253 0.16893421678841897 0.2884110548060313 58.0 76.0 0.0 
136160.0 7557.34129030233 0.4271491913578184 0.04624318706535508 122.0 68.0 0.0 
134550.0 5898.285751772249 0.20233812949597405 0.0 146.0 95.0 1.8729542920847269 
152895.0 7272.789797470102 0.20167837622100757 0.06551059730250482 132.0 75.0 0.0 
113230.0 6359.578524369522 0.20041109969167525 1.6494703493127472E-41 130.0 86.0 1.0434782608695652 
72467.05362032546 12149.665272342365 0.12718396711202468 0.17792908530318605 74.0 109.0 1.6036324786324787 
103718.4042560294 8151.404620973122 0.1348747591522158 0.021836865767501604 126.0 97.0 0.7549342105263157 
70389.00402712561 12549.31675772693 0.15480472764645428 0.17792908530318605 63.0 100.0 1.1235600148643625 
120585.0 7659.939090052495 0.31727681438664096 0.16120745022479127 110.0 71.0 0.0 
122591.59923331234 9434.338101586492 0.15159127858726473 1.7968353782124483E-21 117.0 104.0 1.4322344322344323 
69280.15500495896 10876.729751033554 0.16828808087240524 0.2582219953701093 63.0 93.0 1.3394117647058823 
102045.0 7098.640162615892 0.1593011305241521 0.0 109.0 90.0 2.000496894409938 
80270.66880984552 10696.478054238245 0.18884892086330934 0.019270298047276466 75.0 83.0 0.26666666666666666 
45690.0 9551.136247928833 0.18240205523442518 0.4161849710982659 47.0 75.0 0.0 
146116.49926430814 6475.398345062245 0.37127465041751073 0.0 142.0 88.0 1.8748313090418354 
118892.28543291616 9387.642455018811 0.11817597944765575 0.014129736673089274 116.0 103.0 0.9463414634146341 
56245.0 9129.795677861008 0.2389468276741172 0.3326952806045832 65.0 72.0 0.0 
71615.0 10139.092648505897 0.13681763090688442 0.22611176093270874 64.0 93.0 1.7743314033636615 
155815.0 6818.251704208654 0.24277456647398843 0.03275529865125241 150.0 74.0 0.0 
81115.0 8694.487072343267 0.36095054592164416 0.13230571612074501 86.0 77.0 0.0 
76560.0 6685.621427718092 0.1894912626263374 0.23702466905420752 112.0 107.0 2.4074074074074074 
58630.0 6731.644705185679 0.16251284686525186 0.32309866392612596 76.0 83.0 0.0 
109212.51823011653 13319.4662528689 0.044964028776978415 0.0 112.0 173.0 2.5492458347657534 
117940.0 6590.004852009823 0.15801462875942018 0.00899165061014772 133.0 90.0 1.5544871794871795 
89510.0 6323.578057765367 0.19974309569685292 0.14964675658317278 112.0 81.0 1.1333333333333333 
129045.0 7012.114839557101 0.2106885921107233 0.01991264109297626 133.0 79.0 0.0 
165424.43025540275 7742.551332616485 0.35645472061657035 0.0032113037893384713 136.0 85.0 0.7489878542510122 
54480.0 7009.621588219681 0.15285806037251123 0.3519588953114965 72.0 79.0 0.0 
65465.0 7263.1681750560365 0.19848291323648512 0.2762025752841369 94.0 96.0 1.9805068226120857 
128648.08752548555 10139.072560118017 0.09313952661841225 0.0 120.0 111.0 1.8962593413812927 
51535.0 9799.209758974739 0.2530668260562343 0.3506972262337738 55.0 75.0 0.0 
168400.0 5804.951556335339 0.4110946585423651 0.02697816973506249 164.0 73.0 1.0434782608695652 
81751.232 12763.202225258648 0.12076053442959918 0.012846865364850977 81.0 113.0 1.2025974025974024 
91650.0 6355.845539303745 0.1791907514450867 0.023121387283236993 115.0 80.0 1.1682539682539683 
97798.28752613223 13426.669144558855 0.05588386532264821 0.0 103.0 167.0 2.306799635988959 
52355.0 6920.783132530118 0.10918432883750803 0.3815028901734104 66.0 80.0 0.0 
47315.0 8152.990339737324 0.09826589595375723 0.42324983943481054 58.0 77.0 0.0 
62560.0 7450.332030647339 0.17600024027021158 0.3185959077494404 69.0 79.0 1.0666666666666667 
131150.0 5939.878222432235 0.20105038715082485 0.008349389852280027 144.0 82.0 1.0434782608695652 
63160.0 11907.368166655238 0.12270959167457736 0.25823395630105633 59.0 94.0 1.0524886877828055 
169670.0 8302.605011826337 0.3430113052415211 0.009635149023638231 148.0 78.0 0.7051282051282051 
49175.0 8221.987951807227 0.11946050096339114 0.3892100192678227 63.0 74.0 0.0 
137100.0 5784.614771348322 0.17212588310854207 0.006422607578676943 151.0 82.0 1.0606060606060606 
170300.0 5681.256946971262 0.37191675231243576 0.025051387461459407 173.0 80.0 1.0434782608695652 
188275.0 5732.890043251216 0.3827874116891458 0.024405908798972382 167.0 74.0 1.1052631578947367 
68105.0 6746.707025136497 0.16572406814432847 0.2864828698560557 80.0 82.0 1.3974358974358976 
43425.0 9496.724122858308 0.22286448298008993 0.43288375080282593 44.0 70.0 0.0 
53770.0 9793.224983690629 0.2941711865847412 0.351349803723773 55.0 75.0 0.23333333333333334 
71485.0 6472.392185311309 0.1618705035971223 0.2691418293936279 87.0 84.0 1.5666666666666667 
74510.0 11512.93133318655 0.1252408477842004 0.17790622992935132 76.0 109.0 1.6069849690539346 
79815.09935800883 12811.154236050716 0.20105344300226058 0.03275950668036598 70.0 102.0 1.528423189713512 
122615.0 5737.868846381973 0.20423892100192678 0.029543994861913937 143.0 81.0 0.0 
79635.0 6563.703053883293 0.2504816955684008 0.22607578676942838 110.0 92.0 1.7157894736842105 
74455.0 7103.492695613308 0.22607578676942838 0.21772639691714837 86.0 77.0 1.074074074074074 
41825.0 8447.242647058825 0.16249197174052665 0.48233782915863843 46.0 70.0 0.0 
95910.0 6031.320963414549 0.1791907514450867 0.023121387283236993 119.0 77.0 0.19047619047619047 
60835.0 11017.726156775709 0.08349389852280026 0.2999357739242132 58.0 91.0 0.5743589743589743 
159070.0 4558.469236471458 0.4258188824662813 0.0 185.0 82.0 1.0625 
150865.0 5127.868778999426 0.3622350674373796 0.03789338471419396 159.0 77.0 0.0 
82841.96304562509 14898.146256018086 0.20361968096677915 0.03275926361063233 68.0 107.0 1.0330851943755168 
126665.0 5179.047184458455 0.14065510597302505 0.03789338471419396 141.0 79.0 0.0 
