101538.13556426635 13499.751314248206 0.12716763005780346 0.0 108.0 168.0 4.812822115012013 
56865.0 8311.773520358442 0.1721519530378274 0.35003846552066226 54.0 79.0 2.0 
91544.65144022711 18024.165374130018 0.15221579961464354 0.0 108.0 194.0 4.482482544337383 
55005.0 13285.504473362154 0.20745022479126526 0.3018625561978163 53.0 101.0 2.533333333333333 
72175.0 9350.344981978464 0.18432883750802825 0.21901091843288376 81.0 89.0 1.7918660287081338 
73128.83013993989 17479.918041040655 0.07772353545740286 0.11947584789311408 76.0 152.0 2.642777150385846 
78571.71491793508 12697.641751273259 0.16634553628773283 0.1573538856775851 81.0 99.0 0.5535714285714286 
148775.0 6517.792440423554 0.22093770070648683 0.05844572896596018 153.0 84.0 2.0 
101920.0 10814.240077625687 0.13490487157053585 0.010286154598805651 99.0 114.0 3.628990955649994 
127491.33753716724 12332.361307663516 0.2132305716120745 0.008349389852280027 115.0 118.0 1.3525418060200671 
143940.0 7915.718781355467 0.3134635097302299 0.00899280560701479 174.0 114.0 3.0 
69089.5278993651 10681.560923957055 0.23057161207450225 0.23185613359023763 74.0 102.0 2.9825174825174825 
121302.88533089892 11144.6393576551 0.09185508584307964 0.0 139.0 158.0 4.3935289553214085 
112399.69927091597 12379.942226711399 0.13744380218368657 0.0 116.0 161.0 4.70334870443566 
107473.94603045339 13290.980974978227 0.14450867052023122 0.0 109.0 132.0 3.470108695652174 
44135.0 9454.195159014434 0.10855972303175128 0.4309993734141996 57.0 76.0 1.074074074074074 
95440.0 10672.387778196908 0.16634553628773283 0.27681438664097624 101.0 87.0 0.0 
62813.92447220988 13746.294371752167 0.25051387461459407 0.2556526207605344 51.0 91.0 2.2821969696969697 
146860.0 7896.591404974195 0.2466281310211946 0.0 165.0 117.0 4.0 
118816.05803858174 13258.723813987388 0.34425176621708414 0.006422607578676943 126.0 108.0 1.7701549658071396 
119635.0 8035.642790104018 0.31860226119599083 0.06808838582952126 131.0 79.0 0.0 
92962.33892998763 14647.335072198544 0.15159301281023402 4.334841715951796E-9 120.0 197.0 3.9331261331261334 
76210.0 10973.764082903861 0.19524727039177905 0.1329479768786127 84.0 68.0 0.0 
104377.64084507042 12544.88799178298 0.12719452814333543 0.013493911724518753 118.0 163.0 4.221929824561403 
47860.0 7733.454365406831 0.10920198378961897 0.409162507646698 55.0 85.0 2.0 
76101.47789662855 14346.851637844724 0.1181911594064801 0.09892086167716269 80.0 125.0 4.568049155145929 
89044.87920472353 14672.160190702616 0.09828932861405273 1.7079446220819867E-5 103.0 185.0 4.790264345583494 
125784.56262030208 10838.013056801035 0.17533718689788053 0.0 159.0 193.0 3.893528816986856 
135685.0 9002.300098519425 0.2916153414933862 0.04688660282008985 138.0 90.0 1.3181818181818181 
106446.77549924554 10362.737798918923 0.21132895177021832 0.0 137.0 141.0 3.007518796992481 
104270.22316855873 14861.748768552836 0.06363257837350977 6.252391518230011E-10 129.0 224.0 5.24531857031857 
38360.0 11382.78388278388 0.18561335902376364 0.5401412973667309 43.0 72.0 0.0 
52985.0 12032.570538876907 0.25308192741507923 0.3359361231075628 43.0 69.0 0.0 
141350.0 10044.71769665102 0.3969171483622351 0.12010276172125883 129.0 74.0 0.0 
64410.0 10819.534939529913 0.30571612074502247 0.21965317919075145 65.0 72.0 0.0 
95529.1925395112 14393.823605141915 0.14771997430956968 0.0032113037893384713 127.0 169.0 3.550740055504163 
61905.0 10958.855437273603 0.38856775850995506 0.37764932562620424 70.0 73.0 0.0 
115958.60988436053 11883.974902696467 0.25369299935773926 0.0 120.0 138.0 1.9876580987352102 
109660.0 6908.5901047505 0.11113808853793485 0.0 148.0 136.0 4.751217532467533 
87759.00675406576 18025.707794640715 0.041755612850723094 0.0 88.0 196.0 4.468326118326119 
85712.69953183005 14642.96123175102 0.21068792850899393 0.006436385041305575 91.0 126.0 3.3446969696969697 
85155.0 10089.182681785802 0.1914182939363707 0.05010277492297733 102.0 92.0 1.6578947368421053 
41050.0 11733.801447000207 0.19077982500972468 0.4316483991537173 35.0 70.0 0.0 
69465.44584723287 13886.296857101566 0.19527235354573486 0.15480472764645428 71.0 108.0 1.9475108225108224 
82963.17638875477 18045.168497594892 0.13359023763648042 0.00899165061014772 91.0 174.0 3.5272030651340995 
111690.0 9215.351199812942 0.23573997889345752 5.45759598625162E-9 144.0 119.0 3.0363492342897374 
167145.00000000003 8484.077800320445 0.1926782273603083 0.018625561978163133 186.0 135.0 4.742234971707971 
82660.0 10896.815383284384 0.2729608220937701 0.16249197174052665 75.0 74.0 1.0714285714285714 
98947.44060490282 11846.378412193744 0.13042546372092967 4.867486796942064E-6 112.0 145.0 3.876327637416347 
87521.62293191641 12224.71303835828 0.2138728323699422 0.01348747591522158 95.0 114.0 1.0873983739837398 
91854.13961038963 12163.981341371531 0.3616392540535234 0.030832476366907856 97.0 109.0 3.0841750841750843 
47325.0 10392.595053226263 0.26140012845215155 0.42196531791907516 55.0 74.0 2.0 
108351.10195854606 15950.791693636755 0.06555704467651631 3.959989258529136E-6 109.0 211.0 4.914839225814836 
151045.0 9966.135804361304 0.43159922928709055 0.0 139.0 107.0 3.066028708133971 
35860.0 10863.605115868146 0.170199100834939 0.5260115606936416 45.0 72.0 0.2789473684210526 
78965.0 7228.324517766886 0.18948457852308076 0.12461459198291924 84.0 78.0 2.0 
94791.9222548641 17317.432903441448 0.11564134486369704 4.125677635126971E-6 90.0 181.0 3.8513784461152887 
82036.20399483084 15583.468879460517 0.20166987797045602 0.012202954399486191 74.0 120.0 3.441630001876681 
79312.86300767944 16230.501200539777 0.10727190323134737 0.08029208417907316 87.0 158.0 3.0874741200828155 
84161.03903148876 22280.054622599357 0.08671634121274409 0.0 80.0 212.0 4.823528788601091 
99270.0 8508.814370992139 0.2029543994861914 0.04945407835581246 108.0 102.0 3.3305896805896804 
67335.0 12361.955565233931 0.46371226718047526 0.19332048811817598 63.0 69.0 0.0 
99524.54690332693 15517.342415702482 0.06551059730250482 0.0 113.0 201.0 5.6 
153633.23586176822 7577.484701420892 0.379622637773595 4.867486796942064E-6 157.0 97.0 3.4444444444444446 
62410.0 7807.197790749642 0.1907689350392637 0.3179558700447025 61.0 85.0 2.0 
27025.0 11357.60667903525 0.1432428838298453 0.6030828522630041 29.0 70.0 0.0 
85169.53535472423 19081.56566273179 0.04175561256456675 0.0 85.0 204.0 5.118840579710145 
80095.0 10004.64415809535 0.36611181735714826 0.04174703197312182 79.0 70.0 2.071428571428571 
92995.0 7228.324517766886 0.1894669235709698 0.1245985870263327 88.0 87.0 2.0 
73050.0 12076.288004816082 0.20552344251766216 0.10725754656390495 78.0 95.0 3.821548821548822 
122170.0 8782.793221622203 0.43871698289444205 0.08606715717096719 109.0 71.0 1.1538461538461537 
117180.0 8674.809541567887 0.3352601156069364 0.0680796403339756 114.0 88.0 0.0 
58845.0 11126.270672278846 0.1920359666024406 0.3301220295439949 54.0 106.0 2.5269041769041767 
102925.0 6712.910008410428 0.22671804752729607 0.05330764290301863 122.0 78.0 2.0 
101725.88584272677 17025.823359135396 0.04303873075744282 0.0 118.0 238.0 5.0543832278604635 
33290.0 11229.693976294495 0.09763601175211772 0.5729590563717483 34.0 68.0 0.0 
129790.0 10615.579510815562 0.4117118332316524 0.03281857597961266 115.0 83.0 2.0670940170940173 
112420.33632993813 15724.405672997016 0.056518946692357096 0.0 115.0 197.0 3.9471735923489413 
137653.06316420267 11449.37159278128 0.18561335902376364 0.0 151.0 133.0 2.425228702115495 
133045.0 6584.097983488971 0.44704046490273897 0.03789338471419396 136.0 84.0 2.0 
50351.08474576271 10379.936236067593 0.22093770070648683 0.3827874116891458 51.0 87.0 1.7833333333333332 
141570.0 6041.707168283376 0.4258188824662813 0.0 184.0 125.0 4.8125 
59599.10404624278 14869.573064779453 0.24280492639163717 0.2627183923763607 47.0 106.0 2.0 
76530.0 8381.241581721737 0.19460500963391136 0.2119460500963391 74.0 80.0 0.0 
159669.99999999997 7178.108855144755 0.2254335260115607 0.012202954399486191 164.0 99.0 2.658181818181818 
52995.0 9603.590844716527 0.2023121387283237 0.33076429030186255 62.0 82.0 1.1176470588235294 
88795.0 8766.808435672918 0.12910992613664035 0.20231213892969777 98.0 84.0 1.0571428571428572 
87970.51753082912 20650.15146826545 0.06294964028776842 0.0 87.0 208.0 4.754501915708812 
163940.00000000003 5698.050150101182 0.21004302775828723 0.0 181.0 107.0 3.7066666666666666 
86145.0 7554.49633788706 0.23442517662170842 0.07771355170199101 88.0 77.0 1.263157894736842 
112830.0 6791.632657084838 0.15350032113037893 0.04945407835581246 125.0 83.0 2.0 
159070.0 4558.469236471458 0.4258188824662813 0.0 187.0 85.0 4.0625 
45420.0 12967.269251834068 0.21001926782273603 0.4046242774566474 43.0 97.0 2.0 
66760.0 7081.5100250250225 0.16700924878895407 0.2749229210220584 85.0 91.0 2.981746031746032 
30515.0 11171.536929206253 0.17664439786575023 0.5440647482015217 34.0 68.0 0.0 
52355.0 6920.783132530118 0.10918432883750803 0.3815028901734104 68.0 83.0 2.0666666666666664 
106885.0 5846.291226211507 0.1894669235709698 0.03789338471419396 128.0 83.0 3.0606060606060606 
95945.0 6896.604119049372 0.19974309569685292 0.06679511881824021 100.0 83.0 2.0 
129245.0 6437.726403507409 0.1901091843288375 0.10211946050096339 138.0 84.0 2.0 
65610.0 14498.782085036193 0.19974309569685292 0.23057161207450225 55.0 105.0 1.6333333333333333 
69545.69346043927 16898.091840881014 0.19527235354573477 0.1548047276464542 71.0 128.0 2.553571428571429 
82745.0 6964.984852970211 0.13744380218368657 0.1245985870263327 95.0 85.0 2.601754385964912 
136325.0 5645.96403614243 0.19653179190751446 0.0680796403339756 157.0 88.0 2.0666666666666664 
59850.0 6966.621388248515 0.13744380218368657 0.3301220295439949 76.0 98.0 4.033333333333333 
74425.0 6660.283431308721 0.1361592806679512 0.28644829800899163 87.0 106.0 4.457264957264957 
122615.0 5723.979241398242 0.15930113052424735 0.029547790339157238 151.0 96.0 2.6482371794871793 
80696.23437109668 19952.073274334907 0.06487667009249744 4.0950380888265083E-252 89.0 213.0 4.7332504010658845 
40872.80516473358 14992.473759543305 0.09635149023637553 0.48625385405960947 40.0 118.0 3.1392383397518184 
126665.0 5200.879828359177 0.14065510597302505 0.03789338471419396 143.0 83.0 3.051282051282051 
171940.0 5716.017285414575 0.3025423591762428 0.008991650610147724 188.0 106.0 4.272523686477175 
192065.0 5066.794906833013 0.33269107257546565 0.03789338471419396 177.0 95.0 4.444444444444445 
150865.0 5127.868778999426 0.3622350674373796 0.03789338471419396 161.0 87.0 4.0 
