1.3901305198669434 0.7957138419151306 
6.857408443465829E-4 3.997492790222168 
1.3901305198669434 0.7957138419151306 
1.291236162185669 1.5926411151885986 
0.8337187767028809 1.5940781831741333 
0.7357364296913147 2.3905587196350098 
0.39187121391296387 2.3906819820404053 
0.3036329448223114 3.1809701919555664 
0.1080322414636612 3.181182384490967 
0.04230504110455513 3.8943960666656494 
0.04639210179448128 3.842144250869751 
0.33569130301475525 2.746427059173584 
0.7916511297225952 1.7547332048416138 
1.3028812408447266 1.430497169494629 
0.34284406900405884 2.6639904975891113 
0.8197947144508362 1.6118714809417725 
0.051618725061416626 3.7677829265594482 
1.3062361478805542 1.38847815990448 
1.2973159551620483 1.5073339939117432 
0.004853606224060059 3.8957979679107666 
0.7515025734901428 2.1760056018829346 
0.8051416873931885 1.6695499420166016 
1.3194583654403687 1.2223291397094727 
1.3769550323486328 0.8121185898780823 
0.7565348148345947 2.1111347675323486 
0.3518180251121521 2.5758066177368164 
0.7758173942565918 1.8952209949493408 
1.3476593494415283 0.9551727771759033 
0.8000789284706116 1.7092891931533813 
0.06871999055147171 3.5044965744018555 
1.3106329441070557 1.3267793655395508 
0.06043242663145065 3.633733034133911 
0.7801260948181152 1.851546049118042 
0.3272053599357605 2.8520143032073975 
0.7717927098274231 1.935531497001648 
0.31505799293518066 3.0179812908172607 
0.30648598074913025 3.1382386684417725 
0.3322371244430542 2.787242889404297 
0.07440515607595444 3.424165964126587 
1.3532264232635498 0.9179880023002625 
9.232100564986467E-4 3.9622738361358643 
1.295329213142395 1.5342650413513184 
1.3258545398712158 1.1509124040603638 
0.08433710038661957 3.304375648498535 
0.763290286064148 2.0298569202423096 
0.32952651381492615 2.8202781677246094 
0.7430336475372314 2.2888569831848145 
0.00214626407250762 3.9195761680603027 
0.768487274646759 1.969183325767517 
0.3640070855617523 2.4821698665618896 
0.3206172585487366 2.940500259399414 
0.07950237393379211 3.3586041927337646 
0.34694501757621765 2.622431755065918 
0.7408741116523743 2.319499969482422 
0.7839803695678711 1.8190405368804932 
0.7660560011863708 1.9978224039077759 
0.08715402334928513 3.276332139968872 
0.06550946086645126 3.5508155822753906 
0.05372893437743187 3.7367544174194336 
0.7606799602508545 2.061843156814575 
0.07741393893957138 3.3846547603607178 
1.2926379442214966 1.5763909816741943 
0.7488595247268677 2.209916830062866 
0.7454906105995178 2.2537734508514404 
0.3233429193496704 2.9005913734436035 
0.05558614805340767 3.707794189453125 
0.3089195489883423 3.1050126552581787 
0.09962522238492966 3.196634531021118 
1.3344645500183105 1.0650743246078491 
0.3565501868724823 2.5358188152313232 
0.7584241628646851 2.087573766708374 
1.359229564666748 0.8803885579109192 
0.3121897578239441 3.0572898387908936 
0.3746015727519989 2.426403045654297 
1.3421404361724854 0.9964934587478638 
0.09185808897018433 3.2381346225738525 
0.05732230097055435 3.681178331375122 
0.31760814785957336 2.979947805404663 
1.3428364992141724 0.9917534589767456 
1.3123412132263184 1.30734121799469 
0.38473719358444214 2.3969576358795166 
1.3146586418151855 1.2821460962295532 
1.3377103805541992 1.0360664129257202 
1.3287526369094849 1.1211228370666504 
0.0710374191403389 3.468229293823242 
0.09185808897018433 3.2381346225738525 
0.0717543214559555 3.458935260772705 
0.7471405863761902 2.233062505722046 
1.3568470478057861 0.8938189148902893 
0.8025446534156799 1.683783769607544 
0.34567850828170776 2.63559889793396 
0.062515988945961 3.5979504585266113 
0.35614439845085144 2.5400493144989014 
1.3161991834640503 1.2629849910736084 
0.7839803695678711 1.8190405368804932 
0.8308062553405762 1.5948565006256104 
1.3645676374435425 0.8543022871017456 
0.7385281920433044 2.351729393005371 
1.3179608583450317 1.2393940687179565 
0.3714032769203186 2.440373659133911 
