292805.0 22654.20581771937 0.06546644844517185 0.8033083937339256 251.0 117.0 0.0 
303460.0 24575.392999977223 0.08566167874678512 0.7900981996726678 245.0 113.0 0.0 
303315.0 24731.51081574369 0.09641688099134908 0.7848082768295535 248.0 111.0 0.0 
304375.0 24731.49085170931 0.09068856675239655 0.7853343465045592 245.0 111.0 0.0 
298065.0 23102.207381604454 0.07069791910217442 0.7978138882394201 247.0 116.0 0.0 
303460.0 24575.392999977223 0.08566167874678512 0.7900981996726678 245.0 113.0 0.0 
303315.0 24731.51081574369 0.09641688099134908 0.7848082768295535 248.0 111.0 0.0 
290420.0 23695.235126056792 0.0769523030161328 0.8025777414075287 247.0 116.0 0.0 
303460.0 24575.392999977223 0.08566167874678512 0.7900981996726678 245.0 113.0 0.0 
303460.0 24575.392999977223 0.08566167874678512 0.7900981996726678 245.0 113.0 0.0 
292805.0 22654.20581771937 0.06546644844517185 0.8033083937339256 251.0 117.0 0.0 
303460.0 24575.392999977223 0.08566167874678512 0.7900981996726678 245.0 113.0 0.0 
303315.0 24731.51081574369 0.09641688099134908 0.7848082768295535 248.0 111.0 0.0 
290420.0 23695.235126056792 0.0769523030161328 0.8025777414075287 247.0 116.0 0.0 
303460.0 24575.392999977223 0.08566167874678512 0.7900981996726678 245.0 113.0 0.0 
298065.0 23102.207381604454 0.07069791910217442 0.7978138882394201 247.0 116.0 0.0 
292805.0 22654.20581771937 0.06546644844517185 0.8033083937339256 251.0 117.0 0.0 
303460.0 24575.392999977223 0.08566167874678512 0.7900981996726678 245.0 113.0 0.0 
290420.0 23695.235126056792 0.0769523030161328 0.8025777414075287 247.0 116.0 0.0 
292805.0 22654.20581771937 0.06546644844517185 0.8033083937339256 251.0 117.0 0.0 
292805.0 22654.20581771937 0.06546644844517185 0.8033083937339256 251.0 117.0 0.0 
303460.0 24575.392999977223 0.08566167874678512 0.7900981996726678 245.0 113.0 0.0 
303315.0 24731.51081574369 0.09641688099134908 0.7848082768295535 248.0 111.0 0.0 
298065.0 23102.207381604454 0.07069791910217442 0.7978138882394201 247.0 116.0 0.0 
303460.0 24575.392999977223 0.08566167874678512 0.7900981996726678 245.0 113.0 0.0 
298065.0 23102.207381604454 0.07069791910217442 0.7978138882394201 247.0 116.0 0.0 
292805.0 22654.20581771937 0.06546644844517185 0.8033083937339256 251.0 117.0 0.0 
303460.0 24575.392999977223 0.08566167874678512 0.7900981996726678 245.0 113.0 0.0 
290420.0 23695.235126056792 0.0769523030161328 0.8025777414075287 247.0 116.0 0.0 
297115.0 22640.445800534268 0.06666471826046294 0.8005903670797287 266.0 123.0 0.0 
292805.0 22654.20581771937 0.06546644844517185 0.8033083937339256 251.0 117.0 0.0 
303460.0 24575.392999977223 0.08566167874678512 0.7900981996726678 245.0 113.0 0.0 
290420.0 23695.235126056792 0.0769523030161328 0.8025777414075287 247.0 116.0 0.0 
292805.0 22654.20581771937 0.06546644844517185 0.8033083937339256 251.0 117.0 0.0 
292805.0 22654.20581771937 0.06546644844517185 0.8033083937339256 251.0 117.0 0.0 
3803195.0 8964.999097457223 0.41302314706570026 0.1973638064063596 4058.0 188.0 9.107209405501331 
3689390.0 9880.310768971933 0.4207680617255085 0.2078559738134206 3924.0 179.0 7.778073668491787 
3599514.9999999995 9813.766761658364 0.3912497077390694 0.2378127191956979 3828.0 170.0 7.724813339970135 
3267605.0 11409.159103400365 0.4146598082768296 0.2794014496142156 3166.0 169.0 6.538636363636364 
3498355.0 11027.822040922276 0.43143558569090484 0.23608837970540097 3506.0 158.0 7.709081632653062 
2180794.9999999995 12597.711510055196 0.3770166004208557 0.3576981529109189 2249.0 153.0 6.764516129032258 
3803195.0 8964.999097457223 0.41302314706570026 0.1973638064063596 4058.0 188.0 9.107209405501331 
3844674.999999999 9918.092920188461 0.4566869300911854 0.17070960953939676 4097.0 205.0 9.964241468945302 
3496100.0 11734.681670342898 0.42746083703530513 0.2423135375263035 3515.0 185.0 9.087244897959183 
3844674.999999999 9918.092920188461 0.4566869300911854 0.17070960953939676 4097.0 205.0 9.964241468945302 
3844675.0 8430.593770845555 0.4566869300911854 0.17070960953939676 4097.0 177.0 8.826854156296665 
3624475.0 9867.12608676241 0.44265840542436286 0.20066635492167406 3898.0 172.0 7.871965628356605 
3497725.0 11807.578927766044 0.43421206453121347 0.2363514145429039 3499.0 167.0 6.859081632653061 
3689390.0 9868.888677490173 0.4207680617255085 0.2078559738134206 3924.0 161.0 7.724813339970135 
3844675.0 8430.593770845555 0.4566869300911854 0.17070960953939676 4097.0 177.0 8.826854156296665 
3849823.120896198 9414.326284243107 0.4359364040215104 0.17070960953939676 4203.0 201.0 9.550665483584739 
3599515.0 9884.142517249757 0.3912497077390694 0.2378127191956979 3828.0 172.0 7.776854156296665 
3668220.000000001 9803.851062817846 0.44783142389525366 0.19984802431610943 3882.0 171.0 7.810187489629998 
3599514.9999999995 9813.766761658364 0.3912497077390694 0.2378127191956979 3828.0 170.0 7.724813339970135 
3735490.0 9703.223647423732 0.45797287818564414 0.19222001402852468 3924.0 172.0 7.708146673303467 
3668220.000000001 9803.851062817846 0.44783142389525366 0.19984802431610943 3882.0 171.0 7.810187489629998 
288375.0 24550.98504884667 0.08770750526069675 0.7972878185644143 247.0 114.0 0.0 
288375.0 24550.98504884667 0.08770750526069675 0.7972878185644143 247.0 114.0 0.0 
288375.0 24550.98504884667 0.08770750526069675 0.7972878185644143 247.0 114.0 0.0 
287195.0 24342.984614499317 0.08057633855506197 0.7972878185644143 248.0 118.0 0.0 
288375.0 24550.98504884667 0.08770750526069675 0.7972878185644143 247.0 114.0 0.0 
288375.0 24550.98504884667 0.08770750526069675 0.7972878185644143 247.0 114.0 0.0 
288375.0 24550.98504884667 0.08770750526069675 0.7972878185644143 247.0 114.0 0.0 
288375.0 24550.98504884667 0.08770750526069675 0.7972878185644143 247.0 114.0 0.0 
288375.0 24550.98504884667 0.08770750526069675 0.7972878185644143 247.0 114.0 0.0 
288375.0 24550.98504884667 0.08770750526069675 0.7972878185644143 247.0 114.0 0.0 
288375.0 24550.98504884667 0.08770750526069675 0.7972878185644143 247.0 114.0 0.0 
287195.0 24342.984614499317 0.08057633855506197 0.7972878185644143 248.0 118.0 0.0 
288375.0 24550.98504884667 0.08770750526069675 0.7972878185644143 247.0 114.0 0.0 
288375.0 24550.98504884667 0.08770750526069675 0.7972878185644143 247.0 114.0 0.0 
288375.0 24550.98504884667 0.08770750526069675 0.7972878185644143 247.0 114.0 0.0 
292805.0 22654.20581771937 0.06546644844517185 0.8033083937339256 251.0 117.0 0.0 
292805.0 22654.20581771937 0.06546644844517185 0.8033083937339256 251.0 117.0 0.0 
292805.0 22654.20581771937 0.06546644844517185 0.8033083937339256 251.0 117.0 0.0 
292805.0 22654.20581771937 0.06546644844517185 0.8033083937339256 251.0 117.0 0.0 
292805.0 22654.20581771937 0.06546644844517185 0.8033083937339256 251.0 117.0 0.0 
292805.0 22654.20581771937 0.06546644844517185 0.8033083937339256 251.0 117.0 0.0 
288375.0 24550.98504884667 0.08770750526069675 0.7972878185644143 247.0 114.0 0.0 
288375.0 24550.98504884667 0.08770750526069675 0.7972878185644143 247.0 114.0 0.0 
288375.0 24550.98504884667 0.08770750526069675 0.7972878185644143 247.0 114.0 0.0 
288375.0 24550.98504884667 0.08770750526069675 0.7972878185644143 247.0 114.0 0.0 
288375.0 24550.98504884667 0.08770750526069675 0.7972878185644143 247.0 114.0 0.0 
292805.0 22654.20581771937 0.06546644844517185 0.8033083937339256 251.0 117.0 0.0 
288375.0 24550.98504884667 0.08770750526069675 0.7972878185644143 247.0 114.0 0.0 
292805.0 22654.20581771937 0.06546644844517185 0.8033083937339256 251.0 117.0 0.0 
292805.0 22654.20581771937 0.06546644844517185 0.8033083937339256 251.0 117.0 0.0 
292805.0 22654.20581771937 0.06546644844517185 0.8033083937339256 251.0 117.0 0.0 
292805.0 22654.20581771937 0.06546644844517185 0.8033083937339256 251.0 117.0 0.0 
292805.0 22654.20581771937 0.06546644844517185 0.8033083937339256 251.0 117.0 0.0 
292805.0 22654.20581771937 0.06546644844517185 0.8033083937339256 251.0 117.0 0.0 
292805.0 22654.20581771937 0.06546644844517185 0.8033083937339256 251.0 117.0 0.0 
292805.0 22654.20581771937 0.06546644844517185 0.8033083937339256 251.0 117.0 0.0 
292805.0 22654.20581771937 0.06546644844517185 0.8033083937339256 251.0 117.0 0.0 
292805.0 22654.20581771937 0.06546644844517185 0.8033083937339256 251.0 117.0 0.0 
292805.0 22654.20581771937 0.06546644844517185 0.8033083937339256 251.0 117.0 0.0 
292805.0 22654.20581771937 0.06546644844517185 0.8033083937339256 251.0 117.0 0.0 
292805.0 22654.20581771937 0.06546644844517185 0.8033083937339256 251.0 117.0 0.0 
292805.0 22654.20581771937 0.06546644844517185 0.8033083937339256 251.0 117.0 0.0 
297115.0 22640.445800534268 0.06666471826046294 0.8005903670797287 266.0 123.0 0.0 
342425.0 21600.219140736 0.080810147299509 0.7846329202712181 288.0 122.0 1.2777777777777777 
342425.0 21912.938297152457 0.080810147299509 0.7846329202712181 288.0 122.0 1.3846153846153846 
342425.0 21912.938297152457 0.080810147299509 0.7846329202712181 288.0 122.0 1.3846153846153846 
342425.0 21912.938297152457 0.080810147299509 0.7846329202712181 288.0 122.0 1.3846153846153846 
342425.0 21912.938297152457 0.080810147299509 0.7846329202712181 288.0 122.0 1.3846153846153846 
342425.0 21600.219140736 0.080810147299509 0.7846329202712181 288.0 122.0 1.2777777777777777 
289580.0 23301.955306161894 0.069090483984101 0.7980184708908113 252.0 119.0 0.0 
290420.0 23695.235126056792 0.0769523030161328 0.8025777414075287 247.0 116.0 0.0 
290420.0 23695.235126056792 0.0769523030161328 0.8025777414075287 247.0 116.0 0.0 
290420.0 23695.235126056792 0.0769523030161328 0.8025777414075287 247.0 116.0 0.0 
290420.0 23695.235126056792 0.0769523030161328 0.8025777414075287 247.0 116.0 0.0 
292805.0 22654.20581771937 0.06546644844517185 0.8033083937339256 251.0 117.0 0.0 
288375.0 24550.98504884667 0.08770750526069675 0.7972878185644143 247.0 114.0 0.0 
