322385.0 22000.23082889424 0.06312836100070143 0.782733224222586 296.0 111.0 0.0 
322385.0 22000.23082889424 0.06312836100070143 0.782733224222586 296.0 111.0 0.0 
325930.0 22502.23253282881 0.07288987608136545 0.7777063362169745 286.0 111.0 0.0 
325065.0 23176.58327161376 0.08104395604395605 0.7769756838905775 283.0 111.0 0.0 
316525.0 22486.040939750677 0.06923661444938041 0.78369768529343 277.0 111.0 0.0 
316525.0 22486.040939750677 0.06923661444938041 0.78369768529343 277.0 111.0 0.0 
316525.0 22486.040939750677 0.06923661444938041 0.78369768529343 277.0 111.0 0.0 
316525.0 22486.040939750677 0.06923661444938041 0.78369768529343 277.0 111.0 0.0 
316525.0 22486.040939750677 0.06923661444938041 0.78369768529343 277.0 111.0 0.0 
316525.0 22486.040939750677 0.06923661444938041 0.78369768529343 277.0 111.0 0.0 
322385.0 22000.23082889424 0.06312836100070143 0.782733224222586 296.0 111.0 0.0 
322385.0 22000.23082889424 0.06312836100070143 0.782733224222586 296.0 111.0 0.0 
325930.0 22502.23253282881 0.07288987608136545 0.7777063362169745 286.0 111.0 0.0 
316525.0 22486.040939750677 0.06923661444938041 0.78369768529343 277.0 111.0 0.0 
316525.0 22486.040939750677 0.06923661444938041 0.78369768529343 277.0 111.0 0.0 
316525.0 22486.040939750677 0.06923661444938041 0.78369768529343 277.0 111.0 0.0 
322385.0 22000.23082889424 0.06312836100070143 0.782733224222586 296.0 111.0 0.0 
322385.0 22000.23082889424 0.06312836100070143 0.782733224222586 296.0 111.0 0.0 
316525.0 22486.040939750677 0.06923661444938041 0.78369768529343 277.0 111.0 0.0 
322385.0 22000.23082889424 0.06312836100070143 0.782733224222586 296.0 111.0 0.0 
322385.0 22000.23082889424 0.06312836100070143 0.782733224222586 296.0 111.0 0.0 
322385.0 22000.23082889424 0.06312836100070143 0.782733224222586 296.0 111.0 0.0 
325930.0 22502.23253282881 0.07288987608136545 0.7777063362169745 286.0 111.0 0.0 
316525.0 22486.040939750677 0.06923661444938041 0.78369768529343 277.0 111.0 0.0 
316525.0 22486.040939750677 0.06923661444938041 0.78369768529343 277.0 111.0 0.0 
316525.0 22486.040939750677 0.06923661444938041 0.78369768529343 277.0 111.0 0.0 
322385.0 22000.23082889424 0.06312836100070143 0.782733224222586 296.0 111.0 0.0 
322385.0 22000.23082889424 0.06312836100070143 0.782733224222586 296.0 111.0 0.0 
316525.0 22486.040939750677 0.06923661444938041 0.78369768529343 277.0 111.0 0.0 
322385.0 22000.23082889424 0.06312836100070143 0.782733224222586 296.0 111.0 0.0 
322385.0 22000.23082889424 0.06312836100070143 0.782733224222586 296.0 111.0 0.0 
322385.0 22000.23082889424 0.06312836100070143 0.782733224222586 296.0 111.0 0.0 
316525.0 22486.040939750677 0.06923661444938041 0.78369768529343 277.0 111.0 0.0 
322385.0 22000.23082889424 0.06312836100070143 0.782733224222586 296.0 111.0 0.0 
322385.0 22000.23082889424 0.06312836100070143 0.782733224222586 296.0 111.0 0.0 
4094499.999999999 10282.670026801448 0.4672375496843582 0.2062485386953472 3815.0 161.0 7.236253494874185 
3986190.0 9531.685348643641 0.47723287350946925 0.194090483984101 3984.0 159.0 8.505564387917328 
3793535.0000000005 10252.11203439671 0.4622106616787468 0.22235211596913726 3856.0 153.0 7.174831081081081 
2606385.0 12299.764765223956 0.30105798456862287 0.42848375029226093 2291.0 154.0 6.376707872478855 
2339280.0 11292.040425460333 0.2948912789338321 0.4006897357961188 2474.0 155.0 7.223370429252782 
1982855.0 13550.925394819249 0.27405307458498945 0.45586859948562075 2059.0 148.0 5.262339631012682 
4094499.999999999 10282.670026801448 0.4672375496843582 0.2062485386953472 3815.0 161.0 7.236253494874185 
3759360.0 10684.486267226728 0.47439794248304884 0.2154839841010054 3702.0 162.0 7.867078285181733 
2209815.0 12252.11030147003 0.2933130699088146 0.42021276595744683 2293.0 153.0 6.356816375198728 
3759360.0 10684.486267226728 0.47439794248304884 0.2154839841010054 3702.0 162.0 7.867078285181733 
3986189.9999999995 9830.875949546753 0.47723287350946925 0.194090483984101 3984.0 165.0 8.427471081629296 
3793535.0000000005 10252.11203439671 0.4622106616787468 0.22235211596913726 3856.0 153.0 7.174831081081081 
2339280.0 11378.121167619087 0.2948912789338321 0.4006897357961188 2473.0 158.0 7.4339772625011245 
3685835.0 10661.763961990382 0.4644610708440496 0.22752513444002806 3608.0 157.0 7.379923208447071 
3685835.0 10661.763961990382 0.4644610708440496 0.22752513444002806 3608.0 157.0 7.379923208447071 
5116210.887858481 10257.981764576502 0.5575461772270283 0.025514379237783495 5130.0 209.0 8.673421207948062 
3986190.0 9531.685348643641 0.47723287350946925 0.194090483984101 3984.0 159.0 8.505564387917328 
2339280.0 11016.129316867726 0.2948912789338321 0.4006897357961188 2474.0 158.0 7.379923208447071 
4117214.9999999986 10213.23974935658 0.4674129062426935 0.2062485386953472 3854.0 166.0 7.155172413793103 
4117214.9999999986 10213.23974935658 0.4674129062426935 0.2062485386953472 3854.0 166.0 7.155172413793103 
4203475.0 10527.025823360818 0.4858253448678981 0.18707622165068974 3916.0 162.0 7.290307548928238 
316525.0 22486.040939750677 0.06923661444938041 0.78369768529343 277.0 111.0 0.0 
316525.0 22486.040939750677 0.06923661444938041 0.78369768529343 277.0 111.0 0.0 
316525.0 22486.040939750677 0.06923661444938041 0.78369768529343 277.0 111.0 0.0 
316525.0 22486.040939750677 0.06923661444938041 0.78369768529343 277.0 111.0 0.0 
316525.0 22486.040939750677 0.06923661444938041 0.78369768529343 277.0 111.0 0.0 
316525.0 22486.040939750677 0.06923661444938041 0.78369768529343 277.0 111.0 0.0 
316525.0 22486.040939750677 0.06923661444938041 0.78369768529343 277.0 111.0 0.0 
316525.0 22486.040939750677 0.06923661444938041 0.78369768529343 277.0 111.0 0.0 
316525.0 22486.040939750677 0.06923661444938041 0.78369768529343 277.0 111.0 0.0 
316525.0 22486.040939750677 0.06923661444938041 0.78369768529343 277.0 111.0 0.0 
316525.0 22486.040939750677 0.06923661444938041 0.78369768529343 277.0 111.0 0.0 
316525.0 22486.040939750677 0.06923661444938041 0.78369768529343 277.0 111.0 0.0 
316525.0 22486.040939750677 0.06923661444938041 0.78369768529343 277.0 111.0 0.0 
316525.0 22486.040939750677 0.06923661444938041 0.78369768529343 277.0 111.0 0.0 
316525.0 22486.040939750677 0.06923661444938041 0.78369768529343 277.0 111.0 0.0 
322385.0 22000.23082889424 0.06312836100070143 0.782733224222586 296.0 111.0 0.0 
322385.0 22000.23082889424 0.06312836100070143 0.782733224222586 296.0 111.0 0.0 
322385.0 22000.23082889424 0.06312836100070143 0.782733224222586 296.0 111.0 0.0 
322385.0 22000.23082889424 0.06312836100070143 0.782733224222586 296.0 111.0 0.0 
322385.0 22000.23082889424 0.06312836100070143 0.782733224222586 296.0 111.0 0.0 
338835.0 21229.755615778133 0.07137011924245967 0.7728255786766425 307.0 116.0 1.2941176470588236 
316525.0 22486.040939750677 0.06923661444938041 0.78369768529343 277.0 111.0 0.0 
316525.0 22486.040939750677 0.06923661444938041 0.78369768529343 277.0 111.0 0.0 
316525.0 22486.040939750677 0.06923661444938041 0.78369768529343 277.0 111.0 0.0 
316525.0 22486.040939750677 0.06923661444938041 0.78369768529343 277.0 111.0 0.0 
316525.0 22486.040939750677 0.06923661444938041 0.78369768529343 277.0 111.0 0.0 
322385.0 22000.23082889424 0.06312836100070143 0.782733224222586 296.0 111.0 0.0 
316525.0 22486.040939750677 0.06923661444938041 0.78369768529343 277.0 111.0 0.0 
322385.0 22000.23082889424 0.06312836100070143 0.782733224222586 296.0 111.0 0.0 
322385.0 22000.23082889424 0.06312836100070143 0.782733224222586 296.0 111.0 0.0 
322385.0 22000.23082889424 0.06312836100070143 0.782733224222586 296.0 111.0 0.0 
322385.0 22000.23082889424 0.06312836100070143 0.782733224222586 296.0 111.0 0.0 
322385.0 22000.23082889424 0.06312836100070143 0.782733224222586 296.0 111.0 0.0 
322385.0 22000.23082889424 0.06312836100070143 0.782733224222586 296.0 111.0 0.0 
322385.0 22000.23082889424 0.06312836100070143 0.782733224222586 296.0 111.0 0.0 
322385.0 22000.23082889424 0.06312836100070143 0.782733224222586 296.0 111.0 0.0 
322385.0 22000.23082889424 0.06312836100070143 0.782733224222586 296.0 111.0 0.0 
322385.0 22000.23082889424 0.06312836100070143 0.782733224222586 296.0 111.0 0.0 
322385.0 22000.23082889424 0.06312836100070143 0.782733224222586 296.0 111.0 0.0 
322385.0 22000.23082889424 0.06312836100070143 0.782733224222586 296.0 111.0 0.0 
322385.0 22000.23082889424 0.06312836100070143 0.782733224222586 296.0 111.0 0.0 
322385.0 22000.23082889424 0.06312836100070143 0.782733224222586 296.0 111.0 0.0 
322385.0 22000.23082889424 0.06312836100070143 0.782733224222586 296.0 111.0 0.0 
366440.0 20733.490865904594 0.07025952770633621 0.7693768996960486 329.0 116.0 1.2941176470588236 
366440.0 20461.600555730096 0.07025952770633621 0.7693768996960486 329.0 117.0 1.2608695652173914 
366440.0 20733.490865904594 0.07025952770633621 0.7693768996960486 329.0 116.0 1.2941176470588236 
366440.0 20733.490865904594 0.07025952770633621 0.7693768996960486 329.0 116.0 1.2941176470588236 
366440.0 20461.600555730096 0.07025952770633621 0.7693768996960486 329.0 117.0 1.2608695652173914 
382890.0 20158.764906212797 0.07850128594809445 0.7594692541501052 340.0 124.0 2.909502262443439 
316525.0 22486.040939750677 0.06923661444938041 0.78369768529343 277.0 111.0 0.0 
316525.0 22486.040939750677 0.06923661444938041 0.78369768529343 277.0 111.0 0.0 
316525.0 22486.040939750677 0.06923661444938041 0.78369768529343 277.0 111.0 0.0 
316525.0 22486.040939750677 0.06923661444938041 0.78369768529343 277.0 111.0 0.0 
316525.0 22486.040939750677 0.06923661444938041 0.78369768529343 277.0 111.0 0.0 
322385.0 22000.23082889424 0.06312836100070143 0.782733224222586 296.0 111.0 0.0 
316525.0 22486.040939750677 0.06923661444938041 0.78369768529343 277.0 111.0 0.0 
