320645.0 23025.265870013085 0.06526186579378068 0.794657470189385 271.0 121.0 0.0 
318170.0 24247.269580633736 0.06955810147299508 0.7930792611643676 264.0 116.0 0.0 
318170.0 24247.269580633736 0.06955810147299508 0.7930792611643676 264.0 116.0 0.0 
360670.0 23196.271781249226 0.08133621697451485 0.777326397007248 301.0 115.0 0.0 
308700.0 23835.167084489385 0.06096563011456629 0.7984860883797054 259.0 119.0 0.0 
311810.0 24135.543348541305 0.0673076923076923 0.796148000935235 260.0 118.0 0.0 
318170.0 24247.269580633736 0.06955810147299508 0.7930792611643676 264.0 116.0 0.0 
306205.0 24477.917590307643 0.0630114566284779 0.7999766191255553 254.0 119.0 0.0 
306205.0 24477.917590307643 0.0630114566284779 0.7999766191255553 254.0 119.0 0.0 
306205.0 24477.917590307643 0.0630114566284779 0.7999766191255553 254.0 119.0 0.0 
320645.0 23025.265870013085 0.06526186579378068 0.794657470189385 271.0 121.0 0.0 
318170.0 24247.269580633736 0.06955810147299508 0.7930792611643676 264.0 116.0 0.0 
318170.0 24247.269580633736 0.06955810147299508 0.7930792611643676 264.0 116.0 0.0 
308700.0 23835.167084489385 0.06096563011456629 0.7984860883797054 259.0 119.0 0.0 
311810.0 24135.543348541305 0.0673076923076923 0.796148000935235 260.0 118.0 0.0 
306205.0 24477.917590307643 0.0630114566284779 0.7999766191255553 254.0 119.0 0.0 
320645.0 23025.265870013085 0.06526186579378068 0.794657470189385 271.0 121.0 0.0 
318170.0 24247.269580633736 0.06955810147299508 0.7930792611643676 264.0 116.0 0.0 
308700.0 23835.167084489385 0.06096563011456629 0.7984860883797054 259.0 119.0 0.0 
320645.0 23025.265870013085 0.06526186579378068 0.794657470189385 271.0 121.0 0.0 
320645.0 23025.265870013085 0.06526186579378068 0.794657470189385 271.0 121.0 0.0 
318170.0 24247.269580633736 0.06955810147299508 0.7930792611643676 264.0 116.0 0.0 
318170.0 24247.269580633736 0.06955810147299508 0.7930792611643676 264.0 116.0 0.0 
308700.0 23835.167084489385 0.06096563011456629 0.7984860883797054 259.0 119.0 0.0 
311810.0 24135.543348541305 0.0673076923076923 0.796148000935235 260.0 118.0 0.0 
306205.0 24477.917590307643 0.0630114566284779 0.7999766191255553 254.0 119.0 0.0 
320645.0 23025.265870013085 0.06526186579378068 0.794657470189385 271.0 121.0 0.0 
318170.0 24247.269580633736 0.06955810147299508 0.7930792611643676 264.0 116.0 0.0 
308700.0 23835.167084489385 0.06096563011456629 0.7984860883797054 259.0 119.0 0.0 
320645.0 23025.265870013085 0.06526186579378068 0.794657470189385 271.0 121.0 0.0 
320645.0 23025.265870013085 0.06526186579378068 0.794657470189385 271.0 121.0 0.0 
318170.0 24247.269580633736 0.06955810147299508 0.7930792611643676 264.0 116.0 0.0 
308700.0 23835.167084489385 0.06096563011456629 0.7984860883797054 259.0 119.0 0.0 
320645.0 23025.265870013085 0.06526186579378068 0.794657470189385 271.0 121.0 0.0 
320645.0 23025.265870013085 0.06526186579378068 0.794657470189385 271.0 121.0 0.0 
3823024.9999999995 7740.863706004487 0.4067103109656301 0.2580079494973112 3705.0 157.0 8.544852830567116 
3823025.000000001 7840.385009337111 0.4067103109656301 0.2580079494973112 3705.0 165.0 8.733490447776163 
3917175.0 8205.700243810988 0.41597498246434417 0.24611292962356793 3799.0 169.0 8.694512694512694 
2797345.0000000005 9667.759469497852 0.29214402618657936 0.38970072480710777 2586.0 153.0 7.357175951461666 
3070970.000000001 9542.467891966311 0.38370937573065234 0.3362462006079027 2853.0 151.0 7.694512694512694 
2185935.0 9725.503719779455 0.20449497311199438 0.4870820668693009 1948.0 152.0 7.43058968058968 
3823025.0 7873.347632606448 0.4067103109656301 0.2580079494973112 3705.0 179.0 8.777064634207491 
3917174.9999999995 7726.062269722899 0.41597498246434417 0.24611292962356793 3799.0 168.0 8.606077320363033 
2797345.0000000005 9668.9202371513 0.29214402618657936 0.38970072480710777 2586.0 152.0 7.43880860452289 
3917174.9999999995 7685.904374278299 0.41597498246434417 0.24611292962356793 3799.0 159.0 8.544852830567116 
3823024.9999999995 7740.863706004487 0.4067103109656301 0.2580079494973112 3705.0 157.0 8.544852830567116 
3823025.0000000005 7950.623290733723 0.4067103109656301 0.2580079494973112 3705.0 174.0 8.761353189924618 
3070970.000000001 9542.467891966311 0.38370937573065234 0.3362462006079027 2853.0 151.0 7.694512694512694 
3917174.9999999995 7834.48646933204 0.41597498246434417 0.24611292962356793 3799.0 180.0 8.777064634207491 
3823025.0000000005 7950.623290733723 0.4067103109656301 0.2580079494973112 3705.0 174.0 8.761353189924618 
3917175.0 7662.811746825027 0.41597498246434417 0.24611292962356793 3799.0 162.0 8.328085042370756 
3917175.0000000005 7707.227589765892 0.41597498246434417 0.24611292962356793 3799.0 164.0 8.3723110865968 
3823025.0 7873.347632606448 0.4067103109656301 0.2580079494973112 3705.0 179.0 8.777064634207491 
3917174.9999999995 7658.529218028793 0.41597498246434417 0.24611292962356793 3799.0 160.0 8.478112620969764 
3917174.9999999995 7658.529218028793 0.41597498246434417 0.24611292962356793 3799.0 160.0 8.478112620969764 
6052330.0 7197.319357751522 0.629383913958382 0.03819850362403554 5886.0 158.0 8.453151927437641 
306205.0 24477.917590307643 0.0630114566284779 0.7999766191255553 254.0 119.0 0.0 
306205.0 24477.917590307643 0.0630114566284779 0.7999766191255553 254.0 119.0 0.0 
306205.0 24477.917590307643 0.0630114566284779 0.7999766191255553 254.0 119.0 0.0 
306205.0 24477.917590307643 0.0630114566284779 0.7999766191255553 254.0 119.0 0.0 
306205.0 24477.917590307643 0.0630114566284779 0.7999766191255553 254.0 119.0 0.0 
306205.0 24477.917590307643 0.0630114566284779 0.7999766191255553 254.0 119.0 0.0 
306205.0 24477.917590307643 0.0630114566284779 0.7999766191255553 254.0 119.0 0.0 
306205.0 24477.917590307643 0.0630114566284779 0.7999766191255553 254.0 119.0 0.0 
306205.0 24477.917590307643 0.0630114566284779 0.7999766191255553 254.0 119.0 0.0 
306205.0 24477.917590307643 0.0630114566284779 0.7999766191255553 254.0 119.0 0.0 
306205.0 24477.917590307643 0.0630114566284779 0.7999766191255553 254.0 119.0 0.0 
306205.0 24477.917590307643 0.0630114566284779 0.7999766191255553 254.0 119.0 0.0 
306205.0 24477.917590307643 0.0630114566284779 0.7999766191255553 254.0 119.0 0.0 
306205.0 24477.917590307643 0.0630114566284779 0.7999766191255553 254.0 119.0 0.0 
306205.0 24477.917590307643 0.0630114566284779 0.7999766191255553 254.0 119.0 0.0 
320645.0 23025.265870013085 0.06526186579378068 0.794657470189385 271.0 121.0 0.0 
320645.0 23025.265870013085 0.06526186579378068 0.794657470189385 271.0 121.0 0.0 
320645.0 23025.265870013085 0.06526186579378068 0.794657470189385 271.0 121.0 0.0 
320645.0 23025.265870013085 0.06526186579378068 0.794657470189385 271.0 121.0 0.0 
320645.0 23025.265870013085 0.06526186579378068 0.794657470189385 271.0 121.0 0.0 
335240.0 22645.11164899535 0.06894435351882161 0.7908580780921206 285.0 122.0 0.0 
306205.0 24477.917590307643 0.0630114566284779 0.7999766191255553 254.0 119.0 0.0 
306205.0 24477.917590307643 0.0630114566284779 0.7999766191255553 254.0 119.0 0.0 
306205.0 24477.917590307643 0.0630114566284779 0.7999766191255553 254.0 119.0 0.0 
306205.0 24477.917590307643 0.0630114566284779 0.7999766191255553 254.0 119.0 0.0 
306205.0 24477.917590307643 0.0630114566284779 0.7999766191255553 254.0 119.0 0.0 
314305.0 23492.792842723047 0.06526186579378068 0.794657470189385 265.0 118.0 0.0 
306205.0 24477.917590307643 0.0630114566284779 0.7999766191255553 254.0 119.0 0.0 
320645.0 23025.265870013085 0.06526186579378068 0.794657470189385 271.0 121.0 0.0 
320645.0 23025.265870013085 0.06526186579378068 0.794657470189385 271.0 121.0 0.0 
320645.0 23025.265870013085 0.06526186579378068 0.794657470189385 271.0 121.0 0.0 
320645.0 23025.265870013085 0.06526186579378068 0.794657470189385 271.0 121.0 0.0 
320645.0 23025.265870013085 0.06526186579378068 0.794657470189385 271.0 121.0 0.0 
320645.0 23025.265870013085 0.06526186579378068 0.794657470189385 271.0 121.0 0.0 
320645.0 23025.265870013085 0.06526186579378068 0.794657470189385 271.0 121.0 0.0 
320645.0 23025.265870013085 0.06526186579378068 0.794657470189385 271.0 121.0 0.0 
320645.0 23025.265870013085 0.06526186579378068 0.794657470189385 271.0 121.0 0.0 
320645.0 23025.265870013085 0.06526186579378068 0.794657470189385 271.0 121.0 0.0 
320645.0 23025.265870013085 0.06526186579378068 0.794657470189385 271.0 121.0 0.0 
320645.0 23025.265870013085 0.06526186579378068 0.794657470189385 271.0 121.0 0.0 
320645.0 23025.265870013085 0.06526186579378068 0.794657470189385 271.0 121.0 0.0 
320645.0 23025.265870013085 0.06526186579378068 0.794657470189385 271.0 121.0 0.0 
320645.0 23025.265870013085 0.06526186579378068 0.794657470189385 271.0 121.0 0.0 
363360.0 21416.638465270145 0.07131166705634791 0.7825578676642506 312.0 127.0 1.2777777777777777 
363360.0 21416.638465270145 0.07131166705634791 0.7825578676642506 312.0 127.0 1.2777777777777777 
363360.0 21416.638465270145 0.07131166705634791 0.7825578676642506 312.0 127.0 1.2777777777777777 
370300.0 21416.638465270145 0.07131166705634791 0.7825578676642506 316.0 130.0 1.2777777777777777 
363360.0 21416.638465270145 0.07131166705634791 0.7825578676642506 312.0 127.0 1.2777777777777777 
403150.0 21109.285978050757 0.08379120879120878 0.7713935001169043 351.0 127.0 1.2777777777777777 
308700.0 23835.167084489385 0.06096563011456629 0.7984860883797054 259.0 119.0 0.0 
308700.0 23835.167084489385 0.06096563011456629 0.7984860883797054 259.0 119.0 0.0 
308700.0 23835.167084489385 0.06096563011456629 0.7984860883797054 259.0 119.0 0.0 
308700.0 23835.167084489385 0.06096563011456629 0.7984860883797054 259.0 119.0 0.0 
308700.0 23835.167084489385 0.06096563011456629 0.7984860883797054 259.0 119.0 0.0 
320645.0 23025.265870013085 0.06526186579378068 0.794657470189385 271.0 121.0 0.0 
306205.0 24477.917590307643 0.0630114566284779 0.7999766191255553 254.0 119.0 0.0 
