[20, 4, 23, 9, 1, 14, 11, 17, 22, 0, 18, 13, 6, 15, 29][2, 15, 21, 6, 13, 0, 12, 18, 19, 17, 11, 14, 9, 3, 23][23, 9, 14, 20, 24, 7, 27, 10, 29, 2, 6, 5, 15, 16, 28][7, 27, 29, 10, 15, 21, 5, 6, 13, 18, 22, 17, 19, 0, 26][8, 26, 0, 13, 6, 5, 21, 15, 10, 16, 2, 27, 7, 14, 23][2, 15, 21, 5, 6, 13, 0, 28, 25, 7, 20, 24, 1, 3, 4][7, 28, 17, 11, 25, 22, 0, 18, 13, 6, 5, 21, 10, 15, 16][14, 23, 1, 4, 24, 20, 7, 28, 25, 0, 22, 19, 12, 8, 26][8, 26, 0, 28, 17, 19, 22, 25, 11, 3, 9, 14, 4, 20, 23][11, 14, 24, 23, 3, 9, 1, 4, 7, 16, 27, 15, 2, 10, 29][7, 27, 29, 10, 16, 28, 25, 22, 19, 0, 18, 17, 12][9, 1, 3, 14] 
[11, 17, 28, 25, 0, 26, 8, 19, 12, 22, 18, 13][9, 3, 14, 24, 1, 23, 20, 7, 27, 2, 29][4, 20, 14, 1, 3, 24, 7, 16][7, 16, 27, 15, 29][5, 21, 10, 6][16, 28][2, 10][15, 29][15, 29][17, 19][17, 19][2, 10] 
[20, 23, 4, 14, 1, 9, 3, 24, 7, 2, 29][11, 17, 28, 25, 0, 26, 8, 19, 12, 22][15, 29][10, 21][15, 27][16, 27][16, 28][6, 13][13, 18][10, 27][5, 6][5, 21] 
[1, 24, 20, 7, 16, 6, 5, 21][2, 10, 15, 16, 28, 25, 22][8, 19, 12, 22][13, 0, 22, 17][14, 11, 25][9, 3, 11][0, 26][4, 7][2, 29][23, 24][18, 22][10, 27] 
[9, 1, 3, 23, 14, 11, 25, 0, 13, 18, 19, 17, 12, 8, 26][11, 14, 24, 23, 3, 9, 1, 4, 7, 16, 27, 15, 2, 10, 29][7, 27, 29, 10, 15, 21, 5, 6, 13, 18, 22, 17, 19, 0, 26][14, 23, 1, 4, 24, 20, 7, 28, 25, 0, 22, 19, 12, 8, 26][5, 15, 29, 2, 21, 10, 16, 6, 13, 0, 17, 18, 12, 22, 25][18, 0, 22, 17, 11, 14, 1, 9, 23, 4, 20][0, 26, 8][12, 17, 18][1, 9][0, 12][17, 18][12, 18] 
[9, 23, 1, 4, 24, 7, 25, 28, 16, 27, 2, 10, 15, 6, 13][17, 22, 12, 8, 19, 18, 0, 28, 25, 11, 14, 20, 24, 4, 23][10, 15, 16, 28, 25, 22, 18, 19, 17, 0, 12][15, 5, 21][23, 24][8, 26][10, 29][3, 9][12, 18][17, 18][1, 9][15, 16] 
[8, 12, 17, 22, 0, 28, 7, 2, 6, 16, 27, 15, 5, 21, 10][11, 14, 24, 23, 3, 9, 1, 4, 7, 16, 27, 15, 2, 10, 29][5, 21, 6, 13, 18, 0, 22, 17, 11, 14, 1, 9, 23, 4, 20][6, 5, 15, 2, 7, 16, 28, 25, 22, 19, 12, 17, 0, 18, 13][5, 15, 29, 2, 21, 10, 16, 6, 13, 0, 17, 18, 12, 22, 25][3, 1, 14, 11, 17, 28, 25, 0, 26, 8, 19, 12, 22, 18, 13][15, 10, 7, 20, 14, 11, 25, 22, 0, 26, 8, 19, 12, 17, 18][6, 5, 21, 15, 29, 2, 7, 24, 3, 9, 1, 14, 4, 23, 20][25, 0, 26, 8, 12, 18, 22, 17, 28, 7, 10, 2, 27, 15, 29][9, 1, 3, 23, 14, 11, 25, 0, 13, 18, 19, 17, 12, 8, 26][0, 22, 12, 18, 17, 11, 3, 9, 14, 24, 20, 4][13, 18] 
[5, 21, 15, 29, 2, 10, 16, 6, 13, 18, 12, 22, 17, 19, 8][12, 8, 26, 0, 17, 28, 16, 15, 2, 6, 5, 21, 10, 27, 29][11, 17, 28, 25, 0, 26, 8, 19, 12, 22, 18, 13][5, 15, 29, 2, 10, 27, 16, 7, 20, 14, 11][3, 4, 20, 23, 9, 1, 14, 24][10, 15, 5, 21][17, 19][5, 15][11, 14][8, 19][8, 26][8, 19] 
[5, 21, 15, 29, 2, 7, 24, 3, 9, 1, 14, 4, 23, 20][11, 17, 28, 25, 0, 26, 8, 19, 12, 22, 18, 13][10, 6, 21][10, 27, 16][16, 28][18, 22][8, 19][1, 9][25, 28][12, 19][15, 29][1, 9] 
[18, 22, 12, 19, 8, 26, 0, 28, 17, 11, 25][4, 7, 10, 6, 16, 2, 29, 27, 15, 21, 5][9, 14, 20, 24][8, 26][13, 18][3, 11][1, 3][1, 9][14, 23][7, 24][8, 26][8, 26] 
[11, 17, 28, 25, 0, 26, 8, 19, 12, 22, 18][5, 15, 29, 2, 10, 27, 16, 7, 20, 14][2, 10, 15, 16, 28, 25, 22][7, 4, 24, 1, 9, 3, 23][15, 6, 13, 0, 22, 17][15, 10, 6, 21][17, 22][1, 9][1, 9][12, 19][1, 9][12, 19] 
[4, 1, 9, 23, 3, 24, 7, 16, 27, 10, 2, 29, 15, 5, 21][9, 23, 1, 4, 24, 7, 25, 28, 16, 27, 2, 10, 15, 6, 13][20, 14, 11, 25, 28, 0, 18, 19, 8, 12, 22][23, 24][8, 26][4, 7][3, 9][12, 18][17, 18][0, 17][1, 9][15, 16] 
[10, 29, 15, 2, 21, 5, 6, 13, 0, 18, 22, 17][4, 24, 7, 25, 28, 16, 27][9, 1, 3, 23, 14, 11, 25][8, 19, 12, 22, 0, 25][6, 5, 21][12, 18][3, 11][17, 18][20, 24][8, 26][5, 6][5, 6] 
[16, 27, 10, 6, 13, 0, 12, 18, 19, 17, 11, 14, 9, 3, 23][8, 12, 19, 22, 0, 25, 28, 7, 20, 24, 4, 1, 23, 14][3, 4, 24, 7, 20, 14, 11, 17, 22, 0, 13, 18, 19][10, 16, 28, 25, 7, 4, 24, 1, 3, 14, 9, 23][7, 25, 28, 0, 17, 19][2, 15, 21, 5][15, 16][8, 12][2, 29][13, 18][14, 23][8, 26] 
[2, 15, 21, 6, 13, 0, 12, 18, 19, 17, 11, 14, 9, 3, 23][23, 9, 14, 20, 24, 7, 27, 10, 29, 2, 6, 5, 15, 16, 28][7, 27, 29, 10, 15, 21, 5, 6, 13, 18, 22, 17, 19, 0, 26][2, 15, 21, 5, 6, 13, 0, 28, 25, 7, 20, 24, 1, 3, 4][8, 19, 17, 28, 16, 2, 7, 20, 23, 4, 14, 24, 3, 1, 9][8, 26, 0, 18, 13, 6, 16, 10, 29, 27, 7, 25, 11, 14, 20][11, 14, 24, 23, 3, 9, 1, 4, 7, 16, 27, 15, 2, 10, 29][8, 12, 19, 22, 0, 25, 28, 7, 20, 24, 4, 1, 23, 14][7, 27, 29, 10, 16, 28, 25, 22, 19, 0, 18, 17][16, 15, 10, 21, 5, 6, 13, 18][7, 14, 23][4, 20] 
[16, 27, 10, 6, 13, 0, 12, 18, 19, 17, 11, 14, 9, 3, 23][14, 23, 1, 4, 24, 20, 7, 28, 25, 0, 22, 19, 12, 8, 26][8, 26, 0, 18, 13, 6, 16, 10, 29, 27, 7, 25, 11, 3, 24][7, 27, 29, 10, 16, 28, 25, 22, 19, 0, 18, 17, 12, 8][2, 15, 21, 5][7, 27, 29][17, 22][9, 23][4, 7][15, 16][1, 9][11, 14] 
[5, 21, 15, 29, 2, 7, 24, 3, 9, 1, 14, 4, 23, 20][11, 17, 28, 25, 0, 26, 8, 19, 12, 22, 18, 13][3, 23, 20, 24, 7, 16, 15, 6, 2, 21, 5][9, 14, 4, 20, 7, 27, 2, 10][7, 27, 10, 16, 2, 15, 29][16, 28][17, 18][17, 19][16, 27][5, 6][10, 21][15, 29] 
[23, 9, 14, 3, 1, 24, 4, 7, 25][14, 11, 17, 19, 8, 12, 0, 18, 22][18, 17, 22, 25, 11, 14, 24, 20][18, 13, 6, 16, 7, 28, 0, 25][1, 4, 7, 27, 10, 6, 21][23, 24, 7, 2, 27][2, 15, 21, 5][10, 2, 29][8, 26][2, 29][12, 19][15, 16] 
[16, 27, 10, 6, 13, 0, 12, 18, 19, 17, 11, 14, 9, 3, 23][7, 4, 1, 3, 11, 17, 28, 25, 0, 26, 8, 19, 12, 22, 18][24, 3, 11, 25, 7, 27, 29, 10, 16, 6, 13, 18, 0, 26][9, 1, 24, 4, 20, 14, 7, 25][2, 10, 15, 16, 28, 25, 22][2, 15, 21, 5][18, 22, 12, 19][7, 27, 29][7, 27, 29][12, 19][1, 9][4, 7] 
[5, 21, 15, 6, 16, 27, 29, 10, 7, 4, 14, 1, 3, 23, 9][9, 23, 1, 4, 24, 7, 25, 28, 16, 27, 2, 10, 15, 6, 13][5, 21, 6, 2, 10, 15, 16, 28, 25, 22, 18, 19, 17, 0, 12][17, 22, 12, 8, 19, 18, 0, 28, 25, 11, 14, 20, 24, 4, 23][8, 12, 17, 19, 18, 13, 0, 25, 11, 14, 23, 3, 1, 9][9, 3, 4, 20, 24][15, 5, 21][18, 12, 19][23, 24][8, 26][17, 18][15, 16] 
[23, 3, 9, 14, 11, 17, 19, 18, 12, 0, 13, 6, 10, 27][15, 10, 21, 5, 6, 13, 18, 22, 12, 17, 11, 14, 24][8, 12, 19, 22, 0, 25, 28, 7, 20][27, 29][3, 9][2, 15][8, 26][4, 7][3, 9][15, 16][3, 9][1, 9] 
[20, 4, 23, 9, 1, 14, 11, 17, 22, 0, 18, 13, 6, 15, 29][2, 15, 21, 6, 13, 0, 12, 18, 19, 17, 11, 14, 9, 3, 23][23, 9, 14, 20, 24, 7, 27, 10, 29, 2, 6, 5, 15, 16, 28][7, 27, 29, 10, 15, 21, 5, 6, 13, 18, 22, 17, 19, 0, 26][8, 26, 0, 13, 6, 5, 21, 15, 10, 16, 2, 27, 7, 14, 23][2, 15, 21, 5, 6, 13, 0, 28, 25, 7, 20, 24, 1, 3, 4][7, 28, 17, 11, 25, 22, 0, 18, 13, 6, 5, 21, 10, 15, 16][14, 23, 1, 4, 24, 20, 7, 28, 25, 0, 22, 19, 12, 8, 26][8, 26, 0, 28, 17, 19, 22, 25, 11, 3, 9, 14, 4, 20, 23][11, 14, 24, 23, 3, 9, 1, 4, 7, 16, 27, 15, 2, 10, 29][7, 27, 29, 10, 16, 28, 25, 22, 19, 0, 18, 17, 12, 8, 26][9, 1, 3, 14] 
[11, 17, 28, 25, 0, 26, 8, 19, 12, 22, 18, 13][9, 3, 14, 24, 1, 23, 20, 7, 27, 2, 29][4, 20, 14, 1, 3, 24, 7, 16][1, 24, 20, 7, 16, 27, 15, 29][5, 21, 10, 6][16, 28][2, 10][15, 29][15, 29][17, 19][17, 19][2, 10] 
[11, 17, 28, 25, 0, 26, 8, 19, 12, 22, 18][2, 7, 24, 3, 9, 1, 14, 4, 23, 20][5, 21][10, 21][6, 13][10, 27][16, 27][15, 27][2, 15][6, 10][13, 18][15, 29] 
[1, 24, 20, 7, 16, 6, 5, 21][2, 10, 15, 16, 28, 25, 22][22, 12, 19, 8, 26][13, 0, 22, 17][14, 11, 25][3, 9][2, 29][10, 27][23, 24][18, 22][4, 7][1, 9] 
[9, 1, 3, 23, 14, 11, 25, 0, 13, 18, 19, 17, 12, 8, 26][11, 14, 24, 23, 3, 9, 1, 4, 7, 16, 27, 15, 2, 10, 29][7, 27, 29, 10, 15, 21, 5, 6, 13, 18, 22, 17, 19, 0, 26][5, 15, 29, 2, 21, 10, 16, 6, 13, 0, 17, 18, 12, 22, 25][8, 12, 19, 22, 0, 25, 28, 7, 20, 24, 4, 1, 23, 14][18, 0, 22, 17, 11, 14, 1, 9, 23, 4, 20][0, 26, 8][12, 17, 18][1, 9][0, 12][17, 18][12, 18] 
[9, 23, 1, 4, 24, 7, 25, 28, 16, 27, 2, 10, 15, 6, 13][17, 22, 12, 8, 19, 18, 0, 28, 25, 11, 14, 20, 24, 4, 23][7, 16, 27, 10, 2, 29, 15, 5, 21][12, 17, 18][23, 24][8, 26][4, 7][3, 9][12, 18][0, 17][1, 9][15, 16] 
[5, 21, 15, 16, 10, 29, 2, 6, 13, 18, 19, 17, 12, 8, 26][14, 23, 1, 4, 24, 20, 7, 28, 25, 0, 22, 19, 12, 8, 26][24, 23, 9, 1, 3, 14, 11, 17, 18, 0, 19, 22, 12, 8, 26][11, 14, 24, 23, 3, 9, 1, 4, 7, 16, 27, 15, 2, 10, 29][24, 3, 14, 11, 25, 7, 28, 17, 0, 13, 6, 5, 21, 2, 29][20, 4, 23, 9, 1, 14, 11, 17, 22, 0, 18, 13, 6, 15, 29][9, 3, 23, 24, 20, 14, 1, 4, 7, 28, 0, 22, 17, 18, 13][8, 26, 0, 28, 17, 19, 22, 25, 11, 3, 9, 14, 4, 20, 23][5, 15, 29, 2, 10, 27, 16, 7, 20, 14, 23, 4, 1, 3, 9][8, 26, 0, 13, 6, 5, 21, 15, 10, 16, 2, 27, 7, 14, 23][5, 21, 10, 16, 27, 15, 29, 2, 6, 13, 18, 22, 19, 12, 8][4, 24, 23, 9, 1, 3, 11, 17, 0, 22, 18, 13, 6, 5, 15] 
[5, 21, 15, 29, 2, 10, 16, 6, 13, 18, 12, 22, 17, 19, 8][12, 8, 26, 0, 17, 28, 16, 15, 2, 6, 5, 21, 10, 27, 29][11, 17, 28, 25, 0, 26, 8, 19, 12, 22, 18, 13][5, 15, 29, 2, 10, 27, 16, 7, 20, 14, 11][3, 4, 20, 23, 9, 1, 14, 24][5, 15, 29][17, 19][5, 21][11, 14][8, 19][8, 26][8, 19] 
[5, 21, 15, 29, 2, 7, 24, 3, 9, 1, 14, 4, 23, 20][11, 17, 28, 25, 0, 26, 8, 19, 12, 22, 18, 13][10, 27, 16][2, 7][6, 13][25, 28][0, 26][15, 29][8, 26][10, 21][8, 19][16, 28] 
[11, 17, 28, 25, 0, 26, 8, 19, 12, 22, 18][5, 15, 29, 2, 10, 27, 16, 7, 20, 14][7, 27, 2, 16, 15, 10, 6, 21][7, 4, 24, 1, 9, 3, 23][15, 6, 13, 0, 22, 17][15, 16, 28, 25, 22][17, 22][1, 9][1, 9][12, 19][1, 9][12, 19] 
[5, 21, 15, 6, 16, 27, 29, 10, 7, 4, 14, 1, 3, 23, 9][6, 15, 10, 2, 27, 16, 28, 25, 7, 24, 4, 1, 23, 9][3, 23, 20, 14, 4, 24, 7, 27, 15, 16][8, 12, 17, 19, 18, 13, 0, 25, 11][12, 0, 17, 19, 18, 22, 25][23, 24][8, 26][5, 21][3, 9][12, 18][17, 18][4, 23] 
[10, 29, 15, 2, 21, 5, 6, 13, 0, 18, 22, 17][4, 24, 7, 25, 28, 16, 27][9, 1, 3, 23, 14, 11, 25][8, 19, 12, 22, 0, 25][12, 18][3, 11][17, 18][20, 24][8, 26][5, 6][5, 21][5, 6] 
[16, 27, 10, 6, 13, 0, 12, 18, 19, 17, 11, 14, 9, 3, 23][3, 4, 24, 7, 20, 14, 11, 17, 22, 0, 13, 18, 19, 8, 26][8, 12, 19, 22, 0, 25, 28, 7, 20, 24, 4, 1, 23, 14][10, 16, 28, 25, 7, 4, 24, 1, 3, 14, 9, 23][8, 12, 19, 22, 25, 0, 13, 18, 17][19, 17, 0, 28, 25, 7, 20][2, 15, 21, 5][15, 16][2, 29][13, 18][14, 23][8, 26] 
[20, 4, 23, 9, 1, 14, 11, 17, 22, 0, 18, 13, 6, 15, 29][2, 15, 21, 6, 13, 0, 12, 18, 19, 17, 11, 14, 9, 3, 23][23, 9, 14, 20, 24, 7, 27, 10, 29, 2, 6, 5, 15, 16, 28][7, 27, 29, 10, 15, 21, 5, 6, 13, 18, 22, 17, 19, 0, 26][2, 15, 21, 5, 6, 13, 0, 28, 25, 7, 20, 24, 1, 3, 4][14, 23, 1, 4, 24, 20, 7, 28, 25, 0, 22, 19, 12, 8, 26][8, 19, 17, 28, 16, 2, 7, 20, 23, 4, 14, 24, 3, 1, 9][8, 26, 0, 18, 13, 6, 16, 10, 29, 27, 7, 25, 11, 14, 20][11, 14, 24, 23, 3, 9, 1, 4, 7, 16, 27, 15, 2, 10, 29][7, 27, 29, 10, 16, 28, 25, 22, 19, 0, 18, 17][16, 15, 10, 21, 5, 6, 13, 18][7, 14, 23] 
[16, 27, 10, 6, 13, 0, 12, 18, 19, 17, 11, 14, 9, 3, 23][14, 23, 1, 4, 24, 20, 7, 28, 25, 0, 22, 19, 12, 8, 26][8, 26, 0, 18, 13, 6, 16, 10, 29, 27, 7, 25, 11, 3, 24][7, 27, 29, 10, 16, 28, 25, 22, 19, 0, 18, 17, 12, 8][7, 27, 29, 10][2, 15, 21, 5][17, 22][9, 23][4, 7][15, 16][1, 9][11, 14] 
[5, 21, 15, 29, 2, 7, 24, 3, 9, 1, 14, 4, 23][11, 17, 28, 25, 0, 26, 8, 19, 12, 22, 18, 13][10, 2, 27, 7, 20, 4, 14, 9, 3, 23, 24][5, 21, 2, 6, 15, 16][10, 21, 5, 15, 27][0, 18, 17][16, 28][17, 19][16, 27][5, 6][15, 29][15, 29] 
[23, 9, 14, 3, 1, 24, 4, 7, 25][14, 11, 17, 19, 8, 12, 0, 18, 22][18, 17, 22, 25, 11, 14, 24, 20][18, 13, 6, 16, 7, 28, 0, 25][1, 4, 7, 27, 10, 6, 21][2, 15, 21, 5][2, 7, 24, 23][10, 2, 29][8, 26][2, 29][12, 19][15, 16] 
[5, 21, 15, 27, 29, 2, 16, 6, 10, 7, 4, 24, 20, 14, 23][17, 22, 0, 13, 6, 15, 27, 29, 2, 16, 10, 7, 4, 20][13, 18, 22, 12, 19, 8, 26, 0, 28, 17, 11, 25][2, 10, 15, 16, 28, 25, 22][8, 26, 0, 22, 25, 11][15, 6, 13, 0, 22, 17][12, 19, 8, 26][3, 11][1, 3][1, 9][8, 26][1, 9] 
[5, 21, 15, 6, 16, 27, 29, 10, 7, 4, 14, 1, 3, 23, 9][9, 23, 1, 4, 24, 7, 25, 28, 16, 27, 2, 10, 15, 6, 13][5, 21, 6, 2, 10, 15, 16, 28, 25, 22, 18, 19, 17, 0, 12][17, 22, 12, 8, 19, 18, 0, 28, 25, 11, 14, 20, 24, 4, 23][8, 12, 17, 19, 18, 13, 0, 25, 11, 14, 23, 3, 1, 9][9, 3, 4, 20, 24][21, 5, 15, 29][18, 12, 19][23, 24][8, 26][17, 18][15, 16] 
[1, 24, 4, 3, 11, 25, 0, 28, 7, 20, 14, 9][5, 21, 15, 27, 29, 2, 16, 6, 10, 7][0, 26, 8, 19, 12, 22, 18][3, 23][17, 22][7, 24][14, 23][2, 15][8, 26][13, 18][7, 27][8, 26] 
[20, 4, 23, 9, 1, 14, 11, 17, 22, 0, 18, 13, 6, 15, 29][2, 15, 21, 6, 13, 0, 12, 18, 19, 17, 11, 14, 9, 3, 23][23, 9, 14, 20, 24, 7, 27, 10, 29, 2, 6, 5, 15, 16, 28][7, 27, 29, 10, 15, 21, 5, 6, 13, 18, 22, 17, 19, 0, 26][2, 15, 21, 5, 6, 13, 0, 28, 25, 7, 20, 24, 1, 3, 4][1, 24, 14, 11, 17, 12, 22, 18, 13, 6, 5, 21, 10, 15, 16][14, 23, 1, 4, 24, 20, 7, 28, 25, 0, 22, 19, 12, 8, 26][8, 19, 17, 28, 16, 2, 7, 20, 23, 4, 14, 24, 3, 1, 9][8, 26, 0, 18, 13, 6, 16, 10, 29, 27, 7, 25, 11, 14, 20][11, 14, 24, 23, 3, 9, 1, 4, 7, 16, 27, 15, 2, 10, 29][7, 27, 29, 10, 16, 28, 25, 22, 19, 0, 18, 17, 12, 8, 26][9, 1, 3, 4, 24, 20, 14, 23] 
[11, 17, 28, 25, 0, 26, 8, 19, 12, 22, 18, 13][9, 3, 14, 24, 1, 23, 20, 7, 27, 2, 29][4, 20, 14, 1, 3, 24, 7, 16][16, 27, 15, 29][5, 21, 10, 6][16, 28][2, 10][15, 29][15, 29][17, 19][17, 19][2, 10] 
[20, 23, 4, 14, 1, 9, 3, 24, 7, 2, 29][11, 17, 28, 25, 0, 26, 8, 19, 12, 22][13, 6, 21][15, 29][10, 21][15, 27][16, 27][16, 28][13, 18][10, 27][5, 6][5, 21] 
[11, 17, 19, 8, 12, 0, 18][20, 7, 28, 25, 0, 22][7, 4, 24, 1, 3, 14][7, 27, 10, 6, 21][2, 15, 21, 5][0, 26, 8][23, 24][2, 29][15, 16][13, 18][12, 19][3, 9] 
[9, 3, 1, 23, 20, 7, 4, 24, 14, 11, 17, 22, 18, 19, 12][9, 23, 1, 4, 24, 7, 25, 28, 16, 27, 2, 10, 15, 6, 13][17, 22, 12, 8, 19, 18, 0, 28, 25, 11, 14, 20, 24, 4, 23][21, 5, 15, 29, 2, 10, 27, 16, 7, 20, 14, 24][12, 17, 18][23, 24][8, 26][4, 7][12, 18][0, 17][1, 9][15, 16] 
[5, 21, 15, 16, 10, 29, 2, 6, 13, 18, 19, 17, 12, 8, 26][14, 23, 1, 4, 24, 20, 7, 28, 25, 0, 22, 19, 12, 8, 26][24, 23, 9, 1, 3, 14, 11, 17, 18, 0, 19, 22, 12, 8, 26][11, 14, 24, 23, 3, 9, 1, 4, 7, 16, 27, 15, 2, 10, 29][24, 3, 14, 11, 25, 7, 28, 17, 0, 13, 6, 5, 21, 2, 29][20, 4, 23, 9, 1, 14, 11, 17, 22, 0, 18, 13, 6, 15, 29][9, 3, 23, 24, 20, 14, 1, 4, 7, 28, 0, 22, 17, 18, 13][8, 26, 0, 28, 17, 19, 22, 25, 11, 3, 9, 14, 4, 20, 23][5, 15, 29, 2, 10, 27, 16, 7, 20, 14, 23, 4, 1, 3, 9][8, 26, 0, 13, 6, 5, 21, 15, 10, 16, 2, 27, 7, 14, 23][5, 21, 10, 16, 27, 15, 29, 2, 6, 13, 18, 22, 19, 12, 8][4, 24, 23, 9, 1, 3, 11, 17, 0, 22, 18, 13, 6, 5, 15] 
[5, 21, 15, 29, 2, 10, 16, 6, 13, 18, 12, 22, 17, 19, 8][12, 8, 26, 0, 17, 28, 16, 15, 2, 6, 5, 21, 10, 27, 29][11, 17, 28, 25, 0, 26, 8, 19, 12, 22, 18, 13][5, 15, 29, 2, 10, 27, 16, 7, 20, 14, 11][3, 4, 20, 23, 9, 1, 14, 24][5, 15, 29][0, 26, 8][17, 19][5, 21][11, 14][8, 19][8, 19] 
[5, 21, 15, 29, 2, 7, 24, 3, 9, 1, 14, 4, 23, 20][11, 17, 28, 25, 0, 26, 8, 19, 12, 22, 18, 13][10, 27, 16][2, 7][6, 13][25, 28][0, 26][15, 29][8, 26][10, 21][8, 19][16, 28] 
[11, 17, 28, 25, 0, 26, 8, 19, 12, 22, 18][5, 15, 29, 2, 10, 27, 16, 7, 20, 14][7, 27, 2, 16, 15, 10, 6, 21][2, 10, 15, 16, 28, 25, 22][7, 4, 24, 1, 9, 3, 23][15, 6, 13, 0, 22, 17][17, 22][1, 9][1, 9][12, 19][1, 9][12, 19] 
[5, 21, 15, 6, 16, 27, 29, 10, 7, 4, 14, 1, 3, 23, 9][9, 14, 3, 1, 24, 4, 7, 25, 28, 16, 10][11, 25, 28, 0, 18, 19, 8, 12, 22, 17][12, 19, 22, 0, 25, 28, 7, 20][3, 9][0, 12][13, 18][23, 24][2, 29][8, 26][15, 16][9, 14] 
[0, 13, 6, 5, 21, 2, 15, 29, 10][4, 24, 7, 25, 28, 16, 27][9, 1, 3, 23, 14, 11, 25][8, 19, 12, 22, 0, 25][12, 18][3, 11][17, 18][20, 24][8, 26][5, 6][5, 21][5, 6] 
[16, 27, 10, 6, 13, 0, 12, 18, 19, 17, 11, 14, 9, 3, 23][8, 12, 19, 22, 0, 25, 28, 7, 20, 24, 4, 1, 23, 14][3, 4, 24, 7, 20, 14, 11, 17, 22, 0, 13, 18, 19][10, 16, 28, 25, 7, 4, 24, 1, 3, 14, 9, 23][19, 17, 0, 28, 25, 7, 20, 23, 14, 24][2, 15, 21, 5][15, 16][8, 12][2, 29][13, 18][14, 23][8, 26] 
[2, 15, 21, 6, 13, 0, 12, 18, 19, 17, 11, 14, 9, 3, 23][23, 9, 14, 20, 24, 7, 27, 10, 29, 2, 6, 5, 15, 16, 28][7, 27, 29, 10, 15, 21, 5, 6, 13, 18, 22, 17, 19, 0, 26][2, 15, 21, 5, 6, 13, 0, 28, 25, 7, 20, 24, 1, 3, 4][14, 23, 1, 4, 24, 20, 7, 28, 25, 0, 22, 19, 12, 8, 26][8, 19, 17, 28, 16, 2, 7, 20, 23, 4, 14, 24, 3, 1, 9][8, 26, 0, 18, 13, 6, 16, 10, 29, 27, 7, 25, 11, 14, 20][11, 14, 24, 23, 3, 9, 1, 4, 7, 16, 27, 15, 2, 10, 29][15, 6, 13, 18, 0, 22, 17, 11, 14, 1, 9, 23, 4, 20][7, 27, 29, 10, 16, 28, 25, 22, 19, 0, 18, 17][16, 15, 10, 21, 5, 6, 13, 18][7, 14, 23] 
[16, 27, 10, 6, 13, 0, 12, 18, 19, 17, 11, 14, 9, 3, 23][8, 26, 0, 18, 13, 6, 16, 10, 29, 27, 7, 25, 11, 3, 24][7, 27, 29, 10, 16, 28, 25, 22, 19, 0, 18, 17, 12, 8][12, 19, 22, 0, 25, 28, 7, 20, 24, 4, 1, 23, 14][2, 15, 21, 5][7, 27, 29][17, 22][9, 23][4, 7][15, 16][1, 9][11, 14] 
[5, 21, 15, 29, 2, 7, 24, 3, 9, 1, 14, 4, 23][11, 17, 28, 25, 0, 26, 8, 19, 12, 22, 18, 13][10, 2, 27, 7, 20, 4, 14, 9, 3, 23, 24][5, 21, 2, 6, 15, 16][10, 21, 5, 15, 27][12, 0, 18, 17][16, 28][17, 19][16, 27][5, 6][15, 29][15, 29] 
[8, 12, 18, 17, 22, 25, 11, 14, 24, 20][23, 9, 14, 3, 1, 24, 4, 7, 25][14, 11, 17, 19, 8, 12, 0, 18, 22][18, 13, 6, 16, 7, 28, 0, 25][1, 4, 7, 27, 10, 6, 21][2, 15, 21, 5][2, 7, 24, 23][8, 26][2, 29][12, 19][15, 16][2, 29] 
[16, 27, 10, 6, 13, 0, 12, 18, 19, 17, 11, 14, 9, 3, 23][7, 4, 1, 3, 11, 17, 28, 25, 0, 26, 8, 19, 12, 22, 18][7, 4, 1, 3, 11, 17, 28, 25, 0, 26, 8, 19, 12, 22, 18][24, 3, 11, 25, 7, 27, 29, 10, 16, 6, 13, 18, 0, 26][9, 1, 24, 4, 20, 14, 7, 25][2, 10, 15, 16, 28, 25, 22][2, 15, 21, 5][7, 27, 29][7, 27, 29][12, 19][1, 9][4, 7] 
[5, 21, 15, 6, 16, 27, 29, 10, 7, 4, 14, 1, 3, 23, 9][9, 23, 1, 4, 24, 7, 25, 28, 16, 27, 2, 10, 15, 6, 13][5, 21, 6, 2, 10, 15, 16, 28, 25, 22, 18, 19, 17, 0, 12][17, 22, 12, 8, 19, 18, 0, 28, 25, 11, 14, 20, 24, 4, 23][8, 12, 17, 19, 18, 13, 0, 25, 11, 14, 23, 3, 1, 9][9, 3, 4, 20, 24][21, 5, 15, 29][0, 19, 12, 18][23, 24][8, 26][17, 18][15, 16] 
[5, 21, 15, 6, 16, 27, 29, 10, 7, 4, 14, 1, 3, 23, 9][8, 12, 18, 17, 22, 25, 11, 14, 24, 20][14, 11, 17, 19, 8, 12, 0, 18, 22][18, 13, 6, 16, 7, 28, 0, 25][9, 23, 3, 1, 14][2, 6, 5, 15, 16][8, 26][2, 29][23, 24][0, 12][8, 26][15, 16] 
[20, 4, 23, 9, 1, 14, 11, 17, 22, 0, 18, 13, 6, 15, 29][2, 15, 21, 6, 13, 0, 12, 18, 19, 17, 11, 14, 9, 3, 23][23, 9, 14, 20, 24, 7, 27, 10, 29, 2, 6, 5, 15, 16, 28][7, 27, 29, 10, 15, 21, 5, 6, 13, 18, 22, 17, 19, 0, 26][8, 26, 0, 13, 6, 5, 21, 15, 10, 16, 2, 27, 7, 14, 23][2, 15, 21, 5, 6, 13, 0, 28, 25, 7, 20, 24, 1, 3, 4][7, 28, 17, 11, 25, 22, 0, 18, 13, 6, 5, 21, 10, 15, 16][14, 23, 1, 4, 24, 20, 7, 28, 25, 0, 22, 19, 12, 8, 26][4, 24, 23, 9, 1, 3, 14, 11, 25, 0, 19, 18, 12, 8, 26][8, 26, 0, 28, 17, 19, 22, 25, 11, 3, 9, 14, 4, 20, 23][11, 14, 24, 23, 3, 9, 1, 4, 7, 16, 27, 15, 2, 10, 29][7, 27, 29, 10, 16, 28, 25, 22, 19, 0, 18, 17, 12, 8, 26] 
[11, 17, 28, 25, 0, 26, 8, 19, 12, 22, 18, 13][9, 3, 14, 24, 1, 23, 20, 7, 27, 2, 29][4, 20, 14, 1, 3, 24, 7, 16][5, 21, 10, 6][16, 28][2, 10][15, 29][15, 29][17, 19][15, 29][17, 19][2, 10] 
[2, 7, 24, 3, 9, 1, 14, 4, 23, 20][11, 17, 28, 25, 0, 26, 8, 19, 12, 22][5, 21, 15][5, 6][6, 13][13, 18][15, 27][10, 27][16, 27][15, 29][16, 28][2, 29] 
[9, 1, 24, 20, 7, 16, 6, 5, 21][2, 10, 15, 16, 28, 25, 22][13, 0, 22, 17][4, 7, 27][9, 3, 11][8, 12, 18][23, 24][9, 14][2, 29][0, 26][18, 22][12, 19] 
[9, 23, 1, 4, 24, 7, 25, 28, 16, 27, 2, 10, 15, 6, 13][17, 22, 12, 8, 19, 18, 0, 28, 25, 11, 14, 20, 24, 4, 23][2, 29, 15, 5, 21][12, 17, 18][23, 24][8, 26][4, 7][3, 9][12, 18][0, 17][1, 9][15, 16] 
[1, 9, 3, 4, 14, 24, 23, 20, 7, 10, 2, 27, 15, 5, 21][5, 21, 15, 6, 16, 27, 29, 10, 7, 4, 14, 1, 3, 23, 9][21, 5, 15, 29, 2, 16, 6, 13, 18, 0, 28, 7, 20, 24, 23][0, 12, 17, 11, 25, 28, 16, 10, 7, 14, 24, 20, 4, 3, 9][8, 26, 0, 22, 19, 12, 18, 13, 6, 15, 2, 27, 16, 28, 17][1, 3, 11, 14, 4, 20, 7, 25, 0, 26, 8, 12, 19, 17, 18][9, 23, 1, 4, 24, 7, 25, 28, 16, 27, 2, 10, 15, 6, 13][5, 21, 6, 2, 10, 15, 16, 28, 25, 22, 18, 19, 17, 0, 12][9, 1, 3, 23, 14, 11, 25, 0, 13, 18, 19, 17, 12, 8, 26][4, 1, 14, 9, 3, 11, 25, 28, 16, 15, 10, 27, 7, 2, 29][17, 22, 12, 8, 19, 18, 0, 28, 25, 11, 14, 20, 24, 4, 23][8, 26, 0, 19, 22, 17, 18, 12] 
[5, 21, 15, 29, 2, 10, 16, 6, 13, 18, 12, 22, 17, 19, 8][12, 8, 26, 0, 17, 28, 16, 15, 2, 6, 5, 21, 10, 27, 29][11, 17, 28, 25, 0, 26, 8, 19, 12, 22, 18, 13][5, 15, 29, 2, 10, 27, 16, 7, 20, 14, 11][3, 4, 20, 23, 9, 1, 14, 24][10, 15, 5, 21][5, 15, 29][17, 19][11, 14][8, 19][8, 26][8, 19] 
[5, 21, 15, 29, 2, 7, 24, 3, 9, 1, 14, 4, 23, 20][11, 17, 28, 25, 0, 26, 8, 19, 12, 22, 18, 13][10, 27, 16][2, 7][6, 13][25, 28][0, 26][15, 29][8, 26][10, 21][8, 19][16, 28] 
[11, 17, 28, 25, 0, 26, 8, 19, 12, 22, 18][5, 15, 29, 2, 10, 27, 16, 7, 20, 14][2, 10, 15, 16, 28, 25, 22][7, 4, 24, 1, 9, 3, 23][15, 6, 13, 0, 22, 17][12, 19, 8, 26][6, 21][17, 22][1, 9][1, 9][1, 9][12, 19] 
[5, 21, 15, 6, 16, 27, 29, 10, 7, 4, 14, 1, 3, 23, 9][6, 15, 10, 2, 27, 16, 28, 25, 7, 24, 4, 1, 23, 9][3, 23, 20, 14, 4, 24, 7, 27, 15, 16][8, 12, 17, 19, 18, 13, 0, 25, 11][12, 0, 17, 19, 18, 22][23, 24][8, 26][5, 21][3, 9][12, 18][17, 18][4, 23] 
[0, 13, 6, 5, 21, 2, 15, 29, 10][4, 24, 7, 25, 28, 16, 27][9, 1, 3, 23, 14, 11, 25][8, 19, 12, 22, 0, 25][12, 18][3, 11][17, 18][20, 24][8, 26][5, 6][5, 21][5, 6] 
[16, 27, 10, 6, 13, 0, 12, 18, 19, 17, 11, 14, 9, 3, 23][8, 12, 19, 22, 0, 25, 28, 7, 20, 24, 4, 1, 23, 14][3, 4, 24, 7, 20, 14, 11, 17, 22, 0, 13, 18, 19][16, 28, 25, 7, 4, 24, 1, 3, 14, 9, 23][19, 17, 0, 28, 25, 7, 20, 23, 14, 24][2, 15, 21, 5][10, 15, 16][8, 12][2, 29][13, 18][14, 23][8, 26] 
[20, 4, 23, 9, 1, 14, 11, 17, 22, 0, 18, 13, 6, 15, 29][2, 15, 21, 6, 13, 0, 12, 18, 19, 17, 11, 14, 9, 3, 23][23, 9, 14, 20, 24, 7, 27, 10, 29, 2, 6, 5, 15, 16, 28][7, 27, 29, 10, 15, 21, 5, 6, 13, 18, 22, 17, 19, 0, 26][2, 15, 21, 5, 6, 13, 0, 28, 25, 7, 20, 24, 1, 3, 4][14, 23, 1, 4, 24, 20, 7, 28, 25, 0, 22, 19, 12, 8, 26][8, 19, 17, 28, 16, 2, 7, 20, 23, 4, 14, 24, 3, 1, 9][8, 26, 0, 18, 13, 6, 16, 10, 29, 27, 7, 25, 11, 14, 20][11, 14, 24, 23, 3, 9, 1, 4, 7, 16, 27, 15, 2, 10, 29][7, 27, 29, 10, 16, 28, 25, 22, 19, 0, 18, 17, 12, 8, 26][16, 15, 10, 21, 5, 6, 13, 18][7, 14, 23] 
[16, 27, 10, 6, 13, 0, 12, 18, 19, 17, 11, 14, 9, 3, 23][8, 26, 0, 18, 13, 6, 16, 10, 29, 27, 7, 25, 11, 3, 24][7, 27, 29, 10, 16, 28, 25, 22, 19, 0, 18, 17, 12, 8][12, 19, 22, 0, 25, 28, 7, 20, 24, 4, 1, 23, 14][7, 27, 29, 10][2, 15, 21, 5][17, 22][9, 23][4, 7][15, 16][1, 9][11, 14] 
[5, 21, 15, 29, 2, 7, 24, 3, 9, 1, 14, 4, 23][11, 17, 28, 25, 0, 26, 8, 19, 12, 22, 18, 13][10, 2, 27, 7, 20, 4, 14, 9, 3, 23][5, 21, 2, 6, 15, 16][10, 21, 5, 15, 27][12, 0, 18, 17][16, 28][17, 19][16, 27][5, 6][15, 29][15, 29] 
[8, 12, 18, 17, 22, 25, 11, 14, 24, 20][23, 9, 14, 3, 1, 24, 4, 7, 25][14, 11, 17, 19, 8, 12, 0, 18, 22][18, 13, 6, 16, 7, 28, 0, 25][7, 27, 10, 6, 21][2, 6, 5, 15, 16][2, 7, 24, 23][8, 26][2, 15][2, 29][12, 19][2, 29] 
[5, 21, 15, 6, 16, 27, 29, 10, 7, 4, 14, 1, 3, 23, 9][5, 21, 6, 2, 10, 15, 16, 28, 25, 22, 18, 19, 17, 0, 12][8, 12, 17, 19, 18, 13, 0, 25, 11, 14, 23, 3, 1, 9][9, 23, 1, 4, 24, 7, 25, 28, 16, 27, 2, 10, 15][21, 5, 15, 29][23, 24][8, 26][3, 9][12, 18][17, 18][15, 16][20, 24] 
[20, 4, 23, 9, 1, 14, 11, 17, 22, 0, 18, 13, 6, 15, 29][2, 15, 21, 6, 13, 0, 12, 18, 19, 17, 11, 14, 9, 3, 23][23, 9, 14, 20, 24, 7, 27, 10, 29, 2, 6, 5, 15, 16, 28][7, 27, 29, 10, 15, 21, 5, 6, 13, 18, 22, 17, 19, 0, 26][8, 26, 0, 13, 6, 5, 21, 15, 10, 16, 2, 27, 7, 14, 23][2, 15, 21, 5, 6, 13, 0, 28, 25, 7, 20, 24, 1, 3, 4][7, 28, 17, 11, 25, 22, 0, 18, 13, 6, 5, 21, 10, 15, 16][14, 23, 1, 4, 24, 20, 7, 28, 25, 0, 22, 19, 12, 8, 26][4, 24, 23, 9, 1, 3, 14, 11, 25, 0, 19, 18, 12, 8, 26][8, 26, 0, 28, 17, 19, 22, 25, 11, 3, 9, 14, 4, 20, 23][11, 14, 24, 23, 3, 9, 1, 4, 7, 16, 27, 15, 2, 10, 29][7, 27, 29, 10, 16, 28, 25, 22, 19, 0, 18, 17, 12, 8, 26] 
[11, 17, 28, 25, 0, 26, 8, 19, 12, 22, 18, 13][9, 3, 14, 24, 1, 23, 20, 7, 27, 2, 29][4, 20, 14, 1, 3, 24, 7, 16][5, 21, 10, 6][16, 28][2, 10][15, 29][15, 29][17, 19][15, 29][17, 19][2, 10] 
[11, 17, 28, 25, 0, 26, 8, 19, 12, 22, 18, 13][4, 20, 14, 1, 3, 24, 7][2, 15, 21, 5][6, 10, 27][17, 19][3, 23][7, 16][15, 16][2, 10][16, 28][27, 29][9, 23] 
[11, 17, 19, 8, 12, 0, 18][20, 7, 28, 25, 0, 22][7, 4, 24, 1, 3, 14][7, 27, 10, 6, 21][2, 15, 21, 5][23, 24][2, 29][8, 26][15, 16][13, 18][12, 19][3, 9] 
[9, 23, 1, 4, 24, 7, 25, 28, 16, 27, 2, 10, 15, 6, 13][17, 22, 12, 8, 19, 18, 0, 28, 25, 11, 14, 20, 24, 4, 23][21, 5, 15, 29][12, 17, 18][23, 24][8, 26][4, 7][3, 9][12, 18][0, 17][1, 9][15, 16] 
[1, 9, 3, 4, 14, 24, 23, 20, 7, 10, 2, 27, 15, 5, 21][5, 21, 15, 6, 16, 27, 29, 10, 7, 4, 14, 1, 3, 23, 9][21, 5, 15, 29, 2, 16, 6, 13, 18, 0, 28, 7, 20, 24, 23][0, 12, 17, 11, 25, 28, 16, 10, 7, 14, 24, 20, 4, 3, 9][8, 26, 0, 22, 19, 12, 18, 13, 6, 15, 2, 27, 16, 28, 17][1, 3, 11, 14, 4, 20, 7, 25, 0, 26, 8, 12, 19, 17, 18][9, 23, 1, 4, 24, 7, 25, 28, 16, 27, 2, 10, 15, 6, 13][5, 21, 6, 2, 10, 15, 16, 28, 25, 22, 18, 19, 17, 0, 12][9, 1, 3, 23, 14, 11, 25, 0, 13, 18, 19, 17, 12, 8, 26][4, 1, 14, 9, 3, 11, 25, 28, 16, 15, 10, 27, 7, 2, 29][17, 22, 12, 8, 19, 18, 0, 28, 25, 11, 14, 20, 24, 4, 23][8, 26, 0, 19, 22, 17, 18, 12] 
[5, 21, 15, 29, 2, 10, 16, 6, 13, 18, 12, 22, 17, 19, 8][12, 8, 26, 0, 17, 28, 16, 15, 2, 6, 5, 21, 10, 27, 29][13, 18, 22, 12, 19, 8, 26, 0, 25, 28, 17][5, 15, 29, 2, 10, 27, 16, 7, 20, 14, 11][3, 4, 20, 23, 9, 1, 14, 24][10, 15, 5, 21][5, 15, 29][17, 19][11, 14][8, 19][8, 26][8, 19] 
[5, 21, 15, 29, 2, 7, 24, 3, 9, 1, 14, 4, 23, 20][11, 17, 28, 25, 0, 26, 8, 19, 12, 22, 18, 13][10, 27, 16][2, 7][6, 13][25, 28][0, 26][15, 29][8, 26][10, 21][8, 19][16, 28] 
[11, 17, 28, 25, 0, 26, 8, 19, 12, 22, 18][5, 15, 29, 2, 10, 27, 16, 7, 20, 14][2, 10, 15, 16, 28, 25, 22][7, 4, 24, 1, 9, 3, 23][17, 22, 0, 13, 6, 15, 29][6, 21][17, 22][1, 9][1, 9][12, 19][1, 9][12, 19] 
[5, 21, 15, 6, 16, 27, 29, 10, 7, 4, 14, 1, 3, 23, 9][6, 15, 10, 2, 27, 16, 28, 25, 7, 24, 4, 1, 23, 9][3, 23, 20, 14, 4, 24, 7, 27, 15, 16][8, 12, 17, 19, 18, 13, 0, 25, 11][12, 0, 17, 19, 18, 22, 25][21, 5, 15, 29][23, 24][8, 26][3, 9][12, 18][17, 18][4, 23] 
[0, 13, 6, 5, 21, 2, 15, 29, 10][4, 24, 7, 25, 28, 16, 27][9, 1, 3, 23, 14, 11, 25][8, 19, 12, 22, 0, 25][12, 18][3, 11][17, 18][20, 24][8, 26][5, 6][5, 21][5, 6] 
[16, 27, 10, 6, 13, 0, 12, 18, 19, 17, 11, 14, 9, 3, 23][8, 12, 19, 22, 0, 25, 28, 7, 20, 24, 4, 1, 23, 14][3, 4, 24, 7, 20, 14, 11, 17, 22, 0, 13, 18, 19][16, 28, 25, 7, 4, 24, 1, 3, 14, 9, 23][19, 17, 0, 28, 25, 7, 20, 23, 14, 24][2, 15, 21, 5][15, 16][8, 12][2, 29][13, 18][14, 23][8, 26] 
[16, 27, 10, 6, 13, 0, 12, 18, 19, 17, 11, 14, 9, 3, 23][8, 26, 0, 18, 13, 6, 16, 10, 29, 27, 7, 25, 11, 3, 24][12, 19, 22, 0, 25, 28, 7, 20, 24, 4, 1, 23, 14][7, 27, 29, 10, 16, 28, 25, 22, 19, 0, 18, 17, 12][7, 27, 29, 10][2, 15, 21, 5][17, 22][9, 23][4, 7][15, 16][1, 9][11, 14] 
[5, 21, 15, 29, 2, 7, 24, 3, 9, 1, 14, 4, 23, 20][11, 17, 28, 25, 0, 26, 8, 19, 12, 22, 18, 13][3, 23, 20, 24, 7, 16, 15, 6, 2, 21, 5][9, 14, 4, 20, 7, 27, 2, 10][17, 19, 22][16, 28][17, 18][16, 27][5, 6][15, 29][10, 21][15, 29] 
[8, 12, 18, 17, 22, 25, 11, 14, 24, 20][14, 11, 17, 19, 8, 12, 0, 18, 22][18, 13, 6, 16, 7, 28, 0, 25][4, 24, 1, 3, 14, 9][7, 27, 10, 6, 21][2, 6, 5, 15, 16][7, 24, 23][8, 26][2, 15][2, 29][12, 19][2, 29] 
[5, 21, 15, 6, 16, 27, 29, 10, 7, 4, 14, 1, 3, 23, 9][9, 23, 1, 4, 24, 7, 25, 28, 16, 27, 2, 10, 15, 6, 13][5, 21, 6, 2, 10, 15, 16, 28, 25, 22, 18, 19, 17, 0, 12][17, 22, 12, 8, 19, 18, 0, 28, 25, 11, 14, 20, 24, 4, 23][8, 12, 17, 19, 18, 13, 0, 25, 11, 14, 23, 3, 1, 9][15, 5, 21][23, 24][8, 26][3, 9][12, 18][17, 18][15, 16] 
[20, 4, 23, 9, 1, 14, 11, 17, 22, 0, 18, 13, 6, 15, 29][2, 15, 21, 6, 13, 0, 12, 18, 19, 17, 11, 14, 9, 3, 23][23, 9, 14, 20, 24, 7, 27, 10, 29, 2, 6, 5, 15, 16, 28][7, 27, 29, 10, 15, 21, 5, 6, 13, 18, 22, 17, 19, 0, 26][8, 26, 0, 13, 6, 5, 21, 15, 10, 16, 2, 27, 7, 14, 23][2, 15, 21, 5, 6, 13, 0, 28, 25, 7, 20, 24, 1, 3, 4][7, 28, 17, 11, 25, 22, 0, 18, 13, 6, 5, 21, 10, 15, 16][14, 23, 1, 4, 24, 20, 7, 28, 25, 0, 22, 19, 12, 8, 26][4, 24, 23, 9, 1, 3, 14, 11, 25, 0, 19, 18, 12, 8, 26][8, 26, 0, 28, 17, 19, 22, 25, 11, 3, 9, 14, 4, 20, 23][11, 14, 24, 23, 3, 9, 1, 4, 7, 16, 27, 15, 2, 10, 29][7, 27, 29, 10, 16, 28, 25, 22, 19, 0, 18, 17, 12, 8, 26] 
[11, 17, 28, 25, 0, 26, 8, 19, 12, 22, 18, 13][9, 3, 14, 24, 1, 23, 20, 7, 27, 2, 29][4, 20, 14, 1, 3, 24, 7, 16][5, 21, 10, 6][16, 28][2, 10][15, 29][15, 29][17, 19][15, 29][17, 19][2, 10] 
[11, 17, 19, 8, 12, 0, 18][20, 7, 28, 25, 0, 22][7, 4, 24, 1, 3, 14][7, 27, 10, 6, 21][2, 15, 21, 5][23, 24][2, 29][8, 26][15, 16][13, 18][12, 19][3, 9] 
[9, 23, 1, 4, 24, 7, 25, 28, 16, 27, 2, 10, 15, 6, 13][17, 22, 12, 8, 19, 18, 0, 28, 25, 11, 14, 20, 24, 4, 23][9, 3, 4, 20][15, 5, 21][18, 12, 19][23, 24][8, 26][10, 29][17, 18][0, 12][1, 9][15, 16] 
[1, 9, 3, 4, 14, 24, 23, 20, 7, 10, 2, 27, 15, 5, 21][5, 21, 15, 6, 16, 27, 29, 10, 7, 4, 14, 1, 3, 23, 9][21, 5, 15, 29, 2, 16, 6, 13, 18, 0, 28, 7, 20, 24, 23][0, 12, 17, 11, 25, 28, 16, 10, 7, 14, 24, 20, 4, 3, 9][8, 26, 0, 22, 19, 12, 18, 13, 6, 15, 2, 27, 16, 28, 17][1, 3, 11, 14, 4, 20, 7, 25, 0, 26, 8, 12, 19, 17, 18][9, 23, 1, 4, 24, 7, 25, 28, 16, 27, 2, 10, 15, 6, 13][5, 21, 6, 2, 10, 15, 16, 28, 25, 22, 18, 19, 17, 0, 12][9, 1, 3, 23, 14, 11, 25, 0, 13, 18, 19, 17, 12, 8, 26][4, 1, 14, 9, 3, 11, 25, 28, 16, 15, 10, 27, 7, 2, 29][17, 22, 12, 8, 19, 18, 0, 28, 25, 11, 14, 20, 24, 4, 23][8, 26, 0, 19, 22, 17, 18, 12] 
[9, 1, 3, 23, 14, 11, 25, 0, 13, 18, 19, 17, 12, 8, 26][11, 14, 24, 23, 3, 9, 1, 4, 7, 16, 27, 15, 2, 10, 29][7, 27, 29, 10, 15, 21, 5, 6, 13, 18, 22, 17, 19, 0, 26][14, 23, 1, 4, 24, 20, 7, 28, 25, 0, 22, 19, 12, 8, 26][15, 29, 2, 21, 10, 16, 6, 13, 0, 17, 18, 12, 22, 25][18, 0, 22, 17, 11, 14, 1, 9, 23, 4, 20][0, 26, 8][12, 17, 18][1, 9][0, 12][17, 18][12, 18] 
[5, 21, 15, 29, 2, 7, 24, 3, 9, 1, 14, 4, 23, 20][11, 17, 28, 25, 0, 26, 8, 19, 12, 22, 18, 13][10, 27, 16][2, 7][6, 13][25, 28][0, 26][15, 29][8, 26][10, 21][8, 19][16, 28] 
[11, 17, 28, 25, 0, 26, 8, 19, 12, 22, 18][5, 15, 29, 2, 10, 27, 16, 7, 20, 14][7, 4, 24, 1, 9, 3, 23][17, 22, 0, 13, 6, 15, 29][22, 25][6, 21][17, 22][1, 9][1, 9][12, 19][1, 9][12, 19] 
[23, 9, 1, 14, 11, 17, 22, 0, 18, 13, 6, 15, 29][2, 15, 21, 5, 6, 13, 0, 28, 25, 7, 20, 24][8, 19, 12, 22][7, 16][5, 21][4, 20][5, 21][3, 4][10, 29][8, 26][7, 27][11, 14] 
[1, 24, 4, 3, 11, 25, 0, 28, 7, 20, 14, 9][5, 21, 15, 27, 29, 2, 16, 6, 10][0, 26, 8, 19, 12, 22, 18][3, 23][17, 22][7, 24][14, 23][2, 15][8, 26][13, 18][7, 27][8, 26] 
[16, 27, 10, 6, 13, 0, 12, 18, 19, 17, 11, 14, 9, 3, 23][9, 1, 23, 4, 24, 3, 11, 17, 22, 0, 26, 8, 12, 18, 19][8, 26, 0, 18, 13, 6, 16, 10, 29, 27, 7, 25, 11, 3, 24][7, 27, 29, 10, 16, 28, 25, 22, 19, 0, 18, 17, 12, 8][12, 19, 22, 0, 25, 28, 7, 20, 24, 4, 1, 23, 14][3, 11, 25, 0, 19, 8, 12, 18, 22, 17][7, 27, 29, 10][2, 15, 21, 5][9, 23][4, 7][15, 16][11, 14] 
[8, 26, 0, 18, 13, 6, 16, 10, 29, 27, 7, 25, 11, 3, 24][7, 27, 29, 10, 16, 28, 25, 22, 19, 0, 18, 17, 12, 8][12, 19, 22, 0, 25, 28, 7, 20, 24, 4, 1, 23, 14][0, 12, 18, 19, 17, 11, 14, 9, 3, 23][2, 15, 21, 5][7, 27, 29][17, 22][9, 23][4, 7][15, 16][1, 9][11, 14] 
[21, 15, 29, 2, 7, 24, 3, 9, 1, 14, 4, 23][11, 17, 28, 25, 0, 26, 8, 19, 12, 22, 18, 13][20, 7, 27][16, 28][5, 21][17, 18][17, 19][16, 27][5, 6][15, 29][10, 21][15, 29] 
[2, 27, 16, 28, 25, 7, 24, 4, 1, 23, 9][14, 4, 7, 10, 29, 27, 16, 6, 15, 21][8, 12, 17, 19, 18, 13, 0, 25, 11][23, 24][8, 26][5, 21][3, 9][12, 18][17, 18][18, 22][14, 20][4, 23] 
[5, 21, 15, 6, 16, 27, 29, 10, 7, 4, 14, 1, 3, 23, 9][15, 10, 7, 20, 14, 11, 25, 22, 0, 26, 8, 19, 12, 17, 18][8, 12, 17, 22, 0, 28, 7, 2, 6, 16, 27, 15, 5, 21, 10][4, 24, 7, 25, 28, 16, 27, 2, 10, 15, 6, 13][5, 6][17, 18][23, 24][4, 20][12, 18][1, 9][15, 16][23, 24] 
[5, 21, 15, 29, 2, 7, 24, 3, 9, 1, 14, 4, 23, 20][11, 17, 28, 25, 0, 26, 8, 19, 12, 22, 18, 13][10, 27, 16][2, 7][6, 13][25, 28][0, 26][15, 29][8, 26][10, 21][8, 19][16, 28] 
[11, 17, 28, 25, 0, 26, 8, 19, 12, 22, 18, 13][3, 23, 20, 24, 7, 16, 15, 6, 2, 21, 5][4, 14, 1, 9, 3, 24, 7][7, 27, 10, 16, 2, 15, 29][16, 28][17, 18][17, 19][2, 10][16, 27][5, 6][10, 21][15, 29] 
[9, 23, 1, 4, 24, 7, 25, 28, 16, 27, 2, 10, 15, 6, 13][17, 22, 12, 8, 19, 18, 0, 28, 25, 11, 14, 20, 24, 4, 23][10, 29, 2, 15, 16, 6, 13, 18, 0, 26, 8, 12, 19][10, 15, 16, 28, 25, 22, 18, 19, 17, 0, 12][15, 5, 21][23, 24][8, 26][3, 9][12, 18][17, 18][1, 9][15, 16] 
[5, 21, 15, 27, 29, 2, 16, 6, 10, 7, 4, 24, 20, 14, 23][17, 22, 0, 13, 6, 15, 27, 29, 2, 16, 10, 7, 4, 20][10, 15, 16, 28, 25, 22][11, 25, 22, 0, 26][12, 19, 8, 26][3, 11][1, 3][1, 9][13, 18][17, 22][8, 26][1, 9] 
