2.000443696975708 5.374352331273258E-4 
2.000443696975708 5.374352331273258E-4 
4.726436163764447E-4 3.9971604347229004 
1.9141645431518555 0.7917830944061279 
1.389909029006958 0.7954201102256775 
1.291204810142517 1.5890151262283325 
0.8334960341453552 1.593734622001648 
0.391775518655777 2.3904409408569336 
0.7354680895805359 2.3901901245117188 
0.10773315280675888 3.1810243129730225 
0.30347633361816406 3.179137945175171 
0.36603185534477234 2.4673824310302734 
0.041879624128341675 3.8952255249023438 
1.9788671731948853 0.07452250272035599 
1.9480760097503662 0.33131563663482666 
0.8007291555404663 1.6918628215789795 
0.33205315470695496 2.785878896713257 
1.2964534759521484 1.5137462615966797 
0.35506361722946167 2.545471429824829 
0.3264642059803009 2.856534004211426 
1.3750733137130737 0.8152016401290894 
0.782181978225708 1.8309383392333984 
1.360891342163086 0.8701895475387573 
0.06349421292543411 3.5799357891082764 
0.004792856052517891 3.895573377609253 
1.3290200233459473 1.115633249282837 
0.04707871004939079 3.829205274581909 
0.31650370359420776 2.9918839931488037 
1.9539787769317627 0.2692383825778961 
0.3447950780391693 2.6413846015930176 
1.9424282312393188 0.39613595604896545 
0.3491373360157013 2.5983779430389404 
0.7750577926635742 1.8978739976882935 
1.935750126838684 0.47909367084503174 
1.9720641374588013 0.11634739488363266 
0.3396393060684204 2.697422742843628 
0.7586439847946167 2.0809905529022217 
0.7524973154067993 2.158170461654663 
1.339501976966858 1.0167566537857056 
0.3365330100059509 2.731844186782837 
0.09070001542568207 3.2454895973205566 
0.7514743804931641 2.171356439590454 
1.3247462511062622 1.1595791578292847 
1.9171305894851685 0.7455319762229919 
0.7458201050758362 2.24638295173645 
0.3221737742424011 2.9144089221954346 
0.3632557988166809 2.484755039215088 
1.3108662366867065 1.3211208581924438 
1.9946112632751465 0.011371564120054245 
0.7420454621315002 2.29738450050354 
1.3552252054214478 0.9017346501350403 
0.769981324672699 1.9507527351379395 
1.346124529838562 0.9640284180641174 
0.05136560648679733 3.768798351287842 
1.3049803972244263 1.3972011804580688 
1.91997230052948 0.7022725343704224 
0.08272470533847809 3.317662477493286 
1.930525302886963 0.549163281917572 
0.060007210820913315 3.6334731578826904 
1.9661983251571655 0.15934696793556213 
0.08895598351955414 3.2794389724731445 
1.3077194690704346 1.3628668785095215 
0.7925158143043518 1.746208906173706 
1.9629160165786743 0.18623970448970795 
0.0554177388548851 3.7064685821533203 
1.3000378608703613 1.4638069868087769 
1.335017442703247 1.0590928792953491 
1.9223034381866455 0.6666857600212097 
0.07981494069099426 3.3503153324127197 
0.8119340538978577 1.636374831199646 
1.3491489887237549 0.9413997530937195 
0.07485493272542953 3.4122445583343506 
0.7598669528961182 2.06597900390625 
0.7388097643852234 2.3429205417633057 
1.3032232522964478 1.44469153881073 
0.31460636854171753 3.0183162689208984 
0.8227476477622986 1.6042813062667847 
0.7651289701461792 2.004791021347046 
0.06742788106203079 3.518815279006958 
0.07688840478658676 3.3867318630218506 
0.7644003033638 2.013162851333618 
1.9259814023971558 0.6130620241165161 
0.05534251779317856 3.7077975273132324 
0.7865928411483765 1.7927387952804565 
0.04981042072176933 3.790592908859253 
0.07129701972007751 3.4624722003936768 
0.09936157613992691 3.196709632873535 
1.3192111253738403 1.2212446928024292 
0.3228924572467804 2.9038426876068115 
1.9395450353622437 0.43118739128112793 
0.30746695399284363 3.1209139823913574 
1.3153489828109741 1.2662783861160278 
1.9291054010391235 0.5685451626777649 
0.310001015663147 3.0841453075408936 
0.06761959940195084 3.5160343647003174 
1.3145382404327393 1.2765817642211914 
0.7724838256835938 1.924817681312561 
5.87894523050636E-4 3.973132610321045 
1.9247914552688599 0.6307024955749512 
0.06034550815820694 3.6280863285064697 
