1.6550373061893191E7 29969.997726980626 0.3732017423176563 0.42632789421494466 17934.0 605.0 9.013349138612297 
4.0730900105890706E7 45228.50889147858 0.06196759385158857 0.0 42965.0 1859.0 12.211812202379301 
1.1970518341347521E7 38322.42515404459 0.2330793846410519 0.5502011894926624 11497.0 643.0 9.23163357915021 
1.5520507457483528E7 38128.436044007445 0.3804809503230284 0.38703758811774497 15839.0 595.0 3.165646931284429 
5.204882709603111E7 29112.564313330757 0.30774046421694407 0.02633252382032567 58950.0 1218.0 11.892055806886061 
4.68604606135135E7 30755.252799472604 0.47448090117200736 0.07495724943073591 50106.0 860.0 6.760110851796121 
4.422870875171322E7 38000.09278305195 0.12480735619916795 0.0 48700.0 1658.0 12.179922354981885 
3.5954697291106805E7 32340.605114647966 0.3099833610565556 0.16963214008331567 43023.0 1020.0 8.58021924628001 
1.833777625249381E7 30493.342429941582 0.22628347963095216 0.4543996207017017 21877.0 771.0 10.138679313385197 
2.5997367289743584E7 32103.384297633507 0.48407461439021476 0.24358701464564395 26624.0 648.0 9.991984545360989 
2.88956970199525E7 30949.075362818774 0.4955745252745488 0.19177995440698498 36605.0 688.0 5.268570954403236 
1.6947862408583228E7 31088.274102442287 0.3916740480727054 0.3973900406102706 18617.0 608.0 4.626650891751467 
2.4278216762775913E7 30764.81595860567 0.5661032682501342 0.21439459071044417 25550.0 618.0 5.070571971894331 
3.136375103026015E7 40353.70926587519 0.2953428776721449 0.2102360749425803 30903.0 943.0 8.920989327970346 
1.2582334903313473E7 37930.00978149735 0.27272283622197024 0.5132937521545369 12073.0 611.0 5.2342308228900665 
2.3852726936954916E7 39278.83823210276 0.4732972409467917 0.22369284506855064 23238.0 708.0 4.62348882753935 
3.4621200842600316E7 33153.6206576568 0.2924248638489853 0.22663627821012683 35370.0 902.0 8.95736030565772 
5.142418789796667E7 33978.3059164027 0.40500626548711743 0.026114051979212863 57320.0 931.0 6.37574236979759 
3.717169351278499E7 30971.92460939377 0.5750946178167036 0.11320911446030205 36103.0 696.0 5.911828201227252 
4.4841679031569056E7 40342.55430008873 0.3333925182019508 0.0 43834.0 1087.0 7.308739347484767 
1.556989384664797E7 30383.934510565872 0.3725842777107572 0.44437926039805564 16762.0 581.0 8.926587518692783 
4.0730900105890706E7 45228.50889147858 0.06196759385158857 0.0 42965.0 1859.0 12.211812202379301 
1.18125052469444E7 38311.67957872492 0.23494835147404916 0.5502012285532321 11435.0 637.0 9.088850149989073 
1.5520523928567173E7 38128.622615755216 0.3804808096647519 0.3870374931291185 15839.0 595.0 3.165646931284429 
5.654115610395284E7 31800.148631355445 0.35008897059340066 8.082194687889922E-8 58781.0 1095.0 12.239297642453813 
4.793862340957814E7 32948.01681371622 0.5168027744176267 0.04429515567161777 52029.0 809.0 5.9263971683406025 
4.295038630182346E7 38873.43410039756 0.09346015369079469 0.0 47338.0 1743.0 12.798442325047192 
3.4950325913475014E7 30831.086664068425 0.3326293446963752 0.2280849684612051 42891.0 932.0 10.181576952620466 
1.8081654624989282E7 30720.660372026367 0.22498040103595499 0.458703500172331 21591.0 766.0 10.25231567702156 
2.565617772977992E7 32465.115745169718 0.4886333902338737 0.24658285258606727 26173.0 646.0 9.936503361365748 
2.8020562103150968E7 31273.334526047907 0.43870524274102773 0.20256800029903935 32127.0 777.0 6.311315244783929 
1.6947862408583228E7 31088.274102442287 0.3916740480727054 0.3973900406102706 18617.0 608.0 4.626650891751467 
2.4278216762775913E7 30764.81595860567 0.5661032682501342 0.21439459071044417 25550.0 618.0 5.070571971894331 
3.136375103026015E7 40353.70926587519 0.2953428776721449 0.2102360749425803 30903.0 943.0 8.920989327970346 
1.2582334903313473E7 37930.00978149735 0.27272283622197024 0.5132937521545369 12073.0 611.0 5.2342308228900665 
2.3852734414572924E7 39278.83281853984 0.4732972409467917 0.22369284506855064 23238.0 708.0 4.62348882753935 
4.119431926195421E7 32349.572100896832 0.26256249448387214 0.1864373341916861 42439.0 1075.0 10.325056608012765 
5.0665387426774226E7 34228.63495670214 0.4101511341223937 0.026586465487523924 56332.0 924.0 6.0585224716420045 
3.5313721149572685E7 34526.26400553099 0.4380822171061418 0.17897176945593168 36833.0 741.0 4.293022216831686 
4.484157533027005E7 40342.528416650865 0.33339251820194293 0.0 43835.0 1087.0 7.308739347484767 
1.5569615549198257E7 30385.043710333895 0.37258432286280324 0.44437972181035096 16762.0 581.0 8.926587518692783 
4.0730900105890706E7 45228.50889147858 0.06196759385158857 0.0 42965.0 1859.0 12.211812202379301 
1.18125052469444E7 38311.67957872492 0.23494835147404916 0.5502012285532321 11435.0 637.0 9.088850149989073 
1.5520512458250856E7 38128.65987468254 0.38048083033268126 0.3870378907755682 15839.0 595.0 3.165646931284429 
5.700988620297738E7 31153.090677486678 0.31630645270147495 0.005648514928588858 61202.0 1309.0 12.688917887186284 
4.7541094131358586E7 33075.68507133545 0.510376055172275 0.04909230385562618 51119.0 819.0 5.913114008725419 
4.272383641104605E7 39459.81524229575 0.12282413567137522 0.0 46692.0 1669.0 12.41019324077705 
3.956801898507818E7 31841.70498475435 0.27817924956000195 0.20248491715407696 42840.0 1010.0 10.239745009381249 
1.808169155694343E7 30720.696685321833 0.22498037554359276 0.4587034983449022 21591.0 766.0 10.25231567702156 
2.565617772977992E7 32465.115745169718 0.4886333902338737 0.24658285258606727 26173.0 646.0 9.936503361365748 
2.8020562103150968E7 31273.334526047907 0.43870524274102773 0.20256800029903935 32127.0 777.0 6.311315244783929 
1.694790289317333E7 31088.326271081194 0.39167404807271494 0.3973900406102597 18618.0 608.0 4.626650891751467 
2.4278216762775913E7 30764.81595860567 0.5661032682501342 0.21439459071044417 25550.0 618.0 5.070571971894331 
3.136375103026015E7 40353.70926587519 0.2953428776721449 0.2102360749425803 30903.0 943.0 8.920989327970346 
1.2582334972723687E7 37929.9504352261 0.27272283622197024 0.5132937521545369 12073.0 611.0 5.2342308228900665 
2.3852734414572924E7 39278.83281853984 0.4732972409467917 0.22369284506855064 23238.0 708.0 4.62348882753935 
3.762783182688894E7 33804.598457964814 0.30169223128020317 0.187569307420772 39352.0 953.0 8.858509411637185 
5.081373479624498E7 34612.31171544132 0.3478513444417276 2.7605523383215317E-8 56260.0 1070.0 7.541789082853565 
3.634251795074414E7 32222.673992720378 0.5273781649594792 0.13174330406973425 35620.0 730.0 6.823108826631776 
4.4953238910467796E7 40122.42401140559 0.3393525383040316 0.0 44222.0 1080.0 7.246899965182869 
1.5569615549198257E7 30385.043710333895 0.37258432286280324 0.44437972181035096 16762.0 581.0 8.926587518692783 
4.1241031491064265E7 45151.53692727863 0.0558310593883881 0.0 44141.0 1922.0 12.527480482684151 
1.18125052469444E7 38311.67957872492 0.23494835147404916 0.5502012285532321 11435.0 637.0 9.088850149989073 
1.5520512458250856E7 38128.65987468254 0.38048083033268126 0.3870378907755682 15839.0 595.0 3.165646931284429 
4.8285792166759685E7 33810.6059694601 0.4269149765089625 0.040728519898519326 53712.0 894.0 5.866239174013611 
4.346118634470805E7 39378.39391379623 0.09167423716812785 0.0 47396.0 1778.0 12.896371397732132 
4.810027721506808E7 32912.80800919345 0.4065376449020224 0.06780816473366715 51209.0 939.0 11.570172684860186 
1.808169155694343E7 30720.696685321833 0.22498037554359276 0.4587034983449022 21591.0 766.0 10.25231567702156 
2.565617772977992E7 32465.115745169718 0.4886333902338737 0.24658285258606727 26173.0 646.0 9.936503361365748 
2.8020562103150968E7 31273.334526047907 0.43870524274102773 0.20256800029903935 32127.0 777.0 6.311315244783929 
1.6948019365101535E7 31088.42888814554 0.3916740388169767 0.39739005112740894 18617.0 608.0 4.626650891751467 
2.4278216762775913E7 30764.81595860567 0.5661032682501342 0.21439459071044417 25550.0 618.0 5.070571971894331 
3.136375103026015E7 40353.70926587519 0.2953428776721449 0.2102360749425803 30903.0 943.0 8.920989327970346 
1.2582334972723687E7 37929.9504352261 0.27272283622197024 0.5132937521545369 12073.0 611.0 5.2342308228900665 
2.3852734414572924E7 39278.83281853984 0.4732972409467917 0.22369284506855064 23238.0 708.0 4.62348882753935 
3.9182197812433384E7 33548.914289911954 0.34292952146409666 0.20958191902575282 38738.0 879.0 9.617445472660659 
4.985624160477751E7 35610.36395373726 0.38348679553812004 0.008966380992218522 55477.0 1027.0 8.063314642008768 
3.553863506710201E7 32237.86096907829 0.5337067860053889 0.11642274565588707 37756.0 701.0 5.974797193003249 
4.4953238910467796E7 40122.42401140559 0.3393525383040316 0.0 44222.0 1080.0 7.246899965182869 
1.5569615549198257E7 30385.043710333895 0.37258432286280324 0.44437972181035096 16762.0 581.0 8.926587518692783 
4.1241031491064265E7 45151.53692727863 0.0558310593883881 0.0 44141.0 1922.0 12.527480482684151 
1.18125052469444E7 38311.67957872492 0.23494835147404916 0.5502012285532321 11435.0 637.0 9.088850149989073 
1.5520512458250856E7 38128.65987468254 0.38048083033268126 0.3870378907755682 15839.0 595.0 3.165646931284429 
4.3496978976221636E7 39471.15792597661 0.09264507567147906 0.0 47154.0 1762.0 12.686262553663175 
4.783038994271568E7 36212.84825291321 0.2503468257971376 5.329682760654946E-7 55658.0 1334.0 10.85798921526332 
1.808169155694343E7 30720.696685321833 0.22498037554359276 0.4587034983449022 21591.0 766.0 10.25231567702156 
2.565617717804653E7 32465.160635091954 0.4886333902338737 0.24658285258606727 26173.0 646.0 9.936503361365748 
2.8020562103150968E7 31273.334526047907 0.43870524274102773 0.20256800029903935 32127.0 777.0 6.311315244783929 
1.6948019365101535E7 31088.42888814554 0.3916740388169767 0.39739005112740894 18617.0 608.0 4.626650891751467 
2.4278216762775913E7 30764.81595860567 0.5661032682501342 0.21439459071044417 25550.0 618.0 5.070571971894331 
3.1363751641755022E7 40352.459031325605 0.2953428776721449 0.2102360749425803 30904.0 943.0 8.920989327970346 
1.2582334972723687E7 37929.9504352261 0.27272283622197024 0.5132937521545369 12073.0 611.0 5.2342308228900665 
2.3852734414572924E7 39278.83281853984 0.4732972409467917 0.22369284506855064 23238.0 708.0 4.62348882753935 
4.8114346767961785E7 34383.064652661815 0.3484168064085725 0.008327406199868131 50734.0 1114.0 10.900506036978614 
5.337597514200225E7 33034.13775260515 0.41840589221641156 0.021239249461885813 54463.0 985.0 8.466704896083506 
3.3947720122586116E7 32927.56486763907 0.5298909234387411 0.17047820285852236 33083.0 690.0 6.560522400969831 
4.495310352359106E7 40122.60055440994 0.33935253830402523 0.0 44223.0 1080.0 7.246899965182869 
4.716485239127255E7 41343.12331590736 0.09169491789405919 0.0 50039.0 1763.0 12.950949145110343 
4.878937186753747E7 35705.69096582263 0.31595342051843817 0.0021389596972229865 52681.0 1190.0 11.427240161443436 
5.200946014810419E7 35932.594045677775 0.30800524870426954 0.0016982407588411754 54103.0 1132.0 11.475989845443548 
2.3364082562768467E7 36213.33769377112 0.5078990950954485 0.22921133648639527 23660.0 671.0 6.295497768900025 
2.565617717804653E7 32465.160635091954 0.4886333902338737 0.24658285258606727 26173.0 646.0 9.936503361365748 
1.6948019365101535E7 31088.42888814554 0.3916740388169767 0.39739005112740894 18617.0 608.0 4.626650891751467 
3.1363751226802353E7 40353.36147170996 0.2953428776721449 0.2102360749425803 30904.0 943.0 8.920989327970346 
4.6971878294411644E7 36093.80021104663 0.3917515068763401 0.0016042197729172398 49074.0 984.0 8.030733519964125 
4.1240723286480166E7 45151.878608432526 0.055831059388381496 0.0 44142.0 1922.0 12.527480482684151 
1.2582334972723687E7 37929.9504352261 0.27272283622197024 0.5132937521545369 12073.0 611.0 5.2342308228900665 
1.552051187429332E7 38128.678825068055 0.3804808303325352 0.3870378907754696 15839.0 595.0 3.165646931284429 
3.649577509342111E7 30930.387400212298 0.5531968135691441 0.130253435837232 36143.0 669.0 7.561939649530799 
4.495310352359106E7 40122.60055440994 0.33935253830402523 0.0 44223.0 1080.0 7.246899965182869 
1.5569614774951117E7 30385.04543937053 0.37258432286280324 0.44437972181035096 16762.0 581.0 8.926587518692783 
1.8081694142702457E7 30720.699299899446 0.2249803755435663 0.4587034983449004 21591.0 766.0 10.25231567702156 
