42735.0 7981.776970533932 0.15737409812275885 0.4933196218705257 60.0 74.0 0.0 
52170.0 9620.899125022454 0.3532887917041525 0.3468653591277134 51.0 68.0 0.0 
52170.0 9620.899125022454 0.3532887975326531 0.34686536485024116 51.0 68.0 0.0 
63495.0 9616.922327081082 0.20616570327552985 0.279383429672447 50.0 68.0 0.0 
40880.0 8626.115753688477 0.20169578290018889 0.49075024883995 49.0 70.0 0.0 
52170.0 9620.899125022454 0.3532887975326531 0.34686536485024116 51.0 68.0 0.0 
52170.0 9620.899125022454 0.3532887917041525 0.3468653591277134 51.0 68.0 0.0 
44745.0 8645.053755674562 0.1926782273603083 0.4951830443159923 48.0 71.0 0.0 
40880.0 8626.115753688477 0.20166987797045602 0.49068721901091844 49.0 70.0 0.0 
44745.0 8645.053755674562 0.19270298047235623 0.4952466598139555 48.0 71.0 0.0 
42735.0 7981.776970533932 0.15737409812275885 0.4933196218705257 60.0 74.0 0.0 
52170.0 9620.899125022454 0.35324341682723187 0.3468208092485549 51.0 68.0 0.0 
52170.0 9620.899125022454 0.35328879753340175 0.34686536485097624 51.0 68.0 0.0 
40880.0 8626.115753688477 0.20169578290018889 0.49075024883995 49.0 70.0 0.0 
52170.0 9620.899125022454 0.3532887917041525 0.3468653591277134 51.0 68.0 0.0 
44745.0 8645.053755674562 0.1927029772931741 0.49524665164345744 48.0 71.0 0.0 
42735.0 7981.776970533932 0.1573538856775851 0.4932562620423892 60.0 74.0 0.0 
52170.0 9620.899125022454 0.35324341682723187 0.3468208092485549 51.0 68.0 0.0 
40880.0 8626.115753688477 0.20166987797045602 0.49068721901091844 49.0 70.0 0.0 
43415.0 8262.701513293927 0.1791907514450867 0.48233782915863843 53.0 74.0 0.0 
42735.0 7981.776970533932 0.15737409812275885 0.4933196218705257 60.0 74.0 0.0 
52170.0 9620.899125022454 0.35328879753340175 0.34686536485097624 51.0 68.0 0.0 
52170.0 9620.899125022454 0.3532887975326531 0.34686536485024116 51.0 68.0 0.0 
40880.0 8626.115753688477 0.20166987797045602 0.49068721901091844 49.0 70.0 0.0 
52170.0 9620.899125022454 0.3532887975326531 0.34686536485024116 51.0 68.0 0.0 
44745.0 8645.053755674562 0.1927029772931741 0.49524665164345744 48.0 71.0 0.0 
42735.0 7981.776970533932 0.1573538856775851 0.4932562620423892 60.0 74.0 0.0 
52170.0 9620.899125022454 0.3532887975326531 0.34686536485024116 51.0 68.0 0.0 
40880.0 8626.115753688477 0.20166987797045602 0.49068721901091844 49.0 70.0 0.0 
42735.0 7981.776970533932 0.1573538856775851 0.4932562620423892 60.0 74.0 0.0 
42735.0 7981.776970533932 0.15737409812275885 0.4933196218705257 60.0 74.0 0.0 
52170.0 9620.899125022454 0.3532887917041525 0.3468653591277134 51.0 68.0 0.0 
40880.0 8626.115753688477 0.20166987797045602 0.49068721901091844 49.0 70.0 0.0 
42735.0 7981.776970533932 0.15737409812275885 0.4933196218705257 60.0 74.0 0.0 
42735.0 7981.776970533932 0.1573538856775851 0.4932562620423892 60.0 74.0 0.0 
159070.0 4558.469236471458 0.42587357981791474 0.0 185.0 81.0 2.0625 
159070.0 4558.469236471458 0.42587358684390725 0.0 185.0 81.0 2.0625 
159070.0 4579.954609491388 0.4258188824662813 0.0 185.0 81.0 2.1069444444444443 
159070.0 4694.326724788834 0.42587357981791474 0.0 185.0 87.0 2.3125 
159070.0 4694.326724788834 0.42587358161945127 6.294780613268858E-9 185.0 81.0 2.125 
159070.0 4694.326724788834 0.4258735868441386 8.085781134577852E-13 185.0 81.0 2.125 
159070.0 4558.469236471458 0.4258188824662813 0.0 185.0 87.0 2.3125 
159070.0 4558.469236471458 0.42587357981791474 0.0 185.0 87.0 2.3125 
159070.0 4694.326724788834 0.4258735868441386 8.085781134577852E-13 185.0 81.0 2.125 
159070.0 4558.469236471458 0.42587358684480975 0.0 185.0 81.0 2.0625 
159070.0 4558.469236471458 0.4258188824662813 0.0 185.0 87.0 2.3125 
159070.0 4558.469236471458 0.42587357981791474 0.0 185.0 81.0 2.0625 
159070.0 4694.326724788834 0.4258188824662813 0.0 185.0 87.0 2.3125 
159070.0 4558.469236471458 0.42587358684390725 0.0 185.0 81.0 2.0625 
159070.0 4558.469236471458 0.42587358684390725 0.0 185.0 81.0 2.0625 
159070.0 4558.469236471458 0.42587358684390725 0.0 185.0 81.0 2.0625 
159070.0 4558.469236471458 0.42587358684390725 0.0 185.0 81.0 2.0625 
159070.0 4558.469236471458 0.42587358684480975 0.0 185.0 81.0 2.0625 
159070.0 4558.469236471458 0.42587358684480975 0.0 185.0 81.0 2.0625 
159070.0 4558.469236471458 0.4258188824662813 0.0 185.0 81.0 2.0625 
159070.0 4558.469236471458 0.4258188824662813 0.0 185.0 81.0 2.0625 
40500.0 8363.10105664944 0.18368657675016056 0.49967886962106617 55.0 70.0 0.0 
40500.0 8363.10105664944 0.18371017471736897 0.49974306269270297 55.0 70.0 0.0 
40500.0 8363.10105664944 0.18368657675016056 0.49967886962106617 55.0 70.0 0.0 
40500.0 8363.10105664944 0.18368657675016056 0.49967886962106617 55.0 70.0 0.0 
40500.0 8363.10105664944 0.18371017168615927 0.49974305444696476 55.0 70.0 0.0 
40500.0 8363.10105664944 0.18368657675016056 0.49967886962106617 55.0 70.0 0.0 
40500.0 8363.10105664944 0.1837101747169796 0.4997430626916438 55.0 70.0 0.0 
40500.0 8363.10105664944 0.18368657675016056 0.49967886962106617 55.0 70.0 0.0 
40500.0 8363.10105664944 0.18371017168615927 0.49974305444696476 55.0 70.0 0.0 
40500.0 8363.10105664944 0.18368657675016056 0.49967886962106617 55.0 70.0 0.0 
40500.0 8363.10105664944 0.1837101747173689 0.49974306269270286 55.0 70.0 0.0 
40500.0 8363.10105664944 0.18371017471736897 0.49974306269270297 55.0 70.0 0.0 
40500.0 8363.10105664944 0.18371017471736897 0.49974306269270297 55.0 70.0 0.0 
40500.0 8363.10105664944 0.18368657675016056 0.49967886962106617 55.0 70.0 0.0 
40500.0 8363.10105664944 0.18371017168615927 0.49974305444696476 55.0 70.0 0.0 
42735.0 7981.776970533932 0.1573538856775851 0.4932562620423892 60.0 74.0 0.0 
42735.0 7981.776970533932 0.15737409812275885 0.4933196218705257 60.0 74.0 0.0 
42735.0 7981.776970533932 0.15737410071942443 0.49331963001027734 60.0 74.0 0.0 
42735.0 7981.776970533932 0.15737410071909091 0.49331963000923196 60.0 74.0 0.0 
42735.0 7981.776970533932 0.1573538856775851 0.4932562620423892 60.0 74.0 0.0 
46350.0 7847.76785248781 0.14193962748876043 0.4932562620423892 65.0 81.0 0.5925925925925926 
40500.0 8363.10105664944 0.18368657675016056 0.49967886962106617 55.0 70.0 0.0 
40500.0 8363.10105664944 0.18368657675016056 0.49967886962106617 55.0 70.0 0.0 
40500.0 8363.10105664944 0.1837101747169796 0.4997430626916438 55.0 70.0 0.0 
40500.0 8363.10105664944 0.18368657675016056 0.49967886962106617 55.0 70.0 0.0 
40500.0 8363.10105664944 0.18368657675016056 0.49967886962106617 55.0 70.0 0.0 
40500.0 8363.10105664944 0.18371017168615927 0.49974305444696476 55.0 70.0 0.0 
40500.0 8363.10105664944 0.18368657675016056 0.49967886962106617 55.0 70.0 0.0 
42735.0 7981.776970533932 0.1573538856775851 0.4932562620423892 60.0 74.0 0.0 
42735.0 7981.776970533932 0.1573538856775851 0.4932562620423892 60.0 74.0 0.0 
42735.0 7981.776970533932 0.1573538856775851 0.4932562620423892 60.0 74.0 0.0 
42735.0 7981.776970533932 0.1573538856775851 0.4932562620423892 60.0 74.0 0.0 
42735.0 7981.776970533932 0.15737748364440413 0.4933204551129669 60.0 74.0 0.0 
42735.0 7981.776970533932 0.1573538856775851 0.4932562620423892 60.0 74.0 0.0 
42735.0 7981.776970533932 0.1573538856775851 0.4932562620423892 60.0 74.0 0.0 
42735.0 7981.776970533932 0.1573538856775851 0.4932562620423892 60.0 74.0 0.0 
42735.0 7981.776970533932 0.15737748364440413 0.4933204551129669 60.0 74.0 0.0 
42735.0 7981.776970533932 0.1573538856775851 0.4932562620423892 60.0 74.0 0.0 
42735.0 7981.776970533932 0.1573538856775851 0.4932562620423892 60.0 74.0 0.0 
42735.0 7981.776970533932 0.1573538856775851 0.4932562620423892 60.0 74.0 0.0 
42735.0 7981.776970533932 0.1573538856775851 0.4932562620423892 60.0 74.0 0.0 
42735.0 7981.776970533932 0.1573538856775851 0.4932562620423892 60.0 74.0 0.0 
42735.0 7981.776970533932 0.1573538856775851 0.4932562620423892 60.0 74.0 0.0 
52355.0 6920.783132530118 0.10919835379946531 0.3815518950404847 66.0 79.0 1.0666666666666667 
52355.0 6920.783132530118 0.10918432883750803 0.3815028901734104 66.0 79.0 1.0666666666666667 
52355.0 6920.783132530118 0.10919835379946531 0.3815518950404847 66.0 79.0 1.0666666666666667 
52355.0 6920.783132530118 0.10919835560100186 0.38155190133526534 66.0 79.0 1.0666666666666667 
52355.0 6920.783132530118 0.10918432883750803 0.3815028901734104 66.0 79.0 1.0666666666666667 
56830.0 6788.021443737109 0.13102119460500963 0.3519588953114965 75.0 85.0 1.95 
40500.0 8363.10105664944 0.1837101747173689 0.49974306269270286 55.0 70.0 0.0 
40500.0 8363.10105664944 0.18368657675016056 0.49967886962106617 55.0 70.0 0.0 
40500.0 8363.10105664944 0.18371017471736897 0.49974306269270297 55.0 70.0 0.0 
40500.0 8363.10105664944 0.18368657675016056 0.49967886962106617 55.0 70.0 0.0 
40500.0 8363.10105664944 0.18371017168615927 0.49974305444696476 55.0 70.0 0.0 
42735.0 7981.776970533932 0.15737410071909091 0.49331963000923196 60.0 74.0 0.0 
40500.0 8363.10105664944 0.18368657675016056 0.49967886962106617 55.0 70.0 0.0 
