46345.0 8040.1493930905735 0.16249197174052665 0.48233782915863843 50.0 71.0 0.0 
51760.0 8503.498565343596 0.10919835560100186 0.366778006165718 56.0 68.0 0.0 
56505.0 8443.691021446983 0.13102119460500963 0.3236994219653179 65.0 67.0 0.0 
56505.0 8443.691021446983 0.13103802455935837 0.32374100185253246 65.0 67.0 0.0 
43425.0 9496.724122858308 0.222893114079692 0.4329393627945603 44.0 70.0 0.0 
43425.0 9496.724122858308 0.22286448298008993 0.43288375080282593 44.0 70.0 0.0 
43425.0 9496.724122858308 0.22286448298008993 0.43288375080282593 44.0 70.0 0.0 
45460.0 9558.383305349003 0.10984069705710924 0.4078879686038852 43.0 71.0 0.0 
43425.0 9496.724122858308 0.222893114079692 0.4329393627945603 44.0 70.0 0.0 
45460.0 9558.383305349003 0.10984069705710924 0.4078879686038852 43.0 71.0 0.0 
46345.0 8040.1493930905735 0.1625128468650204 0.4823997944491317 50.0 71.0 0.0 
51760.0 8503.498565343596 0.10919835379946531 0.3667780001146747 56.0 68.0 0.0 
56505.0 8443.691021446983 0.13103802455935837 0.32374100185253246 65.0 67.0 0.0 
43425.0 9496.724122858308 0.22289311408016446 0.4329393627954779 44.0 70.0 0.0 
43425.0 9496.724122858308 0.22289311040243803 0.4329393556519978 44.0 70.0 0.0 
45460.0 9558.383305349003 0.10982658959537572 0.40783558124598585 43.0 71.0 0.0 
46345.0 8040.1493930905735 0.16249197174052665 0.48233782915863843 50.0 71.0 0.0 
51760.0 8503.498565343596 0.10918432883750803 0.36673089274245346 56.0 68.0 0.0 
43425.0 9496.724122858308 0.22286448298008993 0.43288375080282593 44.0 70.0 0.0 
47315.0 8152.990339737324 0.09826589595375723 0.42324983943481054 58.0 77.0 0.0 
46345.0 8040.1493930905735 0.1625128468650204 0.4823997944491317 50.0 71.0 0.0 
51760.0 8503.498565343596 0.10919835379946531 0.3667780001146747 56.0 68.0 0.0 
56505.0 8443.691021446983 0.1310380267212022 0.32374100719355847 65.0 67.0 0.0 
43425.0 9496.724122858308 0.22289311408016446 0.4329393627954779 44.0 70.0 0.0 
43425.0 9496.724122858308 0.22289311408016446 0.4329393627954779 44.0 70.0 0.0 
45460.0 9558.383305349003 0.10984069886924304 0.407887975333154 43.0 71.0 0.0 
46345.0 8040.1493930905735 0.16249197174052665 0.48233782915863843 50.0 71.0 0.0 
51760.0 8503.498565343596 0.10918432883750803 0.36673089274245346 56.0 68.0 0.0 
43425.0 9496.724122858308 0.22289311408016438 0.4329393627954778 44.0 70.0 0.0 
46345.0 8040.1493930905735 0.16249197174052665 0.48233782915863843 50.0 71.0 0.0 
46345.0 8040.1493930905735 0.16251284418391015 0.48239978649057913 50.0 71.0 0.0 
51760.0 8503.498565343596 0.10918432883750803 0.36673089274245346 56.0 68.0 0.0 
43425.0 9496.724122858308 0.22289311040243803 0.4329393556519978 44.0 70.0 0.0 
46345.0 8040.1493930905735 0.16251284418391015 0.48239978649057913 50.0 71.0 0.0 
46345.0 8040.1493930905735 0.16249197174052665 0.48233782915863843 50.0 71.0 0.0 
159070.0 4558.469236471458 0.4258188824662813 0.0 185.0 81.0 2.0 
159070.0 4558.469236471458 0.42587357981791474 0.0 185.0 81.0 2.0 
159070.0 4558.469236471458 0.42587357981791474 0.0 185.0 81.0 2.0 
159070.0 4620.378977983173 0.42587358684390725 0.0 185.0 82.0 1.09375 
159070.0 4558.469236471458 0.42587357981791474 0.0 185.0 81.0 2.0 
159070.0 4620.608126703421 0.4258188824662813 0.0 185.0 82.0 1.09375 
159070.0 4558.469236471458 0.4258188824662813 0.0 185.0 81.0 2.0 
159070.0 4558.469236471458 0.42587357981791474 0.0 185.0 81.0 2.0 
159070.0 4620.378977983173 0.42587358684480975 0.0 185.0 82.0 1.09375 
159070.0 4558.469236471458 0.4258188824662813 0.0 185.0 81.0 2.0 
159070.0 4558.469236471458 0.42587357981791474 0.0 185.0 81.0 2.0 
159070.0 4558.469236471458 0.4258188824662813 0.0 185.0 81.0 2.0 
159070.0 4620.378977983173 0.42587358684390725 0.0 185.0 82.0 1.09375 
159070.0 4558.469236471458 0.42587357981791474 0.0 185.0 81.0 2.0 
159070.0 4558.469236471458 0.42587358684390725 0.0 185.0 81.0 2.0 
159070.0 4558.469236471458 0.4258188824662813 0.0 185.0 81.0 2.0 
159070.0 4558.469236471458 0.42587357981791474 0.0 185.0 81.0 2.0 
159070.0 4620.608126703421 0.4258188824662813 0.0 185.0 82.0 1.09375 
159070.0 4558.469236471458 0.4258188824662813 0.0 185.0 81.0 2.0 
159070.0 4558.469236471458 0.42587358684390725 0.0 185.0 81.0 2.0 
159070.0 4558.469236471458 0.4258188824662813 0.0 185.0 81.0 2.0 
43425.0 9496.724122858308 0.222893114079692 0.4329393627945603 44.0 70.0 0.0 
43425.0 9496.724122858308 0.22289311040243803 0.4329393556519978 44.0 70.0 0.0 
43425.0 9496.724122858308 0.22289311040243803 0.4329393556519978 44.0 70.0 0.0 
43425.0 9496.724122858308 0.22289311040243803 0.4329393556519978 44.0 70.0 0.0 
43425.0 9496.724122858308 0.222893114079692 0.4329393627945603 44.0 70.0 0.0 
43425.0 9496.724122858308 0.222893114079692 0.4329393627945603 44.0 70.0 0.0 
43425.0 9496.724122858308 0.222893114079692 0.4329393627945603 44.0 70.0 0.0 
43425.0 9496.724122858308 0.22289311040243803 0.4329393556519978 44.0 70.0 0.0 
43425.0 9496.724122858308 0.22286448298008993 0.43288375080282593 44.0 70.0 0.0 
43425.0 9496.724122858308 0.22286448298008993 0.43288375080282593 44.0 70.0 0.0 
43425.0 9496.724122858308 0.222893114079692 0.4329393627945603 44.0 70.0 0.0 
43425.0 9496.724122858308 0.22286448298008993 0.43288375080282593 44.0 70.0 0.0 
43425.0 9496.724122858308 0.22289311040243803 0.4329393556519978 44.0 70.0 0.0 
43425.0 9496.724122858308 0.22289311040243803 0.4329393556519978 44.0 70.0 0.0 
43425.0 9496.724122858308 0.22289311408016438 0.4329393627954778 44.0 70.0 0.0 
46345.0 8040.1493930905735 0.16251284418391015 0.48239978649057913 50.0 71.0 0.0 
46345.0 8040.1493930905735 0.16249197174052665 0.48233782915863843 50.0 71.0 0.0 
46345.0 8040.1493930905735 0.16249197174052665 0.48233782915863843 50.0 71.0 0.0 
46345.0 8040.1493930905735 0.1625128468650204 0.4823997944491317 50.0 71.0 0.0 
46345.0 8040.1493930905735 0.16249197174052665 0.48233782915863843 50.0 71.0 0.0 
49895.0 8006.17025585248 0.13423249839434812 0.394990366088632 53.0 77.0 0.0 
43425.0 9496.724122858308 0.222893114079692 0.4329393627945603 44.0 70.0 0.0 
43425.0 9496.724122858308 0.22286448298008993 0.43288375080282593 44.0 70.0 0.0 
43425.0 9496.724122858308 0.22286448298008993 0.43288375080282593 44.0 70.0 0.0 
43425.0 9496.724122858308 0.222893114079692 0.4329393627945603 44.0 70.0 0.0 
43425.0 9496.724122858308 0.22289311040243803 0.4329393556519978 44.0 70.0 0.0 
45045.0 8911.608916115136 0.12909441233140656 0.4682080924855491 45.0 75.0 0.0 
43425.0 9496.724122858308 0.22286448298008993 0.43288375080282593 44.0 70.0 0.0 
46345.0 8040.1493930905735 0.16251284418391015 0.48239978649057913 50.0 71.0 0.0 
46345.0 8040.1493930905735 0.16249197174052665 0.48233782915863843 50.0 71.0 0.0 
46345.0 8040.1493930905735 0.16249197174052665 0.48233782915863843 50.0 71.0 0.0 
46345.0 8040.1493930905735 0.16251284418391015 0.48239978649057913 50.0 71.0 0.0 
46345.0 8040.1493930905735 0.16249197174052665 0.48233782915863843 50.0 71.0 0.0 
46345.0 8040.1493930905735 0.16251284418391015 0.48239978649057913 50.0 71.0 0.0 
46345.0 8040.1493930905735 0.16249197174052665 0.48233782915863843 50.0 71.0 0.0 
46345.0 8040.1493930905735 0.16249197174052665 0.48233782915863843 50.0 71.0 0.0 
46345.0 8040.1493930905735 0.16251284418391015 0.48239978649057913 50.0 71.0 0.0 
46345.0 8040.1493930905735 0.16249197174052665 0.48233782915863843 50.0 71.0 0.0 
46345.0 8040.1493930905735 0.16251284418391015 0.48239978649057913 50.0 71.0 0.0 
46345.0 8040.1493930905735 0.16249197174052665 0.48233782915863843 50.0 71.0 0.0 
46345.0 8040.1493930905735 0.16251284418391015 0.48239978649057913 50.0 71.0 0.0 
46345.0 8040.1493930905735 0.16251284418391015 0.48239978649057913 50.0 71.0 0.0 
46345.0 8040.1493930905735 0.16251284418391015 0.48239978649057913 50.0 71.0 0.0 
52355.0 6920.783132530118 0.10918432883750803 0.3815028901734104 66.0 79.0 0.0 
52355.0 6920.783132530118 0.10918432883750803 0.3815028901734104 66.0 79.0 0.0 
52355.0 6920.783132530118 0.10923903321513397 0.3815028901734104 66.0 79.0 0.0 
52355.0 6920.783132530118 0.10918432883750803 0.3815028901734104 66.0 79.0 0.0 
52355.0 6920.783132530118 0.10918432883750803 0.3815028901734104 66.0 79.0 0.0 
52355.0 6920.783132530118 0.10919835379946531 0.3815518950404847 66.0 79.0 0.0 
44215.0 9005.108375112191 0.17150564979092495 0.4374357584555052 46.0 72.0 0.0 
44215.0 9005.108375112191 0.17148362235067438 0.4373795761078998 46.0 72.0 0.0 
44215.0 9005.108375112191 0.17150564979092495 0.4374357584555052 46.0 72.0 0.0 
44215.0 9005.108375112191 0.17148362235067438 0.4373795761078998 46.0 72.0 0.0 
44215.0 9005.108375112191 0.17148362235067438 0.4373795761078998 46.0 72.0 0.0 
46345.0 8040.1493930905735 0.16251284418391015 0.48239978649057913 50.0 71.0 0.0 
43425.0 9496.724122858308 0.22286448298008993 0.43288375080282593 44.0 70.0 0.0 
