42735.0 7981.776970533932 0.1573538856775851 0.4932562620423892 60.0 74.0 0.0 
53220.0 9668.378261402819 0.36934737314525035 0.34108426980891815 51.0 68.0 0.0 
53220.0 9668.378261402819 0.3692999357739242 0.34104046242774566 51.0 68.0 0.0 
54890.0 9189.518573600528 0.32695271814075205 0.3327338074595473 58.0 68.0 0.0 
47945.0 8983.91216991963 0.25179856115054544 0.3911870503588831 49.0 72.0 0.0 
53220.0 9668.378261402819 0.36934737314525035 0.34108426980891815 51.0 68.0 0.0 
53220.0 9668.378261402819 0.3692999357739242 0.34104046242774566 51.0 68.0 0.0 
47945.0 8983.91216991963 0.25179856115054544 0.3911870503588831 49.0 72.0 0.0 
54440.0 9746.875217662797 0.24341682723185612 0.34104046242774566 48.0 71.0 0.0 
47945.0 8983.91216991963 0.25176621708413616 0.3911368015414258 49.0 72.0 0.0 
42735.0 7981.776970533932 0.1573538856775851 0.4932562620423892 60.0 74.0 0.0 
53220.0 9668.378261402819 0.36934737314525035 0.34108426980891815 51.0 68.0 0.0 
53220.0 9668.378261402819 0.3692999357739242 0.34104046242774566 51.0 68.0 0.0 
47945.0 8983.91216991963 0.25179856115054544 0.3911870503588831 49.0 72.0 0.0 
53220.0 9668.378261402819 0.36934737314525035 0.34108426980891815 51.0 68.0 0.0 
47945.0 8983.91216991963 0.25179856115054544 0.3911870503588831 49.0 72.0 0.0 
42735.0 7981.776970533932 0.15737409812275885 0.4933196218705257 60.0 74.0 0.0 
53220.0 9668.378261402819 0.36934737314525035 0.34108426980891815 51.0 68.0 0.0 
47945.0 8983.91216991963 0.25179856115107907 0.39118705035971213 49.0 72.0 0.0 
42735.0 7981.776970533932 0.1573538856775851 0.4932562620423892 60.0 74.0 0.0 
42735.0 7981.776970533932 0.1573538856775851 0.4932562620423892 60.0 74.0 0.0 
53220.0 9668.378261402819 0.3692999357739242 0.34104046242774566 51.0 68.0 0.0 
53220.0 9668.378261402819 0.3692999357739242 0.34104046242774566 51.0 68.0 0.0 
47945.0 8983.91216991963 0.2517985569964142 0.3911870439051434 49.0 72.0 0.0 
53220.0 9668.378261402819 0.3692999357739242 0.34104046242774566 51.0 68.0 0.0 
47945.0 8983.91216991963 0.25176621708413616 0.3911368015414258 49.0 72.0 0.0 
42735.0 7981.776970533932 0.1573538856775851 0.4932562620423892 60.0 74.0 0.0 
53220.0 9668.378261402819 0.3692999357739242 0.34104046242774566 51.0 68.0 0.0 
47945.0 8983.91216991963 0.25179856115054544 0.3911870503588831 49.0 72.0 0.0 
42735.0 7981.776970533932 0.15737409812275885 0.4933196218705257 60.0 74.0 0.0 
42735.0 7981.776970533932 0.15737409812275885 0.4933196218705257 60.0 74.0 0.0 
53220.0 9668.378261402819 0.36934737314525035 0.34108426980891815 51.0 68.0 0.0 
47945.0 8983.91216991963 0.25179856115054544 0.3911870503588831 49.0 72.0 0.0 
42735.0 7981.776970533932 0.1573538856775851 0.4932562620423892 60.0 74.0 0.0 
42735.0 7981.776970533932 0.1573538856775851 0.4932562620423892 60.0 74.0 0.0 
159070.0 4558.469236471458 0.4258188824662813 0.0 185.0 81.0 1.0625 
159070.0 4558.469236471458 0.42587358684390725 0.0 185.0 81.0 1.0625 
159070.0 4558.469236471458 0.42587358684390725 0.0 185.0 81.0 1.0625 
159070.0 4558.469236471458 0.4258188824662813 0.0 185.0 81.0 1.0625 
159070.0 4558.469236471458 0.42587358684390725 0.0 185.0 81.0 2.0 
159070.0 4709.804160166762 0.42587358684480986 0.0 185.0 86.0 1.21875 
159070.0 4558.469236471458 0.4258188824662813 0.0 185.0 81.0 1.0625 
159070.0 4558.469236471458 0.42587357981791474 0.0 185.0 81.0 1.0625 
159070.0 4558.469236471458 0.42587358684390725 0.0 185.0 81.0 2.0 
159070.0 4558.469236471458 0.42587357981791474 0.0 185.0 81.0 1.0625 
159070.0 4558.469236471458 0.42587357981791474 0.0 185.0 81.0 2.0 
159070.0 4558.469236471458 0.4258188824662813 0.0 185.0 81.0 2.0 
159070.0 4592.8635373113 0.4258188824662813 0.0 185.0 81.0 1.0625 
159070.0 4558.469236471458 0.42587358684390725 0.0 185.0 81.0 2.0 
159070.0 4558.469236471458 0.4258188824662813 0.0 185.0 81.0 2.0 
159070.0 4558.469236471458 0.42587357981791474 0.0 185.0 81.0 1.0625 
159070.0 4558.469236471458 0.42587357981791474 0.0 185.0 81.0 2.0 
159070.0 4558.469236471458 0.4258188824662813 0.0 185.0 81.0 2.0 
159070.0 4558.469236471458 0.42587357981791474 0.0 185.0 81.0 1.0625 
159070.0 4558.469236471458 0.4258188824662813 0.0 185.0 81.0 1.0625 
159070.0 4558.469236471458 0.42587357981791474 0.0 185.0 81.0 2.0 
40500.0 8363.10105664944 0.18368657675016056 0.49967886962106617 55.0 70.0 0.0 
40500.0 8363.10105664944 0.18368657675016056 0.49967886962106617 55.0 70.0 0.0 
40500.0 8363.10105664944 0.18371017168615927 0.49974305444696476 55.0 70.0 0.0 
40500.0 8363.10105664944 0.18368657675016056 0.49967886962106617 55.0 70.0 0.0 
40500.0 8363.10105664944 0.18368657675016056 0.49967886962106617 55.0 70.0 0.0 
40500.0 8363.10105664944 0.18368657675016056 0.49967886962106617 55.0 70.0 0.0 
40500.0 8363.10105664944 0.18368657675016056 0.49967886962106617 55.0 70.0 0.0 
40500.0 8363.10105664944 0.18368657675016056 0.49967886962106617 55.0 70.0 0.0 
40500.0 8363.10105664944 0.18368657675016056 0.49967886962106617 55.0 70.0 0.0 
40500.0 8363.10105664944 0.1837101747169796 0.4997430626916438 55.0 70.0 0.0 
40500.0 8363.10105664944 0.18368657675016056 0.49967886962106617 55.0 70.0 0.0 
40500.0 8363.10105664944 0.18371017168615927 0.49974305444696476 55.0 70.0 0.0 
40500.0 8363.10105664944 0.18371017168615927 0.49974305444696476 55.0 70.0 0.0 
40500.0 8363.10105664944 0.18368657675016056 0.49967886962106617 55.0 70.0 0.0 
40500.0 8363.10105664944 0.18368657675016056 0.49967886962106617 55.0 70.0 0.0 
42735.0 7981.776970533932 0.15737409812275885 0.4933196218705257 60.0 74.0 0.0 
42735.0 7981.776970533932 0.15737409812275885 0.4933196218705257 60.0 74.0 0.0 
42735.0 7981.776970533932 0.15737409812275885 0.4933196218705257 60.0 74.0 0.0 
42735.0 7981.776970533932 0.1573538856775851 0.4932562620423892 60.0 74.0 0.0 
42735.0 7981.776970533932 0.1573538856775851 0.4932562620423892 60.0 74.0 0.0 
46350.0 7847.76785248781 0.14193962748876043 0.4932562620423892 65.0 81.0 0.5925925925925926 
40500.0 8363.10105664944 0.18368657675016056 0.49967886962106617 55.0 70.0 0.0 
40500.0 8363.10105664944 0.18371017168615927 0.49974305444696476 55.0 70.0 0.0 
40500.0 8363.10105664944 0.18371017168615927 0.49974305444696476 55.0 70.0 0.0 
40500.0 8363.10105664944 0.1837101747169796 0.4997430626916438 55.0 70.0 0.0 
40500.0 8363.10105664944 0.18368657675016056 0.49967886962106617 55.0 70.0 0.0 
40500.0 8363.10105664944 0.18368657675016056 0.49967886962106617 55.0 70.0 0.0 
40500.0 8363.10105664944 0.18368657675016056 0.49967886962106617 55.0 70.0 0.0 
42735.0 7981.776970533932 0.15737409812275885 0.4933196218705257 60.0 74.0 0.0 
42735.0 7981.776970533932 0.1573538856775851 0.4932562620423892 60.0 74.0 0.0 
42735.0 7981.776970533932 0.1573538856775851 0.4932562620423892 60.0 74.0 0.0 
42735.0 7981.776970533932 0.1573538856775851 0.4932562620423892 60.0 74.0 0.0 
42735.0 7981.776970533932 0.1573538856775851 0.4932562620423892 60.0 74.0 0.0 
42735.0 7981.776970533932 0.1573538856775851 0.4932562620423892 60.0 74.0 0.0 
42735.0 7981.776970533932 0.15737409812275885 0.4933196218705257 60.0 74.0 0.0 
42735.0 7981.776970533932 0.1573538856775851 0.4932562620423892 60.0 74.0 0.0 
42735.0 7981.776970533932 0.1573538856775851 0.4932562620423892 60.0 74.0 0.0 
42735.0 7981.776970533932 0.1573538856775851 0.4932562620423892 60.0 74.0 0.0 
42735.0 7981.776970533932 0.15737409812275885 0.4933196218705257 60.0 74.0 0.0 
42735.0 7981.776970533932 0.1573538856775851 0.4932562620423892 60.0 74.0 0.0 
42735.0 7981.776970533932 0.1573538856775851 0.4932562620423892 60.0 74.0 0.0 
42735.0 7981.776970533932 0.1573538856775851 0.4932562620423892 60.0 74.0 0.0 
42735.0 7981.776970533932 0.15737409812275885 0.4933196218705257 60.0 74.0 0.0 
52355.0 6920.783132530118 0.10918432883750803 0.3815028901734104 66.0 79.0 1.0666666666666667 
52355.0 6920.783132530118 0.10918432883750803 0.3815028901734104 66.0 79.0 1.0666666666666667 
52355.0 6920.783132530118 0.10918432883750803 0.3815028901734104 66.0 79.0 1.0666666666666667 
52355.0 6920.783132530118 0.10918432883750803 0.3815028901734104 66.0 79.0 0.0 
52355.0 6920.783132530118 0.10918432883750803 0.3815028901734104 66.0 79.0 1.0666666666666667 
56830.0 6788.021443737109 0.13102119460500963 0.3519588953114965 75.0 85.0 1.95 
40500.0 8363.10105664944 0.18371017435704798 0.4997430626927096 55.0 70.0 0.0 
40500.0 8363.10105664944 0.18371017168615927 0.49974305444696476 55.0 70.0 0.0 
40500.0 8363.10105664944 0.18371017168615927 0.49974305444696476 55.0 70.0 0.0 
40500.0 8363.10105664944 0.18371017168615927 0.49974305444696476 55.0 70.0 0.0 
40500.0 8363.10105664944 0.18371017168615927 0.49974305444696476 55.0 70.0 0.0 
42735.0 7981.776970533932 0.15737409812275885 0.4933196218705257 60.0 74.0 0.0 
40500.0 8363.10105664944 0.18371017168615927 0.49974305444696476 55.0 70.0 0.0 
