1.925334167191691E7 34853.61678862539 0.23765331578245077 0.5102772298227521 20561.0 704.0 11.92825749314299 
1.6283030392526738E7 32404.18901037465 0.3727396854898581 0.4279113473888598 16684.0 577.0 9.11939406490827 
1.147582856467835E7 34251.62301530221 0.23941317683608077 0.5642186974344916 12160.0 623.0 6.638785218809938 
3.406728925098956E7 34942.09601015992 0.29344272944850447 0.21124325603999028 36018.0 995.0 10.157203605711457 
1.487025109252469E7 39116.41806070167 0.28706215653135936 0.4884673096227773 16461.0 675.0 6.596357047093126 
4.359813351690563E7 43044.19144039908 0.39324190824945715 0.00630266934140683 40410.0 1054.0 8.33534024879545 
4.528037353769868E7 39313.969325750884 0.14028886286045447 3.5408357908323044E-14 49256.0 1749.0 12.231843736874268 
1.0169566668656588E7 32143.50740837361 0.20679400758425207 0.6259890103037633 10212.0 611.0 8.696824787103832 
4.668556971362999E7 37312.48193777515 0.30671228396247474 0.07944781613253243 51895.0 1279.0 11.950072690919699 
4.225305707432283E7 45115.78619369759 0.14103131191048757 0.0 43157.0 1630.0 10.506396775137993 
4.183336854332547E7 47120.163398353005 0.050390204002596785 0.0 42950.0 1964.0 12.478444387547839 
4.530242364926548E7 29946.827532918065 0.5474909105034815 0.12266884437880535 42450.0 702.0 6.129830151150278 
5.021232444091806E7 33928.73954840332 0.36272015624084536 0.03284241042318219 54949.0 986.0 7.704161926760176 
1.4928389382736448E7 40726.17305457387 0.3588004784629378 0.43024284486088443 14300.0 617.0 5.156182200828753 
3.662529460379003E7 34605.10930765444 0.5361676279871455 0.11507291672074635 34634.0 747.0 6.9761049935798 
2.426078059652508E7 35173.033122046996 0.557583183208128 0.18091341885711024 25112.0 608.0 5.536449048264927 
2.58128725955101E7 34156.526654209956 0.4845314795682624 0.2617629804222888 25363.0 661.0 10.22137806783947 
1.2752476368730495E7 33784.18030053467 0.2835422455362149 0.523988561745393 13276.0 578.0 5.668934931195322 
5.118961300714653E7 34535.681799580736 0.24445428411797515 0.0027105846983297255 54991.0 1218.0 12.035528511078404 
2.148956683814866E7 41251.78677973925 0.5529580041176461 0.2087927613589833 19956.0 625.0 5.677427790379951 
1.6743181693866242E7 33536.465230667054 0.36551322206681036 0.4312290877747924 16854.0 638.0 6.618649410077926 
3.912259337484896E7 43427.77079791919 0.3227236668867929 0.0 37950.0 1269.0 9.96243835511456 
3.0485076541997083E7 35483.98919408142 0.5108012273060011 0.20134775227524052 33151.0 696.0 7.4711337859941995 
1.1886990494517684E7 38455.12593314234 0.2570232710750049 0.5388886120006147 12708.0 639.0 6.207385803439288 
2.088450405158365E7 40886.01857218245 0.5467747425803581 0.2223118507637035 19542.0 619.0 5.727246160904081 
1.0169580308432268E7 32144.612660248724 0.20679400758396982 0.6259890103043971 10212.0 611.0 8.696824787103832 
2.0982324240645207E7 36707.1455395304 0.4882227425408972 0.28879070902360643 19630.0 602.0 6.066727840436255 
2.1846236856333602E7 35818.56525837566 0.5356796129105946 0.2402072506580416 21407.0 602.0 7.8204626907625965 
5.164759075601311E7 36603.02106915159 0.26177361231166185 5.858451719572952E-7 56642.0 1329.0 11.03946167427248 
4.8992217584174104E7 36815.72967579367 0.2097218833228635 8.254723103360555E-4 53320.0 1483.0 12.297975814433137 
4.4817789677930646E7 41962.230632600076 0.3783210850123336 0.0 43385.0 1162.0 10.264264104203896 
4.397848805479275E7 44205.13878494613 0.14739101685707656 0.0 44212.0 1725.0 11.801100183107655 
4.348086475740218E7 46770.417212938475 0.053889470847653026 0.0 43949.0 2015.0 12.576872834671258 
2.742072046169709E7 36090.83199313092 0.5363389524289134 0.19698157483503534 27492.0 675.0 7.371044914958187 
3.1612288158916123E7 37548.311447354055 0.5626917665626606 0.135932965418421 29291.0 691.0 7.528684669590986 
5.556402316224206E7 34503.707071555546 0.30135969306966676 0.003753562769641309 58259.0 1184.0 12.152419907504644 
5.17734912349211E7 33732.98968821598 0.4792154449441198 0.05334485116994897 52273.0 874.0 8.955435186718743 
4.22530477977068E7 45115.803003918474 0.14103131191048757 0.0 43158.0 1630.0 10.506396775137993 
4.66902906104606E7 39705.98715607051 0.28837537704356314 0.0 48070.0 1223.0 10.786432206981116 
1.2752293288923664E7 33784.14338216645 0.2835422455362149 0.523988561745393 13277.0 578.0 5.668934931195322 
1.3730370273797398E7 37583.95224189096 0.3242237185710503 0.4665476048323876 14090.0 614.0 6.1184560010043745 
1.139382193770558E7 36440.52978124947 0.2575577441243504 0.5670164108048614 11455.0 609.0 9.434079637921903 
4.041331239930093E7 40016.465171286574 0.5235986439410851 0.06525384571455271 43985.0 854.0 9.006913725740711 
1.6723048978656737E7 38067.24224436048 0.374551571252797 0.4148076234184937 16368.0 635.0 8.847801934451509 
1.1742398448882014E7 34519.04741611269 0.2573968029820836 0.5576662496041367 12114.0 606.0 7.2685519621673365 
4.484909906169295E7 41004.99226883773 0.10506882703471855 0.0 48096.0 1725.0 12.099362431576898 
2.3723390187125675E7 36135.57376808985 0.5710295560620299 0.19136940145470027 23416.0 629.0 5.676314936722684 
2.2089413494755663E7 39115.23727105705 0.5418369095147365 0.22616383808282758 20870.0 639.0 6.214887736597134 
1.5366453313519442E7 36466.20330318264 0.2669027136753246 0.5300933977790122 14021.0 656.0 9.085362643127112 
4.9419094612072006E7 40191.22368329419 0.35725299428399365 0.007392909244770711 50347.0 1202.0 10.682067789746242 
4.639816414068761E7 42896.73781932329 0.07746979757757623 0.0 47855.0 1958.0 12.903061866508402 
1.8729066817567427E7 37274.479656594514 0.40762238016374464 0.3662033984539267 18258.0 652.0 8.888245047366125 
4.2557213239807606E7 35451.187138648835 0.4602293670859789 0.042285987218158315 48297.0 825.0 8.622488674742122 
1.3367697522819545E7 36676.49323139974 0.30426733285952634 0.5026404758042684 12827.0 603.0 4.811552007887888 
4.1904702713927165E7 46918.81195484578 0.049621840637331084 0.0 43087.0 1969.0 12.443367464470915 
3.459970713493089E7 34430.405672050685 0.5106454778134848 0.1330723664058728 35555.0 801.0 10.19107077540858 
1.1618362332019664E7 37983.185429099 0.259240105518486 0.5429640570547896 12373.0 625.0 5.946126541831229 
5.073497334827471E7 40257.70726647082 0.20646207303385725 6.764529577750711E-5 51750.0 1453.0 12.43965949453061 
5.139365224993498E7 34079.72992149088 0.49423467295202395 0.004080636703925406 52824.0 900.0 9.648630858157041 
4.225304495051266E7 45115.80835111683 0.14103131191048757 0.0 43158.0 1630.0 10.506396775137993 
4.332753569571753E7 42460.886679256124 0.17692636352059976 0.0 43186.0 1499.0 11.196821538038222 
5.080905001209237E7 38010.324551658436 0.2159414797240119 0.0014380869808999206 53211.0 1304.0 11.658913810426832 
4.088937442195413E7 38069.53982396438 0.5384415705778826 0.0571548721037084 39539.0 844.0 8.295696373761952 
1.5377219270852916E7 36088.860187853556 0.33038620682494274 0.4792671467212136 15120.0 616.0 9.184799615485488 
5.0378962476109095E7 37776.48699222307 0.162348346224135 5.595441856125001E-7 56509.0 1632.0 12.327670274740578 
4.459771772195273E7 41781.43433976286 0.3874012972074999 0.0 43015.0 1153.0 10.23188399018355 
1.1742400189979877E7 34518.95375365811 0.2573970702448932 0.5576668286457058 12114.0 606.0 7.2685519621673365 
1.1618362332019664E7 37983.185429099 0.259240105518486 0.5429640570547896 12373.0 625.0 5.946126541831229 
4.5090410559067145E7 43402.22205808058 0.12681123680672007 0.0 45684.0 1653.0 12.505478682483911 
4.789627192782037E7 39585.871797747575 0.4488285042337904 0.0034732136831120827 47514.0 963.0 9.76749466824192 
5.441935537352114E7 32342.547484856357 0.4726529849390241 0.02186203709952912 54808.0 967.0 10.011531796390724 
1.3555599486591611E7 34292.19208824643 0.3016452338059465 0.5041351490263061 13778.0 612.0 8.84942506382907 
5.214425023950234E7 35203.78106258206 0.3587173524244413 0.009428039844419518 53362.0 1078.0 10.797778831972073 
1.921519864308494E7 36490.21140320198 0.4251756896834315 0.3313622419158757 19213.0 641.0 7.685160775181307 
1.3367697284777341E7 36676.273088908056 0.3042670169299698 0.5026399538981502 12828.0 603.0 4.811552007887888 
2.3606160091621608E7 40355.34683088626 0.5863916476738813 0.18039944553180665 22336.0 631.0 7.331529198964755 
4.187371684383327E7 46878.873555888975 0.05067055417803639 0.0 43021.0 1965.0 12.399419866601148 
4.573707313294009E7 42456.190022908144 0.0921362081228552 0.0 47518.0 1808.0 13.004606004511592 
3.6565232547609985E7 34447.37231314151 0.5124158303784193 0.12055010720756734 40354.0 761.0 8.06161275403211 
4.228880466841396E7 46919.53099605552 0.10936210199515099 0.0 43555.0 1857.0 11.944851167324853 
4.501712008567891E7 42446.548395216334 0.36215910329825507 0.0 43316.0 1214.0 10.281949953623073 
1.1475741765660435E7 34252.39304989951 0.23941317683608077 0.5642186974344916 12159.0 623.0 6.638785218809938 
5.20876218428369E7 36026.61381024628 0.2698832200161369 3.1026398816527205E-7 57493.0 1328.0 12.092444171485424 
1.22444177749796E7 35830.269574467435 0.2704385079595541 0.5460323294743066 11840.0 605.0 8.598365231259967 
3.0802942610032957E7 35891.472166115214 0.3516567005432848 0.2180547005126817 32220.0 877.0 8.035056354865876 
4.487149355944945E7 37366.581133808264 0.22401981833768084 0.0 45969.0 1329.0 11.154881650057433 
2.3164227236125175E7 36370.558108078454 0.5337955983071329 0.23218120122423477 22104.0 628.0 6.091703659818347 
4.22530477977068E7 45115.803003918474 0.14103131191048757 0.0 43158.0 1630.0 10.506396775137993 
3.456081376007591E7 35909.18069170554 0.4941884612344166 0.12316682656951224 39637.0 768.0 8.19100770556419 
3.2425299139314238E7 36045.53654839915 0.5611608125563211 0.13121389203849249 32592.0 746.0 8.532926368380897 
1.1618387635279125E7 37982.50670714207 0.259240105518486 0.5429640570547896 12372.0 625.0 5.946126541831229 
4.520913386379527E7 41578.26989758736 0.20252625676861336 0.0 47360.0 1582.0 11.766302951295359 
2.0902547020238634E7 36613.957691738804 0.520047555511715 0.2525166522165749 20086.0 612.0 5.656453769595277 
4.522774106823134E7 37305.502246341886 0.365097830881266 0.009453997010216854 48946.0 1072.0 9.582770370031351 
5.160216090259587E7 35896.30882176601 0.28213522876382413 6.499831378376749E-7 53193.0 1226.0 11.760027390211944 
4.288016324522945E7 46977.7849998852 0.05789214647946851 0.0 43901.0 1974.0 12.220583126945282 
1.6558775408891177E7 39150.431562781894 0.381316686810338 0.41022382263638524 15500.0 605.0 5.998945639515022 
2.351973504370827E7 35751.13926856113 0.4405166729831739 0.30937040863475185 23940.0 687.0 8.167999722611466 
3.3138788422948804E7 39200.22172217932 0.5554494151606556 0.0896805577908492 34138.0 777.0 7.147951655445261 
1.1475741765660435E7 34252.39304989951 0.23941317683608077 0.5642186974344916 12159.0 623.0 6.638785218809938 
4.459771772195273E7 41781.43433976286 0.3874012972074999 0.0 43015.0 1153.0 10.23188399018355 
2.1778160005923618E7 35983.76964621878 0.40001702862891636 0.38347641534890703 21172.0 652.0 9.938119292342959 
4.340322329052213E7 37994.914299128 0.48189426793202256 0.004828234268003343 44491.0 905.0 7.660444436566856 
1.3194404301479025E7 35677.18891280207 0.29100235181733697 0.5073280136228889 12837.0 612.0 9.722606516290726 
4.710424032718244E7 41426.42991150223 0.07861715217244584 0.0 48712.0 1909.0 13.0088158961412 
1.5042865503712518E7 37524.41826197371 0.3782895590731867 0.42271450598856797 14787.0 591.0 5.981369177098726 
4.764684699060809E7 39764.96699926842 0.23780870847329155 0.0 45497.0 1244.0 10.343330254916609 
1.2998220873811793E7 36112.74830448853 0.30172310855220463 0.4919088138637815 12732.0 582.0 5.8041710410236895 
3.456081376007591E7 35909.18069170554 0.4941884612344166 0.12316682656951224 39637.0 768.0 8.19100770556419 
1.1475778644707274E7 34252.04487343016 0.23941317683608077 0.5642186974344916 12159.0 623.0 6.638785218809938 
4.187399775632162E7 46878.16995970489 0.05067055417803639 0.0 43024.0 1965.0 12.399419866601148 
3.459984998950218E7 34429.529838035276 0.5106460080319782 0.13307250457889638 35556.0 801.0 10.19107077540858 
