4.0084240100502476E7 33354.52287478277 0.3268769866118074 0.18106935635936222 37633.0 1043.0 10.290077910083893 
1.4967785604205174E7 39776.14495779632 0.3595428887814233 0.41631880976738056 14672.0 613.0 4.210404978074311 
4.8578372089267515E7 34672.79073922109 0.5081226641094024 0.052508836998992364 50343.0 844.0 6.940980438407378 
3.6756783218501635E7 33022.07953901705 0.4689046138191333 0.17605922634035417 35078.0 722.0 6.71795057706891 
1.063836017088029E7 31912.12102188845 0.21469570670886443 0.6064787702837966 11059.0 609.0 8.849317261512383 
5.678740785311693E7 28148.834162477055 0.2798458051289322 2.233481525716817E-20 56953.0 1148.0 12.249794008704011 
9404188.80944603 38416.02286741979 0.18810904541136036 0.6396060576169289 9270.0 638.0 10.44375 
1.9644958517718963E7 39798.07142487225 0.4029606970939191 0.3637221675367881 18301.0 644.0 10.135517515972042 
4.065769333714586E7 45615.76414369602 0.054974426171832805 9.733699866142903E-129 43325.0 1867.0 12.857287348666295 
4.64227982723581E7 26606.466390861657 0.5734649950212996 0.025999795465230135 45061.0 814.0 11.23752438817889 
4.572187388972533E7 36770.50499833022 0.11277312344080478 0.0 49332.0 1715.0 12.726113430384903 
9677019.186305981 38772.630832607436 0.18972910428614098 0.6123140012621696 9509.0 626.0 4.742124167405009 
1.5782959187637618E7 38076.34183200075 0.24936532081799634 0.49534049434888927 15473.0 686.0 6.68678412683872 
1.761938578728315E7 28332.646867232277 0.37338902940968804 0.4197660847859584 18063.0 643.0 9.967932427969147 
2.3623864250431895E7 39659.94812824723 0.5042551107898514 0.23363477034381075 23078.0 662.0 6.12897470770154 
3.0833755810198113E7 33799.17391812201 0.42163464284045543 0.2459595985816413 35702.0 753.0 6.985896956735183 
1.039642914277347E7 32330.21455819715 0.2079621299907381 0.6064787702837966 10759.0 599.0 6.857947283064545 
1.8136437121897727E7 32334.178543150178 0.3890990235634371 0.40290844184825503 18290.0 630.0 6.502322335386126 
1.6291013103887793E7 31090.004776098467 0.2793266191197692 0.456689141410901 18690.0 729.0 11.431236359459353 
2.4697303999667555E7 33479.864242135445 0.5477657735298546 0.20618636984274494 25670.0 655.0 6.858972133921523 
4.911572015180224E7 36450.646834570856 0.25167612699248093 2.893051587471996E-7 54831.0 1249.0 11.570110794742378 
5.3469884400652006E7 34743.30527169955 0.36233599561408675 0.03015313306046094 59133.0 1002.0 8.392639814212561 
4.515833712322071E7 28516.539010268803 0.49686722707656067 0.03990345583835776 54709.0 920.0 11.277622310516797 
2.6626706124175534E7 32339.19089850431 0.5712689671321287 0.2010883785835855 26229.0 628.0 10.28217901048358 
2.8025316566006243E7 39283.28392040505 0.21828314954833694 0.3256932936272037 27370.0 971.0 9.351459743012082 
9676499.514443798 39161.74513117916 0.18619352365475234 0.6123141906624968 9575.0 643.0 5.218663872003225 
1.8661133820056368E7 38141.914692133105 0.34128867130107937 0.42745967386056266 17454.0 630.0 7.488593740208909 
4.868914770093048E7 28377.063560938757 0.5480726360914024 0.019951523505849604 46449.0 832.0 11.345607812856981 
3.388239475088501E7 34534.550694742094 0.5046233943588857 0.1644039726503891 34920.0 729.0 7.478137522691788 
1.121520654909092E7 33917.17776938879 0.20380386603564318 0.5892368061475309 11336.0 651.0 6.937626565338099 
1.5330113564385748E7 34934.78154862158 0.2865686829303748 0.47376918963539044 15994.0 646.0 8.298040571762783 
1.3787278014923623E7 35648.19508893748 0.266378633639397 0.5342161223732267 13012.0 645.0 7.249729598081582 
1.9644816220733926E7 39798.21056412511 0.40296069525570904 0.3637221660597512 18302.0 644.0 10.135517515972042 
5.233017569002827E7 34466.0880644493 0.19294282622225592 4.807647123587425E-7 56878.0 1455.0 11.58869875515674 
4.240030863226409E7 33664.22641289414 0.4718794291261934 0.14422403007003534 46720.0 837.0 9.706561654515191 
3.6024219121100254E7 34205.59100415576 0.5271399181511872 0.15913966051960474 37936.0 712.0 10.604324095322065 
3.2661462212448925E7 37922.53829600107 0.5641298535435605 0.13004044295155673 34898.0 716.0 8.972678026608243 
2.4605206319402248E7 33279.964497429486 0.5466812863675442 0.22431584368549368 25006.0 644.0 7.59050714794959 
1.7619455929701053E7 28340.73532707639 0.3733890294098211 0.4197660847855489 18063.0 643.0 9.967932427969147 
5.061484805497364E7 33297.84270099265 0.47869136047660776 0.005871938675429832 55778.0 989.0 9.104656090801264 
3.4256994586605735E7 36462.93820276507 0.22557223163640114 0.24199342944134353 37043.0 1132.0 10.450188868303494 
1.0691460838010343E7 35381.78429774433 0.22320459772501908 0.5959079416666234 10849.0 622.0 8.890095080378751 
1.0699192193054834E7 32146.235366633595 0.21469570670886443 0.6064787702837966 10981.0 597.0 8.490243902439024 
5.403772408192855E7 34234.733428173306 0.4244537086549993 0.0032759309925915157 53320.0 957.0 8.977691229472903 
4.758533903370377E7 42668.92802957176 0.12058663834491551 0.0 47842.0 1698.0 12.282921354782816 
4.7931082215515345E7 39155.204922367455 0.17160527136035117 3.370123707713614E-7 53530.0 1496.0 11.389901028818292 
4.555213671449433E7 46109.85574457508 0.0878583799543965 0.0 46386.0 1934.0 12.789628581607166 
2.127885329551741E7 34111.44626731521 0.37146795795090726 0.38764005845101274 20582.0 669.0 8.376201478697352 
4.7425081030620195E7 38819.241575595006 0.13263107617707678 0.0 49669.0 1479.0 12.241828293014779 
5.180715651920197E7 32490.554752724354 0.4153994714900554 0.0017963108136872653 55983.0 1049.0 10.443643458142212 
1.2724030777837949E7 38202.366529708015 0.24955741185876637 0.5391632098932078 12358.0 613.0 5.704634910220745 
5.2589833055094875E7 33288.44825106159 0.20239673972002944 4.964784437768704E-9 57077.0 1506.0 12.403821160497131 
4.907338670123334E7 40259.49318913816 0.1770151062129254 8.002976384264513E-8 47921.0 1444.0 12.19372722331771 
1.0699182809568135E7 32146.427349073092 0.21469570670886443 0.6064787702837966 10981.0 597.0 8.490243902439024 
1.0691849662529023E7 35380.319447092465 0.2232048294850379 0.5959085604156867 10849.0 622.0 8.890095080378751 
1.873773007097467E7 37079.08646123441 0.4262136779204328 0.3670807872617682 17813.0 616.0 7.983556021094791 
1.6891034705722813E7 32376.02706959832 0.35787117219227854 0.45440999954264444 17508.0 644.0 8.966547717544028 
1.5193132866465908E7 35780.76563130849 0.31770852802005856 0.4865255782460251 14580.0 624.0 9.154934367460005 
9677015.31714367 38773.52822161625 0.1897290371348709 0.6123141906624968 9508.0 626.0 4.742124167405009 
4.117217421538456E7 45659.89940934861 0.04790860097958765 1.0106792096380801E-134 44071.0 1926.0 13.00664844316377 
1.6170128945868328E7 38278.58732795606 0.3581044248430824 0.42468733289377364 14892.0 632.0 6.236038738452288 
4.813001622587635E7 28481.44768365311 0.5693168807245842 0.019951530707594353 45873.0 822.0 11.271546434715775 
1.0295428135584613E7 32263.422160898892 0.20612428407102115 0.6064787702832969 10732.0 601.0 7.086971450871204 
1.9644932443688277E7 39798.549173525214 0.4029606970939191 0.3637221675367881 18301.0 644.0 10.135517515972042 
5.2011813017757654E7 30526.80148246731 0.5076135543591687 0.008628521885399523 57385.0 899.0 10.093187417511146 
2.460328518401074E7 33281.14515730003 0.5466812841142544 0.2243158387260999 25002.0 644.0 7.59050714794959 
5.059881071966618E7 38037.74733261196 0.4594456249749888 0.06671333507861785 51005.0 889.0 7.756393205370593 
2.8043409617816456E7 36820.61336809608 0.49575635900070425 0.2373207925956537 27731.0 667.0 8.41838382804116 
5.166573592772281E7 37322.75749393672 0.16647582080659148 3.5868815603115284E-7 58121.0 1506.0 11.983046672925914 
3.7932493346408434E7 35926.566592611074 0.42921964312599614 0.12575214025760967 38039.0 802.0 9.608897963384923 
3.4432167907527104E7 37123.507334278416 0.2327055434184413 0.2419935163493291 35648.0 1066.0 10.404188778925647 
4.819083328050404E7 33537.67274501622 0.5173686642404357 0.01384612988469346 53940.0 910.0 11.122821493245663 
5.084562270009588E7 38499.06766995604 0.09075025708747682 6.538624018549607E-13 54890.0 1850.0 13.207348078737207 
3.782326217862409E7 34721.481314269455 0.49116121629970355 0.11982327624249157 38151.0 808.0 8.018365232819502 
1.4815436110818634E7 38126.46591411057 0.3433134147037904 0.44436887709807543 14580.0 620.0 5.691896216253589 
5.058786404656058E7 35456.47964560001 0.28727504046669994 0.0 57925.0 1318.0 11.970546348023902 
5.205850670163228E7 39275.94567765881 0.16668867476494348 3.1308901146275705E-8 55193.0 1469.0 11.054130640592305 
2.2654863979568485E7 35550.12214424502 0.5112113676362938 0.24462015294600165 23570.0 638.0 7.989182073095136 
1.0699192193054834E7 32146.235366633595 0.21469570670886443 0.6064787702837966 10981.0 597.0 8.490243902439024 
1.3542244354811335E7 36582.16262689469 0.26897418192579053 0.5190196088611078 13333.0 640.0 7.549449514121088 
3.5550161127879E7 30754.946973932132 0.5784230564455689 0.1220453230519951 37115.0 701.0 10.209727970006288 
1.0691849662529023E7 35380.319447092465 0.2232048294850379 0.5959085604156867 10849.0 622.0 8.890095080378751 
1.689104131850561E7 32377.692163082018 0.35787080060430804 0.4544095277156222 17509.0 644.0 8.966547717544028 
5.084556284027812E7 38499.72855103707 0.09075013186817062 6.789249150957191E-19 54890.0 1850.0 13.207348078737207 
1.209030791568493E7 33066.346888522996 0.2643795718965616 0.5573651339186053 12609.0 611.0 6.328805160269707 
1.2534612668864034E7 34427.74053716077 0.2691351230680573 0.5454554893908637 11936.0 596.0 9.923067243472802 
4.3919503049874514E7 35471.06083364156 0.4753734094083077 0.053941240908123377 52991.0 865.0 8.935997177914821 
5.442487060394624E7 35628.936952569005 0.19127641236827964 2.891326580935529E-7 59137.0 1417.0 12.426961167442322 
9677015.31714367 38773.52822161625 0.1897290371348709 0.6123141906624968 9508.0 626.0 4.742124167405009 
4.140747774929761E7 45508.84024897386 0.04628361460766825 1.0106792096380801E-134 44254.0 1929.0 13.051481914619593 
4.8889834098068334E7 28116.958524030993 0.5549879274130903 0.019951530707594353 46654.0 823.0 11.226026181141883 
1.9644737004760973E7 39802.00974098689 0.4029606970939191 0.3637221675367881 18302.0 644.0 10.135517515972042 
1.6861389815322734E7 33687.526689035905 0.37987301224710174 0.4250922815743159 16846.0 641.0 7.388173950674558 
4.927629880561372E7 38114.611653974534 0.17136604845114334 0.0 50805.0 1372.0 11.554190278303956 
2.4605091940323625E7 33280.15839918692 0.5466812863675442 0.22431584368549368 25005.0 644.0 7.59050714794959 
1.953378133879757E7 34969.159335544755 0.4396029426270786 0.3420518438144089 19795.0 644.0 6.714474208528052 
1.281744145027465E7 36491.77941046368 0.2976995799955352 0.5100899712901769 12299.0 603.0 9.039710336617809 
2.460496038015792E7 33280.3812819645 0.546681286367595 0.22431584368538962 25006.0 644.0 7.59050714794959 
4.889085085449999E7 37597.80605007197 0.24212351676115623 1.6523947576756439E-7 54203.0 1478.0 12.409163954465447 
5.446011785929947E7 36017.86685587887 0.15772231942144255 0.0 58412.0 1765.0 13.029836630606185 
5.4119512016004965E7 34695.9771771641 0.26407326456127966 0.004781509420248472 56979.0 1273.0 12.082304125850676 
3.242869267599242E7 31926.633666559614 0.49038766048687293 0.23147489577763125 34822.0 677.0 10.827767934223576 
1.1123616687428564E7 33909.62251438338 0.2295230737921095 0.580915060368566 11517.0 626.0 6.778329707892831 
1.2646057894774862E7 38306.81071547341 0.29108541821334566 0.528172487371312 12255.0 624.0 7.949496916087954 
2.9125980029344834E7 37641.573095401385 0.44252064978688277 0.246302247465177 29545.0 703.0 6.123475427893106 
1.617748851391805E7 35302.366917306856 0.3798262873993469 0.40722262313295293 16339.0 603.0 6.040549747197239 
4.877189489192414E7 40449.87442236463 0.11138165374811154 0.0 52543.0 1927.0 12.808513708418014 
1.0699187537649533E7 32146.324724271686 0.21469570670886443 0.6064787702837966 10982.0 597.0 8.490243902439024 
9677015.31714367 38773.52822161625 0.1897290371348709 0.6123141906624968 9508.0 626.0 4.742124167405009 
1.761946259705715E7 28345.787639902737 0.3733891576207989 0.4197656903632139 18063.0 643.0 9.967932427969147 
1.5838974387404544E7 34065.84834284251 0.31099020335692074 0.47020771790651916 15622.0 666.0 8.985170092791394 
5.013819879691816E7 37304.85100133119 0.28780978550703257 0.0 57196.0 1230.0 11.42230227765985 
