406170.0 22634.919863417916 0.10711425715605069 0.7601751237732275 370.0 134.0 0.0 
430435.0 22538.78406151411 0.11389475037458872 0.7482508080806314 388.0 132.0 0.0 
451000.0 22985.7147510048 0.1212889951384509 0.743866868497314 394.0 128.0 0.0 
451000.0 22985.7147510048 0.12128828618190321 0.7438625204582652 394.0 128.0 0.0 
402920.0 23371.362330361822 0.10243805493368557 0.7606719702593537 365.0 137.0 0.0 
406170.0 22634.919863417916 0.10711425715605069 0.7601751237732275 370.0 134.0 0.0 
429150.0 22582.077144041363 0.11216974514846856 0.7498246434416648 384.0 132.0 0.0 
402920.0 23371.362330361822 0.10243805493368557 0.7606719702593537 365.0 137.0 0.0 
406170.0 22634.919863417916 0.10711425715605069 0.7601751237732275 370.0 134.0 0.0 
402920.0 23371.362330361822 0.10243805493018565 0.7606719702333643 365.0 137.0 0.0 
406170.0 22634.919863417916 0.10711425715605069 0.7601751237732275 370.0 134.0 0.0 
434590.0 22880.432292127305 0.11783960720130933 0.7464636427402385 397.0 132.0 0.0 
451000.0 22985.7147510048 0.1212889951384509 0.743866868497314 394.0 128.0 0.0 
402920.0 23371.362330361822 0.10243805493368562 0.7606719702593538 365.0 137.0 0.0 
406170.0 22634.919863417916 0.10711425715239098 0.760175123747255 370.0 134.0 0.0 
402920.0 23371.362330361822 0.10243805493368557 0.7606719702593537 365.0 137.0 0.0 
406170.0 22634.919863417916 0.10711425715605069 0.7601751237732275 370.0 134.0 0.0 
434590.0 22880.432292127305 0.11784029599957446 0.7464680059834157 397.0 132.0 0.0 
402920.0 23371.362330361822 0.10243745616086042 0.7606675239653963 365.0 137.0 0.0 
406170.0 22634.919863417916 0.10711425715605069 0.7601751237732275 370.0 134.0 0.0 
406170.0 22634.919863417916 0.10711425715239098 0.760175123747255 370.0 134.0 0.0 
434590.0 22880.432292127305 0.11784029599957446 0.7464680059834157 397.0 132.0 0.0 
451000.0 22985.7147510048 0.12128828618190321 0.7438625204582652 394.0 128.0 0.0 
402920.0 23371.362330361822 0.10243745616086042 0.7606675239653963 365.0 137.0 0.0 
406170.0 22634.919863417916 0.10711363104980126 0.7601706803834464 370.0 134.0 0.0 
402920.0 23371.362330361822 0.10243805493018565 0.7606719702333643 365.0 137.0 0.0 
406170.0 22634.919863417916 0.10711425715239098 0.760175123747255 370.0 134.0 0.0 
434590.0 22880.432292127305 0.11784029599957446 0.7464680059834157 397.0 132.0 0.0 
402920.0 23371.362330361822 0.10243805493368557 0.7606719702593537 365.0 137.0 0.0 
406170.0 22634.919863417916 0.10711425715239098 0.760175123747255 370.0 134.0 0.0 
406170.0 22634.919863417916 0.10711425715239098 0.760175123747255 370.0 134.0 0.0 
430435.0 22538.78406151411 0.11389475037458872 0.7482508080806314 388.0 132.0 0.0 
402920.0 23371.362330361822 0.10243805493368562 0.7606719702593538 365.0 137.0 0.0 
406170.0 22634.919863417916 0.10711425715239098 0.760175123747255 370.0 134.0 0.0 
406170.0 22634.919863417916 0.10711425715239098 0.760175123747255 370.0 134.0 0.0 
4564745.0 9389.459715567758 0.5527271026835555 0.1321903915734836 4825.0 157.0 7.25 
4564745.0 9389.459715567758 0.5527271026835555 0.1321903915734836 4825.0 157.0 7.25 
4551832.5 10156.2000299735 0.5781830297352273 0.10270126368010038 4645.0 162.0 7.25 
3424420.0 12387.079542416635 0.49798665994398406 0.24193419862791488 3645.0 150.0 5.375 
3424420.0 12387.079542416635 0.4979866047645369 0.24193419862786997 3645.0 150.0 5.375 
2578085.0 12997.891261800129 0.3726649841498616 0.3747083393797715 2584.0 152.0 5.4 
4542515.000000002 9899.14351754935 0.5229749399526694 0.1321903915734836 4904.0 178.0 7.973060344827586 
4564115.0 9527.304554549451 0.5458880230005843 0.1321903915734836 4836.0 161.0 7.25 
3424420.0 12387.079542416635 0.4979866047645369 0.24193419862786997 3645.0 150.0 5.375 
4542515.000000002 9899.14351754935 0.5229749399526694 0.1321903915734836 4904.0 178.0 7.973060344827586 
4174709.7508996553 10168.62912482622 0.5449529619306914 0.07867741518816679 4945.0 203.0 7.944263363754889 
4435940.105118653 10308.10159699094 0.5670478882809369 0.10270126368010038 4514.0 175.0 7.25 
3424420.0 12387.079542416635 0.49798665994398406 0.24193419862791488 3645.0 150.0 5.375 
4435940.105118653 10308.10159699094 0.5670478882809369 0.10270126368010038 4514.0 175.0 7.25 
4174709.7508996553 10168.62912482622 0.5449529619306914 0.07867741518816679 4945.0 203.0 7.944263363754889 
4564745.0 9389.459715567758 0.5527271026835554 0.13219039157348356 4825.0 157.0 7.25 
4564745.0 9389.459715567758 0.5527271026646707 0.1321903915689671 4825.0 157.0 7.25 
3675515.0 10455.988277171129 0.5157560495263148 0.19631212694303948 3872.0 172.0 7.5625 
4564115.0 9527.304554549451 0.5458880230005843 0.1321903915734836 4836.0 161.0 7.25 
4564745.0 9389.459715567758 0.5527271026835555 0.1321903915734836 4825.0 157.0 7.25 
4564745.0 9389.459715567758 0.5527271026835554 0.13219039157348356 4825.0 157.0 7.25 
402580.0 23020.896729720334 0.09869709315579352 0.7601751237732276 372.0 139.0 0.0 
402580.0 23020.896729720334 0.0986970931557935 0.7601751237732275 372.0 139.0 0.0 
402580.0 23020.896729720334 0.09869651624970774 0.7601706803834464 372.0 139.0 0.0 
402580.0 23020.896729720334 0.09869651624970774 0.7601706803834464 372.0 139.0 0.0 
402580.0 23020.896729720334 0.0986970931524214 0.760175123747255 372.0 139.0 0.0 
402580.0 23020.896729720334 0.09869709315579352 0.7601751237732276 372.0 139.0 0.0 
402580.0 23020.896729720334 0.09869651624970774 0.7601706803834464 372.0 139.0 0.0 
402580.0 23020.896729720334 0.09869651624970774 0.7601706803834464 372.0 139.0 0.0 
402580.0 23020.896729720334 0.0986970931524214 0.760175123747255 372.0 139.0 0.0 
402580.0 23020.896729720334 0.09869651624970774 0.7601706803834464 372.0 139.0 0.0 
402580.0 23020.896729720334 0.09869651624970774 0.7601706803834464 372.0 139.0 0.0 
402580.0 23020.896729720334 0.09869651624970774 0.7601706803834464 372.0 139.0 0.0 
402580.0 23020.896729720334 0.09869651624970774 0.7601706803834464 372.0 139.0 0.0 
402580.0 23020.896729720334 0.0986970931524214 0.760175123747255 372.0 139.0 0.0 
402580.0 23020.896729720334 0.0986970931524214 0.760175123747255 372.0 139.0 0.0 
406170.0 22634.919863417916 0.10711425715239098 0.760175123747255 370.0 134.0 0.0 
406170.0 22634.919863417916 0.10711363104980126 0.7601706803834464 370.0 134.0 0.0 
406170.0 22634.919863417916 0.10711425715239098 0.760175123747255 370.0 134.0 0.0 
406170.0 22634.919863417916 0.10711425715605069 0.7601751237732275 370.0 134.0 0.0 
406170.0 22634.919863417916 0.10711425715605069 0.7601751237732275 370.0 134.0 0.0 
427365.0 22436.850045742423 0.11418634556932429 0.7490939911152678 395.0 132.0 0.0 
402580.0 23020.896729720334 0.0986970931557935 0.7601751237732275 372.0 139.0 0.0 
402580.0 23020.896729720334 0.0986970931524214 0.760175123747255 372.0 139.0 0.0 
402580.0 23020.896729720334 0.09869709315579352 0.7601751237732276 372.0 139.0 0.0 
402580.0 23020.896729720334 0.09869651624970774 0.7601706803834464 372.0 139.0 0.0 
402580.0 23020.896729720334 0.09869709315579352 0.7601751237732276 372.0 139.0 0.0 
406170.0 22634.919863417916 0.10711425715239098 0.760175123747255 370.0 134.0 0.0 
402580.0 23020.896729720334 0.09869709315579352 0.7601751237732276 372.0 139.0 0.0 
406170.0 22634.919863417916 0.10711425715239098 0.760175123747255 370.0 134.0 0.0 
406170.0 22634.919863417916 0.10711425715605069 0.7601751237732275 370.0 134.0 0.0 
406170.0 22634.919863417916 0.10711363104980126 0.7601706803834464 370.0 134.0 0.0 
406170.0 22634.919863417916 0.10711425715605072 0.7601751237732276 370.0 134.0 0.0 
406170.0 22634.919863417916 0.10711425715605069 0.7601751237732275 370.0 134.0 0.0 
406170.0 22634.919863417916 0.10711425715605069 0.7601751237732275 370.0 134.0 0.0 
406170.0 22634.919863417916 0.10711363104980126 0.7601706803834464 370.0 134.0 0.0 
406170.0 22634.919863417916 0.10711425715605069 0.7601751237732275 370.0 134.0 0.0 
406170.0 22634.919863417916 0.10711425715605069 0.7601751237732275 370.0 134.0 0.0 
406170.0 22634.919863417916 0.10711425715239098 0.760175123747255 370.0 134.0 0.0 
406170.0 22634.919863417916 0.10711363104980126 0.7601706803834464 370.0 134.0 0.0 
406170.0 22634.919863417916 0.10711425715239098 0.760175123747255 370.0 134.0 0.0 
406170.0 22634.919863417916 0.10711425715605072 0.7601751237732276 370.0 134.0 0.0 
406170.0 22634.919863417916 0.10711425715239098 0.760175123747255 370.0 134.0 0.0 
406170.0 22634.919863417916 0.10711425715605072 0.7601751237732276 370.0 134.0 0.0 
456330.0 21493.28276683414 0.121815067892611 0.7378462581614341 420.0 134.0 1.2857142857142856 
456330.0 21493.28276683414 0.12181506788844902 0.7378462581362245 420.0 134.0 1.2857142857142856 
456330.0 21493.28276683414 0.121815067892611 0.7378462581614341 420.0 134.0 1.2857142857142856 
456330.0 21493.28276683414 0.121815067892611 0.7378462581614341 420.0 134.0 1.2857142857142856 
456330.0 21493.28276683414 0.12181435585690904 0.7378419452887538 420.0 134.0 1.2857142857142856 
481155.0 21043.311106600733 0.11088379705400982 0.7416121112929623 442.0 141.0 1.1785714285714286 
402580.0 23020.896729720334 0.0986970931557935 0.7601751237732275 372.0 139.0 0.0 
402580.0 23020.896729720334 0.09869651624970774 0.7601706803834464 372.0 139.0 0.0 
402580.0 23020.896729720334 0.0986970931557935 0.7601751237732275 372.0 139.0 0.0 
402580.0 23020.896729720334 0.09869651624970774 0.7601706803834464 372.0 139.0 0.0 
402580.0 23020.896729720334 0.0986970931524214 0.760175123747255 372.0 139.0 0.0 
406170.0 22634.919863417916 0.10711425715239098 0.760175123747255 370.0 134.0 0.0 
402580.0 23020.896729720334 0.0986970931557935 0.7601751237732275 372.0 139.0 0.0 
