43895.0 7832.376122209822 0.14195984246701615 0.49332004254095724 62.0 78.0 0.25555555555555554 
45805.0 9503.243737686462 0.25115621788283654 0.4188078108941417 44.0 70.0 0.0 
45805.0 9503.243737686462 0.25115621788283654 0.4188078108941417 44.0 70.0 0.0 
56785.0 9089.069547561106 0.33204881181759793 0.3236994219653179 60.0 69.0 0.0 
44830.0 10956.004245666658 0.16184971098265896 0.4932562620423892 40.0 82.0 0.0 
45460.0 9558.383305349003 0.10984069705710924 0.4078879686038852 43.0 71.0 0.0 
45805.0 9503.243737686462 0.2511562178823043 0.4188078108932542 44.0 70.0 0.0 
44830.0 10956.004245666658 0.16187050359677924 0.49331963000923196 40.0 82.0 0.0 
45460.0 9558.383305349003 0.10982658959537572 0.40783558124598585 43.0 71.0 0.0 
44830.0 10956.004245666658 0.16187050092626623 0.4933196218705257 40.0 82.0 0.0 
43895.0 7832.376122209822 0.14195983993393418 0.49332003436940675 62.0 78.0 0.25555555555555554 
45805.0 9503.243737686462 0.2511562178823043 0.4188078108932542 44.0 70.0 0.0 
45805.0 9503.243737686462 0.25115621788283654 0.4188078108941417 44.0 70.0 0.0 
44830.0 10956.004245666658 0.16187050092626623 0.4933196218705257 40.0 82.0 0.0 
45460.0 9558.383305349003 0.10984069886924304 0.407887975333154 43.0 71.0 0.0 
44830.0 10956.004245666658 0.16187050092626623 0.4933196218705257 40.0 82.0 0.0 
46345.0 8040.1493930905735 0.16249197174052665 0.48233782915863843 50.0 71.0 0.0 
45805.0 9503.243737686462 0.2511562178823043 0.4188078108932542 44.0 70.0 0.0 
44830.0 10956.004245666658 0.16187050359677924 0.49331963000923196 40.0 82.0 0.0 
47410.0 8246.919496166483 0.22800256904303148 0.41168914579319205 61.0 77.0 0.0 
43895.0 7832.376122209822 0.14195984246701615 0.49332004254095724 62.0 78.0 0.25555555555555554 
45805.0 9503.243737686462 0.25112395632626844 0.4187540141297367 44.0 70.0 0.0 
45805.0 9503.243737686462 0.2511562178828366 0.4188078108941418 44.0 70.0 0.0 
44830.0 10956.004245666658 0.16187050092626623 0.4933196218705257 40.0 82.0 0.0 
45460.0 9558.383305349003 0.10984069705710924 0.4078879686038852 43.0 71.0 0.0 
44830.0 10956.004245666658 0.16187050092626623 0.4933196218705257 40.0 82.0 0.0 
43300.0 8057.733390301216 0.157373605720759 0.4965311813519351 58.0 74.0 0.0 
45805.0 9503.243737686462 0.25115621373877023 0.4188078039838317 44.0 70.0 0.0 
44830.0 10956.004245666658 0.16184971098265896 0.4932562620423892 40.0 82.0 0.0 
46345.0 8040.1493930905735 0.16249197174052665 0.48233782915863843 50.0 71.0 0.0 
43895.0 7832.376122209822 0.14193962748876043 0.4932562620423892 62.0 78.0 0.25555555555555554 
45805.0 9503.243737686462 0.2511562178823043 0.4188078108932542 44.0 70.0 0.0 
44830.0 10956.004245666658 0.16184971098265896 0.4932562620423892 40.0 82.0 0.0 
43895.0 7832.376122209822 0.14195984246701615 0.49332004254095724 62.0 78.0 0.25555555555555554 
43895.0 7832.376122209822 0.14195984246701615 0.49332004254095724 62.0 78.0 0.25555555555555554 
150865.0 5077.755860447564 0.34365604131063443 0.037898252826310375 163.0 79.0 0.11794871794871795 
150865.0 5077.755860447564 0.34365604131063443 0.037898252826310375 163.0 79.0 0.11794871794871795 
150865.0 5077.755860447564 0.34365604131063443 0.037898252826310375 163.0 79.0 0.11794871794871795 
150865.0 5127.868778999426 0.36228160328879755 0.03789825282624368 159.0 77.0 0.0 
150865.0 5127.868778999426 0.3622816032880297 0.03789825282623006 159.0 77.0 0.0 
150865.0 5127.868778999426 0.36228160328879755 0.03789421033727563 159.0 77.0 0.0 
150865.0 5077.755860447564 0.34365604131063443 0.037898252826310375 163.0 79.0 0.11794871794871795 
150865.0 5077.755860447564 0.34365604131063443 0.037898252826310375 163.0 79.0 0.11794871794871795 
150865.0 5127.868778999426 0.36228160328879755 0.03789825282631038 159.0 77.0 0.0 
192065.0 5066.794906833013 0.3327376084268836 0.037898252826310375 175.0 85.0 0.4444444444444444 
150865.0 5077.755860447564 0.34365604131063443 0.03789825282631038 163.0 79.0 0.11794871794871795 
150865.0 5077.755860447564 0.34365604131063443 0.03789825282631038 163.0 79.0 0.11794871794871795 
150865.0 5127.868778999426 0.3622816032880297 0.03789825282623006 159.0 77.0 0.0 
150865.0 5077.755860447564 0.3436095054592164 0.03789338471419396 163.0 79.0 0.11794871794871795 
192065.0 5066.794906833013 0.3327376084268835 0.037898252826310375 175.0 85.0 0.4444444444444444 
150865.0 5077.755860447564 0.34365604131063443 0.037898252826310375 163.0 79.0 0.11794871794871795 
150865.0 5077.755860447564 0.34365604131063443 0.03789825282631038 163.0 79.0 0.11794871794871795 
150865.0 5127.868778999426 0.36227780829909145 0.03789825282631038 159.0 77.0 0.0 
150865.0 5077.755860447564 0.34365604131063443 0.037898252826310375 163.0 79.0 0.11794871794871795 
192065.0 5066.794906833013 0.3327376084268836 0.03789825282631038 175.0 85.0 0.4444444444444444 
192065.0 5066.794906833013 0.3327376084268835 0.037898252826310375 175.0 85.0 0.4444444444444444 
43190.0 7987.444982921983 0.15352053610863464 0.49524682481456034 68.0 84.0 0.5555555555555556 
43300.0 8057.733390301216 0.15737212072446163 0.4965309338515568 58.0 74.0 0.0 
43300.0 8057.733390301216 0.15737212072446163 0.4965309338515568 58.0 74.0 0.0 
43190.0 7987.444982921983 0.15352053591788373 0.4952468247827685 68.0 84.0 0.5555555555555556 
43300.0 8057.733390301216 0.15737212072446163 0.4965309338515568 58.0 74.0 0.0 
43300.0 8057.733390301216 0.1573538856775851 0.4964675658317277 58.0 74.0 0.0 
43300.0 8057.733390301216 0.157373605720759 0.4965311813519351 58.0 74.0 0.0 
43300.0 8057.733390301216 0.157373605720759 0.4965311813519351 58.0 74.0 0.0 
43300.0 8057.733390301216 0.1573538856775851 0.4964675658317277 58.0 74.0 0.0 
43190.0 7987.444982921983 0.15352053610863464 0.49524682481456034 68.0 84.0 0.5555555555555556 
43300.0 8057.733390301216 0.1573736057208093 0.4965311813519513 58.0 74.0 0.0 
43300.0 8057.733390301216 0.1573538856775851 0.4964675658317277 58.0 74.0 0.0 
43190.0 7987.444982921983 0.15352053650040023 0.49524682494067523 68.0 84.0 0.5555555555555556 
43300.0 8057.733390301216 0.157373605720759 0.4965311813519351 58.0 74.0 0.0 
43190.0 7987.444982921983 0.15352053610863464 0.49524682481456034 68.0 84.0 0.5555555555555556 
43895.0 7832.376122209822 0.14195984285915744 0.493320042668138 62.0 78.0 0.25555555555555554 
43190.0 7987.444982921983 0.15352053591788373 0.4952468247827685 68.0 84.0 0.5555555555555556 
43895.0 7832.376122209822 0.14193962748876043 0.4932562620423892 62.0 78.0 0.25555555555555554 
43300.0 8057.733390301216 0.15737212072478704 0.49653093385260644 58.0 74.0 0.0 
43895.0 7832.376122209822 0.14193962748876043 0.4932562620423892 62.0 78.0 0.25555555555555554 
43895.0 7832.376122209822 0.14195984285915744 0.493320042668138 62.0 78.0 0.25555555555555554 
43300.0 8057.733390301216 0.157373605720759 0.4965311813519351 58.0 74.0 0.0 
43300.0 8057.733390301216 0.157373605720759 0.4965311813519351 58.0 74.0 0.0 
43300.0 8057.733390301216 0.15737212072483742 0.49653093385262276 58.0 74.0 0.0 
43300.0 8057.733390301216 0.15737212072483742 0.49653093385262276 58.0 74.0 0.0 
43300.0 8057.733390301216 0.157373605720759 0.4965311813519351 58.0 74.0 0.0 
43300.0 8057.733390301216 0.15737212072483742 0.49653093385262276 58.0 74.0 0.0 
43300.0 8057.733390301216 0.15737212072446163 0.4965309338515568 58.0 74.0 0.0 
43895.0 7832.376122209822 0.14195983993393418 0.49332003436940675 62.0 78.0 0.25555555555555554 
43895.0 7832.376122209822 0.14195983993393418 0.49332003436940675 62.0 78.0 0.25555555555555554 
43300.0 8057.733390301216 0.157373605720759 0.4965311813519351 58.0 74.0 0.0 
43895.0 7832.376122209822 0.14195983993393418 0.49332003436940675 62.0 78.0 0.25555555555555554 
43895.0 7832.376122209822 0.14195983993393418 0.49332003436940675 62.0 78.0 0.25555555555555554 
43895.0 7832.376122209822 0.14193962748876043 0.4932562620423892 62.0 78.0 0.25555555555555554 
43895.0 7832.376122209822 0.14195983993393418 0.49332003436940675 62.0 78.0 0.25555555555555554 
43300.0 8057.733390301216 0.157373605720759 0.4965311813519351 58.0 74.0 0.0 
43895.0 7832.376122209822 0.14195983993393418 0.49332003436940675 62.0 78.0 0.25555555555555554 
43895.0 7832.376122209822 0.14195983993393418 0.49332003436940675 62.0 78.0 0.25555555555555554 
43895.0 7832.376122209822 0.14193962748876043 0.4932562620423892 62.0 78.0 0.25555555555555554 
43300.0 8057.733390301216 0.157373605720759 0.4965311813519351 58.0 74.0 0.0 
43895.0 7832.376122209822 0.14193962748876043 0.4932562620423892 62.0 78.0 0.25555555555555554 
43895.0 7832.376122209822 0.14195984246701615 0.49332004254095724 62.0 78.0 0.25555555555555554 
43895.0 7832.376122209822 0.14195984246701615 0.49332004254095724 62.0 78.0 0.25555555555555554 
54045.0 7822.461362253787 0.23381220704691408 0.35072726294604284 76.0 87.0 1.2722222222222221 
54840.0 7772.287777254136 0.23314065510597304 0.3455362877328195 86.0 97.0 1.938888888888889 
54045.0 7822.461362253787 0.23381220704691408 0.35072726294604284 76.0 87.0 1.2722222222222221 
54045.0 7822.461362253787 0.23381402204199092 0.35072478795275625 76.0 87.0 1.2722222222222221 
54840.0 7772.287777254136 0.23314065510597304 0.3455362877328195 86.0 97.0 1.938888888888889 
58470.0 7395.800444209587 0.1445299578468824 0.3616333200359007 66.0 82.0 1.1 
43300.0 8057.733390301216 0.1573736057208093 0.4965311813519513 58.0 74.0 0.0 
43300.0 8057.733390301216 0.157373605720759 0.4965311813519351 58.0 74.0 0.0 
43300.0 8057.733390301216 0.1573538856775851 0.4964675658317277 58.0 74.0 0.0 
43300.0 8057.733390301216 0.1573538856775851 0.4964675658317277 58.0 74.0 0.0 
43300.0 8057.733390301216 0.157373605720759 0.4965311813519351 58.0 74.0 0.0 
43895.0 7832.376122209822 0.14195984246701615 0.49332004254095724 62.0 78.0 0.25555555555555554 
43300.0 8057.733390301216 0.157373605720759 0.4965311813519351 58.0 74.0 0.0 
