[17, 19, 22, 0, 26, 8, 12, 18, 13, 6, 2, 15, 27, 16, 28][9, 14, 23, 20, 24, 1, 4, 3, 11, 25, 28, 7, 2, 16, 10][3, 11, 25, 0, 22, 12, 17, 28, 7, 14, 1, 23, 24][5, 15, 29, 27, 2, 10, 21, 6, 16][2, 10, 6][16, 15, 29][22, 25][4, 23][22, 25][14, 20][9, 14][12, 17] 
[19, 22, 0, 26, 8, 12, 18, 13, 6, 2, 15, 27, 16, 28, 25][14, 4, 1, 24, 3, 23, 20, 7, 16, 15, 6, 10, 2, 29][9, 14, 11, 25][5, 21, 10][17, 19][22, 25][3, 11][9, 14][23, 24][16, 27][23, 24][0, 26] 
[3, 11, 25, 0, 26, 8, 12, 18, 13, 6, 5, 15, 10, 2, 21][9, 14, 23, 1, 4, 24, 3, 11, 25, 28, 17, 22, 19, 18, 13][0, 26, 8, 19, 22, 25, 7, 20, 24, 14, 11, 17, 28, 16, 10][15, 2, 7, 24, 20, 14, 9, 23, 1, 4, 3, 11, 25, 22, 17][22, 0, 13, 6, 21, 5, 15, 10, 27, 16, 2, 29][23, 20, 7, 25][7, 25][17, 19][17, 22][17, 19][22, 25][9, 14] 
[2, 21, 6, 16, 28, 25, 11, 17, 19, 12, 22, 18, 0, 26][4, 7, 25, 28, 16, 6, 15, 27][1, 14, 24, 20, 7][23, 24][3, 9][0, 13][10, 29][5, 15][17, 19][10, 15][8, 26][3, 11] 
[22, 0, 13, 6, 21, 5, 15, 10, 27, 16, 2, 29][14, 23, 20, 24, 1, 4, 3, 11, 25, 28][8, 12, 18][22, 25][0, 26][8, 19][17, 19][17, 22][0, 26][15, 16][9, 14][7, 25] 
[18, 12, 0, 13, 6, 2, 21, 5, 15, 29, 10, 7, 27, 16, 28][25, 22, 17, 12, 18, 13, 0, 28, 16, 6, 15, 10, 2, 29, 27][10, 7, 24, 4, 3, 11, 25, 28, 0, 26, 8, 12, 19, 17][4, 7, 16, 6, 21, 15, 10, 2, 27, 29][12, 18, 13, 0, 19, 22, 17][0, 19, 22, 17][3, 24, 23, 9][1, 24, 20][4, 23][22, 25][14, 20][8, 26] 
[17, 19, 22, 0, 26, 8, 12, 18, 13, 6, 2, 15, 27, 16, 28][7, 28, 25, 11, 3, 4, 1, 24, 20, 23, 14, 9][6, 16, 15, 29, 2, 7, 4, 23, 24, 20, 14][5, 15, 29, 27, 2, 10, 21, 6, 16][2, 10, 29][23, 24][22, 25][4, 23][15, 16][22, 25][9, 14][12, 17] 
[21, 10, 27, 16, 28, 0, 17, 12, 22, 25, 11, 3, 4, 23, 24][12, 19, 17, 0, 13, 6, 21, 15, 10, 2, 16, 27, 29][0, 26, 8, 12, 18, 22, 17, 28, 25, 7][1, 4, 24, 14, 3][10, 29][7, 20][4, 23][5, 6][1, 9][27, 29][11, 17][22, 25] 
[2, 7, 28, 25, 11, 3, 4, 1, 24, 20, 23, 14][22, 0, 13, 6, 21, 5, 15, 10, 27, 16, 2, 29][6, 13, 18, 12, 8, 26][22, 25][0, 26][8, 19][17, 19][17, 22][0, 26][15, 16][9, 14][7, 25] 
[8, 26, 0, 22, 12, 19, 18, 13, 6, 10, 29, 2, 27, 16, 28][5, 21, 15, 29, 10, 6, 13, 18, 12, 19, 17, 22, 25, 28, 16][21, 6, 16, 27, 15, 29, 2, 10, 7, 4, 14, 1, 9, 23, 24][11, 17, 12, 19, 22, 0, 13, 6, 10, 7, 16, 15, 2, 29, 27][3, 24, 20, 7, 28, 25, 11, 17, 19, 12, 22, 18, 0, 26, 8][5, 21, 10, 27, 15, 6, 2, 7, 4, 24][2, 7, 4, 20, 23, 14, 11, 25][1, 9, 3][9, 14][8, 19][0, 13][8, 19] 
[17, 19, 22, 0, 26, 8, 12, 18, 13, 6, 2, 15, 27, 16, 28][7, 28, 25, 11, 3, 4, 1, 24, 20, 23, 14][21, 5, 15, 10, 27, 16, 2, 29][9, 14][9, 14][12, 22][0, 26][18, 22][9, 14][9, 14][0, 26][0, 26] 
[0, 13, 6, 15, 5, 21, 10, 29, 27, 16, 7][8, 12, 18, 13, 6, 2, 15, 27, 16, 28][14, 23, 20, 24, 1, 4, 3, 11, 25][17, 19][11, 17][18, 22][0, 26][7, 20][7, 20][7, 20][9, 23][17, 19] 
[2, 7, 28, 25, 11, 3, 4, 1, 24, 20][13, 18, 12, 8, 26, 0, 22, 19][5, 15, 29, 27, 2, 10, 21, 6][2, 10][23, 24][22, 25][4, 23][15, 16][22, 25][14, 20][9, 14][12, 17] 
[5, 21, 6, 10, 29, 15, 27, 16, 2, 7, 28, 25, 11, 3, 23][2, 6, 13, 18, 12, 8, 26, 0, 22, 19][5, 15, 29, 27, 2, 10, 21, 6][4, 14, 20, 7][1, 9, 23][1, 4][2, 21][16, 28][17, 19][3, 24][6, 13][1, 4] 
[17, 19, 22, 0, 26, 8, 12, 18, 13, 6, 2, 15, 27, 16, 28][9, 14, 7, 4, 20, 23, 24, 1, 3, 11, 25, 22, 18, 19, 17][9, 14, 23, 20, 24, 1, 4, 3, 11, 25, 28, 7, 2, 16][13, 6, 21, 5, 15, 10, 27, 16, 2, 29][0, 26, 8, 12, 18, 17, 19, 22, 25][18, 22][16, 27][9, 14][17, 19][9, 14][0, 26][0, 26] 
[0, 26, 8, 19, 17, 18, 13, 6, 2, 10, 21, 5][3, 11, 25, 28, 7, 2, 15, 16, 6, 10, 27][1, 4, 14, 20, 7][1, 9, 23][19, 22][11, 17][22, 25][12, 17][11, 17][8, 19][3, 24][15, 29] 
[24, 20, 23, 1, 3, 4, 7, 16, 6, 21, 15, 10, 2, 27, 29][23, 3, 11, 25, 28, 16, 10, 6, 15, 5, 21, 2, 7, 27, 29][3, 1, 23, 24, 14, 7, 16, 6, 21, 10, 2, 27, 29, 15, 5][13, 18, 12, 8, 26][8, 19, 0, 28][0, 19, 22, 17][7, 25, 28][22, 25][4, 23][15, 16][14, 20][9, 14] 
[17, 19, 22, 0, 26, 8, 12, 18, 13, 6, 2, 15, 27, 16, 28][7, 28, 25, 11, 3, 4, 1, 24, 20, 23, 14][13, 6, 21, 5, 15, 10, 27, 16, 2, 29][9, 14][9, 14][12, 22][0, 26][18, 22][9, 14][9, 14][0, 26][0, 26] 
[14, 20, 24, 4, 3, 11, 17, 22, 25, 0, 28, 7, 27][13, 18, 12, 8, 26, 0, 22, 19][5, 15, 29, 27, 2, 10, 21, 6][12, 17][1, 24][4, 23][2, 10][6, 16][9, 14][22, 25][22, 25][6, 16] 
[3, 11, 25, 22, 12, 18, 0, 28, 7, 4, 23][20, 7, 16, 6, 21, 10, 2, 27, 29][8, 26, 0, 22, 19][5, 15, 16][1, 9, 23][2, 10][9, 14][3, 24][12, 17][6, 13][12, 17][6, 13] 
[16, 6, 5, 15, 21, 10, 7, 25, 22, 0, 12, 18, 19, 8, 26][3, 1, 23, 24, 14, 7, 16, 6, 21, 10, 2, 27, 29, 15, 5][0, 28, 17, 11, 14, 1, 3, 23, 24, 4, 7, 2, 15, 6, 13][5, 6, 10, 29, 27, 7, 25, 0, 28, 17, 11, 3, 4, 14, 9][14, 23, 3, 24, 1, 4, 7, 16, 6, 21, 15, 10, 2, 27, 29][0, 26, 8, 12, 18, 13, 6, 16, 27, 2, 7, 4, 24, 3, 23][2, 16, 28, 7, 25, 11, 17, 22, 19, 0, 13, 18, 12, 8, 26][0, 26, 8, 12, 18, 13][15, 16][3, 11][12, 17][14, 20] 
[14, 4, 1, 24, 3, 23, 20, 7, 16, 15, 6, 10, 2, 29, 27][15, 6, 10, 2, 7, 28, 25, 22, 17, 0, 13, 18, 12, 8, 19][0, 25, 28, 16, 10, 21, 6, 5, 15, 29, 2, 27, 7, 14, 9][0, 26, 8, 19, 12, 22, 17, 28, 25, 7, 20, 4, 1, 24, 23][19, 22, 0, 26, 8, 12, 18, 13, 6, 2, 15, 27, 16, 28][17, 19, 18, 13, 0, 28, 7, 4, 3, 9, 23][20, 7, 4, 1, 3, 11, 14, 9, 23, 24][5, 21, 10][3, 11][9, 14][23, 24][16, 27] 
[8, 12, 18, 22, 25, 0, 28, 7, 14, 4, 24, 1, 3, 11][2, 10, 15, 21, 6, 13, 0, 17, 19][1, 9, 23][2, 27, 29][1, 4][7, 20][0, 26][5, 6][1, 4][7, 20][16, 28][22, 25] 
[0, 26, 8, 12, 22, 18, 17, 28, 25, 11, 3, 1, 4, 14, 24][19, 8, 12, 22, 0, 13, 6, 21, 5, 15, 10, 27, 16, 2, 29][9, 14, 11, 3, 24, 4, 20, 7, 25, 22, 0, 26, 8, 19, 12][9, 14, 23, 20, 24, 1, 4, 3, 11, 25, 28, 7, 2, 16, 27][0, 26, 8, 12, 19, 18, 17, 28, 16, 2, 21, 15, 5, 6, 10][14, 23, 20, 24, 1, 4, 3, 11, 17, 0, 13, 6, 2, 27, 16][0, 26, 8, 12, 19, 18, 22, 17, 28, 7, 16, 6, 2, 10, 29][17, 19, 22, 0, 26, 8, 12, 18, 13, 6, 2, 15, 27, 16, 28][24, 23, 3, 1, 14, 20, 7, 28][8, 19][27, 29][2, 10] 
[1, 4, 24, 14, 3, 11, 17, 19, 12, 8, 26, 0, 18, 13, 6][8, 12, 18, 22, 25, 0, 28, 7, 14, 4, 24, 1, 3, 11, 17][21, 10, 27, 16, 28, 0, 17, 12, 22, 25, 11, 3, 4, 23, 24][12, 19, 17, 0, 13, 6, 21, 15, 10, 2, 16, 27, 29][9, 1, 14, 3, 4, 20, 7, 2, 10, 15, 16, 6, 21][0, 26, 8, 12, 18, 22, 17, 28, 25, 7][10, 29][7, 20][4, 23][5, 6][27, 29][22, 25] 
[1, 9, 23, 14, 4, 20, 24, 3, 11, 17, 0, 22, 19, 8, 26][17, 11, 3, 4, 20, 7, 27, 29, 2, 21, 15, 10, 6, 16, 28][13, 18, 19, 12, 17, 11, 3, 4, 23, 14, 24, 7, 16, 10, 29][2, 21, 15, 29, 10, 16, 28, 17, 12, 22, 18, 19, 0, 26, 8][3, 23, 24, 4, 1, 14, 11, 17, 12, 22, 18, 0, 26, 8, 19][3, 11, 25, 22, 12, 18, 0, 28, 7, 4, 23][7, 28, 16, 10, 21, 15, 27, 29][5, 15, 16, 10, 27][4, 14, 20][13, 6, 21][3, 24][0, 13] 
[17, 19, 22, 0, 26, 8, 12, 18, 13, 6, 2, 15, 27, 16, 28][9, 1, 23, 20, 24, 4, 3, 14, 7, 2, 21, 10, 27, 15, 16][11, 25, 22, 18, 19, 0, 17, 28, 16, 27, 2, 10, 15, 6, 13][14, 20, 23, 3, 11, 17, 19, 8, 26, 0, 13, 6, 21, 10, 16][2, 29, 27, 15, 21, 6, 16, 10, 7, 14, 9, 1, 4, 3, 11][5, 15, 29, 27, 2, 10, 21, 6, 16, 28, 7, 25, 22, 0, 17][7, 28, 25, 11, 3, 4, 1, 24, 20, 23, 14, 9][10, 7, 4, 20, 23, 24][0, 12, 22, 25][2, 10, 29][4, 23][12, 17] 
[2, 10, 7, 14, 9, 23, 20, 4, 3, 11, 17, 22, 19, 0, 13][2, 6, 5, 15, 16, 7, 20, 24, 23, 14, 11, 3, 4, 1, 9][4, 7, 24, 1, 3, 11, 17, 19, 8, 26, 0, 13, 18, 12, 22][1, 4, 3, 11, 25, 28, 7, 16, 10, 6, 21, 2, 27, 29, 15][4, 3, 11, 17, 12, 8, 26, 0, 28, 25, 7, 27, 29, 15, 16][21, 10, 2, 27, 29, 15, 5, 6, 16, 7, 4, 1, 14, 23, 24][12, 17, 0, 28, 16, 27, 10, 15, 5, 21, 6, 2, 7, 20, 24][25, 22, 0, 26][2, 6, 13][4, 23, 9][14, 20][9, 14] 
[8, 12, 17, 0, 19, 18, 22, 25, 7, 20, 23, 14][21, 5, 15, 10, 27, 16, 2, 29][24, 1, 4, 3, 11, 25, 28][2, 6, 13, 18][0, 26, 8][9, 14][16, 27][9, 14][17, 19][9, 14][0, 26][0, 26] 
[2, 10, 21, 15, 27, 7, 28, 17, 22, 12, 19, 8, 26, 0, 18][9, 14, 23, 20, 24, 1, 4, 3, 11, 25, 28, 7, 2, 16, 27][3, 11, 25, 22, 19, 18, 12, 0, 28, 16, 2, 7, 4, 14, 9][16, 6, 5, 21, 15, 29, 27, 2, 10, 7, 14, 3, 4, 23, 24][17, 19, 22, 0, 26, 8, 12, 18, 13, 6, 2, 15, 27, 16, 28][12, 22, 0, 13, 6, 21, 5, 15, 10, 27, 16, 2, 29][5, 15, 29, 27, 2, 10, 21, 6, 16][12, 17, 0, 22, 19, 8, 26][9, 14][18, 22][22, 25][0, 26] 
[23, 20, 7, 16, 28, 25, 0, 18, 13, 6, 2, 21, 5, 15, 27][3, 11, 25, 22, 19, 12, 17, 28, 16, 2, 21, 6, 15, 10, 29][2, 21, 15, 5, 6, 13, 18, 17, 12, 8, 26, 0, 19, 22, 25][0, 26, 8, 12, 17, 18, 22, 25, 28, 7, 2, 21, 15, 6, 5][19, 8, 26, 0, 18, 22, 12, 17, 11, 3, 1, 9, 23][4, 3, 11, 14, 9, 23, 1, 24, 20, 7][4, 23, 3, 11, 14, 20, 7, 24, 1, 9][17, 12, 22, 18, 0, 26, 8, 19][5, 15, 16, 10, 27][1, 9, 23][4, 23][6, 13] 
[9, 14, 23, 20, 24, 1, 4, 3, 11, 25, 28, 7, 2, 16, 10][17, 19, 22, 0, 26, 8, 12, 18, 13, 6, 2, 15, 27, 16, 28][16, 27, 15, 2, 6, 13, 18, 12, 8, 26, 0, 22, 19, 17][13, 6, 21, 5, 15, 10, 27, 16, 2, 29][9, 14, 20, 7, 27, 29, 10, 21][0, 26, 8, 12][3, 23, 24][12, 17][10, 21][15, 16][9, 14][14, 20] 
[17, 19, 22, 0, 26, 8, 12, 18, 13, 6, 2, 15, 27, 16, 28][4, 1, 3, 23, 9, 14, 7, 25, 11, 17, 0, 18, 12, 19, 22][5, 6, 21, 15, 29, 10, 2, 7, 25, 22, 0, 18, 12, 19, 17][9, 14, 1, 4, 3, 11, 25, 7, 16, 6, 2, 10, 27, 29, 15][9, 14, 23, 20, 24, 1, 4, 3, 11, 25, 28, 7, 2, 16][12, 22, 0, 13, 6, 21, 5, 15, 10, 27, 16, 2, 29][1, 23, 4, 20, 7, 24, 3, 14, 9][0, 26, 8, 12][18, 22][16, 27][0, 26][0, 26] 
[2, 10, 16, 7, 27, 15, 6, 13, 18, 0, 25, 22, 19, 17, 12][17, 19, 22, 0, 26, 8, 12, 18, 13, 6, 2, 15, 27, 16, 28][5, 6, 16, 2, 21, 10, 7, 14, 11, 3, 4, 1, 9, 23, 24][25, 22, 12, 18, 13, 0, 26, 8, 19, 17, 28, 16, 15, 29, 27][4, 23, 9, 3, 24, 7, 16, 15, 10, 29, 27, 2, 6, 5, 21][9, 14, 23, 20, 24, 1, 4, 3, 11, 25, 28, 7, 2, 16, 10][17, 22, 19, 0, 25, 7, 28, 16, 15, 27, 2, 10, 6, 5, 21][25, 22, 19, 18, 17, 28, 7, 2, 16, 6, 5, 15, 10, 29, 27][1, 3, 14, 4, 20, 7, 16, 6, 21, 10, 2, 27, 29, 15, 5][8, 26, 0, 19, 22, 17, 12, 18, 13, 6, 10, 27, 16, 7, 25][6, 13, 18, 22, 17, 11, 14, 20, 4, 23, 1, 24, 3, 9][9, 14] 
[6, 13, 0, 26, 8, 19, 18, 22, 25, 28, 17, 12][16, 2, 7, 28, 25, 11, 3, 4, 1, 24, 20][15, 29, 10, 2, 27][2, 10][17, 19][23, 24][4, 23][2, 21][22, 25][14, 20][9, 14][5, 15] 
[14, 24, 4, 23, 1, 3, 11, 17, 19, 8, 26, 0, 25, 28][4, 23, 9, 14, 7, 24, 1, 3, 11, 17, 28, 0, 26, 8][1, 4, 3, 11, 25, 28, 7, 24, 20, 23, 14, 9][19, 8, 26, 0, 13, 18, 12, 22][5, 15, 29, 27, 2, 10, 21][13, 6, 10, 16, 15][9, 14][14, 20][14, 20][22, 25][5, 15][14, 20] 
[0, 19, 22, 18, 13, 6, 10, 29, 27, 2, 16, 7, 4, 24, 3][17, 19, 22, 0, 26, 8, 12, 18, 13, 6, 2, 15, 27, 16, 28][8, 19, 18, 13, 6, 21, 5, 15, 10, 27, 16, 2, 29][23, 20, 24, 1, 4, 3, 11, 25][16, 27][4, 14][9, 14][1, 9][3, 11][6, 13][9, 14][7, 28] 
[9, 14, 23, 20, 24, 1, 4, 3, 11, 25, 28, 7, 2, 16][21, 15, 5, 6, 13, 18, 17, 12, 8, 26, 0, 19, 22, 25][23, 24][2, 27][2, 10][2, 29][3, 4][12, 17][0, 26][4, 23][17, 19][0, 26] 
[2, 6, 13, 18, 12, 8, 26, 0, 22, 19, 17][20, 24, 1, 4, 3, 11, 25][5, 15, 16, 10, 27][4, 7, 16][1, 9, 23][15, 6, 21][3, 11][3, 24][4, 14][7, 28][4, 14][10, 29] 
[2, 6, 13, 18, 12, 8, 26, 0, 22, 19, 17][21, 5, 15, 10, 27, 16, 2, 29][20, 24, 1, 4, 3, 11, 25][4, 7, 16][16, 27][4, 14][9, 14][9, 23][3, 11][9, 14][6, 13][7, 28] 
[17, 19, 22, 0, 26, 8, 12, 18, 13, 6, 2, 15, 27, 16, 28][9, 1, 23, 20, 24, 4, 3, 14, 7, 2, 21, 10, 27, 15, 16][11, 25, 22, 18, 19, 0, 17, 28, 16, 27, 2, 10, 15, 6, 13][2, 29, 27, 15, 21, 6, 16, 10, 7, 14, 9, 1, 4, 3, 11][5, 15, 29, 27, 2, 10, 21, 6, 16, 28, 7, 25, 22, 0, 17][7, 28, 25, 11, 3, 4, 1, 24, 20, 23, 14, 9][0, 12, 22, 25][2, 10, 29][23, 24][4, 23][14, 20][12, 17] 
[17, 19, 22, 0, 26, 8, 12, 18, 13, 6, 2, 15, 27, 16, 28][0, 26, 8, 12, 19, 17, 18, 22, 25][11, 3, 4, 1, 24, 20, 23, 14][5, 21, 10][11, 17][10, 15][27, 29][9, 14][7, 28][11, 25][1, 4][9, 14] 
[14, 24, 4, 23, 1, 3, 11, 17, 19, 8, 26, 0, 25, 28][2, 10, 29, 27, 16, 28, 7][13, 6, 10, 16, 15][0, 22][18, 22][14, 20][12, 17][5, 21][5, 15][9, 14][14, 20][0, 26] 
[20, 23, 14, 11, 25, 0, 12, 22, 18, 13, 6, 15, 16, 2, 29][12, 22, 0, 13, 6, 21, 5, 15, 10, 27, 16, 2, 29][5, 21, 10, 27, 15, 6, 2, 7, 4, 24][16, 28, 25, 22, 17][0, 26, 8][1, 9, 3][18, 22][23, 24][8, 26][9, 14][17, 19][16, 27] 
[5, 15, 29, 27, 2, 10, 21, 6, 16, 28, 0, 13, 18][7, 10, 6, 13, 0, 28, 25, 22, 19, 12][20, 24, 1, 23, 4, 3, 11, 25][0, 26, 8][2, 10][1, 9][22, 25][4, 23][9, 14][22, 25][9, 14][12, 17] 
[0, 26, 8, 12, 22, 18, 17, 28, 25, 11, 3, 1, 4, 14, 24][9, 14, 23, 20, 24, 1, 4, 3, 11, 25, 28, 7, 2, 16, 27][0, 26, 8, 12, 19, 18, 22, 17, 28, 7, 16, 6, 2, 10, 29][17, 19, 22, 0, 26, 8, 12, 18, 13, 6, 2, 15, 27, 16, 28][12, 22, 0, 13, 6, 21, 5, 15, 10, 27, 16, 2, 29][0, 26, 8, 12, 19, 18, 17, 28, 16, 2, 21, 15, 5][11, 3, 4, 1, 24, 20, 23, 14][8, 19][23, 24][9, 14][27, 29][2, 10] 
[17, 19, 22, 0, 26, 8, 12, 18, 13, 6, 2, 15, 27, 16, 28][7, 28, 25, 11, 3, 4, 1, 24, 20, 23, 14, 9][5, 15, 29, 27, 2, 10, 21, 6, 16][2, 10, 29][23, 24][22, 25][4, 23][15, 16][22, 25][14, 20][9, 14][12, 17] 
[11, 25, 22, 18, 13, 6, 5, 15, 16, 28, 0, 12, 8, 19, 17][9, 14, 23, 20, 24, 1, 4, 3, 11, 25, 28, 7, 2, 16, 15][0, 26, 8, 19, 18, 22, 25, 7, 16, 10, 27, 15, 21, 5, 6][9, 14, 24, 20, 4, 7, 28, 17, 22, 25, 11, 3, 1, 23][17, 19, 22, 0, 26, 8, 12, 18, 13, 6, 2, 15, 27][13, 6, 21, 5, 15, 10, 27, 16, 2, 29][1, 3, 4, 24, 23, 14, 9][0, 26, 8, 12, 19, 17][18, 22][9, 14][16, 27][0, 26] 
[2, 21, 6, 16, 28, 25, 11, 17, 19, 12, 22, 18, 0, 26, 8][3, 11, 25, 7, 20, 24, 14, 1, 23][4, 7, 25, 28, 16, 6, 15, 27][23, 24][3, 9][0, 13][10, 29][5, 15][17, 19][10, 15][8, 26][3, 11] 
[17, 19, 22, 0, 26, 8, 12, 18, 13, 6, 2, 15, 27, 16, 28][9, 14, 23, 20, 24, 1, 4, 3, 11, 25, 28, 7, 2, 16][8, 19, 18, 13, 6, 21, 5, 15, 10, 27, 16, 2, 29][3, 24, 4, 7, 16, 2, 27, 29, 10][16, 27][4, 14][9, 14][1, 9][3, 11][9, 14][6, 13][7, 28] 
[8, 12, 22, 19, 17, 11, 3, 23, 20, 4, 1, 14, 24][14, 7, 27, 16, 15, 6, 2, 29, 10, 21][13, 18, 19, 22, 17, 28][22, 25][8, 26][9, 14][16, 27][5, 21][0, 26][17, 19][20, 23][0, 26] 
[14, 24, 1, 9, 3, 23, 4, 7, 25, 0, 13, 6, 10, 16, 15][2, 10, 29, 27, 16, 28, 7, 24, 20, 4, 23, 9, 3, 14, 11][4, 1, 14, 20, 24, 23, 3, 11, 17, 19, 12, 0, 18, 22, 25][12, 17, 28, 0, 25, 11, 3, 9, 23, 4, 1, 24, 7, 20, 14][9, 14, 24, 4, 23, 1, 3, 11, 17, 19, 8, 26, 0, 25, 28][22, 0, 28, 16, 7, 20, 14, 11, 3, 23, 24][3, 1, 23, 4, 24, 14, 9][1, 4, 24, 20, 14][12, 17, 28][5, 21][5, 15][0, 26] 
[16, 15, 2, 7, 10, 6, 13, 0, 28, 25, 22, 19, 12, 18][1, 3, 24, 23, 14, 4, 7][5, 15, 29, 27, 2, 10, 21][0, 26, 8][2, 10][22, 25][4, 23][3, 11][22, 25][14, 20][9, 14][12, 17] 
[15, 5, 21, 10, 6, 13, 0, 26, 8, 12, 17][2, 27, 7, 24, 23, 14, 9, 3][18, 13, 0, 28, 25, 22][1, 9][16, 28][17, 19][4, 23][11, 17][7, 25][7, 20][27, 29][4, 23] 
[3, 11, 25, 22, 12, 18, 0, 28, 7, 4, 23, 24, 1, 14, 20][3, 11, 14, 20, 24, 23, 9, 1, 4, 7, 10, 29, 2, 21, 15][14, 7, 2, 15, 29, 27, 16, 28][17, 12, 22, 18, 0, 26, 8, 19][5, 15, 16, 10, 27][1, 9, 23][4, 14, 20][13, 6, 21][7, 28][3, 24][2, 21][0, 13] 
[9, 14, 24, 4, 23, 1, 3, 11, 17, 19, 8, 26, 0, 25, 28][2, 10, 29, 27, 16, 28, 7, 24, 20, 4, 23, 9, 3][13, 6, 10, 16, 15][0, 22][18, 22][14, 20][12, 17][5, 21][5, 15][9, 14][14, 20][0, 26] 
[22, 0, 26, 8, 12, 18, 13, 6, 2, 15, 27, 16, 28][5, 15, 29, 27, 2, 10, 21, 6, 16, 7, 20][11, 3, 4, 1, 24, 20][2, 10][23, 24][22, 25][4, 23][17, 19][22, 25][14, 20][9, 14][12, 17] 
[6, 5, 21, 15, 16, 2, 7, 28, 25, 11, 3, 4, 1, 24, 20][15, 5, 21, 2, 7, 27, 29, 10, 16, 6, 13, 0, 17, 18][22, 12, 19, 18, 13, 6, 10, 29][15, 29, 10, 2, 27][16, 28, 25, 22, 17][11, 14, 23, 20][17, 19][2, 21][0, 13][8, 19][9, 14][8, 26] 
[17, 19, 22, 0, 26, 8, 12, 18, 13, 6, 2, 15, 27, 16, 28][4, 23, 9, 1, 14, 24, 7, 2, 21, 15, 27, 10, 6, 13, 18][9, 14, 23, 20, 24, 1, 4, 3, 11, 25, 28, 7, 2, 16, 10][5, 15, 16, 6, 13, 18, 17, 11, 25, 22, 0, 19, 12, 8, 26][7, 10, 29, 27, 15, 21, 2, 16, 28, 25, 22, 18, 19, 17, 12][4, 24, 3, 23, 14, 20, 7, 16, 2, 27, 15, 21, 10, 29][5, 15, 29, 27, 2, 10, 21, 6, 16, 7, 20][17, 19, 8, 26, 0, 13, 18, 12, 22, 25][2, 10, 16, 7, 27, 15][23, 24][15, 16][9, 14] 
[11, 25, 22, 12, 18, 0, 28, 7, 4, 23][17, 12, 22, 18, 0, 26, 8, 19][5, 15, 16, 10, 27][21, 6, 15, 10, 29][1, 4, 14, 20][3, 24, 4][1, 9][7, 28][16, 28][2, 21][6, 13][0, 13] 
[15, 5, 21, 10, 6, 13, 0, 26, 8, 12, 17, 22, 25, 28, 16][2, 27, 7, 24, 23, 14, 9, 3][18, 13, 0, 28, 25, 22][1, 9][16, 28][17, 19][4, 23][11, 17][7, 25][7, 20][27, 29][4, 23] 
[3, 9, 23, 4, 20, 24, 7, 28, 16, 27, 29, 10][18, 12, 8, 26, 0, 22, 19][6, 13, 0, 25, 7][5, 21][5, 15][6, 21][0, 22][12, 17][1, 3][2, 10][11, 25][9, 14] 
[9, 14, 23, 20, 24, 1, 4, 3, 11, 25, 28, 7, 2, 16][6, 13, 18, 12, 8, 26, 0, 22, 19][12, 17, 28, 25, 22, 18][27, 2, 10, 29][9, 14][15, 21][5, 15][15, 16][12, 17][5, 15][9, 14][9, 14] 
[9, 14, 23, 20, 24, 1, 4, 3, 11, 25, 28, 7, 2, 16, 10][17, 19, 22, 0, 26, 8, 12, 18, 13, 6, 2, 15, 27, 16, 28][5, 15, 29, 27, 2, 10, 21, 6, 16][2, 6, 13, 18][4, 23, 9][9, 14][12, 18][22, 25][18, 22][5, 21][22, 25][8, 19] 
[3, 11, 25, 22, 12, 18, 0, 28, 7, 4, 23][17, 12, 22, 18, 0, 26, 8, 19][5, 15, 16, 10, 27][1, 9, 23][4, 14, 20][13, 6, 21][7, 28][3, 24][16, 28][10, 29][2, 21][0, 13] 
[16, 6, 5, 15, 21, 10, 7, 25, 22, 0, 12, 18, 19, 8, 26][5, 6, 10, 29, 27, 7, 25, 0, 28, 17, 11, 3, 4, 14, 9][7, 28, 25, 11, 3, 4, 1, 24, 20, 23, 14][5, 15, 29, 27, 2, 10, 21, 6, 16][0, 26, 8, 12, 18, 13][12, 17, 18, 13][6, 13][22, 25][19, 22][8, 19][12, 17][6, 21] 
[3, 1, 23, 24, 14, 7, 16, 6, 21, 10, 2, 27, 29, 15, 5][4, 7, 16, 6, 21, 15, 10, 2, 27, 29][13, 18, 12, 8, 26][0, 19, 22, 17][7, 25, 28][22, 25][4, 23][3, 11][15, 16][8, 19][14, 20][9, 14] 
[11, 25, 7, 20, 24, 14, 1, 23][13, 6, 2, 15, 27, 16, 28][8, 26, 0, 18, 22, 12][1, 9, 3][17, 22, 25][5, 21, 10][0, 13][1, 4][10, 29][10, 15][8, 19][10, 29] 
[2, 7, 28, 25, 11, 3, 4, 1, 24, 20, 23, 14][6, 21, 5, 15, 10, 27, 16, 2, 29][13, 18, 12, 8, 26][22, 25][0, 26][8, 19][17, 19][17, 22][0, 26][15, 16][9, 14][7, 25] 
[19, 8, 26, 0, 13, 18, 12, 22][1, 4, 3, 11, 25, 28, 7][5, 15, 29, 27, 2, 10, 21][2, 6, 13][4, 23, 9][2, 10][23, 24][15, 16][22, 25][14, 20][9, 14][12, 17] 
[7, 28, 25, 11, 3, 4, 1, 24, 20, 23, 14][18, 12, 19, 8, 26, 0, 17, 28][15, 10, 27, 16, 2, 29][2, 6, 13, 18][6, 5, 21][8, 19][2, 10][16, 27][9, 14][17, 19][2, 10][18, 22] 
[7, 10, 2, 15, 5, 6, 13, 18, 12, 8, 26][17, 19, 0, 28][4, 14, 20, 7][16, 10, 27][3, 24, 4][3, 11, 25][1, 9, 23][27, 29][0, 13][1, 4][19, 22][15, 21] 
[0, 26, 8, 12, 18, 13, 6, 2, 15, 27, 16, 28][1, 9, 3, 11, 17][0, 22, 19, 17][5, 21, 10][23, 20, 24][7, 27][27, 29][3, 14][10, 27][1, 4][9, 23][22, 25] 
[2, 7, 28, 25, 11, 3, 4, 1, 24, 20, 23, 14][22, 18, 12, 19, 8, 26, 0, 17, 28][15, 10, 27, 16, 2, 29][18, 13, 6, 5, 21][17, 19][9, 14][16, 27][9, 14][17, 19][9, 14][0, 26][0, 26] 
[2, 10, 21, 15, 27, 7, 28, 17, 22, 12, 19, 8, 26, 0, 18][17, 19, 22, 0, 26, 8, 12, 18, 13, 6, 2, 15, 27, 16, 28][9, 14, 23, 20, 24, 1, 4, 3, 11, 25, 28, 7, 2, 16, 10][4, 7, 10, 21, 6, 13, 0, 12, 19, 17, 18, 22, 25][9, 14, 20, 7, 25, 0, 17, 11, 3, 23, 1, 4, 24][5, 15, 29, 27, 2, 10, 21, 6, 16][4, 23, 9][23, 24][15, 16][22, 25][9, 14][12, 17] 
[26, 0, 22, 12, 19, 18, 13, 6, 10, 29][5, 21, 10, 27, 15, 6, 2, 7, 4, 24][2, 7, 4, 20, 23, 14, 11, 25][8, 26, 0, 18, 22, 12][16, 28, 25, 22, 17][1, 9, 3][9, 14][8, 19][23, 24][0, 13][8, 19][6, 13] 
[0, 26, 8, 12, 18, 13, 6, 2, 15, 27, 16, 28][1, 9, 3, 11, 17, 18, 22][5, 21, 6, 2, 27, 7, 24][2, 10][17, 19][1, 4][9, 23][7, 20][22, 25][3, 14][15, 29][17, 19] 
[8, 19, 12, 18, 13, 0, 28, 16, 7, 14, 4, 1, 24, 3, 9][17, 19, 22, 0, 26, 8, 12, 18, 13, 6, 2, 15, 27, 16, 28][21, 10, 2, 27, 29][6, 2, 15, 27][23, 24][11, 25][22, 25][5, 21][22, 25][0, 26][14, 20][5, 21] 
[17, 19, 22, 0, 26, 8, 12, 18, 13, 6, 2, 15, 27, 16, 28][0, 26, 8, 12, 18, 19, 22, 17, 11, 25, 7, 27, 16, 15, 10][9, 14, 23, 20, 24, 1, 4, 3, 11, 25, 28, 7, 2, 16, 27][12, 22, 0, 13, 6, 21, 5, 15, 10, 27, 16, 2, 29][3, 14, 9][18, 22][9, 14][16, 27][9, 14][17, 19][0, 26][0, 26] 
[9, 1, 14, 3, 4, 20, 7, 2, 10, 15, 16, 6, 21][0, 26, 8, 12, 18, 22, 17, 28, 25, 7][17, 19][10, 29][6, 13][7, 20][4, 23][5, 6][27, 29][11, 17][22, 25][23, 24] 
[17, 19, 22, 0, 26, 8, 12, 18, 13, 6, 2, 15, 27, 16, 28][9, 14, 23, 20, 24, 1, 4, 3, 11, 25, 28, 7, 2, 16][12, 22, 0, 13, 6, 21, 5, 15, 10, 27, 16, 2, 29][7, 28, 25, 11, 3, 4, 1, 24, 20, 23, 14, 9][9, 14][12, 22][0, 26][18, 22][9, 14][9, 14][0, 26][0, 26] 
[17, 19, 22, 0, 26, 8, 12, 18, 13, 6, 2, 15, 27, 16, 28][7, 28, 25, 11, 3, 4, 1, 24, 20, 23, 14, 9][5, 15, 29, 27, 2, 10, 21, 6, 16][2, 10][23, 24][22, 25][4, 23][15, 16][22, 25][14, 20][9, 14][12, 17] 
[17, 19, 22, 0, 26, 8, 12, 18, 13, 6, 2, 15, 27, 16, 28][9, 14, 4, 1, 24, 3, 23, 20, 7, 16, 15, 6, 10, 2, 29][0, 26, 8, 12, 22, 25][5, 21, 10][4, 23, 24][9, 14][9, 14][27, 29][2, 10][8, 19][17, 19][3, 11] 
[9, 14, 23, 20, 24, 1, 4, 3, 11, 25, 28, 7, 2, 16, 10][17, 19, 22, 0, 26, 8, 12, 18, 13, 6, 2, 15, 27, 16, 28][16, 27, 15, 2, 6, 13, 18, 12, 8, 26, 0, 22, 19, 17][13, 6, 21, 5, 15, 10, 27, 16, 2, 29][0, 26, 8, 12][3, 23, 24][9, 14][12, 17][10, 21][15, 16][9, 14][14, 20] 
[9, 23, 1, 4, 7, 10, 29, 2, 15][8, 26, 0, 18, 22, 12][24, 1, 4, 3, 11, 25][16, 28, 25, 22, 17][5, 21, 10][8, 19][16, 27][9, 14][6, 13][13, 18][8, 19][20, 24] 
[13, 18, 12, 8, 26, 0, 22, 19][5, 15, 29, 27, 2, 10, 21, 6][2, 7, 28, 25, 11, 3][4, 14, 20, 7][1, 9, 23][1, 4][2, 21][16, 28][17, 19][3, 24][6, 13][1, 4] 
[17, 19, 22, 0, 26, 8, 12, 18, 13, 6, 2, 15, 27, 16, 28][0, 26, 8, 12, 17, 19, 22, 18, 13, 6, 5, 21, 10, 16, 2][9, 14, 23, 20, 24, 1, 4, 3, 11, 25, 28, 7, 2, 16][0, 12, 18, 13, 6, 21, 5, 15, 10, 27, 16, 2, 29][9, 14, 20, 7, 16, 2, 27][18, 22][9, 14][16, 27][9, 14][17, 19][0, 26][0, 26] 
[3, 4, 1, 24, 14, 7, 27, 16, 15, 6, 2, 29, 10, 21, 5][9, 14, 23, 1, 4, 24, 3, 11, 25, 28, 17, 22, 19, 18, 13][0, 26, 8, 12, 22, 19, 17, 11, 3, 23, 20, 4, 1, 14, 24][2, 16, 27][22, 25][8, 26][9, 14][5, 21][0, 26][17, 19][20, 23][0, 26] 
[17, 19, 22, 0, 26, 8, 12, 18, 13, 6, 2, 15, 27, 16, 28][9, 14, 23, 20, 24, 1, 4, 3, 11, 25, 28, 7, 2, 16][12, 22, 0, 13, 6, 21, 5, 15, 10, 27, 16, 2, 29][18, 22][9, 14][16, 27][0, 26][9, 14][17, 19][9, 14][0, 26][0, 26] 
[4, 1, 23, 3, 9, 14, 24, 7, 16, 15, 27, 10, 21, 6, 13][3, 11, 25, 22, 12, 18, 0, 28, 7, 4, 23][17, 12, 22, 18, 0, 26, 8, 19][1, 4, 14, 20, 7][5, 15, 16, 10, 27][21, 6, 15, 10, 29][1, 9, 23][3, 24, 4][7, 28][16, 28][2, 21][0, 13] 
[17, 19, 22, 0, 26, 8, 12, 18, 13, 6, 2, 15, 27, 16, 28][9, 14, 23, 20, 24, 1, 4, 3, 11, 25, 28, 7, 2, 16, 10][5, 15, 29, 27, 2, 10, 21, 6, 16][6, 13, 0, 12, 18, 22, 25][2, 10, 6][16, 15, 29][23, 24][22, 25][4, 23][14, 20][9, 14][12, 17] 
[9, 14, 23, 20, 24, 1, 4, 3, 11, 25, 28, 7, 2, 16][17, 19, 22, 0, 26, 8, 12, 18, 13, 6, 2, 15, 27][13, 6, 21, 5, 15, 10, 27, 16, 2, 29][18, 22][9, 14][16, 27][0, 26][9, 14][17, 19][9, 14][0, 26][0, 26] 
[5, 21, 2, 16, 28, 25, 7, 4, 20, 14, 9, 3, 1, 23, 24][23, 24, 1, 14, 4, 7, 10, 27, 16, 28, 17, 12, 0, 22, 25][4, 23, 14, 3, 24, 7, 25, 0, 12, 18, 17, 22, 19, 8, 26][4, 3, 11][6, 2, 29][2, 10][17, 19][2, 21][2, 7][14, 20][5, 15][0, 13] 
[2, 7, 28, 25, 11, 3, 4, 1, 24, 20, 23, 14][13, 6, 21, 5, 15, 10, 27, 16, 2, 29][13, 18, 12, 8, 26, 0, 22, 19][18, 22][9, 14][16, 27][0, 26][9, 14][17, 19][9, 14][0, 26][0, 26] 
[2, 10, 16, 7, 27, 15, 6, 13, 18, 0, 25, 22, 19, 17, 12][17, 19, 22, 0, 26, 8, 12, 18, 13, 6, 2, 15, 27, 16, 28][9, 14, 23, 20, 24, 1, 4, 3, 11, 25, 28, 7, 2, 16, 10][5, 15, 29, 27, 2, 10, 21, 6, 16, 7, 20][17, 19, 8, 26, 0, 13, 18, 12, 22, 25][4, 23, 9][23, 24][15, 16][22, 25][14, 20][9, 14][12, 17] 
[17, 19, 22, 0, 26, 8, 12, 18, 13, 6, 2, 15, 27, 16, 28][9, 14, 23, 20, 24, 1, 4, 3, 11, 25, 28, 7, 2, 16, 10][5, 15, 29, 27, 2, 10, 21, 6, 16, 7, 20][4, 3, 1, 9, 23, 20, 14][4, 23, 9][2, 10][23, 24][22, 25][15, 16][22, 25][9, 14][12, 17] 
[3, 11, 25, 7, 20, 24, 14, 1, 23][17, 12, 22, 18, 0, 26, 8, 19][13, 6, 2, 15, 27, 16, 28][15, 10, 29][22, 25][3, 9][5, 21][5, 15][5, 21][0, 13][14, 20][1, 4] 
[17, 19, 22, 0, 26, 8, 12, 18, 13, 6, 2, 15, 27, 16, 28][9, 14, 23, 20, 24, 1, 4, 3, 11, 25, 28, 7, 2, 16, 10][21, 5, 15, 10, 27, 16, 2, 29][18, 22, 25][9, 14][16, 27][0, 26][9, 14][17, 19][9, 14][0, 26][0, 26] 
[18, 13, 6, 5, 15, 29, 27, 2, 10, 21][9, 14, 23, 20, 24, 1, 4, 3, 11, 25][7, 28, 16][0, 26, 8][7, 10][7, 20][11, 17][22, 25][17, 19][12, 17][8, 19][17, 19] 
[17, 12, 22, 18, 0, 26, 8, 19][21, 6, 15, 10, 29][5, 15, 16, 10, 27][1, 4, 14, 20, 7][1, 9, 23][7, 28, 16][3, 11, 25][3, 24, 4][0, 13][6, 13][2, 21][10, 15] 
[17, 19, 22, 0, 26, 8, 12, 18, 13, 6, 2, 15, 27, 16, 28][9, 14, 23, 20, 24, 1, 4, 3, 11, 25, 28, 7, 2, 16][11, 3, 4, 1, 24, 20, 23, 14][5, 21, 10, 27, 15, 6, 13][9, 14][27, 29][2, 10][8, 19][17, 19][0, 26][23, 24][9, 14] 
[17, 19, 22, 0, 26, 8, 12, 18, 13, 6, 2, 15, 27, 16, 28][9, 14, 23, 20, 24, 1, 4, 3, 11, 25, 28, 7, 2, 16][9, 14, 23, 20, 24, 1, 4, 3, 11, 25, 28, 7, 2, 16][21, 5, 15, 10, 27, 16, 2, 29][3, 24, 4, 7, 16][1, 9, 23][16, 27][4, 14][9, 14][3, 11][6, 13][7, 28] 
[25, 22, 18, 12, 0, 13, 6, 2, 21, 5, 15, 29, 27][1, 4, 14, 20, 7][3, 24, 23, 9][7, 28, 16][0, 26][8, 26][8, 19][10, 15][3, 11][9, 14][17, 19][11, 17] 
[2, 7, 4, 20, 23, 14, 11, 25][8, 26, 0, 18, 22, 12][5, 21, 10, 27, 15, 6][16, 28, 25, 22, 17][1, 9, 3][10, 29][9, 14][8, 19][23, 24][0, 13][8, 19][6, 13] 
[17, 19, 22, 0, 26, 8, 12, 18, 13, 6, 2, 15, 27, 16, 28][9, 14, 23, 20, 24, 1, 4, 3, 11, 25, 28, 7, 2, 16, 10][5, 15, 29, 27, 2, 10, 21, 6, 16][2, 10, 6][16, 15, 29][23, 24][22, 25][4, 23][22, 25][14, 20][9, 14][12, 17] 
[17, 19, 22, 0, 26, 8, 12, 18, 13, 6, 2, 15, 27, 16, 28][9, 14, 23, 20, 24, 1, 4, 3, 11, 25, 28, 7, 2, 16, 10][5, 15, 29, 27, 2, 10, 21, 6, 16][4, 23, 9][2, 10][23, 24][22, 25][15, 16][22, 25][14, 20][9, 14][12, 17] 
[17, 12, 22, 18, 0, 26, 8, 19][5, 15, 16, 10, 27][21, 6, 15, 10, 29][3, 11, 25, 0, 28][1, 9, 23, 24][4, 14, 20][3, 24, 4][7, 28][2, 21][6, 13][0, 13][6, 13] 
[16, 15, 2, 7, 10, 6, 13, 0, 28, 25, 22, 19, 12, 18, 17][9, 14, 23, 20, 24, 1, 4, 3, 11, 25, 28, 7, 2, 16][5, 15, 29, 27, 2, 10, 21, 6, 16][0, 26, 8][9, 14, 23][2, 10][23, 24][22, 25][4, 23][22, 25][14, 20][12, 17] 
[17, 12, 22, 18, 0, 26, 8, 19][1, 4, 14, 20, 7][5, 15, 16, 10, 27][21, 6, 15, 10, 29][1, 9, 23][3, 24, 4][3, 11, 25][7, 28][16, 28][2, 21][6, 13][0, 13] 
[17, 12, 22, 18, 0, 26, 8, 19][5, 15, 16, 10, 27][21, 6, 15, 10, 29][3, 24, 4, 7, 16][1, 9, 23, 24][4, 14, 20][3, 11, 25][7, 28][2, 21][6, 13][0, 13][6, 13] 
[17, 19, 22, 0, 26, 8, 12, 18, 13, 6, 2, 15, 27, 16, 28][9, 14, 23, 20, 24, 1, 4, 3, 11, 25, 28, 7, 2, 16][13, 6, 21, 5, 15, 10, 27, 16, 2, 29][18, 22][9, 14][16, 27][0, 26][9, 14][17, 19][9, 14][0, 26][0, 26] 
[17, 19, 22, 0, 26, 8, 12, 18, 13, 6, 2, 15, 27, 16, 28][9, 14, 23, 20, 24, 1, 4, 3, 11, 25, 28, 7, 2, 16][5, 15, 29, 27, 2, 10, 21, 6, 16][2, 10][23, 24][22, 25][4, 23][15, 16][22, 25][14, 20][9, 14][12, 17] 
