99868.95367752161 16236.692515862287 0.07131099378397394 1.7327187404160833E-6 110.0 209.0 4.45734126984127 
121159.99161078624 10755.332847636968 0.2909923909612986 2.9168190079229206E-76 140.0 139.0 4.068348077043729 
26205.0 11798.11381074169 0.1207605344295992 0.6044450154162383 26.0 70.0 0.0 
144130.0684648241 10967.400386300505 0.27554909004300393 6.991005920550886E-41 163.0 135.0 3.0176767676767677 
154231.9098558464 7914.513740690527 0.3141120462261777 4.868016740953681E-6 157.0 129.0 4.887023052464229 
128644.25211451337 18953.41633678769 0.08478931195916042 1.841235460920249E-271 127.0 240.0 5.385819327731093 
59170.0 11108.570097319442 0.35262961961559747 0.3346178548490687 72.0 84.0 0.0 
201260.9090909091 8698.944793626624 0.37641719748838204 0.021198812848000556 171.0 101.0 3.180952380952381 
138859.3417639637 10424.508265078113 0.23895169290339938 1.0108497412509313E-21 175.0 150.0 4.374120082815734 
109392.58764852882 13583.365526468895 0.05588386433710175 4.812738308520158E-84 117.0 181.0 5.552991452991453 
102395.0 10444.934065661166 0.3262942940720039 0.06037655959948767 103.0 80.0 0.0 
120521.78028952781 13718.467337261307 0.05074511819129213 1.3614174922548668E-14 138.0 230.0 5.020719305419061 
108075.0 10133.339853029094 0.21581966430420518 0.09762536791462996 128.0 97.0 0.0 
113660.84044221764 13047.227405532638 0.17664885447534298 4.867486796942065E-6 118.0 134.0 2.0703703703703704 
104421.03142679212 13215.71474230875 0.13938848920863314 8.9800975215811E-45 116.0 187.0 4.541077441077441 
93117.1414150591 20999.757573600637 0.05267214799592984 5.078225459827136E-25 94.0 234.0 4.812952898550725 
85370.60204202276 17551.473765422314 0.08735868625095872 3.815508721495488E-10 97.0 215.0 4.913130489927068 
106836.68572438252 14964.765542278343 0.07584271081550252 3.2984926496515065E-29 120.0 226.0 5.709486166007905 
42250.0 12288.239442763495 0.13168499057099478 0.4721232922820311 39.0 92.0 1.6967418546365916 
87568.1786072343 11057.395748032108 0.16186976064331884 0.013489208633961997 116.0 131.0 2.674107142857143 
123656.8066993911 16830.210943321985 0.08478931207550039 1.4334018063264138E-267 127.0 219.0 5.457142857142857 
117960.0 8733.42594770532 0.2819886958602904 0.19527235032374973 117.0 103.0 3.376103896103896 
82294.00858951839 15714.951664566779 0.10406134206715399 2.396094774912701E-13 91.0 155.0 3.4774475524475523 
46780.0 11041.873680288161 0.26078839607700594 0.4130022158990083 58.0 77.0 0.0 
184316.06727037515 8287.368422127593 0.39889079652874465 0.02119732785202861 154.0 97.0 2.469924812030075 
163360.0 9090.408778132289 0.4380666365229612 0.028901734104046242 140.0 85.0 3.565079365079365 
105477.33544642234 19996.087546999763 0.01670092497430627 1.4334018063264138E-267 100.0 226.0 5.254049654049655 
88983.88934471035 17918.50881103868 0.069373320628626 5.298501475924343E-17 98.0 204.0 5.030325814536341 
99487.57086243923 12703.936864967098 0.09763040104666844 0.0012845215157353885 104.0 142.0 4.320652173913044 
91986.06712054617 16326.797200598461 0.07838634084258077 2.8548590080869758E-5 105.0 206.0 4.482649071358749 
131102.82640777412 11012.186315080691 0.2215887074265083 1.4334018063264138E-267 134.0 127.0 2.7514005602240896 
92021.01668183846 10469.28774965627 0.11626306066576216 7.31260894155572E-10 91.0 113.0 3.709302325581395 
81373.14488130533 19515.655291564246 0.09057073116043607 2.396094774912701E-13 87.0 203.0 4.328045843045843 
72060.0 10158.78209597637 0.29674517941224515 0.10533538427800976 85.0 68.0 0.0 
87333.45174639364 14613.41219192664 0.055273535094437526 0.0012987958103633118 121.0 199.0 4.827934384456124 
62455.0 10671.105195703025 0.1721676339728658 0.39627488760436735 68.0 69.0 0.0 
88723.98678174075 20786.61590425841 0.055883864337101775 9.791854901410182E-18 89.0 222.0 5.19577807250221 
135151.45495533172 9880.058813506685 0.13616753170543666 1.0108497412509313E-21 170.0 172.0 4.880952380952381 
30110.0 11161.984707446809 0.16254229859656386 0.545921736660632 36.0 70.0 0.0 
94902.4718399785 12495.708508961754 0.20107935054998433 0.03151648201154254 125.0 141.0 2.3269841269841267 
100052.52574821498 19235.060024764916 0.059737925514862344 1.1159033062251132E-263 92.0 206.0 5.476190476190476 
108612.57901213424 17187.899431031925 0.05781394595523686 1.1159033062251132E-263 107.0 202.0 5.468864468864469 
123959.92371540639 13336.377182903983 0.14966598478564425 5.4424981091488645E-37 137.0 200.0 4.303065134099616 
49750.0 10880.521012006864 0.14902033811403895 0.40082096172772763 59.0 78.0 0.0 
83245.0 11251.466742073533 0.36547764269059335 0.21001951535386332 81.0 77.0 0.0 
141710.0 8698.58040664599 0.238929252964374 7.8694652356385E-18 192.0 143.0 4.574120082815735 
151947.94166569828 10149.749632236766 0.3243976241103002 3.2984926496515065E-29 155.0 140.0 4.813903005207353 
101080.0 7568.904386475074 0.4200635362890938 0.07065165373898606 122.0 85.0 3.4785801713586295 
164384.2752035814 12513.74924144494 0.20555471398153746 6.425082889949804E-4 136.0 125.0 1.8999556135419051 
209906.44715521077 10552.450261476342 0.3680225926608013 3.746716773182943E-80 190.0 141.0 5.4204365079365076 
131510.0 7540.583091426413 0.3076787969182443 0.12010300979291379 128.0 81.0 2.2277526395173455 
213309.77927274344 9548.591371881272 0.34879412680124966 2.2707435976679936E-72 200.0 160.0 5.203174603174603 
148430.0 8412.898944074957 0.4104508299071984 0.12139149072558142 134.0 73.0 1.0526315789473684 
111803.33333333337 9925.527387859398 0.1682867622116302 0.006423432682425488 130.0 149.0 3.1974067599067597 
210440.0 7650.909194307327 0.37576363370958454 2.2707435976679936E-72 196.0 114.0 4.431262939958592 
137175.0 6909.977704733554 0.21133209054517016 0.03789338471419398 153.0 100.0 1.2 
148612.29062960105 12119.841700418126 0.09253034879014164 4.236984777972391E-33 153.0 195.0 4.786868686868687 
54920.0 11530.325335119855 0.15479961268143475 0.23830407187518945 62.0 75.0 0.5681818181818182 
166949.61864406778 8544.766669555742 0.407882447054091 0.03275802168432861 156.0 91.0 2.6142857142857143 
96493.64646998038 18181.33413342076 0.052672148313838534 3.953398520475426E-21 100.0 214.0 4.812952898550725 
164310.0 5905.517588417153 0.37509472624502777 0.006423432682425488 178.0 102.0 3.7086247086247086 
77115.0 12490.0906416913 0.21454265051198182 0.17150565171987656 77.0 83.0 0.7326007326007326 
39580.0 10724.200215578137 0.16765159519434364 0.4798304156122669 42.0 74.0 0.4105263157894737 
109958.76318884407 20066.73183909186 0.045606372045220965 3.0380302698613037E-279 102.0 214.0 4.951668701668702 
36030.0 11274.762687886941 0.14644576628383574 0.49710982658987185 37.0 74.0 0.4105263157894737 
47245.0 8258.111993428256 0.0982852036782799 0.42328358729080034 63.0 85.0 2.1555555555555554 
68480.0 9475.525282725835 0.23444753696508996 0.2794125566508655 79.0 82.0 3.54978354978355 
79040.0 9624.356802225419 0.17409614834933274 0.21066235368503838 95.0 107.0 2.7901098901098904 
178927.5 8519.570125507775 0.43550369868720146 2.567876527753698E-25 181.0 123.0 4.790096355257646 
121315.0 6844.82753910382 0.1946300105954105 0.023124358006441786 134.0 100.0 3.760601915184678 
114648.33333333331 9489.579390172863 0.11244381754111714 0.006423432682425488 145.0 163.0 3.6324680754028584 
102937.67908438154 18076.14622379236 0.025051387461459407 2.471197027540638E-22 107.0 242.0 5.313900020036065 
145020.0 7803.738572546835 0.22032489414944717 8.032205702681613E-14 160.0 120.0 3.942222222222222 
59539.99999999999 7741.882286994514 0.16829467890471744 0.33015115652241334 75.0 88.0 3.7515873015873016 
69890.0 12085.517582746012 0.17920997553570978 0.146450469618466 66.0 84.0 1.4545454545454546 
205988.79972504362 10535.711288509225 0.32503047876014496 2.2707435976679936E-72 201.0 155.0 5.397222222222222 
117615.00000000001 11798.585042839004 0.1509421694685251 0.008991650610997243 119.0 133.0 3.2604275157466645 
77693.89517464487 16184.761616132871 0.16122172432884116 0.03596660430595066 81.0 144.0 2.8015328874024528 
173581.57206790967 9359.585772464266 0.39825282551553026 8.340701254246899E-57 181.0 133.0 4.892498805542283 
72475.6656749538 14308.208736994187 0.14902553472028127 0.11690647475648264 99.0 157.0 3.203473945409429 
167235.0 12010.550957896354 0.2434483462690749 0.0019270298259221935 133.0 101.0 1.1750990747318777 
150865.0 5228.4469707350945 0.3622798707934969 0.037897510328324405 161.0 90.0 2.3702702702702703 
159007.63926940638 10748.028133421985 0.36420912922560206 0.005143284629765303 143.0 111.0 1.4873737373737375 
105935.0 7361.130798650402 0.17727873704478322 0.037897509703004935 128.0 96.0 1.2777777777777777 
33035.0 11804.2577107131 0.1323246931360638 0.5382871239156394 34.0 78.0 0.5034965034965035 
196343.02170818258 8976.84740888733 0.3487653312527517 3.2984926496515065E-29 200.0 130.0 4.483982683982684 
97180.0 8018.705978553617 0.17408104803962066 0.0179927888429225 136.0 109.0 3.0449757699547444 
160780.0 5879.05171070605 0.38797277570934174 0.006423432682425577 154.0 89.0 3.7661122661122666 
170745.0 7256.688689092707 0.3937564227120229 0.03468653591277134 171.0 93.0 2.7106227106227108 
52360.0 13355.698396397796 0.1747119226095066 0.33209064533016863 57.0 101.0 1.3833333333333333 
56695.571084010706 14293.020598833426 0.13231751500897374 0.32567389536275415 61.0 128.0 2.678921568627451 
65760.0 7826.790108923632 0.17600205817991302 0.2762076008928693 81.0 107.0 4.01089466089466 
188592.19113960298 11298.443710479896 0.3917945742497662 7.199030206056465E-4 197.0 123.0 1.8567307946756992 
72368.43259520405 17946.32838971245 0.0880026780626963 0.11304820734059955 78.0 159.0 3.0903263403263406 
156565.0 5748.975042887114 0.3680588972253764 0.00642343268311162 172.0 104.0 4.079299079299079 
70020.0 7105.321270734645 0.20940390511854862 0.2556502279597194 88.0 92.0 3.523202614379085 
52790.0 8167.024512496564 0.1233322177930653 0.39118705035971224 69.0 95.0 2.9914529914529915 
85655.00000000001 7816.662698219074 0.39439876670033414 0.092497430626731 94.0 73.0 2.08 
109725.0 7129.452353507109 0.21389783116966699 0.04431896228489378 116.0 92.0 3.3935599284436497 
77020.0 6909.265866575896 0.2376634594912509 0.22225077377957106 114.0 104.0 3.9444444444444446 
59795.74422758158 16110.403883358727 0.11498472496938958 0.19719954835001763 57.0 120.0 2.6508974358974355 
81763.60641910802 6800.791861165697 0.15031063540902093 0.26272705888043085 106.0 108.0 4.5304761904761905 
197765.0 5785.409885877207 0.3385148995552298 0.006423438023955198 188.0 132.0 4.975579975579975 
188000.0 7254.357307907437 0.4085266886120529 0.02762076053442279 169.0 89.0 2.333333333333333 
56090.0 8660.528577767565 0.1432511292082069 0.3718713767464214 69.0 87.0 2.1555555555555554 
128910.0 6121.621817545025 0.29995731011741156 0.13044056131774234 133.0 89.0 3.8390977443609025 
47553.688162203005 14603.714805242596 0.09185434486069852 0.37127539904150786 48.0 118.0 1.6233660130718954 
43760.0 8850.381136876504 0.2376642867571278 0.45407836330569495 58.0 87.0 2.6041189931350113 
93720.00000000001 6990.725284434473 0.21585051971933858 0.026343911042141295 108.0 105.0 3.4285714285714284 
73530.0 6902.4260483575845 0.2094013479010122 0.23702466641604047 97.0 100.0 3.8204248366013074 
227554.67564259487 6981.681578844156 0.35971082753947786 0.03275529865132591 191.0 100.0 2.774534161490683 
125305.0 6343.711412194724 0.41556309464189817 0.0706486845311465 147.0 102.0 3.391304347826087 
