[18, 13, 0, 28, 16, 15, 5, 21, 2, 6, 10, 29, 27, 7, 25][4, 23, 20, 24, 14, 11, 17, 28, 16, 27, 7, 25, 0, 18, 22][21, 10, 27, 29, 15, 16, 7, 25, 11, 17, 22, 12, 19, 8, 26][2, 27, 29, 15, 6, 5, 21, 10, 16, 28, 7, 14, 11, 17, 22][17, 12, 18][1, 3, 9][6, 13][0, 22][8, 12][11, 25][1, 23][22, 25] 
[19, 22, 25, 11, 14, 20, 4, 24][15, 6, 13, 0, 22, 12, 8, 26][7, 16, 28, 25, 22, 17][3, 9, 1, 23, 20][18, 13, 6, 2, 21][5, 21, 10, 27][0, 22][27, 29][6, 13][22, 25][0, 22][6, 13] 
[19, 12, 17, 11, 3, 4, 7, 16, 15, 5, 6, 2, 29, 10, 27][5, 15, 29, 10, 21, 2, 6, 13, 18, 19, 17, 22, 25, 7, 27][13, 6, 16, 28, 25, 11, 17, 19, 8, 26][15, 6, 13, 0, 12, 8, 26][8, 26, 0, 28, 16, 27][7, 10, 6, 13, 18, 17][1, 24, 7, 2, 29][21, 6, 13, 0, 22][1, 14, 23, 9][5, 21, 10, 27][20, 7, 27][1, 9] 
[3, 11, 17, 0, 26, 8, 19, 22, 12, 18, 13, 6, 15, 2, 21][5, 21, 2, 29, 27, 15, 16, 10, 6, 13, 18, 22, 0, 25, 7][19, 18, 17, 22, 25, 11, 14, 20, 7, 4, 23, 3, 9, 1, 24][4, 24, 20, 23, 3, 9, 1, 14, 7, 2, 10, 21, 5, 6, 16][14, 9, 23, 20, 24, 4, 7, 25, 28, 17, 22, 0, 12, 8, 26][15, 29, 27][9, 1, 24][4, 23][12, 18][8, 26][8, 26][0, 22] 
[13, 6, 16, 28, 25, 11, 17, 19, 8, 26][5, 15, 16, 7, 4, 3, 11, 17, 12][15, 6, 13, 0, 12, 8, 26][8, 26, 0, 28, 16, 27][7, 10, 6, 13, 18, 17][1, 24, 7, 2, 29][21, 6, 13, 0, 22][7, 25, 22, 17][1, 14, 23, 9][5, 21, 10, 27][20, 7, 27][1, 9] 
[7, 2, 21, 5, 15, 27, 29, 10, 16, 6, 13, 0, 19, 12, 18][3, 1, 9, 14, 24, 20, 23, 4][17, 12, 8, 26][1, 3, 9][6, 13][0, 22][8, 12][16, 28][11, 25][11, 14][1, 23][22, 25] 
[13, 6, 10, 7, 24, 3, 11, 25, 0, 22, 17, 28, 16, 27, 29][1, 9, 3, 4, 7, 16, 2, 10][12, 22, 25, 7, 24, 23][9, 14, 11, 17, 18, 19][27, 29][5, 6][7, 14][6, 21][14, 20][8, 26][6, 15][8, 19] 
[19, 22, 25, 11, 14, 20, 4, 24][15, 6, 13, 0, 22, 12, 8, 26][13, 6, 21, 10, 16, 7, 20][7, 16, 28, 25, 22, 17][3, 9, 1, 23, 20][18, 13, 6, 2, 21][5, 21, 10, 27][0, 22][27, 29][6, 13][22, 25][0, 22] 
[14, 11, 3, 23, 20, 24, 7, 25, 28, 17, 0, 18, 12, 8, 26][0, 28, 16, 27, 29, 2, 21, 10, 7, 25, 11, 17, 19, 8, 26][7, 25, 22, 12, 17, 19, 18, 13, 6, 21, 15, 10, 27, 2, 29][2, 29, 27, 15, 21, 10, 7, 14, 9, 1, 3, 4, 24, 23, 20][4, 1, 23, 20, 24, 7, 16, 6, 5, 21, 10, 2, 27, 29, 15][20, 14, 3, 1, 24, 4, 7, 25, 22, 0, 18, 19, 12, 8, 26][2, 6, 13, 0, 17, 11, 14, 1, 9, 23, 24, 3, 4, 20, 7][2, 16, 7, 4, 14, 11, 3, 9, 23, 20][1, 23, 9, 3, 24, 4, 14, 11][22, 0, 28, 7, 4, 23][2, 16, 7, 25, 22, 12][7, 20] 
[10, 21, 5, 6, 16, 7, 24, 20][25, 11, 17, 19, 8, 26][22, 0, 28, 7, 4, 23][1, 14, 7, 2][7, 27, 29][1, 3, 9][6, 13, 18][6, 16][17, 18][8, 12][10, 15][6, 16] 
[5, 21, 15, 29, 2, 27, 10, 6, 13, 0, 19, 18, 17, 12, 8][9, 3, 1, 23, 20, 14, 24, 7, 25, 0, 12, 17, 11][10, 16][4, 20][0, 17][8, 26][0, 28][22, 25][6, 15][12, 18][7, 14][7, 10] 
[3, 9, 23, 24, 7, 25, 22, 12, 8, 26, 0, 28, 16, 15, 29][12, 17, 11, 14, 24, 3, 9, 1, 23, 4, 20, 7, 2, 27, 29][1, 9, 14, 11, 25, 22, 0, 13, 6, 21, 5, 15, 16, 28, 7][18, 13, 6, 5, 21, 10, 2, 16, 7, 14, 11, 17, 28, 0, 26][13, 6, 10, 7, 24, 3, 11, 25, 0, 22, 17, 28, 16, 27, 29][7, 14, 20, 23, 1, 9, 3, 11, 25, 28, 16, 15, 6, 5, 21][7, 14, 9, 23, 3, 11, 17, 0, 26, 8, 19, 18, 13, 6, 21][15, 10, 29, 2, 7, 20, 24, 4, 14, 11, 25, 22, 19, 8, 26][15, 6, 10, 27, 29, 2, 16, 28, 17, 18, 0, 25, 22, 12, 19][8, 19, 18, 13, 6, 16, 28, 0, 25, 11, 14, 7, 10, 27, 29][1, 9, 3, 4, 7, 16, 27, 2, 29, 10, 6, 13, 18, 22][1, 9, 3, 24, 20, 7, 2, 27, 16, 6, 21, 5] 
[4, 20, 24, 23, 1, 9, 3, 14, 7, 28, 16, 15, 2, 6, 5][9, 23, 3, 14, 1, 24, 4, 20, 7, 2, 27, 16, 6, 5, 15][1, 23, 9, 3, 24, 4, 14, 11][2, 16, 7, 25, 22, 12][0, 19, 18, 17, 28][10, 21, 15, 27, 29][6, 13, 0, 17][12, 8, 26][20, 23][19, 22][7, 27][6, 21] 
[21, 10, 27, 29, 15, 16, 7, 25, 11, 17, 22, 12, 19, 8, 26][7, 27, 29, 10, 6, 2, 21, 5, 15, 16, 28, 17][16, 15, 10, 7, 28, 17, 0, 12, 18][4, 23, 20, 24, 14][18, 0, 22][1, 3, 9][6, 13][8, 12][11, 25][11, 14][1, 23][22, 25] 
[21, 10, 7, 25, 11, 17, 19, 8, 26][5, 6, 16, 7, 24, 20][22, 0, 28, 7, 4, 23][1, 14, 7, 2][3, 9, 23, 20][18, 13, 6, 21][18, 12, 19][7, 27, 29][22, 25][0, 22][6, 13][15, 27] 
[12, 17, 11, 14, 24, 3, 9, 1, 23, 4, 20, 7, 2, 27, 29][1, 9, 14, 11, 25, 22, 0, 13, 6, 21, 5, 15, 16, 28, 7][18, 13, 6, 5, 21, 10, 2, 16, 7, 14, 11, 17, 28, 0, 26][7, 14, 20, 23, 1, 9, 3, 11, 25, 28, 16, 15, 6, 5, 21][7, 14, 9, 23, 3, 11, 17, 0, 26, 8, 19, 18, 13, 6, 21][5, 21, 6, 16, 27, 2, 7, 20, 24, 3, 9, 1, 4, 14, 23][1, 9, 3, 4, 7, 16, 27, 2, 29, 10, 6, 13, 18, 0, 22][15, 10, 29, 2, 7, 20, 24, 4, 14, 11, 25, 22, 19, 8, 26][15, 6, 10, 27, 29, 2, 16, 28, 17, 18, 0, 25, 22, 12, 19][8, 19, 18, 13, 6, 16, 28, 0, 25, 11, 14, 7, 10, 27, 29][13, 6, 10, 7, 24][15, 29] 
[1, 23, 4, 14, 9, 3, 24, 20, 7, 16, 15, 29, 2][18, 22, 25, 11, 17, 0, 19, 8, 26][6, 13, 18, 17, 11, 25, 0, 19][10, 6, 13, 18, 17][5, 21, 10, 27][8, 26, 0, 28][12, 22][19, 22][19, 22][27, 29][12, 22][6, 13] 
[8, 19, 22, 0, 28, 17, 12, 18, 13, 6, 15, 5, 21][13, 6, 16, 7, 25, 28, 17, 18, 19][1, 23, 9, 3, 24, 4, 14, 11][15, 16, 2, 6, 13, 0, 17][5, 6, 10, 21][12, 8, 26][12, 22][20, 23][19, 22][7, 27][27, 29][7, 20] 
[26, 8, 12, 22, 0, 13, 18, 19, 17, 28][5, 21, 15, 2, 29, 27, 10, 16, 7][24, 4, 20, 14, 11, 25][3, 9, 1, 23, 20][0, 22][10, 27][27, 29][6, 21][22, 25][0, 22][6, 13][13, 18] 
[7, 16, 10, 29, 2, 15, 5, 21, 6, 13, 18, 17, 12][4, 24, 1, 14, 9, 3, 11, 25, 28][14, 23, 24][10, 27][0, 19][6, 13][20, 23][8, 19][22, 25][0, 22][8, 26][17, 22] 
[0, 28, 17, 12, 18, 13, 6, 15][1, 23, 9, 3, 24, 4, 14, 11][5, 6, 10, 21][6, 16, 7, 25][12, 8, 26][2, 6][12, 22][20, 23][19, 22][7, 27][27, 29][7, 20] 
[1, 23, 9, 3, 24, 4, 14, 11][2, 16, 7, 25, 22, 12][10, 21, 15, 27, 29][6, 13, 0, 17][12, 8, 26][18, 17, 28][5, 6][20, 23][19, 22][7, 27][6, 21][7, 20] 
[13, 6, 10, 27, 16, 28, 25, 11, 17, 12, 18, 22, 19, 8, 26][0, 17, 19, 8, 12, 18, 13, 6, 5, 21, 10, 27][8, 26, 0, 17, 28, 16, 10, 21, 15, 27][19, 18, 22, 0, 13, 6, 5, 21, 15, 27][5, 15, 16, 7, 4, 3, 11, 17, 12][15, 6, 13, 0, 12, 8, 26][1, 24, 7, 2, 29][7, 28, 25, 22, 17][1, 14, 20, 23, 9][15, 5, 21, 10, 27][6, 10, 7][1, 9] 
[4, 3, 11, 17, 22, 12][4, 14, 11, 25, 0, 22][1, 14, 20, 23, 9][17, 28, 7, 20, 24][5, 6, 10, 15, 21][13, 6, 16, 7, 25][18, 12, 19][15, 29, 27][8, 12][2, 7][8, 26][7, 27] 
[25, 11, 14, 4, 24, 3, 9, 23, 20, 7, 2, 27, 10, 15, 29][11, 3, 14, 4, 7, 10, 29, 2, 16, 27, 15, 21, 5, 6, 13][1, 9, 23, 3, 24, 7, 27, 10, 6, 13, 18, 19, 22, 25, 28][5, 21, 2, 7, 25, 22, 17][0, 26, 8, 12][0, 22][17, 18][6, 10][20, 23][22, 25][8, 26][6, 13] 
[19, 22, 25, 11, 14, 20, 4, 24][15, 6, 13, 0, 12, 8, 26][7, 16, 28, 25, 22, 17][3, 9, 1, 23, 20][18, 13, 6, 2, 21][5, 21, 10, 27][0, 22][27, 29][6, 13][22, 25][0, 22][6, 13] 
[8, 19, 0, 17, 18, 13, 6, 15, 21][4, 3, 11, 25, 28, 16, 10, 29][1, 14, 7, 2][5, 6, 16, 7][9, 3, 24][20, 23][7, 20][8, 26][18, 19][7, 27][0, 22][12, 22] 
[6, 13, 0, 26, 8, 12, 22, 25, 28, 16, 10, 29][7, 2, 21, 5, 15, 27, 10, 6, 13, 0, 18][7, 10, 6, 13, 0, 19, 17, 12, 8, 26][4, 23, 20, 24, 14][8, 12, 18][1, 3, 9][0, 22][16, 28][11, 25][11, 14][1, 23][22, 25] 
[15, 21, 2, 6, 13, 18, 17, 0, 25, 11, 14, 7, 10, 27][26, 8, 12, 0, 18, 19, 17, 28][5, 21, 15, 2, 27, 16][4, 1, 9, 3, 11][14, 23, 24][0, 22][27, 29][20, 23][27, 29][20, 23][8, 26][8, 19] 
[26, 8, 19, 17, 11, 25, 7, 10, 21, 6, 5, 15, 29, 2, 27][19, 12, 18, 17, 22, 25, 28, 16, 15, 21, 5, 6, 2, 10, 27][17, 11, 14, 20, 24, 7, 16, 6, 5, 21, 15, 27, 10, 2, 29][24, 20, 4, 7, 2, 6, 21, 15, 16, 28, 0, 18, 19, 22, 25][15, 2, 29, 27, 10, 6, 13, 18, 22, 0, 12, 17, 19, 8, 26][15, 10, 16, 6, 13, 0, 22, 17, 28, 7, 14, 24, 3, 11, 25][3, 24, 20, 14, 9, 1, 23, 4, 7, 28, 0, 22][1, 14, 7, 2][3, 9, 23, 20][18, 13, 6, 21][7, 27, 29][15, 27] 
[15, 29, 10, 16, 28, 17, 18, 0, 25, 11, 3, 4, 20, 7, 27][19, 17, 11, 3, 4, 7, 2, 15, 6, 13, 0, 28, 25, 22][7, 10, 6, 13, 18, 22, 25, 28, 16, 2, 21, 15][28, 0, 17, 11, 14, 3, 24, 7, 2, 29][5, 6, 13, 18, 22, 25, 7, 27][15, 6, 13, 0, 12, 8, 26][26, 0, 28, 16, 27][21, 6, 13, 0, 22][13, 6, 16, 28, 25][1, 14, 23, 9][5, 21, 10, 27][1, 9] 
[3, 9, 23, 24, 7, 25, 22, 12, 8, 26, 0, 28, 16, 15, 29][12, 17, 11, 14, 24, 3, 9, 1, 23, 4, 20, 7, 2, 27, 29][1, 9, 14, 11, 25, 22, 0, 13, 6, 21, 5, 15, 16, 28, 7][18, 13, 6, 5, 21, 10, 2, 16, 7, 14, 11, 17, 28, 0, 26][13, 6, 10, 7, 24, 3, 11, 25, 0, 22, 17, 28, 16, 27, 29][7, 14, 20, 23, 1, 9, 3, 11, 25, 28, 16, 15, 6, 5, 21][7, 14, 9, 23, 3, 11, 17, 0, 26, 8, 19, 18, 13, 6, 21][5, 21, 6, 16, 27, 2, 7, 20, 24, 3, 9, 1, 4, 14, 23][1, 9, 3, 4, 7, 16, 27, 2, 29, 10, 6, 13, 18, 0, 22][15, 10, 29, 2, 7, 20, 24, 4, 14, 11, 25, 22, 19, 8, 26][15, 6, 10, 27, 29, 2, 16, 28, 17, 18, 0, 25, 22, 12, 19][8, 19, 18, 13, 6, 16, 28, 0, 25, 11, 14, 7, 10, 27, 29] 
[19, 17, 11, 3, 4, 7, 2, 6, 13, 0, 22][15, 16, 28, 25, 11, 3, 4, 20, 7, 27][7, 10, 6, 13, 18, 22, 25, 28, 16, 15][28, 17, 11, 14, 24, 7, 2, 29][5, 6, 13, 18, 22, 25, 7, 27][15, 6, 13, 0, 12, 8, 26][26, 0, 28, 16, 27][21, 6, 13, 0, 22][13, 6, 16, 28, 25][1, 14, 23, 9][5, 21, 10, 27][1, 9] 
[26, 8, 19, 12, 22, 0, 18, 13, 6, 5, 15, 10, 2, 29, 27][7, 10, 29, 27, 15, 6, 2, 16, 28, 0, 18, 17, 22, 25, 11][2, 21, 5, 15, 27, 29, 10, 16, 6, 13, 0, 19, 12][11, 25, 22, 0, 28, 16, 7, 27][4, 20, 7, 25, 22][3, 9, 23, 20][17, 19, 8, 26][23, 1, 3, 24][12, 18][1, 14][16, 28][20, 24] 
[6, 13, 18, 17, 11, 25, 22, 12, 8, 26, 0, 28, 16, 27][19, 17, 11, 3, 4, 7, 2, 6, 13, 0, 25, 22][28, 16, 7, 25, 22, 18, 13, 6, 5, 21, 15, 29][24, 7, 10, 6, 13, 18, 22, 25, 28, 16, 15, 27][13, 6, 16, 28, 25, 22, 19, 8, 26][28, 17, 11, 14, 7, 2, 29][1, 14, 23][16, 7, 20][8, 26][2, 29][1, 9][7, 27] 
[18, 13, 6, 5, 21, 10, 2, 16, 7, 14, 11, 17, 28, 0, 26][7, 14, 20, 23, 1, 9, 3, 11, 25, 28, 16, 15, 6, 5, 21][7, 14, 9, 23, 3, 11, 17, 0, 26, 8, 19, 18, 13, 6, 21][5, 21, 6, 16, 27, 2, 7, 20, 24, 3, 9, 1, 4, 14, 23][15, 10, 29, 2, 7, 20, 24, 4, 14, 11, 25, 22, 19, 8, 26][15, 6, 10, 27, 29, 2, 16, 28, 17, 18, 0, 25, 22, 12, 19][13, 6, 10, 7, 24][15, 29][27, 29][1, 9][0, 22][8, 19] 
[21, 10, 7, 25, 11, 17, 19, 8, 26][5, 6, 16, 7, 24, 20][22, 0, 28, 7, 4, 23][1, 14, 7, 2][3, 9, 23, 20][18, 13, 6, 21][18, 12, 19][7, 27, 29][22, 25][0, 22][6, 13][15, 27] 
[15, 6, 13, 0, 22, 12, 8, 26][24, 4, 20, 14, 11, 25][7, 16, 28, 25, 22, 17][3, 9, 1, 23, 20][18, 13, 6, 2, 21][5, 21, 10, 27][0, 22][27, 29][6, 13][19, 22][0, 22][6, 13] 
[2, 7, 24, 14, 11, 25, 22, 19, 8, 26][4, 20, 14, 11, 25, 0, 13, 6, 5, 21][12, 17, 11, 14, 7, 27, 29][18, 22, 25, 11, 3, 23][16, 28, 17][10, 27][15, 16][1, 9][10, 27][8, 19][1, 14][11, 14] 
[15, 16, 6, 13, 0, 22, 17, 28, 7, 24, 3, 11, 25][26, 8, 19, 17, 11, 25, 7, 10, 6, 15, 2, 27][24, 20, 7, 2, 6, 15, 16, 28, 0, 18, 22, 25][19, 18, 22, 25, 28, 16, 15, 5, 6, 10, 27][17, 11, 14, 24, 7, 16, 6, 21, 15, 10, 29][15, 29, 10, 6, 13, 18, 0, 12, 19, 8, 26][3, 24, 14, 9, 23, 4, 7, 28, 0, 22][1, 14, 7, 2][18, 13, 6, 21][3, 23, 20][7, 27, 29][15, 27] 
[17, 19, 18, 13, 0, 22, 12, 8, 26][5, 21, 15, 2, 29, 27, 10, 16, 7][1, 23, 4, 14, 9, 3][24, 4, 20, 14, 11, 25][0, 28][6, 13][22, 25][6, 10][19, 22][6, 13][19, 22][0, 22] 
[26, 8, 12, 0, 18, 17, 28][22, 0, 28, 7, 4, 23][24, 4, 14, 11, 25][5, 15, 16, 7][18, 13, 6, 21][3, 9, 23, 20][1, 14, 7, 2][15, 27][18, 19][22, 25][10, 27][27, 29] 
[5, 21, 15, 29, 2, 27, 10, 6, 13, 0, 19, 18, 17, 12, 8][9, 3, 1, 23, 20, 14, 24, 7, 25, 0, 12, 17, 11][10, 16][4, 20][0, 17][8, 26][0, 28][22, 25][6, 15][12, 18][7, 14][7, 10] 
[19, 17, 11, 3, 4, 7, 27, 2, 15, 6, 13, 0, 28, 25, 22][14, 3, 24, 7, 2, 29][10, 6, 13, 18][12, 8, 26][1, 14, 23][0, 26][6, 21][7, 27][5, 21][1, 9][7, 20][6, 16] 
[7, 2, 21, 5, 15, 27, 29, 10, 16, 6, 13, 0, 19, 12, 18][17, 22, 12, 19, 8, 26][4, 23, 20, 24, 14][1, 3, 9][6, 13][0, 22][8, 12][16, 28][11, 25][11, 14][1, 23][22, 25] 
[5, 21, 10, 15, 29, 2, 7, 4, 23, 20, 24][8, 12, 0, 22, 19, 18, 17, 11, 14, 9][16, 28, 25][6, 13, 18][1, 9][27, 29][3, 11][12, 22][8, 26][16, 27][6, 15][7, 10] 
[8, 12, 22, 0, 13, 6, 2, 7, 4, 3, 11, 17, 19][20, 24, 3, 1, 14, 11, 17, 22, 0, 13, 6, 21][14, 7, 10, 6, 13, 18, 22, 25, 28, 16, 15, 29][12, 0, 26, 8, 19, 17, 11, 25, 28, 16, 6, 13][24, 3, 11, 17, 12, 8, 26, 0, 28, 16, 27][15, 16, 28, 25, 11, 3, 4, 7, 27][5, 6, 13, 18, 22, 25, 7, 27][28, 17, 11, 14, 7, 2, 29][15, 6, 13, 0, 12, 8, 26][1, 23, 4, 7, 27, 15, 10][5, 21, 10, 27][1, 9] 
[4, 7, 27, 15, 6, 16, 28, 17, 12, 18, 22, 0, 19, 8, 26][1, 23, 20, 24, 7, 28, 25, 22, 17, 0, 13, 18, 12, 19, 8][12, 18, 22, 17, 19, 0, 13, 6, 16, 2, 15, 5, 21, 10, 27][12, 17, 11, 14, 24, 3, 9, 1, 23, 4, 20, 7, 2, 27, 29][15, 16, 2, 29, 10, 7, 20, 24, 3, 11, 17, 0, 19, 8, 26][20, 23, 4, 14, 9, 1, 3, 24, 7, 16, 6, 5, 15, 10, 27][22, 25, 28, 16, 7, 27, 10, 29, 15, 6, 13, 0, 12, 8, 26][7, 14, 9, 23, 3, 11, 17, 0, 26, 8, 19, 18, 13, 6, 21][7, 27, 2, 29, 10, 21, 5, 6, 13, 18, 19, 22, 0, 12, 8][2, 7, 20, 23, 1, 14, 4, 24, 3, 11, 25, 0, 12, 8, 26][11, 14, 23, 20, 7, 10, 29, 27, 15, 5, 21, 2, 6, 13, 18][5, 6, 15, 21, 2, 27, 16, 28, 7, 25, 0, 26, 8, 19, 22] 
[26, 8, 12, 22, 0, 13, 18, 19, 17, 28][7, 16, 15, 29, 2, 21, 6, 10][24, 4, 20, 14, 11, 25][3, 9, 1, 23, 20][0, 22][27, 29][6, 21][5, 21][22, 25][0, 22][6, 13][13, 18] 
[2, 21, 5, 15, 27, 29, 10, 16, 6, 13, 0, 19, 12][7, 16, 28, 25, 22, 17][24, 4, 20, 14, 11, 25][3, 9, 1, 23][4, 23][19, 22][8, 12][8, 26][6, 13][13, 18][16, 28][4, 23] 
[7, 14, 3, 11, 17, 0, 26, 8, 19, 18, 13, 6, 21][24, 23, 14, 3, 1, 4, 7, 2, 6, 13, 18, 22, 25][18, 13, 6, 2, 7, 14, 11, 17, 0, 26, 8, 19][0, 13, 6, 21, 15, 10, 2, 7, 25, 22, 12][7, 14, 3, 11, 25, 28, 16, 6, 2, 27][7, 14, 3, 11, 25, 28, 16, 15, 21][7, 14, 11, 25, 0, 12, 8, 26][14, 9, 3, 4, 7, 10, 29][1, 24, 7, 2, 6, 5][1, 23, 3, 24, 14, 11][18, 17, 28][20, 23] 
[7, 2, 21, 5, 15, 27, 29, 10, 16, 6, 13, 0, 19, 12, 18][11, 14, 3, 24, 20, 7, 28, 0, 25, 22, 12, 8, 19, 17, 18][1, 3, 9, 14, 20, 24, 4, 7][17, 22, 12, 19, 8, 26][4, 23, 20, 24, 14][6, 13][0, 22][8, 12][16, 28][11, 25][1, 23][22, 25] 
[3, 23, 24, 7, 25, 22, 12, 8, 26, 0, 28, 16, 15, 29][2, 7, 14, 11, 25, 28, 16, 6, 13, 18, 19, 8][10, 7, 4, 3, 11, 25, 0, 19, 12, 22, 17][7, 20, 23, 3, 11, 25, 28, 16, 15, 5, 21][19, 18, 0, 17, 11, 3, 4, 7, 2, 29][19, 17, 11, 14, 7, 2, 6, 13, 0, 22][9, 23, 14, 7, 10, 6, 13, 18, 22, 25][23, 3, 4, 7, 25, 0, 12, 8, 26][11, 14, 3, 23, 4, 7, 27][7, 2, 21, 6, 13, 18][15, 16, 28, 17, 19][1, 23] 
[3, 9, 23, 24, 7, 25, 22, 12, 8, 26, 0, 28, 16, 15, 29][12, 17, 11, 14, 24, 3, 9, 1, 23, 4, 20, 7, 2, 27, 29][1, 9, 14, 11, 25, 22, 0, 13, 6, 21, 5, 15, 16, 28, 7][18, 13, 6, 5, 21, 10, 2, 16, 7, 14, 11, 17, 28, 0, 26][13, 6, 10, 7, 24, 3, 11, 25, 0, 22, 17, 28, 16, 27, 29][7, 14, 20, 23, 1, 9, 3, 11, 25, 28, 16, 15, 6, 5, 21][15, 6, 10, 27, 29, 2, 16, 28, 17, 18, 0, 25, 22, 12, 19][8, 19, 18, 13, 6, 16, 28, 0, 25, 11, 14, 7, 10, 27, 29][7, 14, 9, 3, 11, 17, 0, 26, 8, 19, 18, 13, 6, 21][1, 9, 3, 24, 20, 7, 2, 27, 16, 6, 21, 5][15, 2, 7, 24, 4, 14, 11, 25, 22, 19, 8, 26][1, 3, 4, 7, 16, 2, 10, 6, 13, 18, 22] 
[6, 5, 21, 10, 15, 29, 2, 7, 4, 23, 20, 24][8, 12, 0, 22, 19, 18, 17, 11, 14, 9][16, 28, 25][6, 13, 18][1, 9][27, 29][3, 11][12, 22][8, 26][16, 27][6, 15][7, 10] 
[7, 24, 20, 4, 3, 11, 17, 19, 12, 18, 22, 0, 13, 6, 21][15, 29, 10, 16, 28, 17, 18, 0, 25, 11, 3, 4, 20, 7, 27][24, 7, 10, 6, 13, 18, 22, 25, 28, 16, 2, 21, 15, 29, 27][13, 6, 16, 28, 25, 0, 18, 12, 22, 19, 17, 11, 3, 1, 14][26, 0, 28, 16, 27][5, 6, 13][2, 29][17, 19][8, 26][14, 23][10, 27][1, 9] 
[7, 2, 21, 5, 15, 27, 29, 10, 16, 6, 13, 0, 19, 12, 18][4, 23, 20, 24, 14][17, 12, 8, 26][1, 3, 9][6, 13][0, 22][8, 12][16, 28][11, 25][11, 14][1, 23][22, 25] 
[21, 10, 7, 25, 11, 17, 19, 8, 26][5, 6, 16, 7, 24, 20][22, 0, 28, 7, 4, 23][1, 14, 7, 2][3, 9, 23, 20][18, 13, 6, 21][18, 12, 19][7, 27, 29][22, 25][0, 22][6, 13][15, 27] 
[19, 17, 11, 3, 4, 7, 27, 2, 15, 6, 13, 0, 28, 25, 22][15, 29, 10, 16, 28, 17, 18, 0, 25, 11, 3, 4, 20, 7, 27][15, 21, 6, 13, 0, 22, 17, 11, 25, 7, 16, 28][7, 10, 6, 13, 18, 22, 25, 28, 16, 15][28, 17, 11, 14, 24, 7, 2, 29][5, 6, 13, 18, 22, 25, 7, 27][15, 6, 13, 0, 12, 8, 26][26, 0, 28, 16, 27][13, 6, 16, 28, 25][1, 14, 23, 9][5, 21, 10, 27][1, 9] 
[6, 13, 0, 26, 8, 12, 22, 25, 28, 16, 10, 29][7, 2, 21, 5, 15, 27, 10, 6, 13, 0, 18][7, 2, 6, 13, 0, 19, 17, 12, 8, 26][4, 23, 20, 24, 14][8, 12, 18][1, 3, 9][0, 22][16, 28][11, 25][11, 14][1, 23][22, 25] 
[1, 9, 14, 11, 25, 22, 0, 13, 6, 21, 5, 15, 16, 28, 7][7, 14, 20, 23, 1, 9, 3, 11, 25, 28, 16, 15, 6, 5, 21][5, 21, 6, 16, 27, 2, 7, 20, 24, 3, 9, 1, 4, 14, 23][1, 9, 3, 4, 7, 16, 27, 2, 29, 10, 6, 13, 18, 0, 22][15, 10, 29, 2, 7, 20, 24, 4, 14, 11, 25, 22, 19, 8, 26][15, 6, 10, 27, 29, 2, 16, 28, 17, 18, 0, 25, 22, 12, 19][8, 19, 18, 13, 6, 16, 28, 0, 25, 11, 14, 7, 10, 27, 29][7, 14, 9, 3, 11, 17, 0, 26, 8, 19, 18, 13, 6, 21][0, 17, 18, 12, 19, 22, 25, 28, 7, 27, 10, 2, 29][18, 13, 6, 21, 2, 7, 14, 11, 17, 0, 26][9, 23, 4, 14, 24, 7, 10, 6, 13, 0, 25][12, 17, 11, 14, 3, 1, 4, 7, 2, 29] 
[8, 19, 0, 18, 13, 6, 15, 5, 21][13, 6, 16, 7, 25, 28, 17, 19][1, 23, 9, 3, 24, 4, 14, 11][15, 2, 6, 13, 0, 17][5, 6, 10, 21][12, 8, 26][12, 22][20, 23][19, 22][7, 27][27, 29][7, 20] 
[19, 17, 11, 3, 4, 7, 27, 2, 15, 6, 13, 0, 28, 25, 22][25, 28, 16, 7, 2, 10, 29, 27, 15, 6, 13, 0, 12, 8, 26][18, 12, 8, 19, 17, 22, 0, 13, 6, 21, 10, 27, 15, 2, 29][28, 16, 27, 7, 25, 22, 18, 13, 6, 5, 21, 10, 15, 2, 29][24, 7, 10, 6, 13, 18, 22, 25, 28, 16, 2, 21, 15, 29, 27][6, 13, 18, 17, 11, 25, 22, 12, 8, 26, 0, 28, 16, 27][13, 6, 16, 28, 25, 22, 12, 17, 18, 0, 19, 8, 26][15, 10, 16, 28, 17, 0, 25, 11, 3, 4, 7, 27][28, 0, 17, 11, 14, 3, 24, 7, 2, 29][1, 23, 3, 24, 7, 10, 6, 13, 18][20, 7, 16, 15, 21, 10, 27][1, 9] 
[15, 21, 2, 6, 13, 18, 17, 0, 25, 11, 14, 7, 10, 27][5, 6, 13, 18, 12, 8, 26, 0, 28, 16][4, 1, 9, 3, 11][14, 23, 24][20, 23][27, 29][0, 22][19, 22][8, 19][20, 23][6, 13][8, 26] 
[15, 16, 28, 17, 18, 0, 25, 11, 3, 4, 20, 7, 27][19, 17, 11, 3, 4, 7, 2, 6, 13, 0, 25, 22][1, 23, 3, 24, 14, 11][26, 0, 28, 16, 27][13, 6, 16, 28, 25][6, 16, 7, 25][5, 21, 10, 27][12, 8, 26][27, 29][19, 22][1, 9][2, 6] 
[19, 8, 26, 0, 28, 7, 4, 14, 1, 24, 23][4, 3, 9, 14, 24, 7, 28, 17, 18, 22, 25][22, 19, 18, 13, 6, 21, 10, 29][20, 23, 4, 7, 2, 27][22, 0, 28, 7, 4, 23][5, 6, 16, 7, 20][3, 11, 17, 12][3, 11, 17, 12][22, 25][18, 19][15, 27][0, 22] 
[4, 3, 11, 17, 22, 12][1, 14, 20, 23, 9][17, 28, 7, 20, 24][5, 6, 10, 15, 21][13, 6, 16, 7, 25][18, 12, 19][8, 12][2, 7][8, 26][0, 22][7, 27][27, 29] 
[15, 5, 21, 6, 13, 18, 22, 25, 0, 17, 12, 8, 26][11, 25, 7, 16, 2, 10, 27, 29][4, 23, 20, 24, 14][1, 3, 9][6, 13][0, 22][12, 19][8, 12][16, 28][11, 14][1, 23][22, 25] 
[19, 22, 25, 11, 14, 20, 4, 24][15, 6, 13, 0, 22, 12, 8, 26][7, 16, 28, 25, 22, 17][3, 9, 1, 23, 20][18, 13, 6, 2, 21][5, 21, 10, 27][0, 22][27, 29][6, 13][22, 25][0, 22][6, 13] 
[5, 15, 2, 29, 10, 16, 7][4, 3, 11, 17, 12][3, 9, 1, 23, 20][24, 4, 14, 11, 25][7, 28, 25, 22][18, 13, 6, 21][5, 6, 15, 21][7, 27][18, 19][0, 22][8, 12][8, 26] 
[5, 21, 6, 16, 27, 2, 7, 20, 24, 3, 9, 1, 4, 14, 23][7, 25, 22, 0, 26, 8, 12, 18, 13, 6, 15, 27, 10, 2, 29][7, 14, 9, 23, 3, 11, 17, 0, 26, 8, 19, 18, 13, 6, 21][15, 6, 10, 27, 29, 2, 16, 28, 17, 18, 0, 25, 22, 12, 19][7, 25, 22, 0, 26, 8, 12, 18, 13, 6, 15, 27, 10, 2, 29][10, 6, 13, 18, 17, 19, 22, 12, 0, 25, 11][17, 12, 8, 26][16, 28][8, 19][11, 25][15, 29][0, 22] 
[7, 2, 21, 5, 15, 27, 29, 10, 16, 6, 13, 0, 19, 12, 18][4, 23, 20, 24, 14][17, 12, 8, 26][1, 3, 9][6, 13][0, 22][8, 12][16, 28][11, 25][11, 14][1, 23][22, 25] 
[26, 8, 12, 22, 0, 13, 18, 19, 17, 28][5, 21, 15, 2, 29, 27, 10, 16, 7][24, 4, 20, 14, 11, 25][3, 9, 1, 23, 20][0, 22][10, 27][27, 29][6, 21][22, 25][0, 22][6, 13][13, 18] 
[8, 12, 18, 22, 25, 0, 13, 6, 2, 7, 4, 3, 11, 17, 19][20, 7, 24, 3, 9, 1, 4, 14, 11, 17, 22, 0, 13, 6, 21][14, 20, 7, 10, 6, 13, 18, 22, 25, 28, 16, 15, 2, 27, 29][24, 23, 3, 11, 17, 18, 12, 8, 26, 0, 28, 16, 27][15, 10, 16, 28, 0, 25, 11, 3, 4, 20, 7, 27][12, 0, 26, 8, 19, 17, 11, 25, 28, 16, 6, 13][1, 9, 23, 24, 4, 7, 2, 27, 29, 15, 10][28, 17, 11, 14, 24, 7, 2, 29][5, 6, 13, 18, 22, 25, 7, 27][15, 6, 13, 0, 12, 8, 26][5, 21, 10, 27][1, 23, 9] 
[19, 22, 25, 11, 14, 20, 4, 24][15, 6, 13, 0, 22, 12, 8, 26][7, 16, 28, 25, 22, 17][3, 9, 1, 23, 20][18, 13, 6, 2, 21][5, 21, 10, 27][0, 22][27, 29][6, 13][22, 25][0, 22][6, 13] 
[21, 15, 29, 2, 6, 13, 18, 12, 19, 8, 26, 0, 28, 16, 27][8, 12, 19, 22, 25, 28, 0, 17, 11, 14, 3, 24, 7, 2, 29][19, 17, 28, 7, 16, 27, 2, 10, 15, 6, 13, 0, 12, 8, 26][4, 1, 14, 23, 9, 3, 11, 25, 0, 13, 18, 19, 12, 8, 26][15, 29, 10, 16, 28, 17, 18, 0, 25, 11, 3, 4, 20, 7, 27][5, 15, 21, 2, 16, 28, 25, 22, 18, 13, 6, 10, 7, 27, 29][19, 17, 11, 3, 4, 7, 2, 15, 6, 13, 0, 28, 25, 22][27, 7, 25, 22, 18, 13, 6, 5, 15, 16, 2, 10, 29][13, 6, 16, 28, 25, 0, 26, 8, 12, 18, 22, 17, 19][21, 6, 13, 0, 22][5, 21, 10, 27][1, 9, 14] 
[21, 10, 27, 29, 15, 16, 7, 25, 11, 17, 22, 12, 19, 8, 26][7, 27, 29, 10, 6, 2, 21, 5, 15, 16, 28, 17][4, 23, 20, 24, 14][18, 0, 22][1, 3, 9][6, 13][12, 18][8, 12][11, 25][11, 14][1, 23][22, 25] 
[13, 6, 10, 7, 24, 3, 11, 25, 22, 17, 28, 16, 27][22, 17, 28, 16, 2, 7, 25, 0, 18, 12, 8, 26][10, 7, 4, 1, 14, 11, 17, 19, 18][6, 21, 15, 2, 7, 4, 20, 24][8, 12, 17, 11, 14, 9][12, 22, 25, 7, 24, 23][8, 26][27, 29][6, 15][6, 21][14, 20][5, 6] 
[13, 6, 16, 28, 25, 11, 17, 19, 8, 26][5, 6, 13, 18, 22, 25, 7, 27][19, 17, 11, 3, 4, 7, 27][15, 6, 13, 0, 12, 8, 26][8, 26, 0, 28, 16, 27][7, 10, 6, 13, 18, 17][1, 24, 7, 2, 29][21, 6, 13, 0, 22][1, 14, 23, 9][5, 21, 10, 27][20, 7, 27][1, 9] 
[7, 14, 9, 23, 3, 11, 17, 0, 26, 8, 19, 18, 13, 6, 21][2, 27, 29, 15, 10, 21, 5, 6, 16, 7, 24, 20, 23, 14, 3][15, 6, 10, 27, 29, 2, 16, 28, 17, 18, 0, 25, 22, 12, 19][17, 28, 0, 25, 11, 3, 23, 1, 14, 7, 2, 27, 15, 10, 29][1, 9, 3, 4, 7, 16, 27, 2, 29, 10, 6, 13, 18, 0, 22][15, 6, 10, 27, 29, 2, 16, 28, 17, 18, 0, 25, 22, 12, 19][0, 13, 18, 22, 25, 28, 16, 6, 2, 21, 10, 15, 29, 27, 7][12, 17, 11, 14, 24, 3, 9, 1, 23, 4, 20, 7, 2, 27, 29][1, 9, 3, 4, 7, 16, 27, 2, 29, 10, 6, 13, 18, 0, 22][1, 3, 9, 14, 24, 23, 4, 7, 28, 0, 22, 19, 8, 12, 17][5, 21, 6, 13, 18, 22, 0, 28, 7, 4, 23, 14, 24, 20][3, 9, 23, 20] 
[2, 10, 27, 15, 6, 13, 18, 12, 8, 26, 0, 22, 25, 7][16, 10, 29, 27, 15, 5, 21][4, 23, 20, 24, 14][17, 22, 12, 19][11, 14][11, 25][1, 23][3, 9][16, 28][1, 3][1, 3][11, 14] 
[21, 10, 7, 25, 11, 17, 19, 8, 26][6, 13, 0, 17, 12, 22, 25][5, 6, 16, 7, 24, 20][22, 0, 28, 7, 4, 23][1, 14, 7, 2][3, 9, 23, 20][18, 13, 6, 21][18, 12, 19][7, 27, 29][22, 25][0, 22][15, 27] 
[5, 21, 10, 7, 27, 29, 15, 2, 6, 13, 0, 17, 11, 3, 24][7, 14, 4, 20, 24, 3, 11, 17, 22, 18, 19, 0, 12, 8, 26][7, 27, 10, 16, 2, 21, 5, 15, 6, 13, 0, 18, 19, 22, 12][24, 4, 3, 14, 23, 20, 7, 10, 16, 2, 21, 5, 15, 27, 29][1, 23, 9, 3, 24, 4, 14, 11, 25, 7, 27, 10, 29, 15, 16][9, 23, 4, 3, 14, 1, 24, 20, 7, 25, 22, 19, 17, 0, 13][5, 6, 10, 21, 15, 29, 27, 16, 2, 7, 28, 17][13, 6, 16, 7, 25, 28, 17, 19][8, 19, 18, 13, 6, 21][20, 23][19, 22][7, 27] 
[3, 9, 23, 24, 7, 25, 22, 12, 8, 26, 0, 28, 16, 15, 29][12, 17, 11, 14, 24, 3, 9, 1, 23, 4, 20, 7, 2, 27, 29][1, 9, 14, 11, 25, 22, 0, 13, 6, 21, 5, 15, 16, 28, 7][18, 13, 6, 5, 21, 10, 2, 16, 7, 14, 11, 17, 28, 0, 26][13, 6, 10, 7, 24, 3, 11, 25, 0, 22, 17, 28, 16, 27, 29][7, 14, 20, 23, 1, 9, 3, 11, 25, 28, 16, 15, 6, 5, 21][7, 14, 9, 23, 3, 11, 17, 0, 26, 8, 19, 18, 13, 6, 21][5, 21, 6, 16, 27, 2, 7, 20, 24, 3, 9, 1, 4, 14, 23][1, 9, 3, 4, 7, 16, 27, 2, 29, 10, 6, 13, 18, 0, 22][15, 10, 29, 2, 7, 20, 24, 4, 14, 11, 25, 22, 19, 8, 26][15, 6, 10, 27, 29, 2, 16, 28, 17, 18, 0, 25, 22, 12, 19][8, 19, 18, 13, 6, 16, 28, 0, 25, 11, 14, 7, 10, 27, 29] 
[6, 13, 18, 17, 11, 25, 22, 12, 19, 8, 26, 0, 28, 16, 27][19, 17, 11, 3, 4, 7, 27, 2, 15, 6, 13, 0, 28, 25, 22][28, 16, 27, 7, 25, 22, 18, 13, 6, 5, 21, 10, 15, 2, 29][24, 7, 10, 6, 13, 18, 22, 25, 28, 16, 2, 21, 15, 29, 27][13, 6, 16, 28, 25, 22, 12, 17, 18, 0, 19, 8, 26][28, 17, 11, 14, 24, 7, 2, 29][1, 14, 23][16, 7, 20][8, 26][2, 29][1, 9][7, 27] 
[20, 23, 9, 3, 24, 14, 4, 7, 2, 21, 6, 16, 15, 29, 27][4, 3, 1, 9, 14, 23, 24, 20, 7, 28, 17, 18, 12, 22, 25][19, 8, 26, 0, 25, 28, 7, 20, 4, 14, 9, 1, 3, 24, 23][9, 1, 3, 14, 20, 24, 7, 2, 15, 5, 6, 21, 10, 27, 29][18, 22, 25, 11, 17, 0, 19, 8, 26][12, 22, 0, 25, 28, 17][10, 6, 13, 18, 17][3, 11, 17, 22, 12][5, 21, 10, 27][12, 22][19, 22][6, 13] 
[1, 23, 9, 3, 24, 4, 14, 11][16, 7, 25, 28, 17, 19][2, 6, 13, 0, 17][18, 13, 6, 15, 21][5, 6, 10][12, 8, 26][12, 22][20, 23][19, 22][7, 27][27, 29][7, 20] 
[8, 19, 18, 13, 6, 16, 28, 25, 11, 14, 7, 27, 29][1, 4, 20, 14, 11, 25, 0, 13, 6, 5, 21, 10, 27][15, 2, 7, 24, 14, 11, 25, 22, 19, 8, 26][1, 4, 14, 11, 25, 0, 13, 6, 10, 27][1, 14, 11, 25, 0, 13, 6, 16, 7][6, 13, 18, 22, 25, 11, 3, 23][12, 17, 11, 14, 7, 27, 29][0, 19, 18, 13, 6, 10, 27][15, 16, 28, 17, 19][15, 16, 28, 17, 19][1, 9][11, 14] 
[20, 23, 9, 3, 24, 14, 4, 7, 2, 21, 6, 16, 15, 29, 27][25, 22, 12, 18, 17, 28][10, 6, 13, 18][8, 26][5, 21][8, 19][12, 22][1, 9][0, 22][11, 17][19, 22][6, 13] 
[4, 14, 11, 25, 0, 22][1, 14, 20, 23, 9][13, 6, 16, 7, 25][4, 3, 11, 17, 12][17, 28, 7, 24][5, 6, 10, 21][18, 12, 19][15, 29, 27][8, 12][2, 7][8, 26][7, 27] 
[8, 26, 0, 12, 18, 22, 19, 17, 11, 25, 28, 16, 27, 10, 29][4, 1, 14, 7, 27, 16, 2, 6, 21, 5, 15, 10, 29][8, 19, 22, 0, 28, 17, 12, 18, 13, 6, 15, 5, 21][13, 6, 16, 7, 25, 28, 17, 18, 19][1, 23, 9, 3, 24, 4, 14, 11][15, 2, 6, 13, 0, 17][5, 6, 10, 21][12, 8, 26][12, 22][20, 23][27, 29][7, 20] 
[8, 19, 22, 0, 28, 17, 12, 18, 13, 6, 15, 5, 21][13, 6, 16, 7, 25, 28, 17, 18, 19][1, 23, 9, 3, 24, 4, 14, 11][15, 2, 6, 13, 0, 17][5, 6, 10, 21][12, 8, 26][12, 22][20, 23][19, 22][7, 27][27, 29][7, 20] 
[7, 27, 29, 10, 6, 2, 21, 5, 15, 16, 28, 0, 13, 18][4, 23, 20, 24, 14, 11][1, 3, 9][19, 8, 26][6, 13][0, 22][12, 18][8, 12][11, 25][17, 22][1, 23][22, 25] 
[8, 19, 0, 17, 18, 13, 6, 15, 21][13, 6, 16, 7, 25, 28, 17, 19][1, 23, 9, 3, 24, 4, 14, 11][15, 2, 6, 13, 0, 17][5, 6, 10, 21][12, 8, 26][12, 22][20, 23][19, 22][7, 27][27, 29][7, 20] 
[21, 10, 29, 15, 16, 7, 25, 11, 17, 19, 8, 26][21, 6, 13, 0, 17, 11, 3, 1, 4, 7, 28][7, 10, 2, 27, 16, 6, 13, 18, 19, 12, 22][14, 23, 24, 7, 16, 6, 5, 15, 21, 10, 27][18, 17, 28, 7, 20, 14, 3, 11, 25, 0, 22][4, 23, 14, 11, 25, 22, 19, 12, 0, 18][9, 3, 24, 7, 25, 11, 17, 22][10, 6, 13, 18, 19, 8, 26][9, 3, 24, 23][1, 14, 7, 2][3, 23, 20][17, 18] 
[12, 22, 17, 11, 3, 4, 24, 20, 7, 28, 16, 2, 27, 15, 29][5, 15, 10, 21, 2, 6, 13, 18, 12, 19, 22, 25, 0, 26, 8][11, 25, 7, 2, 29, 15, 21, 5, 6, 10, 27, 16, 28, 0, 22][17, 19, 22, 18, 0, 28, 25, 11, 14, 4, 3, 9, 1, 23, 20][0, 25, 22, 19, 17, 18, 13, 6, 15, 5, 21, 10, 27][8, 26, 0, 18, 12, 19, 17, 11, 25, 22][19, 22, 25, 11, 14, 20, 4, 24][7, 16, 28, 25, 22, 17][5, 6, 10, 15, 21][7, 27][8, 12][27, 29] 
[15, 29, 10, 16, 28, 25, 11, 3, 4, 7, 27][8, 19, 0, 17, 18, 13, 6, 15, 21][1, 9, 3, 24, 14, 11][5, 6, 16, 7, 20][21, 6, 13, 0, 22][5, 6, 16, 7, 20][1, 14, 7, 2][20, 23][8, 26][18, 19][7, 27][12, 22] 
[1, 24, 20, 14, 9, 3, 11, 17, 22, 25, 7, 10][27, 10, 6, 13, 18, 19, 8, 26, 0, 28][4, 23, 14, 11, 25, 7, 16, 15, 21, 5][21, 2, 16, 28, 0, 13, 6, 15, 27][12, 22, 25][0, 17, 28][12, 8, 26][2, 7, 14][5, 15][10, 29][2, 29][1, 14] 
[21, 10, 7, 25, 11, 17, 19, 8, 26][5, 6, 16, 7, 24, 20][22, 0, 28, 7, 4, 23][1, 14, 7, 2][3, 9, 23, 20][18, 13, 6, 21][18, 12, 19][7, 27, 29][22, 25][0, 22][6, 13][15, 27] 
[0, 13, 6, 15, 16, 28, 17, 11, 14, 3, 1, 9, 23, 20, 7][12, 8, 26, 0, 25, 11, 3, 1, 24, 7, 2, 29][4, 7, 27, 16, 28, 17, 22, 19, 8, 26][5, 15, 16, 7, 4, 3, 11, 17, 12][0, 13, 6, 2, 15, 5, 21, 10, 27][15, 6, 13, 0, 12, 8, 26][8, 26, 0, 28, 16, 27][8, 26, 0, 28, 16, 27][1, 14, 23, 9][18, 17, 28][0, 25][0, 25] 
[0, 17, 18, 12, 19, 22, 25, 28, 7, 27, 10, 16, 2, 15, 29][12, 17, 11, 14, 24, 3, 9, 1, 23, 4, 20, 7, 2, 27, 29][1, 9, 14, 11, 25, 22, 0, 13, 6, 21, 5, 15, 16, 28, 7][18, 13, 6, 5, 21, 10, 2, 16, 7, 14, 11, 17, 28, 0, 26][9, 23, 4, 3, 14, 1, 24, 7, 10, 6, 13, 18, 0, 22, 25][7, 14, 20, 23, 1, 9, 3, 11, 25, 28, 16, 15, 6, 5, 21][7, 14, 9, 23, 3, 11, 17, 0, 26, 8, 19, 18, 13, 6, 21][5, 21, 6, 16, 27, 2, 7, 20, 24, 3, 9, 1, 4, 14, 23][1, 9, 3, 4, 7, 16, 27, 2, 29, 10, 6, 13, 18, 0, 22][15, 10, 29, 2, 7, 20, 24, 4, 14, 11, 25, 22, 19, 8, 26][15, 6, 10, 27, 29, 2, 16, 28, 17, 18, 0, 25, 22, 12, 19][8, 19, 18, 13, 6, 16, 28, 0, 25, 11, 14, 7, 10, 27, 29] 
[13, 6, 16, 7, 25, 28, 17, 19][1, 23, 9, 3, 24, 4, 14, 11][15, 2, 6, 13, 0, 17][8, 19, 18, 13, 6, 21][5, 6, 10, 21][12, 8, 26][12, 22][20, 23][19, 22][7, 27][27, 29][7, 20] 
[26, 8, 12, 22, 0, 13, 18, 19, 17, 28][7, 16, 15, 29, 2, 21, 6, 10][24, 4, 20, 14, 11, 25][3, 9, 1, 23, 20][0, 22][27, 29][6, 21][5, 21][22, 25][0, 22][6, 13][13, 18] 
[19, 17, 11, 3, 4, 7, 27, 2, 15, 6, 13, 0, 28, 25, 22][14, 3, 24, 7, 2, 29][10, 6, 13, 18][12, 8, 26][1, 14, 23][0, 26][6, 21][7, 27][5, 21][1, 9][7, 20][6, 16] 
[28, 16, 7, 25, 22, 18, 13, 6, 21, 15, 29][13, 6, 16, 28, 25, 22, 19, 8, 26][15, 16, 28, 25, 11, 3, 4, 7, 27][28, 17, 11, 14, 24, 7, 2, 29][28, 17, 11, 3, 24, 7, 2, 29][28, 17, 11, 3, 24, 7, 2, 29][15, 6, 13, 0, 12, 8, 26][13, 6, 16, 28, 25][20, 7, 16, 15, 27][21, 6, 13, 0, 22][1, 14, 23, 9][5, 21, 10, 27] 
[7, 2, 21, 5, 15, 27, 29, 10, 16, 6, 13, 0, 19, 12, 18][4, 23, 20, 24, 14][17, 12, 8, 26][1, 3, 9][6, 13][0, 22][8, 12][16, 28][11, 25][11, 14][1, 23][22, 25] 
[13, 6, 10, 27, 16, 28, 25, 11, 17, 19, 8, 26][5, 15, 16, 7, 4, 3, 11, 17, 12][7, 16, 15, 29, 2, 21, 10][15, 6, 13, 0, 12, 8, 26][26, 8, 12, 0, 18, 17, 28][24, 20, 14, 11, 25][24, 14, 11, 25][1, 14, 23, 9][6, 10, 7][0, 22][5, 21][1, 9] 
[3, 9, 23, 24, 7, 25, 22, 12, 8, 26, 0, 28, 16, 15, 29][1, 9, 14, 11, 25, 22, 0, 13, 6, 21, 5, 15, 16, 28, 7][7, 14, 20, 23, 1, 9, 3, 11, 25, 28, 16, 15, 6, 5, 21][1, 9, 3, 4, 7, 16, 27, 2, 29, 10, 6, 13, 18, 0, 22][15, 10, 29, 2, 7, 20, 24, 4, 14, 11, 25, 22, 19, 8, 26][8, 19, 18, 13, 6, 16, 28, 0, 25, 11, 14, 7, 10, 27, 29][13, 6, 10, 7, 24, 3, 11, 25, 22, 17, 28, 16, 27, 29][7, 14, 11, 17, 0, 26, 8, 19, 18, 13, 6, 21][18, 13, 6, 21, 2, 7, 14, 11, 17, 0, 26][15, 10, 29, 2, 16, 28, 17, 0, 22, 19][12, 17, 11, 14, 7, 2, 27, 29][5, 6, 16, 7, 20, 23] 
[7, 2, 21, 5, 15, 27, 29, 10, 16, 6, 13, 0, 19, 12, 18][7, 25, 22, 0, 26, 8, 12, 18, 13, 6, 15, 27, 10, 2, 29][9, 3, 24, 4, 23, 20, 14, 11][4, 23, 20, 24, 14][17, 12, 8, 26][1, 3, 9][6, 13][0, 22][8, 12][16, 28][11, 25][1, 23] 
[19, 18, 17, 22, 25, 11, 14, 20, 7, 4, 23, 3, 9, 1, 24][7, 2, 21, 5, 15, 27, 29, 10, 16, 6, 13, 0, 19, 12, 18][14, 9, 23, 20, 24, 4, 7, 25, 28, 17, 22, 0, 12, 8, 26][9, 1, 24, 20, 4, 3, 11, 25, 22, 17, 12, 0, 28, 16, 10][7, 24, 20, 4, 3, 1, 23, 9, 14, 11, 17, 0, 22, 12, 18][4, 23, 20, 24, 14][17, 12, 8, 26][1, 3, 9][9, 1, 24][16, 28][22, 25][8, 26] 
[19, 22, 25, 11, 14, 4, 24][15, 6, 13, 0, 12, 8, 26][13, 6, 10, 16, 7, 20][3, 9, 1, 23, 20][7, 28, 25, 22, 17][18, 13, 6, 2, 21][5, 21, 10, 27][0, 22][27, 29][6, 13][22, 25][0, 22] 
[6, 13, 0, 26, 8, 12, 22, 25, 28, 16, 10, 29][7, 2, 21, 5, 15, 27, 10, 6, 13, 0, 19, 18][7, 10, 2, 6, 13, 0, 19, 17, 12, 8, 26][4, 23, 20, 24, 14][8, 12, 18][1, 3, 9][0, 22][16, 28][11, 25][11, 14][1, 23][22, 25] 
