[5, 15, 2, 27, 29, 10, 21][25, 22, 19, 8, 26][0, 12, 18, 13, 6][3, 23, 24, 7][1, 9, 14, 20][4, 3, 14][11, 17, 28][16, 27][7, 16][7, 28][25, 28][17, 18] 
[5, 21, 6, 13, 0, 25, 7, 4, 24, 20, 23, 1, 3, 9, 14][16, 28, 25, 11, 14, 1, 23, 20, 7, 27, 15, 6, 21, 10, 29][5, 6, 13, 18, 22, 17, 19, 12, 0, 28, 16, 15, 21, 2, 10][15, 27, 7, 28, 17, 0, 18, 19, 22, 25, 11, 3, 1, 23, 24][11, 25, 22, 18, 13, 6, 10, 29, 27, 16, 28, 0, 19, 8, 26][22, 0, 28, 16, 2, 6, 13, 18, 17, 11, 14, 4, 3, 9, 23][5, 6, 15, 21, 10, 29, 2, 27, 7, 14, 20, 24, 1, 23, 9][4, 14, 11, 17, 19, 8, 26, 0, 22, 12, 18, 13, 6, 2, 10][20, 7, 25, 0, 26, 8, 12, 17, 11, 14, 23, 3, 24][4, 14, 11, 17, 19, 8, 26, 0, 28, 16, 7][16, 10, 27][1, 4] 
[5, 6, 13, 18, 17, 11, 14, 7, 25, 28, 0, 12, 19, 8, 26][1, 9, 23, 3, 4, 24, 14, 20, 7, 27, 10, 15, 16, 6, 13][1, 4, 23, 20, 14, 7, 24, 3, 11, 25, 28, 0, 26, 8][1, 4, 14, 20, 24, 23, 9, 3, 11, 17, 22, 12, 8][4, 14][10, 21][8, 12][8, 26][10, 27][2, 16][10, 27][2, 29] 
[1, 9, 23, 3, 4, 24, 14, 20, 7, 27, 29, 10, 15, 16][13, 18, 19, 0, 26, 8, 12, 22, 17, 11, 25, 28][13, 0, 26, 8, 12, 17, 11, 25, 28][2, 6, 13, 18, 12][2, 29, 10, 16][8, 12, 0, 28][8, 26][2, 29][5, 21][12, 18][2, 21][6, 13] 
[5, 15, 21, 2, 27, 29, 10, 6, 16, 28, 25, 22, 17, 18, 19][7, 20, 4, 14, 3, 9, 1, 23, 24][8, 12, 18, 22, 25, 0, 13][9, 23][11, 17][14, 20][0, 26][4, 20][4, 23][7, 28][10, 27][10, 29] 
[3, 24, 1, 4, 14, 9, 23, 20, 7, 16, 6, 13, 18, 12, 8][0, 26, 8, 19, 22, 17, 11, 25, 7, 24, 4, 20][14, 7, 28, 25, 22, 18, 17, 11, 3, 9, 23][0, 26, 8, 19, 12, 22, 17, 11, 25][5, 21, 2, 10, 29, 15, 27][5, 21, 2, 10, 29, 15, 27][5, 21, 2, 10, 29, 15, 27][20, 4, 24, 14, 7, 28][3, 1, 4, 24, 23][3, 23, 14, 7, 28][7, 27][18, 22] 
[1, 9, 23, 4, 24, 14, 20, 7, 27, 15, 16][15, 6, 13, 18, 19, 17, 0, 25, 7, 2, 21][15, 6, 13, 18, 12, 0, 25, 7, 2, 21][21, 5, 6, 15, 29, 2, 7, 24][11, 14][8, 12][10, 16][12, 22][16, 28][8, 26][3, 24][2, 6] 
[5, 21, 6, 13, 0, 25, 7, 4, 24, 20, 23, 1, 3, 9, 14][16, 28, 25, 11, 14, 1, 23, 20, 7, 27, 15, 6, 21, 10, 29][2, 10, 15, 27, 7, 16, 28, 0, 26, 8, 19, 17, 11, 14, 4][5, 6, 13, 18, 22, 17, 19, 12, 0, 28, 16, 15, 21, 2, 10][15, 27, 7, 28, 17, 0, 18, 19, 22, 25, 11, 3, 1, 23, 24][1, 4, 24, 7, 16, 27, 15, 5, 6, 13, 18, 17, 12, 19, 22][11, 25, 22, 18, 13, 6, 10, 29, 27, 16, 28, 0, 19, 8, 26][4, 14, 11, 17, 19, 8, 26, 0, 22, 12, 18, 13, 6, 2, 10][9, 1, 24, 3, 23, 14, 11, 17, 12, 8, 26, 0, 25, 7, 20][1, 24, 4, 14, 23, 20, 7, 10, 27, 29, 15, 6, 5][3, 9, 1, 24, 14, 7, 2, 10, 15, 6, 5, 21][8, 12, 18, 13, 6, 16, 28, 0, 22] 
[0, 26, 8, 12, 17, 11, 25, 7, 2][28, 17, 22, 18, 13, 6, 21, 10, 29][5, 15, 6, 13, 18, 19][20, 14, 9, 23, 4, 24][1, 3, 14, 7][11, 17][17, 18][7, 16][7, 27][17, 18][6, 13][17, 18] 
[13, 18, 19, 0, 26, 8, 12, 17, 11, 25, 28][13, 0, 26, 8, 12, 17, 11, 25, 28][14, 9, 1, 24, 7, 10, 15, 21][5, 6, 13, 18, 17, 28, 25][22, 0, 28, 16, 27][3, 14, 7, 20, 24][2, 27, 29][7, 4, 20][2, 10][3, 24][1, 23][2, 16] 
[1, 9, 14, 7, 25, 0, 26, 8, 12][3, 4, 24, 14, 20, 7, 27][0, 19, 22, 18, 13][5, 15, 16, 27, 29][0, 17, 11][2, 29][15, 16][25, 28][2, 21][3, 23][10, 16][6, 13] 
[3, 9, 1, 4, 24, 14, 11, 25, 0, 26, 8][16, 15, 21, 6, 13, 18, 12, 19, 8, 26][28, 17, 22, 18, 13, 6, 10, 29][3, 23, 20, 7, 10, 6, 5][1, 24, 7, 2, 27, 29][17, 18][7, 16][2, 10][6, 13][2, 10][17, 18][6, 13] 
[6, 5, 21, 10, 15, 16, 28, 17, 19, 8, 26, 0, 25, 7, 20][5, 21, 2, 7, 25, 0, 12, 18, 13, 6, 15, 29, 27, 10, 16][11, 3, 9, 23, 20, 4, 7, 25, 28, 17, 0, 19, 12, 22, 18][0, 28, 16, 15, 10, 7, 25, 11, 3][10, 29][6, 21][1, 14][3, 4][23, 24][1, 24][27, 29][25, 28] 
[5, 6, 13, 18, 17, 28, 25][19, 0, 26, 8, 12, 22][14, 7, 16, 15, 29][22, 0, 28, 16, 27][12, 17, 11, 25, 28][5, 21, 2, 10, 27][1, 24, 7][7, 4, 20][3, 24][1, 23][18, 19][9, 23] 
[6, 13, 18, 22, 19, 0, 12, 17, 11, 25, 28, 16, 27, 10, 7][23, 14, 20, 4, 1, 24, 7, 10, 15, 5, 21, 2, 29][1, 9, 23, 24, 14, 7, 16, 6, 21][4, 24][8, 12][10, 21][2, 10][18, 22][8, 26][7, 25][3, 9][1, 14] 
[11, 17, 22, 19, 12, 8, 26, 0, 18][13, 0, 28, 7, 20, 4, 24, 23][1, 3, 11, 25, 7, 2, 6][9, 14, 7, 16, 15, 29][18, 22, 17, 0, 28][0, 26, 8, 12][5, 21, 10, 16][2, 27][8, 26][7, 28][2, 27][18, 22] 
[10, 15, 16, 28, 0, 18, 19, 8, 26][5, 21, 2, 29, 27][9, 14, 20, 7, 10][4, 7, 25, 11][6, 13, 18][12, 17, 28][7, 27][18, 22][3, 23][14, 23][14, 24][1, 14] 
[5, 21, 6, 13, 0, 25, 7, 4, 24, 20, 23, 1, 3, 9, 14][16, 28, 25, 11, 14, 1, 23, 20, 7, 27, 15, 6, 21, 10, 29][5, 6, 13, 18, 22, 17, 19, 12, 0, 28, 16, 15, 21, 2, 10][15, 27, 7, 28, 17, 0, 18, 19, 22, 25, 11, 3, 1, 23, 24][1, 4, 24, 7, 16, 27, 15, 5, 6, 13, 18, 17, 12, 19, 22][26, 8, 12, 0, 22, 18, 13, 6, 5, 15, 29, 2, 7, 16, 27][4, 14, 11, 17, 19, 8, 26, 0, 22, 12, 18, 13, 6, 2, 10][9, 1, 24, 3, 23, 14, 11, 17, 12, 8, 26, 0, 25, 7, 20][1, 24, 4, 14, 23, 20, 7, 10, 27, 29, 15, 6, 5][4, 14, 11, 17, 19, 8, 26, 0, 28, 16][17, 18, 19, 8, 12, 0, 22][3, 9] 
[2, 27, 7, 24, 23, 9, 3, 14, 1, 4, 20][0, 26, 8, 19, 12, 22, 17, 11, 25][5, 15, 21, 6, 16, 10][13, 18][11, 17][11, 17][6, 13][7, 28][17, 28][10, 29][23, 24][2, 29] 
[19, 8, 26, 0, 22, 18, 12, 17, 28, 16, 15, 10, 29, 2, 21][5, 6, 13, 18, 22, 19, 0, 28, 16, 15, 2, 10][11, 25, 22, 18, 13, 6, 16, 28, 0, 19, 8, 26][22, 0, 28, 16, 6, 13, 18, 17, 11, 14, 3, 23][4, 14, 11, 17, 19, 8, 26, 0, 18, 13, 6, 10][20, 7, 25, 0, 26, 8, 12, 17, 11, 14, 24][4, 14, 11, 17, 19, 8, 26, 0, 28, 7][15, 27, 7, 28, 0, 25, 11, 3, 24][5, 21, 10, 7, 14, 24, 1, 9][1, 4, 3, 9][9, 14][10, 27] 
[1, 9, 23, 3, 4, 24, 14, 20, 7, 27, 10, 15, 16][19, 0, 26, 8, 12, 22, 17, 11, 25, 28][13, 0, 25][8, 26][2, 6][2, 29][5, 21][2, 16][12, 18][8, 12][2, 21][6, 13] 
[23, 3, 11, 25, 0, 12, 8, 26][5, 6, 13, 18, 17, 28, 25][4, 14, 11, 17, 19, 8, 26][2, 27, 16, 28, 0, 22][10, 6, 13, 18, 12][20, 7, 10, 29][24, 14, 7, 25][7, 24, 23, 14][2, 15, 5][9, 14, 20][2, 21, 5][1, 24] 
[0, 26, 8, 19, 17, 11, 25, 7, 4, 20, 14, 1, 9, 3, 24][15, 29, 10, 21, 5, 6, 13, 0, 17, 18, 12, 22, 25, 7, 27][15, 27, 29, 2, 21, 5, 6, 16, 7, 24, 3, 14, 23, 4, 20][4, 14, 24, 3, 1, 9, 23, 20, 7, 16, 6, 13, 18, 12, 8][12, 18, 13, 6, 16, 10, 7, 28, 0, 17, 22, 25, 11, 3, 23][17, 11, 3, 1, 4, 20, 7, 10, 29, 2, 21, 6, 5, 15, 27][8, 19, 22, 17, 0, 28, 7, 14, 3, 9, 1, 4, 23, 20, 24][0, 26, 8, 12, 17, 11, 25, 7, 28, 16, 2, 27, 15, 29, 10][4, 20, 24, 1, 9, 14, 7, 25, 22, 17, 11, 3, 23][23, 20, 24, 7, 28][5, 21, 10, 27][18, 22] 
[1, 9, 14, 3, 11, 17, 19, 8, 26, 0, 18][1, 23, 4, 24, 20, 7, 27, 29, 15, 16][5, 6, 2, 7, 25, 0, 18][12, 17, 11, 25, 28][8, 26][2, 6][5, 21][10, 16][8, 12][12, 22][2, 21][6, 13] 
[0, 26, 8, 19, 12, 22, 17, 11, 25][3, 1, 23, 20, 4, 24, 14, 7, 28][23, 9, 14, 1, 3, 4, 24, 7, 28][5, 21, 10, 15, 27][5, 21, 2, 29, 27][16, 6, 13, 18][16, 6, 13, 18][18, 22][3, 11][7, 27][3, 11][23, 24] 
[5, 21, 6, 10, 2, 29, 15, 16, 7, 14, 9, 1, 3, 11, 25][1, 9, 23, 3, 4, 24, 14, 20, 7, 27, 10, 15, 16][17, 22, 12, 8, 26, 0, 19][5, 6, 13, 18, 17, 28, 25][5, 6, 13, 18, 17, 28, 25][5, 6, 13, 18, 17, 28][2, 16][2, 29][8, 12][8, 26][3, 24][2, 16] 
[14, 24, 20, 23, 4, 7, 25, 28, 17, 22, 12, 8, 26, 0, 19][1, 9, 23, 3, 4, 24, 14, 20, 7, 27, 10, 15, 16, 6, 13][5, 21, 6, 10, 2, 29, 15, 16, 7, 14, 9, 1, 3, 11, 25][2, 21, 5, 6, 13, 18, 17, 28, 25, 22, 0, 19, 12, 8, 26][5, 6, 13, 18, 17, 28, 25][20, 7, 27, 10, 21, 2, 29][5, 6, 13, 18, 17, 28][2, 16][8, 12][8, 26][3, 24][2, 16] 
[5, 15, 21, 2, 10, 6, 16, 28, 25, 22, 17, 18, 19][1, 24, 3, 11, 14, 9][0, 22, 12, 8][11, 17][4, 7][14, 20][0, 26][4, 20][4, 23][13, 18][10, 27][10, 29] 
[0, 26, 8, 19, 12, 22, 17, 11, 25][3, 1, 23, 20, 7, 28][23, 9, 14, 4, 7, 28][5, 21, 10, 15, 27][5, 21, 2, 29, 27][16, 6, 13, 18][16, 6, 13, 18][18, 22][3, 11][7, 27][3, 11][23, 24] 
[11, 3, 1, 9, 14, 7, 16, 15, 29, 2, 10, 6, 21][20, 4, 1, 14, 3, 9, 23, 24, 7, 27][17, 22, 12, 8, 26, 0, 19][17, 28, 25][13, 18][10, 16][11, 17][2, 29][6, 13][5, 6][11, 17][8, 26] 
[11, 25, 22, 18, 13, 6, 10, 27, 16, 28, 0, 19, 8, 26][4, 14, 11, 17, 19, 8, 26, 0, 28, 7, 2, 6, 10][4, 1, 3, 14, 11, 17, 12, 8, 26, 0, 25, 7, 20][5, 6, 13, 18, 22, 19, 0, 28, 16, 15, 21, 10][22, 0, 28, 16, 6, 13, 18, 17, 11, 14, 3, 23][4, 14, 11, 17, 19, 8, 26, 0, 18, 13, 6, 10][5, 6, 2, 7, 14, 11, 25, 0, 28, 16, 27][5, 6, 13, 0, 25, 7, 20, 23, 14][16, 28, 25, 11, 14, 7, 27, 15, 29][15, 27, 7, 28, 25, 11, 3, 1, 24][1, 4, 7, 25, 0, 13, 6, 2, 29][5, 15, 10, 2, 7, 14, 24, 1, 9] 
[9, 23, 4, 24, 20, 7, 27, 15][22, 18, 13, 6, 21, 10, 29][12, 8, 26, 0, 19][15, 6, 13, 18, 19][18, 17, 28, 25][1, 3, 14, 7][11, 17][2, 16][6, 13][5, 6][7, 16][8, 26] 
[1, 9, 14, 3, 11, 17, 19, 8, 26, 0, 18][1, 23, 4, 24, 20, 7, 27, 29, 15, 16][5, 6, 2, 7, 25, 0, 18][12, 17, 11, 25, 28][8, 26][2, 6][5, 21][10, 16][8, 12][12, 22][2, 21][6, 13] 
[23, 3, 11, 25, 0, 12, 8, 26][5, 6, 13, 18, 17, 28, 25][4, 14, 11, 17, 19, 8, 26][2, 27, 16, 28, 0, 22][10, 6, 13, 18, 12][20, 7, 10, 29][2, 15, 5][9, 14, 20][24, 7, 25][2, 21, 5][1, 24][7, 14] 
[15, 27, 29, 10, 2, 16, 28, 17, 18, 0, 22, 12, 8, 26][14, 11, 25, 28, 17, 22, 18, 13, 6, 21][3, 1, 23, 20, 4, 24, 14, 7][5, 15][0, 19][10, 29][9, 23][11, 17][0, 25][11, 17][0, 19][11, 17] 
[11, 17, 22, 25, 28, 16, 15, 27, 7, 4, 3, 14, 24, 1, 23][17, 11, 25, 0, 28, 16, 7, 20, 4, 14, 3, 9, 1, 23, 24][5, 15, 21, 2, 27, 29, 10, 6, 16, 28, 25, 22, 17, 18, 19][8, 12, 18, 22, 25, 0, 13][9, 23][14, 20][0, 26][4, 20][4, 23][7, 28][10, 27][10, 29] 
[4, 14, 11, 17, 19, 8, 26][5, 6, 13, 18, 17, 28][22, 0, 28, 16, 27][10, 6, 13, 18, 12][24, 14, 7, 25][9, 14, 20][2, 21, 5][1, 24][2, 15][3, 23][10, 29][23, 24] 
[1, 9, 23, 4, 24, 14, 20, 7, 27, 29, 15, 16][15, 6, 13, 18, 19, 17, 0, 25, 7, 2, 21][15, 6, 13, 18, 12, 0, 25, 7, 2, 21][21, 5, 6, 2, 7, 24][11, 14][8, 12][10, 16][12, 22][16, 28][8, 26][3, 24][2, 6] 
[0, 26, 8, 12, 17, 11, 25, 7, 2][28, 17, 22, 18, 13, 6, 21, 10, 29][5, 15, 6, 13, 18, 19][20, 14, 9, 23, 4, 24][1, 3, 14, 7][11, 17][17, 18][7, 16][7, 27][17, 18][6, 13][17, 18] 
[3, 9, 1, 4, 24, 14, 11, 25, 0, 26, 8][16, 15, 21, 6, 13, 18, 12, 19, 8, 26][28, 17, 22, 18, 13, 6, 10, 29][3, 23, 20, 7, 2, 6, 5][1, 24, 7, 2, 27, 29][17, 18][7, 16][2, 10][6, 13][2, 10][17, 18][6, 13] 
[5, 21, 6, 13, 0, 25, 7, 4, 24, 20, 23, 1, 3, 9, 14][16, 28, 25, 11, 14, 1, 23, 20, 7, 27, 15, 6, 21, 10, 29][5, 6, 13, 18, 22, 17, 19, 12, 0, 28, 16, 15, 21, 2, 10][15, 27, 7, 28, 17, 0, 18, 19, 22, 25, 11, 3, 1, 23, 24][11, 25, 22, 18, 13, 6, 10, 29, 27, 16, 28, 0, 19, 8, 26][4, 14, 11, 17, 19, 8, 26, 0, 22, 12, 18, 13, 6, 2, 10][4, 1, 24, 3, 23, 14, 11, 17, 12, 8, 26, 0, 25, 7, 20][4, 14, 11, 17, 19, 8, 26, 0, 28, 7, 2, 6, 10][5, 6, 2, 7, 14, 11, 25, 0, 17, 28, 16, 27][22, 0, 28, 16, 6, 13, 18, 17, 11, 14, 23, 24][5, 6, 15, 21, 10, 2, 7, 14, 1, 9][1, 4, 7, 28, 0, 13, 6, 2, 29] 
[5, 6, 13, 18, 17, 28, 25][9, 1, 24, 7, 10, 15, 21][22, 0, 28, 16, 27][11, 17, 12, 8, 26][3, 14, 20][2, 10][2, 29][18, 19][3, 24][4, 20][1, 23][2, 16] 
[24, 20, 14, 3, 11, 25, 22, 12, 0, 13, 18, 17, 19, 8, 26][2, 10, 7, 14, 1, 3, 11, 17, 12, 18, 19, 22, 25, 0, 13][3, 9, 1, 14, 11, 25, 7, 27, 15, 5, 21, 10, 29, 2, 6][18, 19, 12, 22, 25, 11, 3, 1, 9, 14, 7, 27, 16, 2, 29][1, 9, 23, 3, 4, 24, 14, 20, 7, 27, 10, 15, 16, 28, 25][21, 5, 6, 13, 18, 12, 22, 0, 25, 11, 14, 23, 20, 7, 27][12, 22, 19, 18, 17, 11, 14, 4, 23, 3, 24, 20, 7, 2, 16][12, 18, 0, 25, 22, 19, 17, 28, 16, 2, 6, 21, 5, 15, 29][8, 12, 0, 25, 11, 17, 22, 19, 18, 13, 6, 2, 10, 15, 21][19, 0, 26, 8, 12, 22, 17, 11, 25, 28, 7, 2, 27, 10, 29][0, 25, 7, 4, 24, 3, 11, 17, 28, 16, 6, 10, 27, 2, 21][5, 15, 21, 6, 13, 18, 19, 0, 26, 8, 12, 17, 11, 25, 7] 
[1, 9, 23, 3, 4, 24, 14, 20, 7, 27, 29, 10, 15, 16][19, 0, 26, 8, 12, 22, 17, 11, 25, 28][2, 21, 5][5, 6, 13][13, 18][2, 15][7, 14][8, 12][14, 20][12, 18][7, 20][11, 17] 
[1, 9, 14, 11, 25, 28, 17, 22, 18, 13, 6, 21, 10, 29, 27][3, 9, 23, 4, 14, 20, 24, 7, 25, 22, 12, 8, 26, 0, 19][21, 15, 29, 27, 16, 2, 7, 24, 23, 14, 11, 25, 22, 0, 28][8, 26, 0, 13, 6, 5, 15, 10, 27, 7, 28, 25, 11, 17, 12][3, 23, 20, 4, 24, 14, 7, 16, 27, 10, 15, 5, 6][6, 15, 29, 2, 16, 28, 17, 0, 12, 8, 26][9, 14, 7, 10, 29][2, 16, 7][9, 23][18, 22][4, 20][0, 22] 
[13, 18, 19, 0, 26, 8, 12, 17, 11, 25, 28][13, 0, 26, 8, 12, 17, 11, 25, 28][14, 9, 1, 24, 7, 10, 15, 21][5, 6, 13, 18, 17, 28, 25][22, 0, 28, 16, 27][3, 14, 20, 24][7, 4, 20][2, 10][2, 29][3, 24][1, 23][2, 16] 
[16, 28, 25, 11, 14, 1, 23, 20, 7, 27, 15, 6, 21, 10, 29][15, 27, 7, 28, 17, 0, 18, 19, 22, 25, 11, 3, 1, 23, 24][4, 14, 11, 17, 19, 8, 26, 0, 12, 18, 13, 6, 2, 10][11, 25, 22, 18, 13, 6, 10, 16, 28, 0, 19, 8, 26][22, 0, 28, 16, 6, 13, 18, 17, 11, 14, 3, 23][20, 7, 25, 0, 26, 8, 12, 17, 11, 14, 23, 24][5, 6, 13, 0, 25, 7, 24, 23, 3, 14][4, 14, 11, 17, 19, 8, 26, 0, 28, 7][5, 6, 13, 18, 22, 0, 28, 16, 15, 10][5, 21, 10, 7, 24, 23, 9][1, 4][16, 27] 
[5, 15, 21, 2, 27, 29, 10, 6, 16, 28, 25, 22, 17, 18, 19][7, 20, 4, 14, 3, 9, 1, 23, 24][8, 12, 18, 22, 25, 0, 13][9, 23][11, 17][14, 20][0, 26][4, 20][4, 23][7, 28][10, 27][10, 29] 
[1, 9, 14, 23, 24, 7, 27, 16, 10, 21, 15, 5, 6, 13, 18][16, 2, 10, 7, 25, 28, 17, 19, 18, 13, 0, 22, 12, 8, 26][2, 27, 7, 4, 20, 14, 23, 3, 11, 17, 18, 0, 12, 8, 26][1, 9, 14, 23, 24, 7, 27, 16, 10, 21, 15, 5, 6, 13, 18][14, 24, 4, 20, 23, 1, 9, 3, 11, 17, 18, 13, 0, 28, 25][5, 15, 21, 2, 27, 10, 6, 16, 28, 25, 22, 17, 18, 19][11, 25, 0, 22, 12, 18, 13, 6, 5, 21, 10, 15, 27][1, 24, 3, 11, 14, 4, 20, 23, 9][12, 8, 19, 17, 11, 25, 28, 16][4, 7][0, 26][10, 29] 
[10, 15, 16, 28, 0, 18, 19, 8, 26][5, 21, 2, 29, 27][9, 14, 20, 7, 10][4, 7, 25, 11][6, 13, 18][12, 17, 28][7, 27][18, 22][3, 23][14, 23][14, 24][1, 14] 
[5, 15, 21, 2, 27, 29, 10, 6, 16, 28, 25, 22, 17, 18, 19][7, 20, 4, 14, 3, 9, 1, 23, 24][8, 12, 18, 22, 25, 0, 13][1, 3, 23, 9][11, 17][14, 20][0, 26][4, 20][4, 23][7, 28][10, 27][10, 29] 
[24, 23, 1, 3, 11, 25, 22, 19, 18, 0, 17, 28, 7, 27][5, 21, 10, 7, 24, 23, 9][2, 6, 13, 18, 12][19, 8, 26][3, 14][10, 29][4, 14][10, 15][1, 4][16, 27][0, 22][7, 20] 
[13, 18, 19, 0, 26, 8, 12, 17, 11, 25, 28][13, 0, 26, 8, 12, 17, 11, 25, 28][14, 9, 1, 24, 7, 10, 15, 21][5, 6, 13, 18, 17, 28, 25][22, 0, 28, 16, 27][3, 14, 20, 24][7, 4, 20][2, 10][2, 29][3, 24][1, 23][2, 16] 
[0, 26, 8, 19, 12, 22, 17, 11, 25][23, 9, 14, 4, 7, 28][5, 21, 10, 15, 27][3, 1, 23, 20][13, 6, 16][2, 29, 27][18, 22][13, 18][3, 11][7, 27][3, 11][23, 24] 
[18, 17, 28, 0, 22, 25, 7, 20, 24, 1, 9, 14, 4, 3, 23][8, 26, 0, 19, 22, 25, 28, 16, 7, 4, 20, 23, 3, 24, 14][13, 6, 10, 15, 16, 28, 0, 18, 19, 8, 26][11, 25, 7, 4, 3, 14][5, 21, 2, 29, 27][9, 14, 20, 7, 10][6, 13, 18][12, 17, 28][7, 27][18, 22][14, 23][1, 14] 
[4, 1, 9, 14, 11, 3, 23, 20, 24, 7, 28, 17, 22, 12, 8][23, 9, 14, 1, 4, 7, 28, 25, 22, 18, 0, 17, 19, 8, 26][1, 9, 23, 3, 4, 24, 14, 11, 17, 28, 7, 27, 16, 15, 29][12, 18, 13, 0, 22, 25, 28, 7, 2, 6, 5, 21, 10, 15, 27][18, 13, 6, 16, 7, 28, 17, 19, 0, 22, 12, 8, 26][0, 26, 8, 19, 12, 22, 17, 11, 25][11, 3, 23, 1, 9, 14][5, 21, 2, 29, 27][16, 6, 13, 18][18, 22][3, 11][23, 24] 
[10, 15, 16, 28, 0, 18, 19, 8, 26][5, 21, 2, 29, 27][9, 14, 20, 7, 10][4, 7, 25, 11][6, 13, 18][12, 17, 28][7, 27][18, 22][3, 23][14, 23][14, 24][1, 14] 
[14, 20, 4, 7, 25, 28, 17, 12, 8, 26, 0, 19][1, 9, 23, 3, 24, 14, 7, 27, 15, 6, 13][5, 6, 13, 18, 17, 28][20, 7, 10, 2, 29][16, 6, 13, 18][5, 21, 10, 27][16, 6, 13, 18][18, 22][3, 24][3, 11][3, 11][8, 26] 
[1, 9, 14, 7, 25, 0, 26, 8, 12][3, 4, 24, 20, 7, 27][0, 19, 22, 18, 13][5, 15, 27, 29][0, 17, 11][2, 29][15, 16][25, 28][2, 21][3, 23][10, 16][6, 13] 
[12, 8, 26, 0, 28, 7, 16, 2, 29, 10, 27, 15, 5, 6, 21][3, 14, 11, 25, 28, 7, 2, 29, 27, 10, 6, 21, 5, 15, 16][0, 19, 22, 18, 13, 6, 21, 5, 15, 27, 7, 10, 29, 2, 16][25, 28, 17, 19, 0, 12, 22, 18, 13, 6, 15, 5, 21, 10, 27][1, 9, 14, 7, 25, 0, 26, 8, 12, 19, 17, 11, 3, 23, 4][9, 1, 14, 23, 24, 3, 11, 25, 28, 7, 16, 10, 27, 2, 21][2, 16, 28, 7, 25, 22, 18, 17, 11, 14, 24, 1, 9, 23, 3][16, 10, 21, 5, 15, 29, 27, 2, 6, 13, 18, 19, 22, 0, 17][3, 14, 23, 20, 7, 16, 28, 25, 22, 18, 12, 19, 0, 17, 11][8, 26, 0, 18, 17, 19, 12, 22, 25, 28, 16, 10, 21, 6, 13][11, 17, 18, 0, 28, 7, 2, 10, 21, 6, 5, 15, 16, 27, 29][1, 9, 23, 3, 4, 24, 14, 20, 7, 27, 10, 2, 6, 21, 15] 
[3, 9, 1, 4, 24, 14, 11, 25, 28, 0, 26, 8][16, 15, 21, 6, 13, 18, 12, 19, 8, 26][3, 14, 23, 20, 7, 2, 10, 6, 5][28, 17, 22, 18, 13, 6, 10, 29][1, 3, 24, 7, 2, 15, 27, 29][17, 18][7, 16][2, 10][6, 13][2, 10][17, 18][6, 13] 
[3, 14, 11, 25, 28, 7, 2, 29, 27, 10, 6, 21, 5, 15, 16][0, 19, 22, 18, 13, 6, 21, 5, 15, 27, 7, 10, 29, 2, 16][25, 28, 17, 19, 0, 12, 22, 18, 13, 6, 15, 5, 21, 10, 27][1, 9, 14, 7, 25, 0, 26, 8, 12, 19, 17, 11, 3, 23, 4][9, 1, 14, 23, 24, 3, 11, 25, 28, 7, 16, 10, 27, 2, 21][3, 14, 23, 20, 7, 16, 28, 25, 22, 18, 12, 19, 0, 17, 11][8, 26, 0, 18, 17, 19, 12, 22, 25, 28, 16, 10, 21, 6, 13][1, 9, 23, 3, 4, 24, 14, 20, 7, 27, 10, 2, 6, 21, 15][18, 0, 28, 7, 2, 10, 21, 6, 5, 15, 16, 27, 29][3, 23, 9][8, 12][10, 16] 
[0, 26, 8, 19, 12, 22, 17, 11, 25][23, 9, 14, 1, 4, 7, 28][3, 23, 20, 24, 7, 28][5, 21, 10, 15, 27][5, 21, 2, 29, 27][16, 6, 13, 18][16, 6, 13, 18][18, 22][3, 11][7, 27][3, 11][23, 24] 
[4, 14, 11, 17, 19, 8, 26][5, 6, 13, 18, 17, 28][22, 0, 28, 16, 27][10, 6, 13, 18, 12][24, 14, 7, 25][9, 14, 20][2, 21, 5][1, 24][2, 15][3, 23][10, 29][23, 24] 
[0, 26, 8, 19, 12, 22, 17, 11, 25][3, 1, 23, 20, 4, 24, 14, 7, 28][5, 21, 2, 10, 29, 15, 27][16, 6, 13, 18][7, 27][23, 24][9, 23][18, 22][3, 11][23, 24][8, 26][11, 17] 
[5, 21, 6, 13, 0, 25, 7, 4, 24, 20, 23, 1, 3, 9, 14][16, 28, 25, 11, 14, 1, 23, 20, 7, 27, 15, 6, 21, 10, 29][4, 14, 11, 17, 19, 8, 26, 0, 28, 7, 2, 6, 10, 21, 15][5, 6, 13, 18, 22, 17, 19, 12, 0, 28, 16, 15, 21, 2, 10][15, 27, 7, 28, 17, 0, 18, 19, 22, 25, 11, 3, 1, 23, 24][9, 1, 4, 24, 7, 28, 0, 13, 6, 10, 16, 2, 29, 15, 27][11, 25, 22, 18, 13, 6, 10, 29, 27, 16, 28, 0, 19, 8, 26][27, 16, 28, 17, 0, 25, 11, 14, 7, 2, 6, 5, 15, 10, 29][4, 3, 9, 1, 23, 14, 11, 17, 18, 13, 6, 16, 28, 0, 22][3, 4, 20, 23, 9, 1, 24, 14, 7, 2, 10, 21, 15, 6, 5][4, 14, 11, 17, 19, 8, 26, 0, 22, 12, 18, 13, 6, 2, 10][4, 1, 24, 3, 23, 14, 11, 17, 12, 8, 26, 0, 25, 7, 20] 
[3, 1, 9, 23, 20, 7, 16, 6, 13, 18, 12, 8][0, 26, 8, 19, 17, 11, 25, 7, 4, 20][14, 7, 25, 22, 17, 11, 3, 23][0, 26, 8, 12, 17, 11, 25][5, 21, 2, 29, 27][20, 24, 7, 28][5, 21, 10, 27][3, 14, 7, 28][5, 15, 27][7, 27][18, 22][3, 23] 
[16, 28, 25, 11, 14, 1, 23, 20, 7, 27, 15, 6, 21, 10, 29][1, 24, 3, 23, 20, 7, 28, 0, 26, 8, 19, 17, 11, 14, 4][15, 27, 7, 28, 17, 0, 18, 19, 22, 25, 11, 3, 1, 23, 24][4, 14, 11, 17, 19, 8, 26, 0, 12, 18, 13, 6, 2, 10][11, 25, 22, 18, 13, 6, 10, 16, 28, 0, 19, 8, 26][0, 13, 6, 5, 15, 2, 10, 16, 28, 7, 4, 1][22, 0, 28, 16, 6, 13, 18, 17, 11, 14, 3, 23][20, 7, 25, 0, 26, 8, 12, 17, 11, 14, 23, 24][5, 6, 13, 0, 25, 7, 24, 23, 3, 14][5, 6, 13, 18, 22, 0, 28, 16, 15, 10][5, 21, 10, 7, 24, 23, 9][16, 27] 
[1, 9, 23, 4, 24, 14, 20, 7, 27, 29, 15, 16][15, 6, 13, 18, 19, 17, 0, 25, 7, 2, 21][15, 6, 13, 18, 12, 0, 25, 7, 2, 21][5, 21][11, 14][8, 12][10, 16][12, 22][16, 28][8, 26][3, 24][2, 6] 
[1, 9, 23, 3, 4, 24, 14, 20, 7, 27, 29, 15, 16][13, 18, 19, 0, 26, 8, 12, 22, 17, 11, 25, 28][13, 0, 26, 8, 12, 17, 11, 25, 28][2, 6, 13, 18, 12][8, 12, 0, 28][8, 26][2, 29][5, 21][10, 16][12, 18][2, 21][6, 13] 
[15, 27, 7, 28, 17, 0, 18, 19, 22, 25, 11, 3, 1, 23, 24][5, 6, 13, 0, 25, 7, 24, 23, 3, 14][5, 6, 13, 18, 22, 0, 28, 16, 15, 10][2, 6, 13, 18, 12, 0, 26][6, 21, 10, 29][4, 14][1, 4][8, 26][16, 27][0, 22][9, 23][7, 20] 
[1, 9, 23, 4, 24, 20, 7, 10][17, 22, 12, 8, 26, 0, 19][6, 13, 18, 17, 28, 25][21, 2, 7, 14, 11, 25][3, 24, 7, 16, 15, 27][2, 16][2, 29][5, 6][8, 12][5, 6][8, 26][2, 16] 
[4, 3, 11, 17, 12, 8, 26, 0, 25, 7, 20][9, 1, 4, 7, 28, 0, 13, 6, 10, 27][9, 1, 4, 7, 28, 0, 13, 6, 10, 27][4, 14, 11, 17, 19, 8][22, 25, 11, 3, 24][5, 15, 21, 6, 16][23, 24][10, 29][2, 29][13, 18][6, 13][3, 4] 
[15, 29, 2, 27, 16, 7, 25, 22, 0, 26, 8, 12, 19, 18, 17][3, 9, 14, 4, 7, 27, 29, 2, 21, 5, 15, 6, 13, 18, 19][1, 24, 4, 23, 9, 14, 20, 7, 16, 15, 2, 10, 6, 21, 5][0, 26, 8, 12, 17, 11, 25, 7, 2, 21, 6, 10, 29, 27, 15][14, 3, 1, 4, 24, 7, 28, 17, 22, 18, 13, 6, 21, 10, 29][21, 6, 5, 15, 10, 16, 2, 29, 27, 7, 14, 3, 1, 4, 24][6, 13, 0, 19, 8, 12, 22, 18, 17, 28][11, 17][7, 16][7, 27][17, 18][17, 18] 
[5, 15, 21, 2, 27, 29, 10, 6, 16, 28, 25, 22, 17, 18, 19][8, 12, 22, 0, 13][7, 4, 1, 23, 24][8, 12, 22, 0, 13][8, 12, 22, 0, 13][8, 12, 22, 0, 13][9, 3, 24, 14][11, 17][0, 26][7, 28][4, 20][14, 20] 
[4, 14, 11, 17, 19, 8, 26][5, 6, 13, 18, 17, 28][22, 0, 28, 16, 27][10, 6, 13, 18, 12][24, 14, 7, 25][9, 14, 20][2, 21, 5][1, 24][2, 15][3, 23][10, 29][23, 24] 
[8, 12, 18, 13, 6, 16, 7, 20, 23, 9, 1, 3, 24, 4, 14][1, 3, 9, 14, 4, 23, 20, 24, 7, 28, 17, 11, 25, 22, 18][0, 26, 8, 19, 17, 11, 25, 7, 4, 20][0, 26, 8, 19, 12, 22, 17, 11, 25][23, 9, 3, 14, 7, 28][5, 21, 2, 29, 27][5, 21, 10, 15, 27][16, 6, 13, 18][23, 24][7, 27][3, 11][7, 27] 
[0, 26, 8, 19, 12, 22, 17, 11, 25][3, 1, 23, 20, 4, 24, 14, 7, 28][5, 21, 2, 10, 29, 15, 27][16, 6, 13, 18][7, 27][23, 24][9, 23][18, 22][3, 11][23, 24][8, 26][11, 17] 
[1, 9, 14, 4, 24, 23, 3, 11, 25, 28, 16, 10, 21][0, 13, 6, 15, 10, 27, 7, 20, 23, 3, 24][9, 3, 14, 4, 24, 7, 10, 15, 21, 2, 29][2, 7, 28, 25, 11, 17, 12, 18, 13, 6][16, 15, 6, 13, 18, 19, 8, 26][3, 4, 14, 11, 25, 0, 26, 8][12, 8, 26, 0, 22, 17, 19][3, 14, 7, 10, 21, 5][8, 26, 0, 28, 7, 14][1, 24, 7, 10, 15, 29][24, 4, 7, 2, 15, 27][2, 10] 
[19, 0, 26, 8, 12, 22, 17, 11, 25, 28, 16, 10, 29, 15, 21][19, 17, 11, 3, 24, 23, 1, 4, 7, 16, 27, 29, 10, 2, 21][1, 9, 23, 3, 4, 24, 14, 20, 7, 27, 10, 15, 16, 2][13, 0, 25][8, 26][2, 6][2, 29][5, 21][2, 16][12, 18][8, 12][6, 13] 
[5, 21, 6, 13, 0, 25, 7, 4, 24, 20, 23, 1, 3, 9, 14][16, 28, 25, 11, 14, 1, 23, 20, 7, 27, 15, 6, 21, 10, 29][15, 27, 7, 28, 17, 0, 18, 19, 22, 25, 11, 3, 1, 23, 24][22, 0, 28, 16, 6, 13, 18, 17, 11, 14, 23][4, 14, 11, 17, 19, 8, 26, 0, 28][1, 4, 7, 28, 0, 13, 6, 2, 29][2, 10][8, 26][16, 27][1, 9][4, 14][8, 12] 
[5, 15, 21, 2, 27, 10, 6, 16, 28, 25, 22, 17, 18, 19][1, 24, 3, 11, 14, 4, 20, 23, 9][0, 25, 22, 12, 8][11, 17][4, 7][14, 20][0, 26][4, 20][4, 23][13, 18][10, 27][10, 29] 
[11, 25, 22, 18, 13, 6, 10, 16, 28, 0, 19, 8, 26][4, 14, 11, 17, 19, 8, 26, 0, 12, 18, 13, 6, 10][4, 14, 11, 17, 19, 8, 26, 0, 28, 7, 2, 10][5, 6, 13, 18, 22, 19, 0, 28, 16, 15, 21, 10][5, 6, 2, 7, 14, 11, 25, 0, 28, 16, 27][22, 0, 28, 16, 6, 13, 18, 17, 11, 14, 23][4, 14, 11, 17, 12, 8, 26, 0, 25, 7, 20][5, 6, 13, 0, 25, 7, 24, 23, 3, 14][16, 28, 25, 11, 14, 7, 27, 15, 29][15, 27, 7, 28, 0, 25, 11, 3, 24][1, 4, 7, 28, 0, 13, 6, 2, 29][5, 21, 2, 7, 24, 1, 9] 
[5, 6, 21, 2, 27, 15, 16, 7, 14, 4, 3, 1, 24, 23, 9][1, 9, 14, 7, 25, 0, 26, 8, 12, 17, 11, 3, 4, 23, 20][6, 5, 15, 10, 27, 16, 7, 14, 24, 4, 20, 23, 3, 11, 17][17, 12, 8, 26, 0, 18, 13, 6, 5, 21, 15, 10, 2, 29, 27][12, 22, 0, 25, 28, 17, 18, 13, 6, 21, 10, 27, 15, 2, 29][3, 14, 23, 20, 7, 16, 28, 25, 22, 18, 12, 19, 0, 17, 11][19, 0, 26, 8, 12, 22, 17, 11, 14, 20, 24, 4, 7, 28, 25][1, 9, 14, 11, 25, 28, 17, 22, 18, 13, 6, 21, 10, 29, 27][3, 23, 20, 4, 24, 7, 27, 10, 21, 6, 13, 18, 17, 28, 25][5, 21, 15, 10, 6, 13, 0, 12, 22, 17, 18, 19, 8, 26][3, 11, 14, 9, 23, 24, 1, 4, 20, 7, 25, 0, 13, 18][5, 21, 15, 6, 13, 18, 22, 0, 17, 12, 8, 19] 
[1, 9, 23, 4, 24, 14, 20, 7, 27, 29, 15, 16][15, 6, 13, 18, 19, 17, 0, 25, 7, 2, 21][15, 6, 13, 18, 12, 0, 25, 7, 2, 21][21, 5, 6, 2, 7, 24][11, 14][8, 12][10, 16][12, 22][16, 28][8, 26][3, 24][2, 6] 
[10, 7, 20, 4, 23, 9, 1, 24][0, 26, 8, 19, 22, 17, 11, 25][21, 2, 7, 14, 11, 25][17, 12, 8, 26, 0, 19][3, 24, 7, 16, 27][5, 15, 6, 10][5, 6][6, 13][2, 29][7, 28][13, 18][17, 28] 
[17, 22, 12, 8, 26, 0, 19][1, 9, 23, 4, 20, 7, 10][6, 13, 18, 17, 28, 25][21, 2, 7, 14, 11, 25][3, 24, 7, 16, 15, 27][2, 16][2, 29][5, 6][8, 12][5, 6][8, 26][2, 16] 
[3, 1, 9, 23, 20, 7, 16, 6, 13, 18, 12, 8][0, 26, 8, 19, 17, 11, 25, 7, 4, 20][14, 7, 25, 22, 17, 11, 3, 23][0, 26, 8, 12, 17, 11, 25][5, 21, 2, 29, 27][20, 24, 7, 28][5, 21, 10, 27][5, 21, 15, 27][3, 14, 7, 28][7, 27][18, 22][3, 23] 
[5, 21, 6, 13, 0, 25, 7, 4, 24, 20, 23, 1, 3, 9, 14][16, 28, 25, 11, 14, 1, 23, 20, 7, 27, 15, 6, 21, 10, 29][2, 10, 15, 27, 7, 16, 28, 0, 26, 8, 19, 17, 11, 14, 4][5, 6, 13, 18, 22, 17, 19, 12, 0, 28, 16, 15, 21, 2, 10][15, 27, 7, 28, 17, 0, 18, 19, 22, 25, 11, 3, 1, 23, 24][1, 4, 24, 7, 16, 27, 15, 5, 6, 13, 18, 17, 12, 19, 22][11, 25, 22, 18, 13, 6, 10, 29, 27, 16, 28, 0, 19, 8, 26][5, 6, 15, 29, 27, 10, 7, 20, 23, 14, 4, 24, 1, 3, 11][22, 0, 28, 16, 6, 13, 18, 12, 8, 19, 17, 11, 25, 7, 27][19, 17, 11, 3, 9, 1, 24, 14, 7, 2, 10, 15, 6, 5, 21][4, 14, 11, 17, 19, 8, 26, 0, 22, 12, 18, 13, 6, 2, 10][9, 1, 24, 3, 23, 14, 11, 17, 12, 8, 26, 0, 25, 7, 20] 
[11, 17, 22, 19, 12, 8, 26, 0, 18, 13, 6, 10, 21, 2, 15][13, 0, 28, 7, 20, 4, 24, 23][1, 3, 11, 25, 7, 2, 6][9, 14, 7, 16, 15, 29][14, 20, 4, 24, 7, 28][18, 22, 17, 0, 28][0, 26, 8, 12][5, 21, 10, 16][2, 27][8, 26][2, 27][18, 22] 
[10, 15, 16, 28, 0, 18, 19, 8, 26][5, 21, 2, 29, 27][9, 14, 20, 7, 10][4, 7, 25, 11][6, 13, 18][12, 17, 28][7, 27][18, 22][3, 23][14, 23][14, 24][1, 14] 
[7, 24, 23, 9, 3, 14, 1, 4, 20][0, 26, 8, 19, 12, 22, 17, 11, 25][5, 21, 2, 29, 27][15, 21, 6, 16][7, 27][13, 18][7, 28][17, 28][18, 22][10, 29][1, 14][10, 29] 
[1, 9, 23, 3, 4, 24, 14, 20, 7, 27, 29, 10, 15, 16][13, 18, 19, 0, 26, 8, 12, 22, 17, 11, 25, 28][13, 0, 26, 8, 12, 17, 11, 25, 28][2, 6, 13, 18, 12][8, 12, 0, 28][8, 26][2, 29][5, 21][10, 16][12, 18][2, 21][6, 13] 
[0, 26, 8, 19, 12, 22, 17, 11, 25][23, 9, 14, 1, 4, 7, 28][3, 23, 20, 7, 28][5, 21, 10, 15, 27][5, 21, 2, 29, 27][16, 6, 13, 18][16, 6, 13, 18][18, 22][3, 11][7, 27][3, 11][23, 24] 
[7, 24, 3, 11, 25, 28, 16, 15, 21][18, 12, 0, 13, 6, 10, 15, 29][6, 2, 16, 28, 17, 12, 8, 26][1, 14, 11, 25, 28, 17][19, 0, 26, 8, 12, 22][4, 24, 7, 27, 15, 5][22, 0, 28, 16, 27][9, 14, 7, 10, 29][9, 23][4, 20][12, 17][7, 16] 
[9, 23, 1, 4, 14, 11, 3, 24, 7, 2, 29, 15, 6, 5, 21][1, 23, 4, 20, 7, 2, 10, 15, 16, 28, 0, 18, 19, 8, 26][5, 15, 27, 29, 10, 21, 6, 13, 18, 19, 0, 22, 12, 17, 28][3, 24, 20, 4, 23, 9, 14, 11, 25, 7, 27, 2, 29, 15, 16][11, 14, 23, 3, 9, 1, 4, 24, 20, 7, 16, 15, 6, 13, 18][0, 18, 22, 17, 11, 3, 9, 1, 4, 23, 14, 24, 7, 16, 28][3, 1, 9, 23, 4, 24, 14, 20, 7, 27, 15, 16][4, 7, 25, 11][12, 22][12, 22][18, 22][3, 23] 
[3, 9, 1, 4, 20, 24, 23, 14, 11, 25, 7, 28, 0, 26, 8][9, 3, 23, 14, 20, 4, 1, 24, 7, 10, 15, 5, 21, 2, 29][1, 9, 14, 4, 24, 23, 3, 11, 25, 28, 16, 10, 21][2, 7, 16, 28, 25, 11, 17, 12, 19, 18, 13, 6][0, 13, 6, 15, 10, 27, 7, 20, 23, 3, 24][16, 15, 21, 6, 13, 18, 22, 19, 8, 26][24, 1, 23, 4, 7, 2, 10, 21, 15, 27][12, 8, 26, 0, 25, 22, 18, 17, 19][1, 3, 24, 7, 10, 6, 15, 27, 29][3, 14, 20, 7, 10, 21, 5][8, 26, 0, 28, 7, 24, 14][2, 10] 
[19, 8, 26, 0, 18, 17, 28, 16, 15, 29, 2, 21][11, 25, 22, 18, 13, 6, 16, 28, 0, 19, 8, 26][22, 0, 28, 16, 6, 13, 18, 17, 11, 3, 23][4, 14, 11, 17, 19, 8, 26, 0, 13, 6, 10][20, 7, 25, 0, 26, 8, 12, 17, 11, 14, 24][4, 14, 11, 17, 19, 8, 26, 0, 28, 7][5, 6, 13, 18, 0, 28, 16, 10][15, 27, 7, 28, 25, 11, 3, 24][5, 21, 10, 7, 24, 1, 9][1, 3, 9][9, 14][10, 27] 
[2, 27, 7, 24, 23, 9, 3, 14, 1, 4, 20][19, 0, 26, 8, 12, 22, 17, 11, 25, 28][5, 15, 21, 6, 10][2, 21][2, 16][2, 29][7, 28][6, 13][12, 18][23, 24][2, 29][11, 17] 
[1, 9, 23, 4, 24, 14, 20, 7, 27, 29, 15, 16][15, 6, 13, 18, 19, 17, 0, 25, 7, 2, 21][15, 6, 13, 18, 12, 0, 25, 7, 2, 21][5, 21][11, 14][8, 12][10, 16][12, 22][16, 28][8, 26][3, 24][2, 6] 
[0, 26, 8, 19, 12, 22, 17, 11, 25][3, 1, 23, 20, 4, 24, 14, 7, 28][5, 21, 10, 15, 27][16, 6, 13, 18][16, 6, 13, 18][2, 29, 27][18, 22][3, 11][9, 23][7, 27][3, 11][23, 24] 
[0, 26, 8, 19, 12, 22, 17, 11, 25][3, 23, 20, 24, 14, 7, 28][23, 9, 1, 4, 7, 28][5, 21, 10, 15, 27][5, 21, 2, 29, 27][16, 6, 13, 18][16, 6, 13, 18][18, 22][3, 11][7, 27][3, 11][23, 24] 
[0, 26, 8, 12, 17, 11, 25, 7, 2][28, 17, 22, 18, 13, 6, 21, 10, 29][5, 15, 6, 13, 18, 19][20, 14, 9, 23, 4, 24][1, 3, 14, 7][11, 17][17, 18][7, 16][7, 27][17, 18][6, 13][17, 18] 
[2, 7, 28, 0, 26, 8, 19, 17, 11, 14, 4][9, 14, 11, 17, 12, 8, 26, 0, 25, 7, 20][3, 24, 7, 2, 6, 13, 18, 19, 8, 26][14, 11, 17, 18, 13, 6, 16, 28, 0, 22][5, 6, 13, 0, 25, 7, 24, 23, 14][1, 24, 7, 27, 15, 6, 13, 18, 22][11, 3, 4, 7, 28, 0, 13, 6, 15][20, 7, 28, 17, 18, 13, 6, 21][16, 28, 25, 11, 14, 7, 27, 29][8, 12, 17, 28, 7, 10, 21][16, 7, 24, 3, 11, 25, 22][2, 29] 
[13, 18, 19, 0, 26, 8, 12, 17, 11, 25, 28][13, 0, 26, 8, 12, 17, 11, 25, 28][14, 9, 1, 24, 7, 10, 15, 21][5, 6, 13, 18, 17, 28, 25][22, 0, 28, 16, 27][3, 14, 20, 24][7, 4, 20][2, 10][2, 29][3, 24][1, 23][2, 16] 
[5, 21, 6, 13, 0, 25, 7, 4, 24, 20, 23, 1, 3, 9, 14][16, 28, 25, 11, 14, 1, 23, 20, 7, 27, 15, 6, 21, 10, 29][5, 6, 13, 18, 22, 17, 19, 12, 0, 28, 16, 15, 21, 2, 10][15, 27, 7, 28, 17, 0, 18, 19, 22, 25, 11, 3, 1, 23, 24][11, 25, 22, 18, 13, 6, 10, 29, 27, 16, 28, 0, 19, 8, 26][4, 14, 11, 17, 19, 8, 26, 0, 22, 12, 18, 13, 6, 2, 10][4, 1, 24, 3, 23, 14, 11, 17, 12, 8, 26, 0, 25, 7, 20][4, 14, 11, 17, 19, 8, 26, 0, 28, 7, 2, 6, 10][5, 6, 2, 7, 14, 11, 25, 0, 17, 28, 16, 27][22, 0, 28, 16, 6, 13, 18, 17, 11, 14, 23][5, 6, 15, 21, 10, 2, 7, 14, 1, 9][1, 4, 7, 28, 0, 13, 6, 2, 29] 
[15, 27, 29, 10, 2, 16, 28, 17, 18, 0, 22, 12, 8, 26][14, 11, 25, 28, 17, 22, 18, 13, 6, 21][3, 1, 23, 20, 4, 24, 14, 7][5, 15][0, 19][10, 29][9, 23][11, 17][0, 25][11, 17][0, 19][11, 17] 
[4, 20, 23, 9, 1, 3, 14, 7, 25, 0, 19, 12, 8, 26][22, 18, 13, 6, 21, 10, 29][17, 11, 25, 28][5, 15, 6][0, 22][2, 10][7, 24][7, 27][7, 24][7, 16][3, 24][7, 16] 
[0, 19, 22, 18, 13, 6, 21, 5, 15, 27, 7, 10, 29, 2, 16][1, 9, 14, 7, 25, 0, 26, 8, 12, 19, 17, 11, 3, 23, 4][8, 26, 0, 18, 17, 19, 12, 22, 25, 28, 16, 10, 21, 6, 13][1, 9, 23, 3, 4, 24, 14, 20, 7, 27, 10, 2, 6, 21, 15][11, 17, 0, 19, 12, 18, 22, 25][3, 23, 9][8, 12][15, 16][25, 28][2, 21][10, 16][27, 29] 
[5, 6, 13, 18, 17, 28, 25][19, 0, 26, 8, 12, 22][14, 7, 16, 15, 29][22, 0, 28, 16, 27][12, 17, 11, 25, 28][5, 21, 2, 10, 27][1, 24, 7][7, 4, 20][3, 24][1, 23][18, 19][9, 23] 
[6, 13, 18, 19, 0, 12, 17, 11, 25, 28, 16, 27, 7][23, 14, 20, 4, 1, 24, 7, 10, 15, 5, 21, 2, 29][1, 9, 23, 14, 7, 16, 6, 21][4, 24][8, 12][10, 21][2, 10][18, 22][8, 26][7, 25][3, 9][1, 14] 
[5, 21, 6, 13, 0, 25, 7, 4, 24, 20, 23, 1, 3, 9, 14][16, 28, 25, 11, 14, 1, 23, 20, 7, 27, 15, 6, 21, 10, 29][4, 14, 11, 17, 19, 8, 26, 0, 28, 7, 2, 6, 10, 21, 15][5, 6, 13, 18, 22, 17, 19, 12, 0, 28, 16, 15, 21, 2, 10][15, 27, 7, 28, 17, 0, 18, 19, 22, 25, 11, 3, 1, 23, 24][9, 1, 4, 24, 7, 28, 0, 13, 6, 10, 16, 2, 29, 15, 27][27, 16, 28, 17, 0, 25, 11, 14, 7, 2, 6, 5, 15, 10, 29][4, 3, 9, 1, 23, 14, 11, 17, 18, 13, 6, 16, 28, 0, 22][3, 4, 20, 23, 9, 1, 24, 14, 7, 2, 10, 21, 15, 6, 5][4, 14, 11, 17, 19, 8, 26, 0, 22, 12][8, 26][7, 20] 
