818450.0 16855.47177401432 0.07484802431610943 0.6620586859948562 748.0 133.0 5.226006191950464 
1728575.0 14121.320997299963 0.2978138882394202 0.48714051905541267 1577.0 142.0 5.448616600790514 
3950469.863350724 33523.132453497645 0.0260989010989011 0.0 4024.0 762.0 10.007727948759317 
1036041.1763354534 24250.372652323145 0.10223287350946926 0.597410568155249 915.0 187.0 7.228601807549175 
605120.0 21638.657025682565 0.06505728314238952 0.7159516015898995 506.0 120.0 0.0 
1170915.0 23960.554603424192 0.3159340659340659 0.5298398410100538 934.0 122.0 0.0 
4380471.6503874 18144.55129572586 0.14461070844049567 0.0 4866.0 417.0 8.111778846153847 
4206260.0 16479.694657197455 0.39183422960018705 0.19449964928688332 4205.0 153.0 2.2061403508771926 
3911587.0914037116 27196.771515790653 0.035509703062894554 0.0 4196.0 615.0 9.932877335201791 
3844471.2686862894 19040.283339887992 0.26268412438625205 0.12102525134440029 4816.0 374.0 9.07157024297478 
1718029.9999999998 15272.959335317168 0.09998246434416647 0.5237608136544307 1768.0 204.0 8.0 
1270495.0 17089.22022744659 0.1094224924012158 0.585223287350947 1272.0 126.0 2.1995614035087723 
2243124.00078227 16580.27253399709 0.35518470890811316 0.32449731119943886 2301.0 224.0 7.299316169573208 
3030944.5383075946 18878.72464119231 0.3456570025718962 0.22571311667056349 3503.0 169.0 3.1578947368421053 
1436210.0 17828.98140364809 0.3099427168576105 0.49231353752630347 1530.0 141.0 2.56993006993007 
1988675.3607980942 22651.625952071554 0.12760112228197334 0.38458615852232875 2203.0 245.0 6.419110783049309 
4069537.1790604983 30663.067432844622 0.05628945522562544 0.0 4239.0 685.0 8.549377136979595 
3612637.357594462 27703.524445568877 0.2996843581949965 0.07554945054945054 4233.0 365.0 5.6808865876535055 
1543702.330181094 24484.170519115247 0.14554594341828384 0.4764729950900164 1461.0 207.0 1.9863554273383994 
1997668.5738191302 27012.92608890675 0.4380406827215338 0.26981529109188684 1775.0 216.0 2.1825396825396823 
3294467.6789442752 16361.877961356056 0.20353051204115033 0.3341711480009352 3288.0 214.0 8.02048063618891 
4440469.499888809 19022.283919154383 0.17819148936170212 0.0 4571.0 355.0 4.311912328490719 
3130425.0 19066.810526176985 0.20867430441898527 0.3871580547112462 2905.0 175.0 1.6321271929824561 
3094375.1877731197 17536.794013222967 0.39390928220715454 0.26446691606266076 2750.0 165.0 2.645833333333333 
3560779.5716788415 24522.48425460281 0.2591477671264905 0.2296586392331073 3406.0 351.0 5.25817083991603 
919365.7144246352 21232.67631433004 0.08294365209258826 0.6362812719195698 789.0 162.0 6.4684304343747066 
609520.1770041231 21739.04464290029 0.06610942249240122 0.7119476268412439 516.0 128.0 0.0 
1137226.733407509 24312.790060542156 0.2875555295768062 0.5160158989946224 998.0 139.0 0.3111111111111111 
4876582.154690803 15978.861123108665 0.25672200140285245 0.0 5231.0 295.0 9.10286980296349 
4366813.89672371 17060.21731179298 0.4300035071311667 0.12409399111526771 4720.0 168.0 2.8739579693505712 
3854613.7018270465 31956.934816791534 0.06558335281739537 0.0 4156.0 742.0 10.231958746385756 
3940236.2760279663 18728.15718709992 0.34112695814823474 0.09562777647884031 5020.0 358.0 9.81404045926736 
1692517.5283053177 13674.50697693473 0.09945639466916063 0.5237608136544307 1770.0 206.0 6.230769230769231 
1244335.0 17389.395753001598 0.11637830254851532 0.5816577039981295 1223.0 123.0 2.1414473684210527 
2266950.329716447 17027.72070306848 0.409662146364274 0.34615384615384615 2027.0 170.0 7.01439393939394 
2929829.22209539 19499.69535291553 0.3515314472761281 0.2855681552490063 3705.0 158.0 1.2086956521739132 
1530850.0 18356.04985686949 0.3221884498480243 0.4888064063595978 1347.0 133.0 2.2272727272727275 
2107969.666218748 23707.369295607376 0.16343231236848257 0.3789747486555997 2074.0 232.0 5.985495985495986 
3969701.09639334 31559.862100919217 0.02919686696282441 0.0 4130.0 724.0 9.238413120643639 
1260104.3275089122 23111.189662489305 0.13631049801262568 0.5323532850128595 1315.0 202.0 2.3978978978978978 
1960565.1222371922 25159.52832267567 0.38861935936404024 0.28214870236146833 1774.0 198.0 2.1323467164643635 
3617037.22283762 19293.095397651847 0.20236146831891513 0.2159223754968436 3461.0 282.0 6.617027417027417 
3288248.04256327 18213.704944547135 0.21416880991349077 0.27177343932663084 3264.0 256.0 4.254841628959276 
2875328.494275775 19230.721771949848 0.18830371755903672 0.4031739537058686 2790.0 196.0 3.8311111111111114 
3156947.386949055 17352.08854640058 0.36433247603460367 0.2681201776946458 3072.0 168.0 2.16025641025641 
3831689.2543749027 25539.22343592054 0.22930792611643674 0.0 3825.0 374.0 5.548511352394782 
861945.673789795 22089.447399137425 0.0943126022913257 0.6410158989946224 765.0 155.0 5.994736842105263 
590105.0 21614.910284550162 0.08005026888005612 0.7227028290858079 499.0 118.0 0.0 
1222780.0 24102.26122640814 0.32300678045358894 0.5159282207154547 1006.0 125.0 0.0 
4857366.207529394 18978.199347366266 0.1854980126256722 0.0 5235.0 413.0 9.00889991002193 
4167025.0 18157.465822807382 0.43032499415478137 0.2049333645078326 4159.0 154.0 1.1723512336719883 
3958897.452895972 31630.086088730663 0.03323006780453589 0.0 4148.0 743.0 10.13443097966748 
1687109.9999999998 12862.104275150701 0.10465863923310732 0.5189385083002104 1730.0 145.0 7.187321937321937 
1162440.0 17546.168950885887 0.12076221650689736 0.6228664952069207 1096.0 140.0 2.2564102564102564 
2441331.361171031 15423.131686911409 0.3330605564648118 0.3221884498480243 2524.0 193.0 6.706727135298564 
3269531.626928099 19509.32386346502 0.3465045592705167 0.18625789104512508 3975.0 218.0 2.5684995737425407 
1621775.0 18014.06564740389 0.33282674772036475 0.4765022211830722 1435.0 141.0 2.4714912280701755 
2044292.5999918226 25283.939570038856 0.15457680617255085 0.3789747486555997 2029.0 317.0 6.894352958869088 
4367877.094391875 30882.090480502975 0.10050853401917231 0.0 4323.0 673.0 8.970000783246075 
1366472.5096140704 22101.59564310664 0.13826864624736965 0.517827916764087 1365.0 188.0 1.6997549019607843 
1983841.2365322832 29152.448841388134 0.4593172784662146 0.26949380406827217 1698.0 199.0 0.7140092165898617 
3024817.125076873 17828.07107725628 0.20160158989946225 0.26177811550151975 3130.0 334.0 9.13430118268828 
3519216.1114097363 20617.070435840757 0.2517827916764087 0.23544540565817162 4200.0 230.0 3.1851648351648354 
3015904.6766895177 19577.978283836317 0.2262684124386252 0.36249123217208323 2773.0 166.0 2.652580971659919 
3492005.4928956693 17123.60791170157 0.34410801963993454 0.23985854570960954 3240.0 160.0 2.579237288135593 
3980641.6394021637 27819.93219803665 0.29310848725742344 0.018909282207154546 3830.0 361.0 4.471096279356596 
873231.1602393617 24187.899259622056 0.11044540565817161 0.6188917465513211 795.0 166.0 5.419232649071359 
604445.0 21366.705424635875 0.0820084171148001 0.7139350011690437 538.0 117.0 0.0 
1234580.0 24140.48512405329 0.331540799625906 0.5093231236848258 1017.0 127.0 0.0 
4807220.634666932 13529.333846804302 0.3384966097732055 0.026917231704465746 5039.0 257.0 8.331883394383393 
4570059.6710852105 18488.27286370281 0.44561024082300676 0.07461421557166238 4626.0 186.0 2.372107102825792 
3890783.1550972844 31901.1708767554 0.027794014496142157 0.0 4159.0 740.0 10.407037640511971 
1692299.4201834477 13483.560385318893 0.1039279869067103 0.5189385083002104 1730.0 149.0 6.1915954415954415 
1133000.0 16370.567061196733 0.11015314472761281 0.6220481646013561 1059.0 145.0 3.205128205128205 
2510417.7456095824 15778.346063668896 0.35205751695113396 0.31058569090483984 2466.0 170.0 6.189458689458689 
3314394.554074982 18364.971919736992 0.40402151040448914 0.2084697217675941 4082.0 169.0 2.5471014492753623 
1566485.0 17916.437326336425 0.3260462941314005 0.46796820201075523 1578.0 121.0 2.161290322580645 
2053473.5169199985 22696.421045064442 0.17062193126022912 0.3789747486555997 2054.0 247.0 6.923400673400673 
1256297.6397245007 26154.236187469167 0.1635492167407061 0.5358019639934534 1282.0 192.0 2.758064516129032 
1998478.8603348318 26882.744555962552 0.431640168342296 0.28308393733925646 1814.0 200.0 1.4079365079365078 
3442732.7680714657 16570.71026572543 0.24409632920271218 0.3315700257189619 3085.0 226.0 5.435064935064935 
4087511.812413473 15714.799920806478 0.2501753565583353 0.18114332476034603 3987.0 245.0 5.3281385281385285 
3006580.546076064 19478.57640385671 0.3466506897357961 0.2613104980126257 2820.0 167.0 2.0 
4221270.288992921 28527.315823097393 0.24210895487491232 0.0 4142.0 374.0 4.723438021772524 
1109845.8917699964 24048.56916283263 0.13309562777647885 0.5633037175590367 985.0 189.0 5.68314726209463 
600670.0 20913.37873810906 0.08253448678980593 0.7220014028524667 530.0 120.0 0.0 
1243085.0 23382.782791913458 0.3314531213467384 0.5123626373626373 1020.0 118.0 0.0 
4636174.074551658 20976.33775617962 0.259030862754267 0.0 4882.0 315.0 8.867259511909936 
4596753.300345763 15549.227505703566 0.4307633855506196 0.12073299041384147 4844.0 174.0 3.6154476066870616 
1758875.0000000002 13784.742651400149 0.12982230535422024 0.49351180734159455 1792.0 186.0 7.47995522995523 
1189605.0 18131.077321904104 0.10103460369417816 0.6076981529109189 1165.0 132.0 2.1489533011272144 
2592130.0 15669.009754478688 0.34805354220247836 0.3148234743979425 2512.0 171.0 8.18945868945869 
3495675.0 17250.04346393704 0.3736555997194295 0.18789455225625437 4128.0 186.0 3.691919191919192 
1893935.0 17246.606511983595 0.3229191021744213 0.43450432546177226 1839.0 121.0 2.1282051282051277 
2184549.4484571796 26078.453904640468 0.22547930792611642 0.29930441898527005 2206.0 284.0 6.952283011106541 
1423523.6792669455 21993.452469244938 0.13540448912789338 0.5186754734627075 1449.0 207.0 2.5282169521299958 
2081201.404344259 25923.249364431922 0.4377191956979191 0.25780336684592003 2001.0 204.0 2.180740662139219 
4005347.829046958 24324.03483596121 0.24418400748187982 0.0 4140.0 338.0 8.569379203647784 
2971847.2566551277 14861.898603154432 0.2073299041384148 0.2884907645545943 3544.0 241.0 5.389892473118279 
3225881.815532699 18953.4921246942 0.40609656301145663 0.24713584288052373 2903.0 158.0 1.328125 
4028706.2982984637 26991.481649980324 0.17085574000467618 0.0 4014.0 434.0 7.161466832022521 
1102119.0554438431 23251.065081771958 0.14005143792377836 0.565437222352116 1020.0 205.0 7.773501400560224 
1695895.0 21405.661852096 0.3273030161328034 0.4399696048632219 1573.0 133.0 0.31527093596059114 
4224207.973543615 27530.014782907045 0.3626373626373626 0.0 4196.0 304.0 6.946418665240175 
1857615.7461584168 24259.318284571993 0.3080430208089783 0.31952887537993924 2000.0 224.0 4.616412589170751 
1567194.5491809275 18007.114699872593 0.25166588730418515 0.509995323825111 1549.0 136.0 3.090909090909091 
3528889.0123951943 19629.593208010952 0.20750526069675007 0.2159223754968436 3408.0 319.0 5.661353965183753 
1732780.0 17487.59937690392 0.15191723170446575 0.4909106850596212 1742.0 139.0 7.083735909822867 
2815742.7265743623 18574.000090275516 0.40425531914893614 0.28846153846153844 2583.0 164.0 3.663170163170163 
4175802.4971010666 29536.586282779208 0.06917816226326864 0.0 4298.0 648.0 9.097918148716742 
2581640.020846111 19617.602123959736 0.3407762450315642 0.314940378770166 2573.0 166.0 5.185185185185185 
743175.0 18280.99303593897 0.12985153144727613 0.6695697919102175 682.0 123.0 2.0789473684210527 
