857620.0 15222.875183658354 0.07157470189385083 0.6629939209726444 742.0 130.0 4.598663586866854 
1920760.0 18623.493487348755 0.33586626139817627 0.43131868131868134 1754.0 131.0 6.2640692640692635 
3915787.400546307 31090.099224977934 0.11336801496375964 0.0 4037.0 644.0 9.013376896977535 
967281.6672369081 21759.500821639005 0.08005026888005612 0.6174596679915829 867.0 190.0 6.76868686868687 
641870.0 20290.982360170612 0.06540799625906009 0.7130874444704232 574.0 112.0 0.0 
1345600.0 21622.066781352205 0.3140343698854337 0.48418868365676876 1138.0 122.0 0.0 
5746083.224770298 14929.239221317148 0.37041150339022677 0.0 5784.0 225.0 8.6688878623787 
4506910.299825644 17584.286811866266 0.44166471826046294 0.07034720598550386 4798.0 178.0 1.3421780168038187 
4260934.039001623 22870.475890899226 0.06570025718961889 0.0 4620.0 564.0 9.439743084880634 
3578728.2729810155 15725.659278863986 0.23459784895955108 0.2885199906476502 3931.0 173.0 5.539264828738513 
1796004.3671578483 14266.415756093404 0.10746434416647183 0.5009936871638999 1618.0 165.0 6.601825881317715 
1503770.0 15641.387947552039 0.09340659340659341 0.5928220715454758 1282.0 139.0 3.166666666666667 
2527204.7375554377 17576.705764111575 0.4271978021978022 0.24579144259995322 2346.0 178.0 7.631187149013974 
2945078.366700647 17792.53243798713 0.32554945054945056 0.22980476969838673 3095.0 173.0 1.691786283891547 
1839055.0 17249.415807149653 0.32771218143558567 0.43318915127425767 1765.0 122.0 2.167964404894327 
2148355.0935372217 23886.463283652793 0.19181084872574233 0.3377951835398644 2002.0 227.0 5.7825741740538374 
3073910.7914421572 19204.66775885931 0.1967500584521861 0.2765080664016834 3216.0 237.0 3.5098874901880976 
1645883.871206666 22174.454617227486 0.13549216740706102 0.46802665419686695 1693.0 178.0 1.5886524822695036 
2245752.4713603295 24824.9359881875 0.44368131868131866 0.23535772737900398 2190.0 215.0 1.9021034112945878 
3864063.402533581 19428.771090765873 0.2500876782791676 0.197509936871639 3513.0 249.0 7.057719298245614 
4372019.141949859 17748.69747509998 0.27995674538227727 0.14852700490998363 4492.0 212.0 3.7550966969662958 
3595345.00543907 15374.084195111163 0.3020808978255787 0.19029109188683657 3429.0 193.0 2.2452978056426334 
3826373.4067242113 23033.420117855803 0.2400631283610007 0.29603109656301146 3545.0 210.0 3.005559974422558 
976215.0 15372.049829500984 0.0716039279869067 0.637947159223755 847.0 135.0 4.4772727272727275 
3863415.8170552603 30072.201192422788 0.055500350713116674 0.0 4346.0 701.0 9.077206653549327 
948961.9053653956 26165.52568429254 0.08005026888005612 0.6174596679915829 836.0 239.0 7.647805642633229 
726085.0 20895.435324838116 0.067629179331307 0.7012801028758475 652.0 122.0 0.0 
1270560.0 22293.15686500972 0.3145019873743278 0.513677811550152 1123.0 123.0 0.0 
5242183.174914619 14334.896143565935 0.362783493102642 0.0 5981.0 275.0 9.76666764607941 
4947265.0 17960.45024281683 0.44788987608136543 0.1639876081365443 4651.0 141.0 1.1020408163265305 
4487785.085564144 23370.29314951101 0.13069908814589665 0.0 4856.0 574.0 9.16638138177612 
3916410.4287218656 15274.061098415767 0.2943359831657704 0.12771802665419688 4811.0 250.0 8.692386793715698 
1584080.0 13201.027392329786 0.08697685293429974 0.5330254851531447 1409.0 139.0 7.349062310949789 
1120990.0 17344.19290962603 0.08227145195230301 0.6254676174888941 965.0 125.0 2.183673469387755 
2384717.8831424844 15395.547031144895 0.3925356558335282 0.28822772971709143 2384.0 171.0 5.452609256868891 
3074978.938976467 17229.5079647826 0.3830079494973112 0.22398877718026655 3636.0 146.0 2.1729879740980573 
1879580.0000000002 15857.562598671984 0.33583703530512043 0.4353518821603928 1718.0 117.0 3.167964404894327 
2328833.259025374 20973.423530093423 0.1900865092354454 0.33265139116202946 2329.0 221.0 5.286632653061225 
3779635.942771334 25355.278265877572 0.24631751227495907 0.0 3923.0 387.0 4.985390103582323 
1409252.130333672 23822.155754027954 0.14969604863221886 0.5078033668459201 1316.0 162.0 1.1587301587301586 
2072122.1164807742 24819.77151073369 0.43541033434650456 0.2724164133738602 2024.0 207.0 2.6205420540672266 
4361341.499100399 18874.884648968404 0.28401917231704465 0.018295534252981062 4327.0 302.0 6.546291063475927 
4594925.2249520775 17767.820049022834 0.22574234276361935 0.0 4952.0 357.0 5.877567924737736 
3200074.5696832673 17177.12585039173 0.401361935936404 0.22115384615384615 2738.0 162.0 3.557170542635659 
4390472.749200958 24641.968479532898 0.2774433013794716 0.0 4229.0 365.0 5.504891562596443 
988355.0 15372.300364725237 0.0726560673369184 0.6375672200140285 850.0 137.0 4.454545454545455 
4044047.5034081447 28876.12039927662 0.07455576338555062 0.0 4344.0 666.0 9.659191755097938 
931186.7382603218 22298.801451633222 0.10097615150806641 0.6275718961889175 840.0 170.0 6.363636363636363 
699125.0 21039.260103973607 0.07888122515782091 0.7049333645078326 584.0 111.0 0.0 
1383985.0 21787.028094895988 0.3079553425298106 0.4940378770166004 1149.0 110.0 0.0 
5825780.312566602 12179.565262237915 0.3981470657002572 0.031914893617021274 5670.0 244.0 8.337773312591825 
4710122.070333203 14492.452321678207 0.3728957212999766 0.0922375496843582 4665.0 185.0 4.7723587966782155 
4098792.7409987655 26291.226775369894 0.058773673135375265 0.0 4479.0 667.0 10.07365653428657 
3080801.6613672497 17924.97587724299 0.2802490063128361 0.28726326864624735 3634.0 193.0 7.295401319991483 
1696095.0 15327.163747839444 0.10299275192892214 0.5223579611877485 1412.0 169.0 6.642047397353954 
1265475.0 17188.44285791509 0.11278349310264203 0.6001285948094459 1092.0 122.0 2.1818181818181817 
2418065.0 14429.973842717274 0.39107435118073414 0.31146247369651625 2444.0 126.0 6.224603174603175 
3099759.700895023 18487.292990778882 0.3444587327566051 0.21408113163432313 3243.0 177.0 2.8220338983050848 
1876540.0 17185.339574770536 0.30140869768529344 0.47533317746083703 1608.0 131.0 2.2684331797235022 
1911006.07136325 27451.875727929277 0.1583761982698153 0.3951660042085574 1770.0 285.0 7.7211292037379 
1527561.7888946128 24681.816377987147 0.12283726911386486 0.5168050035071312 1363.0 204.0 2.800202156334232 
2302243.1730764485 23773.12372366648 0.4644610708440496 0.23652677110123918 2064.0 179.0 1.0257505175983437 
4535168.760805709 18470.68150746532 0.2497077390694412 0.0 4427.0 372.0 8.129725578872701 
5381950.893756347 20327.863590008583 0.33177460837035305 0.0 5813.0 299.0 3.42183741021133 
3243860.3899380527 17510.73436625569 0.4317862988075754 0.2561374795417349 2841.0 163.0 2.201835398643909 
4322919.9414904155 23367.391439314844 0.2867664250642974 0.0 4315.0 350.0 5.391135451651719 
1259815.0 15049.845441025594 0.07934884264671499 0.5965922375496844 1110.0 130.0 4.333333333333334 
3996538.6001313836 30925.757772319812 0.05333761982698153 0.0 4367.0 730.0 9.691213008128216 
1011532.1939840348 20863.569687135176 0.07835515548281506 0.6246200607902735 889.0 170.0 6.341414141414141 
758030.0 20880.799730135164 0.08463876548982932 0.7056055646481179 709.0 134.0 0.0 
1369065.0 22158.961705807695 0.3027530979658639 0.5026303483750292 1123.0 111.0 0.0 
5484521.637827662 15794.59404126999 0.4312017769464578 0.06987958849660977 5474.0 193.0 4.432577491158726 
4230706.680043294 26152.270357058853 0.05266541968669628 0.0 4533.0 652.0 9.714480548778562 
4323400.46667833 14780.099801810244 0.2359130231470657 0.042114800093523495 4559.0 260.0 8.567581727751218 
1774219.9999999998 14410.832219655249 0.1196516249707739 0.5016074351180734 1535.0 139.0 6.2631578947368425 
1127210.0 17510.026934960668 0.10752279635258359 0.6088379705400983 1034.0 124.0 2.1052631578947367 
2447610.0 16300.40927756603 0.410392798690671 0.30167173252279633 2381.0 130.0 7.149305555555555 
3208926.629943356 16587.936897522093 0.42217091419219077 0.2104278700023381 3430.0 153.0 3.2834476843910805 
1572545.0 17697.580648766136 0.32581248538695345 0.49532382511105916 1444.0 127.0 2.1818181818181817 
2414006.7621497265 20766.798345700798 0.1901157353285013 0.31917816226326867 2344.0 274.0 7.5214916738730855 
1646527.6502847308 21197.784797054326 0.10012859480944587 0.5279109188683657 1416.0 162.0 1.273975452465155 
1941817.0343573678 25397.76629339489 0.42830839373392565 0.2946282440963292 1850.0 208.0 2.716498447204969 
4688132.396095983 22452.309021768328 0.2856266074351181 0.0 4588.0 367.0 8.82122672583091 
5389035.5527351815 18778.696681864232 0.30757540332008415 0.05894902969371055 6026.0 347.0 6.848645032413688 
2977188.681747877 18006.507103215426 0.4207972878185644 0.20592705167173253 2827.0 151.0 3.664085353636546 
4521224.907797126 27777.52520494124 0.24462239887771803 0.0 4078.0 437.0 5.569652021765437 
4173271.3100236305 28898.162462881955 0.058861351414542906 0.0 4567.0 684.0 8.893935776768895 
984479.0969162994 20331.1878496733 0.07306523263970073 0.6383563245265373 843.0 149.0 6.641414141414142 
619825.0 20928.78295980684 0.09168225391629647 0.7217383680149637 548.0 125.0 0.0 
1314595.0 22234.327484505575 0.28369768529343 0.5187631517418752 1067.0 111.0 0.0 
5291624.200983775 17909.486993275106 0.4024725274725275 0.023000935234977787 5380.0 327.0 2.5821233886078483 
3928406.974758855 27102.238310146226 0.03182721533785363 0.0 4367.0 665.0 10.350180343805338 
4146733.719066465 17915.60550898221 0.25081833060556463 0.043751461304652794 4273.0 255.0 7.891247065929674 
1699060.0 14949.006240789642 0.09001636661211129 0.5401566518587795 1477.0 152.0 6.515037593984962 
1046555.0 17539.68962142462 0.10667523965396306 0.6241524433013794 892.0 135.0 2.1136363636363633 
2339804.3089348236 16672.67649289904 0.3406008884732289 0.3162847790507365 2361.0 200.0 7.387903400946879 
2775561.0023227828 16061.979756706934 0.39241875146130467 0.27674187514613047 2986.0 163.0 3.3916666666666666 
1666165.0 17577.068327280896 0.2965863923310732 0.49225508534019174 1540.0 121.0 2.1871345029239766 
2128907.2539250785 21646.181930207294 0.17503507131166707 0.3687163899929857 2178.0 269.0 7.579780726519857 
1383557.1687989547 21729.334819715816 0.14756254383913958 0.5451250876782792 1176.0 162.0 1.3573260073260074 
2144233.7239682423 23383.66517193627 0.37844867898059387 0.2993920972644377 2021.0 200.0 1.8632246376811594 
4527454.350938916 20950.153826609407 0.3491933598316577 0.0 4601.0 344.0 7.482865521575199 
5182663.871752513 20505.849355534883 0.34971942950666357 0.0 4933.0 302.0 6.503617673484489 
5135580.699341926 17763.983085274453 0.45578092120645314 0.10611994388590133 4635.0 221.0 3.0434398111022007 
4424366.077233717 24026.890203178744 0.2068330605564648 0.0 4520.0 439.0 6.102005854483265 
1223755.0 22154.820830475604 0.29144259995323823 0.5292260930558803 1068.0 121.0 0.5048076923076923 
4447658.19452 16352.789059141813 0.18731003039513677 0.0 4706.0 352.0 7.91159711747947 
3837370.8484591693 29785.122810032823 0.20446574701893852 0.0 3985.0 513.0 7.9568447641218265 
4356648.442932736 23286.86360106494 0.29144259995323823 0.013444002805704933 4602.0 402.0 6.087828483911532 
971645.0 20799.52352823233 0.07440963292027122 0.6402852466682254 838.0 131.0 5.0 
3536669.152071348 19210.08094677354 0.3574643441664718 0.08989946223988778 3696.0 186.0 2.684000704814766 
2298815.9820519118 22409.537550841473 0.3854044891278934 0.26294715922375494 2286.0 206.0 2.6236964316048463 
