79003.16091954024 9862.550430389208 0.33590237636480413 0.05908798972382787 113.0 100.0 2.2807506503158677 
50420.0 12865.189989039096 0.28901734104046245 0.2774566473988439 44.0 65.0 0.0 
70950.0 8782.98349983163 0.09699919438968521 0.34618341597748414 83.0 74.0 0.0 
73915.0 11659.158537974325 0.5144508670520231 0.09762363519588953 65.0 64.0 0.0 
66548.5974320304 15170.399359402883 0.11753371868978806 0.14322414900449582 64.0 110.0 2.962121212121212 
62580.0 9221.021726151996 0.11946050096339114 0.19781631342324985 75.0 75.0 0.41467304625199364 
88975.35111500828 18933.120013486405 0.04046242774566474 0.0 94.0 215.0 5.752012882447665 
86045.0 9881.697916357496 0.3256663816299398 0.10983648956852204 79.0 81.0 1.4166666666666667 
59470.0 9318.80239173361 0.1361592806679512 0.3269107257546564 64.0 106.0 3.581433530349939 
85284.80926649153 14752.168884090273 0.14964675658317278 0.0038535645472061657 99.0 143.0 2.9756189024643036 
72275.0 10741.851166982957 0.14001284521515736 0.12010276172125883 84.0 99.0 3.4380056724884316 
67670.0 10620.172065107305 0.31727681438664096 0.1457931920359666 72.0 89.0 2.9198343079922027 
80505.0 10158.301935223559 0.14258188824662812 0.10661528580603725 80.0 99.0 3.5272727272727273 
48365.0 12366.432728067148 0.13810380039344142 0.2717111979833755 48.0 78.0 0.5507246376811594 
66320.0 12095.403787656003 0.2382787411689146 0.11432241490044959 58.0 81.0 0.6439393939393939 
86875.0 9069.523189022444 0.26461143224149003 0.05009633911368015 94.0 71.0 0.0 
31470.0 11763.205174542933 0.055876685934489405 0.4707771355170199 33.0 63.0 0.0 
73302.82698119678 13175.836264977102 0.1001926782273603 0.11946050096339114 70.0 91.0 0.9090909090909091 
65920.0 9077.417291703006 0.14837733446578663 0.18049367277411105 65.0 72.0 0.0 
78197.5 12390.72315050784 0.12780989081567115 0.08413615928066795 84.0 160.0 3.864182194616977 
48325.0 9272.272508294096 0.1316803699901568 0.38604830421320413 52.0 71.0 1.1333333333333333 
90710.0 12654.181760680809 0.20104939715351022 0.0038769119838762433 90.0 93.0 0.3077651515151515 
53710.0 9690.510665084983 0.31920359666024406 0.26718047527296085 64.0 71.0 1.0909090909090908 
92887.8622421451 19059.716941687242 0.05846115840605798 4.298201864255619E-56 92.0 214.0 4.5775978021454025 
99205.0 9886.226736789626 0.14195588255187452 0.0026200345596776413 112.0 109.0 3.9221177944862156 
102275.0 7922.696451089682 0.13872832369942195 0.03789338471419396 109.0 89.0 1.0714285714285714 
48020.0 11892.44185431062 0.22607578676942838 0.3018625561978163 43.0 64.0 0.0 
84145.0 14237.22461091088 0.3673731535003211 0.011560693641618497 104.0 125.0 3.931400966183575 
120218.77716399601 9161.679848214326 0.12268211722475703 4.215738564809143E-5 141.0 123.0 4.293110367892977 
40380.0 11083.034538183165 0.12395632626846499 0.3943481053307643 42.0 71.0 0.0 
70085.0 10742.62114484372 0.3217726396917148 0.13359023763648042 73.0 82.0 2.4406015037593987 
102643.530639208 18531.33512627981 0.08477842003853564 0.0019267822736030828 105.0 216.0 4.243697478991597 
55570.0 9726.77820785466 0.1708413615928067 0.21708413615928066 52.0 71.0 0.0 
82140.0 10841.561483146352 0.2003853564547206 0.05973025048169557 80.0 87.0 3.005128205128205 
83080.0 8769.289550661813 0.35773924213230573 0.07964033397559409 102.0 98.0 3.0591787439613523 
84142.25096527486 17583.89328264335 0.12011819116135662 3.346150151322999E-52 84.0 158.0 2.4795890657959623 
91445.0 10463.780884064743 0.2947976878612717 0.01798330122029544 98.0 74.0 1.1578947368421053 
72726.67548483665 12808.245846473685 0.3725590894334699 0.0937821156160114 80.0 86.0 2.253846153846154 
95224.66672712378 12784.387194934536 0.14129736673089274 0.0 118.0 155.0 4.5575757575757585 
63910.0 11635.189073701875 0.49775208734746307 0.17341040462427745 69.0 65.0 0.0 
91412.78496521691 15504.118234431373 0.030828516377649325 0.0 105.0 188.0 4.929161043634728 
62720.0 9451.390139125548 0.13811634374024975 0.19782076895204592 72.0 73.0 0.0 
104985.0 9263.20452864262 0.24470134874759153 0.03789338471419396 110.0 94.0 0.8293460925039873 
60330.0 10928.218384656115 0.11112686989302822 0.29736673630794935 55.0 81.0 3.3225806451612905 
49385.0 11468.023379594099 0.15416032161854762 0.2762070277710962 48.0 71.0 0.0 
67840.0 10663.704318936878 0.10342510195941093 0.34297095719127857 68.0 74.0 0.0 
84932.62426520327 15039.57527687889 0.05394990366088632 0.0038535645472061657 105.0 167.0 3.4115451345444843 
60085.0 10124.933155080214 0.0674373795761079 0.4168272318561336 69.0 69.0 0.0 
90347.14776238859 19425.45011119684 0.05202312138728324 0.0 94.0 242.0 5.349074074074074 
70950.0 8782.98349983163 0.09699383419324209 0.3462230164953086 83.0 74.0 0.0 
85691.93220266154 18717.9613470768 0.0655190133606011 0.0 87.0 203.0 5.317980295566503 
83340.0 10683.503054720952 0.2717095479878511 0.03340003440240668 79.0 73.0 0.0 
99057.22653807311 12330.529633404221 0.11175337186897881 0.03789338471419396 102.0 168.0 3.484848484848485 
105625.0 8560.64009556027 0.13681540138822373 0.0 117.0 137.0 4.725845410628019 
42245.0 12156.659512105058 0.17533718689788053 0.365446371226718 39.0 68.0 0.0 
81918.85742427147 10880.669429443185 0.14193962748876043 0.0905587668593449 101.0 123.0 3.9984210526315787 
70420.0 9345.233228760077 0.25626204238921 0.13166345536287732 71.0 81.0 2.734649122807017 
63156.422924901184 11285.161355508579 0.27167630057803466 0.17212588310854207 61.0 69.0 0.0 
53915.0 9316.381827710342 0.20488118175979447 0.3500321130378934 55.0 76.0 1.1176470588235294 
92557.09181018086 14409.38888641601 0.08028259473346179 0.0 118.0 206.0 5.100205165325529 
48325.0 9272.272508294096 0.13168037337063532 0.38604829979420624 52.0 71.0 1.1333333333333333 
42350.0 11584.398826091265 0.21579961464354527 0.363519588953115 42.0 65.0 0.0 
82845.0 11717.995463310417 0.2896995316900203 0.10469865100490915 74.0 79.0 2.0 
88602.09568583207 12195.869937049618 0.16441875401412973 0.011560693641618497 80.0 98.0 3.9660784313725492 
62720.0 9451.390139125548 0.13810380267235495 0.19784172661835922 72.0 73.0 0.0 
61705.0 12177.808118032088 0.13808606294155426 0.2145150931278099 62.0 72.0 0.0 
77840.0 11981.229845724492 0.21772639691714837 0.08349389852280026 78.0 80.0 1.3333333333333333 
89072.66856883967 19124.985604309597 0.08477842003853564 0.0 91.0 194.0 5.4916783216783225 
49495.0 13082.244115788513 0.029543994861913937 0.39755940912010274 62.0 114.0 3.1378205128205128 
67840.0 10663.704318936878 0.10341726719357218 0.34301130005872715 68.0 74.0 0.0 
59130.0 8822.027117137142 0.010276172125883108 0.4155427103403982 76.0 81.0 2.0 
86500.0 12144.572468660164 0.19078634676274733 0.018629852284444755 78.0 93.0 0.9857142857142858 
61310.0 11636.809116047603 0.31602529278139335 0.15031591226808796 63.0 76.0 1.1578947368421053 
92383.54903728173 11383.938621710524 0.30316902265402607 0.005808231745171391 93.0 109.0 3.373333333333333 
82937.07417026395 15900.193312588923 0.09120102761721259 0.0 89.0 155.0 3.8655245125833364 
67345.0 10664.305440486052 0.40976236351958895 0.13744380218368657 62.0 64.0 0.0 
85230.0 11306.896597204985 0.3301220295439949 0.021836865767501604 84.0 97.0 3.6844919786096253 
78089.97879789417 12530.997994120338 0.2594733461785485 0.027617212588310854 89.0 89.0 0.41467304625199364 
73885.0 10909.267707082834 0.11046885035324341 0.32883750802825945 76.0 83.0 0.0 
103806.73967514449 15304.642279829906 0.05717696623214191 5.4152068912127725E-9 113.0 217.0 4.923171683389075 
92576.23596019158 15264.633863005078 0.08606294155427104 0.0 115.0 174.0 4.741984392419175 
112495.0 8605.87831432026 0.24855491329479767 0.0 128.0 107.0 3.3475241851215154 
37935.0 11753.545437913628 0.09248554913294797 0.3937058445728966 40.0 71.0 0.6274509803921569 
45015.0 12120.230650891375 0.19396274887604367 0.3603082851637765 42.0 66.0 0.0 
52545.0 11116.152793302057 0.21067794603607137 0.36096135339232893 53.0 75.0 0.0 
54370.0 10301.759074631374 0.01991008349389852 0.4039820166987797 61.0 100.0 2.8411899313501148 
68895.0 10064.213882756927 0.07257546563904946 0.3834296724470135 83.0 74.0 0.0 
94929.99999999999 8525.329843908807 0.15028901734104047 0.0 112.0 129.0 4.144859388487575 
63495.0 10618.094493979228 0.18818240205523443 0.20873474630700065 59.0 64.0 0.0 
72390.0 10939.727486871067 0.2459858702633269 0.10918432883750803 65.0 71.0 0.0 
60455.0 10200.790521663172 0.17150556729114874 0.20105550213695048 70.0 86.0 0.4631578947368421 
95934.86486876797 14212.684980600861 0.17148362235067438 0.015414258188824663 90.0 122.0 2.4060606060606062 
56295.0 11680.30662676279 0.25690430314707774 0.20937700706486834 54.0 74.0 1.1578947368421053 
83743.03122381061 20042.06348741585 0.05845323644559614 0.0 87.0 205.0 4.97024705024705 
46745.0 12977.149476660055 0.21066152858060372 0.3249839434810533 40.0 68.0 0.0 
41680.0 11981.580346721017 0.16441875401412973 0.4476557482337829 39.0 76.0 0.0 
59130.0 8822.027117137142 0.010276172125883108 0.4155427103403982 76.0 81.0 2.0 
87673.56844257974 13596.512367088066 0.15739703306054784 6.498507372798752E-4 116.0 162.0 3.9649491458477337 
81890.0 11107.880330415543 0.23314065510597304 0.046242774566473986 85.0 75.0 0.48484848484848486 
104302.01895215423 13718.156692734097 0.12076053243705577 0.01798561121402958 107.0 180.0 3.5659632034632036 
98187.63583944373 11447.009917375208 0.12397414622012838 4.867486796942064E-6 107.0 128.0 4.39472049689441 
76030.0 10380.32659141146 0.0905587668593449 0.33269107257546565 87.0 100.0 2.9820971867007673 
75205.0 12191.087360513662 0.2023121387283237 0.08798972382787412 81.0 88.0 2.6424242424242426 
53475.0 9813.499713696014 0.2382787411689146 0.22992935131663456 54.0 71.0 0.0 
78620.0 9970.517455966039 0.0918590471569974 0.2967244755500817 87.0 93.0 3.2564102564102564 
88998.3619126389 18285.514365510564 0.0899165061014772 0.0 90.0 189.0 4.783667313079078 
41700.0 11822.436993033978 0.1329479768786127 0.3853564547206166 42.0 73.0 0.0 
59130.0 10285.352300511226 0.0340398201669878 0.4155427103403982 71.0 73.0 0.0 
49225.0 12563.375757716045 0.2389507875145823 0.2935507049624026 48.0 72.0 0.0 
77200.0 9910.774108877444 0.1348747591522158 0.24213230571612074 69.0 74.0 0.0 
80445.0 10939.227849075605 0.41040462427745666 0.12909441233140656 72.0 73.0 0.0 
81080.0 12885.738603357648 0.19717405266538215 0.04174694926140013 100.0 116.0 3.252603110209601 
