1814187.1673583617 21076.469712447313 0.2228210358956973 0.5005582216402947 1893.0 164.0 2.4605263157894735 
4403420.767818049 20592.735748488707 0.28954491870786475 3.9154901381855057E-7 4795.0 332.0 8.285773768398133 
5102879.470469298 16139.165955791108 0.2906836225112942 2.2230615617532018E-6 6040.0 420.0 8.551074825238139 
2168830.0 17289.26815987797 0.1961093506809491 0.4662441662772899 1830.0 147.0 3.1153846153846154 
1583240.0 20953.992094830344 0.2685898803699547 0.5178592160852544 1438.0 139.0 2.0 
5553027.602717509 16543.937179659413 0.5255171349433427 0.12131751227495909 5106.0 152.0 3.0806451612903225 
6222687.213346251 21678.890723574033 0.3558886761100544 0.0 6647.0 288.0 7.0539308361889 
4507760.208976197 23344.512582052994 0.4266152712339755 1.5217988325156936E-11 4383.0 269.0 5.840012500538816 
2992535.3697984507 18002.26668569713 0.36357481622206284 0.30246207369469036 2796.0 147.0 3.4139433551198257 
5326772.127707225 17780.55228955448 0.18731198780998162 1.8907896231149E-6 5280.0 444.0 7.938225457069533 
4744099.780557988 20229.430883325287 0.3118716389992986 0.04696633154079963 4586.0 346.0 8.612017927294861 
5252655.765675387 21580.28325919545 0.19415136645329725 0.0 5389.0 444.0 8.545569923230444 
5368408.01030339 20068.30402857342 0.47036726586831307 0.024345358919656005 4700.0 218.0 6.747438729160427 
5628376.718861832 19916.042881246565 0.26584054243628713 0.0 5394.0 450.0 9.30442490406808 
3048940.0 20661.110271642046 0.37362637362637363 0.37847790507364976 2661.0 144.0 3.081967213114754 
4642785.920152016 17934.56475967569 0.4533870346108555 0.04138438966651723 5453.0 251.0 4.762608225108225 
4561272.658710053 20334.46593800158 0.4040820985143878 0.0347500277637634 4626.0 227.0 7.131665004985045 
4307668.797034301 24452.985178510382 0.5037409399111527 0.0840834697217676 4200.0 265.0 4.560385059226827 
1384250.0 21678.977895419674 0.21720832359130232 0.5525777414075287 1153.0 143.0 0.5185185185185185 
4342028.560959281 20349.63045097924 0.3571453813698328 0.22992169747471794 3990.0 182.0 5.69363280991188 
4964727.126107455 22528.490544628094 0.3610591536123451 0.008855506195931728 4754.0 333.0 6.686427124350853 
5015045.164499611 18031.72039474787 0.42629405958906225 0.08797084385503127 5050.0 251.0 6.475825471698113 
2617296.6612771787 23764.03506344605 0.38902852466682253 0.2203355155482815 2875.0 263.0 4.230023464907186 
5776444.327921154 20681.262201900154 0.24933087896806724 0.0 5963.0 443.0 8.45170489543624 
3772403.4281747346 26019.492604326817 0.41378302548515317 0.053016132803366846 3647.0 305.0 4.6718539103591565 
3557220.7915890585 19909.08906286082 0.2752522453777894 0.18725380127058677 3792.0 304.0 7.372748485634148 
2433517.6047269306 16975.712696941246 0.293080974286733 0.369069260400166 2310.0 158.0 7.185185185185185 
6602716.292154762 17232.485653823776 0.46177478596823907 0.03325946165550258 6293.0 224.0 5.035407066052227 
1461295.0 21206.868760979523 0.26400084171640004 0.547291017600056 1253.0 145.0 2.0 
4781067.185908923 21975.15976560608 0.3744154781388824 0.0 4875.0 355.0 8.783643123497548 
1659765.0 20300.86463361497 0.12684124386252046 0.5610533083937339 1473.0 136.0 6.0 
2865711.6231640005 20647.30399123113 0.3380017418862485 0.3968926636132597 2485.0 154.0 0.1434065934065934 
6303952.12320572 20450.90376956405 0.43470890811316343 0.0 6100.0 250.0 6.722017409114183 
6451675.868626987 20395.1320230789 0.3526447945178109 0.0 6662.0 348.0 7.0499906482624475 
5063527.205143517 21810.206782714926 0.35430792611643674 0.0025718961889174656 4943.0 370.0 7.337763168551654 
4252446.321239699 22411.228636867665 0.4934825812485387 0.10322656067336919 4394.0 219.0 3.610583313785284 
1620065.0 19648.450768079278 0.20145652595007785 0.5403640329407774 1416.0 145.0 3.128205128205128 
4684523.714457514 20771.680186573474 0.2195488413188572 0.0 4833.0 411.0 6.523058115719405 
3894953.208657625 24449.407798230448 0.3649482821869275 0.10483459080244396 3830.0 270.0 1.847608433156606 
3500963.274570093 17794.333327483193 0.40136428199816726 0.30634969808903323 3387.0 137.0 3.116279069767442 
4447099.991279065 20618.336760461792 0.18263580163462761 0.0052918503507595836 4803.0 417.0 8.791794353559059 
2492948.4768245555 20067.16405099337 0.22878319372921277 0.4494414860970662 2128.0 154.0 4.0 
1525480.0 18393.185311617923 0.22056932429272855 0.5429915828851999 1400.0 144.0 1.125 
3947705.0 17904.0638947576 0.4420764007860719 0.22512942317819282 4280.0 145.0 3.044776119402985 
6014890.464874321 13081.137876112944 0.38771449676808745 0.051966718750657705 6263.0 279.0 7.7155807500956755 
2763688.490388372 18360.464160508414 0.4266132803366846 0.28489595510872107 2755.0 167.0 5.403292056780429 
1706167.1599761106 19571.664199269362 0.24950461482706818 0.4870264614593258 1462.0 152.0 4.643002855977152 
2282218.127327815 16095.858815533478 0.20975566986205285 0.42933130699088146 1946.0 149.0 6.665 
3277828.91327569 22090.72491408923 0.4644026186579378 0.12990998363338788 3328.0 203.0 2.499943058031293 
3678630.627063172 21868.732125779 0.43126022913256956 0.22726209960252514 3268.0 201.0 6.520657034743722 
4022974.175392738 17410.14091104057 0.38692424596679914 0.2923778349310264 4011.0 201.0 3.8688524590163933 
4153702.760727524 17028.960858419545 0.41100654664484454 0.10600303951367782 4327.0 232.0 4.672623121626113 
3163018.747174596 22165.78384433946 0.3899929857376666 0.30818915127425767 3090.0 180.0 2.361904761904762 
3624492.8752471674 18620.24745750523 0.37955927051671734 0.21156768763151743 3784.0 227.0 7.520899470899471 
1066745.0 20326.84674551667 0.12865524773531603 0.6231884074336311 876.0 148.0 3.142857142857143 
2711104.9999999995 18901.48461375375 0.26171966331540797 0.4178162263268646 2263.0 149.0 4.079365079365079 
5485588.27320256 20497.351155476328 0.30669862052840774 0.0 5945.0 354.0 6.627463528877511 
5196877.030041382 25208.822627652055 0.3161094224924012 0.0 5207.0 359.0 7.451738719290603 
4843759.316132317 25773.71470615512 0.14972639317482866 2.9624306880502267E-6 4714.0 474.0 7.022529552901491 
3425950.0 13659.854993814362 0.3690400341426609 0.3018488534447974 2888.0 161.0 7.222222222222221 
3115830.0 13827.12503754 0.3348745316566732 0.32347628872249706 2710.0 161.0 7.217777777777778 
3216945.0 19032.612087450565 0.3307536284442687 0.32181039167939346 2796.0 148.0 1.1923076923076923 
5954933.299003626 19666.303234844225 0.4926960976544287 0.03691275864989854 5810.0 226.0 5.243266102797658 
5404776.421976798 19252.86384140681 0.37646130465279404 0.0 5586.0 368.0 6.762081600316894 
4093154.9999999995 16863.556494160377 0.4429506663549217 0.26180734159457564 3999.0 156.0 5.212121212121212 
6372820.987953294 21404.116900761917 0.4157728300960375 0.0 6259.0 246.0 6.717677931387609 
874145.0 22494.919999544967 0.1585223287350947 0.6475917699321955 752.0 147.0 4.0 
1990144.4094804525 15866.890713772247 0.1824595393202403 0.47875550819946006 1836.0 161.0 4.851428571428571 
1187470.0 21727.051601103707 0.27519450079148783 0.5625179010705607 1010.0 128.0 0.0 
5154844.624830285 20808.8374397004 0.25535101629169676 2.0312150902363458E-7 5127.0 358.0 7.012934407951942 
5702817.060687376 16311.281894315163 0.3810790273556231 0.13142974047229367 5559.0 281.0 6.42741935483871 
6152000.93187454 16661.51578147827 0.49857056270273253 0.03691275865108583 5977.0 175.0 2.150943396226415 
1931710.0 18659.006443444898 0.19134434968726194 0.5068126421116328 1660.0 138.0 3.0925925925925926 
2114335.0 20402.12460779974 0.3113747954173486 0.4454056581716156 1918.0 133.0 2.314814814814815 
4198483.261721737 23957.690852886717 0.3521165395505758 0.10179448211363105 4063.0 284.0 3.372253003765609 
2052925.0 17186.154595480937 0.14788403086275426 0.49459317278466214 1769.0 146.0 2.0943396226415096 
6070483.2014768375 18745.69240065038 0.4318447509936872 0.0040039747486556 5246.0 238.0 8.324476768624692 
686725.0 21743.152668240306 0.13859094337799352 0.6914641773536664 615.0 128.0 0.0 
2556760.4252685164 19266.260482015095 0.1541392322121538 0.38032137198473775 2441.0 215.0 4.946081504702194 
2229725.0 16762.236125729683 0.3756163700849067 0.36190735384073325 2064.0 147.0 3.5273109243697482 
3374538.031077328 23594.988856928936 0.48138297872340424 0.11798573766658874 3114.0 209.0 2.842723796671165 
2666300.3174826535 16179.306106699465 0.21656534954407294 0.3506254383913958 2586.0 232.0 5.852737363602158 
3318081.011646739 23425.133527233946 0.43359831657703995 0.18394902969371055 2864.0 218.0 4.619588744588745 
3721303.8150106673 22761.726233425434 0.42646952907515306 0.1461910827852162 3387.0 281.0 5.723804876320422 
762485.0 21820.470828986876 0.1622641791856207 0.6675278378365525 681.0 128.0 0.0 
2334370.0 19265.134807619987 0.2587386018237082 0.4734042553191489 2246.0 151.0 1.0757575757575757 
2820294.2045874856 23295.759024815663 0.36971007715688564 0.24354103343465044 2876.0 248.0 4.985796626012168 
1765140.0 21815.02275874357 0.24830488660275896 0.5150514379237784 1520.0 145.0 2.112244897959184 
5841216.481069303 17833.03865676665 0.27077975216273087 0.0 5946.0 338.0 8.794265513636486 
5883643.143041787 15500.159321649233 0.5267738569447457 0.0 5877.0 212.0 6.284010989010989 
2379530.0 20941.32580205516 0.35801963993453356 0.38695347205985503 2405.0 146.0 2.67953216374269 
6902586.696684373 17336.05644908468 0.43038344634089315 0.028700023380874445 6739.0 246.0 6.7758202077171745 
819695.0 20682.660279011434 0.15577507598784193 0.6624970773906944 722.0 137.0 1.2083333333333333 
976840.0 19797.628963158204 0.1536123451017068 0.6640752864157119 799.0 129.0 1.131578947368421 
6537761.70151274 15829.829000893149 0.47144610708440493 0.0 6529.0 235.0 6.5952688172043015 
1874732.5 20640.51562655069 0.3347579059080297 0.46104161795651155 1641.0 123.0 0.0 
1020810.0 21037.904601899056 0.21577624503156417 0.598871872808043 986.0 115.0 0.0 
3834518.1448288825 20698.208433086504 0.34469254150105216 0.06698620528407763 4318.0 294.0 8.354279986600506 
6671089.097910729 17537.141877665057 0.4483867196633154 0.03474982464344167 6173.0 237.0 5.673045559544683 
2917140.0 20136.69023834644 0.3567336918400748 0.3546878653261632 2826.0 167.0 2.628968253968254 
1272785.0 20592.9588855105 0.20309212064531212 0.6036649520692073 1049.0 127.0 0.0 
7001714.036766816 16556.131055302645 0.4518671834774617 0.0347500277637634 6508.0 186.0 2.9477424322544135 
7164850.114559264 13483.224336511099 0.49631751227495907 0.03814005143792378 6418.0 204.0 7.699521531100478 
1326475.0 21612.560722461905 0.2904781388823942 0.5368541033434651 1183.0 121.0 0.0 
598860.0 21942.250697034127 0.12260417702515229 0.7130331600946475 537.0 131.0 0.0 
931027.5 21881.601654010763 0.22153535856377687 0.637599835602714 828.0 139.0 0.0 
6719573.187257978 15469.635739805615 0.43774932414447765 0.03474982464344167 6179.0 195.0 2.943637341942427 
6848511.591588258 19488.411527122662 0.4363188936105542 6.271831066026812E-65 6393.0 222.0 4.645959443099274 
1118775.0 19517.24966325191 0.17775309796586392 0.6004500818330606 1020.0 150.0 3.073170731707317 
6799686.678929349 15179.36446029034 0.45905692690112015 0.08846790079134721 6044.0 178.0 6.421875 
7283339.59417753 14993.953365130315 0.4970189385083002 0.03814005143792378 6462.0 212.0 6.160127591706538 
504370.0 24075.9231509988 0.15045592705167174 0.7199263502454992 421.0 119.0 0.0 
