7.572600535261237E-8 1.000929027546722 
0.9999434242871671 5.791535520972841E-4 
0.09512753801749048 0.6927371507343795 
4.472710691257875E-4 0.9801927962429531 
0.0045347335796268595 0.9342566512919325 
0.4560373227632608 0.3257068318109705 
0.47819302360124444 0.30944756797069495 
0.8501612813795517 0.08053045753014623 
0.09406898208254602 0.7249707451169053 
0.1794145429513064 0.5776555403696301 
0.6155786489769869 0.2166178682789177 
0.5969976836766336 0.22862658266664918 
0.30538944399404055 0.44848869242598444 
0.5181630746118463 0.28502713284801634 
0.5040696691345261 0.29097301091893574 
0.023794118976019962 0.8472400535171232 
0.5324240203384828 0.2716036024078482 
0.3978794698177037 0.3730030756265797 
0.4937090018998611 0.3072481878765141 
0.11207217018742403 0.670743521724229 
0.720927372780134 0.15198436997512976 
0.9543757480766519 0.023824155720556402 
0.00879746931103953 0.9081213164727244 
0.01832873345148714 0.866452612850597 
0.24844619123240452 0.5034155375548363 
0.22371094325979562 0.5281311559837444 
0.912295922451668 0.045579923670211304 
0.14825633611798383 0.6158685863509821 
0.7067347138647335 0.16012015524033502 
0.733804353621423 0.144853922758361 
0.5777118173813193 0.24081025579690082 
0.4111933901425526 0.359687882034564 
0.9366814657842322 0.03295101981847059 
0.8696010375107828 0.06830197633538665 
0.16263098300779175 0.5979807316234833 
0.17061221685278477 0.5885367437723797 
0.3571224254295779 0.40332769485199677 
0.930407192201923 0.037460237275195325 
0.20685160445504322 0.5466111476472332 
0.37697449209345046 0.38706565351080824 
0.21244208518480567 0.5402777161944037 
0.3769848657694707 0.38693670650660345 
0.78057540566429 0.117636540184045 
0.013192797281311203 0.8864273537867612 
0.19404007949668536 0.5605498690297375 
0.3187303953109047 0.4365936553774286 
0.44167921338918215 0.336539908547202 
0.042894589305530695 0.7944649610811259 
0.6287946775592814 0.20924738904981105 
0.03409331150219572 0.8163629967366286 
0.8852375263316874 0.060082591149748565 
0.23346567344804164 0.5187448501482671 
0.15384990496087514 0.6089795880539002 
0.8106418090299514 0.1002808172130109 
0.9641182346265252 0.018836346008959077 
0.4248026629378737 0.3496365855484996 
0.253362219275026 0.49790721933678916 
0.5862181291899069 0.23721025902691342 
0.07970199243080098 0.7292912979985449 
0.5618128158367637 0.25149147993966886 
0.6902760547585843 0.1699753718376995 
0.8348884079737326 0.08736432691992413 
0.006406344236737194 0.9208923137551143 
0.04935685389040087 0.779301596067563 
0.5429436701018102 0.26442429197081874 
0.9893057471457485 0.005940005485788281 
0.0682419024915818 0.7400520774908566 
0.6588484448398775 0.18925532989540184 
0.1367338493292335 0.6312828538062849 
0.11490850796048874 0.662451515893615 
0.7453967676575028 0.13749680469317616 
0.3554402367812966 0.4098290881717579 
0.12488442510984668 0.6477384286154297 
0.8946009335937049 0.055029961281498625 
0.135836288278105 0.6328043462931058 
0.6744707035117279 0.17960443377108373 
0.7601464994890104 0.1290319595123439 
0.9037200796209666 0.050207863445465205 
0.6357359915489633 0.2036334560137817 
0.19525178043224373 0.559550667722054 
0.40221346754138254 0.3668290811757622 
0.6965609317433871 0.16662083867494218 
0.7939994227923945 0.11035952339959888 
0.44357315309261525 0.33500034421406316 
0.014835040202208882 0.8793860600163667 
0.3412021495286794 0.4172356102295386 
0.05562239720208223 0.7675095671612023 
0.12382586917490224 0.6494135873277428 
0.06140788986848207 0.7533985521141655 
0.29317388451866294 0.45948421922470356 
0.8745463524337405 0.06742141046121818 
0.4235909619989969 0.35027404195616535 
0.2850668850635806 0.46766212268081536 
0.6773502140234329 0.1780829138373735 
0.7519316890082608 0.13380974057448075 
0.26407207975462543 0.4874147235236636 
0.9756411309371724 0.012907946823026586 
0.07301123293760978 0.735201151536101 
0.02893049116783386 0.8315899157863975 
0.2749357651627102 0.4766523086530327 
