[22, 33, 58, 45, 34, 35, 64, 51, 8, 28][39, 18, 66, 48, 29, 23, 50, 2, 14, 44][10, 16, 55, 52, 8, 56, 6, 63, 24, 30][3, 48, 29, 66, 69, 18, 32, 5, 67, 65][10, 16, 1, 9, 11, 15, 42, 30, 21, 63][61, 60, 14, 2, 0, 23, 69, 19, 38, 66][26, 62, 42, 15, 30, 21, 6, 47, 53, 46][30, 26, 8, 55, 52, 64, 35, 51, 58, 33][31, 1, 59, 68, 9, 16, 10, 20, 13, 43][47, 40, 7, 4, 12, 25, 27, 67, 5, 54][9, 68, 11, 59, 10, 8, 56, 6, 35, 64][48, 39, 32, 18, 19, 36, 54, 5, 37, 65][43, 17, 59, 1, 68, 11, 31, 9, 16, 55][21, 6, 56, 28, 8, 51, 35, 58, 57, 41][9, 59, 10, 55, 16, 26, 62, 49, 42, 15] 
[22, 33, 58, 45, 34, 35, 64, 51, 8, 28][39, 18, 66, 48, 29, 23, 50, 2, 14, 44][10, 16, 55, 52, 8, 56, 6, 63, 24, 30][3, 48, 29, 66, 69, 18, 32, 5, 67, 65][10, 16, 1, 9, 11, 15, 42, 30, 21, 63][61, 60, 14, 2, 0, 23, 69, 19, 38, 66][26, 62, 42, 15, 30, 21, 6, 47, 53, 46][30, 26, 8, 55, 52, 64, 35, 51, 58, 33][31, 1, 59, 68, 9, 16, 10, 20, 13, 43][47, 40, 7, 4, 12, 25, 27, 67, 5, 54][9, 68, 11, 59, 10, 8, 56, 6, 35, 64][48, 39, 32, 18, 19, 36, 54, 5, 37, 65][43, 17, 59, 1, 68, 11, 31, 9, 16, 55][21, 6, 56, 28, 8, 51, 35, 58, 57, 41][9, 59, 10, 55, 16, 26, 62, 49, 42, 15] 
[22, 33, 58, 45, 34, 35, 64, 51, 8, 28][39, 18, 66, 48, 29, 23, 50, 2, 14, 44][10, 16, 55, 52, 8, 56, 6, 63, 24, 30][3, 48, 29, 66, 69, 18, 32, 5, 67, 65][10, 16, 1, 9, 11, 15, 42, 30, 21, 63][61, 60, 14, 2, 0, 23, 69, 19, 38, 66][26, 62, 42, 15, 30, 21, 6, 47, 53, 46][30, 26, 8, 55, 52, 64, 35, 51, 58, 33][31, 1, 59, 68, 9, 16, 10, 20, 13, 43][47, 40, 7, 4, 12, 25, 27, 67, 5, 54][9, 68, 11, 59, 10, 8, 56, 6, 35, 64][48, 39, 32, 18, 19, 36, 54, 5, 37, 65][43, 17, 59, 1, 68, 11, 31, 9, 16, 55][21, 6, 56, 28, 8, 51, 35, 58, 57, 41][9, 59, 10, 55, 16, 26, 62, 49, 42, 15] 
[22, 33, 58, 45, 34, 35, 64, 51, 8, 28][39, 18, 66, 48, 29, 23, 50, 2, 14, 44][10, 16, 55, 52, 8, 56, 6, 63, 24, 30][3, 48, 29, 66, 69, 18, 32, 5, 67, 65][10, 16, 1, 9, 11, 15, 42, 30, 21, 63][61, 60, 14, 2, 0, 23, 69, 19, 38, 66][26, 62, 42, 15, 30, 21, 6, 47, 53, 46][30, 26, 8, 55, 52, 64, 35, 51, 58, 33][31, 1, 59, 68, 9, 16, 10, 20, 13, 43][47, 40, 7, 4, 12, 25, 27, 67, 5, 54][9, 68, 11, 59, 10, 8, 56, 6, 35, 64][48, 39, 32, 18, 19, 36, 54, 5, 37, 65][43, 17, 59, 1, 68, 11, 31, 9, 16, 55][21, 6, 56, 28, 8, 51, 35, 58, 57, 41][9, 59, 10, 55, 16, 26, 62, 49, 42, 15] 
[22, 33, 58, 45, 34, 35, 64, 51, 8, 28][39, 18, 66, 48, 29, 23, 50, 2, 14, 44][10, 16, 55, 52, 8, 56, 6, 63, 24, 30][3, 48, 29, 66, 69, 18, 32, 5, 67, 65][10, 16, 1, 9, 11, 15, 42, 30, 21, 63][61, 60, 14, 2, 0, 23, 69, 19, 38, 66][26, 62, 42, 15, 30, 21, 6, 47, 53, 46][30, 26, 8, 55, 52, 64, 35, 51, 58, 33][31, 1, 59, 68, 9, 16, 10, 20, 13, 43][47, 40, 7, 4, 12, 25, 27, 67, 5, 54][9, 68, 11, 59, 10, 8, 56, 6, 35, 64][48, 39, 32, 18, 19, 36, 54, 5, 37, 65][43, 17, 59, 1, 68, 11, 31, 9, 16, 55][21, 6, 56, 28, 8, 51, 35, 58, 57, 41][9, 59, 10, 55, 16, 26, 62, 49, 42, 15] 
[22, 33, 58, 45, 34, 35, 64, 51, 8, 28][39, 18, 66, 48, 29, 23, 50, 2, 14, 44][10, 16, 55, 52, 8, 56, 6, 63, 24, 30][3, 48, 29, 66, 69, 18, 32, 5, 67, 65][10, 16, 1, 9, 11, 15, 42, 30, 21, 63][61, 60, 14, 2, 0, 23, 69, 19, 38, 66][26, 62, 42, 15, 30, 21, 6, 47, 53, 46][30, 26, 8, 55, 52, 64, 35, 51, 58, 33][31, 1, 59, 68, 9, 16, 10, 20, 13, 43][47, 40, 7, 4, 12, 25, 27, 67, 5, 54][9, 68, 11, 59, 10, 8, 56, 6, 35, 64][48, 39, 32, 18, 19, 36, 54, 5, 37, 65][43, 17, 59, 1, 68, 11, 31, 9, 16, 55][21, 6, 56, 28, 8, 51, 35, 58, 57, 41][9, 59, 10, 55, 16, 26, 62, 49, 42, 15] 
[22, 33, 58, 45, 34, 35, 64, 51, 8, 28][39, 18, 66, 48, 29, 23, 50, 2, 14, 44][10, 16, 55, 52, 8, 56, 6, 63, 24, 30][3, 48, 29, 66, 69, 18, 32, 5, 67, 65][10, 16, 1, 9, 11, 15, 42, 30, 21, 63][61, 60, 14, 2, 0, 23, 69, 19, 38, 66][26, 62, 42, 15, 30, 21, 6, 47, 53, 46][30, 26, 8, 55, 52, 64, 35, 51, 58, 33][31, 1, 59, 68, 9, 16, 10, 20, 13, 43][47, 40, 7, 4, 12, 25, 27, 67, 5, 54][9, 68, 11, 59, 10, 8, 56, 6, 35, 64][48, 39, 32, 18, 19, 36, 54, 5, 37, 65][43, 17, 59, 1, 68, 11, 31, 9, 16, 55][21, 6, 56, 28, 8, 51, 35, 58, 57, 41][9, 59, 10, 55, 16, 26, 62, 49, 42, 15] 
[22, 33, 58, 45, 34, 35, 64, 51, 8, 28][39, 18, 66, 48, 29, 23, 50, 2, 14, 44][10, 16, 55, 52, 8, 56, 6, 63, 24, 30][3, 48, 29, 66, 69, 18, 32, 5, 67, 65][10, 16, 1, 9, 11, 15, 42, 30, 21, 63][61, 60, 14, 2, 0, 23, 69, 19, 38, 66][26, 62, 42, 15, 30, 21, 6, 47, 53, 46][30, 26, 8, 55, 52, 64, 35, 51, 58, 33][31, 1, 59, 68, 9, 16, 10, 20, 13, 43][47, 40, 7, 4, 12, 25, 27, 67, 5, 54][9, 68, 11, 59, 10, 8, 56, 6, 35, 64][39, 32, 18, 66, 19, 36, 54, 5, 37, 65][43, 17, 59, 1, 68, 11, 31, 9, 16, 55][21, 6, 56, 28, 8, 51, 35, 58, 57, 41][9, 59, 10, 55, 16, 26, 62, 49, 42, 15] 
[22, 33, 58, 45, 34, 35, 64, 51, 8, 28][39, 18, 66, 48, 29, 23, 50, 2, 14, 44][10, 16, 55, 52, 8, 56, 6, 63, 24, 30][3, 48, 29, 66, 69, 18, 32, 5, 67, 65][10, 16, 1, 9, 11, 15, 42, 30, 21, 63][61, 60, 14, 2, 0, 23, 69, 19, 38, 66][26, 62, 42, 15, 30, 21, 6, 47, 53, 46][30, 26, 8, 55, 52, 64, 35, 51, 58, 33][31, 1, 59, 68, 9, 16, 10, 20, 13, 43][47, 40, 7, 4, 12, 25, 27, 67, 5, 54][9, 68, 11, 59, 10, 8, 56, 6, 35, 64][39, 32, 18, 66, 19, 36, 54, 5, 37, 65][43, 17, 59, 1, 68, 11, 31, 9, 16, 55][21, 6, 56, 28, 8, 51, 35, 58, 57, 41][9, 59, 10, 55, 16, 26, 62, 49, 42, 15] 
[22, 33, 58, 45, 34, 35, 64, 51, 8, 28][39, 18, 66, 48, 29, 23, 50, 2, 14, 44][10, 16, 55, 52, 8, 56, 6, 63, 24, 30][3, 48, 29, 66, 69, 18, 32, 5, 67, 65][10, 16, 1, 9, 11, 15, 42, 30, 21, 63][61, 60, 14, 2, 0, 23, 69, 19, 38, 66][26, 62, 42, 15, 30, 21, 6, 47, 53, 46][30, 26, 8, 55, 52, 64, 35, 51, 58, 33][31, 1, 59, 68, 9, 16, 10, 20, 13, 43][47, 40, 7, 4, 12, 25, 27, 67, 5, 54][9, 68, 11, 59, 10, 8, 56, 6, 35, 64][39, 32, 18, 66, 19, 36, 54, 5, 37, 65][43, 17, 59, 1, 68, 11, 31, 9, 16, 55][21, 6, 56, 28, 8, 51, 35, 58, 57, 41][9, 59, 10, 55, 16, 26, 62, 49, 42, 15] 
[22, 33, 58, 45, 34, 35, 64, 51, 8, 28][39, 18, 66, 48, 29, 23, 50, 2, 14, 44][10, 16, 55, 52, 8, 56, 6, 63, 24, 30][3, 48, 29, 66, 69, 18, 32, 5, 67, 65][10, 16, 1, 9, 11, 15, 42, 30, 21, 63][61, 60, 14, 2, 0, 23, 69, 19, 38, 66][26, 62, 42, 15, 30, 21, 6, 47, 53, 46][30, 26, 8, 55, 52, 64, 35, 51, 58, 33][31, 1, 59, 68, 9, 16, 10, 20, 13, 43][47, 40, 7, 4, 12, 25, 27, 67, 5, 54][9, 68, 11, 59, 10, 8, 56, 6, 35, 64][48, 39, 32, 18, 19, 36, 54, 5, 37, 65][43, 17, 59, 1, 68, 11, 31, 9, 16, 55][21, 6, 56, 28, 8, 51, 35, 58, 57, 41][9, 59, 10, 55, 16, 26, 62, 49, 42, 15] 
[22, 33, 58, 45, 34, 35, 64, 51, 8, 28][39, 18, 66, 48, 29, 23, 50, 2, 14, 44][10, 16, 55, 52, 8, 56, 6, 63, 24, 30][3, 48, 29, 66, 69, 18, 32, 5, 67, 65][10, 16, 1, 9, 11, 15, 42, 30, 21, 63][61, 60, 14, 2, 0, 23, 69, 19, 38, 66][26, 62, 42, 15, 30, 21, 6, 47, 53, 46][30, 26, 8, 55, 52, 64, 35, 51, 58, 33][31, 1, 59, 68, 9, 16, 10, 20, 13, 43][47, 40, 7, 4, 12, 25, 27, 67, 5, 54][9, 68, 11, 59, 10, 8, 56, 6, 35, 64][48, 39, 32, 18, 19, 36, 54, 5, 37, 65][43, 17, 59, 1, 68, 11, 31, 9, 16, 55][21, 6, 56, 28, 8, 51, 35, 58, 57, 41][9, 59, 10, 55, 16, 26, 62, 49, 42, 15] 
[22, 33, 58, 45, 34, 35, 64, 51, 8, 28][39, 18, 66, 48, 29, 23, 50, 2, 14, 44][10, 16, 55, 52, 8, 56, 6, 63, 24, 30][3, 48, 29, 66, 69, 18, 32, 5, 67, 65][10, 16, 1, 9, 11, 15, 42, 30, 21, 63][61, 60, 14, 2, 0, 23, 69, 19, 38, 66][26, 62, 42, 15, 30, 21, 6, 47, 53, 46][30, 26, 8, 55, 52, 64, 35, 51, 58, 33][31, 1, 59, 68, 9, 16, 10, 20, 13, 43][47, 40, 7, 4, 12, 25, 27, 67, 5, 54][9, 68, 11, 59, 10, 8, 56, 6, 35, 64][48, 39, 32, 18, 19, 36, 54, 5, 37, 65][43, 17, 59, 1, 68, 11, 31, 9, 16, 55][21, 6, 56, 28, 8, 51, 35, 58, 57, 41][9, 59, 10, 55, 16, 26, 62, 49, 42, 15] 
[22, 33, 58, 45, 34, 35, 64, 51, 8, 28][39, 18, 66, 48, 29, 23, 50, 2, 14, 44][10, 16, 55, 52, 8, 56, 6, 63, 24, 30][3, 48, 29, 66, 69, 18, 32, 5, 67, 65][10, 16, 1, 9, 11, 15, 42, 30, 21, 63][61, 60, 14, 2, 0, 23, 69, 19, 38, 66][26, 62, 42, 15, 30, 21, 6, 47, 53, 46][30, 26, 8, 55, 52, 64, 35, 51, 58, 33][31, 1, 59, 68, 9, 16, 10, 20, 13, 43][47, 40, 7, 4, 12, 25, 27, 67, 5, 54][9, 68, 11, 59, 10, 8, 56, 6, 35, 64][48, 39, 32, 18, 19, 36, 54, 5, 37, 65][43, 17, 59, 1, 68, 11, 31, 9, 16, 55][21, 6, 56, 28, 8, 51, 35, 58, 57, 41][9, 59, 10, 55, 16, 26, 62, 49, 42, 15] 
[22, 33, 58, 45, 34, 35, 64, 51, 8, 28][39, 18, 66, 48, 29, 23, 50, 2, 14, 44][10, 16, 55, 52, 8, 56, 6, 63, 24, 30][3, 48, 29, 66, 69, 18, 32, 5, 67, 65][10, 16, 1, 9, 11, 15, 42, 30, 21, 63][61, 60, 14, 2, 0, 23, 69, 19, 38, 66][26, 62, 42, 15, 30, 21, 6, 47, 53, 46][30, 26, 8, 55, 52, 64, 35, 51, 58, 33][31, 1, 59, 68, 9, 16, 10, 20, 13, 43][47, 40, 7, 4, 12, 25, 27, 67, 5, 54][9, 68, 11, 59, 10, 8, 56, 6, 35, 64][48, 39, 32, 18, 19, 36, 54, 5, 37, 65][43, 17, 59, 1, 68, 11, 31, 9, 16, 55][21, 6, 56, 28, 8, 51, 35, 58, 57, 41][9, 59, 10, 55, 16, 26, 62, 49, 42, 15] 
[22, 33, 58, 45, 34, 35, 64, 51, 8, 28][39, 18, 66, 48, 29, 23, 50, 2, 14, 44][10, 16, 55, 52, 8, 56, 6, 63, 24, 30][3, 48, 29, 66, 69, 18, 32, 5, 67, 65][10, 16, 1, 9, 11, 15, 42, 30, 21, 63][61, 60, 14, 2, 0, 23, 69, 19, 38, 66][26, 62, 42, 15, 30, 21, 6, 47, 53, 46][30, 26, 8, 55, 52, 64, 35, 51, 58, 33][31, 1, 59, 68, 9, 16, 10, 20, 13, 43][47, 40, 7, 4, 12, 25, 27, 67, 5, 54][9, 68, 11, 59, 10, 8, 56, 6, 35, 64][39, 32, 18, 66, 19, 36, 54, 5, 37, 65][43, 17, 59, 1, 68, 11, 31, 9, 16, 55][21, 6, 56, 28, 8, 51, 35, 58, 57, 41][9, 59, 10, 55, 16, 26, 62, 49, 42, 15] 
[22, 33, 58, 45, 34, 35, 64, 51, 8, 28][39, 18, 66, 48, 29, 23, 50, 2, 14, 44][10, 16, 55, 52, 8, 56, 6, 63, 24, 30][3, 48, 29, 66, 69, 18, 32, 5, 67, 65][10, 16, 1, 9, 11, 15, 42, 30, 21, 63][61, 60, 14, 2, 0, 23, 69, 19, 38, 66][26, 62, 42, 15, 30, 21, 6, 47, 53, 46][30, 26, 8, 55, 52, 64, 35, 51, 58, 33][31, 1, 59, 68, 9, 16, 10, 20, 13, 43][47, 40, 7, 4, 12, 25, 27, 67, 5, 54][9, 68, 11, 59, 10, 8, 56, 6, 35, 64][48, 39, 32, 18, 19, 36, 54, 5, 37, 65][43, 17, 59, 1, 68, 11, 31, 9, 16, 55][21, 6, 56, 28, 8, 51, 35, 58, 57, 41][9, 59, 10, 55, 16, 26, 62, 49, 42, 15] 
[22, 33, 58, 45, 34, 35, 64, 51, 8, 28][39, 18, 66, 48, 29, 23, 50, 2, 14, 44][10, 16, 55, 52, 8, 56, 6, 63, 24, 30][3, 48, 29, 66, 69, 18, 32, 5, 67, 65][10, 16, 1, 9, 11, 15, 42, 30, 21, 63][61, 60, 14, 2, 0, 23, 69, 19, 38, 66][26, 62, 42, 15, 30, 21, 6, 47, 53, 46][30, 26, 8, 55, 52, 64, 35, 51, 58, 33][31, 1, 59, 68, 9, 16, 10, 20, 13, 43][47, 40, 7, 4, 12, 25, 27, 67, 5, 54][9, 68, 11, 59, 10, 8, 56, 6, 35, 64][48, 39, 32, 18, 19, 36, 54, 5, 37, 65][43, 17, 59, 1, 68, 11, 31, 9, 16, 55][21, 6, 56, 28, 8, 51, 35, 58, 57, 41][9, 59, 10, 55, 16, 26, 62, 49, 42, 15] 
[22, 33, 58, 45, 34, 35, 64, 51, 8, 28][39, 18, 66, 48, 29, 23, 50, 2, 14, 44][10, 16, 55, 52, 8, 56, 6, 63, 24, 30][3, 48, 29, 66, 69, 18, 32, 5, 67, 65][10, 16, 1, 9, 11, 15, 42, 30, 21, 63][61, 60, 14, 2, 0, 23, 69, 19, 38, 66][26, 62, 42, 15, 30, 21, 6, 47, 53, 46][30, 26, 8, 55, 52, 64, 35, 51, 58, 33][31, 1, 59, 68, 9, 16, 10, 20, 13, 43][47, 40, 7, 4, 12, 25, 27, 67, 5, 54][9, 68, 11, 59, 10, 8, 56, 6, 35, 64][48, 39, 32, 18, 19, 36, 54, 5, 37, 65][43, 17, 59, 1, 68, 11, 31, 9, 16, 55][21, 6, 56, 28, 8, 51, 35, 58, 57, 41][9, 59, 10, 55, 16, 26, 62, 49, 42, 15] 
[22, 33, 58, 45, 34, 35, 64, 51, 8, 28][39, 18, 66, 48, 29, 23, 50, 2, 14, 44][10, 16, 55, 52, 8, 56, 6, 63, 24, 30][3, 48, 29, 66, 69, 18, 32, 5, 67, 65][10, 16, 1, 9, 11, 15, 42, 30, 21, 63][61, 60, 14, 2, 0, 23, 69, 19, 38, 66][26, 62, 42, 15, 30, 21, 6, 47, 53, 46][30, 26, 8, 55, 52, 64, 35, 51, 58, 33][31, 1, 59, 68, 9, 16, 10, 20, 13, 43][47, 40, 7, 4, 12, 25, 27, 67, 5, 54][9, 68, 11, 59, 10, 8, 56, 6, 35, 64][48, 39, 32, 18, 19, 36, 54, 5, 37, 65][43, 17, 59, 1, 68, 11, 31, 9, 16, 55][21, 6, 56, 28, 8, 51, 35, 58, 57, 41][9, 59, 10, 55, 16, 26, 62, 49, 42, 15] 
[22, 33, 58, 45, 34, 35, 64, 51, 8, 28][39, 18, 66, 48, 29, 23, 50, 2, 14, 44][10, 16, 55, 52, 8, 56, 6, 63, 24, 30][3, 48, 29, 66, 69, 18, 32, 5, 67, 65][10, 16, 1, 9, 11, 15, 42, 30, 21, 63][61, 60, 14, 2, 0, 23, 69, 19, 38, 66][26, 62, 42, 15, 30, 21, 6, 47, 53, 46][30, 26, 8, 55, 52, 64, 35, 51, 58, 33][31, 1, 59, 68, 9, 16, 10, 20, 13, 43][47, 40, 7, 4, 12, 25, 27, 67, 5, 54][9, 68, 11, 59, 10, 8, 56, 6, 35, 64][48, 39, 32, 18, 19, 36, 54, 5, 37, 65][43, 17, 59, 1, 68, 11, 31, 9, 16, 55][21, 6, 56, 28, 8, 51, 35, 58, 57, 41][9, 59, 10, 55, 16, 26, 62, 49, 42, 15] 
[22, 33, 58, 45, 34, 35, 64, 51, 8, 28][39, 18, 66, 48, 29, 23, 50, 2, 14, 44][10, 16, 55, 52, 8, 56, 6, 63, 24, 30][3, 48, 29, 66, 69, 18, 32, 5, 67, 65][10, 16, 1, 9, 11, 15, 42, 30, 21, 63][61, 60, 14, 2, 0, 23, 69, 19, 38, 66][26, 62, 42, 15, 30, 21, 6, 47, 53, 46][30, 26, 8, 55, 52, 64, 35, 51, 58, 33][31, 1, 59, 68, 9, 16, 10, 20, 13, 43][47, 40, 7, 4, 12, 25, 27, 67, 5, 54][9, 68, 11, 59, 10, 8, 56, 6, 35, 64][48, 39, 32, 18, 19, 36, 54, 5, 37, 65][43, 17, 59, 1, 68, 11, 31, 9, 16, 55][21, 6, 56, 28, 8, 51, 35, 58, 57, 41][9, 59, 10, 55, 16, 26, 62, 49, 42, 15] 
[22, 33, 58, 45, 34, 35, 64, 51, 8, 28][39, 18, 66, 48, 29, 23, 50, 2, 14, 44][10, 16, 55, 52, 8, 56, 6, 63, 24, 30][3, 48, 29, 66, 69, 18, 32, 5, 67, 65][10, 16, 1, 9, 11, 15, 42, 30, 21, 63][61, 60, 14, 2, 0, 23, 69, 19, 38, 66][26, 62, 42, 15, 30, 21, 6, 47, 53, 46][30, 26, 8, 55, 52, 64, 35, 51, 58, 33][31, 1, 59, 68, 9, 16, 10, 20, 13, 43][47, 40, 7, 4, 12, 25, 27, 67, 5, 54][9, 68, 11, 59, 10, 8, 56, 6, 35, 64][48, 39, 32, 18, 19, 36, 54, 5, 37, 65][43, 17, 59, 1, 68, 11, 31, 9, 16, 55][21, 6, 56, 28, 8, 51, 35, 58, 57, 41][9, 59, 10, 55, 16, 26, 62, 49, 42, 15] 
[22, 33, 58, 45, 34, 35, 64, 51, 8, 28][39, 18, 66, 48, 29, 23, 50, 2, 14, 44][10, 16, 55, 52, 8, 56, 6, 63, 24, 30][3, 48, 29, 66, 69, 18, 32, 5, 67, 65][10, 16, 1, 9, 11, 15, 42, 30, 21, 63][61, 60, 14, 2, 0, 23, 69, 19, 38, 66][26, 62, 42, 15, 30, 21, 6, 47, 53, 46][30, 26, 8, 55, 52, 64, 35, 51, 58, 33][31, 1, 59, 68, 9, 16, 10, 20, 13, 43][47, 40, 7, 4, 12, 25, 27, 67, 5, 54][9, 68, 11, 59, 10, 8, 56, 6, 35, 64][48, 39, 32, 18, 19, 36, 54, 5, 37, 65][43, 17, 59, 1, 68, 11, 31, 9, 16, 55][21, 6, 56, 28, 8, 51, 35, 58, 57, 41][9, 59, 10, 55, 16, 26, 62, 49, 42, 15] 
[22, 33, 58, 45, 34, 35, 64, 51, 8, 28][39, 18, 66, 48, 29, 23, 50, 2, 14, 44][10, 16, 55, 52, 8, 56, 6, 63, 24, 30][3, 48, 29, 66, 69, 18, 32, 5, 67, 65][10, 16, 1, 9, 11, 15, 42, 30, 21, 63][61, 60, 14, 2, 0, 23, 69, 19, 38, 66][26, 62, 42, 15, 30, 21, 6, 47, 53, 46][30, 26, 8, 55, 52, 64, 35, 51, 58, 33][31, 1, 59, 68, 9, 16, 10, 20, 13, 43][47, 40, 7, 4, 12, 25, 27, 67, 5, 54][9, 68, 11, 59, 10, 8, 56, 6, 35, 64][48, 39, 32, 18, 19, 36, 54, 5, 37, 65][43, 17, 59, 1, 68, 11, 31, 9, 16, 55][21, 6, 56, 28, 8, 51, 35, 58, 57, 41][9, 59, 10, 55, 16, 26, 62, 49, 42, 15] 
[22, 33, 58, 45, 34, 35, 64, 51, 8, 28][39, 18, 66, 48, 29, 23, 50, 2, 14, 44][10, 16, 55, 52, 8, 56, 6, 63, 24, 30][3, 48, 29, 66, 69, 18, 32, 5, 67, 65][10, 16, 1, 9, 11, 15, 42, 30, 21, 63][61, 60, 14, 2, 0, 23, 69, 19, 38, 66][26, 62, 42, 15, 30, 21, 6, 47, 53, 46][30, 26, 8, 55, 52, 64, 35, 51, 58, 33][31, 1, 59, 68, 9, 16, 10, 20, 13, 43][47, 40, 7, 4, 12, 25, 27, 67, 5, 54][9, 68, 11, 59, 10, 8, 56, 6, 35, 64][39, 32, 18, 66, 19, 36, 54, 5, 37, 65][43, 17, 59, 1, 68, 11, 31, 9, 16, 55][21, 6, 56, 28, 8, 51, 35, 58, 57, 41][9, 59, 10, 55, 16, 26, 62, 49, 42, 15] 
[22, 33, 58, 45, 34, 35, 64, 51, 8, 28][39, 18, 66, 48, 29, 23, 50, 2, 14, 44][10, 16, 55, 52, 8, 56, 6, 63, 24, 30][3, 48, 29, 66, 69, 18, 32, 5, 67, 65][10, 16, 1, 9, 11, 15, 42, 30, 21, 63][61, 60, 14, 2, 0, 23, 69, 19, 38, 66][26, 62, 42, 15, 30, 21, 6, 47, 53, 46][30, 26, 8, 55, 52, 64, 35, 51, 58, 33][31, 1, 59, 68, 9, 16, 10, 20, 13, 43][47, 40, 7, 4, 12, 25, 27, 67, 5, 54][9, 68, 11, 59, 10, 8, 56, 6, 35, 64][48, 39, 32, 18, 19, 36, 54, 5, 37, 65][43, 17, 59, 1, 68, 11, 31, 9, 16, 55][21, 6, 56, 28, 8, 51, 35, 58, 57, 41][9, 59, 10, 55, 16, 26, 62, 49, 42, 15] 
[22, 33, 58, 45, 34, 35, 64, 51, 8, 28][39, 18, 66, 48, 29, 23, 50, 2, 14, 44][10, 16, 55, 52, 8, 56, 6, 63, 24, 30][3, 48, 29, 66, 69, 18, 32, 5, 67, 65][10, 16, 1, 9, 11, 15, 42, 30, 21, 63][61, 60, 14, 2, 0, 23, 69, 19, 38, 66][26, 62, 42, 15, 30, 21, 6, 47, 53, 46][30, 26, 8, 55, 52, 64, 35, 51, 58, 33][31, 1, 59, 68, 9, 16, 10, 20, 13, 43][47, 40, 7, 4, 12, 25, 27, 67, 5, 54][9, 68, 11, 59, 10, 8, 56, 6, 35, 64][48, 39, 32, 18, 19, 36, 54, 5, 37, 65][43, 17, 59, 1, 68, 11, 31, 9, 16, 55][21, 6, 56, 28, 8, 51, 35, 58, 57, 41][9, 59, 10, 55, 16, 26, 62, 49, 42, 15] 
[22, 33, 58, 45, 34, 35, 64, 51, 8, 28][39, 18, 66, 48, 29, 23, 50, 2, 14, 44][10, 16, 55, 52, 8, 56, 6, 63, 24, 30][3, 48, 29, 66, 69, 18, 32, 5, 67, 65][10, 16, 1, 9, 11, 15, 42, 30, 21, 63][61, 60, 14, 2, 0, 23, 69, 19, 38, 66][26, 62, 42, 15, 30, 21, 6, 47, 53, 46][30, 26, 8, 55, 52, 64, 35, 51, 58, 33][31, 1, 59, 68, 9, 16, 10, 20, 13, 43][47, 40, 7, 4, 12, 25, 27, 67, 5, 54][9, 68, 11, 59, 10, 8, 56, 6, 35, 64][48, 39, 32, 18, 19, 36, 54, 5, 37, 65][43, 17, 59, 1, 68, 11, 31, 9, 16, 55][21, 6, 56, 28, 8, 51, 35, 58, 57, 41][9, 59, 10, 55, 16, 26, 62, 49, 42, 15] 
[22, 33, 58, 45, 34, 35, 64, 51, 8, 28][39, 18, 66, 48, 29, 23, 50, 2, 14, 44][10, 16, 55, 52, 8, 56, 6, 63, 24, 30][3, 48, 29, 66, 69, 18, 32, 5, 67, 65][10, 16, 1, 9, 11, 15, 42, 30, 21, 63][61, 60, 14, 2, 0, 23, 69, 19, 38, 66][26, 62, 42, 15, 30, 21, 6, 47, 53, 46][30, 26, 8, 55, 52, 64, 35, 51, 58, 33][31, 1, 59, 68, 9, 16, 10, 20, 13, 43][47, 40, 7, 4, 12, 25, 27, 67, 5, 54][9, 68, 11, 59, 10, 8, 56, 6, 35, 64][48, 39, 32, 18, 19, 36, 54, 5, 37, 65][43, 17, 59, 1, 68, 11, 31, 9, 16, 55][21, 6, 56, 28, 8, 51, 35, 58, 57, 41][9, 59, 10, 55, 16, 26, 62, 49, 42, 15] 
[22, 33, 58, 45, 34, 35, 64, 51, 8, 28][39, 18, 66, 48, 29, 23, 50, 2, 14, 44][10, 16, 55, 52, 8, 56, 6, 63, 24, 30][3, 48, 29, 66, 69, 18, 32, 5, 67, 65][10, 16, 1, 9, 11, 15, 42, 30, 21, 63][61, 60, 14, 2, 0, 23, 69, 19, 38, 66][26, 62, 42, 15, 30, 21, 6, 47, 53, 46][30, 26, 8, 55, 52, 64, 35, 51, 58, 33][31, 1, 59, 68, 9, 16, 10, 20, 13, 43][47, 40, 7, 4, 12, 25, 27, 67, 5, 54][9, 68, 11, 59, 10, 8, 56, 6, 35, 64][48, 39, 32, 18, 19, 36, 54, 5, 37, 65][43, 17, 59, 1, 68, 11, 31, 9, 16, 55][21, 6, 56, 28, 8, 51, 35, 58, 57, 41][9, 59, 10, 55, 16, 26, 62, 49, 42, 15] 
[22, 33, 58, 45, 34, 35, 64, 51, 8, 28][39, 18, 66, 48, 29, 23, 50, 2, 14, 44][10, 16, 55, 52, 8, 56, 6, 63, 24, 30][3, 48, 29, 66, 69, 18, 32, 5, 67, 65][10, 16, 1, 9, 11, 15, 42, 30, 21, 63][61, 60, 14, 2, 0, 23, 69, 19, 38, 66][26, 62, 42, 15, 30, 21, 6, 47, 53, 46][30, 26, 8, 55, 52, 64, 35, 51, 58, 33][31, 1, 59, 68, 9, 16, 10, 20, 13, 43][47, 40, 7, 4, 12, 25, 27, 67, 5, 54][9, 68, 11, 59, 10, 8, 56, 6, 35, 64][48, 39, 32, 18, 19, 36, 54, 5, 37, 65][43, 17, 59, 1, 68, 11, 31, 9, 16, 55][21, 6, 56, 28, 8, 51, 35, 58, 57, 41][9, 59, 10, 55, 16, 26, 62, 49, 42, 15] 
[22, 33, 58, 45, 34, 35, 64, 51, 8, 28][39, 18, 66, 48, 29, 23, 50, 2, 14, 44][10, 16, 55, 52, 8, 56, 6, 63, 24, 30][3, 48, 29, 66, 69, 18, 32, 5, 67, 65][10, 16, 1, 9, 11, 15, 42, 30, 21, 63][61, 60, 14, 2, 0, 23, 69, 19, 38, 66][26, 62, 42, 15, 30, 21, 6, 47, 53, 46][30, 26, 8, 55, 52, 64, 35, 51, 58, 33][31, 1, 59, 68, 9, 16, 10, 20, 13, 43][47, 40, 7, 4, 12, 25, 27, 67, 5, 54][9, 68, 11, 59, 10, 8, 56, 6, 35, 64][48, 39, 32, 18, 19, 36, 54, 5, 37, 65][43, 17, 59, 1, 68, 11, 31, 9, 16, 55][21, 6, 56, 28, 8, 51, 35, 58, 57, 41][9, 59, 10, 55, 16, 26, 62, 49, 42, 15] 
[22, 33, 58, 45, 34, 35, 64, 51, 8, 28][39, 18, 66, 48, 29, 23, 50, 2, 14, 44][10, 16, 55, 52, 8, 56, 6, 63, 24, 30][3, 48, 29, 66, 69, 18, 32, 5, 67, 65][10, 16, 1, 9, 11, 15, 42, 30, 21, 63][61, 60, 14, 2, 0, 23, 69, 19, 38, 66][26, 62, 42, 15, 30, 21, 6, 47, 53, 46][30, 26, 8, 55, 52, 64, 35, 51, 58, 33][31, 1, 59, 68, 9, 16, 10, 20, 13, 43][47, 40, 7, 4, 12, 25, 27, 67, 5, 54][9, 68, 11, 59, 10, 8, 56, 6, 35, 64][48, 39, 32, 18, 19, 36, 54, 5, 37, 65][43, 17, 59, 1, 68, 11, 31, 9, 16, 55][21, 6, 56, 28, 8, 51, 35, 58, 57, 41][9, 59, 10, 55, 16, 26, 62, 49, 42, 15] 
[22, 33, 58, 45, 34, 35, 64, 51, 8, 28][39, 18, 66, 48, 29, 23, 50, 2, 14, 44][10, 16, 55, 52, 8, 56, 6, 63, 24, 30][3, 48, 29, 66, 69, 18, 32, 5, 67, 65][10, 16, 1, 9, 11, 15, 42, 30, 21, 63][61, 60, 14, 2, 0, 23, 69, 19, 38, 66][26, 62, 42, 15, 30, 21, 6, 47, 53, 46][30, 26, 8, 55, 52, 64, 35, 51, 58, 33][31, 1, 59, 68, 9, 16, 10, 20, 13, 43][47, 40, 7, 4, 12, 25, 27, 67, 5, 54][9, 68, 11, 59, 10, 8, 56, 6, 35, 64][48, 39, 32, 18, 19, 36, 54, 5, 37, 65][43, 17, 59, 1, 68, 11, 31, 9, 16, 55][21, 6, 56, 28, 8, 51, 35, 58, 57, 41][9, 59, 10, 55, 16, 26, 62, 49, 42, 15] 
[29, 3, 19, 18, 37, 65, 39, 32, 54, 5, 67, 27, 25, 12, 4, 7, 40, 47][22, 33, 58, 45, 34, 35, 64, 51, 8, 28][39, 18, 66, 48, 29, 23, 50, 2, 14, 44][10, 16, 55, 52, 8, 56, 6, 63, 24, 30][3, 48, 29, 66, 69, 18, 32, 5, 67, 65][10, 16, 1, 9, 11, 15, 42, 30, 21, 63][61, 60, 14, 2, 0, 23, 69, 19, 38, 66][26, 62, 42, 15, 30, 21, 6, 47, 53, 46][30, 26, 8, 55, 52, 64, 35, 51, 58, 33][31, 1, 59, 68, 9, 16, 10, 20, 13, 43][9, 68, 11, 59, 10, 8, 56, 6, 35, 64][48, 39, 32, 18, 19, 36, 54, 5, 37, 65][43, 17, 59, 1, 68, 11, 31, 9, 16, 55][21, 6, 56, 28, 8, 51, 35, 58, 57, 41][9, 59, 10, 55, 16, 26, 62, 49, 42, 15] 
[29, 3, 19, 18, 37, 65, 39, 32, 54, 5, 67, 27, 25, 12, 4, 7, 40, 47][22, 33, 58, 45, 34, 35, 64, 51, 8, 28][39, 18, 66, 48, 29, 23, 50, 2, 14, 44][10, 16, 55, 52, 8, 56, 6, 63, 24, 30][3, 48, 29, 66, 69, 18, 32, 5, 67, 65][10, 16, 1, 9, 11, 15, 42, 30, 21, 63][61, 60, 14, 2, 0, 23, 69, 19, 38, 66][26, 62, 42, 15, 30, 21, 6, 47, 53, 46][30, 26, 8, 55, 52, 64, 35, 51, 58, 33][31, 1, 59, 68, 9, 16, 10, 20, 13, 43][9, 68, 11, 59, 10, 8, 56, 6, 35, 64][48, 39, 32, 18, 19, 36, 54, 5, 37, 65][43, 17, 59, 1, 68, 11, 31, 9, 16, 55][21, 6, 56, 28, 8, 51, 35, 58, 57, 41][9, 59, 10, 55, 16, 26, 62, 49, 42, 15] 
[29, 48, 3, 19, 18, 37, 65, 39, 32, 54, 5, 67, 27, 25, 12, 4, 7, 40, 47][1, 26, 30, 24, 63, 6, 56, 8, 52, 55, 16, 10][22, 33, 58, 45, 34, 35, 64, 51, 8, 28][39, 18, 66, 48, 29, 23, 50, 2, 14, 44][3, 48, 29, 66, 69, 18, 32, 5, 67, 65][10, 16, 1, 9, 11, 15, 42, 30, 21, 63][61, 60, 14, 2, 0, 23, 69, 19, 38, 66][26, 62, 42, 15, 30, 21, 6, 47, 53, 46][30, 26, 8, 55, 52, 64, 35, 51, 58, 33][31, 1, 59, 68, 9, 16, 10, 20, 13, 43][9, 68, 11, 59, 10, 8, 56, 6, 35, 64][48, 39, 32, 18, 19, 36, 54, 5, 37, 65][43, 17, 59, 1, 68, 11, 31, 9, 16, 55][21, 6, 56, 28, 8, 51, 35, 58, 57, 41][9, 59, 10, 55, 16, 26, 62, 49, 42, 15] 
[44, 14, 2, 50, 23, 29, 48, 66, 18, 39, 65][65, 37, 5, 54, 36, 19, 18, 32, 39, 48, 69][22, 33, 58, 45, 34, 35, 64, 51, 8, 28][10, 16, 55, 52, 8, 56, 6, 63, 24, 30][3, 48, 29, 66, 69, 18, 32, 5, 67, 65][10, 16, 1, 9, 11, 15, 42, 30, 21, 63][61, 60, 14, 2, 0, 23, 69, 19, 38, 66][26, 62, 42, 15, 30, 21, 6, 47, 53, 46][30, 26, 8, 55, 52, 64, 35, 51, 58, 33][31, 1, 59, 68, 9, 16, 10, 20, 13, 43][47, 40, 7, 4, 12, 25, 27, 67, 5, 54][9, 68, 11, 59, 10, 8, 56, 6, 35, 64][43, 17, 59, 1, 68, 11, 31, 9, 16, 55][21, 6, 56, 28, 8, 51, 35, 58, 57, 41][9, 59, 10, 55, 16, 26, 62, 49, 42, 15] 
[23, 69, 48, 39, 32, 18, 66, 19, 36, 54, 5, 37, 67, 65][44, 14, 2, 50, 23, 29, 48, 66, 18, 39, 65][22, 33, 58, 45, 34, 35, 64, 51, 8, 28][10, 16, 55, 52, 8, 56, 6, 63, 24, 30][3, 48, 29, 66, 69, 18, 32, 5, 67, 65][10, 16, 1, 9, 11, 15, 42, 30, 21, 63][61, 60, 14, 2, 0, 23, 69, 19, 38, 66][26, 62, 42, 15, 30, 21, 6, 47, 53, 46][30, 26, 8, 55, 52, 64, 35, 51, 58, 33][31, 1, 59, 68, 9, 16, 10, 20, 13, 43][47, 40, 7, 4, 12, 25, 27, 67, 5, 54][9, 68, 11, 59, 10, 8, 56, 6, 35, 64][43, 17, 59, 1, 68, 11, 31, 9, 16, 55][21, 6, 56, 28, 8, 51, 35, 58, 57, 41][9, 59, 10, 55, 16, 26, 62, 49, 42, 15] 
[44, 14, 2, 50, 23, 29, 48, 66, 18, 39, 65][65, 37, 5, 54, 36, 19, 18, 32, 39, 48, 69][22, 33, 58, 45, 34, 35, 64, 51, 8, 28][10, 16, 55, 52, 8, 56, 6, 63, 24, 30][3, 48, 29, 66, 69, 18, 32, 5, 67, 65][10, 16, 1, 9, 11, 15, 42, 30, 21, 63][61, 60, 14, 2, 0, 23, 69, 19, 38, 66][26, 62, 42, 15, 30, 21, 6, 47, 53, 46][30, 26, 8, 55, 52, 64, 35, 51, 58, 33][31, 1, 59, 68, 9, 16, 10, 20, 13, 43][47, 40, 7, 4, 12, 25, 27, 67, 5, 54][9, 68, 11, 59, 10, 8, 56, 6, 35, 64][43, 17, 59, 1, 68, 11, 31, 9, 16, 55][21, 6, 56, 28, 8, 51, 35, 58, 57, 41][9, 59, 10, 55, 16, 26, 62, 49, 42, 15] 
[29, 3, 19, 18, 37, 65, 39, 32, 54, 5, 67, 27, 25, 12, 4, 7, 40, 47][22, 33, 58, 45, 34, 35, 64, 51, 8, 28][39, 18, 66, 48, 29, 23, 50, 2, 14, 44][10, 16, 55, 52, 8, 56, 6, 63, 24, 30][3, 48, 29, 66, 69, 18, 32, 5, 67, 65][10, 16, 1, 9, 11, 15, 42, 30, 21, 63][61, 60, 14, 2, 0, 23, 69, 19, 38, 66][26, 62, 42, 15, 30, 21, 6, 47, 53, 46][30, 26, 8, 55, 52, 64, 35, 51, 58, 33][31, 1, 59, 68, 9, 16, 10, 20, 13, 43][9, 68, 11, 59, 10, 8, 56, 6, 35, 64][48, 39, 32, 18, 19, 36, 54, 5, 37, 65][43, 17, 59, 1, 68, 11, 31, 9, 16, 55][21, 6, 56, 28, 8, 51, 35, 58, 57, 41][9, 59, 10, 55, 16, 26, 62, 49, 42, 15] 
[29, 3, 19, 18, 37, 65, 39, 32, 54, 5, 67, 27, 25, 12, 4, 7, 40, 47][22, 33, 58, 45, 34, 35, 64, 51, 8, 28][39, 18, 66, 48, 29, 23, 50, 2, 14, 44][10, 16, 55, 52, 8, 56, 6, 63, 24, 30][3, 48, 29, 66, 69, 18, 32, 5, 67, 65][10, 16, 1, 9, 11, 15, 42, 30, 21, 63][61, 60, 14, 2, 0, 23, 69, 19, 38, 66][26, 62, 42, 15, 30, 21, 6, 47, 53, 46][30, 26, 8, 55, 52, 64, 35, 51, 58, 33][31, 1, 59, 68, 9, 16, 10, 20, 13, 43][9, 68, 11, 59, 10, 8, 56, 6, 35, 64][48, 39, 32, 18, 19, 36, 54, 5, 37, 65][43, 17, 59, 1, 68, 11, 31, 9, 16, 55][21, 6, 56, 28, 8, 51, 35, 58, 57, 41][9, 59, 10, 55, 16, 26, 62, 49, 42, 15] 
[23, 69, 48, 39, 32, 18, 66, 19, 36, 54, 5, 37, 67, 65][44, 14, 2, 50, 23, 29, 48, 66, 18, 39, 65][22, 33, 58, 45, 34, 35, 64, 51, 8, 28][10, 16, 55, 52, 8, 56, 6, 63, 24, 30][3, 48, 29, 66, 69, 18, 32, 5, 67, 65][10, 16, 1, 9, 11, 15, 42, 30, 21, 63][61, 60, 14, 2, 0, 23, 69, 19, 38, 66][26, 62, 42, 15, 30, 21, 6, 47, 53, 46][30, 26, 8, 55, 52, 64, 35, 51, 58, 33][31, 1, 59, 68, 9, 16, 10, 20, 13, 43][47, 40, 7, 4, 12, 25, 27, 67, 5, 54][9, 68, 11, 59, 10, 8, 56, 6, 35, 64][43, 17, 59, 1, 68, 11, 31, 9, 16, 55][21, 6, 56, 28, 8, 51, 35, 58, 57, 41][9, 59, 10, 55, 16, 26, 62, 49, 42, 15] 
[29, 48, 3, 19, 18, 37, 65, 39, 32, 54, 5, 67, 27, 25, 12, 4, 7, 40, 47][22, 33, 58, 45, 34, 35, 64, 51, 8, 28][39, 18, 66, 48, 29, 23, 50, 2, 14, 44][10, 16, 55, 52, 8, 56, 6, 63, 24, 30][3, 48, 29, 66, 69, 18, 32, 5, 67, 65][10, 16, 1, 9, 11, 15, 42, 30, 21, 63][61, 60, 14, 2, 0, 23, 69, 19, 38, 66][26, 62, 42, 15, 30, 21, 6, 47, 53, 46][30, 26, 8, 55, 52, 64, 35, 51, 58, 33][31, 1, 59, 68, 9, 16, 10, 20, 13, 43][9, 68, 11, 59, 10, 8, 56, 6, 35, 64][48, 39, 32, 18, 19, 36, 54, 5, 37, 65][43, 17, 59, 1, 68, 11, 31, 9, 16, 55][21, 6, 56, 28, 8, 51, 35, 58, 57, 41][9, 59, 10, 55, 16, 26, 62, 49, 42, 15] 
[29, 48, 3, 19, 18, 37, 65, 39, 32, 54, 5, 67, 27, 25, 12, 4, 7, 40, 47][1, 26, 30, 24, 63, 6, 56, 8, 52, 55, 16, 10][22, 33, 58, 45, 34, 35, 64, 51, 8, 28][39, 18, 66, 48, 29, 23, 50, 2, 14, 44][3, 48, 29, 66, 69, 18, 32, 5, 67, 65][10, 16, 1, 9, 11, 15, 42, 30, 21, 63][61, 60, 14, 2, 0, 23, 69, 19, 38, 66][26, 62, 42, 15, 30, 21, 6, 47, 53, 46][30, 26, 8, 55, 52, 64, 35, 51, 58, 33][31, 1, 59, 68, 9, 16, 10, 20, 13, 43][9, 68, 11, 59, 10, 8, 56, 6, 35, 64][48, 39, 32, 18, 19, 36, 54, 5, 37, 65][43, 17, 59, 1, 68, 11, 31, 9, 16, 55][21, 6, 56, 28, 8, 51, 35, 58, 57, 41][9, 59, 10, 55, 16, 26, 62, 49, 42, 15] 
[29, 48, 3, 19, 18, 37, 65, 39, 32, 54, 5, 67, 27, 25, 12, 4, 7, 40, 47][3, 38, 66, 69, 48, 39, 32, 18, 19, 36, 54, 5, 37, 65][1, 26, 30, 24, 63, 6, 56, 8, 52, 55, 16, 10][22, 33, 58, 45, 34, 35, 64, 51, 8, 28][39, 18, 66, 48, 29, 23, 50, 2, 14, 44][3, 48, 29, 66, 69, 18, 32, 5, 67, 65][10, 16, 1, 9, 11, 15, 42, 30, 21, 63][61, 60, 14, 2, 0, 23, 69, 19, 38, 66][26, 62, 42, 15, 30, 21, 6, 47, 53, 46][30, 26, 8, 55, 52, 64, 35, 51, 58, 33][31, 1, 59, 68, 9, 16, 10, 20, 13, 43][9, 68, 11, 59, 10, 8, 56, 6, 35, 64][43, 17, 59, 1, 68, 11, 31, 9, 16, 55][21, 6, 56, 28, 8, 51, 35, 58, 57, 41][9, 59, 10, 55, 16, 26, 62, 49, 42, 15] 
[48, 39, 32, 18, 66, 19, 36, 54, 5, 37, 67, 65][44, 14, 2, 50, 23, 29, 48, 66, 18, 39, 65][22, 33, 58, 45, 34, 35, 64, 51, 8, 28][10, 16, 55, 52, 8, 56, 6, 63, 24, 30][3, 48, 29, 66, 69, 18, 32, 5, 67, 65][10, 16, 1, 9, 11, 15, 42, 30, 21, 63][61, 60, 14, 2, 0, 23, 69, 19, 38, 66][26, 62, 42, 15, 30, 21, 6, 47, 53, 46][30, 26, 8, 55, 52, 64, 35, 51, 58, 33][31, 1, 59, 68, 9, 16, 10, 20, 13, 43][47, 40, 7, 4, 12, 25, 27, 67, 5, 54][9, 68, 11, 59, 10, 8, 56, 6, 35, 64][43, 17, 59, 1, 68, 11, 31, 9, 16, 55][21, 6, 56, 28, 8, 51, 35, 58, 57, 41][9, 59, 10, 55, 16, 26, 62, 49, 42, 15] 
[29, 48, 3, 19, 18, 37, 65, 39, 32, 54, 5, 67, 27, 25, 12, 4, 7, 40, 47][22, 33, 58, 45, 34, 35, 64, 51, 8, 28][39, 18, 66, 48, 29, 23, 50, 2, 14, 44][10, 16, 55, 52, 8, 56, 6, 63, 24, 30][3, 48, 29, 66, 69, 18, 32, 5, 67, 65][10, 16, 1, 9, 11, 15, 42, 30, 21, 63][61, 60, 14, 2, 0, 23, 69, 19, 38, 66][26, 62, 42, 15, 30, 21, 6, 47, 53, 46][30, 26, 8, 55, 52, 64, 35, 51, 58, 33][31, 1, 59, 68, 9, 16, 10, 20, 13, 43][9, 68, 11, 59, 10, 8, 56, 6, 35, 64][48, 39, 32, 18, 19, 36, 54, 5, 37, 65][43, 17, 59, 1, 68, 11, 31, 9, 16, 55][21, 6, 56, 28, 8, 51, 35, 58, 57, 41][9, 59, 10, 55, 16, 26, 62, 49, 42, 15] 
[29, 3, 19, 18, 37, 65, 39, 32, 54, 5, 67, 27, 25, 12, 4, 7, 40, 47][22, 33, 58, 45, 34, 35, 64, 51, 8, 28][39, 18, 66, 48, 29, 23, 50, 2, 14, 44][10, 16, 55, 52, 8, 56, 6, 63, 24, 30][3, 48, 29, 66, 69, 18, 32, 5, 67, 65][10, 16, 1, 9, 11, 15, 42, 30, 21, 63][61, 60, 14, 2, 0, 23, 69, 19, 38, 66][26, 62, 42, 15, 30, 21, 6, 47, 53, 46][30, 26, 8, 55, 52, 64, 35, 51, 58, 33][31, 1, 59, 68, 9, 16, 10, 20, 13, 43][9, 68, 11, 59, 10, 8, 56, 6, 35, 64][48, 39, 32, 18, 19, 36, 54, 5, 37, 65][43, 17, 59, 1, 68, 11, 31, 9, 16, 55][21, 6, 56, 28, 8, 51, 35, 58, 57, 41][9, 59, 10, 55, 16, 26, 62, 49, 42, 15] 
[21, 6, 56, 28, 8, 51, 35, 58, 57, 41, 36, 38, 69, 3, 66, 48][0, 2, 14, 60, 44, 61, 17, 9, 59, 10, 55, 16][22, 33, 58, 45, 34, 35, 64, 51, 8, 28][30, 26, 16, 1, 59, 17, 44, 14, 2, 50][8, 56, 6, 63, 24, 30, 15, 62, 42, 49][3, 48, 29, 66, 69, 18, 32, 5, 67, 65][10, 16, 1, 9, 11, 15, 42, 30, 21, 63][61, 60, 14, 2, 0, 23, 69, 19, 38, 66][26, 62, 42, 15, 30, 21, 6, 47, 53, 46][30, 26, 8, 55, 52, 64, 35, 51, 58, 33][31, 1, 59, 68, 9, 16, 10, 20, 13, 43][47, 40, 7, 4, 12, 25, 27, 67, 5, 54][9, 68, 11, 59, 10, 8, 56, 6, 35, 64][39, 32, 18, 66, 19, 36, 54, 5, 37, 67][43, 17, 59, 1, 68, 11, 31, 9, 16, 55] 
[21, 6, 56, 28, 8, 51, 35, 58, 57, 41, 36, 38, 69, 3, 66, 48][0, 2, 14, 60, 44, 61, 17, 9, 59, 10, 55, 16][22, 33, 58, 45, 34, 35, 64, 51, 8, 28][30, 26, 16, 1, 59, 17, 44, 14, 2, 50][8, 56, 6, 63, 24, 30, 15, 62, 42, 49][3, 48, 29, 66, 69, 18, 32, 5, 67, 65][10, 16, 1, 9, 11, 15, 42, 30, 21, 63][61, 60, 14, 2, 0, 23, 69, 19, 38, 66][26, 62, 42, 15, 30, 21, 6, 47, 53, 46][30, 26, 8, 55, 52, 64, 35, 51, 58, 33][31, 1, 59, 68, 9, 16, 10, 20, 13, 43][47, 40, 7, 4, 12, 25, 27, 67, 5, 54][9, 68, 11, 59, 10, 8, 56, 6, 35, 64][39, 32, 18, 66, 19, 36, 54, 5, 37, 67][43, 17, 59, 1, 68, 11, 31, 9, 16, 55] 
[29, 3, 19, 18, 37, 65, 39, 32, 54, 5, 67, 27, 25, 12, 4, 7, 40, 47][22, 33, 58, 45, 34, 35, 64, 51, 8, 28][39, 18, 66, 48, 29, 23, 50, 2, 14, 44][10, 16, 55, 52, 8, 56, 6, 63, 24, 30][3, 48, 29, 66, 69, 18, 32, 5, 67, 65][10, 16, 1, 9, 11, 15, 42, 30, 21, 63][61, 60, 14, 2, 0, 23, 69, 19, 38, 66][26, 62, 42, 15, 30, 21, 6, 47, 53, 46][30, 26, 8, 55, 52, 64, 35, 51, 58, 33][31, 1, 59, 68, 9, 16, 10, 20, 13, 43][9, 68, 11, 59, 10, 8, 56, 6, 35, 64][48, 39, 32, 18, 19, 36, 54, 5, 37, 65][43, 17, 59, 1, 68, 11, 31, 9, 16, 55][21, 6, 56, 28, 8, 51, 35, 58, 57, 41][9, 59, 10, 55, 16, 26, 62, 49, 42, 15] 
[21, 6, 56, 28, 8, 51, 35, 58, 57, 41, 36, 38, 69, 3, 66, 48][0, 2, 14, 60, 44, 61, 17, 9, 59, 10, 55, 16][22, 33, 58, 45, 34, 35, 64, 51, 8, 28][30, 26, 16, 1, 59, 17, 44, 14, 2, 50][8, 56, 6, 63, 24, 30, 15, 62, 42, 49][3, 48, 29, 66, 69, 18, 32, 5, 67, 65][10, 16, 1, 9, 11, 15, 42, 30, 21, 63][61, 60, 14, 2, 0, 23, 69, 19, 38, 66][26, 62, 42, 15, 30, 21, 6, 47, 53, 46][30, 26, 8, 55, 52, 64, 35, 51, 58, 33][31, 1, 59, 68, 9, 16, 10, 20, 13, 43][47, 40, 7, 4, 12, 25, 27, 67, 5, 54][9, 68, 11, 59, 10, 8, 56, 6, 35, 64][39, 32, 18, 66, 19, 36, 54, 5, 37, 67][43, 17, 59, 1, 68, 11, 31, 9, 16, 55] 
[29, 48, 3, 19, 18, 37, 65, 39, 32, 54, 5, 67, 27, 25, 12, 4, 7, 40, 47][3, 38, 66, 69, 48, 39, 32, 18, 19, 36, 54, 5, 37, 65][1, 26, 30, 24, 63, 6, 56, 8, 52, 55, 16, 10][22, 33, 58, 45, 34, 35, 64, 51, 8, 28][39, 18, 66, 48, 29, 23, 50, 2, 14, 44][3, 48, 29, 66, 69, 18, 32, 5, 67, 65][10, 16, 1, 9, 11, 15, 42, 30, 21, 63][61, 60, 14, 2, 0, 23, 69, 19, 38, 66][26, 62, 42, 15, 30, 21, 6, 47, 53, 46][30, 26, 8, 55, 52, 64, 35, 51, 58, 33][31, 1, 59, 68, 9, 16, 10, 20, 13, 43][9, 68, 11, 59, 10, 8, 56, 6, 35, 64][43, 17, 59, 1, 68, 11, 31, 9, 16, 55][21, 6, 56, 28, 8, 51, 35, 58, 57, 41][9, 59, 10, 55, 16, 26, 62, 49, 42, 15] 
[21, 6, 56, 28, 8, 51, 35, 58, 57, 41, 36, 38, 69, 23, 3, 29, 66, 48][0, 2, 14, 60, 44, 61, 17, 9, 59, 10, 55, 16][22, 33, 58, 45, 34, 35, 64, 51, 8, 28][30, 26, 16, 1, 59, 17, 44, 14, 2, 50][8, 56, 6, 63, 24, 30, 15, 62, 42, 49][3, 48, 29, 66, 69, 18, 32, 5, 67, 65][10, 16, 1, 9, 11, 15, 42, 30, 21, 63][61, 60, 14, 2, 0, 23, 69, 19, 38, 66][26, 62, 42, 15, 30, 21, 6, 47, 53, 46][30, 26, 8, 55, 52, 64, 35, 51, 58, 33][31, 1, 59, 68, 9, 16, 10, 20, 13, 43][47, 40, 7, 4, 12, 25, 27, 67, 5, 54][9, 68, 11, 59, 10, 8, 56, 6, 35, 64][39, 32, 18, 66, 19, 36, 54, 5, 37, 67][43, 17, 59, 1, 68, 11, 31, 9, 16, 55] 
[22, 33, 58, 45, 34, 35, 64, 51, 8, 28][39, 18, 66, 48, 29, 23, 50, 2, 14, 44][10, 16, 55, 52, 8, 56, 6, 63, 24, 30][3, 48, 29, 66, 69, 18, 32, 5, 67, 65][10, 16, 1, 9, 11, 15, 42, 30, 21, 63][61, 60, 14, 2, 0, 23, 69, 19, 38, 66][26, 62, 42, 15, 30, 21, 6, 47, 53, 46][30, 26, 8, 55, 52, 64, 35, 51, 58, 33][31, 1, 59, 68, 9, 16, 10, 20, 13, 43][47, 40, 7, 4, 12, 25, 27, 67, 5, 54][9, 68, 11, 59, 10, 8, 56, 6, 35, 64][48, 39, 32, 18, 19, 36, 54, 5, 37, 65][43, 17, 59, 1, 68, 11, 31, 9, 16, 55][21, 6, 56, 28, 8, 51, 35, 58, 57, 41][9, 59, 10, 55, 16, 26, 62, 49, 42, 15] 
[22, 33, 58, 45, 34, 35, 64, 51, 8, 28][39, 18, 66, 48, 29, 23, 50, 2, 14, 44][10, 16, 55, 52, 8, 56, 6, 63, 24, 30][3, 48, 29, 66, 69, 18, 32, 5, 67, 65][10, 16, 1, 9, 11, 15, 42, 30, 21, 63][61, 60, 14, 2, 0, 23, 69, 19, 38, 66][26, 62, 42, 15, 30, 21, 6, 47, 53, 46][30, 26, 8, 55, 52, 64, 35, 51, 58, 33][31, 1, 59, 68, 9, 16, 10, 20, 13, 43][47, 40, 7, 4, 12, 25, 27, 67, 5, 54][9, 68, 11, 59, 10, 8, 56, 6, 35, 64][48, 39, 32, 18, 19, 36, 54, 5, 37, 65][43, 17, 59, 1, 68, 11, 31, 9, 16, 55][21, 6, 56, 28, 8, 51, 35, 58, 57, 41][9, 59, 10, 55, 16, 26, 62, 49, 42, 15] 
[22, 33, 58, 45, 34, 35, 64, 51, 8, 28][39, 18, 66, 48, 29, 23, 50, 2, 14, 44][10, 16, 55, 52, 8, 56, 6, 63, 24, 30][3, 48, 29, 66, 69, 18, 32, 5, 67, 65][10, 16, 1, 9, 11, 15, 42, 30, 21, 63][61, 60, 14, 2, 0, 23, 69, 19, 38, 66][26, 62, 42, 15, 30, 21, 6, 47, 53, 46][30, 26, 8, 55, 52, 64, 35, 51, 58, 33][31, 1, 59, 68, 9, 16, 10, 20, 13, 43][47, 40, 7, 4, 12, 25, 27, 67, 5, 54][9, 68, 11, 59, 10, 8, 56, 6, 35, 64][48, 39, 32, 18, 19, 36, 54, 5, 37, 65][43, 17, 59, 1, 68, 11, 31, 9, 16, 55][21, 6, 56, 28, 8, 51, 35, 58, 57, 41][9, 59, 10, 55, 16, 26, 62, 49, 42, 15] 
[22, 33, 58, 45, 34, 35, 64, 51, 8, 28][39, 18, 66, 48, 29, 23, 50, 2, 14, 44][10, 16, 55, 52, 8, 56, 6, 63, 24, 30][3, 48, 29, 66, 69, 18, 32, 5, 67, 65][10, 16, 1, 9, 11, 15, 42, 30, 21, 63][61, 60, 14, 2, 0, 23, 69, 19, 38, 66][26, 62, 42, 15, 30, 21, 6, 47, 53, 46][30, 26, 8, 55, 52, 64, 35, 51, 58, 33][31, 1, 59, 68, 9, 16, 10, 20, 13, 43][47, 40, 7, 4, 12, 25, 27, 67, 5, 54][9, 68, 11, 59, 10, 8, 56, 6, 35, 64][48, 39, 32, 18, 19, 36, 54, 5, 37, 65][43, 17, 59, 1, 68, 11, 31, 9, 16, 55][21, 6, 56, 28, 8, 51, 35, 58, 57, 41][9, 59, 10, 55, 16, 26, 62, 49, 42, 15] 
[22, 33, 58, 45, 34, 35, 64, 51, 8, 28][39, 18, 66, 48, 29, 23, 50, 2, 14, 44][10, 16, 55, 52, 8, 56, 6, 63, 24, 30][3, 48, 29, 66, 69, 18, 32, 5, 67, 65][10, 16, 1, 9, 11, 15, 42, 30, 21, 63][61, 60, 14, 2, 0, 23, 69, 19, 38, 66][26, 62, 42, 15, 30, 21, 6, 47, 53, 46][30, 26, 8, 55, 52, 64, 35, 51, 58, 33][31, 1, 59, 68, 9, 16, 10, 20, 13, 43][47, 40, 7, 4, 12, 25, 27, 67, 5, 54][9, 68, 11, 59, 10, 8, 56, 6, 35, 64][48, 39, 32, 18, 19, 36, 54, 5, 37, 65][43, 17, 59, 1, 68, 11, 31, 9, 16, 55][21, 6, 56, 28, 8, 51, 35, 58, 57, 41][9, 59, 10, 55, 16, 26, 62, 49, 42, 15] 
[22, 33, 58, 45, 34, 35, 64, 51, 8, 28][39, 18, 66, 48, 29, 23, 50, 2, 14, 44][10, 16, 55, 52, 8, 56, 6, 63, 24, 30][3, 48, 29, 66, 69, 18, 32, 5, 67, 65][10, 16, 1, 9, 11, 15, 42, 30, 21, 63][61, 60, 14, 2, 0, 23, 69, 19, 38, 66][26, 62, 42, 15, 30, 21, 6, 47, 53, 46][30, 26, 8, 55, 52, 64, 35, 51, 58, 33][31, 1, 59, 68, 9, 16, 10, 20, 13, 43][47, 40, 7, 4, 12, 25, 27, 67, 5, 54][9, 68, 11, 59, 10, 8, 56, 6, 35, 64][48, 39, 32, 18, 19, 36, 54, 5, 37, 65][43, 17, 59, 1, 68, 11, 31, 9, 16, 55][21, 6, 56, 28, 8, 51, 35, 58, 57, 41][9, 59, 10, 55, 16, 26, 62, 49, 42, 15] 
[22, 33, 58, 45, 34, 35, 64, 51, 8, 28][39, 18, 66, 48, 29, 23, 50, 2, 14, 44][10, 16, 55, 52, 8, 56, 6, 63, 24, 30][3, 48, 29, 66, 69, 18, 32, 5, 67, 65][10, 16, 1, 9, 11, 15, 42, 30, 21, 63][61, 60, 14, 2, 0, 23, 69, 19, 38, 66][26, 62, 42, 15, 30, 21, 6, 47, 53, 46][30, 26, 8, 55, 52, 64, 35, 51, 58, 33][31, 1, 59, 68, 9, 16, 10, 20, 13, 43][47, 40, 7, 4, 12, 25, 27, 67, 5, 54][9, 68, 11, 59, 10, 8, 56, 6, 35, 64][48, 39, 32, 18, 19, 36, 54, 5, 37, 65][43, 17, 59, 1, 68, 11, 31, 9, 16, 55][21, 6, 56, 28, 8, 51, 35, 58, 57, 41][9, 59, 10, 55, 16, 26, 62, 49, 42, 15] 
[22, 33, 58, 45, 34, 35, 64, 51, 8, 28][39, 18, 66, 48, 29, 23, 50, 2, 14, 44][10, 16, 55, 52, 8, 56, 6, 63, 24, 30][3, 48, 29, 66, 69, 18, 32, 5, 67, 65][10, 16, 1, 9, 11, 15, 42, 30, 21, 63][61, 60, 14, 2, 0, 23, 69, 19, 38, 66][26, 62, 42, 15, 30, 21, 6, 47, 53, 46][30, 26, 8, 55, 52, 64, 35, 51, 58, 33][31, 1, 59, 68, 9, 16, 10, 20, 13, 43][47, 40, 7, 4, 12, 25, 27, 67, 5, 54][9, 68, 11, 59, 10, 8, 56, 6, 35, 64][48, 39, 32, 18, 19, 36, 54, 5, 37, 65][43, 17, 59, 1, 68, 11, 31, 9, 16, 55][21, 6, 56, 28, 8, 51, 35, 58, 57, 41][9, 59, 10, 55, 16, 26, 62, 49, 42, 15] 
[22, 33, 58, 45, 34, 35, 64, 51, 8, 28][39, 18, 66, 48, 29, 23, 50, 2, 14, 44][10, 16, 55, 52, 8, 56, 6, 63, 24, 30][3, 48, 29, 66, 69, 18, 32, 5, 67, 65][10, 16, 1, 9, 11, 15, 42, 30, 21, 63][61, 60, 14, 2, 0, 23, 69, 19, 38, 66][26, 62, 42, 15, 30, 21, 6, 47, 53, 46][30, 26, 8, 55, 52, 64, 35, 51, 58, 33][31, 1, 59, 68, 9, 16, 10, 20, 13, 43][47, 40, 7, 4, 12, 25, 27, 67, 5, 54][9, 68, 11, 59, 10, 8, 56, 6, 35, 64][48, 39, 32, 18, 19, 36, 54, 5, 37, 65][43, 17, 59, 1, 68, 11, 31, 9, 16, 55][21, 6, 56, 28, 8, 51, 35, 58, 57, 41][9, 59, 10, 55, 16, 26, 62, 49, 42, 15] 
[22, 33, 58, 45, 34, 35, 64, 51, 8, 28][39, 18, 66, 48, 29, 23, 50, 2, 14, 44][10, 16, 55, 52, 8, 56, 6, 63, 24, 30][3, 48, 29, 66, 69, 18, 32, 5, 67, 65][10, 16, 1, 9, 11, 15, 42, 30, 21, 63][61, 60, 14, 2, 0, 23, 69, 19, 38, 66][26, 62, 42, 15, 30, 21, 6, 47, 53, 46][30, 26, 8, 55, 52, 64, 35, 51, 58, 33][31, 1, 59, 68, 9, 16, 10, 20, 13, 43][47, 40, 7, 4, 12, 25, 27, 67, 5, 54][9, 68, 11, 59, 10, 8, 56, 6, 35, 64][48, 39, 32, 18, 19, 36, 54, 5, 37, 65][43, 17, 59, 1, 68, 11, 31, 9, 16, 55][21, 6, 56, 28, 8, 51, 35, 58, 57, 41][9, 59, 10, 55, 16, 26, 62, 49, 42, 15] 
[22, 33, 58, 45, 34, 35, 64, 51, 8, 28][39, 18, 66, 48, 29, 23, 50, 2, 14, 44][10, 16, 55, 52, 8, 56, 6, 63, 24, 30][3, 48, 29, 66, 69, 18, 32, 5, 67, 65][10, 16, 1, 9, 11, 15, 42, 30, 21, 63][61, 60, 14, 2, 0, 23, 69, 19, 38, 66][26, 62, 42, 15, 30, 21, 6, 47, 53, 46][30, 26, 8, 55, 52, 64, 35, 51, 58, 33][31, 1, 59, 68, 9, 16, 10, 20, 13, 43][47, 40, 7, 4, 12, 25, 27, 67, 5, 54][9, 68, 11, 59, 10, 8, 56, 6, 35, 64][48, 39, 32, 18, 19, 36, 54, 5, 37, 65][43, 17, 59, 1, 68, 11, 31, 9, 16, 55][21, 6, 56, 28, 8, 51, 35, 58, 57, 41][9, 59, 10, 55, 16, 26, 62, 49, 42, 15] 
[22, 33, 58, 45, 34, 35, 64, 51, 8, 28][39, 18, 66, 48, 29, 23, 50, 2, 14, 44][10, 16, 55, 52, 8, 56, 6, 63, 24, 30][3, 48, 29, 66, 69, 18, 32, 5, 67, 65][10, 16, 1, 9, 11, 15, 42, 30, 21, 63][61, 60, 14, 2, 0, 23, 69, 19, 38, 66][26, 62, 42, 15, 30, 21, 6, 47, 53, 46][30, 26, 8, 55, 52, 64, 35, 51, 58, 33][31, 1, 59, 68, 9, 16, 10, 20, 13, 43][47, 40, 7, 4, 12, 25, 27, 67, 5, 54][9, 68, 11, 59, 10, 8, 56, 6, 35, 64][48, 39, 32, 18, 19, 36, 54, 5, 37, 65][43, 17, 59, 1, 68, 11, 31, 9, 16, 55][21, 6, 56, 28, 8, 51, 35, 58, 57, 41][9, 59, 10, 55, 16, 26, 62, 49, 42, 15] 
[22, 33, 58, 45, 34, 35, 64, 51, 8, 28][39, 18, 66, 48, 29, 23, 50, 2, 14, 44][10, 16, 55, 52, 8, 56, 6, 63, 24, 30][3, 48, 29, 66, 69, 18, 32, 5, 67, 65][10, 16, 1, 9, 11, 15, 42, 30, 21, 63][61, 60, 14, 2, 0, 23, 69, 19, 38, 66][26, 62, 42, 15, 30, 21, 6, 47, 53, 46][30, 26, 8, 55, 52, 64, 35, 51, 58, 33][31, 1, 59, 68, 9, 16, 10, 20, 13, 43][47, 40, 7, 4, 12, 25, 27, 67, 5, 54][9, 68, 11, 59, 10, 8, 56, 6, 35, 64][48, 39, 32, 18, 19, 36, 54, 5, 37, 65][43, 17, 59, 1, 68, 11, 31, 9, 16, 55][21, 6, 56, 28, 8, 51, 35, 58, 57, 41][9, 59, 10, 55, 16, 26, 62, 49, 42, 15] 
[22, 33, 58, 45, 34, 35, 64, 51, 8, 28][39, 18, 66, 48, 29, 23, 50, 2, 14, 44][10, 16, 55, 52, 8, 56, 6, 63, 24, 30][3, 48, 29, 66, 69, 18, 32, 5, 67, 65][10, 16, 1, 9, 11, 15, 42, 30, 21, 63][61, 60, 14, 2, 0, 23, 69, 19, 38, 66][26, 62, 42, 15, 30, 21, 6, 47, 53, 46][30, 26, 8, 55, 52, 64, 35, 51, 58, 33][31, 1, 59, 68, 9, 16, 10, 20, 13, 43][47, 40, 7, 4, 12, 25, 27, 67, 5, 54][9, 68, 11, 59, 10, 8, 56, 6, 35, 64][48, 39, 32, 18, 19, 36, 54, 5, 37, 65][43, 17, 59, 1, 68, 11, 31, 9, 16, 55][21, 6, 56, 28, 8, 51, 35, 58, 57, 41][9, 59, 10, 55, 16, 26, 62, 49, 42, 15] 
[22, 33, 58, 45, 34, 35, 64, 51, 8, 28][39, 18, 66, 48, 29, 23, 50, 2, 14, 44][10, 16, 55, 52, 8, 56, 6, 63, 24, 30][3, 48, 29, 66, 69, 18, 32, 5, 67, 65][10, 16, 1, 9, 11, 15, 42, 30, 21, 63][61, 60, 14, 2, 0, 23, 69, 19, 38, 66][26, 62, 42, 15, 30, 21, 6, 47, 53, 46][30, 26, 8, 55, 52, 64, 35, 51, 58, 33][31, 1, 59, 68, 9, 16, 10, 20, 13, 43][47, 40, 7, 4, 12, 25, 27, 67, 5, 54][9, 68, 11, 59, 10, 8, 56, 6, 35, 64][48, 39, 32, 18, 19, 36, 54, 5, 37, 65][43, 17, 59, 1, 68, 11, 31, 9, 16, 55][21, 6, 56, 28, 8, 51, 35, 58, 57, 41][9, 59, 10, 55, 16, 26, 62, 49, 42, 15] 
[22, 33, 58, 45, 34, 35, 64, 51, 8, 28][39, 18, 66, 48, 29, 23, 50, 2, 14, 44][10, 16, 55, 52, 8, 56, 6, 63, 24, 30][3, 48, 29, 66, 69, 18, 32, 5, 67, 65][10, 16, 1, 9, 11, 15, 42, 30, 21, 63][61, 60, 14, 2, 0, 23, 69, 19, 38, 66][26, 62, 42, 15, 30, 21, 6, 47, 53, 46][30, 26, 8, 55, 52, 64, 35, 51, 58, 33][31, 1, 59, 68, 9, 16, 10, 20, 13, 43][47, 40, 7, 4, 12, 25, 27, 67, 5, 54][9, 68, 11, 59, 10, 8, 56, 6, 35, 64][48, 39, 32, 18, 19, 36, 54, 5, 37, 65][43, 17, 59, 1, 68, 11, 31, 9, 16, 55][21, 6, 56, 28, 8, 51, 35, 58, 57, 41][9, 59, 10, 55, 16, 26, 62, 49, 42, 15] 
[22, 33, 58, 45, 34, 35, 64, 51, 8, 28][39, 18, 66, 48, 29, 23, 50, 2, 14, 44][10, 16, 55, 52, 8, 56, 6, 63, 24, 30][3, 48, 29, 66, 69, 18, 32, 5, 67, 65][10, 16, 1, 9, 11, 15, 42, 30, 21, 63][61, 60, 14, 2, 0, 23, 69, 19, 38, 66][26, 62, 42, 15, 30, 21, 6, 47, 53, 46][30, 26, 8, 55, 52, 64, 35, 51, 58, 33][31, 1, 59, 68, 9, 16, 10, 20, 13, 43][47, 40, 7, 4, 12, 25, 27, 67, 5, 54][9, 68, 11, 59, 10, 8, 56, 6, 35, 64][48, 39, 32, 18, 19, 36, 54, 5, 37, 65][43, 17, 59, 1, 68, 11, 31, 9, 16, 55][21, 6, 56, 28, 8, 51, 35, 58, 57, 41][9, 59, 10, 55, 16, 26, 62, 49, 42, 15] 
[22, 33, 58, 45, 34, 35, 64, 51, 8, 28][39, 18, 66, 48, 29, 23, 50, 2, 14, 44][10, 16, 55, 52, 8, 56, 6, 63, 24, 30][3, 48, 29, 66, 69, 18, 32, 5, 67, 65][10, 16, 1, 9, 11, 15, 42, 30, 21, 63][61, 60, 14, 2, 0, 23, 69, 19, 38, 66][26, 62, 42, 15, 30, 21, 6, 47, 53, 46][30, 26, 8, 55, 52, 64, 35, 51, 58, 33][31, 1, 59, 68, 9, 16, 10, 20, 13, 43][47, 40, 7, 4, 12, 25, 27, 67, 5, 54][9, 68, 11, 59, 10, 8, 56, 6, 35, 64][48, 39, 32, 18, 19, 36, 54, 5, 37, 65][43, 17, 59, 1, 68, 11, 31, 9, 16, 55][21, 6, 56, 28, 8, 51, 35, 58, 57, 41][9, 59, 10, 55, 16, 26, 62, 49, 42, 15] 
[22, 33, 58, 45, 34, 35, 64, 51, 8, 28][39, 18, 66, 48, 29, 23, 50, 2, 14, 44][10, 16, 55, 52, 8, 56, 6, 63, 24, 30][3, 48, 29, 66, 69, 18, 32, 5, 67, 65][10, 16, 1, 9, 11, 15, 42, 30, 21, 63][61, 60, 14, 2, 0, 23, 69, 19, 38, 66][26, 62, 42, 15, 30, 21, 6, 47, 53, 46][30, 26, 8, 55, 52, 64, 35, 51, 58, 33][31, 1, 59, 68, 9, 16, 10, 20, 13, 43][47, 40, 7, 4, 12, 25, 27, 67, 5, 54][9, 68, 11, 59, 10, 8, 56, 6, 35, 64][48, 39, 32, 18, 19, 36, 54, 5, 37, 65][43, 17, 59, 1, 68, 11, 31, 9, 16, 55][21, 6, 56, 28, 8, 51, 35, 58, 57, 41][9, 59, 10, 55, 16, 26, 62, 49, 42, 15] 
[22, 33, 58, 45, 34, 35, 64, 51, 8, 28][39, 18, 66, 48, 29, 23, 50, 2, 14, 44][10, 16, 55, 52, 8, 56, 6, 63, 24, 30][3, 48, 29, 66, 69, 18, 32, 5, 67, 65][10, 16, 1, 9, 11, 15, 42, 30, 21, 63][61, 60, 14, 2, 0, 23, 69, 19, 38, 66][26, 62, 42, 15, 30, 21, 6, 47, 53, 46][30, 26, 8, 55, 52, 64, 35, 51, 58, 33][31, 1, 59, 68, 9, 16, 10, 20, 13, 43][47, 40, 7, 4, 12, 25, 27, 67, 5, 54][9, 68, 11, 59, 10, 8, 56, 6, 35, 64][48, 39, 32, 18, 19, 36, 54, 5, 37, 65][43, 17, 59, 1, 68, 11, 31, 9, 16, 55][21, 6, 56, 28, 8, 51, 35, 58, 57, 41][9, 59, 10, 55, 16, 26, 62, 49, 42, 15] 
[22, 33, 58, 45, 34, 35, 64, 51, 8, 28][39, 18, 66, 48, 29, 23, 50, 2, 14, 44][10, 16, 55, 52, 8, 56, 6, 63, 24, 30][3, 48, 29, 66, 69, 18, 32, 5, 67, 65][10, 16, 1, 9, 11, 15, 42, 30, 21, 63][61, 60, 14, 2, 0, 23, 69, 19, 38, 66][26, 62, 42, 15, 30, 21, 6, 47, 53, 46][30, 26, 8, 55, 52, 64, 35, 51, 58, 33][31, 1, 59, 68, 9, 16, 10, 20, 13, 43][47, 40, 7, 4, 12, 25, 27, 67, 5, 54][9, 68, 11, 59, 10, 8, 56, 6, 35, 64][48, 39, 32, 18, 19, 36, 54, 5, 37, 65][43, 17, 59, 1, 68, 11, 31, 9, 16, 55][21, 6, 56, 28, 8, 51, 35, 58, 57, 41][9, 59, 10, 55, 16, 26, 62, 49, 42, 15] 
[22, 33, 58, 45, 34, 35, 64, 51, 8, 28][39, 18, 66, 48, 29, 23, 50, 2, 14, 44][10, 16, 55, 52, 8, 56, 6, 63, 24, 30][3, 48, 29, 66, 69, 18, 32, 5, 67, 65][10, 16, 1, 9, 11, 15, 42, 30, 21, 63][61, 60, 14, 2, 0, 23, 69, 19, 38, 66][26, 62, 42, 15, 30, 21, 6, 47, 53, 46][30, 26, 8, 55, 52, 64, 35, 51, 58, 33][31, 1, 59, 68, 9, 16, 10, 20, 13, 43][47, 40, 7, 4, 12, 25, 27, 67, 5, 54][9, 68, 11, 59, 10, 8, 56, 6, 35, 64][48, 39, 32, 18, 19, 36, 54, 5, 37, 65][43, 17, 59, 1, 68, 11, 31, 9, 16, 55][21, 6, 56, 28, 8, 51, 35, 58, 57, 41][9, 59, 10, 55, 16, 26, 62, 49, 42, 15] 
[22, 33, 58, 45, 34, 35, 64, 51, 8, 28][39, 18, 66, 48, 29, 23, 50, 2, 14, 44][10, 16, 55, 52, 8, 56, 6, 63, 24, 30][3, 48, 29, 66, 69, 18, 32, 5, 67, 65][10, 16, 1, 9, 11, 15, 42, 30, 21, 63][61, 60, 14, 2, 0, 23, 69, 19, 38, 66][26, 62, 42, 15, 30, 21, 6, 47, 53, 46][30, 26, 8, 55, 52, 64, 35, 51, 58, 33][31, 1, 59, 68, 9, 16, 10, 20, 13, 43][47, 40, 7, 4, 12, 25, 27, 67, 5, 54][9, 68, 11, 59, 10, 8, 56, 6, 35, 64][48, 39, 32, 18, 19, 36, 54, 5, 37, 65][43, 17, 59, 1, 68, 11, 31, 9, 16, 55][21, 6, 56, 28, 8, 51, 35, 58, 57, 41][9, 59, 10, 55, 16, 26, 62, 49, 42, 15] 
[22, 33, 58, 45, 34, 35, 64, 51, 8, 28][39, 18, 66, 48, 29, 23, 50, 2, 14, 44][10, 16, 55, 52, 8, 56, 6, 63, 24, 30][3, 48, 29, 66, 69, 18, 32, 5, 67, 65][10, 16, 1, 9, 11, 15, 42, 30, 21, 63][61, 60, 14, 2, 0, 23, 69, 19, 38, 66][26, 62, 42, 15, 30, 21, 6, 47, 53, 46][30, 26, 8, 55, 52, 64, 35, 51, 58, 33][31, 1, 59, 68, 9, 16, 10, 20, 13, 43][47, 40, 7, 4, 12, 25, 27, 67, 5, 54][9, 68, 11, 59, 10, 8, 56, 6, 35, 64][48, 39, 32, 18, 19, 36, 54, 5, 37, 65][43, 17, 59, 1, 68, 11, 31, 9, 16, 55][21, 6, 56, 28, 8, 51, 35, 58, 57, 41][9, 59, 10, 55, 16, 26, 62, 49, 42, 15] 
[22, 33, 58, 45, 34, 35, 64, 51, 8, 28][39, 18, 66, 48, 29, 23, 50, 2, 14, 44][10, 16, 55, 52, 8, 56, 6, 63, 24, 30][3, 48, 29, 66, 69, 18, 32, 5, 67, 65][10, 16, 1, 9, 11, 15, 42, 30, 21, 63][61, 60, 14, 2, 0, 23, 69, 19, 38, 66][26, 62, 42, 15, 30, 21, 6, 47, 53, 46][30, 26, 8, 55, 52, 64, 35, 51, 58, 33][31, 1, 59, 68, 9, 16, 10, 20, 13, 43][47, 40, 7, 4, 12, 25, 27, 67, 5, 54][9, 68, 11, 59, 10, 8, 56, 6, 35, 64][48, 39, 32, 18, 19, 36, 54, 5, 37, 65][43, 17, 59, 1, 68, 11, 31, 9, 16, 55][21, 6, 56, 28, 8, 51, 35, 58, 57, 41][9, 59, 10, 55, 16, 26, 62, 49, 42, 15] 
[22, 33, 58, 45, 34, 35, 64, 51, 8, 28][39, 18, 66, 48, 29, 23, 50, 2, 14, 44][10, 16, 55, 52, 8, 56, 6, 63, 24, 30][3, 48, 29, 66, 69, 18, 32, 5, 67, 65][10, 16, 1, 9, 11, 15, 42, 30, 21, 63][61, 60, 14, 2, 0, 23, 69, 19, 38, 66][26, 62, 42, 15, 30, 21, 6, 47, 53, 46][30, 26, 8, 55, 52, 64, 35, 51, 58, 33][31, 1, 59, 68, 9, 16, 10, 20, 13, 43][47, 40, 7, 4, 12, 25, 27, 67, 5, 54][9, 68, 11, 59, 10, 8, 56, 6, 35, 64][48, 39, 32, 18, 19, 36, 54, 5, 37, 65][43, 17, 59, 1, 68, 11, 31, 9, 16, 55][21, 6, 56, 28, 8, 51, 35, 58, 57, 41][9, 59, 10, 55, 16, 26, 62, 49, 42, 15] 
[22, 33, 58, 45, 34, 35, 64, 51, 8, 28][39, 18, 66, 48, 29, 23, 50, 2, 14, 44][10, 16, 55, 52, 8, 56, 6, 63, 24, 30][3, 48, 29, 66, 69, 18, 32, 5, 67, 65][10, 16, 1, 9, 11, 15, 42, 30, 21, 63][61, 60, 14, 2, 0, 23, 69, 19, 38, 66][26, 62, 42, 15, 30, 21, 6, 47, 53, 46][30, 26, 8, 55, 52, 64, 35, 51, 58, 33][31, 1, 59, 68, 9, 16, 10, 20, 13, 43][47, 40, 7, 4, 12, 25, 27, 67, 5, 54][9, 68, 11, 59, 10, 8, 56, 6, 35, 64][48, 39, 32, 18, 19, 36, 54, 5, 37, 65][43, 17, 59, 1, 68, 11, 31, 9, 16, 55][21, 6, 56, 28, 8, 51, 35, 58, 57, 41][9, 59, 10, 55, 16, 26, 62, 49, 42, 15] 
[22, 33, 58, 45, 34, 35, 64, 51, 8, 28][39, 18, 66, 48, 29, 23, 50, 2, 14, 44][10, 16, 55, 52, 8, 56, 6, 63, 24, 30][3, 48, 29, 66, 69, 18, 32, 5, 67, 65][10, 16, 1, 9, 11, 15, 42, 30, 21, 63][61, 60, 14, 2, 0, 23, 69, 19, 38, 66][26, 62, 42, 15, 30, 21, 6, 47, 53, 46][30, 26, 8, 55, 52, 64, 35, 51, 58, 33][31, 1, 59, 68, 9, 16, 10, 20, 13, 43][47, 40, 7, 4, 12, 25, 27, 67, 5, 54][9, 68, 11, 59, 10, 8, 56, 6, 35, 64][48, 39, 32, 18, 19, 36, 54, 5, 37, 65][43, 17, 59, 1, 68, 11, 31, 9, 16, 55][21, 6, 56, 28, 8, 51, 35, 58, 57, 41][9, 59, 10, 55, 16, 26, 62, 49, 42, 15] 
[22, 33, 58, 45, 34, 35, 64, 51, 8, 28][39, 18, 66, 48, 29, 23, 50, 2, 14, 44][10, 16, 55, 52, 8, 56, 6, 63, 24, 30][3, 48, 29, 66, 69, 18, 32, 5, 67, 65][10, 16, 1, 9, 11, 15, 42, 30, 21, 63][61, 60, 14, 2, 0, 23, 69, 19, 38, 66][26, 62, 42, 15, 30, 21, 6, 47, 53, 46][30, 26, 8, 55, 52, 64, 35, 51, 58, 33][31, 1, 59, 68, 9, 16, 10, 20, 13, 43][47, 40, 7, 4, 12, 25, 27, 67, 5, 54][9, 68, 11, 59, 10, 8, 56, 6, 35, 64][48, 39, 32, 18, 19, 36, 54, 5, 37, 65][43, 17, 59, 1, 68, 11, 31, 9, 16, 55][21, 6, 56, 28, 8, 51, 35, 58, 57, 41][9, 59, 10, 55, 16, 26, 62, 49, 42, 15] 
[22, 33, 58, 45, 34, 35, 64, 51, 8, 28][39, 18, 66, 48, 29, 23, 50, 2, 14, 44][10, 16, 55, 52, 8, 56, 6, 63, 24, 30][3, 48, 29, 66, 69, 18, 32, 5, 67, 65][10, 16, 1, 9, 11, 15, 42, 30, 21, 63][61, 60, 14, 2, 0, 23, 69, 19, 38, 66][26, 62, 42, 15, 30, 21, 6, 47, 53, 46][30, 26, 8, 55, 52, 64, 35, 51, 58, 33][31, 1, 59, 68, 9, 16, 10, 20, 13, 43][47, 40, 7, 4, 12, 25, 27, 67, 5, 54][9, 68, 11, 59, 10, 8, 56, 6, 35, 64][48, 39, 32, 18, 19, 36, 54, 5, 37, 65][43, 17, 59, 1, 68, 11, 31, 9, 16, 55][21, 6, 56, 28, 8, 51, 35, 58, 57, 41][9, 59, 10, 55, 16, 26, 62, 49, 42, 15] 
[22, 33, 58, 45, 34, 35, 64, 51, 8, 28][39, 18, 66, 48, 29, 23, 50, 2, 14, 44][10, 16, 55, 52, 8, 56, 6, 63, 24, 30][3, 48, 29, 66, 69, 18, 32, 5, 67, 65][10, 16, 1, 9, 11, 15, 42, 30, 21, 63][61, 60, 14, 2, 0, 23, 69, 19, 38, 66][26, 62, 42, 15, 30, 21, 6, 47, 53, 46][30, 26, 8, 55, 52, 64, 35, 51, 58, 33][31, 1, 59, 68, 9, 16, 10, 20, 13, 43][47, 40, 7, 4, 12, 25, 27, 67, 5, 54][9, 68, 11, 59, 10, 8, 56, 6, 35, 64][48, 39, 32, 18, 19, 36, 54, 5, 37, 65][43, 17, 59, 1, 68, 11, 31, 9, 16, 55][21, 6, 56, 28, 8, 51, 35, 58, 57, 41][9, 59, 10, 55, 16, 26, 62, 49, 42, 15] 
[22, 33, 58, 45, 34, 35, 64, 51, 8, 28][39, 18, 66, 48, 29, 23, 50, 2, 14, 44][10, 16, 55, 52, 8, 56, 6, 63, 24, 30][3, 48, 29, 66, 69, 18, 32, 5, 67, 65][10, 16, 1, 9, 11, 15, 42, 30, 21, 63][61, 60, 14, 2, 0, 23, 69, 19, 38, 66][26, 62, 42, 15, 30, 21, 6, 47, 53, 46][30, 26, 8, 55, 52, 64, 35, 51, 58, 33][31, 1, 59, 68, 9, 16, 10, 20, 13, 43][47, 40, 7, 4, 12, 25, 27, 67, 5, 54][9, 68, 11, 59, 10, 8, 56, 6, 35, 64][48, 39, 32, 18, 19, 36, 54, 5, 37, 65][43, 17, 59, 1, 68, 11, 31, 9, 16, 55][21, 6, 56, 28, 8, 51, 35, 58, 57, 41][9, 59, 10, 55, 16, 26, 62, 49, 42, 15] 
[22, 33, 58, 45, 34, 35, 64, 51, 8, 28][39, 18, 66, 48, 29, 23, 50, 2, 14, 44][10, 16, 55, 52, 8, 56, 6, 63, 24, 30][3, 48, 29, 66, 69, 18, 32, 5, 67, 65][10, 16, 1, 9, 11, 15, 42, 30, 21, 63][61, 60, 14, 2, 0, 23, 69, 19, 38, 66][26, 62, 42, 15, 30, 21, 6, 47, 53, 46][30, 26, 8, 55, 52, 64, 35, 51, 58, 33][31, 1, 59, 68, 9, 16, 10, 20, 13, 43][47, 40, 7, 4, 12, 25, 27, 67, 5, 54][9, 68, 11, 59, 10, 8, 56, 6, 35, 64][48, 39, 32, 18, 19, 36, 54, 5, 37, 65][43, 17, 59, 1, 68, 11, 31, 9, 16, 55][21, 6, 56, 28, 8, 51, 35, 58, 57, 41][9, 59, 10, 55, 16, 26, 62, 49, 42, 15] 
[22, 33, 58, 45, 34, 35, 64, 51, 8, 28][39, 18, 66, 48, 29, 23, 50, 2, 14, 44][10, 16, 55, 52, 8, 56, 6, 63, 24, 30][3, 48, 29, 66, 69, 18, 32, 5, 67, 65][10, 16, 1, 9, 11, 15, 42, 30, 21, 63][61, 60, 14, 2, 0, 23, 69, 19, 38, 66][26, 62, 42, 15, 30, 21, 6, 47, 53, 46][30, 26, 8, 55, 52, 64, 35, 51, 58, 33][31, 1, 59, 68, 9, 16, 10, 20, 13, 43][47, 40, 7, 4, 12, 25, 27, 67, 5, 54][9, 68, 11, 59, 10, 8, 56, 6, 35, 64][48, 39, 32, 18, 19, 36, 54, 5, 37, 65][43, 17, 59, 1, 68, 11, 31, 9, 16, 55][21, 6, 56, 28, 8, 51, 35, 58, 57, 41][9, 59, 10, 55, 16, 26, 62, 49, 42, 15] 
[22, 33, 58, 45, 34, 35, 64, 51, 8, 28][39, 18, 66, 48, 29, 23, 50, 2, 14, 44][10, 16, 55, 52, 8, 56, 6, 63, 24, 30][3, 48, 29, 66, 69, 18, 32, 5, 67, 65][10, 16, 1, 9, 11, 15, 42, 30, 21, 63][61, 60, 14, 2, 0, 23, 69, 19, 38, 66][26, 62, 42, 15, 30, 21, 6, 47, 53, 46][30, 26, 8, 55, 52, 64, 35, 51, 58, 33][31, 1, 59, 68, 9, 16, 10, 20, 13, 43][47, 40, 7, 4, 12, 25, 27, 67, 5, 54][9, 68, 11, 59, 10, 8, 56, 6, 35, 64][48, 39, 32, 18, 19, 36, 54, 5, 37, 65][43, 17, 59, 1, 68, 11, 31, 9, 16, 55][21, 6, 56, 28, 8, 51, 35, 58, 57, 41][9, 59, 10, 55, 16, 26, 62, 49, 42, 15] 
[22, 33, 58, 45, 34, 35, 64, 51, 8, 28][39, 18, 66, 48, 29, 23, 50, 2, 14, 44][10, 16, 55, 52, 8, 56, 6, 63, 24, 30][3, 48, 29, 66, 69, 18, 32, 5, 67, 65][10, 16, 1, 9, 11, 15, 42, 30, 21, 63][61, 60, 14, 2, 0, 23, 69, 19, 38, 66][26, 62, 42, 15, 30, 21, 6, 47, 53, 46][30, 26, 8, 55, 52, 64, 35, 51, 58, 33][31, 1, 59, 68, 9, 16, 10, 20, 13, 43][47, 40, 7, 4, 12, 25, 27, 67, 5, 54][9, 68, 11, 59, 10, 8, 56, 6, 35, 64][48, 39, 32, 18, 19, 36, 54, 5, 37, 65][43, 17, 59, 1, 68, 11, 31, 9, 16, 55][21, 6, 56, 28, 8, 51, 35, 58, 57, 41][9, 59, 10, 55, 16, 26, 62, 49, 42, 15] 
[22, 33, 58, 45, 34, 35, 64, 51, 8, 28][39, 18, 66, 48, 29, 23, 50, 2, 14, 44][10, 16, 55, 52, 8, 56, 6, 63, 24, 30][3, 48, 29, 66, 69, 18, 32, 5, 67, 65][10, 16, 1, 9, 11, 15, 42, 30, 21, 63][61, 60, 14, 2, 0, 23, 69, 19, 38, 66][26, 62, 42, 15, 30, 21, 6, 47, 53, 46][30, 26, 8, 55, 52, 64, 35, 51, 58, 33][31, 1, 59, 68, 9, 16, 10, 20, 13, 43][47, 40, 7, 4, 12, 25, 27, 67, 5, 54][9, 68, 11, 59, 10, 8, 56, 6, 35, 64][48, 39, 32, 18, 19, 36, 54, 5, 37, 65][43, 17, 59, 1, 68, 11, 31, 9, 16, 55][21, 6, 56, 28, 8, 51, 35, 58, 57, 41][9, 59, 10, 55, 16, 26, 62, 49, 42, 15] 
[22, 33, 58, 45, 34, 35, 64, 51, 8, 28][39, 18, 66, 48, 29, 23, 50, 2, 14, 44][10, 16, 55, 52, 8, 56, 6, 63, 24, 30][3, 48, 29, 66, 69, 18, 32, 5, 67, 65][10, 16, 1, 9, 11, 15, 42, 30, 21, 63][61, 60, 14, 2, 0, 23, 69, 19, 38, 66][26, 62, 42, 15, 30, 21, 6, 47, 53, 46][30, 26, 8, 55, 52, 64, 35, 51, 58, 33][31, 1, 59, 68, 9, 16, 10, 20, 13, 43][47, 40, 7, 4, 12, 25, 27, 67, 5, 54][9, 68, 11, 59, 10, 8, 56, 6, 35, 64][48, 39, 32, 18, 19, 36, 54, 5, 37, 65][43, 17, 59, 1, 68, 11, 31, 9, 16, 55][21, 6, 56, 28, 8, 51, 35, 58, 57, 41][9, 59, 10, 55, 16, 26, 62, 49, 42, 15] 
[22, 33, 58, 45, 34, 35, 64, 51, 8, 28][39, 18, 66, 48, 29, 23, 50, 2, 14, 44][10, 16, 55, 52, 8, 56, 6, 63, 24, 30][3, 48, 29, 66, 69, 18, 32, 5, 67, 65][10, 16, 1, 9, 11, 15, 42, 30, 21, 63][61, 60, 14, 2, 0, 23, 69, 19, 38, 66][26, 62, 42, 15, 30, 21, 6, 47, 53, 46][30, 26, 8, 55, 52, 64, 35, 51, 58, 33][31, 1, 59, 68, 9, 16, 10, 20, 13, 43][47, 40, 7, 4, 12, 25, 27, 67, 5, 54][9, 68, 11, 59, 10, 8, 56, 6, 35, 64][48, 39, 32, 18, 19, 36, 54, 5, 37, 65][43, 17, 59, 1, 68, 11, 31, 9, 16, 55][21, 6, 56, 28, 8, 51, 35, 58, 57, 41][9, 59, 10, 55, 16, 26, 62, 49, 42, 15] 
[22, 33, 58, 45, 34, 35, 64, 51, 8, 28][39, 18, 66, 48, 29, 23, 50, 2, 14, 44][10, 16, 55, 52, 8, 56, 6, 63, 24, 30][3, 48, 29, 66, 69, 18, 32, 5, 67, 65][10, 16, 1, 9, 11, 15, 42, 30, 21, 63][61, 60, 14, 2, 0, 23, 69, 19, 38, 66][26, 62, 42, 15, 30, 21, 6, 47, 53, 46][30, 26, 8, 55, 52, 64, 35, 51, 58, 33][31, 1, 59, 68, 9, 16, 10, 20, 13, 43][47, 40, 7, 4, 12, 25, 27, 67, 5, 54][9, 68, 11, 59, 10, 8, 56, 6, 35, 64][48, 39, 32, 18, 19, 36, 54, 5, 37, 65][43, 17, 59, 1, 68, 11, 31, 9, 16, 55][21, 6, 56, 28, 8, 51, 35, 58, 57, 41][9, 59, 10, 55, 16, 26, 62, 49, 42, 15] 
[22, 33, 58, 45, 34, 35, 64, 51, 8, 28][39, 18, 66, 48, 29, 23, 50, 2, 14, 44][10, 16, 55, 52, 8, 56, 6, 63, 24, 30][3, 48, 29, 66, 69, 18, 32, 5, 67, 65][10, 16, 1, 9, 11, 15, 42, 30, 21, 63][61, 60, 14, 2, 0, 23, 69, 19, 38, 66][26, 62, 42, 15, 30, 21, 6, 47, 53, 46][30, 26, 8, 55, 52, 64, 35, 51, 58, 33][31, 1, 59, 68, 9, 16, 10, 20, 13, 43][47, 40, 7, 4, 12, 25, 27, 67, 5, 54][9, 68, 11, 59, 10, 8, 56, 6, 35, 64][48, 39, 32, 18, 19, 36, 54, 5, 37, 65][43, 17, 59, 1, 68, 11, 31, 9, 16, 55][21, 6, 56, 28, 8, 51, 35, 58, 57, 41][9, 59, 10, 55, 16, 26, 62, 49, 42, 15] 
[22, 33, 58, 45, 34, 35, 64, 51, 8, 28][39, 18, 66, 48, 29, 23, 50, 2, 14, 44][10, 16, 55, 52, 8, 56, 6, 63, 24, 30][3, 48, 29, 66, 69, 18, 32, 5, 67, 65][10, 16, 1, 9, 11, 15, 42, 30, 21, 63][61, 60, 14, 2, 0, 23, 69, 19, 38, 66][26, 62, 42, 15, 30, 21, 6, 47, 53, 46][30, 26, 8, 55, 52, 64, 35, 51, 58, 33][31, 1, 59, 68, 9, 16, 10, 20, 13, 43][47, 40, 7, 4, 12, 25, 27, 67, 5, 54][9, 68, 11, 59, 10, 8, 56, 6, 35, 64][48, 39, 32, 18, 19, 36, 54, 5, 37, 65][43, 17, 59, 1, 68, 11, 31, 9, 16, 55][21, 6, 56, 28, 8, 51, 35, 58, 57, 41][9, 59, 10, 55, 16, 26, 62, 49, 42, 15] 
[22, 33, 58, 45, 34, 35, 64, 51, 8, 28][39, 18, 66, 48, 29, 23, 50, 2, 14, 44][10, 16, 55, 52, 8, 56, 6, 63, 24, 30][3, 48, 29, 66, 69, 18, 32, 5, 67, 65][10, 16, 1, 9, 11, 15, 42, 30, 21, 63][61, 60, 14, 2, 0, 23, 69, 19, 38, 66][26, 62, 42, 15, 30, 21, 6, 47, 53, 46][30, 26, 8, 55, 52, 64, 35, 51, 58, 33][31, 1, 59, 68, 9, 16, 10, 20, 13, 43][47, 40, 7, 4, 12, 25, 27, 67, 5, 54][9, 68, 11, 59, 10, 8, 56, 6, 35, 64][48, 39, 32, 18, 19, 36, 54, 5, 37, 65][43, 17, 59, 1, 68, 11, 31, 9, 16, 55][21, 6, 56, 28, 8, 51, 35, 58, 57, 41][9, 59, 10, 55, 16, 26, 62, 49, 42, 15] 
[22, 33, 58, 45, 34, 35, 64, 51, 8, 28][39, 18, 66, 48, 29, 23, 50, 2, 14, 44][10, 16, 55, 52, 8, 56, 6, 63, 24, 30][3, 48, 29, 66, 69, 18, 32, 5, 67, 65][10, 16, 1, 9, 11, 15, 42, 30, 21, 63][61, 60, 14, 2, 0, 23, 69, 19, 38, 66][26, 62, 42, 15, 30, 21, 6, 47, 53, 46][30, 26, 8, 55, 52, 64, 35, 51, 58, 33][31, 1, 59, 68, 9, 16, 10, 20, 13, 43][47, 40, 7, 4, 12, 25, 27, 67, 5, 54][9, 68, 11, 59, 10, 8, 56, 6, 35, 64][48, 39, 32, 18, 19, 36, 54, 5, 37, 65][43, 17, 59, 1, 68, 11, 31, 9, 16, 55][21, 6, 56, 28, 8, 51, 35, 58, 57, 41][9, 59, 10, 55, 16, 26, 62, 49, 42, 15] 
[22, 33, 58, 45, 34, 35, 64, 51, 8, 28][39, 18, 66, 48, 29, 23, 50, 2, 14, 44][10, 16, 55, 52, 8, 56, 6, 63, 24, 30][3, 48, 29, 66, 69, 18, 32, 5, 67, 65][10, 16, 1, 9, 11, 15, 42, 30, 21, 63][61, 60, 14, 2, 0, 23, 69, 19, 38, 66][26, 62, 42, 15, 30, 21, 6, 47, 53, 46][30, 26, 8, 55, 52, 64, 35, 51, 58, 33][31, 1, 59, 68, 9, 16, 10, 20, 13, 43][47, 40, 7, 4, 12, 25, 27, 67, 5, 54][9, 68, 11, 59, 10, 8, 56, 6, 35, 64][48, 39, 32, 18, 19, 36, 54, 5, 37, 65][43, 17, 59, 1, 68, 11, 31, 9, 16, 55][21, 6, 56, 28, 8, 51, 35, 58, 57, 41][9, 59, 10, 55, 16, 26, 62, 49, 42, 15] 
[22, 33, 58, 45, 34, 35, 64, 51, 8, 28][39, 18, 66, 48, 29, 23, 50, 2, 14, 44][10, 16, 55, 52, 8, 56, 6, 63, 24, 30][3, 48, 29, 66, 69, 18, 32, 5, 67, 65][10, 16, 1, 9, 11, 15, 42, 30, 21, 63][61, 60, 14, 2, 0, 23, 69, 19, 38, 66][26, 62, 42, 15, 30, 21, 6, 47, 53, 46][30, 26, 8, 55, 52, 64, 35, 51, 58, 33][31, 1, 59, 68, 9, 16, 10, 20, 13, 43][47, 40, 7, 4, 12, 25, 27, 67, 5, 54][9, 68, 11, 59, 10, 8, 56, 6, 35, 64][48, 39, 32, 18, 19, 36, 54, 5, 37, 65][43, 17, 59, 1, 68, 11, 31, 9, 16, 55][21, 6, 56, 28, 8, 51, 35, 58, 57, 41][9, 59, 10, 55, 16, 26, 62, 49, 42, 15] 
[22, 33, 58, 45, 34, 35, 64, 51, 8, 28][39, 18, 66, 48, 29, 23, 50, 2, 14, 44][10, 16, 55, 52, 8, 56, 6, 63, 24, 30][3, 48, 29, 66, 69, 18, 32, 5, 67, 65][10, 16, 1, 9, 11, 15, 42, 30, 21, 63][61, 60, 14, 2, 0, 23, 69, 19, 38, 66][26, 62, 42, 15, 30, 21, 6, 47, 53, 46][30, 26, 8, 55, 52, 64, 35, 51, 58, 33][31, 1, 59, 68, 9, 16, 10, 20, 13, 43][47, 40, 7, 4, 12, 25, 27, 67, 5, 54][9, 68, 11, 59, 10, 8, 56, 6, 35, 64][48, 39, 32, 18, 19, 36, 54, 5, 37, 65][43, 17, 59, 1, 68, 11, 31, 9, 16, 55][21, 6, 56, 28, 8, 51, 35, 58, 57, 41][9, 59, 10, 55, 16, 26, 62, 49, 42, 15] 
[22, 33, 58, 45, 34, 35, 64, 51, 8, 28][39, 18, 66, 48, 29, 23, 50, 2, 14, 44][10, 16, 55, 52, 8, 56, 6, 63, 24, 30][3, 48, 29, 66, 69, 18, 32, 5, 67, 65][10, 16, 1, 9, 11, 15, 42, 30, 21, 63][61, 60, 14, 2, 0, 23, 69, 19, 38, 66][26, 62, 42, 15, 30, 21, 6, 47, 53, 46][30, 26, 8, 55, 52, 64, 35, 51, 58, 33][31, 1, 59, 68, 9, 16, 10, 20, 13, 43][47, 40, 7, 4, 12, 25, 27, 67, 5, 54][9, 68, 11, 59, 10, 8, 56, 6, 35, 64][48, 39, 32, 18, 19, 36, 54, 5, 37, 65][43, 17, 59, 1, 68, 11, 31, 9, 16, 55][21, 6, 56, 28, 8, 51, 35, 58, 57, 41][9, 59, 10, 55, 16, 26, 62, 49, 42, 15] 
[22, 33, 58, 45, 34, 35, 64, 51, 8, 28][39, 18, 66, 48, 29, 23, 50, 2, 14, 44][10, 16, 55, 52, 8, 56, 6, 63, 24, 30][3, 48, 29, 66, 69, 18, 32, 5, 67, 65][10, 16, 1, 9, 11, 15, 42, 30, 21, 63][61, 60, 14, 2, 0, 23, 69, 19, 38, 66][26, 62, 42, 15, 30, 21, 6, 47, 53, 46][30, 26, 8, 55, 52, 64, 35, 51, 58, 33][31, 1, 59, 68, 9, 16, 10, 20, 13, 43][47, 40, 7, 4, 12, 25, 27, 67, 5, 54][9, 68, 11, 59, 10, 8, 56, 6, 35, 64][48, 39, 32, 18, 19, 36, 54, 5, 37, 65][43, 17, 59, 1, 68, 11, 31, 9, 16, 55][21, 6, 56, 28, 8, 51, 35, 58, 57, 41][9, 59, 10, 55, 16, 26, 62, 49, 42, 15] 
[22, 33, 58, 45, 34, 35, 64, 51, 8, 28][39, 18, 66, 48, 29, 23, 50, 2, 14, 44][10, 16, 55, 52, 8, 56, 6, 63, 24, 30][3, 48, 29, 66, 69, 18, 32, 5, 67, 65][10, 16, 1, 9, 11, 15, 42, 30, 21, 63][61, 60, 14, 2, 0, 23, 69, 19, 38, 66][26, 62, 42, 15, 30, 21, 6, 47, 53, 46][30, 26, 8, 55, 52, 64, 35, 51, 58, 33][31, 1, 59, 68, 9, 16, 10, 20, 13, 43][47, 40, 7, 4, 12, 25, 27, 67, 5, 54][9, 68, 11, 59, 10, 8, 56, 6, 35, 64][48, 39, 32, 18, 19, 36, 54, 5, 37, 65][43, 17, 59, 1, 68, 11, 31, 9, 16, 55][21, 6, 56, 28, 8, 51, 35, 58, 57, 41][9, 59, 10, 55, 16, 26, 62, 49, 42, 15] 
[22, 33, 58, 45, 34, 35, 64, 51, 8, 28][39, 18, 66, 48, 29, 23, 50, 2, 14, 44][10, 16, 55, 52, 8, 56, 6, 63, 24, 30][3, 48, 29, 66, 69, 18, 32, 5, 67, 65][10, 16, 1, 9, 11, 15, 42, 30, 21, 63][61, 60, 14, 2, 0, 23, 69, 19, 38, 66][26, 62, 42, 15, 30, 21, 6, 47, 53, 46][30, 26, 8, 55, 52, 64, 35, 51, 58, 33][31, 1, 59, 68, 9, 16, 10, 20, 13, 43][47, 40, 7, 4, 12, 25, 27, 67, 5, 54][9, 68, 11, 59, 10, 8, 56, 6, 35, 64][48, 39, 32, 18, 19, 36, 54, 5, 37, 65][43, 17, 59, 1, 68, 11, 31, 9, 16, 55][21, 6, 56, 28, 8, 51, 35, 58, 57, 41][9, 59, 10, 55, 16, 26, 62, 49, 42, 15] 
[22, 33, 58, 45, 34, 35, 64, 51, 8, 28][39, 18, 66, 48, 29, 23, 50, 2, 14, 44][10, 16, 55, 52, 8, 56, 6, 63, 24, 30][3, 48, 29, 66, 69, 18, 32, 5, 67, 65][10, 16, 1, 9, 11, 15, 42, 30, 21, 63][61, 60, 14, 2, 0, 23, 69, 19, 38, 66][26, 62, 42, 15, 30, 21, 6, 47, 53, 46][30, 26, 8, 55, 52, 64, 35, 51, 58, 33][31, 1, 59, 68, 9, 16, 10, 20, 13, 43][47, 40, 7, 4, 12, 25, 27, 67, 5, 54][9, 68, 11, 59, 10, 8, 56, 6, 35, 64][48, 39, 32, 18, 19, 36, 54, 5, 37, 65][43, 17, 59, 1, 68, 11, 31, 9, 16, 55][21, 6, 56, 28, 8, 51, 35, 58, 57, 41][9, 59, 10, 55, 16, 26, 62, 49, 42, 15] 
[22, 33, 58, 45, 34, 35, 64, 51, 8, 28][39, 18, 66, 48, 29, 23, 50, 2, 14, 44][10, 16, 55, 52, 8, 56, 6, 63, 24, 30][3, 48, 29, 66, 69, 18, 32, 5, 67, 65][10, 16, 1, 9, 11, 15, 42, 30, 21, 63][61, 60, 14, 2, 0, 23, 69, 19, 38, 66][26, 62, 42, 15, 30, 21, 6, 47, 53, 46][30, 26, 8, 55, 52, 64, 35, 51, 58, 33][31, 1, 59, 68, 9, 16, 10, 20, 13, 43][47, 40, 7, 4, 12, 25, 27, 67, 5, 54][9, 68, 11, 59, 10, 8, 56, 6, 35, 64][48, 39, 32, 18, 19, 36, 54, 5, 37, 65][43, 17, 59, 1, 68, 11, 31, 9, 16, 55][21, 6, 56, 28, 8, 51, 35, 58, 57, 41][9, 59, 10, 55, 16, 26, 62, 49, 42, 15] 
[22, 33, 58, 45, 34, 35, 64, 51, 8, 28][39, 18, 66, 48, 29, 23, 50, 2, 14, 44][10, 16, 55, 52, 8, 56, 6, 63, 24, 30][3, 48, 29, 66, 69, 18, 32, 5, 67, 65][10, 16, 1, 9, 11, 15, 42, 30, 21, 63][61, 60, 14, 2, 0, 23, 69, 19, 38, 66][26, 62, 42, 15, 30, 21, 6, 47, 53, 46][30, 26, 8, 55, 52, 64, 35, 51, 58, 33][31, 1, 59, 68, 9, 16, 10, 20, 13, 43][47, 40, 7, 4, 12, 25, 27, 67, 5, 54][9, 68, 11, 59, 10, 8, 56, 6, 35, 64][48, 39, 32, 18, 19, 36, 54, 5, 37, 65][43, 17, 59, 1, 68, 11, 31, 9, 16, 55][21, 6, 56, 28, 8, 51, 35, 58, 57, 41][9, 59, 10, 55, 16, 26, 62, 49, 42, 15] 
[22, 33, 58, 45, 34, 35, 64, 51, 8, 28][39, 18, 66, 48, 29, 23, 50, 2, 14, 44][10, 16, 55, 52, 8, 56, 6, 63, 24, 30][3, 48, 29, 66, 69, 18, 32, 5, 67, 65][10, 16, 1, 9, 11, 15, 42, 30, 21, 63][61, 60, 14, 2, 0, 23, 69, 19, 38, 66][26, 62, 42, 15, 30, 21, 6, 47, 53, 46][30, 26, 8, 55, 52, 64, 35, 51, 58, 33][31, 1, 59, 68, 9, 16, 10, 20, 13, 43][47, 40, 7, 4, 12, 25, 27, 67, 5, 54][9, 68, 11, 59, 10, 8, 56, 6, 35, 64][48, 39, 32, 18, 19, 36, 54, 5, 37, 65][43, 17, 59, 1, 68, 11, 31, 9, 16, 55][21, 6, 56, 28, 8, 51, 35, 58, 57, 41][9, 59, 10, 55, 16, 26, 62, 49, 42, 15] 
[22, 33, 58, 45, 34, 35, 64, 51, 8, 28][39, 18, 66, 48, 29, 23, 50, 2, 14, 44][10, 16, 55, 52, 8, 56, 6, 63, 24, 30][3, 48, 29, 66, 69, 18, 32, 5, 67, 65][10, 16, 1, 9, 11, 15, 42, 30, 21, 63][61, 60, 14, 2, 0, 23, 69, 19, 38, 66][26, 62, 42, 15, 30, 21, 6, 47, 53, 46][30, 26, 8, 55, 52, 64, 35, 51, 58, 33][31, 1, 59, 68, 9, 16, 10, 20, 13, 43][47, 40, 7, 4, 12, 25, 27, 67, 5, 54][9, 68, 11, 59, 10, 8, 56, 6, 35, 64][48, 39, 32, 18, 19, 36, 54, 5, 37, 65][43, 17, 59, 1, 68, 11, 31, 9, 16, 55][21, 6, 56, 28, 8, 51, 35, 58, 57, 41][9, 59, 10, 55, 16, 26, 62, 49, 42, 15] 
