95360.0 6358.346671201888 0.40596127557079026 0.04816955684007707 129.0 74.0 1.6104607952434038 
96552.35943098315 8412.115274963793 0.14581192189105857 3.214086558344618E-60 161.0 147.0 2.6298558545930284 
104915.00000000001 8571.67152129936 0.1926782273603083 0.033397559409120106 101.0 107.0 1.9505494505494505 
91970.0 9348.502477914244 0.13872832369942195 0.037251123956326265 82.0 78.0 0.27692307692307694 
99510.0 8104.683564801179 0.1567116249197174 0.006422607578676943 103.0 76.0 0.0 
85245.0 7529.058811348109 0.12461459403905446 0.16508221993833505 106.0 80.0 0.0 
82555.0 8410.109891013582 0.21579961464354527 0.048811817597944764 98.0 73.0 0.0 
50105.0 9587.38687608462 0.2922714677143504 0.2986802960604267 55.0 66.0 0.0 
64400.0 9656.117880290414 0.11048304213773473 0.2807040082219612 61.0 76.0 0.45546558704453444 
52355.0 6920.783132530118 0.10918432883750803 0.3815028901734104 66.0 79.0 0.0 
67820.0 9595.5194905755 0.118191161356629 0.2652877697841727 65.0 86.0 1.4603675478288483 
69555.0 8091.464926166075 0.1226875622099875 0.25822198957285325 68.0 83.0 1.7246963562753037 
80565.0 7250.19864072284 0.2344433290632458 0.07514450867052024 112.0 72.0 0.0 
80865.0 8882.470945416559 0.5131663455362877 0.07129094412331406 88.0 67.0 0.0 
54850.0 8226.110329581994 0.0789980732177264 0.35324341682723187 61.0 69.0 0.0 
71545.0 7144.698773089282 0.2980089916506101 0.12780989081567115 83.0 78.0 1.4853801169590644 
107065.0 6533.134649002715 0.14258188824662812 0.03596660244059088 125.0 80.0 0.0 
63595.0 7494.083781610335 0.30190133607399794 0.303186022610483 75.0 82.0 0.48000000000000004 
71990.0 9246.927408812231 0.5003211303789339 0.09569685292228645 76.0 66.0 0.0 
83745.0 9494.59541186439 0.3718886178960151 0.09762363752732515 79.0 76.0 0.2942583732057416 
83700.0 10687.771336540594 0.10149015388253697 0.008349389990062283 86.0 105.0 0.656084656084656 
85620.0 9004.260755552057 0.14259962569851528 0.020554984244605237 127.0 115.0 1.0062717770034844 
85044.66620995814 13445.64939239939 0.0635968515939424 1.0726348731190874E-6 84.0 144.0 2.5131009891879454 
159070.0 5520.6402891030375 0.45542137718396714 2.0055826741531358E-141 175.0 79.0 0.0 
81770.0 9217.528896216767 0.1464354527938343 0.0224791265253693 97.0 84.0 0.3281733746130031 
76734.64679050737 10378.051399432183 0.15416238437821173 0.11497944501541625 68.0 86.0 1.4036363636363638 
86515.0 6213.5267107033305 0.1419552199464659 0.08670520231213873 109.0 88.0 2.1392572944297084 
87860.0 8440.604851793505 0.20040012521812856 0.021836871596002172 81.0 66.0 0.0 
100793.35692907724 11474.881722600057 0.09184328837508028 0.0 112.0 137.0 2.444639132248644 
96130.0 7012.923426733707 0.41105942734356443 0.14193962891939238 104.0 78.0 1.1052631578947367 
94456.31535825126 8920.763626297548 0.13810380442086698 3.3915633423797817E-10 145.0 136.0 2.827154471544716 
93085.0 6917.70088695986 0.1348747591522158 0.05330764290301863 117.0 102.0 1.9607287449392712 
80840.0 8519.849877544835 0.2106830634383754 0.057806356071164744 95.0 75.0 0.0 
94700.0 9546.223843854405 0.17343268242548818 0.006423432682425488 82.0 80.0 0.27692307692307694 
100633.85147585104 9455.060434731555 0.1477330109381994 0.008350462349388575 107.0 104.0 0.6703296703296704 
83215.0 8740.605531790035 0.33590237636480413 0.29672447013487474 76.0 75.0 0.0 
82930.0 8093.159983291564 0.5086705202312138 0.07321772639691715 107.0 66.0 0.0 
107672.58899680556 7830.194015991114 0.19527235268727397 1.3614174922548668E-14 116.0 85.0 0.0 
62910.0 9564.028150363647 0.16955684007707128 0.2761721258831085 93.0 132.0 2.8812865497076023 
90172.75062801848 9730.437250298653 0.1259032410735326 8.251037485453421E-7 123.0 138.0 1.5850633027103616 
99510.0 8104.683522543981 0.15673175745084975 0.006423432682411874 103.0 76.0 0.0 
115845.0 6578.961287017186 0.40337803583707776 1.6417455467652044E-5 139.0 88.0 2.1461988304093564 
66775.0 9661.845368778035 0.12267180475272961 0.2581888246628131 64.0 85.0 1.8016194331983804 
60330.0 7359.199267143559 0.17728674217275564 0.28327338064855206 81.0 89.0 1.6107456140350878 
50105.0 9587.38687608462 0.29226618772867236 0.2986896185351394 55.0 66.0 0.0 
58630.0 6731.644705185679 0.16251284686536482 0.32309866392600206 76.0 82.0 0.0 
110075.0 7197.380625214704 0.25821811536877637 0.02183942348366942 119.0 70.0 0.0 
52355.0 8233.928571428569 0.13874234866137924 0.3815518950404847 59.0 77.0 0.0 
91335.0 11475.953315296958 0.14837395003566053 0.0012845215157353885 88.0 121.0 1.1311799604482533 
85245.0 7529.058811348109 0.1246145940391906 0.16508221993812952 106.0 80.0 0.0 
93910.38779593713 9060.768157752904 0.14259443055486826 0.0019267837042350403 100.0 101.0 1.4977158856469202 
64400.0 9656.117880290414 0.11048403226221666 0.2807020279729973 61.0 76.0 0.45546558704453444 
82375.0 8245.66837450747 0.3153500321130379 0.11046885035324341 86.0 74.0 0.0 
104485.0 7307.128798906063 0.40853031860226097 0.0 121.0 79.0 1.9516908212560389 
67820.0 9595.5194905755 0.118191161356629 0.2652877697841727 65.0 86.0 1.4603675478288483 
112109.47816615386 7913.692102208911 0.14966507153349348 4.619987468283992E-6 122.0 102.0 0.9461538461538461 
90155.0 7595.808189956374 0.2177565958626702 0.05202576171927859 133.0 89.0 1.0008410428931875 
82860.0 9147.59462541499 0.16764886775244622 0.022482014017536977 97.0 83.0 0.16993464052287582 
94700.0 9546.223843854405 0.17343268242548818 0.006423432682425488 82.0 80.0 0.27692307692307694 
95686.69207035439 12351.727982719021 0.11624919717405266 0.0 95.0 116.0 2.593946713511931 
97194.28589749214 9195.930919117034 0.08543289258626541 4.631570898418394E-9 116.0 125.0 2.215022296544036 
84885.0 8266.547062750335 0.4682321831304798 0.05330954039787167 98.0 66.0 0.0 
64400.0 9656.117880290414 0.11048304226490202 0.28070400796762657 61.0 76.0 0.45546558704453444 
90763.63826892633 9266.817753110256 0.16764878765856017 4.128563337629567E-64 138.0 137.0 2.5222212385463236 
58630.0 6731.644705185679 0.16251284686525183 0.32309866392612585 76.0 82.0 0.0 
104285.0 7207.192478706823 0.22992935131663456 0.029543994861913937 119.0 79.0 0.0 
50105.0 9587.38687608462 0.29226618705035967 0.2986896197327852 55.0 66.0 0.0 
65465.0 7064.323113871791 0.16955684007707128 0.2761721258831085 97.0 111.0 2.323391812865497 
100302.43517493524 12837.541554612486 0.09956320699094183 2.7238492405414635E-9 99.0 140.0 2.562145030425963 
77305.0 8185.676341216781 0.21261850979972866 0.09248818946494335 92.0 72.0 0.0 
85245.0 7529.058811348109 0.12461459403905446 0.16508221993833505 106.0 80.0 0.0 
71225.0 8125.0694380590785 0.22029543994861914 0.14515093127809892 86.0 72.0 0.0 
86250.0 7169.873244461504 0.21196230351673015 0.023121387283236993 107.0 81.0 1.32 
99510.0 8104.683522542454 0.15673175745118187 0.0064234326824254865 103.0 76.0 0.0 
104485.0 7307.150156496512 0.4085303186017028 0.0 121.0 79.0 1.9516908212560389 
42590.0 9536.636624605459 0.14388315721693606 0.511304408086793 50.0 78.0 0.0 
62680.0 7999.967161327039 0.24405908798972384 0.2980089916506101 65.0 73.0 0.0 
100887.68736405362 8249.933306820147 0.14324428153596036 8.251037485453421E-7 107.0 86.0 0.18803418803418803 
100972.7585132962 11007.3252797355 0.13680154142581888 0.0 115.0 135.0 2.0645815485114585 
95205.0 8137.815770794264 0.23509879088749583 0.02055498458382826 139.0 94.0 1.8400018820540267 
79270.0 8644.863492832694 0.32500300243417285 0.12267196975228206 89.0 77.0 0.0 
88635.0 8710.246785306945 0.18306205344418003 0.02376628803394371 121.0 93.0 0.4766550522648083 
50105.0 9587.38687608462 0.29226618772867236 0.2986896185351394 55.0 66.0 0.0 
90535.0 10232.047272040389 0.1715006185659765 0.06166495273381578 84.0 86.0 0.6836363636363636 
86370.1944906664 9167.061472849702 0.13810380039344142 0.020554984244605237 132.0 135.0 2.125319396051103 
86912.24334845852 9184.609723610449 0.14324188873479682 0.020554984583717996 119.0 125.0 1.952227342549923 
49555.0 9931.56722857445 0.10919835379946531 0.3815518950404847 63.0 115.0 1.698830409356725 
101845.84177680015 11607.849125280312 0.1329479768786127 0.0 100.0 129.0 2.5121678321678322 
56730.0 8293.176624643747 0.33911368015414256 0.33269107257546565 72.0 75.0 0.0 
54480.0 7161.7984775953655 0.15287769861500358 0.3520041100318188 72.0 81.0 1.131578947368421 
70840.0 8474.60378939381 0.1766443989681553 0.2183967076096382 75.0 81.0 0.0 
80840.0 8519.849877544835 0.2106830634383754 0.057806356071164744 95.0 75.0 0.0 
85245.0 7529.058811348109 0.12461459509878185 0.1650822183381467 106.0 80.0 0.0 
94945.0 7845.905339103051 0.2858237787304367 0.16634553662688914 96.0 79.0 0.34285714285714286 
51935.0 8562.914877001174 0.12780989081567115 0.37829158638407195 64.0 78.0 0.0 
192760.0 6123.138148747656 0.45343609505459215 0.023763648041104687 164.0 83.0 1.6177777777777778 
58630.0 6731.644705185679 0.16251284686536482 0.32309866392600206 76.0 82.0 0.0 
79100.0 8930.834836493155 0.26464543040456867 0.06680370037396081 102.0 95.0 1.5364102564102564 
58630.0 6731.644705185679 0.16251284686536482 0.32309866392600206 76.0 82.0 0.0 
54480.0 7161.7984775953655 0.15288371780291543 0.3519965977092287 72.0 81.0 1.131578947368421 
47315.0 8152.990339737324 0.09826589595375723 0.42324983943481054 58.0 77.0 0.0 
64530.0 8298.05604151382 0.22417078443674723 0.2813456868498244 77.0 91.0 0.8513931888544892 
100291.06435839653 12831.794824840257 0.0995664244822144 2.1205166337615293E-5 99.0 140.0 2.562145030425963 
58215.0 9790.084553274126 0.3352601156069364 0.23314065510597304 66.0 67.0 0.0 
104485.0 7307.128798906063 0.40853031860226097 0.0 121.0 79.0 1.9516908212560389 
85245.0 7529.058811348109 0.12461459509878185 0.1650822183381467 106.0 80.0 0.0 
94700.0 9546.223843854405 0.17343268242548818 0.006423432682425488 82.0 80.0 0.27692307692307694 
67820.0 9595.5194905755 0.118191161356629 0.2652877697841727 65.0 86.0 1.4603675478288483 
81625.0 7926.260964912281 0.4354786987640296 0.08350140600243623 106.0 64.0 0.0 
91851.71688412466 10758.128293025035 0.12716763005780346 0.0 110.0 136.0 2.6740730113183484 
93507.10778925933 10262.752264808065 0.15352259893158968 0.001285346619483934 86.0 92.0 1.1140964298859035 
133301.39351784356 10980.155054523411 0.4721223021578922 6.330393727968272E-13 114.0 102.0 1.1330049261083743 
