1688965.0 15066.57163107737 0.3171926419958031 0.4586769854862374 1584.0 150.0 6.273313492063492 
3829511.2230301807 33080.070319587 0.039396952302421635 0.0 3972.0 720.0 10.051381498324213 
1112880.0 21366.324164544636 0.1172843114332476 0.613280336684592 1015.0 136.0 6.227208976157083 
909715.0 20003.663176896516 0.06789221416880992 0.6825461772270283 801.0 122.0 0.0 
1050005.3141895349 23430.481132023626 0.3230086685098697 0.5269203116688782 918.0 131.0 0.0 
4691754.244985323 14600.38901064191 0.15355530690779878 0.0 5125.0 378.0 8.947332928208503 
4186881.907792284 15649.4702595905 0.39478837262317407 0.1310505672817821 4903.0 198.0 2.5756456038274345 
3934892.1537205516 25303.711240342935 0.05821866214742755 0.0 4297.0 597.0 9.585368658562388 
3262406.2753901966 13907.586483030134 0.17275639870234405 0.20157354204782588 3461.0 266.0 7.79458041958042 
1587155.0 15089.161862334164 0.12020762337887372 0.5439007709888414 1537.0 185.0 7.242651582372079 
1115190.0 17431.42417712672 0.10828267477203647 0.6336216974514847 1036.0 134.0 2.177777777777778 
2323693.392619589 15660.55899496114 0.3831562799615757 0.28448840401547515 2324.0 195.0 7.8951362830936 
2945282.227386322 16986.193943956336 0.4269664295447923 0.20946445358080243 3757.0 159.0 1.6428571428571428 
1392115.0 17778.439449934092 0.28305471124620063 0.48658522328735093 1405.0 125.0 2.1470588235294117 
2116410.7254194226 24684.29210369334 0.14519606397105322 0.3348745316491212 1974.0 285.0 6.0014390371533235 
3630657.618321868 31041.893059810023 0.13832788461235987 0.0 3826.0 592.0 6.774324782113733 
2964659.3765456136 22556.862290153233 0.21189041320091886 0.20648355438130925 3109.0 294.0 3.6873730236972886 
1386018.7678288985 23855.305978694276 0.13674968874028956 0.5299890693773053 1411.0 220.0 1.7230519074421513 
2118256.847170742 28891.163372008985 0.4343315626745294 0.2545023631819055 1901.0 217.0 1.7891469137839373 
3252790.9950566534 17281.11577832007 0.15788036448705783 0.20157354204782588 3365.0 299.0 7.674159986355109 
4418908.950546827 16684.596553055097 0.24164294578705525 0.1040454994476236 5008.0 275.0 3.5603687248424087 
3499447.673502615 17326.0526365907 0.37430076163643694 0.21048755253420934 2870.0 166.0 3.311401020986954 
3155818.6786670494 23029.537350482697 0.23328368457095336 0.20265490749089343 3090.0 242.0 4.170192455513279 
1688965.0 15066.57163107737 0.3171926419958031 0.4586769854862374 1584.0 150.0 6.273313492063492 
3808900.553663179 32816.496460566064 0.030599898294936295 0.0 4024.0 729.0 10.087606900828685 
1318405.3724330713 23267.574225017735 0.1431794667960416 0.5431701143915969 1215.0 215.0 5.993959955506118 
921660.0 20159.53786511125 0.0708732756605097 0.6792728548047697 809.0 125.0 0.0 
1050005.3157197805 23430.480721715187 0.3230086685098697 0.5269203116688782 918.0 131.0 0.0 
4674841.502973918 12459.976799274407 0.24190578621559708 0.0 5089.0 285.0 8.952328623757195 
4186881.913032499 15649.47046573207 0.39478837261939254 0.13105056728085943 4903.0 198.0 2.5756456038274345 
3820675.4133175933 26526.286556219275 0.07324087397815002 0.0 4217.0 618.0 9.689505687418059 
3262608.743496639 13906.361775914009 0.17275644585250088 0.20157354204782588 3461.0 266.0 7.79458041958042 
1587155.0 14880.066803098993 0.12020762337867301 0.5439007709888414 1537.0 175.0 7.29656462585034 
1285695.0 17725.17208105792 0.10036240355389292 0.6077858311900866 1214.0 139.0 2.1 
2323693.0795698166 15660.562530953546 0.3831563195950408 0.2844884527031371 2324.0 195.0 7.8951362830936 
2945282.202699762 16986.190412780994 0.42696648916582397 0.20946463329806697 3757.0 159.0 1.6428571428571428 
1624430.0 17890.563136282257 0.2856874277177695 0.45230317724390234 1503.0 127.0 2.333333333333333 
2103667.988932141 24762.775634542326 0.14262416778213574 0.3348745316491212 2011.0 293.0 5.8347723704866565 
3773065.9760530517 30564.43424097786 0.1344994825256619 0.0 4099.0 612.0 7.196399331879898 
2964659.3765456136 22556.862290153233 0.21189041320091886 0.20648355438130925 3109.0 294.0 3.6873730236972886 
1386029.2775056676 23854.65485678221 0.13674968874028956 0.5299890693773053 1411.0 220.0 1.7230519074421513 
2106269.0693784626 29030.869526503127 0.4343315076663706 0.2615457943790226 1884.0 214.0 1.6224802471172706 
3551849.0938073155 21082.22350364179 0.2571019406125789 0.2636485854570961 3131.0 190.0 6.081294822674133 
3942360.775560027 17089.311551006296 0.2673617117310369 0.10980303977963203 4484.0 252.0 3.080734269992582 
3499447.673502615 17326.0526365907 0.37430076163643694 0.21048755253420934 2870.0 166.0 3.311401020986954 
3155818.6786670494 23029.537350482697 0.23328368457095336 0.20265490749089343 3090.0 242.0 4.170192455513279 
1688965.0 15066.571631101757 0.3171926419958031 0.4586769854862373 1584.0 150.0 6.273313492063492 
3808926.374525956 32816.694576015296 0.030599898292601676 0.0 4024.0 729.0 10.087606900828685 
1318405.3724330713 23267.574225017735 0.1431794667960416 0.5431701143915969 1215.0 215.0 5.993959955506118 
921660.0 20159.53786511125 0.0708732756605097 0.6792728548047697 809.0 125.0 0.0 
1050005.3157197805 23430.480721715187 0.3230086685098697 0.5269203116688782 918.0 131.0 0.0 
4893666.45610388 13032.171096298147 0.234861791953514 0.0 5275.0 281.0 9.164883204227467 
4215398.38239303 15607.958740994323 0.41270407238761037 0.1310505672817821 4832.0 193.0 2.585891505466779 
3886355.4541817876 26808.92507693333 0.14157147954279814 0.0 4094.0 562.0 8.253746749628599 
3090953.3832747205 16545.95807771478 0.17123664186423213 0.20265490749089343 3241.0 293.0 6.762800271623801 
1517705.0 15099.305153161902 0.11900935356338192 0.5514995551833702 1477.0 179.0 7.036018929310855 
1335395.0 17552.099334882012 0.11503390226794483 0.5914192190787936 1258.0 145.0 2.206382978723404 
2323693.0795698166 15660.562530953546 0.3831563195950408 0.2844884527031371 2324.0 195.0 7.8951362830936 
2945282.2077973383 16986.191589324113 0.42696648916547547 0.2094646332970165 3757.0 159.0 1.6428571428571428 
1624430.0 17890.563136282257 0.2856867295266993 0.4523056599437529 1503.0 127.0 2.333333333333333 
2103667.9889321416 24762.775634542315 0.14262416778213574 0.3348745316491212 2011.0 293.0 5.8347723704866565 
3942098.3345211367 32268.0565336742 0.15644811081769155 0.0 3794.0 601.0 7.711481893020905 
2964660.160362143 22556.869428140457 0.21189041320091886 0.2064835543813092 3109.0 294.0 3.6873730236972886 
1383870.2223267574 23790.17261757356 0.1367497271730205 0.5299890693591973 1428.0 224.0 1.8225641025641026 
2106315.9580494193 29031.34210498548 0.43433150766604905 0.2615458355494177 1884.0 214.0 1.6224802471172706 
4096418.0752344276 22845.247607835645 0.1814940378770166 0.0 4317.0 422.0 8.378847126723812 
3942360.775560027 17089.311551006296 0.2673617117310369 0.10980303977963203 4484.0 252.0 3.080734269992582 
3499447.673502615 17326.0526365907 0.37430076163643694 0.21048755253420934 2870.0 166.0 3.311401020986954 
3155818.6786670494 23029.537350482697 0.23328368457095336 0.20265490749089343 3090.0 242.0 4.170192455513279 
1688965.0 15066.571631101757 0.3171926419958031 0.4586769854862373 1584.0 150.0 6.273313492063492 
3808926.374525956 32816.694576015296 0.030599898292601676 0.0 4024.0 729.0 10.087606900828685 
1318405.3730465658 23267.574216275767 0.1431794667960416 0.5431701143915969 1215.0 215.0 5.993959955506118 
936185.0 20602.025789661086 0.07239303249941548 0.6754734627075053 863.0 127.0 0.0 
1050005.3303939556 23430.47682589224 0.3230086685098697 0.5269203116688782 918.0 131.0 0.0 
4664739.430672417 12451.408532840078 0.24190576434933 0.0 5077.0 287.0 9.139347854526426 
4215398.401798114 15607.96024646766 0.4127040723869983 0.1310505672817821 4832.0 193.0 2.585891505466779 
3992468.7487457823 23941.68595583016 0.054097498246434415 0.0 4447.0 588.0 10.211130664667309 
2767178.484870846 15962.606287330862 0.21194877074398968 0.2726514596387441 3579.0 255.0 6.2982302011713776 
1587155.0 14696.845657192598 0.1202076577163721 0.5439007709886257 1537.0 165.0 7.19656462585034 
1041470.0 16576.308313955764 0.12298410631856388 0.6231330244531045 957.0 134.0 3.3027777777777776 
2323693.0795698166 15660.562530953546 0.3831563195950408 0.2844884527031371 2324.0 195.0 7.8951362830936 
2945282.2077973383 16986.191589324113 0.42696648916547547 0.2094646332970165 3757.0 159.0 1.6428571428571428 
1624430.0 17890.563136282257 0.2856867295266993 0.4523056599437529 1503.0 127.0 2.333333333333333 
2103667.9889321453 24762.775634542275 0.14262416778213574 0.3348745316491212 2011.0 293.0 5.8347723704866565 
3844939.613220586 30828.360469781524 0.10530207931709162 0.0 4166.0 637.0 8.257964582330775 
2964663.6420176565 22556.90314377145 0.2118904131986042 0.20648355438114147 3109.0 294.0 3.6873730236972886 
1383889.5464081 23786.73914475398 0.1367496887405142 0.529989069377305 1428.0 224.0 1.8225641025641026 
2048529.8549036265 28417.015955208033 0.4437423584885382 0.26429316038881756 1889.0 210.0 1.6141469137839373 
4205016.125608706 23739.87322223571 0.27796937105447744 0.0 4379.0 403.0 8.504138273359878 
3942360.775560027 17089.311551006296 0.2673617117310369 0.10980303977963203 4484.0 252.0 3.080734269992582 
3499447.673502615 17326.0526365907 0.37430076163643694 0.21048755253420934 2870.0 166.0 3.311401020986954 
3155818.666586633 23029.53653666231 0.233283684571229 0.20265490749089343 3090.0 242.0 4.170192455513279 
3265129.744998063 14032.198085967111 0.17275644585222527 0.20157354204782588 3461.0 279.0 7.645770895770896 
1318405.3730465658 23267.574216275767 0.1431794667960416 0.5431701143915969 1215.0 215.0 5.993959955506118 
1383889.5464081 23786.73914475398 0.1367496887405142 0.529989069377305 1428.0 224.0 1.8225641025641026 
3145231.1056557857 23269.737654881133 0.22393168858828955 0.20265491381171086 3049.0 260.0 4.489624576187635 
3808846.7562638894 32816.28063983662 0.030600297701098327 0.0 4026.0 729.0 10.087606900828685 
2103667.9889321453 24762.775634542275 0.14262416778213574 0.3348745316491212 2011.0 293.0 5.8347723704866565 
4809936.655335215 14122.892031687916 0.22229503660154284 0.0 5264.0 310.0 9.006804704857984 
2964663.6420176565 22556.90314377145 0.2118904131986042 0.20648355438114147 3109.0 294.0 3.6873730236972886 
3868801.4301255113 31282.877900486405 0.07972956803531989 0.0 4256.0 676.0 8.447994066877996 
2323693.0795698166 15660.562530953546 0.3831563195950408 0.2844884527031371 2324.0 195.0 7.8951362830936 
1515440.0 14744.381335483042 0.1284201555275761 0.5546559732334053 1454.0 160.0 7.041965552178318 
1041470.0 16576.308313955764 0.12298410631899528 0.6231330244518815 957.0 134.0 3.3027777777777776 
4215395.761818217 15607.997058481942 0.4127039676664287 0.1310505672817821 4832.0 193.0 2.585891505466779 
1688965.0 15066.571631101757 0.3171926419958031 0.4586769854862373 1584.0 150.0 6.273313492063492 
2945282.2077973383 16986.191589324113 0.42696648916547547 0.2094646332970165 3757.0 159.0 1.6428571428571428 
3942360.775560027 17089.311551006296 0.2673617117310369 0.10980303977963203 4484.0 252.0 3.080734269992582 
4482907.8549931245 25521.156055011143 0.15083586626139817 0.0 4722.0 480.0 8.8233968839257 
685965.0 21003.132534242483 0.08984101005377601 0.7127075052606967 588.0 114.0 0.0 
2020465.568537066 28875.696309277253 0.4411996796801478 0.2738793189111463 1855.0 207.0 1.4474802471172707 
3499447.673502615 17326.0526365907 0.37430076163643694 0.21048755253420934 2870.0 166.0 3.311401020986954 
