[0, 26, 8, 12, 19, 18, 22, 25, 11, 17, 28][9, 23, 1, 4, 24, 20, 14, 7, 27, 29][6, 21, 15, 10, 2, 16][16, 28][2, 27][1, 3][6, 13][5, 21][1, 3][5, 21][17, 19][16, 28] 
[3, 23, 9, 1, 14, 20, 4, 24, 7, 10][0, 26, 8, 12, 19, 18, 22, 25, 11][6, 5, 21][16, 2, 21][10, 15][27, 29][16, 28][25, 28][17, 28][6, 13][7, 28][2, 27] 
[10, 2, 16, 28, 25, 11][17, 0, 28, 7, 20, 23][5, 21, 10, 15, 27][6, 13, 0, 22, 18][0, 19, 8, 26][4, 24, 23, 9][7, 25, 22][0, 12][14, 20][27, 29][1, 24][3, 4] 
[19, 8, 26, 0, 25, 7, 16, 15, 10, 6, 5, 21, 2, 29, 27][10, 7, 20, 24, 1, 14, 11, 17, 12, 0, 25, 22, 19, 18, 13][21, 10, 29, 2, 6, 13, 18, 17, 28, 25, 22, 19, 12, 8, 26][3, 4, 14, 9, 1, 23, 20, 7, 25, 22, 12, 19][20, 4, 14, 23, 9, 3, 11, 25, 28, 7, 24][18, 17, 22][11, 17][8, 26][2, 29][1, 14][1, 9][2, 21] 
[9, 14, 23, 1, 4, 3, 11, 25, 22, 17, 12, 0, 26, 8, 19][6, 21, 15, 10, 2, 16, 28, 25, 11, 17, 0, 19, 18, 22][8, 12, 18, 17, 11, 14, 20, 24][10, 29][5, 21][2, 27][15, 16][17, 19][7, 25][6, 13][0, 25][2, 10] 
[6, 2, 27, 29, 15, 10, 16, 28, 17, 22, 12, 8, 26, 0, 13][3, 24, 20, 4, 1, 9, 23, 14, 7, 16, 15, 5, 6, 21, 10][4, 23, 9, 14, 11, 17, 22, 18, 13, 0, 25, 28, 16, 27, 29][13, 6, 2, 29, 27, 10, 7, 20, 4, 23, 1, 3, 9, 14, 24][0, 26, 8, 12, 18, 17, 11, 14, 20, 24, 4, 23, 3, 9, 1][5, 21, 10, 2, 29, 27, 16, 7, 28, 0, 19, 17, 12, 8, 26][1, 23, 24, 3, 11, 17, 0, 13, 6, 21, 2, 29, 10, 15, 5][26, 8, 12, 0, 22, 19, 18, 13, 6, 21, 5, 15, 2, 10, 29][23, 3, 14, 11, 25, 22, 18, 19, 12, 8, 26][5, 15, 21, 10, 6, 2, 27, 29][5, 15, 21, 10, 6, 2, 27, 29][4, 24] 
[2, 29, 27, 16, 7, 25, 28, 0, 22, 19, 18, 17, 12, 8, 26][13, 6, 2, 29, 27, 10, 7, 20, 4, 23, 1, 3, 9, 14, 24][3, 24, 20, 4, 1, 9, 23, 14, 7, 16, 15, 5, 6, 21, 10][2, 29, 10, 6, 13, 0, 25, 11, 14, 23, 9, 3, 1, 24, 4][26, 8, 12, 0, 22, 19, 18, 13, 6, 21, 5, 15, 2, 10, 29][0, 26, 8, 12, 18, 17, 11, 14, 20, 24, 4, 23, 3, 9][3, 24, 14, 9, 1, 23, 20, 7, 25, 22, 12, 19, 8, 26][27, 29][8, 26][1, 3][4, 24][2, 29] 
[8, 26, 0, 25, 7, 16, 15, 10, 6, 5, 21, 2, 29, 27][1, 9, 23, 14, 20, 4, 24, 3, 11][13, 18, 17, 22, 12, 19][11, 17][6, 13][0, 28][9, 23][6, 13][9, 23][10, 15][4, 24][9, 23] 
[25, 7, 16, 15, 10, 6, 5, 21, 2, 29, 27][1, 9, 23, 14, 20, 4, 24, 3, 11][17, 22, 12, 19][13, 0, 22, 18][12, 8, 26][11, 17][14, 23][9, 23][7, 28][4, 24][14, 23][0, 28] 
[9, 23, 1, 4, 24, 20, 14, 7, 27, 29][5, 6, 13, 18, 22, 17, 0, 28, 7][11, 25, 22, 18, 19, 12, 8, 26][6, 21, 15, 10, 2, 16][11, 25, 22, 19, 8, 26][1, 3][0, 12][0, 12][6, 13][6, 13][6, 13][6, 13] 
[8, 26, 0, 25, 7, 16, 15, 10, 6, 5, 21, 2, 29, 27][14, 9, 1, 23, 20, 7, 25, 22, 19, 8, 26][7, 28, 0, 17, 11][3, 24, 4, 20][6, 13][10, 21][17, 18][2, 16][2, 29][5, 21][16, 28][12, 22] 
[5, 6, 13, 18, 22, 17, 0, 28, 7, 27][11, 25, 28, 16, 2, 10, 15, 21][9, 3, 23, 4, 24, 20][0, 19, 8, 26][1, 24][7, 20][0, 12][14, 20][2, 29][6, 13][6, 13][6, 13] 
[5, 21, 15, 10, 27, 7, 25, 22, 17, 0, 13, 6, 16, 28][21, 5, 15, 2, 10, 6, 13, 18, 0, 12, 8, 26][19, 8, 26, 0, 25, 7, 16, 15, 6, 21, 2, 27][5, 21, 10, 29, 27, 7, 28, 0, 19, 12, 8][1, 9, 23, 14, 20, 4, 24, 3, 11][17, 12, 18, 13, 6, 2, 29][12, 19, 17, 18, 13][24, 7, 28, 25][21, 2, 29][0, 25][12, 22][12, 22] 
[11, 3, 24, 14, 9, 1, 23, 20, 7, 25, 22, 12, 19, 8, 26][16, 28, 17, 11, 25, 22, 18, 12, 8, 26, 0, 13, 6, 10, 27][14, 3, 11, 17, 0, 26, 8, 19, 18, 13, 6, 16, 27, 15, 21][2, 15, 16, 28, 17, 19, 12, 18, 22, 0, 13, 6, 21, 5][1, 3, 23, 4, 24, 7, 25, 0, 18, 13, 6, 21, 10, 2][5, 15, 10, 27, 7, 25, 22, 17, 0, 13, 6, 16, 28][1, 3, 9, 23, 14, 11, 25, 0, 13, 6, 10, 29, 2][3, 4, 20, 14, 11, 25, 28, 7, 10, 6, 5, 21][12, 8, 26, 0, 28, 16, 10, 15, 21, 2, 29][13, 18, 17, 11, 3, 1, 24, 20, 7, 27, 29][1, 4, 14, 11, 25, 7, 2, 29, 15, 6, 5][1, 14, 7, 16, 2, 6, 21] 
[11, 3, 4, 14, 9, 1, 23, 20, 7, 25, 22, 12, 19, 8, 26][1, 9, 14, 20, 4, 24, 23, 3, 11, 17, 18, 0, 28, 7, 16][13, 6, 2, 27, 16, 28, 17, 22, 12, 8, 26][0, 22, 19, 12, 17, 11, 25, 7, 24, 14][7, 20, 23, 3, 11, 17][15, 10, 29][5, 21][1, 14][2, 10][1, 3][1, 24][2, 21] 
[14, 9, 1, 23, 20, 7, 25, 22, 12, 19, 8, 26][3, 23, 4, 24, 20, 14, 11, 17, 18, 12, 8, 26][11, 17, 28, 7, 20, 23][6, 5, 21, 10][16, 2, 21][2, 27, 29][2, 15][16, 28][0, 28][1, 4][1, 24][6, 13] 
[2, 10, 6, 13, 18, 0, 12, 8, 26][8, 19, 22, 17, 11, 3, 1, 23][11, 17, 0, 28, 7, 20, 23][1, 14, 9, 3, 24, 7, 25][6, 13, 0, 22, 18][5, 21, 10, 15, 27][8, 26, 0, 22, 12][4, 24, 23, 9][7, 10, 15][16, 2, 21][3, 4, 20][27, 29] 
[1, 9, 14, 20, 4, 24, 23, 3, 11, 17, 18, 0, 28, 7, 16][14, 9, 1, 23, 20, 7, 25, 22, 12, 19, 8, 26][13, 6, 2, 27, 16][15, 10, 29][2, 21][2, 10][5, 21][8, 26][2, 10][11, 17][1, 14][11, 17] 
[1, 9, 14, 20, 4, 24, 23, 3, 11, 17, 18, 0, 28, 7, 16][3, 4, 14, 9, 1, 23, 20, 7, 25, 22, 12, 19, 8, 26][18, 13, 0, 22, 19, 12, 17, 11, 25, 7, 24, 14, 9, 23][13, 6, 2, 27, 16, 28, 17, 22, 12, 8, 26][15, 10, 29][5, 21][11, 17][1, 14][2, 10][1, 3][1, 24][2, 21] 
[14, 9, 1, 3, 23, 20, 7, 25, 22, 18, 0, 12, 19][2, 10, 7, 20, 24, 4, 1, 23, 14, 11, 17][7, 27, 15, 6, 13, 18, 0, 12, 8, 26][2, 21][16, 28][15, 27][27, 29][7, 16][5, 21][12, 18][1, 14][1, 23] 
[1, 9, 14, 20, 4, 24, 23, 3, 11, 17, 18, 0, 28, 7, 16][14, 3, 24, 7, 25, 11, 17, 12, 19, 22, 0, 13, 6, 15, 29][2, 10, 6, 13, 0, 25, 11, 14, 23, 9, 3, 4][1, 23, 20, 7, 25, 22, 12, 19, 8, 26][10, 7, 24, 14, 11, 17][2, 15, 10, 29][5, 21][1, 14][1, 3][1, 24][2, 21][16, 27] 
[0, 26, 8, 12, 19, 18, 22, 25, 11, 17, 28][9, 23, 1, 4, 24, 20, 14, 7, 27, 29][15, 10, 2, 16][6, 5, 21, 10][1, 4][7, 28][16, 28][6, 13][1, 3][1, 3][16, 28][16, 28] 
[3, 23, 9, 1, 14, 20, 4, 24, 7, 10][13, 18, 17, 19, 8, 26, 0, 22][6, 21, 15][16, 2, 21][2, 27, 29][11, 25][25, 28][17, 28][8, 12][6, 13][10, 15][5, 21] 
[10, 2, 16, 28, 25, 11][17, 0, 28, 7, 20, 23][5, 21, 10, 15, 27][6, 13, 0, 22, 18][0, 19, 8, 26][4, 24, 23, 9][7, 25, 22][0, 12][14, 20][27, 29][1, 24][3, 4] 
[12, 8, 26, 0, 25, 7, 16, 15, 10, 6, 5, 21, 2, 29, 27][1, 9, 23, 14, 20, 4, 24, 3, 11, 17, 22, 18, 12, 8, 19][15, 21, 5, 6, 2, 7, 25, 22, 12, 8, 26, 0, 18, 19, 17][4, 1, 9, 3, 23, 24, 20, 14, 11, 25, 22, 17, 19, 0, 28][10, 29, 15, 21, 2, 6, 13, 18, 19, 0, 22, 25, 7, 16, 28][22, 18, 17, 19, 12, 8, 26, 0, 25, 11, 14, 23][8, 12, 18, 17, 11, 14, 20, 24][6, 13][12, 22][12, 22][15, 16][0, 28] 
[9, 14, 23, 1, 4, 3, 11, 25, 22, 17, 12, 0, 26, 8, 19][6, 21, 15, 10, 2, 16, 28, 25, 11, 17, 0, 19, 18, 22][8, 12, 18, 17, 11, 14, 20, 24][10, 29][5, 21][2, 27][15, 16][17, 19][7, 25][6, 13][0, 25][2, 10] 
[6, 2, 27, 29, 15, 10, 16, 28, 17, 22, 12, 8, 26, 0, 13][3, 24, 20, 4, 1, 9, 23, 14, 7, 16, 15, 5, 6, 21, 10][4, 23, 9, 14, 11, 17, 22, 18, 13, 0, 25, 28, 16, 27, 29][15, 6, 13, 0, 26, 8, 12, 19, 18, 22, 25, 11, 14, 3, 23][4, 24, 7, 25, 0, 18, 13, 6, 5, 15, 21, 2, 29, 27, 16][13, 6, 2, 29, 27, 10, 7, 20, 4, 23, 1, 3, 9, 14, 24][0, 26, 8, 12, 18, 17, 11, 14, 20, 24, 4, 23, 3, 9, 1][5, 21, 10, 2, 29, 27, 16, 7, 28, 0, 19, 17, 12, 8, 26][1, 23, 24, 3, 11, 17, 0, 13, 6, 21, 2, 29, 10, 15, 5][26, 8, 12, 0, 22, 19, 18, 13, 6, 21, 5, 15, 2, 10, 29][5, 15, 21, 10, 6, 2, 27, 29][5, 15, 21, 10, 6, 2, 27, 29] 
[3, 24, 14, 9, 1, 23, 20, 7, 25, 22, 12, 19, 8, 26][3, 24, 20, 4, 1, 9, 23, 14, 7, 16, 15, 5, 21, 10][2, 10, 6, 13, 0, 25, 11, 14, 23, 9, 3, 1, 24, 4][26, 8, 12, 0, 22, 19, 18, 13, 6, 21, 15, 2, 10, 29][0, 26, 8, 12, 18, 17, 11, 14, 20, 24, 23, 3, 9][2, 29, 27, 16, 7, 25, 28, 0, 19, 17, 12, 8, 26][13, 6, 2, 27, 10, 7, 4, 23, 1, 3, 14, 24][27, 29][8, 26][1, 3][4, 24][2, 29] 
[8, 26, 0, 25, 7, 16, 15, 10, 6, 5, 21, 2, 29, 27][1, 9, 23, 14, 20, 4, 24, 3, 11][13, 18, 17, 22, 12, 19][12, 19, 17, 18, 13][24, 7, 28, 25][21, 2, 29][12, 17][13, 18][6, 13][13, 18][9, 23][9, 23] 
[9, 23, 1, 4, 24, 20, 14, 7, 27, 29][5, 6, 13, 18, 22, 17, 0, 28, 7][11, 25, 22, 18, 19, 12, 8, 26][6, 21, 15, 10, 2, 16][11, 25, 22, 19, 8, 26][1, 3][0, 12][0, 12][6, 13][6, 13][6, 13][6, 13] 
[8, 26, 0, 25, 7, 16, 15, 10, 6, 5, 21, 2, 29, 27][14, 9, 1, 23, 20, 7, 25, 22, 19, 8, 26][7, 28, 0, 17, 11][3, 24, 4, 20][6, 13][10, 21][17, 18][2, 16][2, 29][5, 21][16, 28][12, 22] 
[5, 6, 13, 18, 22, 17, 0, 28, 7, 27][11, 25, 28, 16, 2, 10, 15, 21][14, 9, 3, 23, 4, 24, 20][0, 19, 8, 26][1, 24][7, 20][0, 12][14, 20][2, 29][6, 13][6, 13][6, 13] 
[5, 21, 15, 10, 27, 7, 25, 22, 17, 0, 13, 6, 16, 28][21, 5, 15, 2, 10, 6, 13, 18, 0, 12, 8, 26][19, 8, 26, 0, 25, 7, 16, 15, 6, 21, 2, 27][5, 21, 10, 29, 27, 7, 28, 0, 19, 12, 8][1, 9, 23, 14, 20, 4, 24, 3, 11][17, 12, 18, 13, 6, 2, 29][12, 19, 17, 18, 13][24, 7, 28, 25][21, 2, 29][0, 25][12, 22][12, 22] 
[11, 3, 24, 14, 9, 1, 23, 20, 7, 25, 22, 12, 19, 8, 26][1, 3, 23, 4, 24, 7, 25, 0, 18, 13, 6, 21, 10, 2, 16][16, 28, 17, 11, 25, 22, 18, 12, 8, 26, 0, 13, 6, 10, 27][2, 21, 5, 15, 10, 27, 7, 25, 22, 0, 13, 6, 16, 28][2, 29, 10, 6, 13, 0, 25, 11, 14, 23, 9, 3, 4, 20][10, 2, 6, 13, 18, 17, 11, 3, 1, 24, 20, 7, 27, 29][22, 19, 17, 12, 8, 26, 0, 28, 16, 10, 15, 2, 29][5, 6, 13, 0, 12, 19, 17, 28, 16, 15, 2, 27][21, 2, 16, 7, 14, 24, 20, 23, 3, 11, 17, 22][17, 0, 26, 8, 19, 18, 13, 6, 16, 27, 15, 21][21, 10, 7, 28, 25, 11, 14, 20, 4, 24, 23][1, 4, 14, 11, 25, 7, 2, 29, 15, 6, 5] 
[9, 14, 23, 1, 4, 3, 11, 25, 22, 17, 12, 0, 26, 8, 19][7, 27, 15, 6, 13, 18, 0, 12, 8, 26][3, 24, 14, 11, 17, 18, 13, 6][8, 12, 18, 17, 11, 14, 20, 24][7, 16][2, 27][2, 21][2, 10][16, 28][5, 21][27, 29][5, 21] 
[14, 9, 1, 23, 20, 7, 25, 22, 12, 19, 8, 26][3, 23, 4, 24, 20, 14, 11, 17, 18, 12, 8, 26][11, 17, 28, 7, 20, 23][6, 5, 21, 10][16, 2, 21][2, 27, 29][2, 15][16, 28][0, 28][1, 4][1, 24][6, 13] 
[2, 10, 6, 13, 18, 0, 12, 8, 26][8, 19, 22, 17, 11, 3, 1, 23][11, 17, 0, 28, 7, 20, 23][1, 14, 9, 3, 24, 7, 25][6, 13, 0, 22, 18][5, 21, 10, 15, 27][8, 26, 0, 22, 12][4, 24, 23, 9][7, 10, 15][16, 2, 21][3, 4, 20][27, 29] 
[1, 9, 14, 20, 4, 24, 23, 3, 11, 17, 18, 0, 28, 7, 16][24, 3, 4, 14, 9, 1, 23, 20, 7, 25, 22, 12, 8, 26][4, 14, 23, 20, 7, 25, 22, 19, 8, 26][13, 6, 2, 27, 16][15, 10, 29][2, 21][2, 10][5, 21][2, 10][11, 17][1, 14][11, 17] 
[24, 3, 4, 14, 9, 1, 23, 20, 7, 25, 22, 12, 19, 8, 26][1, 9, 14, 20, 4, 24, 23, 3, 11, 17, 18, 0, 28, 7, 16][10, 15, 27, 16, 28, 0, 22, 19, 12, 17, 11, 25, 7, 24, 14][2, 10, 15, 6, 13, 18, 17, 19, 0, 28, 7, 4, 24][13, 6, 2, 27, 16, 28, 17, 22, 12, 8, 26][15, 10, 29][5, 21][11, 17][1, 14][1, 3][1, 24][2, 21] 
[14, 9, 1, 3, 23, 20, 7, 25, 22, 18, 0, 12, 19][2, 10, 7, 20, 24, 4, 1, 23, 14, 11, 17][7, 27, 15, 6, 13, 18, 0, 12, 8, 26][2, 21][16, 28][15, 27][27, 29][7, 16][5, 21][12, 18][1, 14][1, 23] 
[9, 14, 23, 1, 4, 3, 11, 25, 22, 17, 12, 0, 26, 8, 19][6, 13, 18, 17, 11, 14, 24, 3, 1, 23, 20, 4, 7][7, 27, 15, 6, 13, 18, 0, 12, 8, 26][8, 12, 18, 17, 11, 14, 20, 24][7, 16][2, 27][2, 21][2, 10][16, 28][5, 21][27, 29][5, 21] 
[0, 26, 8, 12, 19, 18, 22, 25, 11, 17, 28][9, 23, 1, 4, 24, 20, 14, 7, 27, 29][15, 10, 2, 16][6, 5, 21, 10][1, 4][7, 28][16, 28][6, 13][1, 3][1, 3][16, 28][16, 28] 
[1, 9, 23, 14, 20, 4, 24, 3, 11][19, 12, 22, 17, 18, 0, 25, 28][13, 6, 5, 21][16, 2, 21][12, 8, 26][2, 15][2, 27][27, 29][7, 27][7, 25][10, 15][7, 24] 
[17, 0, 28, 7, 20, 23][10, 2, 16, 28, 25, 11][6, 13, 0, 22, 18][5, 21, 10, 15, 27][0, 19, 8, 26][4, 24, 23, 9][14, 20][1, 24][27, 29][0, 12][3, 4][7, 25] 
[9, 14, 23, 1, 4, 3, 11, 25, 22, 17, 12, 0, 26, 8, 19][6, 21, 15, 10, 2, 16, 28, 25, 11, 17, 0, 19, 18, 22][8, 12, 18, 17, 11, 14, 20, 24][10, 29][5, 21][2, 27][15, 16][17, 19][7, 25][6, 13][0, 25][2, 10] 
[6, 2, 27, 29, 15, 10, 16, 28, 17, 22, 12, 8, 26, 0, 13][3, 24, 20, 4, 1, 9, 23, 14, 7, 16, 15, 5, 6, 21, 10][4, 23, 9, 14, 11, 17, 22, 18, 13, 0, 25, 28, 16, 27, 29][15, 6, 13, 0, 26, 8, 12, 19, 18, 22, 25, 11, 14, 3, 23][4, 24, 7, 25, 0, 18, 13, 6, 5, 15, 21, 2, 29, 27, 16][13, 6, 2, 29, 27, 10, 7, 20, 4, 23, 1, 3, 9, 14, 24][0, 26, 8, 12, 18, 17, 11, 14, 20, 24, 4, 23, 3, 9, 1][5, 21, 10, 2, 29, 27, 16, 7, 28, 0, 19, 17, 12, 8, 26][1, 23, 24, 3, 11, 17, 0, 13, 6, 21, 2, 29, 10, 15, 5][26, 8, 12, 0, 22, 19, 18, 13, 6, 21, 5, 15, 2, 10, 29][5, 15, 21, 10, 6, 2, 27, 29][5, 15, 21, 10, 6, 2, 27, 29] 
[3, 24, 20, 4, 1, 9, 23, 14, 7, 16, 15, 5, 6, 21, 10][4, 23, 9, 14, 11, 17, 22, 18, 13, 0, 25, 28, 16, 27, 29][15, 6, 13, 0, 26, 8, 12, 19, 18, 22, 25, 11, 14, 3, 23][4, 24, 7, 25, 0, 18, 13, 6, 5, 15, 21, 2, 29, 27, 16][5, 21, 10, 2, 29, 27, 16, 7, 28, 0, 19, 17, 12, 8, 26][26, 8, 12, 0, 22, 19, 18, 13, 6, 21, 5, 15, 2, 10, 29][1, 23, 24][0, 13][27, 29][6, 13][0, 26][27, 29] 
[8, 26, 0, 25, 7, 16, 15, 10, 6, 5, 21, 2, 29, 27][1, 9, 23, 14, 20, 4, 24, 3, 11][13, 18, 17, 22, 12, 19][12, 19, 17, 18, 13][24, 7, 28][2, 29][12, 17][13, 18][6, 13][13, 18][9, 23][9, 23] 
[9, 23, 1, 4, 24, 20, 14, 7, 27, 29][5, 6, 13, 18, 22, 17, 0, 28, 7][11, 25, 22, 18, 19, 12, 8, 26][6, 21, 15, 10, 2, 16][11, 25, 22, 19, 8, 26][1, 3][0, 12][0, 12][6, 13][6, 13][6, 13][6, 13] 
[8, 26, 0, 25, 7, 16, 15, 10, 6, 5, 21, 2, 29, 27][14, 9, 1, 23, 20, 7, 25, 22, 19, 8, 26][7, 28, 0, 17, 11][3, 24, 4, 20][6, 13][10, 21][17, 18][2, 16][2, 29][5, 21][16, 28][12, 22] 
[5, 6, 13, 18, 22, 17, 0, 28, 7, 27][11, 25, 28, 16, 2, 10, 15, 21][9, 3, 23, 4, 24, 20][0, 26, 8][7, 20][0, 12][0, 19][6, 13][14, 20][1, 24][2, 29][6, 13] 
[5, 21, 15, 10, 27, 7, 25, 22, 17, 0, 13, 6, 16, 28][21, 5, 15, 2, 10, 6, 13, 18, 0, 12, 8, 26][19, 8, 26, 0, 25, 7, 16, 15, 6, 21, 2, 27][17, 12, 18, 13, 6, 2, 29, 10, 16, 28, 0, 26][5, 21, 10, 29, 27, 7, 28, 0, 19, 12, 8][1, 9, 23, 14, 20, 4, 24, 3, 11][13, 18, 17, 19, 22, 25][24, 7, 28, 25][21, 2, 29][0, 25][12, 22][12, 22] 
[11, 3, 24, 14, 9, 1, 23, 20, 7, 25, 22, 12, 19, 8, 26][1, 3, 23, 4, 24, 7, 25, 0, 18, 13, 6, 21, 10, 2, 16][2, 29, 10, 6, 13, 0, 25, 11, 14, 23, 9, 3, 1, 4, 20][2, 21, 5, 15, 10, 27, 7, 25, 22, 0, 13, 6, 16, 28][16, 28, 17, 11, 25, 22, 18, 12, 8, 26, 0, 13, 6, 21][14, 11, 17, 0, 26, 8, 19, 18, 13, 6, 16, 27, 15, 21][1, 14, 11, 25, 7, 2, 29, 15, 6, 5, 21, 10, 16, 28][22, 19, 17, 12, 8, 26, 0, 28, 16, 10, 15, 2, 29][21, 6, 2, 16, 7, 14, 24, 20, 23, 3, 11, 17, 22][5, 6, 13, 18, 12, 19, 17, 28, 16, 15, 2, 27][21, 6, 10, 7, 28, 25, 11, 14, 20, 4, 24, 23][27, 29] 
[2, 29, 10, 6, 13, 0, 25, 11, 14, 23, 9, 3, 1, 4, 20][1, 3, 23, 4, 24, 7, 25, 0, 18, 13, 6, 21, 10, 16][2, 21, 5, 15, 10, 27, 7, 25, 22, 0, 13, 6, 16, 28][14, 9, 1, 23, 20, 7, 25, 22, 12, 19, 8, 26][21, 6, 2, 16, 7, 14, 24, 23, 3, 11, 17, 22][5, 6, 13, 18, 19, 17, 28, 16, 15, 2, 27][3, 4, 24, 20, 14, 11, 17, 18, 12, 8, 26][11, 17, 28, 7, 20, 23][27, 29][2, 29][1, 24][0, 28] 
[14, 9, 1, 23, 20, 7, 25, 22, 12, 19, 8, 26][3, 23, 4, 24, 20, 14, 11, 17, 18, 12, 8, 26][11, 17, 28, 7, 20, 23][6, 5, 21, 10][16, 2, 21][2, 27, 29][2, 15][16, 28][0, 28][1, 4][1, 24][6, 13] 
[2, 10, 6, 13, 18, 0, 12, 8, 26][8, 19, 22, 17, 11, 3, 1, 23][11, 17, 0, 28, 7, 20, 23][1, 14, 9, 3, 24, 7, 25][6, 13, 0, 22, 18][5, 21, 10, 15, 27][8, 26, 0, 22, 12][4, 24, 23, 9][7, 10, 15][16, 2, 21][3, 4, 20][27, 29] 
[1, 9, 14, 20, 4, 24, 23, 3, 11, 17, 18, 0, 28, 7, 16][24, 3, 4, 14, 9, 1, 23, 20, 7, 25, 22, 12, 8, 26][4, 14, 23, 20, 7, 25, 22, 19, 8, 26][13, 6, 2, 27, 16][15, 10, 29][2, 21][2, 10][5, 21][2, 10][11, 17][1, 14][11, 17] 
[24, 3, 4, 14, 9, 1, 23, 20, 7, 25, 22, 12, 19, 8, 26][1, 9, 14, 20, 4, 24, 23, 3, 11, 17, 18, 0, 28, 7, 16][10, 15, 27, 16, 28, 0, 22, 19, 12, 17, 11, 25, 7, 24, 14][2, 10, 15, 6, 13, 18, 17, 19, 0, 28, 7, 4, 24][13, 6, 2, 27, 16, 28, 17, 22, 12, 8, 26][15, 10, 29][5, 21][11, 17][1, 14][1, 3][1, 24][2, 21] 
[14, 9, 1, 3, 23, 20, 7, 25, 22, 18, 0, 12, 19][2, 10, 7, 20, 24, 4, 1, 23, 14, 11, 17][7, 27, 15, 6, 13, 18, 0, 12, 8, 26][2, 21][16, 28][15, 27][27, 29][7, 16][5, 21][12, 18][1, 14][1, 23] 
[9, 14, 23, 1, 4, 3, 11, 25, 22, 17, 12, 0, 26, 8, 19][19, 17, 22, 25, 7, 27, 15, 6, 13, 18, 0, 12, 8, 26][0, 25, 7, 4, 24, 20, 14, 11, 17, 18, 12, 8][12, 18][2, 27][2, 10][7, 16][16, 28][10, 29][2, 21][5, 21][5, 21] 
[0, 26, 8, 12, 19, 18, 22, 25, 11, 17, 28][9, 23, 1, 4, 24, 20, 14, 7, 27, 29][15, 10, 2, 16][6, 5, 21, 10][1, 4][7, 28][16, 28][6, 13][1, 3][1, 3][16, 28][16, 28] 
[1, 9, 23, 14, 20, 4, 24, 3, 11][19, 12, 22, 17, 18, 0, 25, 28][13, 6, 5, 21][12, 8, 26][16, 2, 21][7, 25][7, 24][7, 27][27, 29][2, 27][10, 21][10, 15] 
[10, 2, 16, 28, 25, 11][17, 0, 28, 7, 20, 23][5, 21, 10, 15, 27][6, 13, 0, 22, 18][0, 19, 8, 26][4, 24, 23, 9][7, 25][0, 12][14, 20][27, 29][1, 24][3, 4] 
[9, 14, 23, 1, 4, 3, 11, 25, 22, 17, 12, 0, 26, 8, 19][6, 21, 15, 10, 2, 16, 28, 25, 11, 17, 0, 19, 18, 22][8, 12, 18, 17, 11, 14, 20, 24][10, 29][5, 21][2, 27][15, 16][17, 19][7, 25][6, 13][0, 25][2, 10] 
[6, 2, 27, 29, 15, 10, 16, 28, 17, 22, 12, 8, 26, 0, 13][3, 24, 20, 4, 1, 9, 23, 14, 7, 16, 15, 5, 6, 21, 10][4, 23, 9, 14, 11, 17, 22, 18, 13, 0, 25, 28, 16, 27, 29][16, 28, 17, 0, 26, 8, 12, 19, 18, 22, 25, 11, 14, 3, 23][4, 24, 7, 20, 23, 9, 1, 3, 14, 11, 25, 0, 13, 6, 21][13, 6, 2, 29, 27, 10, 7, 20, 4, 23, 1, 3, 9, 14, 24][0, 26, 8, 12, 18, 17, 11, 14, 20, 24, 4, 23, 3, 9, 1][5, 21, 10, 2, 29, 27, 16, 7, 28, 0, 19, 17, 12, 8, 26][1, 23, 24, 3, 11, 17, 0, 13, 6, 21, 2, 29, 10, 15, 5][26, 8, 12, 0, 22, 19, 18, 13, 6, 21, 5, 15, 2, 10, 29][5, 15, 21, 10, 6, 2, 27, 29][5, 15, 21, 10, 6, 2, 27, 29] 
[3, 24, 20, 4, 1, 9, 23, 14, 7, 16, 15, 5, 6, 10][4, 23, 9, 14, 11, 17, 22, 18, 0, 25, 28, 16, 27, 29][15, 6, 13, 0, 26, 8, 19, 18, 22, 25, 11, 14, 3, 23][5, 21, 10, 2, 27, 16, 7, 28, 0, 19, 17, 12, 8, 26][4, 24, 7, 25, 0, 18, 13, 6, 5, 21, 2, 27, 16][26, 8, 12, 0, 22, 19, 18, 13, 6, 21, 15, 10, 29][1, 23, 24][0, 13][27, 29][6, 13][0, 26][27, 29] 
[8, 26, 0, 25, 7, 16, 15, 10, 6, 5, 21, 2, 29, 27][1, 9, 23, 14, 20, 4, 24, 3, 11][13, 18, 17, 22, 12, 19][6, 13][7, 24][12, 22][5, 21][4, 24][5, 21][0, 28][7, 24][9, 23] 
[9, 23, 1, 4, 24, 20, 14, 7, 27, 29][5, 6, 13, 18, 22, 17, 0, 28, 7][11, 25, 22, 18, 19, 12, 8, 26][6, 21, 15, 10, 2, 16][11, 25, 22, 19, 8, 26][1, 3][0, 12][0, 12][6, 13][6, 13][6, 13][6, 13] 
[26, 0, 25, 7, 16, 15, 10, 6, 5, 21, 2, 29, 27][14, 9, 1, 23, 20, 7, 25, 22, 19, 8, 26][7, 28, 0, 17, 11][3, 24, 4, 20][6, 13][10, 21][17, 18][2, 16][2, 29][5, 21][16, 28][12, 22] 
[5, 6, 13, 18, 22, 17, 0, 28, 7, 27][11, 25, 28, 16, 2, 10, 15, 21][9, 3, 23, 4, 24, 20][0, 26, 8][7, 20][0, 12][0, 19][6, 13][14, 20][1, 24][2, 29][6, 13] 
[5, 21, 15, 10, 27, 7, 25, 22, 17, 0, 13, 6, 16, 28][21, 5, 15, 2, 10, 6, 13, 18, 0, 12, 8, 26][19, 8, 26, 0, 25, 7, 16, 15, 6, 21, 2, 27][17, 12, 18, 13, 6, 2, 29, 10, 16, 28, 0, 26][5, 21, 10, 29, 27, 7, 28, 0, 19, 12, 8][1, 9, 23, 14, 20, 4, 24, 3, 11][13, 18, 17, 19, 12, 22, 25][24, 7, 28, 25][21, 2, 29][0, 25][12, 22][12, 22] 
[11, 3, 24, 14, 9, 1, 23, 20, 7, 25, 22, 12, 19, 8, 26][1, 3, 23, 4, 24, 7, 25, 0, 18, 13, 6, 21, 10, 2, 16][2, 29, 10, 6, 13, 0, 25, 11, 14, 23, 9, 3, 1, 4, 20][16, 28, 17, 11, 25, 22, 18, 12, 8, 26, 0, 13, 6, 10, 27][2, 21, 5, 15, 10, 27, 7, 25, 22, 0, 13, 6, 16, 28][10, 2, 6, 13, 18, 17, 11, 3, 1, 24, 20, 7, 27, 29][14, 11, 17, 0, 26, 8, 19, 18, 13, 6, 16, 27, 15, 21][22, 19, 17, 12, 8, 26, 0, 28, 16, 10, 15, 2, 29][21, 6, 2, 16, 7, 14, 24, 20, 23, 3, 11, 17, 22][5, 6, 13, 0, 12, 19, 17, 28, 16, 15, 2, 27][21, 10, 7, 28, 25, 11, 14, 20, 4, 24, 23][1, 14, 11, 25, 7, 2, 29, 15, 6, 5] 
[14, 9, 1, 23, 20, 7, 25, 22, 12, 19, 8, 26][3, 23, 4, 24, 20, 14, 11, 17, 18, 12, 8, 26][11, 17, 28, 7, 20, 23][6, 5, 21, 10][16, 2, 21][2, 27, 29][2, 15][16, 28][0, 28][1, 4][1, 24][6, 13] 
[2, 10, 6, 13, 18, 0, 12, 8, 26][8, 19, 22, 17, 11, 3, 1, 23][11, 17, 0, 28, 7, 20, 23][1, 14, 9, 3, 24, 7, 25][6, 13, 0, 22, 18][5, 21, 10, 15, 27][8, 26, 0, 22, 12][4, 24, 23, 9][7, 10, 15][16, 2, 21][3, 4, 20][27, 29] 
[1, 9, 14, 20, 4, 24, 23, 3, 11, 17, 18, 0, 28, 7, 16][24, 3, 4, 14, 9, 1, 23, 20, 7, 25, 22, 12, 8, 26][4, 14, 23, 20, 7, 25, 22, 19, 8, 26][13, 6, 2, 27, 16][15, 10, 29][2, 21][2, 10][5, 21][2, 10][11, 17][1, 14][11, 17] 
[1, 9, 14, 20, 4, 24, 23, 3, 11, 17, 18, 0, 28, 7, 16][3, 4, 14, 9, 1, 23, 20, 7, 25, 22, 12, 19, 8, 26][13, 6, 2, 27, 16, 28, 17, 22, 12, 8, 26][0, 22, 19, 12, 17, 11, 25, 7, 24, 14][15, 10, 29][5, 21][11, 17][1, 14][2, 10][1, 3][1, 24][2, 21] 
[14, 9, 1, 3, 23, 20, 7, 25, 22, 18, 0, 12, 19][2, 10, 7, 20, 24, 4, 1, 23, 14, 11, 17][7, 27, 15, 6, 13, 18, 0, 12, 8, 26][2, 21][16, 28][15, 27][27, 29][7, 16][5, 21][12, 18][1, 14][1, 23] 
[9, 14, 23, 1, 4, 3, 11, 25, 22, 17, 12, 0, 26, 8, 19][19, 17, 22, 25, 7, 27, 15, 6, 13, 18, 0, 12, 8, 26][0, 25, 7, 4, 24, 20, 14, 11, 17, 18, 12, 8][12, 18][2, 27][2, 10][7, 16][16, 28][10, 29][2, 21][5, 21][5, 21] 
[0, 26, 8, 12, 19, 18, 22, 25, 11, 17, 28][9, 23, 1, 4, 24, 20, 14, 7, 27, 29][15, 10, 2, 16][6, 5, 21, 10][1, 4][7, 28][16, 28][6, 13][1, 3][1, 3][16, 28][16, 28] 
[3, 23, 9, 1, 14, 20, 4, 24, 7, 10][11, 25, 22, 17, 12, 0, 26, 8, 19][6, 5, 21][6, 13, 18][25, 28][7, 25][16, 28][15, 16][2, 21][2, 10][2, 27][27, 29] 
[10, 2, 16, 28, 25, 11][17, 0, 28, 7, 20, 23][5, 21, 10, 15, 27][6, 13, 0, 22, 18][0, 19, 8, 26][4, 24, 23, 9][27, 29][1, 24][0, 12][3, 4][14, 20][7, 25] 
[9, 14, 23, 1, 4, 3, 11, 25, 22, 17, 12, 0, 26, 8, 19][6, 21, 15, 10, 2, 16, 28, 25, 11, 17, 0, 19, 18, 22][8, 12, 18, 17, 11, 14, 20, 24][10, 29][5, 21][2, 27][15, 16][17, 19][7, 25][6, 13][0, 25][2, 10] 
[6, 2, 27, 29, 15, 10, 16, 28, 17, 22, 12, 8, 26, 0, 13][3, 24, 20, 4, 1, 9, 23, 14, 7, 16, 15, 5, 6, 21, 10][4, 23, 9, 14, 11, 17, 22, 18, 13, 0, 25, 28, 16, 27, 29][17, 28, 0, 26, 8, 12, 19, 18, 22, 25, 11, 14, 3, 23, 24][4, 24, 14, 1, 3, 11, 17, 12, 0, 28, 25, 22, 19, 18, 13][13, 6, 2, 29, 27, 10, 7, 20, 4, 23, 1, 3, 9, 14, 24][0, 26, 8, 12, 18, 17, 11, 14, 20, 24, 4, 23, 3, 9, 1][5, 21, 10, 2, 29, 27, 16, 7, 28, 0, 19, 17, 12, 8, 26][1, 23, 24, 3, 11, 17, 0, 13, 6, 21, 2, 29, 10, 15, 5][26, 8, 12, 0, 22, 19, 18, 13, 6, 21, 5, 15, 2, 10, 29][5, 15, 21, 10, 6, 2, 27, 29][5, 15, 21, 10, 6, 2, 27, 29] 
[7, 27, 2, 21, 5, 15, 29, 10, 6, 13, 18, 17, 22, 12, 19][8, 26, 0, 25, 7, 16, 15, 10, 6, 5, 21, 2, 29, 27][8, 26, 0, 25, 7, 16, 15, 10, 6, 5, 21, 2, 29, 27][19, 8, 26, 0, 25, 7, 16, 15, 6, 21, 2, 27][1, 3, 14, 11, 25, 0, 17, 18, 22, 12, 8, 19][8, 26, 0, 13, 18, 17, 22, 12, 19][1, 9, 23, 14, 20, 4, 24, 3, 11][24, 7, 28, 25][21, 2, 29][6, 13][12, 22][12, 22] 
[8, 26, 0, 25, 7, 16, 15, 10, 6, 5, 21, 2, 29, 27][1, 9, 23, 14, 20, 4, 24, 3, 11][13, 18, 17, 22, 12, 19][13, 6, 5, 15, 29][7, 24][12, 22][5, 21][4, 24][5, 21][0, 28][7, 24][9, 23] 
[9, 23, 1, 4, 24, 20, 14, 7, 27, 29][5, 6, 13, 18, 22, 17, 0, 28, 7][11, 25, 22, 18, 19, 12, 8, 26][6, 21, 15, 10, 2, 16][11, 25, 22, 19, 8, 26][1, 3][0, 12][0, 12][6, 13][6, 13][6, 13][6, 13] 
[16, 6, 13, 0, 17, 22, 25, 7, 27, 10, 15, 21][9, 23, 1, 4, 24, 20, 14, 7, 27, 29][11, 25, 22, 18, 19, 12, 8, 26][6, 13][7, 28][2, 21][1, 3][5, 21][6, 13][2, 29][6, 13][22, 25] 
[5, 6, 13, 18, 22, 17, 0, 28, 7, 27][11, 25, 28, 16, 2, 10, 15, 21][9, 3, 23, 4, 24, 20][0, 26, 8][7, 20][0, 12][0, 19][6, 13][14, 20][1, 24][2, 29][6, 13] 
[5, 21, 15, 10, 27, 7, 25, 22, 17, 0, 13, 6, 16, 28][21, 5, 15, 2, 10, 6, 13, 18, 0, 12, 8, 26][19, 8, 26, 0, 25, 7, 16, 15, 6, 21, 2, 27][17, 12, 18, 13, 6, 2, 29, 10, 16, 28, 0, 26][5, 21, 10, 29, 27, 7, 28, 0, 19, 12, 8][1, 9, 23, 14, 20, 4, 24, 3, 11][12, 19, 17, 18, 13][24, 7, 28, 25][21, 2, 29][0, 25][12, 22][12, 22] 
[11, 3, 24, 14, 9, 1, 23, 20, 7, 25, 22, 12, 19, 8, 26][1, 3, 23, 4, 24, 7, 25, 0, 18, 13, 6, 21, 10, 2, 16][2, 29, 10, 6, 13, 0, 25, 11, 14, 23, 9, 3, 1, 4, 20][16, 28, 17, 11, 25, 22, 18, 12, 8, 26, 0, 13, 6, 10, 27][2, 21, 5, 15, 10, 27, 7, 25, 22, 0, 13, 6, 16, 28][10, 2, 6, 13, 18, 17, 11, 3, 1, 24, 20, 7, 27, 29][14, 11, 17, 0, 26, 8, 19, 18, 13, 6, 16, 27, 15, 21][22, 19, 17, 12, 8, 26, 0, 28, 16, 10, 15, 2, 29][21, 6, 2, 16, 7, 14, 24, 20, 23, 3, 11, 17, 22][5, 6, 13, 0, 12, 19, 17, 28, 16, 15, 2, 27][21, 10, 7, 28, 25, 11, 14, 20, 4, 24, 23][1, 14, 11, 25, 7, 2, 29, 15, 6, 5] 
[14, 9, 1, 23, 20, 7, 25, 22, 12, 19, 8, 26][3, 23, 4, 24, 20, 14, 11, 17, 18, 12, 8, 26][11, 17, 28, 7, 20, 23][6, 5, 21, 10][16, 2, 21][2, 27, 29][2, 15][16, 28][0, 28][1, 4][1, 24][6, 13] 
[2, 10, 6, 13, 18, 0, 12, 8, 26][8, 19, 22, 17, 11, 3, 1, 23][11, 17, 0, 28, 7, 20, 23][1, 14, 9, 3, 24, 7, 25][6, 13, 0, 22, 18][5, 21, 10, 15, 27][8, 26, 0, 22, 12][4, 24, 23, 9][7, 10, 15][16, 2, 21][3, 4, 20][27, 29] 
[1, 9, 14, 20, 4, 24, 23, 3, 11, 17, 18, 0, 28, 7, 16][24, 3, 4, 14, 9, 1, 23, 20, 7, 25, 22, 12, 8, 26][4, 14, 23, 20, 7, 25, 22, 19, 8, 26][13, 6, 2, 27, 16][15, 10, 29][2, 21][2, 10][5, 21][2, 10][11, 17][1, 14][11, 17] 
[1, 9, 14, 20, 4, 24, 23, 3, 11, 17, 18, 0, 28, 7, 16][3, 4, 14, 9, 1, 23, 20, 7, 25, 22, 12, 19, 8, 26][13, 6, 2, 27, 16, 28, 17, 22, 12, 8, 26][0, 22, 19, 12, 17, 11, 25, 7, 24, 14][15, 10, 29][5, 21][11, 17][1, 14][2, 10][1, 3][1, 24][2, 21] 
[14, 9, 1, 3, 23, 20, 7, 25, 22, 18, 0, 12, 19][2, 10, 7, 20, 24, 4, 1, 23, 14, 11, 17][7, 27, 15, 6, 13, 18, 0, 12, 8, 26][2, 21][16, 28][15, 27][27, 29][7, 16][5, 21][12, 18][1, 14][1, 23] 
[9, 14, 23, 1, 4, 3, 11, 25, 22, 17, 12, 0, 26, 8, 19][19, 17, 22, 25, 7, 27, 15, 6, 13, 18, 0, 12, 8, 26][0, 25, 7, 4, 24, 20, 14, 11, 17, 18, 12, 8][12, 18][2, 27][2, 21][2, 10][7, 16][10, 29][5, 21][16, 28][2, 10] 
[26, 0, 25, 7, 16, 15, 10, 6, 5, 21, 2, 29, 27][3, 4, 14, 9, 1, 23, 20, 7][12, 19, 22, 25, 28, 17, 18][11, 17][17, 22][8, 26][7, 24][2, 29][1, 14][1, 9][2, 21][13, 18] 
[5, 21, 15, 10, 27, 7, 25, 22, 17, 0, 13, 6, 16, 28][21, 5, 15, 2, 10, 6, 13, 18, 0, 12, 8, 26][19, 8, 26, 0, 25, 7, 16, 15, 6, 21, 2, 27][17, 12, 18, 13, 6, 2, 29, 10, 16, 28, 0, 26][5, 21, 10, 29, 27, 7, 28, 0, 19, 12, 8][1, 9, 23, 14, 20, 4, 24, 3, 11][12, 19, 17, 18, 13][24, 7, 28, 25][21, 2, 29][0, 25][12, 22][12, 22] 
[6, 2, 27, 29, 15, 10, 16, 28, 17, 22, 12, 8, 26, 0, 13][3, 24, 20, 4, 1, 9, 23, 14, 7, 16, 15, 5, 6, 21, 10][4, 23, 9, 14, 11, 17, 22, 18, 13, 0, 25, 28, 16, 27, 29][17, 28, 0, 26, 8, 12, 19, 18, 22, 25, 11, 14, 3, 23, 24][4, 24, 14, 1, 3, 11, 17, 12, 0, 28, 25, 22, 19, 18, 13][13, 6, 2, 29, 27, 10, 7, 20, 4, 23, 1, 3, 9, 14, 24][0, 26, 8, 12, 18, 17, 11, 14, 20, 24, 4, 23, 3, 9, 1][5, 21, 10, 2, 29, 27, 16, 7, 28, 0, 19, 17, 12, 8, 26][1, 23, 24, 3, 11, 17, 0, 13, 6, 21, 2, 29, 10, 15, 5][26, 8, 12, 0, 22, 19, 18, 13, 6, 21, 5, 15, 2, 10, 29][5, 15, 21, 10, 6, 2, 27, 29][5, 15, 21, 10, 6, 2, 27, 29] 
[14, 9, 1, 23, 20, 7, 25, 22, 12, 19, 8, 26][3, 23, 4, 24, 20, 14, 11, 17, 18, 12, 8, 26][11, 17, 28, 7, 20, 23][6, 5, 21, 10][16, 2, 21][2, 27, 29][2, 15][16, 28][0, 28][1, 4][1, 24][6, 13] 
[14, 9, 1, 3, 23, 20, 7, 25, 22, 18, 0, 12, 19][2, 10, 7, 20, 24, 4, 1, 23, 14, 11, 17][7, 27, 15, 6, 13, 18, 0, 12, 8, 26][2, 21][16, 28][15, 27][27, 29][7, 16][5, 21][12, 18][1, 14][1, 23] 
[5, 6, 13, 18, 22, 17, 0, 28, 7, 27][11, 25, 28, 16, 2, 10, 15, 21][9, 3, 23, 4, 24, 20][0, 26, 8][7, 20][0, 12][0, 19][6, 13][14, 20][1, 24][2, 29][6, 13] 
[1, 9, 23, 14, 20, 4, 24, 3][5, 15, 10, 29, 27, 7][13, 18, 22, 17, 0, 28][19, 12, 8, 26][16, 28, 25][7, 25][11, 25][7, 20][2, 15][6, 13][0, 12][10, 21] 
[9, 14, 23, 1, 4, 3, 11, 25, 22, 17, 12, 0, 26, 8, 19][19, 17, 22, 25, 7, 27, 15, 6, 13, 18, 0, 12, 8, 26][0, 25, 7, 4, 24, 20, 14, 11, 17, 18, 12, 8][12, 18][2, 27][2, 21][2, 10][7, 16][10, 29][5, 21][16, 28][2, 10] 
[10, 2, 16, 28, 25, 11][17, 0, 28, 7, 20, 23][5, 21, 10, 15, 27][6, 13, 0, 22, 18][0, 19, 8, 26][4, 24, 23, 9][7, 25][0, 12][14, 20][27, 29][1, 24][3, 4] 
[9, 23, 20, 4, 24, 1, 3, 11, 25, 28, 7, 10, 27, 29][26, 8, 12, 0, 22, 19, 18, 13, 6, 21, 15, 2, 10, 29][3, 24, 20, 4, 1, 9, 23, 14, 7, 16, 15, 5, 21, 10][0, 26, 8, 12, 18, 17, 11, 14, 20, 24, 23, 3, 9][2, 29, 27, 16, 7, 25, 28, 0, 19, 17, 12, 8, 26][17, 0, 28, 7, 20, 23][17, 0, 28, 7, 20, 23][6, 13, 0, 22, 18][7, 25][27, 29][4, 24][0, 12] 
[1, 9, 14, 20, 4, 24, 23, 3, 11, 17, 18, 0, 28, 7, 16][24, 3, 4, 14, 9, 1, 23, 20, 7, 25, 22, 12, 8, 26][4, 14, 23, 20, 7, 25, 22, 19, 8, 26][13, 6, 2, 27, 16][15, 10, 29][2, 21][2, 10][5, 21][2, 10][11, 17][1, 14][11, 17] 
[0, 26, 8, 12, 19, 18, 22, 25, 11, 17, 28][9, 23, 1, 4, 24, 20, 14, 7, 27][6, 21, 15, 10, 2, 16][1, 3][27, 29][7, 28][16, 28][6, 13][5, 21][6, 13][5, 21][16, 28] 
[9, 23, 1, 4, 24, 20, 14, 7, 27, 29][5, 6, 13, 18, 22, 17, 0, 28, 7][11, 25, 22, 18, 19, 12, 8, 26][6, 21, 15, 10, 2, 16][11, 25, 22, 19, 8, 26][1, 3][0, 12][0, 12][6, 13][6, 13][6, 13][6, 13] 
[11, 3, 24, 14, 9, 1, 23, 20, 7, 25, 22, 12, 19, 8, 26][1, 3, 23, 4, 24, 7, 25, 0, 18, 13, 6, 21, 10, 2, 16][2, 29, 10, 6, 13, 0, 25, 11, 14, 23, 9, 3, 1, 4, 20][16, 28, 17, 11, 25, 22, 18, 12, 8, 26, 0, 13, 6, 10, 27][2, 21, 5, 15, 10, 27, 7, 25, 22, 0, 13, 6, 16, 28][10, 2, 6, 13, 18, 17, 11, 3, 1, 24, 20, 7, 27, 29][14, 11, 17, 0, 26, 8, 19, 18, 13, 6, 16, 27, 15, 21][22, 19, 17, 12, 8, 26, 0, 28, 16, 10, 15, 2, 29][21, 6, 2, 16, 7, 14, 24, 20, 23, 3, 11, 17, 22][5, 6, 13, 0, 12, 19, 17, 28, 16, 15, 2, 27][21, 10, 7, 28, 25, 11, 14, 20, 4, 24, 23][1, 14, 11, 25, 7, 2, 29, 15, 6, 5] 
[1, 9, 14, 20, 4, 24, 23, 3, 11, 17, 18, 0, 28, 7, 16][3, 4, 14, 9, 1, 23, 20, 7, 25, 22, 12, 19, 8, 26][13, 6, 2, 27, 16, 28, 17, 22, 12, 8, 26][0, 22, 19, 12, 17, 11, 25, 7, 24, 14][15, 10, 29][5, 21][11, 17][1, 14][2, 10][1, 3][1, 24][2, 21] 
[8, 26, 0, 25, 7, 16, 15, 10, 6, 5, 21, 2, 29, 27][1, 9, 23, 14, 20, 4, 24, 3, 11][18, 17, 22, 12, 19][24, 7, 28][2, 29][12, 17][13, 18][6, 13][13, 18][9, 23][13, 18][9, 23] 
