80294.1943312448 10011.047815986296 0.22800256904303148 0.02569043031470777 95.0 90.0 1.3368983957219251 
186065.84994099604 7691.123945127827 0.33337615621788286 0.0044964028776978415 167.0 99.0 1.0895424836601308 
109116.93134006282 9276.519408469909 0.1149805156153514 4.867486796942064E-6 126.0 128.0 1.912650966183575 
123005.0 8352.817059519219 0.481053307642903 0.0892742453436095 113.0 71.0 0.0 
151800.0 8221.652207500843 0.3764201684130411 0.08670520231213873 131.0 77.0 0.5606060606060606 
83445.0 8210.782225563285 0.19012766427871064 0.22286448298008993 89.0 74.0 0.0 
62225.0 8770.577707069704 0.37122671804752727 0.2774566473988439 67.0 71.0 0.0 
133426.71994148204 8539.414220502746 0.11624919717405266 0.0 147.0 111.0 1.5730072463768114 
98942.5795853745 10400.26627314033 0.09313960887441991 2.8326435924252416E-17 114.0 144.0 2.8736249258942097 
126665.0 5179.047184458455 0.14067317591437642 0.03789825230696364 141.0 79.0 0.0 
94021.49363424958 10588.665914452524 0.11626413155165492 0.0 98.0 119.0 2.478537047265841 
114270.0 6578.889878145703 0.18047527296082208 0.0 136.0 104.0 1.7793522267206479 
101522.11480924075 9800.192237025034 0.09317046842153986 3.3004149397246685E-7 112.0 129.0 1.584329885800474 
96195.00000000001 8659.950927932494 0.17406941283671767 0.0 100.0 93.0 1.9929323308270677 
109035.0 7264.396090268428 0.34104046242774566 0.016698779704560053 105.0 86.0 1.3225806451612903 
110677.59994707652 11020.059591457037 0.05333000375469622 3.052494899298337E-5 121.0 150.0 2.423354838983338 
168820.0 7205.042410222513 0.4085205005345778 0.027617542629804828 164.0 73.0 0.0 
106798.26687806722 11492.307400957761 0.12268756453079047 6.252391518230011E-10 108.0 135.0 2.3076923076923075 
96201.38861953001 11379.90427819554 0.0867242597604454 0.0 118.0 155.0 3.161567971670274 
104227.62798844092 8155.728519698821 0.1548047250921832 0.021839670759893064 126.0 96.0 1.2896739130434782 
82262.33434497997 15252.588126765757 0.10597302504816955 0.0 84.0 145.0 2.740120479036168 
90527.41077282657 11570.494320583908 0.06747796946600781 0.0 100.0 143.0 2.397258297258297 
113395.0 9110.261536761802 0.3731961588518546 0.003211633830832444 119.0 86.0 0.2974828375286041 
106981.92433185045 7930.761819958141 0.10340398201669879 0.0 119.0 112.0 2.3067339637107076 
117839.11717456735 9607.466512550962 0.13681887032101078 1.9393010980272744E-9 125.0 117.0 1.2927716885163694 
141560.0 7118.844230669064 0.3840719332048812 0.03147077713551702 137.0 83.0 0.0 
88465.0 9868.447249471776 0.16184971098265896 0.02697495183044316 86.0 85.0 0.97165991902834 
125425.0 7304.743016908405 0.37700706486833657 0.04367373153500321 142.0 77.0 0.1978494623655914 
154440.0 7830.7786829366105 0.14322414900449582 0.006422607578676943 166.0 108.0 2.124758220502901 
64620.0 6731.241800768445 0.17728674223628488 0.2929085297992692 83.0 83.0 1.3763832658569501 
104628.23276524943 10277.066227560661 0.1586627474994577 3.358172269776479E-5 109.0 105.0 1.539649209486166 
113821.06788037634 11177.780193315819 0.07708119218914943 2.247746645801829E-22 120.0 171.0 2.664980342275671 
68175.0 8274.14352984015 0.1740792303100878 0.23763672791037554 89.0 95.0 1.5514765900483218 
88992.68457634228 14042.035438892352 0.06679511881824021 0.0 88.0 146.0 2.745561594202899 
85320.0 6754.572166551377 0.2543352601156069 0.10404624277456648 106.0 81.0 1.08 
86467.29545203266 12652.313889348014 0.0674373795761079 0.0 96.0 149.0 2.7796255235279625 
135860.0 7536.12301180868 0.2761721258831085 0.02697495183044316 137.0 100.0 1.4408602150537635 
98988.44123537149 13641.678119959231 0.09955041746949261 0.0 91.0 153.0 2.64242762068849 
49175.0 8221.987951807227 0.11947757841706855 0.38924681416801654 63.0 74.0 0.0 
117200.0 7695.066036352344 0.35131663455362877 0.15542710340398203 121.0 71.0 0.0 
50815.0 9617.661531826576 0.10918432883750803 0.3815028901734104 61.0 88.0 0.9050505050505051 
88835.0 7667.420814479638 0.2768499488562758 0.13810380240721612 98.0 81.0 0.0 
108769.2621239749 11691.473149061158 0.09313977850478626 4.2389095038847526E-11 102.0 130.0 1.9900140427523794 
144530.0 6159.291459258631 0.15093127809890816 0.006422607578676943 158.0 89.0 0.3855072463768116 
119200.0 7986.339378381084 0.09763617677298041 1.3622743895846096E-14 135.0 124.0 1.8057971014492755 
130295.20388106183 8187.520467125135 0.1438664097623635 0.0 148.0 113.0 2.177051848407347 
76435.0 7973.715513602703 0.21708413615928066 0.2459858702633269 84.0 82.0 0.0 
198885.0 7055.287866315209 0.46377183967112023 4.2266056167325946E-80 162.0 80.0 0.7670454545454546 
98400.0 6188.362723132753 0.2543679300269898 0.104059607738314 119.0 81.0 1.08 
99270.0 8134.327846543608 0.23892100192678228 0.11753371868978806 107.0 93.0 0.7464114832535884 
91781.55337632657 15022.49380977762 0.06038026721481999 0.0 87.0 152.0 1.9367925863044708 
196370.9240622141 7269.047894387805 0.45606372045220966 8.52880771084703E-127 165.0 83.0 0.7670454545454546 
93270.0 7712.5847169560075 0.25629471230059286 0.12204290895860945 102.0 79.0 0.0 
162085.90759089837 7726.860964719064 0.33209666168780516 0.0025693730305756547 174.0 96.0 0.5514705882352942 
57210.0 9430.094885447725 0.09312780989081568 0.29543994861913936 69.0 91.0 0.9975 
102140.4517586798 12206.231201837389 0.09506350329535329 0.0 93.0 133.0 2.4584551656920075 
59850.0 7245.102142147819 0.1682723185613359 0.3301220295439949 71.0 79.0 1.074074074074074 
171660.0 7341.97187704382 0.3872832369942196 0.014129736673089274 174.0 78.0 0.0 
85475.0 10033.689478888033 0.20745022479126526 0.029543994861913937 76.0 76.0 0.0 
84039.04913982369 14398.288387566894 0.09635371614054497 1.64999552438714E-6 82.0 141.0 2.682574794474108 
91215.0 8690.551537070527 0.38411582442187725 0.08093401296649526 108.0 71.0 0.0 
91630.0 6243.9362662882195 0.26011560693641617 0.2113037893384714 110.0 85.0 1.0666666666666667 
95424.1973608947 14017.78341778551 0.06937315432531889 0.0 90.0 151.0 2.10421826625387 
73390.0 8697.75643757252 0.17405266538214514 0.2145150931278099 90.0 96.0 1.3642178362573099 
178477.198813907 7539.278179972913 0.3725112395632627 0.002569043031470777 183.0 92.0 0.5514705882352942 
81785.71085960016 13477.277294446978 0.10211946050096339 0.0 96.0 148.0 2.105070397132261 
101395.0 7690.744101633393 0.22157996146435452 0.03982016698779704 107.0 79.0 0.0 
118320.0 6238.702235892582 0.17212588310854207 0.006422607578676943 138.0 84.0 1.0606060606060606 
83590.16738372689 11528.95764451449 0.17405266538214514 6.422607578676942E-4 77.0 106.0 1.2229601518026565 
147780.0 5745.542119503529 0.15930112993062853 6.25319475455044E-10 165.0 90.0 1.6334239130434782 
52355.0 6920.783132530118 0.10918432883750803 0.3815028901734104 66.0 79.0 0.0 
45460.0 9558.383305349003 0.10982658959537572 0.40783558124598585 43.0 71.0 0.0 
71580.0 7971.5353000879095 0.1329479768786127 0.28644829800899163 83.0 87.0 1.243859649122807 
104285.0 6112.205465971378 0.15929989258208568 0.029547789851620026 131.0 87.0 0.5408653846153846 
157540.0 7287.578844105181 0.40012845215157355 0.11175337186897881 134.0 72.0 0.0 
70487.31575394253 11453.172470732483 0.12589845575795416 0.1837101766251233 75.0 102.0 1.283939393939394 
82345.0 6545.225494357542 0.23252826288123127 0.2100462487153134 117.0 98.0 1.3927875243664718 
138245.0 7711.216729416686 0.3930635838150289 0.12267180475272961 133.0 71.0 0.0 
67385.0 11300.783568895615 0.17150565176230784 0.183710174717614 64.0 86.0 0.1606060606060606 
72865.91428571523 11648.731925475615 0.09442446043165875 0.1252569373072875 67.0 88.0 1.4280701754385965 
86870.0 8420.71820655934 0.34169312431443305 0.07129094416570317 112.0 72.0 0.15177478580171358 
120957.84652150823 6544.416791407855 0.12395632626846499 0.0 150.0 121.0 1.738119312436805 
172243.98130120512 9091.145819546415 0.4310110955249853 0.0 143.0 84.0 1.0303030303030303 
54555.0 9573.133827788803 0.14771997430956968 0.36416184971098264 65.0 70.0 0.0 
173768.59972849546 7435.5637800272025 0.34938985228002567 0.0 165.0 102.0 1.0666666666666669 
65080.0 9201.640374144907 0.2729608220937701 0.29543994861913936 71.0 71.0 0.0 
149490.0 7198.089844086484 0.3789833470076713 0.10213257796538226 148.0 71.0 0.6176470588235294 
150865.0 5127.868778999426 0.3622350674373796 0.03789338471419396 159.0 77.0 0.0 
139895.0 5112.209040081348 0.1233140655105973 0.03789338471419396 155.0 86.0 0.3855072463768116 
64540.0 11843.046431673805 0.17214948120280746 0.2318859200263111 56.0 90.0 0.529891304347826 
54480.0 7009.621588219681 0.15285806037251123 0.3519588953114965 72.0 78.0 1.0666666666666667 
95110.0 6566.221651112795 0.14644073277951233 0.043722901401629946 124.0 95.0 0.5758298270219729 
47315.0 8152.990339737324 0.09826589595375723 0.42324983943481054 58.0 77.0 0.0 
69835.0 6505.198521825025 0.18949126413161582 0.26143371017464245 97.0 89.0 1.4333333333333333 
131235.0 5974.167232244505 0.19781631342324985 0.01348747591522158 144.0 81.0 1.2 
74850.0 6449.411375705475 0.18948928327814185 0.26143371120209885 94.0 86.0 1.6206140350877194 
78532.37688531181 12920.637936064766 0.11368015414258188 0.012845215157353885 84.0 124.0 1.6823798627002289 
134550.0 5480.262349058764 0.21066152858060372 0.0 144.0 81.0 1.1176470588235294 
51920.0 11331.210906313065 0.11241007008768489 0.37191674617582604 64.0 115.0 1.65 
166037.8326400729 7187.258620979431 0.41623603845974566 0.0 175.0 82.0 0.0 
66535.0 6580.420572200682 0.1984840698871463 0.28584275436773005 93.0 93.0 0.8888888888888888 
106885.0 5633.134649002715 0.14065510597302505 0.03789338471419396 125.0 79.0 0.0 
77285.0 10857.415879507424 0.1483810474329042 0.13874556836776658 73.0 86.0 0.8712121212121212 
59775.0 10260.627351475672 0.15157353885677585 0.2761721258831085 56.0 81.0 0.0 
159070.0 4558.469236471458 0.4258188824662813 0.0 185.0 81.0 2.0625 
43425.0 9496.724122858308 0.22286448298008993 0.43288375080282593 44.0 70.0 0.0 
56400.0 7175.910957353941 0.1123956326268465 0.371868978805395 68.0 81.0 0.0 
38960.0 9557.49147634991 0.15350032113037893 0.5080282594733462 50.0 77.0 0.0 
41825.0 8240.925564538611 0.1920359666024406 0.48233782915863843 52.0 70.0 0.0 
192065.0 5066.794906833013 0.33269107257546565 0.03789338471419396 175.0 85.0 0.4444444444444444 
47970.0 10130.761645601227 0.11624919717405266 0.38599871547848424 45.0 74.0 0.0 
79635.0 6339.815856716938 0.21965317919075145 0.22607578676942838 119.0 99.0 1.9345864661654135 
