103782.63540806696 9769.925543412497 0.12590604610798095 3.795477180683369E-6 120.0 133.0 2.2220619658119656 
85551.63187436166 8893.382988077214 0.18561335902376364 0.029543994861913937 93.0 85.0 0.5383928571428571 
133390.0 8127.223530907678 0.2023121387283237 0.0 137.0 96.0 1.7256038647342997 
81432.11591739263 11278.70249769618 0.15030832599799387 0.009635149023638231 81.0 107.0 0.9767350928641252 
131058.25701332871 7395.268165231144 0.12845215157353887 0.029543994861913937 165.0 128.0 2.769673913043478 
155770.0 5749.66981743419 0.3899001298958977 0.006422607578676943 163.0 80.0 1.0666666666666667 
115898.41621195468 8589.26871966362 0.10533076429030186 0.0 147.0 142.0 2.959740802675585 
93283.57219985133 11225.46840733798 0.07965056526190722 0.0 109.0 151.0 2.7017857142857142 
85282.42144132525 11502.246882024665 0.14001284521515736 0.0 86.0 108.0 0.940527950310559 
96746.85604806711 11564.038426992329 0.40724604393855474 1.1137469789613195E-5 97.0 95.0 1.192490118577075 
101925.0 7833.960601732485 0.170199100834939 0.10789980732177264 118.0 86.0 0.7638352638352639 
88535.0 7619.2878105020445 0.20488118175979447 0.12973667308927425 91.0 79.0 0.0 
103967.90556891626 12181.35392564966 0.13296777682490535 2.507993197068453E-5 102.0 125.0 1.5629069206655415 
109324.98547404697 10071.779890884309 0.33207240675359667 6.418482589865975E-5 109.0 98.0 0.45186880244088484 
149220.0 8363.717098131938 0.14322414900449582 0.006422607578676943 166.0 134.0 2.693840579710145 
138960.23144206227 8771.337587780428 0.12590356848657047 0.0 141.0 132.0 2.4426877470355732 
82629.97318994883 12405.632787858189 0.18689788053949905 0.011560693641618497 76.0 99.0 0.11466011466011466 
103965.0 7145.114638447973 0.18240205523442518 0.11624919717405266 124.0 79.0 0.0 
121270.0 7020.675802904809 0.22286448298008993 0.05138086062941554 126.0 75.0 0.0 
126985.0 8420.769819751382 0.4104520616487828 0.08670520231213873 121.0 77.0 0.44466403162055335 
81155.0 8409.625791300794 0.10340398201669879 0.2980089916506101 87.0 83.0 0.0 
68305.0 8562.118998232298 0.3353030979903467 0.2556197816313423 86.0 83.0 0.0 
129265.0 7193.742917273757 0.38729916159196515 0.01798346624104515 144.0 77.0 0.0 
114202.6115458675 9227.223480370103 0.09955041746949261 0.0 140.0 144.0 2.7728194591728523 
123480.14334932854 11205.219725194891 0.08093525191513387 0.0 119.0 154.0 2.6271972438130975 
107838.59041189926 10770.625852111229 0.12716763005780346 0.0 116.0 113.0 1.950657894736842 
171775.0 8190.279488927089 0.3692999357739242 0.0 167.0 94.0 0.8711323763955343 
81458.00802581843 13745.22095625072 0.1111111111111111 0.0 86.0 153.0 1.9704462204462205 
64665.0 9091.705336686977 0.23956326268464997 0.279383429672447 63.0 77.0 0.0 
84330.0 7815.12459120771 0.1894669235709698 0.17597944765574824 94.0 80.0 0.0 
92582.2585093023 8486.904585037717 0.1445344929501879 0.0 119.0 112.0 1.6110969441965235 
197990.0 5726.078492262192 0.3583815028901734 0.006422607578676943 186.0 93.0 1.7802579365079363 
90425.0 8107.716052011457 0.3018625561978163 0.12780989081567115 106.0 112.0 2.0 
106004.96971108096 9755.0545459377 0.09505459216441875 0.0 116.0 115.0 1.460108329673547 
50780.0 9476.187075024285 0.13808606294155426 0.37572254335260113 49.0 71.0 0.0 
53180.0 9450.02428432661 0.1361592806679512 0.37572254335260113 50.0 79.0 1.3333333333333335 
83460.45457222454 15323.604679558159 0.12332990758733259 1.5895910901849641E-10 87.0 142.0 1.870879120879121 
110178.88694680603 8701.293929378286 0.11884720182349685 0.019281189416536716 130.0 127.0 2.461851332398317 
107065.0 7941.797153553604 0.26396917148362237 0.03789338471419396 123.0 79.0 0.0 
98739.4596848052 10598.703233453407 0.11369178661102881 0.00449582530507386 106.0 124.0 1.1907094594594594 
59480.0 8982.41890807992 0.3378291586384072 0.3352601156069364 69.0 75.0 0.0 
137100.0 5784.614771348322 0.17212588310854207 0.006422607578676943 151.0 82.0 1.0606060606060606 
87025.0 9993.473901570427 0.3840719332048812 0.0892742453436095 72.0 71.0 0.0 
100665.43541808902 9901.288878390344 0.11819074690759901 0.0 120.0 136.0 2.5827332689832687 
114952.56685086903 11165.194833425734 0.08414696820335343 0.0 113.0 138.0 2.472714045851639 
112640.0 10923.433466611314 0.10468850353243417 0.0 114.0 129.0 1.7854166666666667 
72935.0 8081.832004784165 0.35585817060561786 0.2800616649531577 82.0 81.0 1.125 
89633.59790268866 10965.031251410757 0.07837190188797052 2.708872804345105E-13 104.0 142.0 2.199856911783004 
145590.0 7422.67810391713 0.4508670520231214 0.046885035324341684 132.0 77.0 0.0 
91195.86342291368 12847.295655708464 0.13169274278343518 0.0 82.0 125.0 1.6779331779331776 
123936.45876641973 8161.654732413667 0.09892086330932527 0.0 150.0 141.0 2.9789330663615563 
84258.11315192863 12967.156078837925 0.22800256904303148 0.0 82.0 105.0 0.4577973695620755 
79295.0 9810.213724020565 0.20166987797045602 0.18625561978163135 78.0 87.0 1.3888888888888888 
114980.0 7201.856022878224 0.15928066795118817 0.12588310854206808 121.0 74.0 0.0 
117545.0 7694.821167156063 0.28133017689189516 0.1862597447704423 110.0 71.0 0.0 
100803.81120179195 12102.483739547413 0.07900978818594954 0.0 107.0 165.0 2.5694444444444446 
62288.08256161003 10669.601098165129 0.1682723185613359 0.2581888246628131 62.0 90.0 1.2989635213353075 
151099.71407946243 7666.026706693067 0.3827874116891458 0.00449582530507386 153.0 87.0 0.0 
86136.49940368894 14968.25651397485 0.09635561555377684 1.2374966637089946E-6 98.0 169.0 2.4212999766191254 
70420.0 8604.123411794257 0.3956326268464997 0.2691072575465639 65.0 71.0 0.0 
96784.99999999999 7974.349271045583 0.1464542627428123 0.18371017168615927 98.0 98.0 2.1555555555555554 
43940.0 9454.155610083219 0.1342497430632318 0.5016700924963673 48.0 78.0 0.0 
55620.0 9404.305568171498 0.32241490044958254 0.3827874116891458 58.0 72.0 0.0 
132625.0 5607.547409099512 0.1419573649406476 0.029547789851620026 160.0 93.0 1.955267558528428 
62560.0 7450.332030647339 0.17600073533246072 0.3185981355295615 69.0 80.0 0.0 
64545.0 6532.246801773152 0.05394990366088632 0.3583815028901734 83.0 75.0 1.0434782608695652 
78755.0 6808.642324091173 0.2813102119460501 0.2691072575465639 89.0 93.0 2.031111111111111 
94925.0 8589.966166065975 0.29224786727766 0.1470785385494642 94.0 73.0 0.0 
83912.85074626865 10210.903599583324 0.1894669235709698 0.009633911368015413 73.0 76.0 0.0 
42735.0 7981.776970533932 0.1573774806135838 0.49332044686828785 60.0 74.0 0.0 
67620.0 10668.91366187409 0.12267180475272961 0.2581888246628131 73.0 92.0 1.3351973684210527 
57430.0 9896.114426569797 0.19913210235417236 0.30122285293301143 53.0 71.0 0.0 
45400.0 8312.59600614439 0.23380651079983944 0.4432241077546077 59.0 72.0 0.5869565217391304 
112580.0 7284.144234844005 0.19588953114964675 0.006422607578676943 118.0 79.0 0.0 
74515.0 11583.975762015936 0.19910083493898523 0.08734746307000642 73.0 87.0 0.5501165501165501 
72473.35581317096 10496.945067871226 0.1901091843288375 0.10468850353243417 73.0 79.0 0.3764705882352941 
182585.0 7367.208764559373 0.3346178548490687 0.0 172.0 98.0 0.7682539682539683 
119670.00000000001 10611.564265433533 0.14001284521515736 0.006422607578676943 114.0 112.0 1.6721299533799534 
143780.0 5642.795081469941 0.18498900301723936 0.0 165.0 98.0 1.7921739130434784 
86895.0 6348.803470763789 0.19781631342324985 0.1579961464354528 107.0 82.0 0.0 
76260.0 6830.36837040503 0.0783558124598587 0.33140655105973027 90.0 79.0 1.08 
79061.54682352106 13357.606082373435 0.12846708615271396 0.009633911526974523 87.0 130.0 0.9560439560439561 
48755.0 8352.262658787922 0.30700064226075785 0.40976236351958895 55.0 71.0 0.0 
68105.0 6746.707025136497 0.1657245632065776 0.28648509763617674 83.0 86.0 1.475 
74885.0 8414.285828919237 0.178548490687219 0.18754014129736674 75.0 79.0 0.0 
76960.0 9306.423099990961 0.3295220966084465 0.25372559095526903 71.0 74.0 0.0 
95000.0 6180.490213695937 0.25626204238921 0.11046885035324341 116.0 87.0 1.32 
71670.0 6586.089051030868 0.17987483958949763 0.2627183923763607 95.0 97.0 1.7703703703703701 
38960.0 9557.49147634991 0.15350032113037893 0.5080282594733462 50.0 77.0 0.0 
90425.0 6333.766056923146 0.30190133109263945 0.1278263082711388 107.0 75.0 1.08 
164310.0 5725.238926810833 0.39375642343184786 0.006423432682411874 172.0 80.0 1.0606060606060606 
122615.0 5668.625333253131 0.1785689506317214 0.029547789851620026 145.0 83.0 1.3137820512820513 
58630.0 6731.644705185679 0.16251284686541112 0.3230986639259395 76.0 82.0 1.0666666666666667 
56030.0 7241.19686051059 0.15480472764648423 0.3410842754360705 71.0 79.0 0.0 
41080.0 11174.962948477802 0.19460500963391136 0.46692357096981374 52.0 79.0 0.0 
105405.0 6260.069595476294 0.1817597944765575 0.21772639691714837 117.0 78.0 0.0 
150865.0 5127.868778999426 0.3622350674373796 0.03789338471419396 159.0 77.0 0.0 
114270.0 5027.40758948739 0.2010276172125883 0.0 146.0 83.0 2.0434782608695654 
52355.0 6920.783132530118 0.10918432883750803 0.3815028901734104 66.0 79.0 1.0666666666666667 
110380.0 6474.359066375747 0.25112395632626844 0.024405908798972382 136.0 81.0 1.0434782608695652 
97240.0 6049.234596440155 0.24277456647398843 0.10404624277456648 133.0 97.0 1.7999999999999998 
192065.0 5066.794906833013 0.33269107257546565 0.03789338471419396 175.0 85.0 0.4444444444444444 
70285.0 11231.391018620541 0.12589928057553953 0.20169578622816026 73.0 104.0 1.415719696969697 
147780.0 5745.542119503529 0.15928066795118817 0.0 161.0 88.0 1.5855072463768116 
107885.0 5633.134649002715 0.14065510597302505 0.03789338471419396 128.0 81.0 0.0 
76788.88600283387 11668.297062271735 0.17857002623421236 0.08735868448098663 71.0 90.0 0.8419717537364597 
139895.0 5112.209040081348 0.1233140655105973 0.03789338471419396 155.0 86.0 0.3855072463768116 
65225.0 11551.980333891936 0.15414258188824662 0.19524727039177905 59.0 87.0 0.41666666666666663 
47970.0 10130.761645601227 0.11624919717405266 0.38599871547848424 45.0 74.0 0.0 
99830.0 5974.956628376313 0.22546619592294356 0.104059607738314 144.0 101.0 1.6321739130434783 
40500.0 8363.10105664944 0.18368657675016056 0.49967886962106617 55.0 70.0 0.0 
126665.0 5179.047184458455 0.14065510597302505 0.03789338471419396 141.0 79.0 0.0 
