139035.0 7221.303786339348 0.3853564547206166 0.11946050096339114 133.0 73.0 0.0 
98119.40063174267 12014.200356900144 0.12269886467932957 0.0 96.0 136.0 2.0691114760080276 
111530.0 9123.738207948343 0.14260672320142131 5.8073060203221115E-9 123.0 129.0 2.3671757871064467 
76260.0 6700.3275881995705 0.0783558124598587 0.33140655105973027 90.0 79.0 1.0434782608695652 
95320.0 10217.543191367238 0.16570327552986513 0.012845215157353885 95.0 96.0 0.6681818181818182 
88875.0290874285 12618.116966898357 0.08480795495842218 4.372488139625921E-6 102.0 147.0 3.0102756892230578 
132023.9910147631 9958.369560654843 0.45282741573260976 0.01737371457033102 110.0 89.0 0.2074074074074074 
118290.44137022398 9410.02366291678 0.15478484264611433 0.0 140.0 148.0 2.4093649675045024 
109691.61141977872 9752.320417149824 0.10663830516184378 2.969991943896852E-6 133.0 152.0 3.0057142857142853 
58160.0 8685.528816498008 0.1464354527938343 0.36287732819524726 65.0 80.0 0.0 
154055.0 7230.963443949341 0.36416184971098264 0.06294155427103404 150.0 76.0 0.0 
94067.5 9035.162008649408 0.14067556591752745 1.6169956138993972E-5 113.0 95.0 1.5225609756097562 
91538.96058294368 10350.505818316702 0.2190290707150522 0.007707129094412331 90.0 102.0 1.1859346642468238 
113709.59345474656 9708.256927789285 0.14450867052023122 0.0 122.0 129.0 2.2383333333333333 
86032.99259477368 11497.785166037303 0.10919835531487547 0.0 97.0 128.0 2.0256944444444445 
115970.00000000001 9537.265270791662 0.11177960679781655 3.7949897060904223E-6 133.0 149.0 3.359114249037227 
106278.15425783503 10529.378126407963 0.13166345536287732 0.0 99.0 121.0 1.8967325777670605 
99649.23787963597 10188.795185946188 0.15478484264611433 0.0 104.0 123.0 1.911111111111111 
107949.94206695995 10671.01117314886 0.0905587668593449 0.0 119.0 146.0 2.897933135704875 
119000.0 7480.5207569162785 0.31213872832369943 0.17662170841361594 118.0 74.0 0.4583333333333333 
83045.0 10058.955185703084 0.1727908313048701 0.04239086001479221 83.0 76.0 0.0 
77085.0 8987.371221102956 0.3879538776751068 0.1599340661788455 79.0 71.0 0.0 
80560.0 8580.397336984091 0.4425176621708414 0.10725754656390495 91.0 74.0 0.0 
103809.40194844568 10776.787811022305 0.17793328985595128 0.0 100.0 126.0 1.6383141762452107 
65760.0 9215.393959583618 0.38792549775208734 0.29543994861913936 69.0 71.0 0.0 
64243.371747626275 11785.3262204566 0.1676529954438942 0.19527317864948338 66.0 94.0 0.6390168970814132 
51875.0 8428.541753219772 0.1348747591522158 0.3834296724470135 57.0 77.0 0.0 
113775.0 7688.844016875349 0.19334012306491621 4.520987736820764E-5 134.0 99.0 2.033333333333333 
92930.0 7677.910779795881 0.22992935131663456 0.0340398201669878 102.0 73.0 0.0 
69768.35999999999 11463.175035896138 0.13617677286742036 0.19527235354573486 64.0 95.0 1.043939393939394 
74900.0 8059.3472392833755 0.3114964675658317 0.2543352601156069 81.0 79.0 0.0 
84173.78534528345 11790.867813078285 0.141315516681661 0.0 86.0 120.0 1.035934664246824 
91643.86915903662 12424.865994318572 0.08092485549132948 0.0 91.0 135.0 2.0626131221719457 
85325.0 8279.551607445008 0.28580603725112397 0.033397559409120106 97.0 70.0 0.0 
56090.0 8553.099269846203 0.13617479062588045 0.3719154261794065 57.0 80.0 0.0 
94397.55761633304 12631.447084017876 0.12202954399486192 0.0 95.0 142.0 1.9253529079616036 
105017.9382550771 9426.929526394175 0.09957879739251208 1.1137469789613195E-5 125.0 135.0 2.7211206896551725 
101451.40233868 9131.689981018391 0.24149004495825305 0.0 133.0 121.0 2.3043611793611793 
89488.58871595669 10958.310894763745 0.16957061913988827 0.0 87.0 93.0 1.8883040935672515 
88670.46880149652 14651.247545061935 0.06423432682425488 0.0 85.0 154.0 2.3999025341130604 
82283.88187828913 13499.930336330139 0.10855601241753886 2.1194547519423763E-10 92.0 145.0 2.288854750256451 
114430.0 6119.075414457015 0.1329479768786127 0.22607578676942838 145.0 118.0 2.9405797101449274 
108760.0 7589.467712369636 0.21644187540141296 0.20809248554913296 110.0 76.0 0.0 
141895.0 7328.079096045196 0.34106265486754866 0.11624919717405266 147.0 78.0 0.0 
72910.0 8893.382292418477 0.2614314783671149 0.2543679300269898 79.0 84.0 0.0 
89000.0 7596.012849376145 0.22093770070648683 0.08670520231213873 114.0 97.0 1.475574712643678 
87040.0 8997.89486969086 0.17662170841361594 0.012845215157353885 87.0 80.0 1.1333333333333333 
85410.01140038154 13515.17515100561 0.10727000403011407 0.0 84.0 118.0 2.2903508771929824 
68297.94508693936 9625.96914423681 0.24405908798972384 0.2543352601156069 69.0 87.0 0.0 
133640.0 7741.2741180058 0.14129736673089274 0.0 156.0 111.0 2.399673913043478 
97380.0 7671.58748814384 0.15928066795118817 0.12588310854206808 108.0 76.0 0.0 
73340.0 6487.403906951978 0.07065775950673482 0.3263103802671522 90.0 76.0 1.08 
81362.1906777228 11235.205000219217 0.127183142813413 0.17792908583267258 80.0 108.0 1.457016317016317 
62895.0 9357.552082178663 0.31727681438664096 0.20552344251766216 63.0 66.0 0.0 
126350.0 7120.006416584111 0.21066152858060372 0.0 123.0 89.0 0.6282051282051282 
70335.0 9045.499758570737 0.08220937700706486 0.33204881181759793 79.0 80.0 0.0 
49435.0 8764.923614322744 0.19717405266538215 0.40655105973025046 56.0 72.0 0.0 
161240.0 6543.739204470069 0.3699421965317919 0.0 173.0 95.0 1.0262820512820512 
86895.0 6398.0948271631805 0.19781631342324985 0.1579961464354528 107.0 89.0 1.2173913043478262 
44215.0 9005.108375112191 0.17150251667514604 0.43739681877307507 46.0 72.0 0.0 
43765.0 11082.377912644253 0.13872832369942195 0.5067437379576107 42.0 82.0 0.0 
124480.0 7837.014599526102 0.4489966243346141 0.04367373153500321 110.0 70.0 0.0 
131010.0 8119.225359338653 0.38985228002569045 0.0 144.0 82.0 0.3395585738539898 
46300.0 7993.559000212788 0.1579961464354528 0.4932562620423892 55.0 71.0 0.0 
91630.0 6295.720515672961 0.26011560693641617 0.2113037893384714 110.0 93.0 1.2222222222222223 
187525.0 6883.175301859421 0.44315992292870904 0.028259473346178548 154.0 72.0 0.0 
129045.0 6992.0255538428155 0.20873474630700065 0.01991008349389852 133.0 79.0 0.0 
171202.5 8469.811628599557 0.33911368015414256 0.0 150.0 79.0 1.564102564102564 
61970.0 7426.590877210331 0.1965558845766184 0.31988183194154834 70.0 88.0 1.2222222222222223 
102060.0 6271.099496590784 0.17148362235067438 0.018625561978163133 126.0 84.0 1.4955357142857142 
131185.0 5803.165575312746 0.13808606294155426 0.029543994861913937 166.0 126.0 2.8405797101449273 
112370.0 6224.683544303798 0.170199100834939 0.006422607578676943 132.0 89.0 1.8 
144380.0 5772.073654469629 0.15285806037251123 0.006422607578676943 159.0 88.0 1.4521739130434783 
91734.11821067306 14453.345813785576 0.06809284181377552 9.809313240080801E-26 94.0 160.0 2.79454185520362 
168400.0 5804.951556335339 0.4110991898934474 0.02697841682104437 164.0 73.0 1.0434782608695652 
54200.0 9597.61224368996 0.2659188913976514 0.31858724416008066 59.0 73.0 0.0 
158125.0 7106.935201401052 0.4265151047010926 0.025693730729647497 147.0 78.0 0.0 
151650.0 7445.786364421204 0.5170666874566102 0.03725194895408846 139.0 72.0 0.0 
192065.0 5066.794906833013 0.33269107257546565 0.03789338471419396 175.0 85.0 0.4444444444444444 
205285.0 6117.097912231177 0.36416184971098264 0.006422607578676943 187.0 88.0 0.42020202020202024 
57605.0 10599.905749167658 0.3904945407835581 0.33204881181759793 57.0 74.0 0.5328947368421053 
164310.0 5725.238926810833 0.3937058445728966 0.006422607578676943 172.0 80.0 1.0606060606060606 
59850.0 7348.752825722219 0.16829360623815723 0.33015800406743134 71.0 87.0 1.2222222222222223 
174850.0 6920.504345136143 0.42196531791907516 0.06679511881824021 146.0 72.0 0.0 
155770.0 5749.669817422126 0.3898999710223959 0.006423432682425488 163.0 80.0 1.0666666666666667 
74605.0 10893.408707291845 0.17407560302257113 0.147745882567274 83.0 111.0 1.551948051948052 
105285.0 6198.2151217228475 0.20423892100192678 0.029543994861913937 130.0 83.0 1.0625 
197535.0 6153.754083046548 0.36416184971098264 0.006422607578676943 183.0 87.0 0.4277777777777778 
95910.0 6064.775211715429 0.17920568495384728 0.023121387283236993 119.0 77.0 1.2704761904761905 
137100.0 5784.614771348322 0.17212588310854207 0.006422607578676943 151.0 82.0 1.0606060606060606 
66795.0 11469.179363151465 0.12652536929993577 0.24983943481053308 65.0 107.0 2.241025641025641 
122615.0 5737.868846381973 0.20423892100192678 0.029543994861913937 143.0 81.0 1.0625 
139895.0 5112.209040081348 0.1233140655105973 0.03789338471419396 155.0 86.0 0.3855072463768116 
72808.33333320734 11911.38955011544 0.14195480939773367 0.17792908530318605 69.0 103.0 1.594055944055944 
178940.0 6635.4066770311565 0.41361592806679515 0.0 169.0 81.0 1.08 
134550.0 5525.620358767502 0.21066152858060372 0.0 144.0 84.0 1.1282051282051282 
54480.0 7009.621588219681 0.15285806037251123 0.3519588953114965 72.0 78.0 0.0 
148560.0 6599.441897335995 0.14322414900449582 0.006422607578676943 161.0 102.0 1.3605072463768115 
64545.0 6532.246801773152 0.05394990366088632 0.3583815028901734 83.0 75.0 1.0434782608695652 
76905.0 11078.504669924347 0.1470923160120928 0.1342341483898725 80.0 97.0 0.5507246376811594 
159070.0 4558.469236471458 0.4258188824662813 0.0 185.0 81.0 1.0625 
116434.9590498743 6772.733351142044 0.17276814386640976 0.0 153.0 122.0 2.2340579710144928 
59820.0 10158.674670618017 0.27488760436737314 0.19460500963391136 65.0 76.0 0.0 
69025.0 7056.167538430387 0.21708413615928066 0.2800256904303147 77.0 88.0 1.2702702702702702 
162050.4297916363 8382.31285624948 0.3622350674373796 0.0 151.0 91.0 0.47719298245614034 
126665.0 5179.047184458455 0.14065510597302505 0.03789338471419396 141.0 79.0 0.0 
82755.0 6474.181300482048 0.20682669388818048 0.21969426935675104 135.0 118.0 2.827777777777778 
79595.0 6377.352466120866 0.09635149039513721 0.29676258973667763 105.0 99.0 1.7843478260869565 
78651.06242489183 13320.019836621068 0.11368015414258188 0.012845215157353885 85.0 126.0 1.2334668192219678 
38960.0 9557.49147634991 0.15350032113037893 0.5080282594733462 50.0 77.0 0.0 
150865.0 5077.755860447564 0.3436095054592164 0.03789338471419396 163.0 79.0 0.11794871794871795 
107885.0 5633.134649002715 0.14065510597302505 0.03789338471419396 128.0 81.0 0.0 
