[3, 9, 1, 23, 14, 20, 4, 24][18, 22, 12, 8, 26][13, 0, 17, 19][10, 15, 5, 21][11, 25, 28, 16][6, 10, 29][2, 16, 7][6, 13][27, 29][0, 18][2, 27][3, 11] 
[3, 9, 1, 23, 14, 20, 4, 24][18, 22, 12, 8, 26][13, 0, 17, 19][10, 15, 5, 21][11, 25, 28, 16][6, 10, 29][2, 16, 7][6, 13][27, 29][0, 18][2, 27][3, 11] 
[3, 9, 1, 23, 14, 20, 4, 24][18, 22, 12, 8, 26][13, 0, 17, 19][10, 15, 5, 21][2, 16, 7, 28][6, 10, 29][11, 25, 28][6, 13][0, 18][27, 29][2, 27][3, 11] 
[3, 9, 1, 23, 14, 20, 4, 24][18, 22, 12, 8, 26][13, 0, 17, 19][10, 15, 5, 21][2, 16, 7, 28][6, 10, 29][11, 25, 28][6, 13][0, 18][27, 29][2, 27][3, 11] 
[3, 9, 1, 23, 14, 20, 4, 24][18, 22, 12, 8, 26][13, 0, 17, 19][10, 15, 5, 21][11, 25, 28, 16][6, 10, 29][2, 16, 7][6, 13][27, 29][0, 18][2, 27][3, 11] 
[3, 9, 1, 23, 14, 20, 4, 24][18, 22, 12, 8, 26][13, 0, 17, 19][10, 15, 5, 21][11, 25, 28, 16][6, 10, 29][2, 16, 7][6, 13][27, 29][0, 18][2, 27][3, 11] 
[3, 9, 1, 23, 14, 20, 4, 24][18, 22, 12, 8, 26][13, 0, 17, 19][10, 15, 5, 21][2, 16, 7, 28][6, 10, 29][11, 25, 28][6, 13][0, 18][27, 29][2, 27][3, 11] 
[3, 9, 1, 23, 14, 20, 4, 24][18, 22, 12, 8, 26][13, 0, 17, 19][10, 15, 5, 21][11, 25, 28, 16][6, 10, 29][2, 16, 7][6, 13][27, 29][0, 18][2, 27][3, 11] 
[3, 9, 1, 23, 14, 20, 4, 24][18, 22, 12, 8, 26][13, 0, 17, 19][10, 15, 5, 21][11, 25, 28, 16][6, 10, 29][2, 16, 7][6, 13][27, 29][0, 18][2, 27][3, 11] 
[3, 9, 1, 23, 14, 20, 4, 24][18, 22, 12, 8, 26][13, 0, 17, 19][10, 15, 5, 21][11, 25, 28, 16][6, 10, 29][2, 16, 7][6, 13][27, 29][0, 18][2, 27][3, 11] 
[3, 9, 1, 23, 14, 20, 4, 24][18, 22, 12, 8, 26][13, 0, 17, 19][10, 15, 5, 21][11, 25, 28, 16][6, 10, 29][2, 16, 7][6, 13][27, 29][2, 27][3, 11][0, 18] 
[3, 9, 1, 23, 14, 20, 4, 24][18, 22, 12, 8, 26][11, 25, 28, 16][10, 15, 5, 21][13, 0, 17, 19][2, 16, 7][6, 10, 29][2, 27][27, 29][6, 13][3, 11][0, 18] 
[3, 9, 1, 23, 14, 20, 4, 24][18, 22, 12, 8, 26][13, 0, 17, 19][10, 15, 5, 21][2, 16, 7, 28][6, 10, 29][11, 25, 28][6, 13][0, 18][27, 29][2, 27][3, 11] 
[3, 9, 1, 23, 14, 20, 4, 24][18, 22, 12, 8, 26][13, 0, 17, 19][10, 15, 5, 21][11, 25, 28, 16][6, 10, 29][2, 16, 7][6, 13][27, 29][0, 18][2, 27][3, 11] 
[3, 9, 1, 23, 14, 20, 4, 24][18, 22, 12, 8, 26][13, 0, 17, 19][10, 15, 5, 21][11, 25, 28, 16][6, 10, 29][2, 16, 7][6, 13][27, 29][0, 18][2, 27][3, 11] 
[3, 9, 1, 23, 14, 20, 4, 24][18, 22, 12, 8, 26][13, 0, 17, 19][10, 15, 5, 21][11, 25, 28, 16][6, 10, 29][2, 16, 7][6, 13][27, 29][0, 18][2, 27][3, 11] 
[3, 9, 1, 23, 14, 20, 4, 24][18, 22, 12, 8, 26][13, 0, 17, 19][10, 15, 5, 21][11, 25, 28, 16][6, 10, 29][2, 16, 7][6, 13][0, 18][27, 29][2, 27][3, 11] 
[3, 9, 1, 23, 14, 20, 4, 24][18, 22, 12, 8, 26][13, 0, 17, 19][10, 15, 5, 21][11, 25, 28, 16][6, 10, 29][2, 16, 7][6, 13][27, 29][0, 18][2, 27][3, 11] 
[3, 9, 1, 23, 14, 20, 4, 24][18, 22, 12, 8, 26][13, 0, 17, 19][10, 15, 5, 21][11, 25, 28, 16][6, 10, 29][2, 16, 7][6, 13][27, 29][0, 18][2, 27][3, 11] 
[3, 9, 1, 23, 14, 20, 4, 24][18, 22, 12, 8, 26][11, 25, 28, 16][10, 15, 5, 21][13, 0, 17, 19][2, 16, 7][6, 10, 29][2, 27][3, 11][27, 29][6, 13][0, 18] 
[3, 9, 1, 23, 14, 20, 4, 24][18, 22, 12, 8, 26][13, 0, 17, 19][10, 15, 5, 21][11, 25, 28, 16][6, 10, 29][2, 16, 7][6, 13][27, 29][0, 18][2, 27][3, 11] 
[3, 9, 1, 23, 14, 20, 4, 24][18, 22, 12, 8, 26][11, 25, 28, 16][10, 15, 5, 21][13, 0, 17, 19][2, 16, 7][6, 10, 29][2, 27][3, 11][27, 29][6, 13][0, 18] 
[3, 9, 1, 23, 14, 20, 4, 24][18, 22, 12, 8, 26][13, 0, 17, 19][10, 15, 5, 21][2, 16, 7, 28][6, 10, 29][11, 25, 28][6, 13][0, 18][27, 29][2, 27][3, 11] 
[3, 9, 1, 23, 14, 20, 4, 24][18, 22, 12, 8, 26][13, 0, 17, 19][10, 15, 5, 21][11, 25, 28, 16][6, 10, 29][2, 16, 7][6, 13][27, 29][0, 18][2, 27][3, 11] 
[3, 9, 1, 23, 14, 20, 4, 24][18, 22, 12, 8, 26][13, 0, 17, 19][10, 15, 5, 21][11, 25, 28, 16][6, 10, 29][2, 16, 7][6, 13][27, 29][0, 18][2, 27][3, 11] 
[3, 9, 1, 23, 14, 20, 4, 24][18, 22, 12, 8, 26][13, 0, 17, 19][10, 15, 5, 21][11, 25, 28, 16][6, 10, 29][2, 16, 7][6, 13][27, 29][0, 18][2, 27][3, 11] 
[3, 9, 1, 23, 14, 20, 4, 24][18, 22, 12, 8, 26][13, 0, 17, 19][10, 15, 5, 21][11, 25, 28, 16][6, 10, 29][2, 16, 7][6, 13][27, 29][2, 27][3, 11][0, 18] 
[3, 9, 1, 23, 14, 20, 4, 24][18, 22, 12, 8, 26][11, 25, 28, 16][10, 15, 5, 21][13, 0, 17, 19][2, 16, 7][6, 10, 29][2, 27][27, 29][6, 13][3, 11][0, 18] 
[3, 9, 1, 23, 14, 20, 4, 24][18, 22, 12, 8, 26][13, 0, 17, 19][10, 15, 5, 21][11, 25, 28, 16][6, 10, 29][2, 16, 7][6, 13][27, 29][0, 18][2, 27][3, 11] 
[3, 9, 1, 23, 14, 20, 4, 24][18, 22, 12, 8, 26][13, 0, 17, 19][10, 15, 5, 21][11, 25, 28, 16][6, 10, 29][2, 16, 7][6, 13][0, 18][27, 29][2, 27][3, 11] 
[3, 9, 1, 23, 14, 20, 4, 24][18, 22, 12, 8, 26][11, 25, 28, 16][10, 15, 5, 21][13, 0, 17, 19][2, 16, 7][6, 10, 29][2, 27][27, 29][6, 13][3, 11][0, 18] 
[3, 9, 1, 23, 14, 20, 4, 24][18, 22, 12, 8, 26][13, 0, 17, 19][10, 15, 5, 21][11, 25, 28, 16][6, 10, 29][2, 16, 7][6, 13][27, 29][0, 18][2, 27][3, 11] 
[3, 9, 1, 23, 14, 20, 4, 24][18, 22, 12, 8, 26][13, 0, 17, 19][10, 15, 5, 21][11, 25, 28, 16][6, 10, 29][2, 16, 7][6, 13][27, 29][0, 18][2, 27][3, 11] 
[3, 9, 1, 23, 14, 20, 4, 24][18, 22, 12, 8, 26][13, 0, 17, 19][10, 15, 5, 21][11, 25, 28, 16][6, 10, 29][2, 16, 7][6, 13][27, 29][0, 18][2, 27][3, 11] 
[3, 9, 1, 23, 14, 20, 4, 24][18, 22, 12, 8, 26][13, 0, 17, 19][10, 15, 5, 21][11, 25, 28, 16][6, 10, 29][2, 16, 7][6, 13][0, 18][27, 29][2, 27][3, 11] 
[0, 18, 13, 6, 21, 2, 29, 27, 16, 7, 10, 15, 5][19, 17, 11, 3, 9, 1, 23, 14, 20, 4, 24][18, 22, 12, 8, 26][7, 28, 25, 11][12, 22][5, 15][6, 13][11, 25][27, 29][5, 15][7, 16][5, 15] 
[0, 18, 13, 6, 21, 2, 29, 27, 16, 7, 10, 15, 5][19, 17, 11, 3, 9, 1, 23, 14, 20, 4, 24][18, 22, 12, 8, 26][7, 28, 25, 11][12, 22][5, 15][6, 13][11, 25][27, 29][5, 15][7, 16][5, 15] 
[0, 18, 13, 6, 21, 2, 29, 27, 16, 7, 10, 15, 5][19, 17, 11, 3, 9, 1, 23, 14, 20, 4, 24][18, 22, 12, 8, 26][7, 28, 25, 11][12, 22][5, 15][6, 13][11, 25][27, 29][5, 15][7, 16][5, 15] 
[0, 18, 13, 6, 21, 2, 29, 27, 16, 7, 10, 15, 5][19, 17, 11, 3, 9, 1, 23, 14, 20, 4, 24][18, 22, 12, 8, 26][11, 25, 28][19, 22][6, 13][3, 11][12, 22][6, 13][27, 29][6, 13][7, 16] 
[0, 18, 13, 6, 21, 2, 29, 27, 16, 7, 10, 15, 5][19, 17, 11, 3, 9, 1, 23, 14, 20, 4, 24][18, 22, 12, 8, 26][11, 25, 28][19, 22][6, 13][3, 11][12, 22][6, 13][27, 29][6, 13][7, 16] 
[15, 10, 7, 16, 27, 29, 2, 21, 6, 13, 18, 0, 22][19, 17, 11, 3, 9, 1, 23, 14, 20, 4, 24][22, 12, 8, 26][16, 28, 25][6, 21][5, 15][11, 25][7, 16][27, 29][27, 29][0, 18][27, 29] 
[0, 18, 13, 6, 21, 2, 29, 27, 16, 7, 10, 15, 5][19, 17, 11, 3, 9, 1, 23, 14, 20, 4, 24][18, 22, 12, 8, 26][7, 28, 25, 11][12, 22][5, 15][6, 13][11, 25][27, 29][5, 15][7, 16][5, 15] 
[0, 18, 13, 6, 21, 2, 29, 27, 16, 7, 10, 15, 5][19, 17, 11, 3, 9, 1, 23, 14, 20, 4, 24][18, 22, 12, 8, 26][7, 28, 25, 11][12, 22][5, 15][6, 13][11, 25][27, 29][5, 15][7, 16][5, 15] 
[0, 18, 13, 6, 21, 2, 29, 27, 16, 7, 10, 15, 5][19, 17, 11, 3, 9, 1, 23, 14, 20, 4, 24][18, 22, 12, 8, 26][11, 25, 28][19, 22][6, 13][3, 11][12, 22][6, 13][27, 29][6, 13][7, 16] 
[0, 18, 13, 6, 21, 2, 29, 27, 16, 7, 10, 15, 5][19, 17, 11, 3, 9, 1, 23, 14, 20, 4, 24][18, 22, 12, 8, 26][11, 25, 28, 16][6, 13][6, 13][3, 11][7, 16][6, 13][12, 22][3, 11][6, 13] 
[0, 18, 13, 6, 21, 2, 29, 27, 16, 7, 10, 15, 5][19, 17, 11, 3, 9, 1, 23, 14, 20, 4, 24][18, 22, 12, 8, 26][7, 28, 25, 11][12, 22][5, 15][6, 13][11, 25][27, 29][5, 15][7, 16][5, 15] 
[0, 18, 13, 6, 21, 2, 29, 27, 16, 7, 10, 15, 5][19, 17, 11, 3, 9, 1, 23, 14, 20, 4, 24][18, 22, 12, 8, 26][7, 28, 25, 11][12, 22][5, 15][6, 13][11, 25][27, 29][5, 15][7, 16][5, 15] 
[0, 18, 13, 6, 21, 2, 29, 27, 16, 7, 10, 15, 5][19, 17, 11, 3, 9, 1, 23, 14, 20, 4, 24][18, 22, 12, 8, 26][11, 25, 28][19, 22][6, 13][3, 11][12, 22][6, 13][27, 29][6, 13][7, 16] 
[0, 18, 13, 6, 21, 2, 29, 27, 16, 7, 10, 15, 5][19, 17, 11, 3, 9, 1, 23, 14, 20, 4, 24][18, 22, 12, 8, 26][11, 25, 28, 16][6, 13][6, 13][3, 11][7, 16][6, 13][12, 22][3, 11][6, 13] 
[0, 18, 13, 6, 21, 2, 29, 27, 16, 7, 10, 15, 5][19, 17, 11, 3, 9, 1, 23, 14, 20, 4, 24][18, 22, 12, 8, 26][11, 25, 28, 16][6, 13][6, 13][3, 11][7, 16][6, 13][12, 22][3, 11][6, 13] 
[0, 18, 13, 6, 21, 2, 29, 27, 16, 7, 10, 15, 5][19, 17, 11, 3, 9, 1, 23, 14, 20, 4, 24][18, 22, 12, 8, 26][7, 28, 25, 11][7, 16][3, 11][12, 22][3, 11][12, 22][12, 22][27, 29][12, 22] 
[0, 18, 13, 6, 21, 2, 29, 27, 16, 7, 10, 15, 5][19, 17, 11, 3, 9, 1, 23, 14, 20, 4, 24][18, 22, 12, 8, 26][7, 28, 25, 11][7, 16][3, 11][12, 22][3, 11][12, 22][12, 22][27, 29][12, 22] 
[0, 18, 13, 6, 21, 2, 29, 27, 16, 7, 10, 15, 5][19, 17, 11, 3, 9, 1, 23, 14, 20, 4, 24][18, 22, 12, 8, 26][7, 28, 25, 11][12, 22][5, 15][6, 13][5, 15][7, 16][0, 18][11, 25][3, 11] 
[0, 18, 13, 6, 21, 2, 29, 27, 16, 7, 10, 15, 5][19, 17, 11, 3, 9, 1, 23, 14, 20, 4, 24][18, 22, 12, 8, 26][7, 28, 25, 11][7, 16][3, 11][12, 22][3, 11][12, 22][12, 22][27, 29][12, 22] 
[0, 18, 13, 6, 21, 2, 29, 27, 16, 7, 10, 15, 5][19, 17, 11, 3, 9, 1, 23, 14, 20, 4, 24][18, 22, 12, 8, 26][7, 28, 25, 11][7, 16][3, 11][12, 22][3, 11][12, 22][12, 22][27, 29][12, 22] 
[10, 7, 16, 27, 29, 2, 21, 6, 13, 18, 0, 22, 19][19, 17, 11, 3, 9, 1, 23, 14, 20, 4, 24][22, 12, 8, 26][5, 15, 10, 7][20, 4, 24][11, 25, 28][7, 16][0, 18][27, 29][7, 16][6, 13][7, 16] 
[4, 20, 14, 23, 1, 9][18, 22, 12, 8, 26][11, 25, 28, 16][6, 10, 29, 27][10, 15, 5, 21][13, 0, 17, 19][11, 3, 24][2, 16, 7][4, 24][2, 27][6, 13][0, 18] 
[4, 20, 14, 23, 1, 9][18, 22, 12, 8, 26][11, 25, 28, 16][6, 10, 29, 27][10, 15, 5, 21][13, 0, 17, 19][2, 16, 7][11, 3, 24][2, 27][6, 13][0, 18][4, 24] 
[4, 20, 14, 23, 1, 9][18, 22, 12, 8, 26][11, 25, 28, 16][6, 10, 29, 27][10, 15, 5, 21][13, 0, 17, 19][2, 16, 7][11, 3, 24][2, 27][6, 13][0, 18][4, 24] 
[4, 20, 14, 23, 1, 9][18, 22, 12, 8, 26][11, 25, 28, 16][6, 10, 29, 27][10, 15, 5, 21][13, 0, 17, 19][2, 16, 7][11, 3, 24][2, 27][6, 13][0, 18][4, 24] 
[4, 20, 14, 23, 1, 9][18, 22, 12, 8, 26][11, 25, 28, 16][6, 10, 29, 27][10, 15, 5, 21][13, 0, 17, 19][2, 16, 7][11, 3, 24][2, 27][6, 13][0, 18][4, 24] 
[4, 20, 14, 23, 1, 9][18, 22, 12, 8, 26][11, 25, 28, 16][6, 10, 29, 27][10, 15, 5, 21][13, 0, 17, 19][2, 16, 7][11, 3, 24][2, 27][6, 13][0, 18][4, 24] 
[4, 20, 14, 23, 1, 9][18, 22, 12, 8, 26][11, 25, 28, 16][6, 10, 29, 27][10, 15, 5, 21][13, 0, 17, 19][2, 16, 7][11, 3, 24][2, 27][6, 13][0, 18][4, 24] 
[4, 20, 14, 23, 1, 9][18, 22, 12, 8, 26][11, 25, 28, 16][6, 10, 29, 27][10, 15, 5, 21][13, 0, 17, 19][2, 16, 7][11, 3, 24][2, 27][6, 13][0, 18][4, 24] 
[4, 20, 14, 23, 1, 9][18, 22, 12, 8, 26][11, 25, 28, 16][6, 10, 29, 27][10, 15, 5, 21][13, 0, 17, 19][11, 3, 24][2, 16, 7][4, 24][2, 27][6, 13][0, 18] 
[4, 20, 14, 23, 1, 9][18, 22, 12, 8, 26][11, 25, 28, 16][6, 10, 29, 27][10, 15, 5, 21][13, 0, 17, 19][11, 3, 24][2, 16, 7][4, 24][2, 27][6, 13][0, 18] 
[4, 20, 14, 23, 1, 9][18, 22, 12, 8, 26][11, 25, 28, 16][6, 10, 29, 27][10, 15, 5, 21][13, 0, 17, 19][11, 3, 24][2, 16, 7][4, 24][2, 27][6, 13][0, 18] 
[4, 20, 14, 23, 1, 9][18, 22, 12, 8, 26][11, 25, 28, 16][6, 10, 29, 27][10, 15, 5, 21][13, 0, 17, 19][2, 16, 7][11, 3, 24][2, 27][6, 13][0, 18][4, 24] 
[4, 20, 14, 23, 1, 9][18, 22, 12, 8, 26][11, 25, 28, 16][6, 10, 29, 27][10, 15, 5, 21][13, 0, 17, 19][2, 16, 7][11, 3, 24][2, 27][6, 13][0, 18][4, 24] 
[4, 20, 14, 23, 1, 9][18, 22, 12, 8, 26][11, 25, 28, 16][6, 10, 29, 27][10, 15, 5, 21][13, 0, 17, 19][2, 16, 7][11, 3, 24][2, 27][6, 13][0, 18][4, 24] 
[4, 20, 14, 23, 1, 9][18, 22, 12, 8, 26][11, 25, 28, 16][6, 10, 29, 27][10, 15, 5, 21][13, 0, 17, 19][2, 16, 7][11, 3, 24][2, 27][6, 13][0, 18][4, 24] 
[3, 9, 1, 23, 14, 20, 4, 24][18, 22, 12, 8, 26][13, 0, 17, 19][10, 15, 5, 21][11, 25, 28, 16][6, 10, 29][2, 16, 7][6, 13][27, 29][0, 18][2, 27][3, 11] 
[3, 9, 1, 23, 14, 20, 4, 24][18, 22, 12, 8, 26][13, 0, 17, 19][10, 15, 5, 21][11, 25, 28, 16][6, 10, 29][2, 16, 7][6, 13][27, 29][0, 18][2, 27][3, 11] 
[3, 9, 1, 23, 14, 20, 4, 24][18, 22, 12, 8, 26][13, 0, 17, 19][10, 15, 5, 21][11, 25, 28, 16][6, 10, 29][2, 16, 7][6, 13][27, 29][0, 18][2, 27][3, 11] 
[3, 9, 1, 23, 14, 20, 4, 24][18, 22, 12, 8, 26][13, 0, 17, 19][10, 15, 5, 21][11, 25, 28, 16][6, 10, 29][2, 16, 7][6, 13][27, 29][0, 18][2, 27][3, 11] 
[3, 9, 1, 23, 14, 20, 4, 24][18, 22, 12, 8, 26][13, 0, 17, 19][10, 15, 5, 21][11, 25, 28, 16][6, 10, 29][2, 16, 7][6, 13][27, 29][0, 18][2, 27][3, 11] 
[3, 9, 1, 23, 14, 20, 4, 24][18, 22, 12, 8, 26][7, 28, 25, 11][10, 15, 5, 21][13, 0, 17, 19][2, 16, 7][6, 10, 29][2, 27][27, 29][6, 13][0, 18][3, 11] 
[4, 20, 14, 23, 1, 9][18, 22, 12, 8, 26][11, 25, 28, 16][6, 10, 29, 27][10, 15, 5, 21][13, 0, 17, 19][2, 16, 7][11, 3, 24][2, 27][6, 13][0, 18][4, 24] 
[4, 20, 14, 23, 1, 9][18, 22, 12, 8, 26][11, 25, 28, 16][6, 10, 29, 27][10, 15, 5, 21][13, 0, 17, 19][11, 3, 24][2, 16, 7][4, 24][2, 27][6, 13][0, 18] 
[4, 20, 14, 23, 1, 9][18, 22, 12, 8, 26][11, 25, 28, 16][6, 10, 29, 27][10, 15, 5, 21][13, 0, 17, 19][11, 3, 24][2, 16, 7][4, 24][2, 27][6, 13][0, 18] 
[4, 20, 14, 23, 1, 9][18, 22, 12, 8, 26][11, 25, 28, 16][6, 10, 29, 27][10, 15, 5, 21][13, 0, 17, 19][11, 3, 24][2, 16, 7][4, 24][2, 27][6, 13][0, 18] 
[4, 20, 14, 23, 1, 9][18, 22, 12, 8, 26][11, 25, 28, 16][6, 10, 29, 27][10, 15, 5, 21][13, 0, 17, 19][2, 16, 7][11, 3, 24][2, 27][6, 13][0, 18][4, 24] 
[4, 20, 14, 23, 1, 9][18, 22, 12, 8, 26][11, 25, 28, 16][6, 10, 29, 27][10, 15, 5, 21][13, 0, 17, 19][2, 16, 7][11, 3, 24][4, 24][2, 27][6, 13][0, 18] 
[4, 20, 14, 23, 1, 9][18, 22, 12, 8, 26][11, 25, 28, 16][6, 10, 29, 27][10, 15, 5, 21][13, 0, 17, 19][2, 16, 7][11, 3, 24][4, 24][2, 27][6, 13][0, 18] 
[3, 9, 1, 23, 14, 20, 4, 24][18, 22, 12, 8, 26][13, 0, 17, 19][10, 15, 5, 21][11, 25, 28, 16][6, 10, 29][2, 16, 7][6, 13][27, 29][0, 18][2, 27][3, 11] 
[3, 9, 1, 23, 14, 20, 4, 24][18, 22, 12, 8, 26][11, 25, 28, 16][10, 15, 5, 21][13, 0, 17, 19][2, 16, 7][6, 10, 29][3, 11][2, 27][27, 29][6, 13][0, 18] 
[3, 9, 1, 23, 14, 20, 4, 24][18, 22, 12, 8, 26][13, 0, 17, 19][10, 15, 5, 21][11, 25, 28, 16][6, 10, 29][2, 16, 7][6, 13][27, 29][0, 18][2, 27][3, 11] 
[3, 9, 1, 23, 14, 20, 4, 24][18, 22, 12, 8, 26][13, 0, 17, 19][10, 15, 5, 21][11, 25, 28, 16][6, 10, 29][2, 16, 7][6, 13][27, 29][0, 18][2, 27][3, 11] 
[3, 9, 1, 23, 14, 20, 4, 24][18, 22, 12, 8, 26][13, 0, 17, 19][10, 15, 5, 21][11, 25, 28, 16][6, 10, 29][2, 16, 7][6, 13][27, 29][0, 18][2, 27][3, 11] 
[3, 9, 1, 23, 14, 20, 4, 24][18, 22, 12, 8, 26][13, 0, 17, 19][10, 15, 5, 21][11, 25, 28, 16][6, 10, 29][2, 16, 7][6, 13][27, 29][0, 18][2, 27][3, 11] 
[3, 9, 1, 23, 14, 20, 4, 24][18, 22, 12, 8, 26][13, 0, 17, 19][10, 15, 5, 21][11, 25, 28, 16][6, 10, 29][2, 16, 7][6, 13][27, 29][0, 18][2, 27][3, 11] 
[3, 9, 1, 23, 14, 20, 4, 24][18, 22, 12, 8, 26][13, 0, 17, 19][10, 15, 5, 21][11, 25, 28, 16][6, 10, 29][2, 16, 7][6, 13][27, 29][0, 18][2, 27][3, 11] 
[3, 9, 1, 23, 14, 20, 4, 24][18, 22, 12, 8, 26][13, 0, 17, 19][10, 15, 5, 21][11, 25, 28, 16][6, 10, 29][2, 16, 7][6, 13][27, 29][0, 18][2, 27][3, 11] 
[3, 9, 1, 23, 14, 20, 4, 24][18, 22, 12, 8, 26][13, 0, 17, 19][10, 15, 5, 21][11, 25, 28, 16][6, 10, 29][2, 16, 7][6, 13][27, 29][0, 18][2, 27][3, 11] 
[3, 9, 1, 23, 14, 20, 4, 24][18, 22, 12, 8, 26][11, 25, 28, 16][10, 15, 5, 21][13, 0, 17, 19][2, 16, 7][6, 10, 29][2, 27][27, 29][6, 13][3, 11][0, 18] 
[3, 9, 1, 23, 14, 20, 4, 24][18, 22, 12, 8, 26][13, 0, 17, 19][10, 15, 5, 21][11, 25, 28, 16][6, 10, 29][2, 16, 7][6, 13][27, 29][0, 18][2, 27][3, 11] 
[3, 9, 1, 23, 14, 20, 4, 24][18, 22, 12, 8, 26][13, 0, 17, 19][10, 15, 5, 21][11, 25, 28, 16][6, 10, 29][2, 16, 7][6, 13][27, 29][0, 18][2, 27][3, 11] 
[3, 9, 1, 23, 14, 20, 4, 24][18, 22, 12, 8, 26][13, 0, 17, 19][10, 15, 5, 21][11, 25, 28, 16][6, 10, 29][2, 16, 7][6, 13][27, 29][0, 18][2, 27][3, 11] 
[3, 9, 1, 23, 14, 20, 4, 24][18, 22, 12, 8, 26][13, 0, 17, 19][10, 15, 5, 21][11, 25, 28, 16][6, 10, 29][2, 16, 7][6, 13][27, 29][0, 18][2, 27][3, 11] 
[3, 9, 1, 23, 14, 20, 4, 24][18, 22, 12, 8, 26][10, 15, 5, 21][6, 10, 29, 27][11, 25, 28, 16][13, 0, 17, 19][2, 16, 7][5, 21][2, 27][3, 11][6, 13][0, 18] 
[3, 9, 1, 23, 14, 20, 4, 24][18, 22, 12, 8, 26][10, 15, 5, 21][6, 10, 29, 27][11, 25, 28, 16][13, 0, 17, 19][2, 16, 7][5, 21][2, 27][3, 11][6, 13][0, 18] 
[3, 9, 1, 23, 14, 20, 4, 24][18, 22, 12, 8, 26][10, 15, 5, 21][6, 10, 29, 27][11, 25, 28, 16][13, 0, 17, 19][2, 16, 7][5, 21][2, 27][3, 11][6, 13][0, 18] 
[3, 9, 1, 23, 14, 20, 4, 24][18, 22, 12, 8, 26][10, 15, 5, 21][6, 10, 29, 27][11, 25, 28, 16][13, 0, 17, 19][2, 16, 7][5, 21][2, 27][3, 11][6, 13][0, 18] 
[3, 9, 1, 23, 14, 20, 4, 24][18, 22, 12, 8, 26][10, 15, 5, 21][6, 10, 29, 27][11, 25, 28, 16][13, 0, 17, 19][2, 16, 7][5, 21][2, 27][3, 11][6, 13][0, 18] 
[3, 9, 1, 23, 14, 20, 4, 24][18, 22, 12, 8, 26][2, 16, 7, 28][7, 28, 25, 11][6, 10, 29, 27][10, 15, 5, 21][13, 0, 17, 19][2, 27][27, 29][6, 13][0, 18][3, 11] 
[4, 20, 14, 23, 1, 9][18, 22, 12, 8, 26][11, 25, 28, 16][6, 10, 29, 27][10, 15, 5, 21][13, 0, 17, 19][2, 16, 7][11, 3, 24][2, 27][6, 13][0, 18][4, 24] 
[4, 20, 14, 23, 1, 9][18, 22, 12, 8, 26][11, 25, 28, 16][6, 10, 29, 27][10, 15, 5, 21][13, 0, 17, 19][2, 16, 7][11, 3, 24][2, 27][6, 13][0, 18][4, 24] 
[4, 20, 14, 23, 1, 9][18, 22, 12, 8, 26][11, 25, 28, 16][6, 10, 29, 27][10, 15, 5, 21][13, 0, 17, 19][2, 16, 7][11, 3, 24][2, 27][6, 13][0, 18][4, 24] 
[4, 20, 14, 23, 1, 9][18, 22, 12, 8, 26][11, 25, 28, 16][6, 10, 29, 27][10, 15, 5, 21][13, 0, 17, 19][2, 16, 7][11, 3, 24][2, 27][6, 13][0, 18][4, 24] 
[4, 20, 14, 23, 1, 9][18, 22, 12, 8, 26][11, 25, 28, 16][6, 10, 29, 27][10, 15, 5, 21][13, 0, 17, 19][2, 16, 7][11, 3, 24][2, 27][6, 13][0, 18][4, 24] 
[3, 9, 1, 23, 14, 20, 4, 24][18, 22, 12, 8, 26][13, 0, 17, 19][10, 15, 5, 21][11, 25, 28, 16][6, 10, 29][2, 16, 7][6, 13][27, 29][0, 18][2, 27][3, 11] 
[4, 20, 14, 23, 1, 9][18, 22, 12, 8, 26][11, 25, 28, 16][6, 10, 29, 27][10, 15, 5, 21][13, 0, 17, 19][2, 16, 7][11, 3, 24][2, 27][6, 13][0, 18][4, 24] 
