[17, 19, 8, 12, 18, 22][4, 3, 1, 9, 23, 14][13, 6, 2, 10, 29][11, 25, 28, 16][15, 27, 7, 20][26, 0, 28][5, 21, 15][8, 26][0, 13][16, 27][20, 24][14, 24] 
[4, 3, 1, 9, 23, 14][17, 19, 8, 12, 18, 22][13, 6, 2, 10, 29][15, 27, 7, 20][11, 25, 28, 16][5, 21, 15][26, 0, 28][14, 24][20, 24][16, 27][0, 13][8, 26] 
[4, 3, 1, 9, 23, 14][17, 19, 8, 12, 18, 22][13, 6, 2, 10, 29][11, 25, 28, 16][7, 20, 24][7, 27, 15][5, 21, 15][26, 0, 28][14, 24][16, 27][8, 26][0, 13] 
[17, 19, 8, 12, 18, 22][4, 3, 1, 9, 23, 14][5, 15, 27, 7][11, 25, 28, 16][2, 29, 10, 6][7, 20, 24][26, 0, 28][0, 13, 6][5, 21][16, 27][8, 26][14, 24] 
[4, 3, 1, 9, 23, 14][17, 19, 8, 12, 18, 22][13, 6, 2, 10, 29][11, 25, 28, 16][7, 20, 24][7, 27, 15][5, 21, 15][26, 0, 28][14, 24][16, 27][8, 26][0, 13] 
[17, 19, 8, 12, 18, 22][4, 3, 1, 9, 23, 14][13, 6, 2, 10, 29][11, 25, 28, 16][26, 0, 28][7, 27, 15][5, 21, 15][7, 20, 24][0, 13][8, 26][16, 27][14, 24] 
[17, 19, 8, 12, 18, 22][4, 3, 1, 9, 23, 14][13, 6, 2, 10, 29][11, 25, 28, 16][26, 0, 28][7, 27, 15][5, 21, 15][7, 20, 24][0, 13][8, 26][16, 27][14, 24] 
[4, 3, 1, 9, 23, 14][17, 19, 8, 12, 18, 22][13, 6, 2, 10, 29][11, 25, 28, 16][26, 0, 28][7, 27, 15][7, 20, 24][15, 5, 21][0, 13][16, 27][14, 24][8, 26] 
[4, 3, 1, 9, 23, 14][17, 19, 8, 12, 18, 22][13, 6, 2, 10, 29][11, 25, 28, 16][7, 20, 24][7, 27, 15][5, 21, 15][26, 0, 28][14, 24][16, 27][8, 26][0, 13] 
[4, 3, 1, 9, 23, 14][17, 19, 8, 12, 18, 22][13, 6, 2, 10, 29][11, 25, 28, 16][7, 27, 15][26, 0, 28][5, 21, 15][7, 20, 24][16, 27][14, 24][8, 26][0, 13] 
[4, 3, 1, 9, 23, 14][17, 19, 8, 12, 18, 22][13, 6, 2, 10, 29][15, 27, 7, 20][11, 25, 28, 16][5, 21, 15][26, 0, 28][14, 24][20, 24][16, 27][0, 13][8, 26] 
[17, 19, 8, 12, 18, 22][4, 3, 1, 9, 23, 14][13, 6, 2, 10, 29][15, 27, 7, 20][11, 25, 28, 16][5, 21, 15][26, 0, 28][16, 27][0, 13][20, 24][8, 26][14, 24] 
[17, 19, 8, 12, 18, 22][4, 3, 1, 9, 23, 14][13, 6, 2, 10, 29][11, 25, 28, 16][26, 0, 28][7, 27, 15][7, 20, 24][5, 21, 15][8, 26][0, 13][16, 27][14, 24] 
[4, 3, 1, 9, 23, 14][17, 19, 8, 12, 18, 22][13, 6, 2, 10, 29][11, 25, 28, 16][15, 5, 21][7, 27, 15][26, 0, 28][7, 20, 24][16, 27][14, 24][0, 13][8, 26] 
[17, 19, 8, 12, 18, 22][4, 3, 1, 9, 23, 14][13, 6, 2, 10, 29][11, 25, 28, 16][26, 0, 28][7, 27, 15][5, 21, 15][7, 20, 24][0, 13][8, 26][16, 27][14, 24] 
[4, 3, 1, 9, 23, 14][17, 19, 8, 12, 18, 22][13, 6, 2, 10, 29][11, 25, 28, 16][7, 20, 24][7, 27, 15][26, 0, 28][15, 5, 21][16, 27][14, 24][8, 26][0, 13] 
[17, 19, 8, 12, 18, 22][4, 3, 1, 9, 23, 14][13, 6, 2, 10, 29][15, 27, 7, 20][11, 25, 28, 16][5, 21, 15][26, 0, 28][16, 27][0, 13][20, 24][8, 26][14, 24] 
[17, 19, 8, 12, 18, 22][4, 3, 1, 9, 23, 14][13, 6, 2, 10, 29][15, 27, 7, 20][11, 25, 28, 16][5, 21, 15][26, 0, 28][16, 27][0, 13][20, 24][8, 26][14, 24] 
[4, 3, 1, 9, 23, 14][17, 19, 8, 12, 18, 22][13, 6, 2, 10, 29][11, 25, 28, 16][15, 5, 21][7, 27, 15][26, 0, 28][7, 20, 24][16, 27][14, 24][0, 13][8, 26] 
[17, 19, 8, 12, 18, 22][4, 3, 1, 9, 23, 14][13, 6, 2, 10, 29][11, 25, 28, 16][15, 27, 7, 20][26, 0, 28][5, 21, 15][0, 13][8, 26][16, 27][20, 24][14, 24] 
[17, 19, 8, 12, 18, 22][4, 3, 1, 9, 23, 14][13, 6, 2, 10, 29][11, 25, 28, 16][15, 27, 7, 20][26, 0, 28][5, 21, 15][8, 26][0, 13][16, 27][20, 24][14, 24] 
[4, 3, 1, 9, 23, 14][17, 19, 8, 12, 18, 22][13, 6, 2, 10, 29][15, 27, 7, 20][11, 25, 28, 16][5, 21, 15][26, 0, 28][16, 27][20, 24][14, 24][0, 13][8, 26] 
[17, 19, 8, 12, 18, 22][4, 3, 1, 9, 23, 14][13, 6, 2, 10, 29][11, 25, 28, 16][26, 0, 28][7, 27, 15][5, 21, 15][7, 20, 24][0, 13][8, 26][16, 27][14, 24] 
[4, 3, 1, 9, 23, 14][17, 19, 8, 12, 18, 22][13, 6, 2, 10, 29][11, 25, 28, 16][15, 5, 21][7, 27, 15][26, 0, 28][7, 20, 24][16, 27][14, 24][0, 13][8, 26] 
[17, 19, 8, 12, 18, 22][4, 3, 1, 9, 23, 14][13, 6, 2, 10, 29][11, 25, 28, 16][26, 0, 28][7, 27, 15][7, 20, 24][5, 21, 15][8, 26][0, 13][16, 27][14, 24] 
[4, 3, 1, 9, 23, 14][17, 19, 8, 12, 18, 22][13, 6, 2, 10, 29][11, 25, 28, 16][15, 5, 21][7, 20, 24][26, 0, 28][7, 27, 15][14, 24][16, 27][8, 26][0, 13] 
[17, 19, 8, 12, 18, 22][4, 3, 1, 9, 23, 14][13, 6, 2, 10, 29][15, 27, 7, 20][11, 25, 28, 16][5, 21, 15][26, 0, 28][16, 27][0, 13][20, 24][8, 26][14, 24] 
[17, 19, 8, 12, 18, 22][4, 3, 1, 9, 23, 14][13, 6, 2, 10, 29][15, 27, 7, 20][11, 25, 28, 16][5, 21, 15][26, 0, 28][16, 27][0, 13][20, 24][8, 26][14, 24] 
[4, 3, 1, 9, 23, 14][17, 19, 8, 12, 18, 22][13, 6, 2, 10, 29][11, 25, 28, 16][15, 5, 21][7, 27, 15][26, 0, 28][7, 20, 24][16, 27][14, 24][0, 13][8, 26] 
[17, 19, 8, 12, 18, 22][4, 3, 1, 9, 23, 14][13, 6, 2, 10, 29][15, 27, 7, 20][11, 25, 28, 16][5, 21, 15][26, 0, 28][16, 27][0, 13][20, 24][8, 26][14, 24] 
[17, 19, 8, 12, 18, 22][4, 3, 1, 9, 23, 14][13, 6, 2, 10, 29][11, 25, 28, 16][15, 27, 7, 20][26, 0, 28][5, 21, 15][8, 26][0, 13][16, 27][20, 24][14, 24] 
[17, 19, 8, 12, 18, 22][4, 3, 1, 9, 23, 14][13, 6, 2, 10, 29][11, 25, 28, 16][15, 27, 7, 20][26, 0, 28][5, 21, 15][8, 26][0, 13][16, 27][20, 24][14, 24] 
[4, 3, 1, 9, 23, 14][17, 19, 8, 12, 18, 22][13, 6, 2, 10, 29][11, 25, 28, 16][15, 5, 21][7, 20, 24][26, 0, 28][7, 27, 15][14, 24][16, 27][8, 26][0, 13] 
[17, 19, 8, 12, 18, 22][4, 3, 1, 9, 23, 14][13, 6, 2, 10, 29][15, 27, 7, 20][11, 25, 28, 16][5, 21, 15][26, 0, 28][16, 27][0, 13][20, 24][8, 26][14, 24] 
[17, 19, 8, 12, 18, 22][4, 3, 1, 9, 23, 14][13, 6, 2, 10, 29][11, 25, 28, 16][15, 27, 7, 20][26, 0, 28][5, 21, 15][8, 26][0, 13][16, 27][20, 24][14, 24] 
[22, 19, 8, 26, 0, 18, 12, 17, 11, 25, 28, 16, 27, 29][14, 20, 7, 27, 15, 5, 21][4, 3, 1, 9, 23, 14][13, 6, 2, 10, 29][14, 24][11, 25][11, 25][11, 25][16, 27][8, 26][16, 27][8, 26] 
[22, 19, 8, 26, 0, 18, 12, 17, 11, 25, 28, 16, 27, 29][14, 20, 7, 27, 15, 5, 21][4, 3, 1, 9, 23, 14][13, 6, 2, 10, 29][14, 24][11, 25][11, 25][11, 25][16, 27][8, 26][16, 27][8, 26] 
[22, 19, 8, 26, 0, 18, 12, 17, 11, 25, 28, 16, 27, 29][14, 20, 7, 27, 15, 5, 21][4, 3, 1, 9, 23, 14][13, 6, 2, 10, 29][14, 24][11, 25][11, 25][11, 25][16, 27][8, 26][16, 27][8, 26] 
[22, 19, 8, 26, 0, 18, 12, 17, 11, 25, 28, 16, 27, 29][13, 6, 21, 15, 10, 7, 14][2, 21, 5, 15, 27, 7, 20][9, 23, 4, 3, 1, 24][14, 24][8, 26][11, 25][16, 27][16, 27][16, 27][11, 25][16, 27] 
[22, 19, 8, 26, 0, 18, 12, 17, 11, 25, 28, 16, 27, 29][13, 6, 21, 15, 10, 7, 14][2, 21, 5, 15, 27, 7, 20][9, 23, 4, 3, 1, 24][14, 24][8, 26][11, 25][16, 27][16, 27][16, 27][11, 25][16, 27] 
[22, 19, 8, 26, 0, 18, 12, 17, 11, 25, 28, 16, 27, 29][2, 21, 15, 10, 7, 20, 14][4, 3, 1, 9, 23, 14][5, 15, 27][2, 6, 13][11, 25][20, 24][16, 27][16, 27][16, 27][8, 26][8, 26] 
[22, 19, 8, 26, 0, 18, 12, 17, 11, 25, 28, 16, 27, 29][14, 20, 7, 27, 15, 5, 21][4, 3, 1, 9, 23, 14][13, 6, 2, 10, 29][14, 24][11, 25][11, 25][11, 25][16, 27][8, 26][16, 27][8, 26] 
[22, 19, 8, 26, 0, 18, 12, 17, 11, 25, 28, 16, 27, 29][14, 20, 7, 27, 15, 5, 21][4, 3, 1, 9, 23, 14][13, 6, 2, 10, 29][14, 24][11, 25][11, 25][11, 25][16, 27][8, 26][16, 27][8, 26] 
[22, 19, 8, 26, 0, 18, 12, 17, 11, 25, 28, 16, 27, 29][13, 6, 21, 15, 10, 7, 14][2, 21, 5, 15, 27, 7, 20][9, 23, 4, 3, 1, 24][14, 24][8, 26][11, 25][16, 27][16, 27][16, 27][11, 25][16, 27] 
[22, 19, 8, 26, 0, 18, 12, 17, 11, 25, 28, 16, 27, 29][14, 20, 7, 27, 15, 5, 21][4, 3, 1, 9, 23, 14][13, 6, 2, 10, 29][14, 24][11, 25][11, 25][11, 25][16, 27][8, 26][16, 27][8, 26] 
[22, 19, 8, 26, 0, 18, 12, 17, 11, 25, 28, 16, 27, 29][14, 20, 7, 27, 15, 5, 21][4, 3, 1, 9, 23, 14][13, 6, 2, 10, 29][14, 24][11, 25][11, 25][11, 25][16, 27][8, 26][16, 27][8, 26] 
[22, 19, 8, 26, 0, 18, 12, 17, 11, 25, 28, 16, 27, 29][14, 20, 7, 27, 15, 5, 21][4, 3, 1, 9, 23, 14][13, 6, 2, 10, 29][14, 24][11, 25][11, 25][11, 25][16, 27][8, 26][16, 27][8, 26] 
[22, 19, 8, 26, 0, 18, 12, 17, 11, 25, 28, 16, 27, 29][13, 6, 21, 15, 10, 7, 14][2, 21, 5, 15, 27, 7, 20][9, 23, 4, 3, 1, 24][14, 24][8, 26][11, 25][16, 27][16, 27][16, 27][11, 25][16, 27] 
[22, 19, 8, 26, 0, 18, 12, 17, 11, 25, 28, 16, 27, 29][14, 20, 7, 27, 15, 5, 21][4, 3, 1, 9, 23, 14][13, 6, 2, 10, 29][14, 24][11, 25][11, 25][11, 25][16, 27][8, 26][16, 27][8, 26] 
[22, 19, 8, 26, 0, 18, 12, 17, 11, 25, 28, 16, 27, 29][14, 20, 7, 27, 15, 5, 21][4, 3, 1, 9, 23, 14][13, 6, 2, 10, 29][14, 24][11, 25][11, 25][11, 25][16, 27][8, 26][16, 27][8, 26] 
[22, 19, 8, 26, 0, 18, 12, 17, 11, 25, 28, 16, 27, 29][13, 6, 16, 2, 21, 5, 15, 27, 7, 20, 14][9, 23, 4, 3, 1, 24][7, 10][14, 24][8, 26][11, 25][16, 27][16, 27][16, 27][11, 25][16, 27] 
[22, 19, 8, 26, 0, 18, 12, 17, 11, 25, 28, 16, 27, 29][13, 6, 16, 2, 21, 5, 15, 27, 7, 20, 14][9, 23, 4, 3, 1, 24][7, 10][14, 24][8, 26][11, 25][16, 27][16, 27][16, 27][11, 25][16, 27] 
[22, 19, 8, 26, 0, 18, 12, 17, 11, 25, 28, 16, 27, 29][2, 21, 5, 15, 27, 10, 7, 20, 14][9, 23, 4, 3, 1, 24][2, 6, 13][8, 26][11, 25][5, 15][16, 27][16, 27][14, 24][16, 27][16, 27] 
[22, 19, 8, 26, 0, 18, 12, 17, 11, 25, 28, 16, 27, 29][13, 6, 16, 2, 21, 5, 15, 27, 7, 20, 14][9, 23, 4, 3, 1, 24][7, 10][14, 24][8, 26][11, 25][16, 27][16, 27][16, 27][11, 25][16, 27] 
[22, 19, 8, 26, 0, 18, 12, 17, 11, 25, 28, 16, 27, 29][13, 6, 16, 2, 21, 5, 15, 27, 7, 20, 14][9, 23, 4, 3, 1, 24][7, 10][14, 24][8, 26][11, 25][16, 27][16, 27][16, 27][11, 25][16, 27] 
[22, 19, 8, 26, 0, 18, 12, 17, 11, 25, 28, 16, 27, 29][13, 6, 16, 2, 21, 5, 15, 27, 7, 20, 14][9, 23, 4, 3, 1, 24][7, 10][14, 24][8, 26][11, 25][16, 27][16, 27][16, 27][11, 25][16, 27] 
[4, 3, 1, 9, 23, 14][17, 19, 8, 12, 18, 22][13, 6, 2, 10, 29][11, 25, 28, 16][7, 20, 24][7, 27, 15][5, 21, 15][26, 0, 28][14, 24][16, 27][8, 26][0, 13] 
[4, 3, 1, 9, 23, 14][17, 19, 8, 12, 18, 22][13, 6, 2, 10, 29][11, 25, 28, 16][7, 27, 15][26, 0, 28][5, 21, 15][7, 20, 24][16, 27][14, 24][8, 26][0, 13] 
[17, 19, 8, 12, 18, 22][4, 3, 1, 9, 23, 14][13, 6, 2, 10, 29][11, 25, 28, 16][26, 0, 28][7, 27, 15][7, 20, 24][5, 21, 15][8, 26][0, 13][16, 27][14, 24] 
[4, 3, 1, 9, 23, 14][17, 19, 8, 12, 18, 22][13, 6, 2, 10, 29][11, 25, 28, 16][7, 20, 24][7, 27, 15][5, 21, 15][26, 0, 28][14, 24][16, 27][8, 26][0, 13] 
[4, 3, 1, 9, 23, 14][17, 19, 8, 12, 18, 22][13, 6, 2, 10, 29][11, 25, 28, 16][7, 20, 24][7, 27, 15][5, 21, 15][26, 0, 28][14, 24][16, 27][8, 26][0, 13] 
[4, 3, 1, 9, 23, 14][17, 19, 8, 12, 18, 22][13, 6, 2, 10, 29][11, 25, 28, 16][7, 27, 15][26, 0, 28][5, 21, 15][7, 20, 24][16, 27][14, 24][8, 26][0, 13] 
[4, 3, 1, 9, 23, 14][17, 19, 8, 12, 18, 22][13, 6, 2, 10, 29][11, 25, 28, 16][7, 20, 24][7, 27, 15][5, 21, 15][26, 0, 28][14, 24][16, 27][8, 26][0, 13] 
[4, 3, 1, 9, 23, 14][17, 19, 8, 12, 18, 22][13, 6, 2, 10, 29][11, 25, 28, 16][7, 27, 15][26, 0, 28][5, 21, 15][7, 20, 24][16, 27][14, 24][8, 26][0, 13] 
[4, 3, 1, 9, 23, 14][17, 19, 8, 12, 18, 22][13, 6, 2, 10, 29][11, 25, 28, 16][7, 20, 24][7, 27, 15][5, 21, 15][26, 0, 28][14, 24][16, 27][8, 26][0, 13] 
[4, 3, 1, 9, 23, 14][17, 19, 8, 12, 18, 22][13, 6, 2, 10, 29][11, 25, 28, 16][7, 20, 24][7, 27, 15][5, 21, 15][26, 0, 28][14, 24][16, 27][8, 26][0, 13] 
[4, 3, 1, 9, 23, 14][17, 19, 8, 12, 18, 22][13, 6, 2, 10, 29][11, 25, 28, 16][7, 27, 15][26, 0, 28][5, 21, 15][7, 20, 24][16, 27][14, 24][8, 26][0, 13] 
[17, 19, 8, 12, 18, 22][4, 3, 1, 9, 23, 14][13, 6, 2, 10, 29][11, 25, 28, 16][26, 0, 28][7, 27, 15][5, 21, 15][7, 20, 24][0, 13][8, 26][16, 27][14, 24] 
[4, 3, 1, 9, 23, 14][17, 19, 8, 12, 18, 22][13, 6, 2, 10, 29][11, 25, 28, 16][7, 20, 24][7, 27, 15][5, 21, 15][26, 0, 28][14, 24][16, 27][8, 26][0, 13] 
[4, 3, 1, 9, 23, 14][17, 19, 8, 12, 18, 22][13, 6, 2, 10, 29][11, 25, 28, 16][7, 27, 15][26, 0, 28][5, 21, 15][7, 20, 24][16, 27][14, 24][8, 26][0, 13] 
[17, 19, 8, 12, 18, 22][4, 3, 1, 9, 23, 14][13, 6, 2, 10, 29][11, 25, 28, 16][26, 0, 28][7, 27, 15][5, 21, 15][7, 20, 24][0, 13][8, 26][16, 27][14, 24] 
[17, 19, 8, 12, 18, 22][4, 3, 1, 9, 23, 14][13, 6, 2, 10, 29][15, 27, 7, 20][11, 25, 28, 16][5, 21, 15][26, 0, 28][16, 27][0, 13][20, 24][8, 26][14, 24] 
[17, 19, 8, 12, 18, 22][4, 3, 1, 9, 23, 14][13, 6, 2, 10, 29][15, 27, 7, 20][11, 25, 28, 16][5, 21, 15][26, 0, 28][16, 27][0, 13][20, 24][8, 26][14, 24] 
[17, 19, 8, 12, 18, 22][4, 3, 1, 9, 23, 14][13, 6, 2, 10, 29][15, 27, 7, 20][11, 25, 28, 16][5, 21, 15][26, 0, 28][16, 27][0, 13][20, 24][8, 26][14, 24] 
[17, 19, 8, 12, 18, 22][4, 3, 1, 9, 23, 14][13, 6, 2, 10, 29][15, 27, 7, 20][11, 25, 28, 16][5, 21, 15][26, 0, 28][16, 27][0, 13][20, 24][8, 26][14, 24] 
[17, 19, 8, 12, 18, 22][4, 3, 1, 9, 23, 14][13, 6, 2, 10, 29][15, 27, 7, 20][11, 25, 28, 16][5, 21, 15][26, 0, 28][16, 27][0, 13][20, 24][8, 26][14, 24] 
[17, 19, 8, 12, 18, 22][4, 3, 1, 9, 23, 14][13, 6, 2, 10, 29][15, 27, 7, 20][11, 25, 28, 16][5, 21, 15][26, 0, 28][16, 27][0, 13][20, 24][8, 26][14, 24] 
[4, 3, 1, 9, 23, 14][17, 19, 8, 12, 18, 22][13, 6, 2, 10, 29][11, 25, 28, 16][7, 20, 24][7, 27, 15][5, 21, 15][26, 0, 28][14, 24][16, 27][8, 26][0, 13] 
[17, 19, 8, 12, 18, 22][4, 3, 1, 9, 23, 14][13, 6, 2, 10, 29][11, 25, 28, 16][26, 0, 28][7, 27, 15][7, 20, 24][5, 21, 15][8, 26][16, 27][14, 24][0, 13] 
[4, 3, 1, 9, 23, 14][17, 19, 8, 12, 18, 22][13, 6, 2, 10, 29][11, 25, 28, 16][7, 20, 24][7, 27, 15][5, 21, 15][26, 0, 28][14, 24][16, 27][8, 26][0, 13] 
[17, 19, 8, 12, 18, 22][4, 3, 1, 9, 23, 14][13, 6, 2, 10, 29][11, 25, 28, 16][26, 0, 28][7, 27, 15][7, 20, 24][5, 21, 15][8, 26][0, 13][16, 27][14, 24] 
[4, 3, 1, 9, 23, 14][17, 19, 8, 12, 18, 22][13, 6, 2, 10, 29][11, 25, 28, 16][7, 20, 24][7, 27, 15][5, 21, 15][26, 0, 28][14, 24][16, 27][8, 26][0, 13] 
[4, 3, 1, 9, 23, 14][17, 19, 8, 12, 18, 22][13, 6, 2, 10, 29][11, 25, 28, 16][26, 0, 28][7, 27, 15][7, 20, 24][15, 5, 21][0, 13][16, 27][14, 24][8, 26] 
[17, 19, 8, 12, 18, 22][4, 3, 1, 9, 23, 14][13, 6, 2, 10, 29][11, 25, 28, 16][26, 0, 28][7, 27, 15][7, 20, 24][5, 21, 15][8, 26][16, 27][14, 24][0, 13] 
[17, 19, 8, 12, 18, 22][4, 3, 1, 9, 23, 14][13, 6, 2, 10, 29][11, 25, 28, 16][15, 27, 7, 20][26, 0, 28][5, 21, 15][8, 26][0, 13][16, 27][20, 24][14, 24] 
[17, 19, 8, 12, 18, 22][4, 3, 1, 9, 23, 14][13, 6, 2, 10, 29][11, 25, 28, 16][15, 27, 7, 20][26, 0, 28][5, 21, 15][8, 26][0, 13][16, 27][20, 24][14, 24] 
[17, 19, 8, 12, 18, 22][4, 3, 1, 9, 23, 14][13, 6, 2, 10, 29][15, 27, 7, 20][11, 25, 28, 16][5, 21, 15][26, 0, 28][16, 27][0, 13][20, 24][8, 26][14, 24] 
[17, 19, 8, 12, 18, 22][4, 3, 1, 9, 23, 14][13, 6, 2, 10, 29][15, 27, 7, 20][11, 25, 28, 16][5, 21, 15][26, 0, 28][16, 27][0, 13][20, 24][8, 26][14, 24] 
[17, 19, 8, 12, 18, 22][4, 3, 1, 9, 23, 14][13, 6, 2, 10, 29][15, 27, 7, 20][11, 25, 28, 16][5, 21, 15][26, 0, 28][16, 27][0, 13][20, 24][8, 26][14, 24] 
[17, 19, 8, 12, 18, 22][4, 3, 1, 9, 23, 14][13, 6, 2, 10, 29][11, 25, 28, 16][15, 27, 7, 20][26, 0, 28][5, 21, 15][8, 26][0, 13][16, 27][20, 24][14, 24] 
[17, 19, 8, 12, 18, 22][4, 3, 1, 9, 23, 14][13, 6, 2, 10, 29][11, 25, 28, 16][15, 27, 7, 20][26, 0, 28][5, 21, 15][8, 26][0, 13][16, 27][20, 24][14, 24] 
[17, 19, 8, 12, 18, 22][4, 3, 1, 9, 23, 14][13, 6, 2, 10, 29][15, 27, 7, 20][11, 25, 28, 16][5, 21, 15][26, 0, 28][16, 27][0, 13][20, 24][8, 26][14, 24] 
[17, 19, 8, 12, 18, 22][4, 3, 1, 9, 23, 14][13, 6, 2, 10, 29][15, 27, 7, 20][11, 25, 28, 16][5, 21, 15][26, 0, 28][16, 27][0, 13][20, 24][8, 26][14, 24] 
[17, 19, 8, 12, 18, 22][4, 3, 1, 9, 23, 14][13, 6, 2, 10, 29][11, 25, 28, 16][15, 27, 7, 20][26, 0, 28][5, 21, 15][8, 26][0, 13][16, 27][20, 24][14, 24] 
[17, 19, 8, 12, 18, 22][4, 3, 1, 9, 23, 14][13, 6, 2, 10, 29][11, 25, 28, 16][15, 27, 7, 20][26, 0, 28][5, 21, 15][8, 26][0, 13][16, 27][20, 24][14, 24] 
[17, 19, 8, 12, 18, 22][4, 3, 1, 9, 23, 14][13, 6, 2, 10, 29][15, 27, 7, 20][11, 25, 28, 16][5, 21, 15][26, 0, 28][16, 27][0, 13][20, 24][8, 26][14, 24] 
[17, 19, 8, 12, 18, 22][4, 3, 1, 9, 23, 14][13, 6, 2, 10, 29][11, 25, 28, 16][15, 27, 7, 20][26, 0, 28][5, 21, 15][0, 13][8, 26][16, 27][20, 24][14, 24] 
[17, 19, 8, 12, 18, 22][4, 3, 1, 9, 23, 14][13, 6, 2, 10, 29][11, 25, 28, 16][15, 27, 7, 20][26, 0, 28][5, 21, 15][8, 26][0, 13][16, 27][20, 24][14, 24] 
[17, 19, 8, 12, 18, 22][4, 3, 1, 9, 23, 14][13, 6, 2, 10, 29][15, 27, 7, 20][11, 25, 28, 16][5, 21, 15][26, 0, 28][16, 27][0, 13][20, 24][8, 26][14, 24] 
[17, 19, 8, 12, 18, 22][4, 3, 1, 9, 23, 14][20, 7, 27, 15, 5, 21][13, 6, 2, 10, 29][11, 25, 28, 16][26, 0, 28][5, 15][16, 27][20, 24][8, 26][0, 13][14, 24] 
[17, 19, 8, 12, 18, 22][4, 3, 1, 9, 23, 14][20, 7, 27, 15, 5, 21][13, 6, 2, 10, 29][11, 25, 28, 16][26, 0, 28][5, 15][16, 27][20, 24][8, 26][0, 13][14, 24] 
[17, 19, 8, 12, 18, 22][4, 3, 1, 9, 23, 14][20, 7, 27, 15, 5, 21][13, 6, 2, 10, 29][11, 25, 28, 16][26, 0, 28][5, 15][16, 27][20, 24][8, 26][0, 13][14, 24] 
[17, 19, 8, 12, 18, 22][4, 3, 1, 9, 23, 14][20, 7, 27, 15, 5, 21][13, 6, 2, 10, 29][11, 25, 28, 16][26, 0, 28][5, 15][16, 27][20, 24][8, 26][0, 13][14, 24] 
[17, 19, 8, 12, 18, 22][4, 3, 1, 9, 23, 14][20, 7, 27, 15, 5, 21][13, 6, 2, 10, 29][11, 25, 28, 16][26, 0, 28][5, 15][16, 27][20, 24][8, 26][0, 13][14, 24] 
[17, 19, 8, 12, 18, 22][4, 3, 1, 9, 23, 14][20, 7, 27, 15, 5, 21][13, 6, 2, 10, 29][11, 25, 28, 16][26, 0, 28][5, 15][16, 27][20, 24][8, 26][0, 13][14, 24] 
[4, 3, 1, 9, 23, 14][17, 19, 8, 12, 18, 22][13, 6, 2, 10, 29][11, 25, 28, 16][7, 20, 24][7, 27, 15][5, 21, 15][26, 0, 28][14, 24][16, 27][8, 26][0, 13] 
[4, 3, 1, 9, 23, 14][17, 19, 8, 12, 18, 22][13, 6, 2, 10, 29][11, 25, 28, 16][7, 20, 24][7, 27, 15][5, 21, 15][26, 0, 28][14, 24][16, 27][8, 26][0, 13] 
[4, 3, 1, 9, 23, 14][17, 19, 8, 12, 18, 22][13, 6, 2, 10, 29][11, 25, 28, 16][7, 20, 24][7, 27, 15][5, 21, 15][26, 0, 28][14, 24][16, 27][8, 26][0, 13] 
[17, 19, 8, 12, 18, 22][4, 3, 1, 9, 23, 14][13, 6, 2, 10, 29][11, 25, 28, 16][26, 0, 28][7, 27, 15][5, 21, 15][7, 20, 24][0, 13][8, 26][16, 27][14, 24] 
[4, 3, 1, 9, 23, 14][17, 19, 8, 12, 18, 22][13, 6, 2, 10, 29][11, 25, 28, 16][7, 20, 24][7, 27, 15][5, 21, 15][26, 0, 28][14, 24][16, 27][8, 26][0, 13] 
[17, 19, 8, 12, 18, 22][4, 3, 1, 9, 23, 14][13, 6, 2, 10, 29][15, 27, 7, 20][11, 25, 28, 16][5, 21, 15][26, 0, 28][16, 27][0, 13][20, 24][8, 26][14, 24] 
[4, 3, 1, 9, 23, 14][17, 19, 8, 12, 18, 22][13, 6, 2, 10, 29][11, 25, 28, 16][7, 20, 24][7, 27, 15][5, 21, 15][26, 0, 28][14, 24][16, 27][8, 26][0, 13] 
