[1, 59, 68, 9, 11, 15, 42, 62, 49, 26, 16][22, 36, 54, 19, 29, 48, 39, 32, 37, 18, 38][16, 55, 10, 59, 11, 9, 17, 60, 61, 44][3, 23, 0, 2, 14, 61, 43, 13, 33, 20][32, 18, 69, 48, 29, 66, 38, 22, 13, 50][36, 22, 45, 34, 25, 41, 27, 67, 5, 65][5, 67, 27, 12, 25, 4, 40, 53, 46, 7][1, 31, 9, 49, 42, 24, 63, 21, 6, 47][51, 57, 35, 6, 56, 28, 8, 52, 64, 58][18, 54, 65, 37, 32, 39, 48, 69, 19, 36][21, 62, 42, 24, 30, 15, 11, 68, 9, 31][3, 23, 0, 2, 14, 61, 43, 13, 33, 20][5, 67, 27, 12, 25, 4, 40, 53, 46, 7][3, 23, 0, 2, 14, 61, 43, 13, 33, 20][26, 1, 9, 68, 11, 15, 30, 24, 21, 63] 
[22, 36, 54, 19, 29, 48, 39, 32, 37, 18, 38][3, 23, 0, 2, 14, 61, 43, 13, 33, 20][16, 55, 10, 59, 11, 9, 17, 60, 61, 44][32, 18, 69, 48, 29, 66, 38, 22, 13, 50][36, 22, 45, 34, 25, 41, 27, 67, 5, 65][1, 31, 9, 49, 42, 24, 63, 21, 6, 47][51, 57, 35, 6, 56, 28, 8, 52, 64, 58][5, 67, 27, 12, 25, 4, 40, 53, 46, 7][21, 62, 42, 24, 30, 15, 11, 68, 9, 31][18, 54, 65, 37, 32, 39, 48, 69, 19, 36][26, 1, 9, 68, 11, 15, 30, 24, 21, 63][16, 26, 49, 62, 42, 15, 11, 9, 68, 59][51, 57, 35, 6, 56, 28, 8, 52, 64, 58][21, 62, 42, 24, 30, 15, 11, 68, 9, 31][5, 67, 27, 12, 25, 4, 40, 53, 46, 7] 
[3, 23, 0, 2, 14, 61, 43, 13, 33, 20][16, 55, 10, 59, 11, 9, 17, 60, 61, 44][32, 18, 69, 48, 29, 66, 38, 22, 13, 50][36, 22, 45, 34, 25, 41, 27, 67, 5, 65][1, 31, 9, 49, 42, 24, 63, 21, 6, 47][51, 57, 35, 6, 56, 28, 8, 52, 64, 58][5, 67, 27, 12, 25, 4, 40, 53, 46, 7][21, 62, 42, 24, 30, 15, 11, 68, 9, 31][18, 54, 65, 37, 32, 39, 48, 69, 19, 36][26, 1, 9, 68, 11, 15, 30, 24, 21, 63][16, 26, 49, 62, 42, 15, 11, 9, 68, 59][51, 57, 35, 6, 56, 28, 8, 52, 64, 58][36, 54, 19, 29, 48, 39, 32, 37, 18, 38][21, 62, 42, 24, 30, 15, 11, 68, 9, 31][5, 67, 27, 12, 25, 4, 40, 53, 46, 7] 
[16, 26, 49, 62, 42, 15, 11, 9, 68, 59][16, 55, 10, 59, 11, 9, 17, 60, 61, 44][3, 23, 0, 2, 14, 61, 43, 13, 33, 20][32, 18, 69, 48, 29, 66, 38, 22, 13, 50][36, 22, 45, 34, 25, 41, 27, 67, 5, 65][5, 67, 27, 12, 25, 4, 40, 53, 46, 7][1, 31, 9, 49, 42, 24, 63, 21, 6, 47][51, 57, 35, 6, 56, 28, 8, 52, 64, 58][18, 54, 65, 37, 32, 39, 48, 69, 19, 36][21, 62, 42, 24, 30, 15, 11, 68, 9, 31][5, 67, 27, 12, 25, 4, 40, 53, 46, 7][1, 59, 68, 9, 11, 15, 42, 62, 49, 26][26, 1, 9, 68, 11, 15, 30, 24, 21, 63][26, 1, 9, 68, 11, 15, 30, 24, 21, 63][36, 54, 19, 29, 48, 39, 32, 37, 18, 38] 
[36, 19, 29, 48, 39, 32, 37, 65, 18, 38][36, 22, 45, 34, 25, 41, 27, 67, 5, 65][5, 67, 27, 12, 25, 4, 40, 53, 46, 7][32, 18, 69, 48, 29, 66, 38, 22, 13, 50][3, 23, 0, 2, 14, 61, 43, 13, 33, 20][16, 55, 10, 59, 11, 9, 17, 60, 61, 44][1, 31, 9, 49, 42, 24, 63, 21, 6, 47][51, 57, 35, 6, 56, 28, 8, 52, 64, 58][26, 1, 9, 68, 11, 15, 30, 24, 21, 63][21, 62, 42, 24, 30, 15, 11, 68, 9, 31][3, 69, 18, 65, 54, 66, 48, 29, 23, 50][1, 31, 9, 49, 42, 24, 63, 21, 6, 47][51, 57, 35, 6, 56, 28, 8, 52, 64, 58][21, 62, 42, 24, 30, 15, 11, 68, 9, 31][36, 54, 19, 29, 48, 39, 32, 37, 18, 38] 
[36, 19, 29, 48, 39, 32, 37, 65, 18, 38][36, 22, 45, 34, 25, 41, 27, 67, 5, 65][5, 67, 27, 12, 25, 4, 40, 53, 46, 7][32, 18, 69, 48, 29, 66, 38, 22, 13, 50][3, 23, 0, 2, 14, 61, 43, 13, 33, 20][16, 55, 10, 59, 11, 9, 17, 60, 61, 44][1, 31, 9, 49, 42, 24, 63, 21, 6, 47][51, 57, 35, 6, 56, 28, 8, 52, 64, 58][26, 1, 9, 68, 11, 15, 30, 24, 21, 63][21, 62, 42, 24, 30, 15, 11, 68, 9, 31][3, 69, 18, 65, 54, 66, 48, 29, 23, 50][1, 31, 9, 49, 42, 24, 63, 21, 6, 47][51, 57, 35, 6, 56, 28, 8, 52, 64, 58][21, 62, 42, 24, 30, 15, 11, 68, 9, 31][36, 54, 19, 29, 48, 39, 32, 37, 18, 38] 
[36, 19, 29, 48, 39, 32, 37, 65, 18, 38][36, 22, 45, 34, 25, 41, 27, 67, 5, 65][5, 67, 27, 12, 25, 4, 40, 53, 46, 7][32, 18, 69, 48, 29, 66, 38, 22, 13, 50][3, 23, 0, 2, 14, 61, 43, 13, 33, 20][16, 55, 10, 59, 11, 9, 17, 60, 61, 44][1, 31, 9, 49, 42, 24, 63, 21, 6, 47][51, 57, 35, 6, 56, 28, 8, 52, 64, 58][26, 1, 9, 68, 11, 15, 30, 24, 21, 63][21, 62, 42, 24, 30, 15, 11, 68, 9, 31][3, 69, 18, 65, 54, 66, 48, 29, 23, 50][1, 31, 9, 49, 42, 24, 63, 21, 6, 47][51, 57, 35, 6, 56, 28, 8, 52, 64, 58][21, 62, 42, 24, 30, 15, 11, 68, 9, 31][36, 54, 19, 29, 48, 39, 32, 37, 18, 38] 
[36, 19, 29, 48, 39, 32, 37, 65, 18, 38][36, 22, 45, 34, 25, 41, 27, 67, 5, 65][5, 67, 27, 12, 25, 4, 40, 53, 46, 7][32, 18, 69, 48, 29, 66, 38, 22, 13, 50][3, 23, 0, 2, 14, 61, 43, 13, 33, 20][16, 55, 10, 59, 11, 9, 17, 60, 61, 44][1, 31, 9, 49, 42, 24, 63, 21, 6, 47][51, 57, 35, 6, 56, 28, 8, 52, 64, 58][26, 1, 9, 68, 11, 15, 30, 24, 21, 63][21, 62, 42, 24, 30, 15, 11, 68, 9, 31][3, 69, 18, 65, 54, 66, 48, 29, 23, 50][1, 31, 9, 49, 42, 24, 63, 21, 6, 47][51, 57, 35, 6, 56, 28, 8, 52, 64, 58][21, 62, 42, 24, 30, 15, 11, 68, 9, 31][36, 54, 19, 29, 48, 39, 32, 37, 18, 38] 
[36, 19, 29, 48, 39, 32, 37, 65, 18, 38][36, 22, 45, 34, 25, 41, 27, 67, 5, 65][5, 67, 27, 12, 25, 4, 40, 53, 46, 7][32, 18, 69, 48, 29, 66, 38, 22, 13, 50][3, 23, 0, 2, 14, 61, 43, 13, 33, 20][16, 55, 10, 59, 11, 9, 17, 60, 61, 44][1, 31, 9, 49, 42, 24, 63, 21, 6, 47][51, 57, 35, 6, 56, 28, 8, 52, 64, 58][26, 1, 9, 68, 11, 15, 30, 24, 21, 63][21, 62, 42, 24, 30, 15, 11, 68, 9, 31][3, 69, 18, 65, 54, 66, 48, 29, 23, 50][1, 31, 9, 49, 42, 24, 63, 21, 6, 47][51, 57, 35, 6, 56, 28, 8, 52, 64, 58][21, 62, 42, 24, 30, 15, 11, 68, 9, 31][36, 54, 19, 29, 48, 39, 32, 37, 18, 38] 
[36, 19, 29, 48, 39, 32, 37, 65, 18, 38][36, 22, 45, 34, 25, 41, 27, 67, 5, 65][5, 67, 27, 12, 25, 4, 40, 53, 46, 7][32, 18, 69, 48, 29, 66, 38, 22, 13, 50][3, 23, 0, 2, 14, 61, 43, 13, 33, 20][16, 55, 10, 59, 11, 9, 17, 60, 61, 44][1, 31, 9, 49, 42, 24, 63, 21, 6, 47][51, 57, 35, 6, 56, 28, 8, 52, 64, 58][26, 1, 9, 68, 11, 15, 30, 24, 21, 63][21, 62, 42, 24, 30, 15, 11, 68, 9, 31][3, 69, 18, 65, 54, 66, 48, 29, 23, 50][1, 31, 9, 49, 42, 24, 63, 21, 6, 47][51, 57, 35, 6, 56, 28, 8, 52, 64, 58][21, 62, 42, 24, 30, 15, 11, 68, 9, 31][36, 54, 19, 29, 48, 39, 32, 37, 18, 38] 
[22, 36, 54, 19, 29, 48, 39, 32, 37, 18, 38][16, 26, 49, 62, 42, 15, 11, 9, 68, 59][16, 55, 10, 59, 11, 9, 17, 60, 61, 44][3, 23, 0, 2, 14, 61, 43, 13, 33, 20][32, 18, 69, 48, 29, 66, 38, 22, 13, 50][36, 22, 45, 34, 25, 41, 27, 67, 5, 65][5, 67, 27, 12, 25, 4, 40, 53, 46, 7][1, 31, 9, 49, 42, 24, 63, 21, 6, 47][51, 57, 35, 6, 56, 28, 8, 52, 64, 58][18, 54, 65, 37, 32, 39, 48, 69, 19, 36][21, 62, 42, 24, 30, 15, 11, 68, 9, 31][3, 23, 0, 2, 14, 61, 43, 13, 33, 20][5, 67, 27, 12, 25, 4, 40, 53, 46, 7][3, 23, 0, 2, 14, 61, 43, 13, 33, 20][26, 1, 9, 68, 11, 15, 30, 24, 21, 63] 
[22, 36, 54, 19, 29, 48, 39, 32, 37, 18, 38][3, 23, 0, 2, 14, 61, 43, 13, 33, 20][16, 55, 10, 59, 11, 9, 17, 60, 61, 44][32, 18, 69, 48, 29, 66, 38, 22, 13, 50][36, 22, 45, 34, 25, 41, 27, 67, 5, 65][1, 31, 9, 49, 42, 24, 63, 21, 6, 47][51, 57, 35, 6, 56, 28, 8, 52, 64, 58][5, 67, 27, 12, 25, 4, 40, 53, 46, 7][21, 62, 42, 24, 30, 15, 11, 68, 9, 31][18, 54, 65, 37, 32, 39, 48, 69, 19, 36][26, 1, 9, 68, 11, 15, 30, 24, 21, 63][16, 26, 49, 62, 42, 15, 11, 9, 68, 59][51, 57, 35, 6, 56, 28, 8, 52, 64, 58][21, 62, 42, 24, 30, 15, 11, 68, 9, 31][5, 67, 27, 12, 25, 4, 40, 53, 46, 7] 
[3, 23, 0, 2, 14, 61, 43, 13, 33, 20][16, 55, 10, 59, 11, 9, 17, 60, 61, 44][32, 18, 69, 48, 29, 66, 38, 22, 13, 50][36, 22, 45, 34, 25, 41, 27, 67, 5, 65][1, 31, 9, 49, 42, 24, 63, 21, 6, 47][51, 57, 35, 6, 56, 28, 8, 52, 64, 58][5, 67, 27, 12, 25, 4, 40, 53, 46, 7][21, 62, 42, 24, 30, 15, 11, 68, 9, 31][18, 54, 65, 37, 32, 39, 48, 69, 19, 36][26, 1, 9, 68, 11, 15, 30, 24, 21, 63][16, 26, 49, 62, 42, 15, 11, 9, 68, 59][51, 57, 35, 6, 56, 28, 8, 52, 64, 58][36, 54, 19, 29, 48, 39, 32, 37, 18, 38][21, 62, 42, 24, 30, 15, 11, 68, 9, 31][5, 67, 27, 12, 25, 4, 40, 53, 46, 7] 
[36, 19, 29, 48, 39, 32, 37, 65, 18, 38][36, 22, 45, 34, 25, 41, 27, 67, 5, 65][5, 67, 27, 12, 25, 4, 40, 53, 46, 7][32, 18, 69, 48, 29, 66, 38, 22, 13, 50][3, 23, 0, 2, 14, 61, 43, 13, 33, 20][16, 55, 10, 59, 11, 9, 17, 60, 61, 44][1, 31, 9, 49, 42, 24, 63, 21, 6, 47][51, 57, 35, 6, 56, 28, 8, 52, 64, 58][26, 1, 9, 68, 11, 15, 30, 24, 21, 63][21, 62, 42, 24, 30, 15, 11, 68, 9, 31][3, 69, 18, 65, 54, 66, 48, 29, 23, 50][1, 31, 9, 49, 42, 24, 63, 21, 6, 47][51, 57, 35, 6, 56, 28, 8, 52, 64, 58][21, 62, 42, 24, 30, 15, 11, 68, 9, 31][36, 54, 19, 29, 48, 39, 32, 37, 18, 38] 
[36, 19, 29, 48, 39, 32, 37, 65, 18, 38][36, 22, 45, 34, 25, 41, 27, 67, 5, 65][5, 67, 27, 12, 25, 4, 40, 53, 46, 7][32, 18, 69, 48, 29, 66, 38, 22, 13, 50][3, 23, 0, 2, 14, 61, 43, 13, 33, 20][16, 55, 10, 59, 11, 9, 17, 60, 61, 44][1, 31, 9, 49, 42, 24, 63, 21, 6, 47][51, 57, 35, 6, 56, 28, 8, 52, 64, 58][26, 1, 9, 68, 11, 15, 30, 24, 21, 63][21, 62, 42, 24, 30, 15, 11, 68, 9, 31][3, 69, 18, 65, 54, 66, 48, 29, 23, 50][1, 31, 9, 49, 42, 24, 63, 21, 6, 47][51, 57, 35, 6, 56, 28, 8, 52, 64, 58][21, 62, 42, 24, 30, 15, 11, 68, 9, 31][36, 54, 19, 29, 48, 39, 32, 37, 18, 38] 
[36, 19, 29, 48, 39, 32, 37, 65, 18, 38][36, 22, 45, 34, 25, 41, 27, 67, 5, 65][5, 67, 27, 12, 25, 4, 40, 53, 46, 7][32, 18, 69, 48, 29, 66, 38, 22, 13, 50][3, 23, 0, 2, 14, 61, 43, 13, 33, 20][16, 55, 10, 59, 11, 9, 17, 60, 61, 44][1, 31, 9, 49, 42, 24, 63, 21, 6, 47][51, 57, 35, 6, 56, 28, 8, 52, 64, 58][26, 1, 9, 68, 11, 15, 30, 24, 21, 63][21, 62, 42, 24, 30, 15, 11, 68, 9, 31][3, 69, 18, 65, 54, 66, 48, 29, 23, 50][1, 31, 9, 49, 42, 24, 63, 21, 6, 47][51, 57, 35, 6, 56, 28, 8, 52, 64, 58][21, 62, 42, 24, 30, 15, 11, 68, 9, 31][36, 54, 19, 29, 48, 39, 32, 37, 18, 38] 
[22, 36, 54, 19, 29, 48, 39, 32, 37, 18, 38][16, 26, 49, 62, 42, 15, 11, 9, 68, 59][16, 55, 10, 59, 11, 9, 17, 60, 61, 44][3, 23, 0, 2, 14, 61, 43, 13, 33, 20][32, 18, 69, 48, 29, 66, 38, 22, 13, 50][36, 22, 45, 34, 25, 41, 27, 67, 5, 65][5, 67, 27, 12, 25, 4, 40, 53, 46, 7][1, 31, 9, 49, 42, 24, 63, 21, 6, 47][51, 57, 35, 6, 56, 28, 8, 52, 64, 58][18, 54, 65, 37, 32, 39, 48, 69, 19, 36][21, 62, 42, 24, 30, 15, 11, 68, 9, 31][3, 23, 0, 2, 14, 61, 43, 13, 33, 20][5, 67, 27, 12, 25, 4, 40, 53, 46, 7][3, 23, 0, 2, 14, 61, 43, 13, 33, 20][26, 1, 9, 68, 11, 15, 30, 24, 21, 63] 
[22, 36, 54, 19, 29, 48, 39, 32, 37, 18, 38][3, 23, 0, 2, 14, 61, 43, 13, 33, 20][16, 55, 10, 59, 11, 9, 17, 60, 61, 44][32, 18, 69, 48, 29, 66, 38, 22, 13, 50][36, 22, 45, 34, 25, 41, 27, 67, 5, 65][1, 31, 9, 49, 42, 24, 63, 21, 6, 47][51, 57, 35, 6, 56, 28, 8, 52, 64, 58][5, 67, 27, 12, 25, 4, 40, 53, 46, 7][21, 62, 42, 24, 30, 15, 11, 68, 9, 31][18, 54, 65, 37, 32, 39, 48, 69, 19, 36][26, 1, 9, 68, 11, 15, 30, 24, 21, 63][16, 26, 49, 62, 42, 15, 11, 9, 68, 59][51, 57, 35, 6, 56, 28, 8, 52, 64, 58][21, 62, 42, 24, 30, 15, 11, 68, 9, 31][5, 67, 27, 12, 25, 4, 40, 53, 46, 7] 
[36, 19, 29, 48, 39, 32, 37, 65, 18, 38][36, 22, 45, 34, 25, 41, 27, 67, 5, 65][5, 67, 27, 12, 25, 4, 40, 53, 46, 7][32, 18, 69, 48, 29, 66, 38, 22, 13, 50][3, 23, 0, 2, 14, 61, 43, 13, 33, 20][16, 55, 10, 59, 11, 9, 17, 60, 61, 44][1, 31, 9, 49, 42, 24, 63, 21, 6, 47][51, 57, 35, 6, 56, 28, 8, 52, 64, 58][26, 1, 9, 68, 11, 15, 30, 24, 21, 63][21, 62, 42, 24, 30, 15, 11, 68, 9, 31][3, 69, 18, 65, 54, 66, 48, 29, 23, 50][1, 31, 9, 49, 42, 24, 63, 21, 6, 47][51, 57, 35, 6, 56, 28, 8, 52, 64, 58][21, 62, 42, 24, 30, 15, 11, 68, 9, 31][36, 54, 19, 29, 48, 39, 32, 37, 18, 38] 
[22, 36, 54, 19, 29, 48, 39, 32, 37, 18, 38][16, 26, 49, 62, 42, 15, 11, 9, 68, 59][16, 55, 10, 59, 11, 9, 17, 60, 61, 44][3, 23, 0, 2, 14, 61, 43, 13, 33, 20][32, 18, 69, 48, 29, 66, 38, 22, 13, 50][36, 22, 45, 34, 25, 41, 27, 67, 5, 65][5, 67, 27, 12, 25, 4, 40, 53, 46, 7][1, 31, 9, 49, 42, 24, 63, 21, 6, 47][51, 57, 35, 6, 56, 28, 8, 52, 64, 58][18, 54, 65, 37, 32, 39, 48, 69, 19, 36][21, 62, 42, 24, 30, 15, 11, 68, 9, 31][3, 23, 0, 2, 14, 61, 43, 13, 33, 20][5, 67, 27, 12, 25, 4, 40, 53, 46, 7][3, 23, 0, 2, 14, 61, 43, 13, 33, 20][26, 1, 9, 68, 11, 15, 30, 24, 21, 63] 
[22, 36, 54, 19, 29, 48, 39, 32, 37, 18, 38][16, 26, 49, 62, 42, 15, 11, 9, 68, 59][16, 55, 10, 59, 11, 9, 17, 60, 61, 44][3, 23, 0, 2, 14, 61, 43, 13, 33, 20][32, 18, 69, 48, 29, 66, 38, 22, 13, 50][36, 22, 45, 34, 25, 41, 27, 67, 5, 65][5, 67, 27, 12, 25, 4, 40, 53, 46, 7][1, 31, 9, 49, 42, 24, 63, 21, 6, 47][51, 57, 35, 6, 56, 28, 8, 52, 64, 58][18, 54, 65, 37, 32, 39, 48, 69, 19, 36][21, 62, 42, 24, 30, 15, 11, 68, 9, 31][3, 23, 0, 2, 14, 61, 43, 13, 33, 20][5, 67, 27, 12, 25, 4, 40, 53, 46, 7][3, 23, 0, 2, 14, 61, 43, 13, 33, 20][26, 1, 9, 68, 11, 15, 30, 24, 21, 63] 
[22, 36, 54, 19, 29, 48, 39, 32, 37, 18, 38][3, 23, 0, 2, 14, 61, 43, 13, 33, 20][16, 55, 10, 59, 11, 9, 17, 60, 61, 44][32, 18, 69, 48, 29, 66, 38, 22, 13, 50][36, 22, 45, 34, 25, 41, 27, 67, 5, 65][1, 31, 9, 49, 42, 24, 63, 21, 6, 47][51, 57, 35, 6, 56, 28, 8, 52, 64, 58][5, 67, 27, 12, 25, 4, 40, 53, 46, 7][21, 62, 42, 24, 30, 15, 11, 68, 9, 31][18, 54, 65, 37, 32, 39, 48, 69, 19, 36][26, 1, 9, 68, 11, 15, 30, 24, 21, 63][16, 26, 49, 62, 42, 15, 11, 9, 68, 59][51, 57, 35, 6, 56, 28, 8, 52, 64, 58][21, 62, 42, 24, 30, 15, 11, 68, 9, 31][5, 67, 27, 12, 25, 4, 40, 53, 46, 7] 
[3, 23, 0, 2, 14, 61, 43, 13, 33, 20][16, 55, 10, 59, 11, 9, 17, 60, 61, 44][32, 18, 69, 48, 29, 66, 38, 22, 13, 50][36, 22, 45, 34, 25, 41, 27, 67, 5, 65][1, 31, 9, 49, 42, 24, 63, 21, 6, 47][51, 57, 35, 6, 56, 28, 8, 52, 64, 58][5, 67, 27, 12, 25, 4, 40, 53, 46, 7][21, 62, 42, 24, 30, 15, 11, 68, 9, 31][18, 54, 65, 37, 32, 39, 48, 69, 19, 36][26, 1, 9, 68, 11, 15, 30, 24, 21, 63][16, 26, 49, 62, 42, 15, 11, 9, 68, 59][51, 57, 35, 6, 56, 28, 8, 52, 64, 58][36, 54, 19, 29, 48, 39, 32, 37, 18, 38][21, 62, 42, 24, 30, 15, 11, 68, 9, 31][5, 67, 27, 12, 25, 4, 40, 53, 46, 7] 
[36, 19, 29, 48, 39, 32, 37, 65, 18, 38][36, 22, 45, 34, 25, 41, 27, 67, 5, 65][5, 67, 27, 12, 25, 4, 40, 53, 46, 7][32, 18, 69, 48, 29, 66, 38, 22, 13, 50][3, 23, 0, 2, 14, 61, 43, 13, 33, 20][16, 55, 10, 59, 11, 9, 17, 60, 61, 44][1, 31, 9, 49, 42, 24, 63, 21, 6, 47][51, 57, 35, 6, 56, 28, 8, 52, 64, 58][26, 1, 9, 68, 11, 15, 30, 24, 21, 63][21, 62, 42, 24, 30, 15, 11, 68, 9, 31][3, 69, 18, 65, 54, 66, 48, 29, 23, 50][1, 31, 9, 49, 42, 24, 63, 21, 6, 47][51, 57, 35, 6, 56, 28, 8, 52, 64, 58][21, 62, 42, 24, 30, 15, 11, 68, 9, 31][36, 54, 19, 29, 48, 39, 32, 37, 18, 38] 
[36, 19, 29, 48, 39, 32, 37, 65, 18, 38][36, 22, 45, 34, 25, 41, 27, 67, 5, 65][5, 67, 27, 12, 25, 4, 40, 53, 46, 7][32, 18, 69, 48, 29, 66, 38, 22, 13, 50][3, 23, 0, 2, 14, 61, 43, 13, 33, 20][16, 55, 10, 59, 11, 9, 17, 60, 61, 44][1, 31, 9, 49, 42, 24, 63, 21, 6, 47][51, 57, 35, 6, 56, 28, 8, 52, 64, 58][26, 1, 9, 68, 11, 15, 30, 24, 21, 63][21, 62, 42, 24, 30, 15, 11, 68, 9, 31][3, 69, 18, 65, 54, 66, 48, 29, 23, 50][1, 31, 9, 49, 42, 24, 63, 21, 6, 47][51, 57, 35, 6, 56, 28, 8, 52, 64, 58][21, 62, 42, 24, 30, 15, 11, 68, 9, 31][36, 54, 19, 29, 48, 39, 32, 37, 18, 38] 
[36, 19, 29, 48, 39, 32, 37, 65, 18, 38][36, 22, 45, 34, 25, 41, 27, 67, 5, 65][5, 67, 27, 12, 25, 4, 40, 53, 46, 7][32, 18, 69, 48, 29, 66, 38, 22, 13, 50][3, 23, 0, 2, 14, 61, 43, 13, 33, 20][16, 55, 10, 59, 11, 9, 17, 60, 61, 44][1, 31, 9, 49, 42, 24, 63, 21, 6, 47][51, 57, 35, 6, 56, 28, 8, 52, 64, 58][26, 1, 9, 68, 11, 15, 30, 24, 21, 63][21, 62, 42, 24, 30, 15, 11, 68, 9, 31][3, 69, 18, 65, 54, 66, 48, 29, 23, 50][1, 31, 9, 49, 42, 24, 63, 21, 6, 47][51, 57, 35, 6, 56, 28, 8, 52, 64, 58][21, 62, 42, 24, 30, 15, 11, 68, 9, 31][36, 54, 19, 29, 48, 39, 32, 37, 18, 38] 
[22, 36, 54, 19, 29, 48, 39, 32, 37, 18, 38][16, 26, 49, 62, 42, 15, 11, 9, 68, 59][16, 55, 10, 59, 11, 9, 17, 60, 61, 44][3, 23, 0, 2, 14, 61, 43, 13, 33, 20][32, 18, 69, 48, 29, 66, 38, 22, 13, 50][36, 22, 45, 34, 25, 41, 27, 67, 5, 65][5, 67, 27, 12, 25, 4, 40, 53, 46, 7][1, 31, 9, 49, 42, 24, 63, 21, 6, 47][51, 57, 35, 6, 56, 28, 8, 52, 64, 58][18, 54, 65, 37, 32, 39, 48, 69, 19, 36][21, 62, 42, 24, 30, 15, 11, 68, 9, 31][3, 23, 0, 2, 14, 61, 43, 13, 33, 20][5, 67, 27, 12, 25, 4, 40, 53, 46, 7][3, 23, 0, 2, 14, 61, 43, 13, 33, 20][26, 1, 9, 68, 11, 15, 30, 24, 21, 63] 
[22, 36, 54, 19, 29, 48, 39, 32, 37, 18, 38][3, 23, 0, 2, 14, 61, 43, 13, 33, 20][16, 55, 10, 59, 11, 9, 17, 60, 61, 44][32, 18, 69, 48, 29, 66, 38, 22, 13, 50][36, 22, 45, 34, 25, 41, 27, 67, 5, 65][1, 31, 9, 49, 42, 24, 63, 21, 6, 47][51, 57, 35, 6, 56, 28, 8, 52, 64, 58][5, 67, 27, 12, 25, 4, 40, 53, 46, 7][21, 62, 42, 24, 30, 15, 11, 68, 9, 31][18, 54, 65, 37, 32, 39, 48, 69, 19, 36][26, 1, 9, 68, 11, 15, 30, 24, 21, 63][16, 26, 49, 62, 42, 15, 11, 9, 68, 59][51, 57, 35, 6, 56, 28, 8, 52, 64, 58][21, 62, 42, 24, 30, 15, 11, 68, 9, 31][5, 67, 27, 12, 25, 4, 40, 53, 46, 7] 
[36, 19, 29, 48, 39, 32, 37, 65, 18, 38][36, 22, 45, 34, 25, 41, 27, 67, 5, 65][5, 67, 27, 12, 25, 4, 40, 53, 46, 7][32, 18, 69, 48, 29, 66, 38, 22, 13, 50][3, 23, 0, 2, 14, 61, 43, 13, 33, 20][16, 55, 10, 59, 11, 9, 17, 60, 61, 44][1, 31, 9, 49, 42, 24, 63, 21, 6, 47][51, 57, 35, 6, 56, 28, 8, 52, 64, 58][26, 1, 9, 68, 11, 15, 30, 24, 21, 63][21, 62, 42, 24, 30, 15, 11, 68, 9, 31][3, 69, 18, 65, 54, 66, 48, 29, 23, 50][1, 31, 9, 49, 42, 24, 63, 21, 6, 47][51, 57, 35, 6, 56, 28, 8, 52, 64, 58][21, 62, 42, 24, 30, 15, 11, 68, 9, 31][36, 54, 19, 29, 48, 39, 32, 37, 18, 38] 
[22, 36, 54, 19, 29, 48, 39, 32, 37, 18, 38][16, 26, 49, 62, 42, 15, 11, 9, 68, 59][16, 55, 10, 59, 11, 9, 17, 60, 61, 44][3, 23, 0, 2, 14, 61, 43, 13, 33, 20][32, 18, 69, 48, 29, 66, 38, 22, 13, 50][36, 22, 45, 34, 25, 41, 27, 67, 5, 65][5, 67, 27, 12, 25, 4, 40, 53, 46, 7][1, 31, 9, 49, 42, 24, 63, 21, 6, 47][51, 57, 35, 6, 56, 28, 8, 52, 64, 58][18, 54, 65, 37, 32, 39, 48, 69, 19, 36][21, 62, 42, 24, 30, 15, 11, 68, 9, 31][3, 23, 0, 2, 14, 61, 43, 13, 33, 20][5, 67, 27, 12, 25, 4, 40, 53, 46, 7][3, 23, 0, 2, 14, 61, 43, 13, 33, 20][26, 1, 9, 68, 11, 15, 30, 24, 21, 63] 
[22, 36, 54, 19, 29, 48, 39, 32, 37, 18, 38][16, 26, 49, 62, 42, 15, 11, 9, 68, 59][16, 55, 10, 59, 11, 9, 17, 60, 61, 44][3, 23, 0, 2, 14, 61, 43, 13, 33, 20][32, 18, 69, 48, 29, 66, 38, 22, 13, 50][36, 22, 45, 34, 25, 41, 27, 67, 5, 65][5, 67, 27, 12, 25, 4, 40, 53, 46, 7][1, 31, 9, 49, 42, 24, 63, 21, 6, 47][51, 57, 35, 6, 56, 28, 8, 52, 64, 58][18, 54, 65, 37, 32, 39, 48, 69, 19, 36][21, 62, 42, 24, 30, 15, 11, 68, 9, 31][3, 23, 0, 2, 14, 61, 43, 13, 33, 20][5, 67, 27, 12, 25, 4, 40, 53, 46, 7][3, 23, 0, 2, 14, 61, 43, 13, 33, 20][26, 1, 9, 68, 11, 15, 30, 24, 21, 63] 
[22, 36, 54, 19, 29, 48, 39, 32, 37, 18, 38][3, 23, 0, 2, 14, 61, 43, 13, 33, 20][16, 55, 10, 59, 11, 9, 17, 60, 61, 44][32, 18, 69, 48, 29, 66, 38, 22, 13, 50][36, 22, 45, 34, 25, 41, 27, 67, 5, 65][1, 31, 9, 49, 42, 24, 63, 21, 6, 47][51, 57, 35, 6, 56, 28, 8, 52, 64, 58][5, 67, 27, 12, 25, 4, 40, 53, 46, 7][21, 62, 42, 24, 30, 15, 11, 68, 9, 31][18, 54, 65, 37, 32, 39, 48, 69, 19, 36][26, 1, 9, 68, 11, 15, 30, 24, 21, 63][16, 26, 49, 62, 42, 15, 11, 9, 68, 59][51, 57, 35, 6, 56, 28, 8, 52, 64, 58][21, 62, 42, 24, 30, 15, 11, 68, 9, 31][5, 67, 27, 12, 25, 4, 40, 53, 46, 7] 
[36, 19, 29, 48, 39, 32, 37, 65, 18, 38][36, 22, 45, 34, 25, 41, 27, 67, 5, 65][5, 67, 27, 12, 25, 4, 40, 53, 46, 7][32, 18, 69, 48, 29, 66, 38, 22, 13, 50][3, 23, 0, 2, 14, 61, 43, 13, 33, 20][16, 55, 10, 59, 11, 9, 17, 60, 61, 44][1, 31, 9, 49, 42, 24, 63, 21, 6, 47][51, 57, 35, 6, 56, 28, 8, 52, 64, 58][26, 1, 9, 68, 11, 15, 30, 24, 21, 63][21, 62, 42, 24, 30, 15, 11, 68, 9, 31][3, 69, 18, 65, 54, 66, 48, 29, 23, 50][1, 31, 9, 49, 42, 24, 63, 21, 6, 47][51, 57, 35, 6, 56, 28, 8, 52, 64, 58][21, 62, 42, 24, 30, 15, 11, 68, 9, 31][36, 54, 19, 29, 48, 39, 32, 37, 18, 38] 
[22, 36, 54, 19, 29, 48, 39, 32, 37, 18, 38][16, 26, 49, 62, 42, 15, 11, 9, 68, 59][16, 55, 10, 59, 11, 9, 17, 60, 61, 44][3, 23, 0, 2, 14, 61, 43, 13, 33, 20][32, 18, 69, 48, 29, 66, 38, 22, 13, 50][36, 22, 45, 34, 25, 41, 27, 67, 5, 65][5, 67, 27, 12, 25, 4, 40, 53, 46, 7][1, 31, 9, 49, 42, 24, 63, 21, 6, 47][51, 57, 35, 6, 56, 28, 8, 52, 64, 58][18, 54, 65, 37, 32, 39, 48, 69, 19, 36][21, 62, 42, 24, 30, 15, 11, 68, 9, 31][3, 23, 0, 2, 14, 61, 43, 13, 33, 20][5, 67, 27, 12, 25, 4, 40, 53, 46, 7][3, 23, 0, 2, 14, 61, 43, 13, 33, 20][26, 1, 9, 68, 11, 15, 30, 24, 21, 63] 
[22, 36, 54, 19, 29, 48, 39, 32, 37, 18, 38][16, 26, 49, 62, 42, 15, 11, 9, 68, 59][16, 55, 10, 59, 11, 9, 17, 60, 61, 44][3, 23, 0, 2, 14, 61, 43, 13, 33, 20][32, 18, 69, 48, 29, 66, 38, 22, 13, 50][36, 22, 45, 34, 25, 41, 27, 67, 5, 65][5, 67, 27, 12, 25, 4, 40, 53, 46, 7][1, 31, 9, 49, 42, 24, 63, 21, 6, 47][51, 57, 35, 6, 56, 28, 8, 52, 64, 58][18, 54, 65, 37, 32, 39, 48, 69, 19, 36][21, 62, 42, 24, 30, 15, 11, 68, 9, 31][3, 23, 0, 2, 14, 61, 43, 13, 33, 20][5, 67, 27, 12, 25, 4, 40, 53, 46, 7][3, 23, 0, 2, 14, 61, 43, 13, 33, 20][26, 1, 9, 68, 11, 15, 30, 24, 21, 63] 
[51, 57, 35, 6, 56, 28, 8, 52, 64, 58, 34, 41, 12, 27, 67, 65][16, 55, 10, 59, 11, 9, 17, 60, 61, 44, 14, 2, 50][16, 1, 59, 68, 9, 11, 15, 42, 62, 49, 26][18, 54, 65, 37, 32, 39, 48, 69, 19, 66][36, 22, 45, 34, 25, 41, 27, 67, 5, 65][5, 67, 27, 12, 25, 4, 40, 53, 46, 7][19, 3, 23, 50, 13, 22, 38, 66, 29, 48][3, 23, 0, 2, 14, 61, 43, 13, 33, 20][1, 31, 9, 49, 42, 24, 63, 21, 6, 47][51, 57, 35, 6, 56, 28, 8, 52, 64, 58][21, 62, 24, 30, 15, 11, 68, 9, 1, 49][51, 57, 35, 6, 56, 28, 8, 52, 64, 58][18, 54, 65, 37, 32, 39, 48, 69, 29, 19][51, 57, 35, 6, 56, 28, 8, 52, 64, 58][51, 57, 35, 6, 56, 28, 8, 52, 64, 58] 
[18, 65, 67, 27, 12, 41, 34, 58, 64, 52, 8, 28, 56, 6, 35, 57, 51][16, 1, 59, 68, 9, 11, 15, 42, 62, 49, 26][18, 54, 65, 37, 32, 39, 48, 69, 19, 66][36, 22, 45, 34, 25, 41, 27, 67, 5, 65][5, 67, 27, 12, 25, 4, 40, 53, 46, 7][19, 3, 23, 50, 13, 22, 38, 66, 29, 48][3, 23, 0, 2, 14, 61, 43, 13, 33, 20][16, 55, 10, 59, 11, 9, 17, 60, 61, 44][1, 31, 9, 49, 42, 24, 63, 21, 6, 47][51, 57, 35, 6, 56, 28, 8, 52, 64, 58][21, 62, 42, 24, 30, 15, 11, 68, 9, 31][51, 57, 35, 6, 56, 28, 8, 52, 64, 58][18, 54, 65, 37, 32, 39, 48, 69, 29, 19][51, 57, 35, 6, 56, 28, 8, 52, 64, 58][51, 57, 35, 6, 56, 28, 8, 52, 64, 58] 
[18, 65, 67, 27, 12, 41, 34, 58, 64, 52, 8, 28, 56, 6, 35, 57, 51][65, 5, 67, 27, 41, 25, 34, 45, 22, 36, 54, 32, 18, 66][21, 62, 42, 24, 30, 15, 11, 68, 9, 31, 1, 49][16, 1, 59, 68, 9, 31, 11, 15, 42, 62, 49, 26][18, 54, 65, 37, 32, 39, 48, 69, 29, 19, 66][5, 67, 27, 12, 25, 4, 40, 53, 46, 7][19, 3, 23, 50, 13, 22, 38, 66, 29, 48][3, 23, 0, 2, 14, 61, 43, 13, 33, 20][16, 55, 10, 59, 11, 9, 17, 60, 61, 44][1, 31, 9, 49, 42, 24, 63, 21, 6, 47][51, 57, 35, 6, 56, 28, 8, 52, 64, 58][51, 57, 35, 6, 56, 28, 8, 52, 64, 58][18, 54, 65, 37, 32, 39, 48, 69, 29, 19][51, 57, 35, 6, 56, 28, 8, 52, 64, 58][51, 57, 35, 6, 56, 28, 8, 52, 64, 58] 
[27, 12, 41, 34, 58, 64, 52, 8, 28, 56, 6, 35, 57, 51][38, 36, 22, 45, 34, 25, 41, 27, 67, 5, 65][18, 54, 65, 37, 32, 39, 48, 69, 29, 19][5, 67, 27, 12, 25, 4, 40, 53, 46, 7][19, 3, 23, 50, 13, 22, 38, 66, 29, 48][3, 23, 0, 2, 14, 61, 43, 13, 33, 20][16, 55, 10, 59, 11, 9, 17, 60, 61, 44][1, 31, 9, 49, 42, 24, 63, 21, 6, 47][51, 57, 35, 6, 56, 28, 8, 52, 64, 58][21, 62, 42, 24, 30, 15, 11, 68, 9, 31][26, 49, 62, 42, 15, 11, 31, 9, 68, 59][51, 57, 35, 6, 56, 28, 8, 52, 64, 58][18, 54, 65, 37, 32, 39, 48, 69, 29, 19][51, 57, 35, 6, 56, 28, 8, 52, 64, 58][51, 57, 35, 6, 56, 28, 8, 52, 64, 58] 
[51, 57, 35, 6, 56, 28, 8, 52, 64, 58, 34, 41, 12, 27, 67][16, 1, 59, 68, 9, 11, 15, 42, 62, 49, 26][18, 54, 65, 37, 32, 39, 48, 69, 19, 66][36, 22, 45, 34, 25, 41, 27, 67, 5, 65][5, 67, 27, 12, 25, 4, 40, 53, 46, 7][19, 3, 23, 50, 13, 22, 38, 66, 29, 48][3, 23, 0, 2, 14, 61, 43, 13, 33, 20][16, 55, 10, 59, 11, 9, 17, 60, 61, 44][1, 31, 9, 49, 42, 24, 63, 21, 6, 47][51, 57, 35, 6, 56, 28, 8, 52, 64, 58][21, 62, 42, 24, 30, 15, 11, 68, 9, 31][51, 57, 35, 6, 56, 28, 8, 52, 64, 58][18, 54, 65, 37, 32, 39, 48, 69, 29, 19][51, 57, 35, 6, 56, 28, 8, 52, 64, 58][51, 57, 35, 6, 56, 28, 8, 52, 64, 58] 
[12, 41, 34, 58, 64, 52, 8, 28, 56, 6, 35, 57, 51][21, 62, 42, 24, 30, 15, 11, 68, 9, 31, 1, 49][18, 54, 65, 37, 32, 39, 48, 69, 29, 19, 66][36, 22, 45, 34, 25, 41, 27, 67, 5, 65][5, 67, 27, 12, 25, 4, 40, 53, 46, 7][19, 3, 23, 50, 13, 22, 38, 66, 29, 48][3, 23, 0, 2, 14, 61, 43, 13, 33, 20][16, 55, 10, 59, 11, 9, 17, 60, 61, 44][1, 31, 9, 49, 42, 24, 63, 21, 6, 47][51, 57, 35, 6, 56, 28, 8, 52, 64, 58][26, 49, 62, 42, 15, 11, 31, 9, 68, 59][51, 57, 35, 6, 56, 28, 8, 52, 64, 58][18, 54, 65, 37, 32, 39, 48, 69, 29, 19][51, 57, 35, 6, 56, 28, 8, 52, 64, 58][51, 57, 35, 6, 56, 28, 8, 52, 64, 58] 
[18, 65, 67, 27, 12, 41, 34, 58, 64, 52, 8, 28, 56, 6, 35, 57, 51][21, 62, 42, 24, 30, 15, 11, 68, 9, 31, 1, 49][18, 54, 65, 37, 32, 39, 48, 69, 29, 19, 66][1, 59, 68, 9, 31, 11, 15, 42, 62, 49, 26][36, 22, 45, 34, 25, 41, 27, 67, 5, 65][5, 67, 27, 12, 25, 4, 40, 53, 46, 7][19, 3, 23, 50, 13, 22, 38, 66, 29, 48][3, 23, 0, 2, 14, 61, 43, 13, 33, 20][16, 55, 10, 59, 11, 9, 17, 60, 61, 44][1, 31, 9, 49, 42, 24, 63, 21, 6, 47][51, 57, 35, 6, 56, 28, 8, 52, 64, 58][51, 57, 35, 6, 56, 28, 8, 52, 64, 58][18, 54, 65, 37, 32, 39, 48, 69, 29, 19][51, 57, 35, 6, 56, 28, 8, 52, 64, 58][51, 57, 35, 6, 56, 28, 8, 52, 64, 58] 
[18, 65, 67, 27, 12, 41, 34, 58, 64, 52, 8, 28, 56, 6, 35, 57, 51][26, 49, 62, 42, 15, 11, 31, 9, 68, 59, 1, 16, 55][18, 54, 65, 37, 32, 39, 48, 69, 29, 19, 66][38, 36, 22, 45, 34, 25, 41, 27, 67, 5, 65][5, 67, 27, 12, 25, 4, 40, 53, 46, 7][19, 3, 23, 50, 13, 22, 38, 66, 29, 48][3, 23, 0, 2, 14, 61, 43, 13, 33, 20][16, 55, 10, 59, 11, 9, 17, 60, 61, 44][1, 31, 9, 49, 42, 24, 63, 21, 6, 47][51, 57, 35, 6, 56, 28, 8, 52, 64, 58][21, 62, 42, 24, 30, 15, 11, 68, 9, 31][51, 57, 35, 6, 56, 28, 8, 52, 64, 58][18, 54, 65, 37, 32, 39, 48, 69, 29, 19][51, 57, 35, 6, 56, 28, 8, 52, 64, 58][51, 57, 35, 6, 56, 28, 8, 52, 64, 58] 
[18, 54, 65, 37, 32, 39, 48, 69, 29, 19, 22, 36, 41][12, 41, 34, 58, 64, 52, 8, 28, 56, 6, 35, 57, 51][19, 3, 23, 50, 13, 22, 38, 66, 29, 48, 69][36, 22, 45, 34, 25, 41, 27, 67, 5, 65][5, 67, 27, 12, 25, 4, 40, 53, 46, 7][3, 23, 0, 2, 14, 61, 43, 13, 33, 20][16, 55, 10, 59, 11, 9, 17, 60, 61, 44][1, 31, 9, 49, 42, 24, 63, 21, 6, 47][51, 57, 35, 6, 56, 28, 8, 52, 64, 58][21, 62, 42, 24, 30, 15, 11, 68, 9, 31][26, 49, 62, 42, 15, 11, 31, 9, 68, 59][51, 57, 35, 6, 56, 28, 8, 52, 64, 58][18, 54, 65, 37, 32, 39, 48, 69, 29, 19][51, 57, 35, 6, 56, 28, 8, 52, 64, 58][51, 57, 35, 6, 56, 28, 8, 52, 64, 58] 
[18, 65, 67, 27, 12, 41, 34, 58, 64, 52, 8, 28, 56, 6, 35, 57, 51][26, 49, 62, 42, 15, 11, 31, 9, 68, 59, 1, 16, 55][18, 54, 65, 37, 32, 39, 48, 69, 29, 19, 66][38, 36, 22, 45, 34, 25, 41, 27, 67, 5, 65][5, 67, 27, 12, 25, 4, 40, 53, 46, 7][19, 3, 23, 50, 13, 22, 38, 66, 29, 48][3, 23, 0, 2, 14, 61, 43, 13, 33, 20][16, 55, 10, 59, 11, 9, 17, 60, 61, 44][1, 31, 9, 49, 42, 24, 63, 21, 6, 47][51, 57, 35, 6, 56, 28, 8, 52, 64, 58][21, 62, 42, 24, 30, 15, 11, 68, 9, 31][51, 57, 35, 6, 56, 28, 8, 52, 64, 58][18, 54, 65, 37, 32, 39, 48, 69, 29, 19][51, 57, 35, 6, 56, 28, 8, 52, 64, 58][51, 57, 35, 6, 56, 28, 8, 52, 64, 58] 
[18, 65, 67, 27, 12, 41, 34, 58, 64, 52, 8, 28, 56, 6, 35, 57, 51][16, 1, 59, 68, 9, 31, 11, 15, 42, 62, 49, 26][38, 36, 22, 45, 34, 25, 41, 27, 67, 5, 65][18, 54, 65, 37, 32, 39, 48, 69, 19, 66][5, 67, 27, 12, 25, 4, 40, 53, 46, 7][19, 3, 23, 50, 13, 22, 38, 66, 29, 48][3, 23, 0, 2, 14, 61, 43, 13, 33, 20][16, 55, 10, 59, 11, 9, 17, 60, 61, 44][1, 31, 9, 49, 42, 24, 63, 21, 6, 47][51, 57, 35, 6, 56, 28, 8, 52, 64, 58][21, 62, 42, 24, 30, 15, 11, 68, 9, 31][51, 57, 35, 6, 56, 28, 8, 52, 64, 58][18, 54, 65, 37, 32, 39, 48, 69, 29, 19][51, 57, 35, 6, 56, 28, 8, 52, 64, 58][51, 57, 35, 6, 56, 28, 8, 52, 64, 58] 
[18, 65, 67, 27, 12, 41, 34, 58, 64, 52, 8, 28, 56, 6, 35, 57, 51][65, 5, 67, 27, 41, 25, 34, 45, 22, 36, 54, 32, 18, 66][21, 62, 42, 24, 30, 15, 11, 68, 9, 31, 1, 49][16, 1, 59, 68, 9, 31, 11, 15, 42, 62, 49, 26][18, 54, 65, 37, 32, 39, 48, 69, 29, 19, 66][5, 67, 27, 12, 25, 4, 40, 53, 46, 7][19, 3, 23, 50, 13, 22, 38, 66, 29, 48][3, 23, 0, 2, 14, 61, 43, 13, 33, 20][16, 55, 10, 59, 11, 9, 17, 60, 61, 44][1, 31, 9, 49, 42, 24, 63, 21, 6, 47][51, 57, 35, 6, 56, 28, 8, 52, 64, 58][51, 57, 35, 6, 56, 28, 8, 52, 64, 58][18, 54, 65, 37, 32, 39, 48, 69, 29, 19][51, 57, 35, 6, 56, 28, 8, 52, 64, 58][51, 57, 35, 6, 56, 28, 8, 52, 64, 58] 
[19, 3, 23, 50, 13, 22, 38, 66, 29, 48, 69, 18, 32, 37, 65][12, 41, 34, 58, 64, 52, 8, 28, 56, 6, 35, 57, 51][18, 54, 65, 37, 32, 39, 48, 69, 29, 19, 36, 45][18, 54, 65, 37, 32, 39, 48, 69, 29, 19][36, 22, 45, 34, 25, 41, 27, 67, 5, 65][5, 67, 27, 12, 25, 4, 40, 53, 46, 7][3, 23, 0, 2, 14, 61, 43, 13, 33, 20][16, 55, 10, 59, 11, 9, 17, 60, 61, 44][1, 31, 9, 49, 42, 24, 63, 21, 6, 47][51, 57, 35, 6, 56, 28, 8, 52, 64, 58][21, 62, 42, 24, 30, 15, 11, 68, 9, 31][26, 49, 62, 42, 15, 11, 31, 9, 68, 59][51, 57, 35, 6, 56, 28, 8, 52, 64, 58][51, 57, 35, 6, 56, 28, 8, 52, 64, 58][51, 57, 35, 6, 56, 28, 8, 52, 64, 58] 
[18, 65, 67, 27, 12, 41, 34, 58, 64, 52, 8, 28, 56, 6, 35, 57, 51][16, 1, 59, 68, 9, 31, 11, 15, 42, 62, 49, 26][18, 54, 65, 37, 32, 39, 48, 69, 29, 19, 66][38, 36, 22, 45, 34, 25, 41, 27, 67, 5, 65][5, 67, 27, 12, 25, 4, 40, 53, 46, 7][19, 3, 23, 50, 13, 22, 38, 66, 29, 48][3, 23, 0, 2, 14, 61, 43, 13, 33, 20][16, 55, 10, 59, 11, 9, 17, 60, 61, 44][1, 31, 9, 49, 42, 24, 63, 21, 6, 47][51, 57, 35, 6, 56, 28, 8, 52, 64, 58][21, 62, 42, 24, 30, 15, 11, 68, 9, 31][51, 57, 35, 6, 56, 28, 8, 52, 64, 58][18, 54, 65, 37, 32, 39, 48, 69, 29, 19][51, 57, 35, 6, 56, 28, 8, 52, 64, 58][51, 57, 35, 6, 56, 28, 8, 52, 64, 58] 
[18, 65, 67, 27, 12, 41, 34, 58, 64, 52, 8, 28, 56, 6, 35, 57, 51][3, 0, 50, 2, 14, 44, 61, 60, 17, 9, 11, 59, 10, 55, 16][21, 62, 42, 24, 30, 15, 11, 68, 9, 31, 1, 49][16, 1, 59, 68, 9, 31, 11, 15, 42, 62, 49, 26][19, 3, 23, 50, 13, 22, 38, 66, 29, 48, 69][18, 54, 65, 32, 39, 48, 69, 29, 19, 66][36, 22, 45, 34, 25, 41, 27, 67, 5, 65][5, 67, 27, 12, 25, 4, 40, 53, 46, 7][3, 23, 0, 2, 14, 61, 43, 13, 33, 20][1, 31, 9, 49, 42, 24, 63, 21, 6, 47][51, 57, 35, 6, 56, 28, 8, 52, 64, 58][51, 57, 35, 6, 56, 28, 8, 52, 64, 58][18, 54, 65, 37, 32, 39, 48, 69, 29, 19][51, 57, 35, 6, 56, 28, 8, 52, 64, 58][51, 57, 35, 6, 56, 28, 8, 52, 64, 58] 
[18, 65, 67, 27, 12, 41, 34, 58, 64, 52, 8, 28, 56, 6, 35, 57, 51][3, 0, 50, 2, 14, 44, 61, 60, 17, 9, 11, 59, 10, 55, 16][21, 62, 42, 24, 30, 15, 11, 68, 9, 31, 1, 49][16, 1, 59, 68, 9, 31, 11, 15, 42, 62, 49, 26][18, 54, 65, 37, 32, 39, 48, 69, 29, 19, 66][36, 22, 45, 34, 25, 41, 27, 67, 5, 65][5, 67, 27, 12, 25, 4, 40, 53, 46, 7][19, 3, 23, 50, 13, 22, 38, 66, 29, 48][3, 23, 0, 2, 14, 61, 43, 13, 33, 20][1, 31, 9, 49, 42, 24, 63, 21, 6, 47][51, 57, 35, 6, 56, 28, 8, 52, 64, 58][51, 57, 35, 6, 56, 28, 8, 52, 64, 58][18, 54, 65, 37, 32, 39, 48, 69, 29, 19][51, 57, 35, 6, 56, 28, 8, 52, 64, 58][51, 57, 35, 6, 56, 28, 8, 52, 64, 58] 
[18, 65, 67, 27, 12, 41, 34, 58, 64, 52, 8, 28, 56, 6, 35, 57, 51][3, 0, 50, 2, 14, 44, 61, 60, 17, 9, 11, 59, 10, 55, 16][21, 62, 42, 24, 30, 15, 11, 68, 9, 31, 1, 49][16, 1, 59, 68, 9, 11, 15, 42, 62, 49, 26][18, 54, 65, 37, 32, 39, 48, 69, 19, 66][36, 22, 45, 34, 25, 41, 27, 67, 5, 65][5, 67, 27, 12, 25, 4, 40, 53, 46, 7][19, 3, 23, 50, 13, 22, 38, 66, 29, 48][3, 23, 0, 2, 14, 61, 43, 13, 33, 20][1, 31, 9, 49, 42, 24, 63, 21, 6, 47][51, 57, 35, 6, 56, 28, 8, 52, 64, 58][51, 57, 35, 6, 56, 28, 8, 52, 64, 58][18, 54, 65, 37, 32, 39, 48, 69, 29, 19][51, 57, 35, 6, 56, 28, 8, 52, 64, 58][51, 57, 35, 6, 56, 28, 8, 52, 64, 58] 
[18, 65, 67, 27, 12, 41, 34, 58, 64, 52, 8, 28, 56, 6, 35, 57, 51][16, 1, 59, 68, 9, 11, 15, 42, 62, 49, 26][18, 54, 65, 37, 32, 39, 48, 69, 19, 66][36, 22, 45, 34, 25, 41, 27, 67, 5, 65][5, 67, 27, 12, 25, 4, 40, 53, 46, 7][19, 3, 23, 50, 13, 22, 38, 66, 29, 48][3, 23, 0, 2, 14, 61, 43, 13, 33, 20][16, 55, 10, 59, 11, 9, 17, 60, 61, 44][1, 31, 9, 49, 42, 24, 63, 21, 6, 47][51, 57, 35, 6, 56, 28, 8, 52, 64, 58][21, 62, 42, 24, 30, 15, 11, 68, 9, 31][51, 57, 35, 6, 56, 28, 8, 52, 64, 58][18, 54, 65, 37, 32, 39, 48, 69, 29, 19][51, 57, 35, 6, 56, 28, 8, 52, 64, 58][51, 57, 35, 6, 56, 28, 8, 52, 64, 58] 
[18, 65, 67, 27, 12, 41, 34, 58, 64, 52, 8, 28, 56, 6, 35, 57, 51][3, 0, 50, 2, 14, 44, 61, 60, 17, 9, 11, 59, 10, 55, 16][16, 1, 59, 68, 9, 11, 15, 42, 62, 49, 26][18, 54, 65, 37, 32, 39, 48, 69, 19, 66][36, 22, 45, 34, 25, 41, 27, 67, 5, 65][5, 67, 27, 12, 25, 4, 40, 53, 46, 7][19, 3, 23, 50, 13, 22, 38, 66, 29, 48][3, 23, 0, 2, 14, 61, 43, 13, 33, 20][1, 31, 9, 49, 42, 24, 63, 21, 6, 47][51, 57, 35, 6, 56, 28, 8, 52, 64, 58][21, 62, 24, 30, 15, 11, 68, 9, 1, 49][51, 57, 35, 6, 56, 28, 8, 52, 64, 58][18, 54, 65, 37, 32, 39, 48, 69, 29, 19][51, 57, 35, 6, 56, 28, 8, 52, 64, 58][51, 57, 35, 6, 56, 28, 8, 52, 64, 58] 
[18, 65, 67, 27, 12, 41, 34, 58, 64, 52, 8, 28, 56, 6, 35, 57, 51][3, 0, 50, 2, 14, 44, 61, 60, 17, 9, 11, 59, 10, 55, 16][21, 62, 42, 24, 30, 15, 11, 68, 9, 31, 1, 49][16, 1, 59, 68, 9, 31, 11, 15, 42, 62, 49, 26][18, 54, 65, 37, 32, 39, 48, 69, 29, 19, 66][36, 22, 45, 34, 25, 41, 27, 67, 5, 65][5, 67, 27, 12, 25, 4, 40, 53, 46, 7][19, 3, 23, 50, 13, 22, 38, 66, 29, 48][3, 23, 0, 2, 14, 61, 43, 13, 33, 20][1, 31, 9, 49, 42, 24, 63, 21, 6, 47][51, 57, 35, 6, 56, 28, 8, 52, 64, 58][51, 57, 35, 6, 56, 28, 8, 52, 64, 58][18, 54, 65, 37, 32, 39, 48, 69, 29, 19][51, 57, 35, 6, 56, 28, 8, 52, 64, 58][51, 57, 35, 6, 56, 28, 8, 52, 64, 58] 
[16, 55, 10, 59, 11, 9, 17, 60, 61, 44, 14, 2, 50, 0, 3, 38, 54][18, 65, 67, 27, 12, 41, 34, 58, 64, 52, 8, 28, 56, 6, 35, 57, 51][16, 1, 59, 68, 9, 31, 11, 15, 42, 62, 49, 26][21, 62, 42, 24, 30, 15, 11, 68, 9, 1, 49][18, 54, 65, 37, 32, 39, 48, 69, 29, 19][36, 22, 45, 34, 25, 41, 27, 67, 5, 65][5, 67, 27, 12, 25, 4, 40, 53, 46, 7][19, 3, 23, 50, 13, 22, 38, 66, 29, 48][3, 23, 0, 2, 14, 61, 43, 13, 33, 20][1, 31, 9, 49, 42, 24, 63, 21, 6, 47][51, 57, 35, 6, 56, 28, 8, 52, 64, 58][51, 57, 35, 6, 56, 28, 8, 52, 64, 58][18, 54, 65, 37, 32, 39, 48, 69, 29, 19][51, 57, 35, 6, 56, 28, 8, 52, 64, 58][51, 57, 35, 6, 56, 28, 8, 52, 64, 58] 
[22, 36, 54, 19, 29, 48, 39, 32, 37, 18, 38][16, 26, 49, 62, 42, 15, 11, 9, 68, 59][16, 55, 10, 59, 11, 9, 17, 60, 61, 44][3, 23, 0, 2, 14, 61, 43, 13, 33, 20][32, 18, 69, 48, 29, 66, 38, 22, 13, 50][36, 22, 45, 34, 25, 41, 27, 67, 5, 65][5, 67, 27, 12, 25, 4, 40, 53, 46, 7][1, 31, 9, 49, 42, 24, 63, 21, 6, 47][51, 57, 35, 6, 56, 28, 8, 52, 64, 58][18, 54, 65, 37, 32, 39, 48, 69, 19, 36][21, 62, 42, 24, 30, 15, 11, 68, 9, 31][3, 23, 0, 2, 14, 61, 43, 13, 33, 20][5, 67, 27, 12, 25, 4, 40, 53, 46, 7][3, 23, 0, 2, 14, 61, 43, 13, 33, 20][26, 1, 9, 68, 11, 15, 30, 24, 21, 63] 
[22, 36, 54, 19, 29, 48, 39, 32, 37, 18, 38][16, 26, 49, 62, 42, 15, 11, 9, 68, 59][16, 55, 10, 59, 11, 9, 17, 60, 61, 44][3, 23, 0, 2, 14, 61, 43, 13, 33, 20][32, 18, 69, 48, 29, 66, 38, 22, 13, 50][36, 22, 45, 34, 25, 41, 27, 67, 5, 65][5, 67, 27, 12, 25, 4, 40, 53, 46, 7][1, 31, 9, 49, 42, 24, 63, 21, 6, 47][51, 57, 35, 6, 56, 28, 8, 52, 64, 58][18, 54, 65, 37, 32, 39, 48, 69, 19, 36][21, 62, 42, 24, 30, 15, 11, 68, 9, 31][3, 23, 0, 2, 14, 61, 43, 13, 33, 20][5, 67, 27, 12, 25, 4, 40, 53, 46, 7][3, 23, 0, 2, 14, 61, 43, 13, 33, 20][26, 1, 9, 68, 11, 15, 30, 24, 21, 63] 
[22, 36, 54, 19, 29, 48, 39, 32, 37, 18, 38][16, 26, 49, 62, 42, 15, 11, 9, 68, 59][16, 55, 10, 59, 11, 9, 17, 60, 61, 44][3, 23, 0, 2, 14, 61, 43, 13, 33, 20][32, 18, 69, 48, 29, 66, 38, 22, 13, 50][36, 22, 45, 34, 25, 41, 27, 67, 5, 65][5, 67, 27, 12, 25, 4, 40, 53, 46, 7][1, 31, 9, 49, 42, 24, 63, 21, 6, 47][51, 57, 35, 6, 56, 28, 8, 52, 64, 58][18, 54, 65, 37, 32, 39, 48, 69, 19, 36][21, 62, 42, 24, 30, 15, 11, 68, 9, 31][3, 23, 0, 2, 14, 61, 43, 13, 33, 20][5, 67, 27, 12, 25, 4, 40, 53, 46, 7][3, 23, 0, 2, 14, 61, 43, 13, 33, 20][26, 1, 9, 68, 11, 15, 30, 24, 21, 63] 
[22, 36, 54, 19, 29, 48, 39, 32, 37, 18, 38][16, 26, 49, 62, 42, 15, 11, 9, 68, 59][16, 55, 10, 59, 11, 9, 17, 60, 61, 44][3, 23, 0, 2, 14, 61, 43, 13, 33, 20][32, 18, 69, 48, 29, 66, 38, 22, 13, 50][36, 22, 45, 34, 25, 41, 27, 67, 5, 65][5, 67, 27, 12, 25, 4, 40, 53, 46, 7][1, 31, 9, 49, 42, 24, 63, 21, 6, 47][51, 57, 35, 6, 56, 28, 8, 52, 64, 58][18, 54, 65, 37, 32, 39, 48, 69, 19, 36][21, 62, 42, 24, 30, 15, 11, 68, 9, 31][3, 23, 0, 2, 14, 61, 43, 13, 33, 20][5, 67, 27, 12, 25, 4, 40, 53, 46, 7][3, 23, 0, 2, 14, 61, 43, 13, 33, 20][26, 1, 9, 68, 11, 15, 30, 24, 21, 63] 
[22, 36, 54, 19, 29, 48, 39, 32, 37, 18, 38][16, 26, 49, 62, 42, 15, 11, 9, 68, 59][16, 55, 10, 59, 11, 9, 17, 60, 61, 44][3, 23, 0, 2, 14, 61, 43, 13, 33, 20][32, 18, 69, 48, 29, 66, 38, 22, 13, 50][36, 22, 45, 34, 25, 41, 27, 67, 5, 65][5, 67, 27, 12, 25, 4, 40, 53, 46, 7][1, 31, 9, 49, 42, 24, 63, 21, 6, 47][51, 57, 35, 6, 56, 28, 8, 52, 64, 58][18, 54, 65, 37, 32, 39, 48, 69, 19, 36][21, 62, 42, 24, 30, 15, 11, 68, 9, 31][3, 23, 0, 2, 14, 61, 43, 13, 33, 20][5, 67, 27, 12, 25, 4, 40, 53, 46, 7][3, 23, 0, 2, 14, 61, 43, 13, 33, 20][26, 1, 9, 68, 11, 15, 30, 24, 21, 63] 
[22, 36, 54, 19, 29, 48, 39, 32, 37, 18, 38][16, 26, 49, 62, 42, 15, 11, 9, 68, 59][16, 55, 10, 59, 11, 9, 17, 60, 61, 44][3, 23, 0, 2, 14, 61, 43, 13, 33, 20][32, 18, 69, 48, 29, 66, 38, 22, 13, 50][36, 22, 45, 34, 25, 41, 27, 67, 5, 65][5, 67, 27, 12, 25, 4, 40, 53, 46, 7][1, 31, 9, 49, 42, 24, 63, 21, 6, 47][51, 57, 35, 6, 56, 28, 8, 52, 64, 58][18, 54, 65, 37, 32, 39, 48, 69, 19, 36][21, 62, 42, 24, 30, 15, 11, 68, 9, 31][3, 23, 0, 2, 14, 61, 43, 13, 33, 20][5, 67, 27, 12, 25, 4, 40, 53, 46, 7][3, 23, 0, 2, 14, 61, 43, 13, 33, 20][26, 1, 9, 68, 11, 15, 30, 24, 21, 63] 
[22, 36, 54, 19, 29, 48, 39, 32, 37, 18, 38][16, 26, 49, 62, 42, 15, 11, 9, 68, 59][16, 55, 10, 59, 11, 9, 17, 60, 61, 44][3, 23, 0, 2, 14, 61, 43, 13, 33, 20][32, 18, 69, 48, 29, 66, 38, 22, 13, 50][36, 22, 45, 34, 25, 41, 27, 67, 5, 65][5, 67, 27, 12, 25, 4, 40, 53, 46, 7][1, 31, 9, 49, 42, 24, 63, 21, 6, 47][51, 57, 35, 6, 56, 28, 8, 52, 64, 58][18, 54, 65, 37, 32, 39, 48, 69, 19, 36][21, 62, 42, 24, 30, 15, 11, 68, 9, 31][3, 23, 0, 2, 14, 61, 43, 13, 33, 20][5, 67, 27, 12, 25, 4, 40, 53, 46, 7][3, 23, 0, 2, 14, 61, 43, 13, 33, 20][26, 1, 9, 68, 11, 15, 30, 24, 21, 63] 
[22, 36, 54, 19, 29, 48, 39, 32, 37, 18, 38][16, 26, 49, 62, 42, 15, 11, 9, 68, 59][16, 55, 10, 59, 11, 9, 17, 60, 61, 44][3, 23, 0, 2, 14, 61, 43, 13, 33, 20][32, 18, 69, 48, 29, 66, 38, 22, 13, 50][36, 22, 45, 34, 25, 41, 27, 67, 5, 65][5, 67, 27, 12, 25, 4, 40, 53, 46, 7][1, 31, 9, 49, 42, 24, 63, 21, 6, 47][51, 57, 35, 6, 56, 28, 8, 52, 64, 58][18, 54, 65, 37, 32, 39, 48, 69, 19, 36][21, 62, 42, 24, 30, 15, 11, 68, 9, 31][3, 23, 0, 2, 14, 61, 43, 13, 33, 20][5, 67, 27, 12, 25, 4, 40, 53, 46, 7][3, 23, 0, 2, 14, 61, 43, 13, 33, 20][26, 1, 9, 68, 11, 15, 30, 24, 21, 63] 
[22, 36, 54, 19, 29, 48, 39, 32, 37, 18, 38][16, 26, 49, 62, 42, 15, 11, 9, 68, 59][16, 55, 10, 59, 11, 9, 17, 60, 61, 44][3, 23, 0, 2, 14, 61, 43, 13, 33, 20][32, 18, 69, 48, 29, 66, 38, 22, 13, 50][36, 22, 45, 34, 25, 41, 27, 67, 5, 65][5, 67, 27, 12, 25, 4, 40, 53, 46, 7][1, 31, 9, 49, 42, 24, 63, 21, 6, 47][51, 57, 35, 6, 56, 28, 8, 52, 64, 58][18, 54, 65, 37, 32, 39, 48, 69, 19, 36][21, 62, 42, 24, 30, 15, 11, 68, 9, 31][3, 23, 0, 2, 14, 61, 43, 13, 33, 20][5, 67, 27, 12, 25, 4, 40, 53, 46, 7][3, 23, 0, 2, 14, 61, 43, 13, 33, 20][26, 1, 9, 68, 11, 15, 30, 24, 21, 63] 
[22, 36, 54, 19, 29, 48, 39, 32, 37, 18, 38][16, 26, 49, 62, 42, 15, 11, 9, 68, 59][16, 55, 10, 59, 11, 9, 17, 60, 61, 44][3, 23, 0, 2, 14, 61, 43, 13, 33, 20][32, 18, 69, 48, 29, 66, 38, 22, 13, 50][36, 22, 45, 34, 25, 41, 27, 67, 5, 65][5, 67, 27, 12, 25, 4, 40, 53, 46, 7][1, 31, 9, 49, 42, 24, 63, 21, 6, 47][51, 57, 35, 6, 56, 28, 8, 52, 64, 58][18, 54, 65, 37, 32, 39, 48, 69, 19, 36][21, 62, 42, 24, 30, 15, 11, 68, 9, 31][3, 23, 0, 2, 14, 61, 43, 13, 33, 20][5, 67, 27, 12, 25, 4, 40, 53, 46, 7][3, 23, 0, 2, 14, 61, 43, 13, 33, 20][26, 1, 9, 68, 11, 15, 30, 24, 21, 63] 
[22, 36, 54, 19, 29, 48, 39, 32, 37, 18, 38][16, 26, 49, 62, 42, 15, 11, 9, 68, 59][16, 55, 10, 59, 11, 9, 17, 60, 61, 44][3, 23, 0, 2, 14, 61, 43, 13, 33, 20][32, 18, 69, 48, 29, 66, 38, 22, 13, 50][36, 22, 45, 34, 25, 41, 27, 67, 5, 65][5, 67, 27, 12, 25, 4, 40, 53, 46, 7][1, 31, 9, 49, 42, 24, 63, 21, 6, 47][51, 57, 35, 6, 56, 28, 8, 52, 64, 58][18, 54, 65, 37, 32, 39, 48, 69, 19, 36][21, 62, 42, 24, 30, 15, 11, 68, 9, 31][3, 23, 0, 2, 14, 61, 43, 13, 33, 20][5, 67, 27, 12, 25, 4, 40, 53, 46, 7][3, 23, 0, 2, 14, 61, 43, 13, 33, 20][26, 1, 9, 68, 11, 15, 30, 24, 21, 63] 
[22, 36, 54, 19, 29, 48, 39, 32, 37, 18, 38][16, 26, 49, 62, 42, 15, 11, 9, 68, 59][16, 55, 10, 59, 11, 9, 17, 60, 61, 44][3, 23, 0, 2, 14, 61, 43, 13, 33, 20][32, 18, 69, 48, 29, 66, 38, 22, 13, 50][36, 22, 45, 34, 25, 41, 27, 67, 5, 65][5, 67, 27, 12, 25, 4, 40, 53, 46, 7][1, 31, 9, 49, 42, 24, 63, 21, 6, 47][51, 57, 35, 6, 56, 28, 8, 52, 64, 58][18, 54, 65, 37, 32, 39, 48, 69, 19, 36][21, 62, 42, 24, 30, 15, 11, 68, 9, 31][3, 23, 0, 2, 14, 61, 43, 13, 33, 20][5, 67, 27, 12, 25, 4, 40, 53, 46, 7][3, 23, 0, 2, 14, 61, 43, 13, 33, 20][26, 1, 9, 68, 11, 15, 30, 24, 21, 63] 
[22, 36, 54, 19, 29, 48, 39, 32, 37, 18, 38][16, 26, 49, 62, 42, 15, 11, 9, 68, 59][16, 55, 10, 59, 11, 9, 17, 60, 61, 44][3, 23, 0, 2, 14, 61, 43, 13, 33, 20][32, 18, 69, 48, 29, 66, 38, 22, 13, 50][36, 22, 45, 34, 25, 41, 27, 67, 5, 65][5, 67, 27, 12, 25, 4, 40, 53, 46, 7][1, 31, 9, 49, 42, 24, 63, 21, 6, 47][51, 57, 35, 6, 56, 28, 8, 52, 64, 58][18, 54, 65, 37, 32, 39, 48, 69, 19, 36][21, 62, 42, 24, 30, 15, 11, 68, 9, 31][3, 23, 0, 2, 14, 61, 43, 13, 33, 20][5, 67, 27, 12, 25, 4, 40, 53, 46, 7][3, 23, 0, 2, 14, 61, 43, 13, 33, 20][26, 1, 9, 68, 11, 15, 30, 24, 21, 63] 
[22, 36, 54, 19, 29, 48, 39, 32, 37, 18, 38][16, 26, 49, 62, 42, 15, 11, 9, 68, 59][16, 55, 10, 59, 11, 9, 17, 60, 61, 44][3, 23, 0, 2, 14, 61, 43, 13, 33, 20][32, 18, 69, 48, 29, 66, 38, 22, 13, 50][36, 22, 45, 34, 25, 41, 27, 67, 5, 65][5, 67, 27, 12, 25, 4, 40, 53, 46, 7][1, 31, 9, 49, 42, 24, 63, 21, 6, 47][51, 57, 35, 6, 56, 28, 8, 52, 64, 58][18, 54, 65, 37, 32, 39, 48, 69, 19, 36][21, 62, 42, 24, 30, 15, 11, 68, 9, 31][3, 23, 0, 2, 14, 61, 43, 13, 33, 20][5, 67, 27, 12, 25, 4, 40, 53, 46, 7][3, 23, 0, 2, 14, 61, 43, 13, 33, 20][26, 1, 9, 68, 11, 15, 30, 24, 21, 63] 
[22, 36, 54, 19, 29, 48, 39, 32, 37, 18, 38][16, 26, 49, 62, 42, 15, 11, 9, 68, 59][16, 55, 10, 59, 11, 9, 17, 60, 61, 44][3, 23, 0, 2, 14, 61, 43, 13, 33, 20][32, 18, 69, 48, 29, 66, 38, 22, 13, 50][36, 22, 45, 34, 25, 41, 27, 67, 5, 65][5, 67, 27, 12, 25, 4, 40, 53, 46, 7][1, 31, 9, 49, 42, 24, 63, 21, 6, 47][51, 57, 35, 6, 56, 28, 8, 52, 64, 58][18, 54, 65, 37, 32, 39, 48, 69, 19, 36][21, 62, 42, 24, 30, 15, 11, 68, 9, 31][3, 23, 0, 2, 14, 61, 43, 13, 33, 20][5, 67, 27, 12, 25, 4, 40, 53, 46, 7][3, 23, 0, 2, 14, 61, 43, 13, 33, 20][26, 1, 9, 68, 11, 15, 30, 24, 21, 63] 
[22, 36, 54, 19, 29, 48, 39, 32, 37, 18, 38][16, 26, 49, 62, 42, 15, 11, 9, 68, 59][16, 55, 10, 59, 11, 9, 17, 60, 61, 44][3, 23, 0, 2, 14, 61, 43, 13, 33, 20][32, 18, 69, 48, 29, 66, 38, 22, 13, 50][36, 22, 45, 34, 25, 41, 27, 67, 5, 65][5, 67, 27, 12, 25, 4, 40, 53, 46, 7][1, 31, 9, 49, 42, 24, 63, 21, 6, 47][51, 57, 35, 6, 56, 28, 8, 52, 64, 58][18, 54, 65, 37, 32, 39, 48, 69, 19, 36][21, 62, 42, 24, 30, 15, 11, 68, 9, 31][3, 23, 0, 2, 14, 61, 43, 13, 33, 20][5, 67, 27, 12, 25, 4, 40, 53, 46, 7][3, 23, 0, 2, 14, 61, 43, 13, 33, 20][26, 1, 9, 68, 11, 15, 30, 24, 21, 63] 
[22, 36, 54, 19, 29, 48, 39, 32, 37, 18, 38][16, 26, 49, 62, 42, 15, 11, 9, 68, 59][16, 55, 10, 59, 11, 9, 17, 60, 61, 44][3, 23, 0, 2, 14, 61, 43, 13, 33, 20][32, 18, 69, 48, 29, 66, 38, 22, 13, 50][36, 22, 45, 34, 25, 41, 27, 67, 5, 65][5, 67, 27, 12, 25, 4, 40, 53, 46, 7][1, 31, 9, 49, 42, 24, 63, 21, 6, 47][51, 57, 35, 6, 56, 28, 8, 52, 64, 58][18, 54, 65, 37, 32, 39, 48, 69, 19, 36][21, 62, 42, 24, 30, 15, 11, 68, 9, 31][3, 23, 0, 2, 14, 61, 43, 13, 33, 20][5, 67, 27, 12, 25, 4, 40, 53, 46, 7][3, 23, 0, 2, 14, 61, 43, 13, 33, 20][26, 1, 9, 68, 11, 15, 30, 24, 21, 63] 
[22, 36, 54, 19, 29, 48, 39, 32, 37, 18, 38][16, 26, 49, 62, 42, 15, 11, 9, 68, 59][16, 55, 10, 59, 11, 9, 17, 60, 61, 44][3, 23, 0, 2, 14, 61, 43, 13, 33, 20][32, 18, 69, 48, 29, 66, 38, 22, 13, 50][36, 22, 45, 34, 25, 41, 27, 67, 5, 65][5, 67, 27, 12, 25, 4, 40, 53, 46, 7][1, 31, 9, 49, 42, 24, 63, 21, 6, 47][51, 57, 35, 6, 56, 28, 8, 52, 64, 58][18, 54, 65, 37, 32, 39, 48, 69, 19, 36][21, 62, 42, 24, 30, 15, 11, 68, 9, 31][3, 23, 0, 2, 14, 61, 43, 13, 33, 20][5, 67, 27, 12, 25, 4, 40, 53, 46, 7][3, 23, 0, 2, 14, 61, 43, 13, 33, 20][26, 1, 9, 68, 11, 15, 30, 24, 21, 63] 
[22, 36, 54, 19, 29, 48, 39, 32, 37, 18, 38][16, 26, 49, 62, 42, 15, 11, 9, 68, 59][16, 55, 10, 59, 11, 9, 17, 60, 61, 44][3, 23, 0, 2, 14, 61, 43, 13, 33, 20][32, 18, 69, 48, 29, 66, 38, 22, 13, 50][36, 22, 45, 34, 25, 41, 27, 67, 5, 65][5, 67, 27, 12, 25, 4, 40, 53, 46, 7][1, 31, 9, 49, 42, 24, 63, 21, 6, 47][51, 57, 35, 6, 56, 28, 8, 52, 64, 58][18, 54, 65, 37, 32, 39, 48, 69, 19, 36][21, 62, 42, 24, 30, 15, 11, 68, 9, 31][3, 23, 0, 2, 14, 61, 43, 13, 33, 20][5, 67, 27, 12, 25, 4, 40, 53, 46, 7][3, 23, 0, 2, 14, 61, 43, 13, 33, 20][26, 1, 9, 68, 11, 15, 30, 24, 21, 63] 
[22, 36, 54, 19, 29, 48, 39, 32, 37, 18, 38][16, 26, 49, 62, 42, 15, 11, 9, 68, 59][16, 55, 10, 59, 11, 9, 17, 60, 61, 44][3, 23, 0, 2, 14, 61, 43, 13, 33, 20][32, 18, 69, 48, 29, 66, 38, 22, 13, 50][36, 22, 45, 34, 25, 41, 27, 67, 5, 65][5, 67, 27, 12, 25, 4, 40, 53, 46, 7][1, 31, 9, 49, 42, 24, 63, 21, 6, 47][51, 57, 35, 6, 56, 28, 8, 52, 64, 58][18, 54, 65, 37, 32, 39, 48, 69, 19, 36][21, 62, 42, 24, 30, 15, 11, 68, 9, 31][3, 23, 0, 2, 14, 61, 43, 13, 33, 20][5, 67, 27, 12, 25, 4, 40, 53, 46, 7][3, 23, 0, 2, 14, 61, 43, 13, 33, 20][26, 1, 9, 68, 11, 15, 30, 24, 21, 63] 
[22, 36, 54, 19, 29, 48, 39, 32, 37, 18, 38][16, 26, 49, 62, 42, 15, 11, 9, 68, 59][16, 55, 10, 59, 11, 9, 17, 60, 61, 44][3, 23, 0, 2, 14, 61, 43, 13, 33, 20][32, 18, 69, 48, 29, 66, 38, 22, 13, 50][36, 22, 45, 34, 25, 41, 27, 67, 5, 65][5, 67, 27, 12, 25, 4, 40, 53, 46, 7][1, 31, 9, 49, 42, 24, 63, 21, 6, 47][51, 57, 35, 6, 56, 28, 8, 52, 64, 58][18, 54, 65, 37, 32, 39, 48, 69, 19, 36][21, 62, 42, 24, 30, 15, 11, 68, 9, 31][3, 23, 0, 2, 14, 61, 43, 13, 33, 20][5, 67, 27, 12, 25, 4, 40, 53, 46, 7][3, 23, 0, 2, 14, 61, 43, 13, 33, 20][26, 1, 9, 68, 11, 15, 30, 24, 21, 63] 
[22, 36, 54, 19, 29, 48, 39, 32, 37, 18, 38][16, 26, 49, 62, 42, 15, 11, 9, 68, 59][16, 55, 10, 59, 11, 9, 17, 60, 61, 44][3, 23, 0, 2, 14, 61, 43, 13, 33, 20][32, 18, 69, 48, 29, 66, 38, 22, 13, 50][36, 22, 45, 34, 25, 41, 27, 67, 5, 65][5, 67, 27, 12, 25, 4, 40, 53, 46, 7][1, 31, 9, 49, 42, 24, 63, 21, 6, 47][51, 57, 35, 6, 56, 28, 8, 52, 64, 58][18, 54, 65, 37, 32, 39, 48, 69, 19, 36][21, 62, 42, 24, 30, 15, 11, 68, 9, 31][3, 23, 0, 2, 14, 61, 43, 13, 33, 20][5, 67, 27, 12, 25, 4, 40, 53, 46, 7][3, 23, 0, 2, 14, 61, 43, 13, 33, 20][26, 1, 9, 68, 11, 15, 30, 24, 21, 63] 
[22, 36, 54, 19, 29, 48, 39, 32, 37, 18, 38][16, 26, 49, 62, 42, 15, 11, 9, 68, 59][16, 55, 10, 59, 11, 9, 17, 60, 61, 44][3, 23, 0, 2, 14, 61, 43, 13, 33, 20][32, 18, 69, 48, 29, 66, 38, 22, 13, 50][36, 22, 45, 34, 25, 41, 27, 67, 5, 65][5, 67, 27, 12, 25, 4, 40, 53, 46, 7][1, 31, 9, 49, 42, 24, 63, 21, 6, 47][51, 57, 35, 6, 56, 28, 8, 52, 64, 58][18, 54, 65, 37, 32, 39, 48, 69, 19, 36][21, 62, 42, 24, 30, 15, 11, 68, 9, 31][3, 23, 0, 2, 14, 61, 43, 13, 33, 20][5, 67, 27, 12, 25, 4, 40, 53, 46, 7][3, 23, 0, 2, 14, 61, 43, 13, 33, 20][26, 1, 9, 68, 11, 15, 30, 24, 21, 63] 
[22, 36, 54, 19, 29, 48, 39, 32, 37, 18, 38][16, 26, 49, 62, 42, 15, 11, 9, 68, 59][16, 55, 10, 59, 11, 9, 17, 60, 61, 44][3, 23, 0, 2, 14, 61, 43, 13, 33, 20][32, 18, 69, 48, 29, 66, 38, 22, 13, 50][36, 22, 45, 34, 25, 41, 27, 67, 5, 65][5, 67, 27, 12, 25, 4, 40, 53, 46, 7][1, 31, 9, 49, 42, 24, 63, 21, 6, 47][51, 57, 35, 6, 56, 28, 8, 52, 64, 58][18, 54, 65, 37, 32, 39, 48, 69, 19, 36][21, 62, 42, 24, 30, 15, 11, 68, 9, 31][3, 23, 0, 2, 14, 61, 43, 13, 33, 20][5, 67, 27, 12, 25, 4, 40, 53, 46, 7][3, 23, 0, 2, 14, 61, 43, 13, 33, 20][26, 1, 9, 68, 11, 15, 30, 24, 21, 63] 
[22, 36, 54, 19, 29, 48, 39, 32, 37, 18, 38][16, 26, 49, 62, 42, 15, 11, 9, 68, 59][16, 55, 10, 59, 11, 9, 17, 60, 61, 44][3, 23, 0, 2, 14, 61, 43, 13, 33, 20][32, 18, 69, 48, 29, 66, 38, 22, 13, 50][36, 22, 45, 34, 25, 41, 27, 67, 5, 65][5, 67, 27, 12, 25, 4, 40, 53, 46, 7][1, 31, 9, 49, 42, 24, 63, 21, 6, 47][51, 57, 35, 6, 56, 28, 8, 52, 64, 58][18, 54, 65, 37, 32, 39, 48, 69, 19, 36][21, 62, 42, 24, 30, 15, 11, 68, 9, 31][3, 23, 0, 2, 14, 61, 43, 13, 33, 20][5, 67, 27, 12, 25, 4, 40, 53, 46, 7][3, 23, 0, 2, 14, 61, 43, 13, 33, 20][26, 1, 9, 68, 11, 15, 30, 24, 21, 63] 
[22, 36, 54, 19, 29, 48, 39, 32, 37, 18, 38][16, 26, 49, 62, 42, 15, 11, 9, 68, 59][16, 55, 10, 59, 11, 9, 17, 60, 61, 44][3, 23, 0, 2, 14, 61, 43, 13, 33, 20][32, 18, 69, 48, 29, 66, 38, 22, 13, 50][36, 22, 45, 34, 25, 41, 27, 67, 5, 65][5, 67, 27, 12, 25, 4, 40, 53, 46, 7][1, 31, 9, 49, 42, 24, 63, 21, 6, 47][51, 57, 35, 6, 56, 28, 8, 52, 64, 58][18, 54, 65, 37, 32, 39, 48, 69, 19, 36][21, 62, 42, 24, 30, 15, 11, 68, 9, 31][3, 23, 0, 2, 14, 61, 43, 13, 33, 20][5, 67, 27, 12, 25, 4, 40, 53, 46, 7][3, 23, 0, 2, 14, 61, 43, 13, 33, 20][26, 1, 9, 68, 11, 15, 30, 24, 21, 63] 
[22, 36, 54, 19, 29, 48, 39, 32, 37, 18, 38][16, 26, 49, 62, 42, 15, 11, 9, 68, 59][16, 55, 10, 59, 11, 9, 17, 60, 61, 44][3, 23, 0, 2, 14, 61, 43, 13, 33, 20][32, 18, 69, 48, 29, 66, 38, 22, 13, 50][36, 22, 45, 34, 25, 41, 27, 67, 5, 65][5, 67, 27, 12, 25, 4, 40, 53, 46, 7][1, 31, 9, 49, 42, 24, 63, 21, 6, 47][51, 57, 35, 6, 56, 28, 8, 52, 64, 58][18, 54, 65, 37, 32, 39, 48, 69, 19, 36][21, 62, 42, 24, 30, 15, 11, 68, 9, 31][3, 23, 0, 2, 14, 61, 43, 13, 33, 20][5, 67, 27, 12, 25, 4, 40, 53, 46, 7][3, 23, 0, 2, 14, 61, 43, 13, 33, 20][26, 1, 9, 68, 11, 15, 30, 24, 21, 63] 
[22, 36, 54, 19, 29, 48, 39, 32, 37, 18, 38][16, 26, 49, 62, 42, 15, 11, 9, 68, 59][16, 55, 10, 59, 11, 9, 17, 60, 61, 44][3, 23, 0, 2, 14, 61, 43, 13, 33, 20][32, 18, 69, 48, 29, 66, 38, 22, 13, 50][36, 22, 45, 34, 25, 41, 27, 67, 5, 65][5, 67, 27, 12, 25, 4, 40, 53, 46, 7][1, 31, 9, 49, 42, 24, 63, 21, 6, 47][51, 57, 35, 6, 56, 28, 8, 52, 64, 58][18, 54, 65, 37, 32, 39, 48, 69, 19, 36][21, 62, 42, 24, 30, 15, 11, 68, 9, 31][3, 23, 0, 2, 14, 61, 43, 13, 33, 20][5, 67, 27, 12, 25, 4, 40, 53, 46, 7][3, 23, 0, 2, 14, 61, 43, 13, 33, 20][26, 1, 9, 68, 11, 15, 30, 24, 21, 63] 
[22, 36, 54, 19, 29, 48, 39, 32, 37, 18, 38][16, 26, 49, 62, 42, 15, 11, 9, 68, 59][16, 55, 10, 59, 11, 9, 17, 60, 61, 44][3, 23, 0, 2, 14, 61, 43, 13, 33, 20][32, 18, 69, 48, 29, 66, 38, 22, 13, 50][36, 22, 45, 34, 25, 41, 27, 67, 5, 65][5, 67, 27, 12, 25, 4, 40, 53, 46, 7][1, 31, 9, 49, 42, 24, 63, 21, 6, 47][51, 57, 35, 6, 56, 28, 8, 52, 64, 58][18, 54, 65, 37, 32, 39, 48, 69, 19, 36][21, 62, 42, 24, 30, 15, 11, 68, 9, 31][3, 23, 0, 2, 14, 61, 43, 13, 33, 20][5, 67, 27, 12, 25, 4, 40, 53, 46, 7][3, 23, 0, 2, 14, 61, 43, 13, 33, 20][26, 1, 9, 68, 11, 15, 30, 24, 21, 63] 
[22, 36, 54, 19, 29, 48, 39, 32, 37, 18, 38][16, 26, 49, 62, 42, 15, 11, 9, 68, 59][16, 55, 10, 59, 11, 9, 17, 60, 61, 44][3, 23, 0, 2, 14, 61, 43, 13, 33, 20][32, 18, 69, 48, 29, 66, 38, 22, 13, 50][36, 22, 45, 34, 25, 41, 27, 67, 5, 65][5, 67, 27, 12, 25, 4, 40, 53, 46, 7][1, 31, 9, 49, 42, 24, 63, 21, 6, 47][51, 57, 35, 6, 56, 28, 8, 52, 64, 58][18, 54, 65, 37, 32, 39, 48, 69, 19, 36][21, 62, 42, 24, 30, 15, 11, 68, 9, 31][3, 23, 0, 2, 14, 61, 43, 13, 33, 20][5, 67, 27, 12, 25, 4, 40, 53, 46, 7][3, 23, 0, 2, 14, 61, 43, 13, 33, 20][26, 1, 9, 68, 11, 15, 30, 24, 21, 63] 
[22, 36, 54, 19, 29, 48, 39, 32, 37, 18, 38][16, 26, 49, 62, 42, 15, 11, 9, 68, 59][16, 55, 10, 59, 11, 9, 17, 60, 61, 44][3, 23, 0, 2, 14, 61, 43, 13, 33, 20][32, 18, 69, 48, 29, 66, 38, 22, 13, 50][36, 22, 45, 34, 25, 41, 27, 67, 5, 65][5, 67, 27, 12, 25, 4, 40, 53, 46, 7][1, 31, 9, 49, 42, 24, 63, 21, 6, 47][51, 57, 35, 6, 56, 28, 8, 52, 64, 58][18, 54, 65, 37, 32, 39, 48, 69, 19, 36][21, 62, 42, 24, 30, 15, 11, 68, 9, 31][3, 23, 0, 2, 14, 61, 43, 13, 33, 20][5, 67, 27, 12, 25, 4, 40, 53, 46, 7][3, 23, 0, 2, 14, 61, 43, 13, 33, 20][26, 1, 9, 68, 11, 15, 30, 24, 21, 63] 
[22, 36, 54, 19, 29, 48, 39, 32, 37, 18, 38][16, 26, 49, 62, 42, 15, 11, 9, 68, 59][16, 55, 10, 59, 11, 9, 17, 60, 61, 44][3, 23, 0, 2, 14, 61, 43, 13, 33, 20][32, 18, 69, 48, 29, 66, 38, 22, 13, 50][36, 22, 45, 34, 25, 41, 27, 67, 5, 65][5, 67, 27, 12, 25, 4, 40, 53, 46, 7][1, 31, 9, 49, 42, 24, 63, 21, 6, 47][51, 57, 35, 6, 56, 28, 8, 52, 64, 58][18, 54, 65, 37, 32, 39, 48, 69, 19, 36][21, 62, 42, 24, 30, 15, 11, 68, 9, 31][3, 23, 0, 2, 14, 61, 43, 13, 33, 20][5, 67, 27, 12, 25, 4, 40, 53, 46, 7][3, 23, 0, 2, 14, 61, 43, 13, 33, 20][26, 1, 9, 68, 11, 15, 30, 24, 21, 63] 
[22, 36, 54, 19, 29, 48, 39, 32, 37, 18, 38][16, 26, 49, 62, 42, 15, 11, 9, 68, 59][16, 55, 10, 59, 11, 9, 17, 60, 61, 44][3, 23, 0, 2, 14, 61, 43, 13, 33, 20][32, 18, 69, 48, 29, 66, 38, 22, 13, 50][36, 22, 45, 34, 25, 41, 27, 67, 5, 65][5, 67, 27, 12, 25, 4, 40, 53, 46, 7][1, 31, 9, 49, 42, 24, 63, 21, 6, 47][51, 57, 35, 6, 56, 28, 8, 52, 64, 58][18, 54, 65, 37, 32, 39, 48, 69, 19, 36][21, 62, 42, 24, 30, 15, 11, 68, 9, 31][3, 23, 0, 2, 14, 61, 43, 13, 33, 20][5, 67, 27, 12, 25, 4, 40, 53, 46, 7][3, 23, 0, 2, 14, 61, 43, 13, 33, 20][26, 1, 9, 68, 11, 15, 30, 24, 21, 63] 
[22, 36, 54, 19, 29, 48, 39, 32, 37, 18, 38][16, 26, 49, 62, 42, 15, 11, 9, 68, 59][16, 55, 10, 59, 11, 9, 17, 60, 61, 44][3, 23, 0, 2, 14, 61, 43, 13, 33, 20][32, 18, 69, 48, 29, 66, 38, 22, 13, 50][36, 22, 45, 34, 25, 41, 27, 67, 5, 65][5, 67, 27, 12, 25, 4, 40, 53, 46, 7][1, 31, 9, 49, 42, 24, 63, 21, 6, 47][51, 57, 35, 6, 56, 28, 8, 52, 64, 58][18, 54, 65, 37, 32, 39, 48, 69, 19, 36][21, 62, 42, 24, 30, 15, 11, 68, 9, 31][3, 23, 0, 2, 14, 61, 43, 13, 33, 20][5, 67, 27, 12, 25, 4, 40, 53, 46, 7][3, 23, 0, 2, 14, 61, 43, 13, 33, 20][26, 1, 9, 68, 11, 15, 30, 24, 21, 63] 
[22, 36, 54, 19, 29, 48, 39, 32, 37, 18, 38][16, 26, 49, 62, 42, 15, 11, 9, 68, 59][16, 55, 10, 59, 11, 9, 17, 60, 61, 44][3, 23, 0, 2, 14, 61, 43, 13, 33, 20][32, 18, 69, 48, 29, 66, 38, 22, 13, 50][36, 22, 45, 34, 25, 41, 27, 67, 5, 65][5, 67, 27, 12, 25, 4, 40, 53, 46, 7][1, 31, 9, 49, 42, 24, 63, 21, 6, 47][51, 57, 35, 6, 56, 28, 8, 52, 64, 58][18, 54, 65, 37, 32, 39, 48, 69, 19, 36][21, 62, 42, 24, 30, 15, 11, 68, 9, 31][3, 23, 0, 2, 14, 61, 43, 13, 33, 20][5, 67, 27, 12, 25, 4, 40, 53, 46, 7][3, 23, 0, 2, 14, 61, 43, 13, 33, 20][26, 1, 9, 68, 11, 15, 30, 24, 21, 63] 
[22, 36, 54, 19, 29, 48, 39, 32, 37, 18, 38][16, 26, 49, 62, 42, 15, 11, 9, 68, 59][16, 55, 10, 59, 11, 9, 17, 60, 61, 44][3, 23, 0, 2, 14, 61, 43, 13, 33, 20][32, 18, 69, 48, 29, 66, 38, 22, 13, 50][36, 22, 45, 34, 25, 41, 27, 67, 5, 65][5, 67, 27, 12, 25, 4, 40, 53, 46, 7][1, 31, 9, 49, 42, 24, 63, 21, 6, 47][51, 57, 35, 6, 56, 28, 8, 52, 64, 58][18, 54, 65, 37, 32, 39, 48, 69, 19, 36][21, 62, 42, 24, 30, 15, 11, 68, 9, 31][3, 23, 0, 2, 14, 61, 43, 13, 33, 20][5, 67, 27, 12, 25, 4, 40, 53, 46, 7][3, 23, 0, 2, 14, 61, 43, 13, 33, 20][26, 1, 9, 68, 11, 15, 30, 24, 21, 63] 
[22, 36, 54, 19, 29, 48, 39, 32, 37, 18, 38][16, 26, 49, 62, 42, 15, 11, 9, 68, 59][16, 55, 10, 59, 11, 9, 17, 60, 61, 44][3, 23, 0, 2, 14, 61, 43, 13, 33, 20][32, 18, 69, 48, 29, 66, 38, 22, 13, 50][36, 22, 45, 34, 25, 41, 27, 67, 5, 65][5, 67, 27, 12, 25, 4, 40, 53, 46, 7][1, 31, 9, 49, 42, 24, 63, 21, 6, 47][51, 57, 35, 6, 56, 28, 8, 52, 64, 58][18, 54, 65, 37, 32, 39, 48, 69, 19, 36][21, 62, 42, 24, 30, 15, 11, 68, 9, 31][3, 23, 0, 2, 14, 61, 43, 13, 33, 20][5, 67, 27, 12, 25, 4, 40, 53, 46, 7][3, 23, 0, 2, 14, 61, 43, 13, 33, 20][26, 1, 9, 68, 11, 15, 30, 24, 21, 63] 
[22, 36, 54, 19, 29, 48, 39, 32, 37, 18, 38][16, 26, 49, 62, 42, 15, 11, 9, 68, 59][16, 55, 10, 59, 11, 9, 17, 60, 61, 44][3, 23, 0, 2, 14, 61, 43, 13, 33, 20][32, 18, 69, 48, 29, 66, 38, 22, 13, 50][36, 22, 45, 34, 25, 41, 27, 67, 5, 65][5, 67, 27, 12, 25, 4, 40, 53, 46, 7][1, 31, 9, 49, 42, 24, 63, 21, 6, 47][51, 57, 35, 6, 56, 28, 8, 52, 64, 58][18, 54, 65, 37, 32, 39, 48, 69, 19, 36][21, 62, 42, 24, 30, 15, 11, 68, 9, 31][3, 23, 0, 2, 14, 61, 43, 13, 33, 20][5, 67, 27, 12, 25, 4, 40, 53, 46, 7][3, 23, 0, 2, 14, 61, 43, 13, 33, 20][26, 1, 9, 68, 11, 15, 30, 24, 21, 63] 
[22, 36, 54, 19, 29, 48, 39, 32, 37, 18, 38][16, 26, 49, 62, 42, 15, 11, 9, 68, 59][16, 55, 10, 59, 11, 9, 17, 60, 61, 44][3, 23, 0, 2, 14, 61, 43, 13, 33, 20][32, 18, 69, 48, 29, 66, 38, 22, 13, 50][36, 22, 45, 34, 25, 41, 27, 67, 5, 65][5, 67, 27, 12, 25, 4, 40, 53, 46, 7][1, 31, 9, 49, 42, 24, 63, 21, 6, 47][51, 57, 35, 6, 56, 28, 8, 52, 64, 58][18, 54, 65, 37, 32, 39, 48, 69, 19, 36][21, 62, 42, 24, 30, 15, 11, 68, 9, 31][3, 23, 0, 2, 14, 61, 43, 13, 33, 20][5, 67, 27, 12, 25, 4, 40, 53, 46, 7][3, 23, 0, 2, 14, 61, 43, 13, 33, 20][26, 1, 9, 68, 11, 15, 30, 24, 21, 63] 
[22, 36, 54, 19, 29, 48, 39, 32, 37, 18, 38][16, 26, 49, 62, 42, 15, 11, 9, 68, 59][16, 55, 10, 59, 11, 9, 17, 60, 61, 44][3, 23, 0, 2, 14, 61, 43, 13, 33, 20][32, 18, 69, 48, 29, 66, 38, 22, 13, 50][36, 22, 45, 34, 25, 41, 27, 67, 5, 65][5, 67, 27, 12, 25, 4, 40, 53, 46, 7][1, 31, 9, 49, 42, 24, 63, 21, 6, 47][51, 57, 35, 6, 56, 28, 8, 52, 64, 58][18, 54, 65, 37, 32, 39, 48, 69, 19, 36][21, 62, 42, 24, 30, 15, 11, 68, 9, 31][3, 23, 0, 2, 14, 61, 43, 13, 33, 20][5, 67, 27, 12, 25, 4, 40, 53, 46, 7][3, 23, 0, 2, 14, 61, 43, 13, 33, 20][26, 1, 9, 68, 11, 15, 30, 24, 21, 63] 
[22, 36, 54, 19, 29, 48, 39, 32, 37, 18, 38][16, 26, 49, 62, 42, 15, 11, 9, 68, 59][16, 55, 10, 59, 11, 9, 17, 60, 61, 44][3, 23, 0, 2, 14, 61, 43, 13, 33, 20][32, 18, 69, 48, 29, 66, 38, 22, 13, 50][36, 22, 45, 34, 25, 41, 27, 67, 5, 65][5, 67, 27, 12, 25, 4, 40, 53, 46, 7][1, 31, 9, 49, 42, 24, 63, 21, 6, 47][51, 57, 35, 6, 56, 28, 8, 52, 64, 58][18, 54, 65, 37, 32, 39, 48, 69, 19, 36][21, 62, 42, 24, 30, 15, 11, 68, 9, 31][3, 23, 0, 2, 14, 61, 43, 13, 33, 20][5, 67, 27, 12, 25, 4, 40, 53, 46, 7][3, 23, 0, 2, 14, 61, 43, 13, 33, 20][26, 1, 9, 68, 11, 15, 30, 24, 21, 63] 
[22, 36, 54, 19, 29, 48, 39, 32, 37, 18, 38][16, 26, 49, 62, 42, 15, 11, 9, 68, 59][16, 55, 10, 59, 11, 9, 17, 60, 61, 44][3, 23, 0, 2, 14, 61, 43, 13, 33, 20][32, 18, 69, 48, 29, 66, 38, 22, 13, 50][36, 22, 45, 34, 25, 41, 27, 67, 5, 65][5, 67, 27, 12, 25, 4, 40, 53, 46, 7][1, 31, 9, 49, 42, 24, 63, 21, 6, 47][51, 57, 35, 6, 56, 28, 8, 52, 64, 58][18, 54, 65, 37, 32, 39, 48, 69, 19, 36][21, 62, 42, 24, 30, 15, 11, 68, 9, 31][3, 23, 0, 2, 14, 61, 43, 13, 33, 20][5, 67, 27, 12, 25, 4, 40, 53, 46, 7][3, 23, 0, 2, 14, 61, 43, 13, 33, 20][26, 1, 9, 68, 11, 15, 30, 24, 21, 63] 
[22, 36, 54, 19, 29, 48, 39, 32, 37, 18, 38][16, 26, 49, 62, 42, 15, 11, 9, 68, 59][16, 55, 10, 59, 11, 9, 17, 60, 61, 44][3, 23, 0, 2, 14, 61, 43, 13, 33, 20][32, 18, 69, 48, 29, 66, 38, 22, 13, 50][36, 22, 45, 34, 25, 41, 27, 67, 5, 65][5, 67, 27, 12, 25, 4, 40, 53, 46, 7][1, 31, 9, 49, 42, 24, 63, 21, 6, 47][51, 57, 35, 6, 56, 28, 8, 52, 64, 58][18, 54, 65, 37, 32, 39, 48, 69, 19, 36][21, 62, 42, 24, 30, 15, 11, 68, 9, 31][3, 23, 0, 2, 14, 61, 43, 13, 33, 20][5, 67, 27, 12, 25, 4, 40, 53, 46, 7][3, 23, 0, 2, 14, 61, 43, 13, 33, 20][26, 1, 9, 68, 11, 15, 30, 24, 21, 63] 
[22, 36, 54, 19, 29, 48, 39, 32, 37, 18, 38][21, 62, 42, 24, 30, 15, 11, 68, 9, 31][16, 55, 10, 59, 11, 9, 17, 60, 61, 44][3, 23, 0, 2, 14, 61, 43, 13, 33, 20][32, 18, 69, 48, 29, 66, 38, 22, 13, 50][36, 22, 45, 34, 25, 41, 27, 67, 5, 65][5, 67, 27, 12, 25, 4, 40, 53, 46, 7][1, 31, 9, 49, 42, 24, 63, 21, 6, 47][51, 57, 35, 6, 56, 28, 8, 52, 64, 58][18, 54, 65, 37, 32, 39, 48, 69, 19, 36][16, 26, 49, 62, 42, 15, 11, 9, 68, 59][5, 67, 27, 12, 25, 4, 40, 53, 46, 7][51, 57, 35, 6, 56, 28, 8, 52, 64, 58][26, 1, 9, 68, 11, 15, 30, 24, 21, 63][5, 67, 27, 12, 25, 4, 40, 53, 46, 7] 
[22, 36, 54, 19, 29, 48, 39, 32, 37, 18, 38][21, 62, 42, 24, 30, 15, 11, 68, 9, 31][16, 55, 10, 59, 11, 9, 17, 60, 61, 44][3, 23, 0, 2, 14, 61, 43, 13, 33, 20][32, 18, 69, 48, 29, 66, 38, 22, 13, 50][36, 22, 45, 34, 25, 41, 27, 67, 5, 65][5, 67, 27, 12, 25, 4, 40, 53, 46, 7][1, 31, 9, 49, 42, 24, 63, 21, 6, 47][51, 57, 35, 6, 56, 28, 8, 52, 64, 58][18, 54, 65, 37, 32, 39, 48, 69, 19, 36][16, 26, 49, 62, 42, 15, 11, 9, 68, 59][5, 67, 27, 12, 25, 4, 40, 53, 46, 7][51, 57, 35, 6, 56, 28, 8, 52, 64, 58][26, 1, 9, 68, 11, 15, 30, 24, 21, 63][5, 67, 27, 12, 25, 4, 40, 53, 46, 7] 
[22, 36, 54, 19, 29, 48, 39, 32, 37, 18, 38][21, 62, 42, 24, 30, 15, 11, 68, 9, 31][16, 55, 10, 59, 11, 9, 17, 60, 61, 44][3, 23, 0, 2, 14, 61, 43, 13, 33, 20][32, 18, 69, 48, 29, 66, 38, 22, 13, 50][36, 22, 45, 34, 25, 41, 27, 67, 5, 65][5, 67, 27, 12, 25, 4, 40, 53, 46, 7][1, 31, 9, 49, 42, 24, 63, 21, 6, 47][51, 57, 35, 6, 56, 28, 8, 52, 64, 58][18, 54, 65, 37, 32, 39, 48, 69, 19, 36][16, 26, 49, 62, 42, 15, 11, 9, 68, 59][5, 67, 27, 12, 25, 4, 40, 53, 46, 7][51, 57, 35, 6, 56, 28, 8, 52, 64, 58][26, 1, 9, 68, 11, 15, 30, 24, 21, 63][5, 67, 27, 12, 25, 4, 40, 53, 46, 7] 
[22, 36, 54, 19, 29, 48, 39, 32, 37, 18, 38][21, 62, 42, 24, 30, 15, 11, 68, 9, 31][16, 55, 10, 59, 11, 9, 17, 60, 61, 44][3, 23, 0, 2, 14, 61, 43, 13, 33, 20][32, 18, 69, 48, 29, 66, 38, 22, 13, 50][36, 22, 45, 34, 25, 41, 27, 67, 5, 65][5, 67, 27, 12, 25, 4, 40, 53, 46, 7][1, 31, 9, 49, 42, 24, 63, 21, 6, 47][51, 57, 35, 6, 56, 28, 8, 52, 64, 58][18, 54, 65, 37, 32, 39, 48, 69, 19, 36][16, 26, 49, 62, 42, 15, 11, 9, 68, 59][5, 67, 27, 12, 25, 4, 40, 53, 46, 7][51, 57, 35, 6, 56, 28, 8, 52, 64, 58][26, 1, 9, 68, 11, 15, 30, 24, 21, 63][5, 67, 27, 12, 25, 4, 40, 53, 46, 7] 
[22, 36, 54, 19, 29, 48, 39, 32, 37, 18, 38][21, 62, 42, 24, 30, 15, 11, 68, 9, 31][16, 55, 10, 59, 11, 9, 17, 60, 61, 44][3, 23, 0, 2, 14, 61, 43, 13, 33, 20][32, 18, 69, 48, 29, 66, 38, 22, 13, 50][36, 22, 45, 34, 25, 41, 27, 67, 5, 65][5, 67, 27, 12, 25, 4, 40, 53, 46, 7][1, 31, 9, 49, 42, 24, 63, 21, 6, 47][51, 57, 35, 6, 56, 28, 8, 52, 64, 58][18, 54, 65, 37, 32, 39, 48, 69, 19, 36][16, 26, 49, 62, 42, 15, 11, 9, 68, 59][5, 67, 27, 12, 25, 4, 40, 53, 46, 7][51, 57, 35, 6, 56, 28, 8, 52, 64, 58][26, 1, 9, 68, 11, 15, 30, 24, 21, 63][5, 67, 27, 12, 25, 4, 40, 53, 46, 7] 
[22, 36, 54, 19, 29, 48, 39, 32, 37, 18, 38][21, 62, 42, 24, 30, 15, 11, 68, 9, 31][16, 55, 10, 59, 11, 9, 17, 60, 61, 44][3, 23, 0, 2, 14, 61, 43, 13, 33, 20][32, 18, 69, 48, 29, 66, 38, 22, 13, 50][36, 22, 45, 34, 25, 41, 27, 67, 5, 65][5, 67, 27, 12, 25, 4, 40, 53, 46, 7][1, 31, 9, 49, 42, 24, 63, 21, 6, 47][51, 57, 35, 6, 56, 28, 8, 52, 64, 58][18, 54, 65, 37, 32, 39, 48, 69, 19, 36][16, 26, 49, 62, 42, 15, 11, 9, 68, 59][5, 67, 27, 12, 25, 4, 40, 53, 46, 7][51, 57, 35, 6, 56, 28, 8, 52, 64, 58][26, 1, 9, 68, 11, 15, 30, 24, 21, 63][5, 67, 27, 12, 25, 4, 40, 53, 46, 7] 
[22, 36, 54, 19, 29, 48, 39, 32, 37, 18, 38][16, 26, 49, 62, 42, 15, 11, 9, 68, 59][16, 55, 10, 59, 11, 9, 17, 60, 61, 44][3, 23, 0, 2, 14, 61, 43, 13, 33, 20][32, 18, 69, 48, 29, 66, 38, 22, 13, 50][36, 22, 45, 34, 25, 41, 27, 67, 5, 65][5, 67, 27, 12, 25, 4, 40, 53, 46, 7][1, 31, 9, 49, 42, 24, 63, 21, 6, 47][51, 57, 35, 6, 56, 28, 8, 52, 64, 58][18, 54, 65, 37, 32, 39, 48, 69, 19, 36][21, 62, 42, 24, 30, 15, 11, 68, 9, 31][3, 23, 0, 2, 14, 61, 43, 13, 33, 20][5, 67, 27, 12, 25, 4, 40, 53, 46, 7][3, 23, 0, 2, 14, 61, 43, 13, 33, 20][26, 1, 9, 68, 11, 15, 30, 24, 21, 63] 
[22, 36, 54, 19, 29, 48, 39, 32, 37, 18, 38][16, 26, 49, 62, 42, 15, 11, 9, 68, 59][16, 55, 10, 59, 11, 9, 17, 60, 61, 44][3, 23, 0, 2, 14, 61, 43, 13, 33, 20][32, 18, 69, 48, 29, 66, 38, 22, 13, 50][36, 22, 45, 34, 25, 41, 27, 67, 5, 65][5, 67, 27, 12, 25, 4, 40, 53, 46, 7][1, 31, 9, 49, 42, 24, 63, 21, 6, 47][51, 57, 35, 6, 56, 28, 8, 52, 64, 58][18, 54, 65, 37, 32, 39, 48, 69, 19, 36][21, 62, 42, 24, 30, 15, 11, 68, 9, 31][3, 23, 0, 2, 14, 61, 43, 13, 33, 20][5, 67, 27, 12, 25, 4, 40, 53, 46, 7][3, 23, 0, 2, 14, 61, 43, 13, 33, 20][26, 1, 9, 68, 11, 15, 30, 24, 21, 63] 
[22, 36, 54, 19, 29, 48, 39, 32, 37, 18, 38][16, 26, 49, 62, 42, 15, 11, 9, 68, 59][16, 55, 10, 59, 11, 9, 17, 60, 61, 44][3, 23, 0, 2, 14, 61, 43, 13, 33, 20][32, 18, 69, 48, 29, 66, 38, 22, 13, 50][36, 22, 45, 34, 25, 41, 27, 67, 5, 65][5, 67, 27, 12, 25, 4, 40, 53, 46, 7][1, 31, 9, 49, 42, 24, 63, 21, 6, 47][51, 57, 35, 6, 56, 28, 8, 52, 64, 58][18, 54, 65, 37, 32, 39, 48, 69, 19, 36][21, 62, 42, 24, 30, 15, 11, 68, 9, 31][3, 23, 0, 2, 14, 61, 43, 13, 33, 20][5, 67, 27, 12, 25, 4, 40, 53, 46, 7][3, 23, 0, 2, 14, 61, 43, 13, 33, 20][26, 1, 9, 68, 11, 15, 30, 24, 21, 63] 
[22, 36, 54, 19, 29, 48, 39, 32, 37, 18, 38][16, 26, 49, 62, 42, 15, 11, 9, 68, 59][16, 55, 10, 59, 11, 9, 17, 60, 61, 44][3, 23, 0, 2, 14, 61, 43, 13, 33, 20][32, 18, 69, 48, 29, 66, 38, 22, 13, 50][36, 22, 45, 34, 25, 41, 27, 67, 5, 65][5, 67, 27, 12, 25, 4, 40, 53, 46, 7][1, 31, 9, 49, 42, 24, 63, 21, 6, 47][51, 57, 35, 6, 56, 28, 8, 52, 64, 58][18, 54, 65, 37, 32, 39, 48, 69, 19, 36][21, 62, 42, 24, 30, 15, 11, 68, 9, 31][3, 23, 0, 2, 14, 61, 43, 13, 33, 20][5, 67, 27, 12, 25, 4, 40, 53, 46, 7][3, 23, 0, 2, 14, 61, 43, 13, 33, 20][26, 1, 9, 68, 11, 15, 30, 24, 21, 63] 
[22, 36, 54, 19, 29, 48, 39, 32, 37, 18, 38][16, 26, 49, 62, 42, 15, 11, 9, 68, 59][16, 55, 10, 59, 11, 9, 17, 60, 61, 44][3, 23, 0, 2, 14, 61, 43, 13, 33, 20][32, 18, 69, 48, 29, 66, 38, 22, 13, 50][36, 22, 45, 34, 25, 41, 27, 67, 5, 65][5, 67, 27, 12, 25, 4, 40, 53, 46, 7][1, 31, 9, 49, 42, 24, 63, 21, 6, 47][51, 57, 35, 6, 56, 28, 8, 52, 64, 58][18, 54, 65, 37, 32, 39, 48, 69, 19, 36][21, 62, 42, 24, 30, 15, 11, 68, 9, 31][3, 23, 0, 2, 14, 61, 43, 13, 33, 20][5, 67, 27, 12, 25, 4, 40, 53, 46, 7][3, 23, 0, 2, 14, 61, 43, 13, 33, 20][26, 1, 9, 68, 11, 15, 30, 24, 21, 63] 
[22, 36, 54, 19, 29, 48, 39, 32, 37, 18, 38][16, 26, 49, 62, 42, 15, 11, 9, 68, 59][16, 55, 10, 59, 11, 9, 17, 60, 61, 44][3, 23, 0, 2, 14, 61, 43, 13, 33, 20][32, 18, 69, 48, 29, 66, 38, 22, 13, 50][36, 22, 45, 34, 25, 41, 27, 67, 5, 65][5, 67, 27, 12, 25, 4, 40, 53, 46, 7][1, 31, 9, 49, 42, 24, 63, 21, 6, 47][51, 57, 35, 6, 56, 28, 8, 52, 64, 58][18, 54, 65, 37, 32, 39, 48, 69, 19, 36][21, 62, 42, 24, 30, 15, 11, 68, 9, 31][3, 23, 0, 2, 14, 61, 43, 13, 33, 20][5, 67, 27, 12, 25, 4, 40, 53, 46, 7][3, 23, 0, 2, 14, 61, 43, 13, 33, 20][26, 1, 9, 68, 11, 15, 30, 24, 21, 63] 
[22, 36, 54, 19, 29, 48, 39, 32, 37, 18, 38][16, 26, 49, 62, 42, 15, 11, 9, 68, 59][16, 55, 10, 59, 11, 9, 17, 60, 61, 44][3, 23, 0, 2, 14, 61, 43, 13, 33, 20][32, 18, 69, 48, 29, 66, 38, 22, 13, 50][36, 22, 45, 34, 25, 41, 27, 67, 5, 65][5, 67, 27, 12, 25, 4, 40, 53, 46, 7][1, 31, 9, 49, 42, 24, 63, 21, 6, 47][51, 57, 35, 6, 56, 28, 8, 52, 64, 58][18, 54, 65, 37, 32, 39, 48, 69, 19, 36][21, 62, 42, 24, 30, 15, 11, 68, 9, 31][3, 23, 0, 2, 14, 61, 43, 13, 33, 20][5, 67, 27, 12, 25, 4, 40, 53, 46, 7][3, 23, 0, 2, 14, 61, 43, 13, 33, 20][26, 1, 9, 68, 11, 15, 30, 24, 21, 63] 
