3833183.0083156503 33465.236618904506 0.03425320399965643 0.0 4000.0 747.0 10.109015383583435 
1189414.9999999998 23551.695100675905 0.093757854555217 0.6198306045533174 1058.0 163.0 6.625 
648605.0 19777.97965179579 0.07671849427168576 0.7068915127425766 594.0 130.0 0.0 
1064275.0 23403.79868182159 0.3404839841010054 0.5429915828851999 908.0 131.0 0.0 
4682632.920138166 15139.153677701377 0.16483516483516483 0.0 4949.0 361.0 8.488064988530093 
4113090.7921476373 15536.425272624565 0.39686340165857603 0.1964591187448204 4395.0 182.0 1.0980392156862746 
4278384.356457088 26414.297119579573 0.07712765957446809 0.0 4655.0 617.0 8.073026352142657 
3112604.804075846 18206.937765210878 0.15294103791094632 0.26382548413306134 3275.0 279.0 6.600319501198173 
1375469.9999999998 13485.067187127515 0.0996323166973184 0.5773064252752615 1202.0 150.0 7.516203703703704 
1041965.0 18158.089496286822 0.09176993219546412 0.6292085574000468 960.0 146.0 2.0434782608695654 
2726129.122051223 14992.982060353102 0.4279597205329505 0.25979283404761533 2487.0 194.0 7.570737358593431 
2886826.724536428 16370.788399968686 0.3230089266390662 0.31909196340655693 3466.0 234.0 3.5165945165945165 
1861152.9029177905 16011.952992638375 0.30865865682094135 0.4582085520923744 1813.0 142.0 2.5246008471814925 
2016328.103476945 24198.213052366285 0.15434389960172554 0.3584016740803955 2004.0 231.0 6.415572873940388 
1269809.5764400344 21525.080667449587 0.1373050441243622 0.5500381433997629 1138.0 187.0 1.4604918890633176 
2208800.0509200376 28476.53617504014 0.5126577758204726 0.23679141809627463 1975.0 220.0 1.9181785986705895 
3023363.1529177018 18512.89553976193 0.2038812251578209 0.26674655132101943 3006.0 258.0 6.069464809384164 
3611750.563238786 16997.901822867683 0.22317196938484168 0.26674811052203956 3844.0 225.0 3.377976315647174 
3010623.801722506 17504.37428870209 0.18038455248394047 0.41498372403182704 2670.0 204.0 2.9661816269284715 
2993830.0 16883.29657633709 0.4403787701660042 0.2735854570960954 2623.0 139.0 2.132075471698113 
4219621.757112536 28949.68138163173 0.3032228910117785 0.004588856042201248 4257.0 471.0 6.324440468566277 
3833339.8073615506 33464.33794912132 0.03425318127895721 0.0 4000.0 747.0 10.109015383583435 
1189414.9999999998 23551.695100675905 0.093757854555217 0.6198306045533174 1058.0 163.0 6.625 
640375.0 21129.785792477218 0.08928616272208481 0.7102274192863733 584.0 128.0 0.0 
1228370.0 23759.92781667256 0.3485503857844283 0.5183832125321487 1059.0 130.0 0.0 
4747457.47223827 15276.544040955705 0.1812909898227412 0.0 5093.0 337.0 9.15971246422066 
3909868.0052828128 15697.491671476071 0.39075574920006906 0.22603486387421032 4084.0 176.0 1.0980392156862746 
4124111.9078913424 30906.87492235678 0.08531096563011456 0.0 4276.0 693.0 10.36010048772852 
3135413.7766500744 17850.54530103896 0.1527658046966202 0.263825484133959 3270.0 290.0 6.692199843078514 
1328390.0 14408.624370565727 0.09872574234276361 0.5780044423661445 1189.0 146.0 7.516203703703704 
911835.0 18150.10426034701 0.10714372190541122 0.6510135109695699 847.0 139.0 2.108695652173913 
2726129.038890064 14780.749932721626 0.42796018213537834 0.25979225971962855 2487.0 182.0 7.309867793376039 
2882747.820180269 15191.2355720418 0.36953683654743263 0.2916488873548166 3335.0 207.0 4.1756517292231585 
1631250.0 17689.850073952806 0.3744154781388824 0.4529752162730886 1520.0 137.0 2.1724137931034484 
2016330.344231062 23680.456676382855 0.15434386320925653 0.3584016740681502 2004.0 229.0 6.315572873940388 
1632830.0 23434.634064194805 0.16685274054616878 0.4921702839049678 1471.0 161.0 1.138989898989899 
2268486.5676578484 27973.137034695195 0.502282631855131 0.23229037170574054 2094.0 225.0 1.8875788434686311 
4512593.104336023 19996.84041897448 0.3779518353986439 0.0487783493102642 4572.0 302.0 7.969249349684132 
4581382.675696611 16263.123909201668 0.27168576104746317 0.05132101940612579 4338.0 249.0 3.2927526942980583 
2691815.0 17381.917719529916 0.20081367985471474 0.4526270959087779 2469.0 168.0 2.524489907854322 
3136000.0 17048.522641730528 0.457712461207364 0.24684502481186782 2757.0 144.0 2.132075471698113 
4199099.322742518 29080.96746454164 0.35591713363859606 0.004588523432639948 4213.0 443.0 6.152861176876123 
3833339.8073615506 33464.33794912132 0.03425318127895721 0.0 4000.0 747.0 10.109015383583435 
1189414.9999999998 23551.695100675905 0.093757854555217 0.6198306045533174 1058.0 163.0 6.625 
640375.0 21129.785792477218 0.08928616272208481 0.7102274192863733 584.0 128.0 0.0 
1264033.468923684 23623.88242739702 0.3323883563245265 0.5072772971709142 1066.0 145.0 0.0 
4573808.273572182 15527.11420378657 0.18351158352195684 0.0 4859.0 356.0 8.524296872588064 
3887598.0352643714 17258.263766470223 0.45724494006787275 0.11570677873964659 4551.0 189.0 1.6827945376436988 
3196806.9425993143 17853.538225470682 0.13496687143949862 0.26382548413306134 3329.0 314.0 6.577053329842018 
1328389.9999999998 14408.623945320216 0.09872762253306785 0.5780053795751993 1189.0 146.0 7.516203703703704 
911835.0 18150.10426034701 0.1071434834213345 0.651015028136024 847.0 139.0 2.108695652173913 
2698673.1870472766 15031.679993916156 0.42550519032138256 0.28030897704149943 2405.0 187.0 7.120553359683795 
3267500.0 17834.728110974444 0.36439092822071545 0.321048632218845 3569.0 142.0 1.0588235294117647 
1662335.0 17816.385025743202 0.3428220715454758 0.4779342997428104 1551.0 134.0 2.1724137931034484 
2057375.9749734723 25717.901473727983 0.15150890382967486 0.3320395840515087 2134.0 322.0 7.372026045415877 
1392069.130610114 21931.061958204988 0.1420687915469037 0.5325026455866699 1321.0 135.0 2.0 
2094168.9914934083 27874.70566233523 0.4922873664547939 0.2758079106620568 1828.0 208.0 1.2931785986705895 
4401915.46753168 25960.040254779415 0.2883738601823708 0.0 4389.0 397.0 9.028855764028293 
3720813.580063891 15923.895764082996 0.2701367781155015 0.27279635258358664 3737.0 172.0 2.4850657108721625 
3000758.801722506 17516.000228186043 0.18923895253682488 0.4155073649754501 2639.0 199.0 3.046181626928471 
3136000.0 17048.522641730528 0.457712461207364 0.24684502481186782 2757.0 144.0 2.132075471698113 
3833399.2560142074 33463.84546875776 0.0342531812788244 0.0 4000.0 747.0 10.109015383583435 
1189415.0000000002 23550.625107478863 0.09375730652326397 0.6198269815291092 1058.0 163.0 6.625 
640375.0 21129.785792477218 0.08928616272208481 0.7102274192863733 584.0 128.0 0.0 
1264033.4436608392 23623.889044190175 0.3323902992184897 0.5072802623349446 1066.0 145.0 0.0 
4583698.806021123 15196.474016809627 0.19391609092333897 0.0 4860.0 351.0 8.749720601401624 
3907097.2821053024 17279.01197133158 0.4722963779916511 0.11570677873964659 4420.0 180.0 1.5975232198142415 
3232487.681722283 17794.885760925386 0.14613123898684488 0.26382548413306134 3349.0 311.0 6.409209520595879 
1328390.0 14408.623945320218 0.09872647590262251 0.5780075805863223 1189.0 146.0 7.516203703703704 
911835.0 18150.10426034701 0.1071434834213345 0.651015028136024 847.0 139.0 2.108695652173913 
2183756.3614379587 15743.925017332665 0.3373880581527775 0.3524687751278117 2145.0 181.0 5.796442687747035 
3223055.0 17332.695601782732 0.39580897825578676 0.2945697919102174 3285.0 149.0 3.1219512195121952 
1475235.0 18485.062193541165 0.3158774133117866 0.5078063099721426 1442.0 137.0 2.27027027027027 
2071195.174287686 22080.412727841343 0.15878626574621935 0.34486999299552296 2077.0 251.0 6.315935192780968 
1346614.1306101654 22225.081565815155 0.1288586747065206 0.5526100800949589 1292.0 133.0 2.0 
2305534.2452862114 28426.806379980117 0.5226530861486678 0.2173560646786062 2092.0 222.0 1.5312738367658276 
4017555.6878209473 17152.675338138397 0.28898897684976366 0.20449678991991843 4300.0 191.0 2.770779996586448 
2691535.0 17407.839039584334 0.20081365918681232 0.452627148860743 2471.0 171.0 2.9530613364257507 
3136000.0 17048.522641730528 0.457712461207364 0.24684502481186782 2757.0 144.0 2.132075471698113 
3866465.2741541388 33360.894565639515 0.04676194910687397 0.0 3975.0 739.0 10.109056961591115 
958308.5193321616 24713.471756744708 0.118454029778091 0.6126117173943217 903.0 194.0 6.587301587301588 
640375.0 21129.785792477218 0.08928616272208481 0.7102274192863733 584.0 128.0 0.0 
1264033.4436608392 23623.889044190175 0.3323902992184897 0.5072802623349446 1066.0 145.0 0.0 
4511672.217368574 15529.507312482978 0.1978909487466888 0.0 4850.0 351.0 8.383811559688958 
3762507.277929731 17276.91926375894 0.4760957285769235 0.13593123513431576 4115.0 172.0 1.3480392156862746 
3591716.653282735 17422.388504156894 0.3216629572508528 0.16033772508522673 4434.0 262.0 8.249591030236191 
1328390.0 14408.623945320218 0.09872647590262251 0.5780075805863223 1189.0 146.0 7.516203703703704 
911835.0 18150.10426034701 0.1071434834213345 0.651015028136024 847.0 139.0 2.108695652173913 
2170223.0160067403 15252.377006078848 0.3489912786983898 0.3580503845734981 2023.0 157.0 5.383399209486166 
3204215.6366074653 19799.41054304321 0.5000292260930559 0.1691606266074351 3713.0 210.0 3.60429843980603 
1563029.9999999998 17613.605844513913 0.27925531914893614 0.5030979658639233 1488.0 140.0 2.595238095238095 
1980149.157382873 23660.415297592328 0.17129505954095012 0.36293163940842293 1964.0 224.0 6.329013734155442 
1346614.1306101654 22225.081565815155 0.1288586747065206 0.5526100800949589 1292.0 133.0 2.0 
2172962.915475025 27917.30891434479 0.4814150688468207 0.2744053983236845 2005.0 220.0 2.242583360575351 
3880081.433837205 17166.050197969234 0.2605226979890658 0.26674811052203956 4036.0 207.0 3.117987052666884 
2915180.0 17256.068868070462 0.4043164467644448 0.3074891679040496 2538.0 139.0 2.132075471698113 
3888950.7271344033 33919.82574162683 0.03588985205665219 0.0 3935.0 739.0 10.202548515534241 
709095.0 21781.877010229553 0.11605681552490063 0.7020399812953004 607.0 132.0 0.0 
1195810.0 21197.250590425636 0.23439326630815993 0.5448912789338322 1120.0 133.0 0.0 
4826142.085051279 15528.173515995899 0.2240764554594342 0.0 5041.0 332.0 9.369159716617343 
3784405.0 17904.88501777055 0.481005747898523 0.19791977252273296 3996.0 137.0 1.06 
4604737.722393809 21766.14783241517 0.29112111292962356 0.0 5123.0 323.0 9.20884644456073 
1328390.0 14408.62394533687 0.09872631941631017 0.5780078209284684 1189.0 146.0 7.516203703703704 
911835.0 18150.10426034701 0.10714348341994051 0.6510150281448921 847.0 139.0 2.108695652173913 
2138996.2584182164 15860.660352568633 0.3422375496843582 0.37660743511807343 2086.0 172.0 6.483522727272727 
2993397.7983945464 20817.874737753165 0.4605155482815057 0.2975800794949731 3065.0 164.0 2.6147186147186146 
1793945.6296454337 18779.219808111648 0.3017022494354369 0.4433914355878366 1660.0 164.0 1.3046594982078854 
1983872.534312604 22775.993399038383 0.17015531502840506 0.35825557009375386 1991.0 234.0 6.471042719662688 
1346614.1306101654 22225.081565815155 0.1288586747065206 0.5526100800949589 1292.0 133.0 2.0 
2868333.6142222974 25155.139563976878 0.4310868154681974 0.20514091232325424 2714.0 207.0 2.9999572795625427 
4924689.577161544 19867.093263574403 0.28594872073581606 3.8053251586678285E-6 4672.0 334.0 5.22256590931444 
3134780.0 16807.03884723054 0.4581216840803204 0.2515504257950948 2801.0 140.0 2.132075471698113 
