3840020.6765019502 35712.96287624836 0.031798148974495774 0.0 3675.0 718.0 9.933085902101089 
816454.9999999999 22615.44249078347 0.10933556937920556 0.6742791382991871 718.0 153.0 5.0 
628410.0 22091.598604672236 0.08838022592883762 0.7154881717279582 561.0 136.0 0.0 
1069474.471635532 25664.38661253193 0.33770750526069676 0.5264788403086276 932.0 145.0 0.0 
4700835.528148702 14338.082993637328 0.1768179046717265 0.0 4929.0 345.0 8.058022783423787 
4535280.533085564 17617.67057213893 0.5012868743558733 3.2036481571431645E-6 4459.0 230.0 8.825710108604845 
3701613.3295586123 17494.516661366433 0.4124990310450425 0.11211249460554638 3854.0 215.0 1.6478342749529191 
3745271.4322038 28900.647469746404 0.05228578609745581 0.0 4021.0 626.0 9.902597706238948 
2914899.586317764 17387.73097850295 0.15010619076298803 0.25131664318823466 3251.0 284.0 6.899276345545003 
1454998.4915640228 15502.199863317153 0.17275646242280418 0.5275633028001208 1326.0 166.0 7.2444444444444445 
1213970.0 17759.58597994048 0.12327566050970307 0.629646948795885 1070.0 154.0 2.1090909090909093 
2416830.951555226 16282.104506866377 0.4658958726670135 0.27677271903623474 2255.0 189.0 7.442731900452489 
2749871.306214428 19453.1864350363 0.45393967734393265 0.21422726209960252 3107.0 131.0 1.0784313725490196 
1560986.4892951176 18656.93175352177 0.33727130532086247 0.47670922352798994 1436.0 131.0 1.1515151515151516 
2361770.0 20155.75648040298 0.5960404016604084 0.2354175493033325 2272.0 149.0 1.129032258064516 
2145109.8607667387 27610.6246228098 0.1792450667912141 0.35182583474709433 2164.0 324.0 6.820863670071123 
1387352.5 26403.963415224116 0.19812482411734106 0.5403352732234162 1110.0 198.0 1.4001014198782962 
2214848.514438185 28883.27776302799 0.4622106616787468 0.26484685527238716 2001.0 230.0 1.960786684579788 
3076195.3861668757 18552.167889906552 0.29047903763942584 0.2602013754772223 3160.0 241.0 6.338005033094319 
3495104.687275286 19170.401659928837 0.2266791389921399 0.14849865843774948 3568.0 245.0 3.3481426069186977 
2698022.806358621 19978.642617334765 0.22361015389639238 0.32935076776269956 2522.0 219.0 2.7575757575757573 
2846436.1489334516 18286.837451458865 0.4201566588077414 0.2702258357069188 2407.0 156.0 2.3386792452830187 
4037865.5046600243 30167.57076240138 0.2587984292222677 0.0072773397085556975 3649.0 397.0 5.626479823925644 
3860695.514523907 36422.68553834725 0.028378729399526657 0.0 3685.0 742.0 9.892748611733385 
790195.0 23011.486420563466 0.11605681552490063 0.6791851765256021 716.0 157.0 5.145833333333333 
633720.0 21644.99988628191 0.08905190554126724 0.7164192190787936 558.0 130.0 0.0 
1069474.4708505666 25664.386602109025 0.33770947923489164 0.5264819176925433 932.0 145.0 0.0 
4443486.689732719 16314.972866643955 0.14408463876548983 0.0 4769.0 382.0 8.070274279239413 
4775075.836044445 18018.421965954505 0.5551496375964461 0.019756838905775075 4429.0 236.0 9.137841832963783 
3603989.4276446607 17874.372617003526 0.40083827740841155 0.11211194828439681 3860.0 227.0 1.6478342749529191 
3771159.773723464 29103.945329794442 0.052285786098819835 0.0 4064.0 619.0 9.832932368839622 
2889145.9495856077 17436.558298302414 0.1591077279997122 0.2547068699827168 3187.0 279.0 6.822912709181366 
1384080.0 15618.442384200951 0.15846489147316253 0.5480800067996813 1231.0 155.0 6.288888888888889 
1358140.0 18544.98487944055 0.11909632920271218 0.6046878653261631 1237.0 136.0 1.037037037037037 
2416830.951555226 16282.104506866377 0.4658958726670135 0.27677271903623474 2255.0 189.0 7.442731900452489 
2749860.7632397786 19453.26637060903 0.45394233073609264 0.21422851431210144 3107.0 131.0 1.0784313725490196 
1560986.0072788587 18656.954516578615 0.3372691138648585 0.4767068038344634 1436.0 131.0 1.1515151515151516 
2330990.0 19625.426515038977 0.57420505026888 0.26443768996960487 2269.0 142.0 1.129032258064516 
2153251.1341632036 25645.082627421518 0.20306405622411938 0.35612199355150237 2082.0 292.0 6.85902890213235 
1381820.0 25930.409038935108 0.19710192965176596 0.5439299762407834 1115.0 195.0 1.4001014198782962 
2205330.6086082095 28159.817823387766 0.45680383446340894 0.261222819733458 2018.0 235.0 2.695904578706067 
3374506.852630135 20002.52072139846 0.3234176557989844 0.25920772094240685 3226.0 233.0 6.466872860255213 
2820696.9416417754 18610.10832287436 0.14768072382810654 0.2657838322434702 3096.0 261.0 3.265105922945383 
2584387.340927571 19773.10950113344 0.19771451952303015 0.4072948328267477 2465.0 189.0 3.6484848484848484 
3206236.7489525047 18395.00824151677 0.42217325922859716 0.2044671263311882 2849.0 184.0 1.987974987974988 
4069030.338009342 29848.622670849174 0.3279481269676423 0.007277339708307055 3717.0 380.0 4.758390001811055 
3897075.9288260806 35827.51016648978 0.027326582874574977 0.0 3755.0 747.0 9.898786567960654 
822019.9999999999 22446.184288315504 0.10746498325677684 0.6782831089498381 712.0 150.0 5.0 
633720.0 21644.99988628191 0.08905190554126724 0.7164192190787936 558.0 130.0 0.0 
1069474.4707789628 25664.38660115825 0.33770947924643 0.5264819177105314 932.0 145.0 0.0 
4466548.041609799 16115.378922880112 0.1885970808835357 0.0 4842.0 359.0 8.179057658084488 
4192625.0 16921.04760653301 0.38856344713480695 0.1634912005257489 3981.0 161.0 2.170588235294118 
3814804.542506941 28903.002349268045 0.0666358900390247 0.0 4110.0 628.0 9.75834657540275 
2875643.7982932623 17988.780014776225 0.15934153674415924 0.25131664318823466 3158.0 279.0 6.741104594330402 
1384080.0 15618.442384200951 0.15846489147316253 0.5480800067996813 1231.0 155.0 6.288888888888889 
1207500.0 18165.827355654106 0.14399780218495548 0.5986123369905132 1014.0 153.0 2.177777777777778 
2416830.951555226 16282.104506866377 0.4658958726670135 0.27677271903623474 2255.0 189.0 7.442731900452489 
2749861.2821234968 19453.262759063255 0.45394233073609264 0.21422851431210138 3107.0 131.0 1.0784313725490196 
1560986.1348262602 18656.948493195174 0.3372711910336503 0.47670940478170004 1436.0 131.0 1.1515151515151516 
2168407.555533318 27044.507371269498 0.1987388223440851 0.3506567910252256 2049.0 332.0 6.895013750617198 
1391803.2804022357 25049.515560857686 0.18631747381012362 0.5467942227053687 1109.0 195.0 2.022221235546499 
2182887.6504480867 27738.72697590667 0.4620672013317422 0.26882313083247444 2037.0 233.0 2.4198414261723267 
2965571.66746078 22044.166813836677 0.3143857613795623 0.27586906234028835 3011.0 214.0 6.151017001458871 
2826325.273773418 18955.752511822782 0.14768031143747853 0.26578364381477815 3091.0 276.0 3.0032011610406206 
2509348.7694755686 19059.58405993698 0.2367898059387421 0.3963935001169044 2464.0 141.0 3.2284313725490192 
2963003.0352653796 18066.977028745907 0.43041512834147067 0.2702260359237532 2532.0 150.0 2.132075471698113 
4095917.920374942 29859.120888657206 0.3193554357500992 0.007277339708555695 3740.0 386.0 4.94427516927517 
3897130.2059005965 35827.41149803279 0.02732655673709887 0.0 3756.0 747.0 9.898786567960654 
822019.9999999999 22446.184288315504 0.10746498325677684 0.6782831089498381 712.0 150.0 5.0 
633720.0 21644.99988628191 0.08905190554126724 0.7164192190787936 558.0 130.0 0.0 
1069474.4707849487 25664.38660123773 0.33770947924642997 0.5264819177105313 932.0 145.0 0.0 
4820763.281391253 12943.207261205149 0.25605030095153275 0.009469254150105215 5256.0 291.0 8.402409339294586 
4192625.0 16921.04760653301 0.38856344713480695 0.1634912005257489 3981.0 161.0 2.170588235294118 
3803528.0774046453 28985.660552230496 0.05228578609745581 0.0 4104.0 622.0 9.794043479950734 
2940693.4091653842 17300.363497173214 0.1537593529704861 0.25131664318823466 3241.0 279.0 6.975033921302578 
1384080.0 15618.43191597419 0.15846481373828913 0.548079950919297 1232.0 155.0 6.288888888888889 
1207500.0 18165.827355654106 0.14399780218495548 0.5986123369905132 1014.0 153.0 2.177777777777778 
2416830.951555226 16282.104506866377 0.4658958726670135 0.27677271903623474 2255.0 189.0 7.442731900452489 
2749861.2821234968 19453.262759063255 0.45394233073609264 0.21422851431210138 3107.0 131.0 1.0784313725490196 
1560985.7901816012 18656.964768924096 0.3372716486949976 0.47670851132561703 1436.0 131.0 1.1515151515151516 
2095109.5909168296 26665.421931647335 0.20566506456082997 0.35182576470560406 2197.0 303.0 6.142547422789358 
1344700.71961598 27215.092564153045 0.20937688275619387 0.5270665415593654 1099.0 202.0 2.208924949290061 
2229455.2399171153 28185.983941498416 0.45858929625809247 0.2612243466379456 2021.0 229.0 2.695904578706067 
3628517.0972506753 17085.398261027294 0.31564419821756423 0.27522242342424597 3608.0 223.0 7.293691389599317 
3701473.704475484 20533.98031951162 0.2211263198607286 0.13654522601662597 3818.0 250.0 3.4232157916930213 
2677174.787507902 20264.769191258667 0.22512991073529814 0.32935076776269956 2567.0 194.0 2.672727272727273 
3071658.377851291 19687.55225797048 0.43287000928704933 0.2416719427913238 2603.0 161.0 1.2832080200501252 
4093092.0175746847 29720.581339186494 0.2889889833489921 0.0072773397085556975 3747.0 393.0 5.6030502288021085 
822019.9999999999 22446.184288315504 0.10746498325677684 0.6782831089498381 712.0 150.0 5.0 
636340.0 22440.52427548544 0.08887654898293196 0.714607201309329 572.0 141.0 0.0 
1069474.4707849487 25664.38660123773 0.33770947924642997 0.5264819177105313 932.0 145.0 0.0 
4823784.447085194 13082.012719492053 0.2560512979325517 0.009469309499965807 5256.0 297.0 7.856954793840041 
4192625.0 16921.047606646298 0.38856090717792846 0.16349076455459435 3981.0 161.0 2.170588235294118 
4228801.028658724 29917.69637079902 0.07958265139116202 0.0 4233.0 666.0 9.6998547039313 
2919689.8758342196 17063.951284019415 0.17579584848815158 0.2567526964966284 3188.0 270.0 6.825626806678072 
1384080.0 15618.442119851836 0.1584648028104614 0.5480801267240526 1232.0 155.0 6.288888888888889 
1207500.0 18165.827355654106 0.14399780218495548 0.5986123369905132 1014.0 153.0 2.177777777777778 
2416830.951555226 16282.104506866377 0.4658958726670135 0.27677271903623474 2255.0 189.0 7.442731900452489 
2749861.2821234968 19453.262759063255 0.45394233073609264 0.21422851431210138 3107.0 131.0 1.0784313725490196 
1560985.937658574 18656.957804373305 0.33727108528936944 0.4767095903040889 1436.0 131.0 1.1515151515151516 
2240265.486906341 26976.009438642934 0.20662991598457395 0.3576710533582704 2070.0 297.0 6.954768371041956 
1396229.107587256 25404.12115038375 0.20005382091276916 0.5396045312101376 1116.0 193.0 1.4001014198782962 
2237276.909208926 27876.704614956954 0.4547899145972426 0.27744482829288425 2047.0 226.0 2.0787454569928654 
3050642.1301787454 22700.49926022021 0.3427051671732523 0.23968318915127426 3206.0 274.0 6.534701857282502 
3543427.842356978 17714.76181556734 0.26709877529382037 0.15048553017831795 3368.0 225.0 3.291113219481341 
3227590.3292744313 18134.454069079915 0.4011888284071315 0.23597273967488344 2876.0 170.0 1.525012025012025 
3725044.001903311 27088.945089927714 0.3692132335749357 0.11669978957213 3540.0 350.0 6.097459232496827 
4065623.4430524297 30367.333877987898 0.04495124385333892 4.253764150430031E-8 4337.0 680.0 9.216595263643 
1384080.0 15618.442119851836 0.1584648028104614 0.5480801267240526 1232.0 155.0 6.288888888888889 
3653033.6786905723 19423.838455953835 0.39648169892392765 0.1360516508020755 3785.0 240.0 4.110707875226124 
1560985.9094703728 18656.959135551697 0.33727108528808325 0.4767095903062328 1436.0 131.0 1.1515151515151516 
2629133.0033059386 20903.037426668718 0.4391537419526492 0.3089794509418186 2258.0 157.0 1.0892857142857142 
