1720090.0 14924.37849654946 0.3343172784662146 0.41609188683656767 1668.0 153.0 5.850490196078431 
3692268.115970182 34701.89215670368 0.05848175028510778 0.0 3783.0 704.0 9.435054786947662 
799325.7039592606 24207.32867005684 0.14604364065769557 0.6260557987830184 765.0 162.0 6.304347826086957 
804985.0 20631.51244841501 0.09413724573299041 0.6744797755436053 730.0 114.0 0.0 
1177325.0 23414.451788365088 0.32584171148000934 0.5177402384849193 1014.0 118.0 0.0 
4386333.072423871 15502.178319658515 0.2027138017928329 1.780929951760564E-22 4683.0 324.0 8.80322056899766 
3846484.8025934566 13955.511252539512 0.4446777152714176 0.1267251586378856 4566.0 171.0 1.3472222222222223 
2520037.5763489692 21381.993715063938 0.11187813817001127 0.3053852313843312 2805.0 451.0 8.500732463365058 
3102810.828690518 17991.312339309574 0.2803659106850596 0.22571311667056349 3870.0 199.0 7.382044946914298 
1556115.0 15602.666210856383 0.10319793779481992 0.5080109189321891 1463.0 196.0 5.9897186147186146 
1307130.0 17645.69717948951 0.0975859247135843 0.5769230769230769 1170.0 139.0 2.202020202020202 
2011075.0000000002 14728.642592549977 0.385523347657695 0.36126616841177717 1947.0 157.0 5.850490196078431 
2876180.5324199414 17129.346349571657 0.3703259953849453 0.25838942159963685 3383.0 154.0 2.084745762711864 
1419450.0 17957.55234836086 0.3256096399353535 0.49027054359275757 1404.0 137.0 2.4166666666666665 
2108091.777190358 28921.92573138153 0.19929373544306386 0.3439931259827331 1933.0 311.0 7.505992527231195 
3794219.7260226267 31435.434072146767 0.12152277279466875 0.0 3935.0 586.0 7.267617229656398 
1607136.1403387059 24582.74355730704 0.1575295715909552 0.5152005685740381 1624.0 181.0 1.2261471405307023 
1855677.0729645789 26693.601948505715 0.4332501359019054 0.3173095470513622 1786.0 203.0 2.056870593188597 
2688933.2764187693 16125.116346215504 0.21259164878301967 0.2772695655334041 2942.0 254.0 6.666666918807053 
4463432.279486754 30621.175395725655 0.1437046995557634 0.0 4555.0 631.0 8.341056835278591 
3599911.5658916077 13910.896687918728 0.22609450608928078 0.1446700523795739 3918.0 247.0 3.456445246764373 
2625634.5068219663 19669.71460772171 0.21256137479541734 0.3427051671732523 2702.0 205.0 3.1500251382604327 
2924934.156049733 20284.46829031957 0.36120718869366075 0.22115687245872392 2589.0 200.0 1.9880090497737557 
4066104.75948375 31176.768660247326 0.2119196394648086 0.0 3866.0 469.0 6.660823412078764 
3663666.784332087 35873.95015936839 0.057838776237878406 0.0 3732.0 721.0 9.660296553364109 
791611.8297449284 24128.466725658185 0.14604371855749934 0.6260557987830184 769.0 160.0 6.213438735177865 
817560.0 20479.167009200133 0.09828735094692541 0.6641045125087678 729.0 115.0 0.0 
1177325.0 23414.451788365088 0.32584171148000934 0.5177402384849193 1014.0 118.0 0.0 
4389618.960755327 14270.430017365656 0.20458400131847182 1.0409924899231727E-27 4897.0 331.0 9.496342055054635 
3849362.1786122574 13960.849211096836 0.44821396234343747 0.1267250802265527 4541.0 169.0 1.3472222222222223 
2514173.641262756 21955.54449883294 0.10971539464194771 0.30538523138433116 2803.0 466.0 8.435976583882866 
1595590.0 15207.109955016367 0.1211421557166238 0.5080079494973112 1502.0 153.0 6.618073316283035 
1242320.0 17313.26797606718 0.12809870984121613 0.586249474449657 1122.0 132.0 2.2073089700996675 
2307820.0 15392.713071046774 0.34086392331073184 0.32908580780921204 2146.0 158.0 6.098065677013046 
2874010.5324199437 17153.581930123302 0.37345318170443875 0.2588570165385878 3371.0 150.0 2.084745762711864 
1387995.0 18346.011419286646 0.31049992680835103 0.5004703520111734 1384.0 128.0 2.121212121212121 
2251622.9793408657 28574.85594588895 0.16948310429694016 0.3439931259827331 2015.0 319.0 8.597979035651274 
3656832.089812977 35161.842090965525 0.0675418428907765 0.0 3793.0 713.0 9.452367416197069 
1586830.985608006 23970.667926430087 0.15107039284989984 0.5103793592901306 1672.0 189.0 2.320486993532924 
1855677.0729645789 26693.601948505715 0.4332501359019054 0.3173095470513622 1786.0 203.0 2.056870593188597 
2679194.145588927 21253.195515058986 0.182254570248571 0.3066127272926782 2777.0 293.0 7.002452010648732 
3638646.4474950605 17067.762252975346 0.24111683186621563 0.1541393157547098 3840.0 229.0 2.6909803017043514 
3208959.971874248 18486.226018395086 0.3779810614916998 0.24558685994856208 2810.0 176.0 2.6459016393442623 
4091755.031319095 30850.25090081609 0.2119196394575681 0.0 3939.0 464.0 6.637675263930616 
3663600.192970846 35870.33418909767 0.057838776237900374 0.0 3733.0 721.0 9.660296553364109 
806441.4577795215 23856.973310618465 0.1460436406572402 0.6260557987830184 748.0 156.0 6.354852876592007 
469515.0 23018.85180673455 0.10708440495674539 0.7284895955108721 379.0 115.0 0.0 
1177325.0 23414.451788365088 0.32584171148000934 0.5177402384849193 1014.0 118.0 0.0 
4435895.356387825 15689.114875653186 0.20961020941189604 5.212491036086252E-12 4836.0 335.0 7.951044473550417 
3843014.799222291 13889.197566477058 0.4502305627642932 0.1267250802265527 4509.0 165.0 1.4107142857142856 
2528752.816635927 21731.42607742282 0.10971539464194771 0.30538523138433116 2847.0 466.0 8.484853329480922 
1633350.0 15049.762139654975 0.10319793779481994 0.5080109189321892 1516.0 174.0 5.70934620934621 
1242320.0 17313.26797606718 0.12809870984121613 0.586249474449657 1122.0 132.0 2.2073089700996675 
2256785.0 16553.722571432965 0.33770949768484515 0.32908773138770053 2089.0 164.0 5.5526111315585 
2871560.532114513 16942.00590498547 0.3712882861819032 0.2622457329904138 3358.0 146.0 2.084745762711864 
1387995.0 18346.011419286646 0.31049992680835103 0.5004703520111734 1384.0 128.0 2.121212121212121 
2247588.225354992 28891.681231633203 0.172259599366098 0.3439931259827331 2015.0 326.0 8.209090146762387 
1594093.8894988564 23886.1124362686 0.151976566931015 0.5116349683086644 1688.0 184.0 0.6686605095146594 
1855677.0729645789 26693.601948505715 0.4332501359019054 0.3173095470513622 1786.0 203.0 2.056870593188597 
2947309.7823450807 15372.431399169342 0.1878952062083559 0.31242871981079834 3175.0 346.0 8.255388418503173 
3638648.888328895 17112.3407309443 0.24111667709160547 0.1541393157547098 3840.0 235.0 2.6909803017043514 
3208960.4417860894 18486.215894287026 0.3779837577603231 0.2455876756840651 2810.0 176.0 2.6459016393442623 
4184203.958920985 28806.769840706478 0.26952426887794867 7.891045125087678E-4 3877.0 440.0 6.516668195120807 
3663600.192970846 35870.33418909767 0.057838776237900374 0.0 3733.0 721.0 9.660296553364109 
806441.4577795215 23856.973310618465 0.1460436406572402 0.6260557987830184 748.0 156.0 6.354852876592007 
817930.0 21266.202646382808 0.10696805083730261 0.6583509146584963 730.0 119.0 0.0 
1214930.0 23350.86143461696 0.32540332008417117 0.5112812719195698 1042.0 118.0 0.0 
4412015.702503687 11807.571756307932 0.2767724511664961 1.0409924899231727E-27 4805.0 273.0 8.342723079704388 
4396390.410275668 12936.069339453243 0.49924294512312534 0.08615918311422265 5076.0 193.0 1.3422222222222224 
2556317.601241751 21454.3678102171 0.10971539464194771 0.30538523138433116 2863.0 463.0 8.460640254420388 
1633350.0 15049.762139654975 0.10319793779481994 0.5080109189321892 1516.0 174.0 5.70934620934621 
1242320.0 17313.26797606718 0.12809870984121613 0.586249474449657 1122.0 132.0 2.2073089700996675 
2301030.0 15580.039407043882 0.3615287635253876 0.32908773138770053 2124.0 157.0 5.896252021252021 
2871560.7145416583 16942.00413984619 0.37129041152734504 0.26224712528671207 3358.0 146.0 2.084745762711864 
1387995.0 18346.011419286646 0.31049982756562317 0.50047054284751 1384.0 128.0 2.121212121212121 
1977831.137391062 27450.439956706734 0.21720832359130232 0.3441664718260463 1894.0 310.0 7.164717929935321 
1595813.8894996506 23147.088045976576 0.1510705580453171 0.5103782463137672 1689.0 186.0 2.0019938428479924 
1855677.0729645789 26693.601948505715 0.4332501359019054 0.3173095470513622 1786.0 203.0 2.056870593188597 
3044483.6111524366 15304.929621698047 0.20601582823945647 0.31242876098152805 3237.0 328.0 8.120629386685318 
3614706.8369397353 13819.505604383434 0.23334244852996314 0.14917082458529565 3884.0 225.0 3.5229607418512967 
3208959.9715296403 18486.22602577866 0.3779832303991514 0.24558829546583735 2810.0 176.0 2.6459016393442623 
3663641.64557426 35872.99046766834 0.057838776237878406 0.0 3733.0 721.0 9.660296553364109 
806441.4577795215 23856.973310618465 0.1460436406572402 0.6260557987830184 748.0 156.0 6.354852876592007 
817930.0 21266.202635919926 0.10696812583616341 0.6583508203817785 730.0 119.0 0.0 
1214930.0 23350.86143461696 0.32540332008417117 0.5112812719195698 1042.0 118.0 0.0 
4399997.553535252 14026.050894166114 0.24062004192454503 6.0848286761934345E-33 4816.0 325.0 8.385253801670594 
4119016.6145698447 14028.011373917338 0.47872622779789736 0.11176124063117378 4786.0 174.0 1.3422222222222224 
2528926.7741062283 21919.750627654976 0.1097153444136192 0.3053852313738973 2847.0 473.0 8.484853329480922 
1667989.9999999998 15409.493938990883 0.10918868365676876 0.5178571428571429 1506.0 150.0 6.261295822676897 
1242320.0 17313.26797606718 0.12809870984121613 0.586249474449657 1122.0 132.0 2.2073089700996675 
2547305.092834692 15502.20041657616 0.3958966565349544 0.25245499181669395 2651.0 181.0 6.9503060753060755 
2871560.5598476264 16942.005636643786 0.3712905606638603 0.2622471252875339 3358.0 146.0 2.084745762711864 
1387995.0 18346.011419286646 0.31049982756562317 0.50047054284751 1384.0 128.0 2.121212121212121 
2224673.0897998726 29183.832995090284 0.18766173417769771 0.3439931259827331 2009.0 324.0 8.292902086838964 
1476770.0 21540.430927764348 0.1703881225157821 0.509030862754267 1412.0 149.0 2.0 
1855677.0654429838 26693.59178928892 0.4332501359021271 0.3173095470513623 1786.0 203.0 2.056870593188597 
2674030.138637194 21487.73510775054 0.18225498161427547 0.30661273446766013 2777.0 303.0 7.4191186773153985 
3649474.359324863 16757.81149322964 0.256372697666775 0.1541393157547098 3828.0 210.0 2.318693594379281 
3364846.8846602757 20120.717950642284 0.4661561842412906 0.1647182604629413 3143.0 178.0 1.5748556998557 
806440.399112174 23856.96406566332 0.14604364065769557 0.6260557987830184 748.0 156.0 6.354852876592007 
2871560.5324199437 16942.00590203017 0.37129045081830364 0.2622472433330699 3358.0 146.0 2.084745762711864 
1387995.0 18346.011419286646 0.31049982756562317 0.50047054284751 1384.0 128.0 2.121212121212121 
2734535.0 19617.47964886083 0.35582979429032435 0.3386440329487518 2463.0 132.0 1.0833333333333333 
4445630.264311021 13505.138201480786 0.2552619219675556 3.046814961471973E-17 4969.0 304.0 7.86775748801093 
2376872.528259511 25203.694838194497 0.2388940846387655 0.32283142389525366 2454.0 265.0 6.325687185443282 
1526743.1345804003 19897.53695285806 0.1742473761788467 0.49345425613348 1521.0 135.0 1.5883472405211534 
1104415.0 22033.177324167933 0.29740472293663783 0.5307166238017302 1082.0 132.0 0.0 
1252024.4869724405 18128.020476414404 0.16393014816312665 0.5625179598382616 1201.0 142.0 2.3891402714932126 
3663584.4603349194 35862.13875420442 0.05783877999620228 0.0 3736.0 721.0 9.660296553364109 
4912406.407718514 19436.908086619555 0.48898275887375797 0.03378833896927025 5800.0 223.0 1.812990511483164 
817930.0 21266.20263574124 0.10696812583660181 0.6583508203812275 730.0 119.0 0.0 
2625744.9538301346 20142.10065432814 0.4035246668225392 0.2433072246902034 2778.0 187.0 6.839557785209959 
