[2, 21, 5, 6, 13, 0, 12, 8][24, 14, 3, 11, 25, 28, 16, 27][17, 22, 0, 13, 6, 10, 29][20, 7, 28, 0, 26][7, 4, 23][0, 18, 19][1, 9, 14][15, 21][11, 25][6, 13][15, 21][6, 13] 
[11, 17, 0, 12, 22, 25, 28, 16, 10, 2, 29, 15, 6, 5, 21][20, 4, 23, 9, 3, 14, 24, 7, 25, 22, 18, 13, 6, 2, 21][1, 9, 3, 4, 7, 27, 2, 21, 5, 15, 10, 6, 13, 0, 19][0, 18, 17, 11, 14, 20, 4, 1, 9, 23, 24, 7, 10, 15, 5][0, 18, 22, 25, 11, 14, 20, 24, 7, 16, 27, 2, 21, 10, 6][11, 17, 12, 8, 26, 0, 13, 6, 10, 7, 14, 1, 3, 4, 23][2, 7, 25, 22, 19, 18, 12, 8, 26, 0, 17, 11, 3, 1, 9][9, 1, 3, 11, 17, 18, 22, 19, 12, 0, 13, 6, 21, 15, 10][2, 15, 6, 5, 21, 10, 29, 27, 16, 7, 20, 14, 11, 17, 12][1, 3, 9, 23, 4, 14, 20, 7, 28, 0, 26, 8, 12, 19, 17][8, 26, 0, 28, 16, 6, 13, 18, 22, 25, 7, 20][23, 3, 14, 24, 4, 7, 27, 29, 2, 16, 28] 
[16, 27, 15, 21, 5, 6, 10, 2, 29][9, 1, 4, 7, 28, 0, 26][8, 12, 17, 11, 14, 24][3, 23, 20][6, 13][13, 18][18, 22][22, 25][11, 25][14, 23][17, 19][7, 20] 
[21, 10, 7, 14, 9, 1, 23][6, 16, 28, 25, 22, 18][14, 11, 25, 7, 2, 29][14, 24, 3, 11, 17][7, 27, 16][5, 6, 15][8, 19, 18][0, 13, 18][0, 26, 8][7, 20][0, 12][4, 23] 
[3, 14, 23, 24, 4, 7, 25, 22, 18, 0, 13, 6, 2, 15, 21][8, 26, 0, 17, 28, 16, 6, 13, 18, 19, 12, 22, 25, 11, 14][2, 29, 15, 6, 13, 0, 12, 19, 22, 18, 17, 11, 3, 1, 9][5, 21, 10, 29, 27, 16, 7, 20, 14, 11, 17, 12][20, 14, 7, 25, 11, 3, 23, 9, 1, 4, 24][19, 0, 13, 6, 10, 15, 5, 21][11, 17][16, 28][0, 18][11, 17][1, 9][17, 19] 
[0, 19, 22, 17, 11, 14, 20, 23, 9, 1, 24][2, 15, 5, 21, 10, 27, 7, 14, 11, 17, 12][20, 4, 23, 24, 7, 25, 22, 18, 13, 6, 21][3, 14, 7, 28, 0, 26, 8, 19, 17][14, 3, 24, 7, 16, 27, 29][8, 26][11, 17][0, 26][17, 19][12, 17][8, 26][1, 9] 
[9, 3, 24, 7, 10, 6, 13, 18, 0, 26, 8, 12, 17, 11][1, 23, 20, 14, 7, 27, 16, 10, 29, 2, 15, 6, 21][4, 7, 28][8, 12][18, 22][11, 25][15, 16][20, 24][5, 6][17, 19][0, 18][7, 20] 
[11, 17, 0, 12, 22, 25, 28, 16, 10, 2, 29, 15, 6, 5, 21][23, 9, 1, 3, 11, 14, 20, 24, 4, 7, 27, 29, 2, 16, 28][20, 4, 23, 9, 3, 14, 24, 7, 25, 22, 18, 13, 6, 2, 21][1, 9, 3, 4, 7, 27, 2, 21, 5, 15, 10, 6, 13, 0, 19][11, 17, 12, 8, 26, 0, 13, 6, 10, 7, 14, 1, 3, 4, 23][9, 1, 3, 11, 17, 18, 22, 19, 12, 0, 13, 6, 21, 15, 10][2, 15, 6, 5, 21, 10, 29, 27, 16, 7, 20, 14, 11, 17, 12][5, 15, 10, 7, 24, 23, 9, 1, 4, 20, 14][9, 1, 3, 11, 17, 0, 26, 8, 12, 18, 19][9, 23, 20, 7, 28, 0, 26, 8, 12, 19, 17][0, 22, 25, 11, 14, 7, 10][8, 26] 
[4, 7, 25, 22, 19, 12, 18, 13, 6, 16, 28, 17, 0, 26, 8][12, 19, 17, 22, 25, 11, 3, 4, 14, 24, 1, 9, 23, 20][1, 24, 14, 23, 9, 3, 11, 17, 19, 12, 22, 0, 26][15, 5, 21, 2, 27][17, 19, 12, 8, 26][8, 12, 17][10, 2, 16][1, 9][2, 29][1, 9][18, 22][17, 19] 
[11, 17, 0, 12, 22, 25, 28, 16, 10, 2, 15, 21, 5, 6, 13][3, 9, 23, 1, 14, 20, 24, 4, 7, 28, 0, 26, 8, 19, 17][20, 7, 14, 11, 25, 0, 22, 17, 28, 16, 2, 29, 27, 10, 21][12, 17, 11, 14, 7, 27, 29, 10, 21, 5, 6, 15, 2, 16, 28][18, 19, 8, 12, 0, 17, 11, 3, 23, 14, 24, 20, 4, 7, 28][2, 7, 25, 22, 19, 18, 12, 8, 26, 0, 17, 11, 3, 1, 9][14, 3, 24, 1, 9, 23, 20, 7, 25, 22, 19, 8, 12, 0, 26][9, 3, 24, 7, 10, 6, 13, 18, 0, 26, 8, 12, 17, 11][10, 29, 15, 27, 7, 14, 20, 23, 9, 3, 1, 4, 24][2, 15, 6, 5, 21, 10, 29, 27, 7, 14, 11, 17, 12][2, 15, 6, 5, 21, 10, 29, 27, 7, 14, 11, 17, 12][18, 22] 
[1, 9, 23, 14, 20, 24, 3, 11, 17, 12, 22, 0, 26, 8][1, 9, 23, 14, 24, 3, 11, 17, 19, 0, 26, 8][2, 27, 29, 15, 5, 21, 6, 13, 18][4, 7, 10, 16, 28][5, 21, 6, 13][16, 28][7, 20][11, 25][14, 23][13, 18][11, 25][6, 10] 
[20, 4, 23, 9, 3, 14, 24, 7, 25, 22, 18, 13, 6, 2, 21][10, 2, 6, 16, 27, 15, 29][12, 8, 26, 0, 28][0, 18][8, 26][11, 17][0, 26][17, 19][12, 17][8, 26][5, 21][1, 9] 
[10, 2, 16, 27, 29, 15, 5, 21, 6, 13, 18][3, 11, 17, 19, 12, 22, 0, 26, 8][9, 23, 14, 7, 28][18, 19][11, 25][3, 24][14, 24][4, 24][1, 24][4, 20][17, 19][17, 19] 
[2, 21, 5, 6, 13, 0, 12, 8][11, 17, 22, 0, 13, 6, 10, 29][24, 14, 3, 11, 25, 28, 16, 27][20, 7, 28, 0, 26][7, 4, 23][0, 18, 19][1, 9, 14][15, 21][11, 25][6, 13][15, 21][6, 13] 
[1, 23, 20, 24, 3, 11, 17, 0, 26, 8][3, 23, 14, 7, 28, 0, 26, 8, 12, 17][10, 16, 27, 29, 15, 21, 6, 13, 18][2, 21, 5, 6, 13, 0, 12, 8][10, 15, 6, 13, 18][7, 4, 23][1, 9, 14][12, 22][10, 16][15, 21][11, 25][0, 19] 
[1, 9, 14, 11, 17, 22, 0, 26, 8][24, 3, 11, 25, 28, 16, 27][12, 0, 13, 6, 5, 21][7, 4, 23][0, 18, 19][6, 10, 29][7, 20][15, 21][2, 21][6, 13][7, 10][6, 13] 
[3, 9, 23, 4, 14, 20, 7, 28, 0, 26, 8, 12, 19, 17][1, 23, 20, 24, 3, 11, 17, 19, 12, 22, 0, 26, 8][10, 2, 16, 27, 29, 15, 5, 21, 6, 13, 18][24, 14, 23, 9, 3, 11, 17, 19, 12, 22, 25][12, 19, 18, 0, 22][9, 1, 4, 7, 14][4, 20, 14, 9, 23][1, 24, 14, 23][10, 29, 2, 16][4, 24][14, 24][17, 19] 
[4, 7, 24, 1, 3, 11, 17, 18, 13, 6, 15, 29, 2, 16, 28][1, 9, 3, 4, 7, 27, 2, 21, 5, 15, 10, 6, 13, 0, 19][4, 7, 25, 22, 19, 12, 18, 13, 6, 16, 28, 17, 0, 26, 8][11, 17, 12, 8, 26, 0, 13, 6, 10, 7, 24, 3, 23, 1, 14][2, 7, 25, 22, 19, 18, 12, 8, 26, 0, 17, 11, 3, 1, 9][2, 29, 15, 6, 13, 0, 12, 19, 22, 18, 17, 11, 3, 1, 9][2, 15, 6, 5, 21, 10, 29, 27, 16, 7, 20, 14, 11, 17, 12][1, 3, 9, 23, 4, 14, 20, 7, 28, 0, 26, 8, 12, 19, 17][11, 17, 0, 12, 22, 25, 28, 16, 10, 2, 15, 21][20, 23, 9, 14, 7, 25, 22, 18, 13, 6, 21][1, 4, 24][0, 18] 
[11, 17, 12, 8, 26, 0, 13, 6, 10, 7, 24, 23, 14][2, 7, 25, 22, 19, 12, 8, 26, 0, 17, 11, 3, 9][4, 3, 11, 17, 18, 13, 6, 15, 29, 2, 16, 28][1, 4, 7, 27, 2, 21, 5, 15, 6, 13, 0, 19][4, 7, 25, 22, 18, 13, 6, 16, 28, 0, 26, 8][2, 15, 6, 13, 0, 12, 22, 17, 11, 3, 9][1, 3, 23, 14, 7, 28, 0, 26, 8, 12, 17][20, 23, 24, 7, 25, 22, 18, 13, 6, 21][11, 17, 0, 25, 28, 16, 15, 21][2, 6, 10, 7, 14, 11, 17, 12][1, 24][0, 18] 
[2, 29, 27, 10, 7, 14, 11, 3, 9, 1, 24, 20, 23][24, 4, 3, 9, 14, 7, 16, 10, 21, 2, 29][7, 20, 4, 24, 1, 23, 3, 14][8, 19, 22, 17, 18][24, 4, 7, 27][26, 0, 25, 28][5, 6, 15][0, 13, 18][0, 12][2, 6][6, 10][11, 25] 
[3, 9, 1, 14, 7, 28, 0, 12, 17][18, 13, 6, 2, 7, 20][6, 16, 28, 25, 22, 18][19, 0, 28, 7, 14, 23][14, 11, 25, 7, 2, 29][14, 24, 3, 11, 17][3, 14, 7, 28, 17][6, 10, 2, 15][6, 15, 27, 7][0, 26, 8][5, 21, 6][4, 20] 
[9, 1, 4, 20, 7, 14, 23, 24, 3, 11, 25, 28, 0, 18, 17][1, 9, 23, 14, 20, 24, 3, 11, 17, 19, 12, 22, 0, 26, 8][14, 1, 9, 3, 23, 24, 7, 16, 27, 29][0, 17, 11, 14, 23, 1, 24][4, 7, 10, 29, 2, 16, 28][23, 3, 11, 17, 22, 25][5, 21, 6, 13][10, 29, 2, 15][0, 26][6, 10][8, 26][12, 19] 
[0, 18, 19, 12, 22, 17, 11, 14, 4, 20, 23, 3, 9, 1, 24][11, 17, 28, 25, 0, 18, 13, 6, 21, 2, 10, 15, 27, 7, 16][14, 1, 9, 3, 23, 24, 4, 7, 10, 2, 6, 16, 27, 15, 29][9, 1, 4, 7, 14, 23, 24, 3, 11, 25, 28, 0, 18, 17][12, 19, 22, 18, 0, 13, 6, 15, 5, 21, 10, 16, 28][10, 29, 2, 15][14, 4, 23][1, 3][8, 26][17, 19][0, 26][11, 17] 
[2, 29, 15, 6, 13, 0, 12, 19, 22, 18, 17, 11, 3, 1, 9][8, 26, 0, 17, 28, 16, 6, 13, 18, 19, 12, 22][24, 14, 3, 11, 25, 28, 16, 27][20, 7, 28][7, 4, 23][16, 28][5, 15][15, 21][17, 19][10, 29][0, 18][6, 13] 
[1, 9, 3, 14, 24, 4, 7, 27, 2, 6, 21, 10, 29, 15, 5][2, 29, 27, 10, 7, 14, 11, 3, 9, 1, 24, 20, 23][24, 4, 3, 9, 14, 7, 16, 10, 21, 2, 29][7, 20, 4, 24, 1, 23, 3, 14][13, 0, 26, 8, 19, 22, 17, 18][11, 25, 22, 12, 8, 19, 18, 13][26, 0, 25, 28][5, 6, 15][0, 13, 18][0, 12][2, 6][6, 10] 
[2, 21, 5, 6, 13, 0, 12, 8][24, 14, 3, 11, 25, 28, 16, 27][17, 22, 0, 13, 6, 10, 29][20, 7, 28, 0, 26][7, 4, 23][0, 18, 19][1, 9, 14][15, 21][11, 25][6, 13][15, 21][6, 13] 
[11, 17, 0, 12, 22, 25, 28, 16, 10, 2, 29, 15, 6, 5, 21][0, 17, 28, 16, 2, 29, 27, 7, 4, 24, 14, 3, 23, 1, 9][20, 4, 23, 9, 3, 14, 24, 7, 25, 22, 18, 13, 6, 2, 21][1, 9, 3, 4, 7, 27, 2, 21, 5, 15, 10, 6, 13, 0, 19][8, 26, 0, 28, 16, 6, 13, 18, 22, 25, 7, 20, 24, 14, 23][0, 18, 17, 11, 14, 20, 4, 1, 9, 23, 24, 7, 10, 15, 5][0, 18, 22, 25, 11, 14, 20, 24, 7, 16, 27, 2, 21, 10, 6][11, 17, 12, 8, 26, 0, 13, 6, 10, 7, 14, 1, 3, 4, 23][2, 7, 25, 22, 19, 18, 12, 8, 26, 0, 17, 11, 3, 1, 9][9, 1, 3, 11, 17, 18, 22, 19, 12, 0, 13, 6, 21, 15, 10][2, 15, 6, 5, 21, 10, 29, 27, 16, 7, 20, 14, 11, 17, 12][1, 3, 9, 23, 4, 14, 20, 7, 28, 0, 26, 8, 12, 19, 17] 
[16, 27, 15, 21, 5, 6, 10, 2, 29][3, 9, 1, 4, 7, 28, 0, 26][8, 12, 17, 11, 14, 24][13, 18][18, 22][22, 25][11, 25][6, 13][14, 23][20, 23][17, 19][7, 20] 
[21, 10, 7, 14, 9, 1, 23][6, 16, 28, 25, 22, 18][14, 11, 25, 7, 2, 29][14, 24, 3, 11, 17][7, 27, 16][5, 6, 15][8, 19, 18][0, 13, 18][0, 26, 8][7, 20][0, 12][4, 23] 
[11, 17, 0, 12, 22, 25, 28, 16, 10, 2, 29, 15, 6, 5, 21][20, 4, 23, 9, 3, 14, 24, 7, 25, 22, 18, 13, 6, 2, 21][1, 9, 3, 4, 7, 27, 2, 21, 5, 15, 10, 6, 13, 0, 19][11, 17, 12, 8, 26, 0, 13, 6, 10, 7, 24, 3, 23, 1, 14][1, 3, 9, 23, 4, 14, 20, 7, 28, 0, 26, 8, 12, 19, 17][0, 18, 22, 25, 11, 14][16, 28][8, 26][5, 15][1, 9][1, 9][12, 17] 
[9, 3, 24, 7, 10, 6, 13, 18, 0, 26, 8, 12, 17, 11][1, 23, 20, 14, 7, 27, 16, 10, 29, 2, 15, 6, 21][4, 7, 28][8, 12][18, 22][11, 25][15, 16][20, 24][5, 6][17, 19][0, 18][7, 20] 
[20, 4, 1, 14, 3, 9, 23, 24, 7, 10, 29, 2, 16, 28, 25][3, 1, 9, 23, 14, 20, 24, 7, 25, 22, 18, 13, 6, 2, 21][1, 9, 3, 4, 7, 27, 2, 21, 5, 15, 10, 6, 13, 0, 19][4, 7, 25, 22, 19, 12, 18, 13, 6, 16, 28, 17, 0, 26, 8][11, 17, 12, 8, 26, 0, 13, 6, 10, 7, 24, 3, 23, 1, 14][2, 7, 25, 22, 19, 18, 12, 8, 26, 0, 17, 11, 3, 1, 9][2, 29, 15, 6, 13, 0, 12, 19, 22, 18, 17, 11, 3, 1, 9][2, 15, 6, 5, 21, 10, 29, 27, 16, 7, 20, 14, 11, 17, 12][1, 3, 9, 23, 4, 14, 20, 7, 28, 0, 26, 8, 12, 19, 17][14, 9, 3, 11, 17, 0, 12, 19, 8, 26][0, 18, 19, 22, 12][8, 12] 
[1, 3, 9, 23, 4, 14, 20, 7, 28, 0, 26, 8, 12, 19, 17][2, 7, 25, 22, 19, 18, 12, 8, 26, 0, 17, 11, 3, 1, 9][2, 7, 25, 22, 12, 8, 26, 0, 17, 11, 3, 9][0, 18, 22, 25, 11, 14, 20, 7, 2, 21, 10, 29][24, 1, 14, 23, 3, 4, 7, 27, 29, 2, 16, 28][13, 6, 21][5, 6, 15][0, 18][17, 19][0, 18][1, 9][12, 17] 
[1, 9, 23, 14, 20, 24, 3, 11, 17, 12, 22, 0, 26, 8][1, 9, 23, 14, 24, 3, 11, 17, 19, 0, 26][2, 27, 29, 15, 5, 21, 6, 13, 18][4, 7, 10, 16, 28][5, 21, 6, 13][16, 28][7, 20][11, 25][14, 23][13, 18][11, 25][6, 10] 
[10, 2, 16, 27, 29, 15, 5, 21, 6, 13, 18][3, 11, 17, 19, 12, 22, 0, 26, 8][9, 23, 14, 7, 28][18, 19][11, 25][3, 24][14, 24][4, 24][1, 24][4, 20][17, 19][17, 19] 
[2, 21, 5, 6, 13, 0, 12, 8][11, 17, 22, 0, 13, 6, 10, 29][24, 14, 3, 11, 25, 28, 16, 27][20, 7, 28, 0, 26][7, 4, 23][0, 18, 19][1, 9, 14][15, 21][11, 25][6, 13][15, 21][6, 13] 
[2, 15, 6, 5, 21, 10, 29, 27, 16, 7, 20, 14, 11][4, 23, 9, 3, 14, 24, 7, 25, 22, 18, 13][0, 18][8, 26][1, 14][11, 17][0, 26][0, 28][17, 19][12, 17][8, 26][1, 9] 
[24, 20, 14, 1, 3, 11, 25, 28, 16, 2, 27][10, 15, 6, 13, 0, 12, 22][0, 28, 7, 4, 23][0, 18, 19][12, 8, 26][4, 7][12, 17][3, 9][11, 25][15, 21][5, 6][10, 29] 
[1, 3, 9, 23, 4, 14, 20, 7, 28, 0, 26, 8, 12, 19, 17][1, 23, 20, 24, 3, 11, 17, 19, 12, 22, 0, 26, 8][10, 2, 16, 27, 29, 15, 5, 21, 6, 13, 18][24, 14, 23, 9, 3, 11, 17, 19, 12, 22, 25][24, 14, 23, 9, 3, 11, 17, 19, 12, 22, 25][9, 1, 4, 7, 14, 23][12, 19, 18, 0, 22][4, 20, 14, 9, 23][1, 24, 14, 23][10, 29, 2, 16][4, 24][17, 19] 
[4, 7, 24, 1, 3, 11, 17, 18, 13, 6, 15, 29, 2, 16, 28][1, 9, 3, 4, 7, 27, 2, 21, 5, 15, 10, 6, 13, 0, 19][4, 7, 25, 22, 19, 12, 18, 13, 6, 16, 28, 17, 0, 26, 8][11, 17, 12, 8, 26, 0, 13, 6, 10, 7, 24, 3, 23, 1, 14][2, 7, 25, 22, 19, 18, 12, 8, 26, 0, 17, 11, 3, 1, 9][2, 29, 15, 6, 13, 0, 12, 19, 22, 18, 17, 11, 3, 1, 9][2, 15, 6, 5, 21, 10, 29, 27, 16, 7, 20, 14, 11, 17, 12][1, 3, 9, 23, 4, 14, 20, 7, 28, 0, 26, 8, 12, 19, 17][11, 17, 0, 12, 22, 25, 28, 16, 10, 2, 15, 21][20, 23, 9, 14, 7, 25, 22, 18, 13, 6, 21][14, 1, 4, 24][0, 18] 
[2, 29, 27, 10, 7, 14, 11, 3, 9, 1, 24, 20, 23][24, 4, 3, 9, 14, 7, 16, 10, 21, 2, 29][7, 20, 4, 24, 1, 23, 3, 14][13, 0, 26, 8, 19, 22, 17, 18][24, 4, 7, 27][26, 0, 25, 28][5, 6, 15][0, 13, 18][0, 12][2, 6][6, 10][11, 25] 
[3, 9, 1, 14, 7, 28, 0, 12, 17][18, 13, 6, 2, 7, 20][6, 16, 28, 25, 22, 18][19, 0, 28, 7, 14, 23][14, 11, 25, 7, 2, 29][14, 24, 3, 11, 17][3, 14, 7, 28, 17][6, 10, 2, 15][6, 15, 27, 7][0, 26, 8][5, 21, 6][4, 20] 
[1, 3, 9, 23, 4, 14, 20, 7, 28, 0, 26, 8, 12, 19, 17][2, 7, 25, 22, 19, 18, 12, 8, 26, 0, 17, 11, 3, 1, 9][0, 18, 22, 25, 11, 14, 20, 24, 7, 16, 27, 2, 21, 10, 29][2, 7, 25, 22, 19, 12, 8, 26, 0, 17, 11, 3, 9][24, 1, 14, 23, 3, 4, 7, 27, 29, 2, 16, 28][13, 6, 21][5, 6, 15][0, 18][17, 19][0, 18][1, 9][12, 17] 
[0, 18, 19, 12, 22, 17, 11, 14, 4, 20, 23, 3, 9, 1, 24][14, 1, 9, 3, 23, 24, 4, 7, 10, 2, 6, 16, 27, 15, 29][9, 1, 4, 7, 14, 23, 24, 3, 11, 25, 28, 0, 18, 17][12, 19, 22, 18, 0, 13, 6, 15, 5, 21, 10, 16, 28][2, 21, 6, 13, 18, 0, 25, 28, 17, 11][10, 29, 2, 15][14, 4, 23][1, 3][8, 26][17, 19][0, 26][11, 17] 
[2, 29, 15, 6, 13, 0, 12, 19, 22, 18, 17, 11, 3, 1, 9][8, 26, 0, 17, 28, 16, 6, 13, 18, 19, 12, 22][24, 14, 3, 11, 25, 28, 16, 27][13, 6, 15, 27, 10, 29][20, 7, 28][7, 4, 23][16, 28][5, 15][15, 21][17, 19][0, 18][6, 13] 
[1, 3, 9, 23, 4, 14, 20, 7, 28, 0, 26, 8, 12, 19, 17][9, 1, 4, 20, 7, 14, 23, 24, 3, 11, 25, 28, 0, 18, 17][2, 7, 25, 22, 19, 18, 12, 8, 26, 0, 17, 11, 3, 1, 9][0, 22, 25, 11, 14, 24, 7, 27, 2, 21, 10, 29][1, 23, 20, 24, 3, 11, 17, 12, 0, 26, 8][1, 23, 24, 3, 11, 17, 0, 26, 8][9, 1, 14, 3, 11, 25, 28, 17][4, 7, 10, 29, 2, 16, 28][5, 21, 6, 13][5, 6, 15][5, 15][0, 18] 
[2, 21, 5, 6, 13, 0, 12, 8][24, 14, 3, 11, 25, 28, 16, 27][17, 22, 0, 13, 6, 10, 29][20, 7, 28, 0, 26][7, 4, 23][0, 18, 19][1, 9, 14][15, 21][11, 25][6, 13][15, 21][6, 13] 
[11, 17, 0, 12, 22, 25, 28, 16, 10, 2, 29, 15, 6, 5, 21][0, 17, 28, 16, 2, 29, 27, 7, 4, 24, 14, 3, 23, 1, 9][20, 4, 23, 9, 3, 14, 24, 7, 25, 22, 18, 13, 6, 2, 21][1, 9, 3, 4, 7, 27, 2, 21, 5, 15, 10, 6, 13, 0, 19][8, 26, 0, 28, 16, 6, 13, 18, 22, 25, 7, 20, 24, 14, 23][0, 18, 17, 11, 14, 20, 4, 1, 9, 23, 24, 7, 10, 15, 5][0, 18, 22, 25, 11, 14, 20, 24, 7, 16, 27, 2, 21, 10, 6][11, 17, 12, 8, 26, 0, 13, 6, 10, 7, 14, 1, 3, 4, 23][2, 7, 25, 22, 19, 18, 12, 8, 26, 0, 17, 11, 3, 1, 9][9, 1, 3, 11, 17, 18, 22, 19, 12, 0, 13, 6, 21, 15, 10][2, 15, 6, 5, 21, 10, 29, 27, 16, 7, 20, 14, 11, 17, 12][1, 3, 9, 23, 4, 14, 20, 7, 28, 0, 26, 8, 12, 19, 17] 
[16, 27, 15, 21, 5, 6, 10, 2, 29][3, 9, 1, 4, 7, 28, 0, 26][8, 12, 17, 11, 14, 24][18, 22][13, 18][22, 25][6, 13][11, 25][17, 19][14, 23][20, 23][7, 20] 
[21, 10, 7, 14, 9, 1, 23][6, 16, 28, 25, 22, 18][14, 11, 25, 7, 2, 29][14, 24, 3, 11, 17][7, 27, 16][5, 6, 15][8, 19, 18][0, 13, 18][0, 26, 8][7, 20][0, 12][4, 23] 
[0, 18, 19, 12, 22, 17, 11, 14, 4, 20, 23, 3, 9, 1, 24][14, 1, 9, 3, 23, 24, 4, 7, 10, 2, 6, 16, 27, 15, 29][2, 15, 6, 5, 21, 10, 29, 27, 16, 7, 20, 14, 11, 17, 12][20, 4, 23, 9, 3, 14, 24, 7, 25, 22, 18, 13, 6, 2, 21][3, 9, 23, 4, 14, 20, 7, 28, 0, 26, 8, 12, 19, 17][8, 26][11, 17][0, 26][17, 19][12, 17][8, 26][1, 9] 
[9, 3, 24, 7, 10, 6, 13, 18, 0, 26, 8, 12, 17, 11][1, 23, 20, 14, 7, 27, 16, 10, 29, 2, 15, 6, 21][4, 7, 28][8, 12][18, 22][11, 25][15, 16][20, 24][5, 6][17, 19][0, 18][7, 20] 
[20, 4, 1, 14, 3, 9, 23, 24, 7, 10, 29, 2, 16, 28, 25][3, 1, 9, 23, 14, 20, 24, 7, 25, 22, 18, 13, 6, 2, 21][1, 9, 3, 4, 7, 27, 2, 21, 5, 15, 10, 6, 13, 0, 19][4, 7, 25, 22, 19, 12, 18, 13, 6, 16, 28, 17, 0, 26, 8][11, 17, 12, 8, 26, 0, 13, 6, 10, 7, 24, 3, 23, 1, 14][2, 7, 25, 22, 19, 18, 12, 8, 26, 0, 17, 11, 3, 1, 9][2, 29, 15, 6, 13, 0, 12, 19, 22, 18, 17, 11, 3, 1, 9][2, 15, 6, 5, 21, 10, 29, 27, 16, 7, 20, 14, 11, 17, 12][1, 3, 9, 23, 4, 14, 20, 7, 28, 0, 26, 8, 12, 19, 17][24, 23, 20, 14, 9, 3, 11, 17, 0, 12, 19, 8, 26][0, 18, 19, 22, 12][8, 12] 
[11, 17, 12, 8, 26, 0, 13, 6, 10, 7, 14, 1, 3, 4, 23][9, 1, 3, 11, 17, 18, 22, 19, 12, 0, 13, 6, 21, 15, 10][3, 9, 23, 4, 14, 20, 7, 28, 0, 26, 8, 12, 19, 17][9, 23, 4, 14, 20, 7, 28, 0, 26, 8, 12, 19, 17][2, 16, 27, 29, 15, 5][1, 24, 14, 23][22, 25][17, 19][17, 19][4, 24][1, 9][4, 24] 
[1, 9, 23, 14, 20, 24, 3, 11, 17, 12, 22, 0, 26, 8][2, 27, 29, 15, 5, 21, 6, 13, 18][19, 17, 11, 3, 24][4, 7, 10, 16, 28][5, 21, 6, 13][16, 28][7, 20][11, 25][14, 23][13, 18][11, 25][6, 10] 
[10, 2, 16, 27, 29, 15, 5, 21, 6, 13, 18][3, 11, 17, 19, 12, 22, 0, 26, 8][9, 23, 14, 7, 28][18, 19][11, 25][3, 24][14, 24][4, 24][1, 24][4, 20][17, 19][17, 19] 
[2, 21, 5, 6, 13, 0, 12, 8][11, 17, 22, 0, 13, 6, 10, 29][24, 14, 3, 11, 25, 28, 16, 27][20, 7, 28, 0, 26][7, 4, 23][0, 18, 19][1, 9, 14][15, 21][11, 25][6, 13][15, 21][6, 13] 
[21, 6, 15, 2, 29, 10, 16, 27, 7, 14, 20, 23][9, 3, 24, 7, 10, 6, 13, 18, 0, 26, 8, 12][11, 25, 28][17, 19][17, 22][5, 6][1, 9][18, 22][4, 7][0, 18][11, 17][7, 20] 
[24, 20, 14, 1, 3, 11, 25, 28, 16, 2, 27][10, 15, 6, 13, 0, 12, 22][0, 28, 7, 4, 23][0, 18, 19][12, 8, 26][4, 7][12, 17][3, 9][11, 25][15, 21][5, 6][10, 29] 
[3, 9, 23, 4, 14, 20, 7, 28, 0, 26, 8, 12, 19, 17][1, 23, 20, 24, 3, 11, 17, 19, 12, 22, 0, 26, 8][10, 2, 16, 27, 29, 15, 5, 21, 6, 13, 18][24, 14, 23, 9, 3, 11, 17, 19, 12, 22, 25][24, 14, 23, 9, 3, 11, 17, 19, 12, 22, 25][9, 1, 4, 7, 14, 23][12, 19, 18, 0, 22][4, 20, 14, 9, 23][1, 24, 14, 23][10, 29, 2, 16][4, 24][17, 19] 
[4, 7, 24, 1, 3, 11, 17, 18, 13, 6, 15, 29, 2, 16, 28][20, 4, 23, 9, 3, 14, 24, 7, 25, 22, 18, 13, 6, 2, 21][1, 9, 3, 4, 7, 27, 2, 21, 5, 15, 10, 6, 13, 0, 19][4, 7, 25, 22, 19, 12, 18, 13, 6, 16, 28, 17, 0, 26, 8][11, 17, 12, 8, 26, 0, 13, 6, 10, 7, 24, 3, 23, 1, 14][2, 29, 15, 6, 13, 0, 12, 19, 22, 18, 17, 11, 3, 1, 9][2, 15, 6, 5, 21, 10, 29, 27, 16, 7, 20, 14, 11, 17, 12][1, 3, 9, 23, 4, 14, 20, 7, 28, 0, 26, 8, 12, 19, 17][2, 7, 25, 22, 19, 18, 12, 8, 26, 0, 17, 11, 3, 9][11, 17, 0, 22, 25, 28, 16, 15, 21][1, 4, 24][0, 18] 
[23, 1, 24, 4, 3, 9, 14, 7, 16, 10, 21, 2, 29][2, 27, 7, 14, 11, 3, 1, 24, 20, 23][4, 14, 7, 2, 21, 15, 27, 10, 6][7, 20, 4, 24, 1, 23, 3, 14][8, 19, 22, 17, 18][26, 0, 25, 28][5, 6, 15][7, 4, 24][0, 13, 18][0, 12][2, 6][11, 25] 
[3, 9, 1, 14, 7, 28, 0, 12, 17][18, 13, 6, 2, 7, 20][6, 16, 28, 25, 22, 18][19, 0, 28, 7, 14, 23][14, 11, 25, 7, 2, 29][14, 24, 3, 11, 17][3, 14, 7, 28, 17][6, 10, 2, 15][6, 15, 27, 7][0, 26, 8][5, 21, 6][4, 20] 
[1, 3, 9, 23, 4, 14, 20, 7, 28, 0, 26, 8, 12, 19, 17][2, 7, 25, 22, 19, 18, 12, 8, 26, 0, 17, 11, 3, 1, 9][0, 18, 22, 25, 11, 14, 20, 24, 7, 16, 27, 2, 21, 10, 29][2, 7, 25, 22, 19, 12, 8, 26, 0, 17, 11, 3, 9][4, 7, 27, 29, 2, 16, 28][13, 6, 21][5, 6, 15][0, 18][17, 19][0, 18][1, 9][12, 17] 
[9, 1, 4, 20, 7, 14, 23, 24, 3, 11, 25, 28, 0, 18, 17][0, 18, 19, 12, 22, 17, 11, 14, 4, 20, 23, 3, 9, 1, 24][14, 1, 9, 3, 23, 24, 4, 7, 10, 2, 6, 16, 27, 15, 29][12, 19, 22, 18, 0, 13, 6, 15, 5, 21, 10, 16, 28][27, 2, 21, 6, 13, 18, 0, 25, 28][10, 29, 2, 15][1, 3][8, 26][17, 19][0, 26][11, 17][14, 20] 
[2, 29, 15, 6, 13, 0, 12, 19, 22, 18, 17, 11, 3, 1, 9][8, 26, 0, 28, 16, 6, 13, 18, 12, 22][24, 14, 3, 11, 25, 28, 16, 27][20, 7, 28][7, 4, 23][16, 28][5, 15][15, 21][17, 19][10, 29][0, 18][6, 13] 
[4, 7, 25, 22, 19, 18, 13, 6, 16, 28, 0, 26, 8][2, 7, 25, 22, 19, 12, 8, 26, 0, 17, 11, 3, 9][4, 24, 3, 11, 17, 18, 13, 6, 15, 2, 16, 28][2, 29, 15, 6, 13, 0, 12, 22, 17, 11, 3, 9][1, 3, 4, 7, 2, 21, 15, 6, 13, 0, 19][11, 17, 12, 8, 26, 0, 13, 6, 10, 7, 14][1, 3, 23, 14, 7, 28, 0, 26, 8, 12, 17][20, 23, 24, 7, 25, 22, 18, 13, 6, 21][11, 17, 22, 25, 28, 16, 15, 5, 21][6, 10, 27, 7, 14, 11, 17, 12][1, 24][0, 18] 
[2, 21, 5, 6, 13, 0, 12, 8][24, 14, 3, 11, 25, 28, 16, 27][17, 22, 0, 13, 6, 10, 29][20, 7, 28, 0, 26][7, 4, 23][0, 18, 19][1, 9, 14][15, 21][11, 25][6, 13][15, 21][6, 13] 
[11, 17, 0, 12, 22, 25, 28, 16, 10, 2, 29, 15, 6, 5, 21][0, 17, 28, 16, 2, 29, 27, 7, 4, 24, 14, 3, 23, 1, 9][20, 4, 23, 9, 3, 14, 24, 7, 25, 22, 18, 13, 6, 2, 21][1, 9, 3, 4, 7, 27, 2, 21, 5, 15, 10, 6, 13, 0, 19][8, 26, 0, 28, 16, 6, 13, 18, 22, 25, 7, 20, 24, 14, 23][0, 18, 17, 11, 14, 20, 4, 1, 9, 23, 24, 7, 10, 15, 5][0, 18, 22, 25, 11, 14, 20, 24, 7, 16, 27, 2, 21, 10, 6][11, 17, 12, 8, 26, 0, 13, 6, 10, 7, 14, 1, 3, 4, 23][2, 7, 25, 22, 19, 18, 12, 8, 26, 0, 17, 11, 3, 1, 9][9, 1, 3, 11, 17, 18, 22, 19, 12, 0, 13, 6, 21, 15, 10][2, 15, 6, 5, 21, 10, 29, 27, 16, 7, 20, 14, 11, 17, 12][1, 3, 9, 23, 4, 14, 20, 7, 28, 0, 26, 8, 12, 19, 17] 
[16, 27, 15, 21, 5, 6, 10, 2, 29][3, 9, 1, 4, 7, 28, 0, 26][8, 12, 17, 11, 14, 24][18, 22][22, 25][13, 18][6, 13][11, 25][17, 19][14, 23][20, 23][7, 20] 
[21, 10, 7, 14, 9, 1, 23][6, 16, 28, 25, 22, 18][14, 11, 25, 7, 2, 29][14, 24, 3, 11, 17][7, 27, 16][5, 6, 15][8, 19, 18][0, 13, 18][7, 20][0, 12][4, 23][0, 26] 
[3, 14, 23, 24, 4, 7, 25, 22, 18, 0, 13, 6, 2, 15, 21][8, 26, 0, 17, 28, 16, 6, 13, 18, 19, 12, 22, 25, 11, 14][2, 29, 15, 6, 13, 0, 12, 19, 22, 18, 17, 11, 3, 1, 9][4, 7, 27, 16, 2, 21, 5, 15, 10, 6, 13, 0, 19][5, 21, 10, 29, 27, 16, 7, 20, 14, 11, 17, 12][20, 14, 7, 25, 11, 3, 23, 9, 1, 4, 24][11, 17][16, 28][0, 18][11, 17][1, 9][17, 19] 
[9, 3, 24, 7, 10, 6, 13, 18, 0, 26, 8, 12, 17, 11][1, 23, 20, 14, 7, 27, 16, 10, 29, 2, 15, 6, 21][4, 7, 28][8, 12][18, 22][11, 25][15, 16][20, 24][5, 6][17, 19][0, 18][7, 20] 
[11, 17, 0, 12, 22, 25, 28, 16, 10, 2, 29, 15, 6, 5, 21][23, 9, 1, 3, 11, 14, 20, 24, 4, 7, 27, 29, 2, 16, 28][20, 4, 23, 9, 3, 14, 24, 7, 25, 22, 18, 13, 6, 2, 21][1, 9, 3, 4, 7, 27, 2, 21, 5, 15, 10, 6, 13, 0, 19][11, 17, 12, 8, 26, 0, 13, 6, 10, 7, 14, 1, 3, 4, 23][9, 1, 3, 11, 17, 18, 22, 19, 12, 0, 13, 6, 21, 15, 10][2, 15, 6, 5, 21, 10, 29, 27, 16, 7, 20, 14, 11, 17, 12][0, 18, 22, 25, 11, 14, 20, 24, 7, 16, 27, 2, 21, 10][9, 23, 4, 14, 20, 7, 28, 0, 26, 8, 12, 19, 17][5, 15, 10, 7, 24, 23, 9, 1, 4, 20, 14][9, 1, 3, 11, 17, 0, 26, 8, 12, 18, 19][8, 26] 
[2, 15, 6, 5, 21, 10, 29, 27, 16, 7, 20, 14, 11, 17, 12][9, 3, 11, 17, 0, 26, 8, 12, 18, 19, 22, 25, 7, 2, 10][9, 3, 11, 17, 0, 26, 8, 12, 18, 19, 22, 25, 7, 2, 10][11, 17, 22, 25, 28, 16, 15, 21, 5, 6, 13, 0, 26, 8, 19][7, 4, 23][1, 4, 24][6, 13][7, 20][2, 21][15, 21][3, 9][6, 13] 
[1, 9, 23, 14, 20, 24, 3, 11, 17, 12, 22, 0, 26, 8][2, 27, 29, 15, 5, 21, 6, 13, 18][4, 7, 10, 16, 28][11, 25, 0, 17][6, 13][7, 20][12, 19][6, 13][12, 19][7, 10][6, 10][6, 13] 
[10, 2, 16, 27, 29, 15, 5, 21, 6, 13, 18][3, 11, 17, 19, 12, 22, 0, 26, 8][9, 23, 14, 7, 28][18, 19][11, 25][3, 24][14, 24][4, 24][1, 24][4, 20][17, 19][17, 19] 
[2, 21, 5, 6, 13, 0, 12, 8][11, 17, 22, 0, 13, 6, 10, 29][24, 14, 3, 11, 25, 28, 16, 27][20, 7, 28, 0, 26][7, 4, 23][0, 18, 19][1, 9, 14][15, 21][11, 25][6, 13][15, 21][6, 13] 
[11, 17, 12, 8, 26, 0, 13, 6, 10, 7, 14, 1, 3, 4, 23][27, 15, 21, 5, 6, 10, 2, 29][17, 19][13, 18][4, 24][18, 22][22, 25][7, 20][1, 9][0, 28][2, 16][7, 20] 
[9, 1, 14, 7, 28, 0, 12, 17][24, 3, 11, 25, 28, 16, 27][22, 0, 13, 6, 10, 29][0, 18, 19][0, 26, 8][7, 4, 23][5, 21][15, 27][11, 25][4, 20][2, 7][15, 21] 
[1, 3, 9, 23, 4, 14, 20, 7, 28, 0, 26, 8, 12, 19, 17][9, 1, 4, 14, 3, 11, 25, 22, 19, 8, 26, 0, 12][10, 2, 16, 27, 29, 15, 5, 21, 6, 13, 18][24, 14, 23, 9, 3, 11, 17, 19, 12, 22, 25][12, 19, 18, 0, 22][1, 23, 20, 24, 3][4, 20, 14, 9, 23][1, 24, 14, 23][10, 29, 2, 16][4, 24][14, 24][17, 19] 
[11, 17, 0, 12, 22, 25, 28, 16, 10, 2, 29, 15, 5, 6, 21][4, 7, 24, 1, 3, 11, 17, 18, 13, 6, 15, 29, 2, 16, 28][20, 4, 23, 9, 3, 14, 24, 7, 25, 22, 18, 13, 6, 2, 21][1, 9, 3, 4, 7, 27, 2, 21, 5, 15, 10, 6, 13, 0, 19][4, 7, 25, 22, 19, 12, 18, 13, 6, 16, 28, 17, 0, 26, 8][11, 17, 12, 8, 26, 0, 13, 6, 10, 7, 24, 3, 23, 1, 14][2, 7, 25, 22, 19, 18, 12, 8, 26, 0, 17, 11, 3, 1, 9][2, 29, 15, 6, 13, 0, 12, 19, 22, 18, 17, 11, 3, 1, 9][1, 3, 9, 23, 4, 14, 20, 7, 28, 0, 26, 8, 12, 19, 17][6, 5, 21, 10, 29, 27, 16, 7, 20, 14, 11, 17, 12][1, 4, 24][0, 18] 
[20, 23, 1, 24, 4, 3, 9, 14, 7, 16, 10, 21, 2, 29][4, 1, 9, 23, 3, 14, 24, 20, 7, 16, 10, 21][1, 3, 11, 14, 7, 27, 2][8, 19, 22, 17, 18][26, 0, 25, 28][5, 6, 15][24, 7, 27][0, 13, 18][0, 12][2, 6][6, 10][11, 25] 
[3, 9, 1, 14, 7, 28, 0, 12, 17][18, 13, 6, 2, 7, 20][6, 16, 28, 25, 22, 18][19, 0, 28, 7, 14, 23][14, 11, 25, 7, 2, 29][6, 10, 27, 2, 15][14, 24, 3, 11, 17][3, 14, 7, 28, 17][6, 15, 27, 7][0, 26, 8][5, 21, 6][4, 20] 
[9, 1, 4, 20, 7, 14, 23, 24, 3, 11, 25, 28, 0, 18, 17][0, 18, 19, 12, 22, 17, 11, 14, 4, 20, 23, 3, 9, 1, 24][11, 17, 28, 25, 0, 18, 13, 6, 21, 2, 10, 15, 27, 7, 16][14, 1, 9, 3, 23, 24, 4, 7, 10, 2, 6, 16, 27, 15, 29][12, 19, 22, 18, 0, 13, 6, 15, 5, 21, 10, 16, 28][10, 29, 2, 15][14, 20, 4, 23][1, 3][8, 26][17, 19][0, 26][11, 17] 
[2, 29, 15, 6, 13, 0, 12, 19, 22, 18, 17, 11, 3, 1, 9][8, 26, 0, 17, 28, 16, 6, 13, 18, 19, 12, 22][24, 14, 3, 11, 25, 28, 16, 27][6, 16, 28][20, 7, 28][7, 4, 23][5, 15][15, 21][17, 19][10, 29][0, 18][6, 13] 
[2, 7, 25, 22, 19, 12, 8, 26, 0, 17, 11, 3, 9][4, 24, 3, 11, 17, 18, 13, 6, 15, 2, 16, 28][4, 7, 25, 22, 18, 13, 6, 16, 28, 0, 26, 8][1, 3, 4, 7, 2, 21, 15, 6, 13, 0, 19][11, 17, 12, 8, 26, 0, 13, 6, 10, 7, 14][2, 15, 5, 21, 10, 27, 7, 14, 11, 17, 12][1, 3, 23, 14, 7, 28, 0, 26, 8, 12, 17][20, 23, 24, 7, 25, 22, 18, 13, 6, 21][2, 29, 15, 6, 13, 0, 17, 11, 3, 9][11, 17, 22, 25, 28, 16, 15, 21][1, 24][0, 18] 
[2, 21, 5, 6, 13, 0, 12, 8][24, 14, 3, 11, 25, 28, 16, 27][17, 22, 0, 13, 6, 10, 29][20, 7, 28, 0, 26][7, 4, 23][0, 18, 19][1, 9, 14][15, 21][11, 25][6, 13][15, 21][6, 13] 
[11, 17, 0, 12, 22, 25, 28, 16, 10, 2, 29, 15, 6, 5, 21][0, 17, 28, 16, 2, 29, 27, 7, 4, 24, 14, 3, 23, 1, 9][20, 4, 23, 9, 3, 14, 24, 7, 25, 22, 18, 13, 6, 2, 21][1, 9, 3, 4, 7, 27, 2, 21, 5, 15, 10, 6, 13, 0, 19][8, 26, 0, 28, 16, 6, 13, 18, 22, 25, 7, 20, 24, 14, 23][0, 18, 17, 11, 14, 20, 4, 1, 9, 23, 24, 7, 10, 15, 5][0, 18, 22, 25, 11, 14, 20, 24, 7, 16, 27, 2, 21, 10, 6][11, 17, 12, 8, 26, 0, 13, 6, 10, 7, 14, 1, 3, 4, 23][2, 7, 25, 22, 19, 18, 12, 8, 26, 0, 17, 11, 3, 1, 9][9, 1, 3, 11, 17, 18, 22, 19, 12, 0, 13, 6, 21, 15, 10][2, 15, 6, 5, 21, 10, 29, 27, 16, 7, 20, 14, 11, 17, 12][1, 3, 9, 23, 4, 14, 20, 7, 28, 0, 26, 8, 12, 19, 17] 
[16, 27, 15, 21, 5, 6, 10, 2, 29][3, 9, 1, 4, 7, 28, 0, 26][8, 12, 17, 11, 14, 24][3, 23, 20][16, 15, 29][11, 25][22, 25][18, 22][14, 23][13, 18][6, 13][17, 19] 
[21, 10, 7, 14, 9, 1, 23][6, 16, 28, 25, 22, 18][14, 11, 25, 7, 2, 29][14, 24, 3, 11, 17][7, 27, 16][5, 6, 15][8, 19, 18][0, 13, 18][7, 20][0, 12][4, 23][0, 26] 
[11, 17, 0, 12, 22, 25, 28, 16, 10, 2, 29, 15, 6, 5, 21][1, 9, 3, 4, 7, 27, 2, 21, 5, 15, 10, 6, 13, 0, 19][11, 17, 12, 8, 26, 0, 13, 6, 10, 7, 24, 3, 23, 1, 14][1, 3, 9, 23, 4, 14, 20, 7, 28, 0, 26, 8, 12, 19, 17][0, 18, 22][16, 28][2, 21][8, 26][5, 15][1, 9][1, 9][12, 17] 
[9, 3, 24, 7, 10, 6, 13, 18, 0, 26, 8, 12, 17, 11][1, 23, 20, 14, 7, 27, 16, 10, 29, 2, 15, 6, 21][4, 7, 28][8, 12][18, 22][11, 25][15, 16][20, 24][5, 6][17, 19][0, 18][7, 20] 
[11, 17, 0, 12, 22, 25, 28, 16, 10, 2, 29, 15, 6, 5, 21][23, 9, 1, 3, 11, 14, 20, 24, 4, 7, 27, 29, 2, 16, 28][20, 4, 23, 9, 3, 14, 24, 7, 25, 22, 18, 13, 6, 2, 21][1, 9, 3, 4, 7, 27, 2, 21, 5, 15, 10, 6, 13, 0, 19][11, 17, 12, 8, 26, 0, 13, 6, 10, 7, 14, 1, 3, 4, 23][9, 1, 3, 11, 17, 18, 22, 19, 12, 0, 13, 6, 21, 15, 10][2, 15, 6, 5, 21, 10, 29, 27, 16, 7, 20, 14, 11, 17, 12][3, 11, 25, 22, 19, 17, 12, 18, 0, 26, 8][5, 15, 10, 7, 24, 23, 9, 1, 4, 20, 14][9, 1, 3, 11, 17, 0, 26, 8, 12, 18, 19][9, 23, 20, 7, 28, 0, 26, 8, 12, 19, 17][0, 22, 25, 11, 14, 7, 10] 
[5, 15, 6, 13, 18, 17, 22, 19, 12, 8, 26, 0, 28, 7, 20][2, 15, 6, 5, 21, 10, 29, 27, 16, 7, 20, 14, 11, 17, 12][11, 25, 22, 12, 18, 19, 8, 26, 0, 28, 16, 6, 21, 5, 15][20, 4, 7, 10, 6, 2, 29, 27, 16, 28, 25, 11, 3, 14, 24][5, 15, 10, 21, 6, 13, 0, 18, 17, 12, 22, 19, 8, 26][5, 15, 10, 21, 6, 13, 0, 18, 17, 12, 22, 19, 8, 26][24, 14, 3, 11, 25, 28, 16, 27][7, 4, 23, 20, 14][1, 9, 14][15, 21][15, 21][15, 21] 
[1, 9, 23, 14, 20, 24, 3, 11, 17, 12, 22, 0, 26, 8][2, 27, 29, 15, 5, 21, 6, 13, 18][4, 7, 10, 16, 28][11, 25, 0, 17][6, 13][6, 10][7, 20][12, 19][7, 20][12, 19][6, 13][6, 13] 
[10, 2, 16, 27, 29, 15, 5, 21, 6, 13, 18][3, 11, 17, 19, 12, 22, 0, 26, 8][9, 23, 14, 7, 28][18, 19][11, 25][3, 24][14, 24][4, 24][1, 24][4, 20][17, 19][17, 19] 
[2, 21, 5, 6, 13, 0, 12, 8][11, 17, 22, 0, 13, 6, 10, 29][24, 14, 3, 11, 25, 28, 16, 27][20, 7, 28, 0, 26][7, 4, 23][0, 18, 19][1, 9, 14][15, 21][11, 25][6, 13][15, 21][6, 13] 
[2, 15, 6, 5, 21, 10, 29, 27, 16, 7, 20, 14, 11, 17, 12][0, 26, 8, 19, 22, 25, 11, 3, 14, 4][6, 13, 18][4, 24][0, 28][8, 26][14, 23][1, 9][1, 24][1, 9][17, 19][1, 9] 
[9, 1, 14, 7, 28, 0, 12, 17][24, 3, 11, 25, 28, 16, 27][22, 0, 13, 6, 10, 29][0, 18, 19][0, 26, 8][7, 4, 23][5, 21][15, 27][11, 25][4, 20][2, 7][15, 21] 
[1, 3, 9, 23, 4, 14, 20, 7, 28, 0, 26, 8, 12, 19, 17][9, 1, 4, 14, 3, 11, 25, 22, 19, 8, 26, 0, 12][1, 23, 20, 24, 3, 11, 17, 19, 12, 22, 0, 26, 8][10, 2, 16, 27, 29, 15, 5, 21, 6, 13, 18][24, 14, 23, 9, 3, 11, 17, 19, 12, 22, 25][12, 19, 18, 0, 22][4, 20, 14, 9, 23][1, 24, 14, 23][10, 29, 2, 16][4, 24][14, 24][17, 19] 
[4, 7, 24, 1, 3, 11, 17, 18, 13, 6, 15, 29, 2, 16, 28][1, 9, 3, 4, 7, 27, 2, 21, 5, 15, 10, 6, 13, 0, 19][4, 7, 25, 22, 19, 12, 18, 13, 6, 16, 28, 17, 0, 26, 8][11, 17, 12, 8, 26, 0, 13, 6, 10, 7, 24, 3, 23, 1, 14][2, 7, 25, 22, 19, 18, 12, 8, 26, 0, 17, 11, 3, 1, 9][2, 29, 15, 6, 13, 0, 12, 19, 22, 18, 17, 11, 3, 1, 9][1, 3, 9, 23, 4, 14, 20, 7, 28, 0, 26, 8, 12, 19, 17][10, 29, 15, 27, 7, 14, 20, 23, 9, 3, 1, 4, 24][2, 15, 6, 5, 21, 10, 29, 27, 7, 14, 11, 17, 12][11, 17, 0, 12, 22, 25, 28, 16, 10, 2, 15, 21][20, 23, 9, 14, 7, 25, 22, 18, 13, 6, 21][0, 18] 
[20, 23, 1, 24, 4, 3, 9, 14, 7, 16, 10, 21, 2, 29][4, 1, 9, 23, 3, 14, 24, 20, 7, 16, 10, 21][2, 27, 7, 14, 11, 3, 1, 24, 23][8, 19, 22, 17, 18][26, 0, 25, 28][5, 6, 15][24, 7, 27][0, 13, 18][0, 12][2, 6][6, 10][11, 25] 
[3, 9, 1, 14, 7, 28, 0, 12, 17][18, 13, 6, 2, 7, 20][6, 16, 28, 25, 22, 18][19, 0, 28, 7, 14, 23][14, 11, 25, 7, 2, 29][6, 10, 27, 2, 15][14, 24, 3, 11, 17][3, 14, 7, 28, 17][6, 15, 27, 7][0, 26, 8][5, 21, 6][4, 20] 
[9, 1, 4, 7, 14, 23, 24, 3, 11, 25, 28, 0, 18, 17, 12][0, 18, 19, 12, 22, 17, 11, 14, 4, 20, 23, 3, 9, 1, 24][14, 1, 9, 3, 23, 24, 4, 7, 10, 2, 6, 16, 27, 15, 29][12, 19, 22, 18, 0, 13, 6, 15, 5, 21, 10, 16, 28][2, 21, 6, 13, 18, 0, 25, 28, 17, 11][15, 2, 29, 10, 16, 27, 7, 20][14, 4, 23][1, 3][8, 26][17, 19][0, 26][11, 17] 
[2, 29, 15, 6, 13, 0, 12, 19, 22, 18, 17, 11, 3, 1, 9][24, 14, 3, 11, 25, 28, 16, 27][8, 26, 0, 28, 16, 6, 13, 18][20, 7, 28][7, 4, 23][16, 28][5, 15][15, 21][17, 19][10, 29][0, 18][6, 13] 
[4, 24, 3, 11, 17, 18, 13, 6, 15, 29, 2, 16, 28][4, 7, 25, 22, 18, 13, 6, 16, 28, 0, 26, 8][2, 7, 25, 22, 12, 8, 26, 0, 17, 11, 3, 9][20, 23, 9, 14, 7, 25, 22, 18, 13, 6, 21][11, 17, 12, 8, 26, 0, 13, 6, 10, 7, 14][2, 15, 6, 13, 0, 12, 22, 17, 11, 3, 9][2, 6, 5, 21, 10, 27, 7, 14, 11, 17, 12][1, 3, 23, 14, 7, 28, 0, 26, 8, 12, 17][1, 4, 7, 2, 21, 6, 13, 0, 19][11, 17, 22, 25, 28, 16, 15, 21][1, 24][0, 18] 
[9, 3, 24, 7, 10, 6, 13, 18, 0, 26, 8, 12, 17][21, 6, 15, 2, 29, 10, 16, 27, 7, 14, 20, 23][16, 28, 25, 22][7, 20][1, 9][0, 26][17, 19][5, 6][4, 20][20, 24][14, 24][11, 14] 
[2, 7, 25, 22, 19, 18, 12, 8, 26, 0, 17, 11, 3, 1, 9][2, 15, 6, 5, 21, 10, 29, 27, 16, 7, 20, 14, 11, 17, 12][3, 1, 9, 23, 14, 20, 24, 7, 25, 22, 18, 13, 6, 2, 21][4, 7, 25, 22, 19, 12, 18, 13, 6, 16, 28, 17, 0, 26, 8][2, 29, 15, 6, 13, 0, 12, 19, 22, 18, 17, 11, 3, 1, 9][6, 10, 29, 2, 7, 28, 16, 27, 15][4, 7, 10, 16, 28][0, 18, 19, 22, 12][19, 17, 11, 3, 24][14, 23][13, 18][16, 28] 
[1, 3, 4, 7, 2, 21, 15, 6, 13, 0, 19][9, 3, 11, 17, 22, 12, 0, 13, 6, 15, 29][8, 26, 0, 28, 7, 14, 23][18, 22, 25][7, 27, 10][7, 20][1, 24][11, 14][5, 6][7, 20][16, 28][0, 26] 
[2, 21, 5, 6, 13, 0, 12, 8][11, 17, 22, 0, 13, 6, 10, 29][24, 14, 3, 11, 25, 28, 16, 27][20, 7, 28, 0, 26][7, 4, 23][0, 18, 19][1, 9, 14][15, 21][11, 25][6, 13][15, 21][6, 13] 
[4, 23, 24, 7, 25, 22, 18, 13, 6, 21][1, 9, 23, 20, 14, 11, 17, 22, 19][15, 2, 29, 10, 16, 27][0, 18, 13, 6, 10][0, 26][7, 28][8, 26][18, 22][12, 17][5, 6][3, 14][11, 25] 
