79190.0 8942.27203861666 0.5267157042327455 0.06808838643371018 87.0 65.0 0.0 
79270.0 7249.773363570587 0.12717992497274488 0.15799614799345216 98.0 73.0 0.0 
110069.78002885552 9882.523335806474 0.09699564948527811 3.819750299263618E-5 136.0 129.0 1.1275386847195357 
83505.2304805533 9011.79903946071 0.19141829393627954 0.008350462487153135 104.0 92.0 0.8701165501165502 
90860.43947349198 9997.832976948648 0.15608941418293937 0.003211716341212744 80.0 86.0 1.6128205128205129 
77715.0 8814.976539544641 0.24665271911290126 0.057162280085097904 77.0 69.0 0.0 
88755.0 7946.9036852158715 0.22803458358780815 0.05266678763016178 82.0 67.0 0.0 
69365.0 8932.240691489364 0.12525693730729703 0.1541623843782117 78.0 83.0 0.2976190476190476 
84129.9110288249 14138.11597571551 0.10727792680662179 4.869331057483907E-6 84.0 146.0 2.58032942667089 
138870.0 7337.019884218475 0.40978472338589844 0.0244059087997375 139.0 71.0 0.0 
89535.0 8554.230287518114 0.2029737070410365 0.013489208633093525 124.0 115.0 0.7529083942877046 
100675.0 6419.695914489363 0.16058400438663695 0.018625563345387054 103.0 76.0 1.4096989966555185 
114410.90645801372 9460.425180709368 0.09570997222026922 3.374731564180405E-5 133.0 135.0 2.445463956333522 
67855.0 9538.639310003262 0.3179403626094022 0.16120745022486885 72.0 73.0 0.0 
80810.0 8128.482557368354 0.1856303561609837 0.11047058307111535 86.0 74.0 0.0 
73380.0 7756.483337362529 0.2858427543679342 0.17022096608427545 82.0 75.0 1.6666666666666665 
85413.13582773873 9167.841972925271 0.14581175741066366 0.0462487153133655 94.0 114.0 2.1952380952380954 
102997.3434939544 10289.18474656519 0.10277475950897982 3.603100303154347E-10 99.0 113.0 1.5666666666666667 
92510.0 9357.736831718437 0.1355344295991778 0.02954779033915725 84.0 80.0 0.40384615384615385 
91355.0 8693.478629594301 0.17535022353731447 0.018625561978209415 92.0 84.0 1.32 
83205.0 7374.24906124132 0.325025693084213 0.12268756501862582 97.0 79.0 1.9404761904761905 
69730.0 7647.476609817806 0.18756951685608894 0.21261594912731763 77.0 78.0 1.2777777777777777 
83895.0 9307.039055482033 0.25178222534727773 0.03725194931439578 70.0 66.0 0.0 
80965.0 8320.031282309588 0.2524428024864275 0.04239020014376607 92.0 71.0 0.0 
65125.0 8969.771994472594 0.11113124289007252 0.2973675607976727 66.0 75.0 0.0 
83045.95744680852 10342.25387858242 0.1618676972905913 0.003211303789352086 92.0 101.0 0.6203007518796992 
66670.0 8258.70161759812 0.35328879753340187 0.2556526207605344 83.0 77.0 0.22894736842105262 
82220.0 9261.25206630096 0.2524204423762895 0.007707131638084774 93.0 74.0 0.14666666666666667 
102730.0 7733.608178652043 0.157372203256321 0.03982462263280649 106.0 75.0 0.27692307692307694 
87970.0 7007.7820527158665 0.1644398766700925 0.06230729701952723 112.0 86.0 1.9084249084249083 
91300.0 9030.105607370155 0.15352094864990212 0.026982789362177177 93.0 80.0 0.0 
63505.0 7625.512934879569 0.12911099691675232 0.34686536485097635 72.0 77.0 0.0 
59370.0 8715.42186990123 0.3237410071943072 0.31153648509751775 71.0 74.0 0.0 
59370.0 8715.42186990123 0.3237410076817818 0.3115364841755549 71.0 74.0 0.0 
81730.0 9804.015340030957 0.23702590272564072 0.03404716278485358 78.0 78.0 0.8006535947712418 
71710.0 9005.955928969684 0.28070400830678294 0.18114080146422198 73.0 67.0 0.0 
89703.84768665164 12482.145853568354 0.09058005653912585 1.2718362003331678E-10 86.0 124.0 1.8333333333333335 
66505.0 8249.568313605101 0.26013417231111324 0.328843448775151 78.0 77.0 0.0 
95689.30192475332 11351.478820934408 0.08992805755395684 4.197048145679742E-17 104.0 137.0 2.5035714285714286 
102997.41062976007 10289.209041182172 0.10277492291880512 5.9450993741226204E-18 99.0 113.0 1.5666666666666667 
138870.0 7318.63572010395 0.39311408043950474 0.02440904419316512 143.0 73.0 0.15526315789473683 
88792.5 9016.878956739947 0.17668020214353183 0.025055429537231784 115.0 106.0 0.6162382445141066 
78800.0 8355.24891774892 0.45537368739551426 0.056518947349461585 93.0 64.0 0.0 
72020.0 9353.184923244382 0.10405936207254925 0.26464517955713185 72.0 97.0 1.831060606060606 
97139.37610990295 11827.107249399469 0.227385556459936 1.1162487331228635E-13 98.0 106.0 2.018922305764411 
99392.32870952139 8116.3868412604415 0.12396787772094464 4.197048145679742E-17 103.0 103.0 2.0833333333333335 
82485.0 9166.443634686457 0.28712298271578374 0.007708119092053704 91.0 73.0 0.0 
76325.0 7760.59314337609 0.14645154231693094 0.15801594892541787 89.0 73.0 0.0 
69595.0 8171.751593800352 0.2479381486349218 0.20167812812834324 74.0 69.0 0.0 
94430.0 9558.251340691599 0.16058581706063724 0.006423432682425493 85.0 81.0 0.6025641025641025 
65125.0 8969.771994472594 0.1111312428900725 0.29736756079767274 66.0 75.0 0.0 
129035.0 7554.148104323318 0.26269785160687337 0.0667951188182865 124.0 79.0 0.0 
58212.83639048597 10285.752156060134 0.165724398334251 0.22353545734808575 67.0 91.0 0.5971479500891266 
105560.0 7892.04540659626 0.1792106397204049 4.218256800527247E-9 133.0 114.0 2.3496037695437995 
83505.2304805533 9011.79903946071 0.19141829393627954 0.008350462487153135 104.0 92.0 0.8701165501165502 
83465.0 8396.252443332809 0.25308555761770524 0.03725590919775915 104.0 88.0 0.6929510155316607 
73380.0 7756.483337362529 0.28584275436792334 0.17022096608429857 82.0 75.0 1.6666666666666665 
113293.53033543559 7013.470874755231 0.12397456040419247 2.9039921229213672E-5 132.0 100.0 1.969038208168643 
94279.23559926993 10633.00270317557 0.16574015709476117 9.901244819593711E-7 96.0 107.0 1.243939393939394 
87100.0 8435.596504548095 0.1991208849600749 0.021837278319375878 82.0 67.0 0.0 
83205.0 7374.24906124132 0.32502066059786355 0.12269367000206607 97.0 79.0 1.9404761904761905 
88755.0 7946.9036852158715 0.22803186057592653 0.0526721473073385 82.0 67.0 0.0 
73380.0 7756.483337362529 0.2858427543679342 0.17022096608427545 82.0 75.0 1.6666666666666665 
81505.0 9716.28868399177 0.262072835697203 0.03404419359830249 80.0 77.0 0.9444444444444444 
88755.0 7946.9036852158715 0.22803186057592653 0.0526721473073385 82.0 67.0 0.0 
82835.0 8822.600296673596 0.16058523948801323 0.061015184549305226 81.0 70.0 0.0 
71710.0 9005.955928969684 0.28070400830678294 0.18114080146422198 73.0 67.0 0.0 
65125.0 8969.771994472594 0.11112423040909389 0.2974004782083843 66.0 75.0 0.0 
102997.40749183134 10289.207905962932 0.10277492289781746 4.62825986275446E-14 99.0 113.0 1.5666666666666667 
87525.0 8658.035855424105 0.2672173568378569 0.007708119218894291 99.0 81.0 0.803921568627451 
67953.61652825822 9268.366136222385 0.17343524168852306 0.2235159867017093 73.0 86.0 0.0 
81990.0 8821.583260243078 0.26013565695750585 0.04367414408687748 80.0 68.0 0.0 
79705.0 8680.961848243316 0.30125899280560153 0.13938848920879368 86.0 76.0 0.8020050125313283 
99257.56536465237 10880.578718160088 0.196557040601598 8.689996387361492E-10 103.0 115.0 2.3239348370927315 
100675.0 6419.695914489363 0.16058556952953987 0.018625561978163133 103.0 76.0 1.4096989966555185 
92714.02659759471 8789.617024698879 0.17411115911206107 0.017990561200687146 118.0 107.0 1.687719298245614 
84127.44585232213 14140.021012480254 0.10727132664441962 6.254760510576631E-10 84.0 146.0 2.58032942667089 
59370.0 8715.42186990123 0.3237410076817818 0.3115364841755549 71.0 74.0 0.0 
76325.0 7760.59314337609 0.14645385260746221 0.15799614643555085 89.0 73.0 0.0 
102310.0 7740.973154102125 0.1592937062013369 0.039820167348107074 106.0 73.0 0.0 
70500.0 6987.063885252404 0.08993218265938276 0.3339755940918313 85.0 78.0 1.1666666666666667 
91575.0 8502.871106126406 0.2100462478462104 0.013489208633093525 121.0 111.0 0.6028282828282828 
82485.0 9166.443634686457 0.28712298271578374 0.007708119092053704 91.0 73.0 0.0 
97178.33333333331 11171.677539517328 0.10599365256769275 7.8375317340148E-6 102.0 155.0 2.1202075421127424 
83505.2304805533 9011.79903946071 0.19141829393627954 0.008350462487153135 104.0 92.0 0.8701165501165502 
126130.0 7406.772377466022 0.33527315224637033 0.061014771997477235 140.0 77.0 0.25271739130434784 
89341.84674316234 9809.696870553451 0.16508221969458278 0.01798561143660092 99.0 115.0 1.0541062801932366 
101521.44480633932 9297.18736169303 0.26464154730946887 4.8677941573622015E-6 102.0 91.0 1.9066496163682864 
85615.0 7423.934368404416 0.32371980202793427 0.1123956326268465 100.0 74.0 1.5507246376811594 
66165.0 9807.47489443858 0.10213373479581324 0.26272285227144454 72.0 100.0 1.96482683982684 
83635.0 8306.270332420467 0.2710660538349738 0.03725310455500014 100.0 82.0 0.5780645161290323 
91837.24010096956 11769.97762110265 0.07323513608601145 3.795477243308574E-6 101.0 144.0 2.0539682539682538 
66975.0 9301.759382649469 0.0892876119925591 0.2974007251354601 66.0 92.0 1.0545454545454545 
84835.0 8875.385384558082 0.25629545737404724 0.027622822626086948 87.0 73.0 0.4 
99090.76989619377 10779.932469131749 0.2145403413025154 1.433845514608688E-17 102.0 107.0 1.8037883169462117 
72020.0 9353.184923244382 0.10405936207254925 0.26464517955713185 72.0 97.0 1.831060606060606 
138870.0 7318.63572010395 0.3931162215444298 0.024409043790468817 143.0 73.0 0.15526315789473683 
75560.0 9260.847024792138 0.34813396051846063 0.15928149294899666 87.0 77.0 0.0 
89450.0 9495.342530397576 0.24344809866387565 9.966708936332158E-18 108.0 99.0 0.5004887585532747 
76325.0 7760.59314337609 0.14645154231693094 0.15801594892541787 89.0 73.0 0.0 
95689.20405537929 11351.315228700983 0.0899280575540317 3.2674019814116794E-13 104.0 137.0 2.5035714285714286 
87865.0 10358.968981467797 0.16379629636094797 1.3778225730365396E-10 104.0 112.0 1.4720647773279352 
67912.27411600317 8856.45730503375 0.17471720426996643 0.22353545484736054 70.0 76.0 0.0 
84920.0 9604.057673402072 0.2755537932187377 0.03147184977039013 80.0 68.0 0.0 
130370.0 8250.245009074406 0.27811953575042525 0.05138168573316409 122.0 70.0 0.0 
93296.33924853125 8973.62734548508 0.15930113187017875 0.010919836100653712 121.0 118.0 1.5593073593073592 
104635.0 7748.4074024459915 0.15483022335228433 3.2839129192104614E-5 135.0 115.0 2.449275362318841 
68965.0 9054.82343266254 0.22868352716670595 0.21517525863702106 64.0 68.0 0.0 
59370.0 8715.42186990123 0.3237410071943072 0.31153648509751775 71.0 74.0 0.0 
83205.0 7374.24906124132 0.325025693084213 0.12268756501862582 97.0 79.0 1.9404761904761905 
73380.0 7756.483337362529 0.2858427543679342 0.17022096608427545 82.0 75.0 1.6666666666666665 
73380.0 7756.483337362529 0.2858427543679342 0.17022096608427545 82.0 75.0 1.6666666666666665 
