83085.0 8951.16279680134 0.4843100739489401 0.10020381814530395 86.0 80.0 1.3225806451612903 
68150.0 8136.788729902026 0.26978466532918205 0.1939854365055095 69.0 67.0 0.0 
64355.0 7595.8690724266235 0.1528776978417266 0.30318602261048305 78.0 84.0 2.166666666666667 
86515.0 6802.024720404402 0.1528735723018574 0.08671518606751519 105.0 89.0 2.07316534040672 
141030.0 6014.727012936484 0.1490236382322754 0.0064234326824254865 160.0 95.0 2.0352907961603615 
110000.0 9490.696209569613 0.1689352894238353 0.008350462487153132 125.0 96.0 0.0 
104649.13805782373 8586.073854330101 0.19527235354574574 0.008992805755379361 111.0 109.0 1.2165266106442578 
139620.0 7423.916435942613 0.3827997065404954 0.024405909954223603 158.0 77.0 0.0 
56505.0 8450.72844611045 0.11497952732442927 0.3237022271272875 67.0 67.0 0.0 
86730.0 8948.041002743763 0.14452723561950534 0.0700154153906559 83.0 79.0 0.4195804195804196 
86340.0 7577.782430812017 0.308967112024666 0.06680369989722508 105.0 75.0 0.19047619047619047 
80309.73738520926 11892.363012354715 0.12910885164700608 0.005780346820809248 89.0 119.0 0.6461133069828722 
120640.0 7291.8387330825635 0.14837494248125987 0.03660886380258078 132.0 80.0 0.4358974358974359 
112620.0 7588.613977632782 0.38218822139994535 0.09955082996837372 96.0 75.0 0.0 
87935.0 11973.969452213543 0.1618705035971223 2.8230547119571433E-64 85.0 102.0 2.3957621326042378 
83895.0 9307.039055482033 0.25178346281231295 0.037251949314435255 70.0 66.0 0.0 
81267.1545080401 13164.254730811655 0.10148924644857539 3.497540063690531E-18 85.0 141.0 2.646179183135705 
63085.0 7838.316263661903 0.34170310778441826 0.30700064226075785 80.0 79.0 1.1428571428571428 
79870.0 10352.080168738867 0.22352753635242095 0.04367373153500321 79.0 80.0 0.34523809523809523 
47945.0 8356.819168566153 0.22803078759123172 0.41171868450738996 59.0 77.0 0.0 
96823.08987179057 9205.749342082203 0.1766443987667363 1.949586921997802E-28 123.0 119.0 0.8074853801169591 
52355.0 6920.783132530118 0.10923837313303775 0.3815028901734104 66.0 79.0 0.0 
68650.0 9596.724622409556 0.11626198628224634 0.2716763005780347 71.0 84.0 0.25757575757575757 
97860.0 7521.794871794873 0.18692164352745305 0.24409044193216856 95.0 73.0 0.0 
96430.0 7311.5704616139565 0.16058375378199943 0.018634554453919438 96.0 83.0 1.5384615384615383 
79270.0 7249.773363570587 0.1271844621742738 0.15799614643545284 98.0 73.0 0.0 
80710.0 7682.801293450812 0.29548343158673396 0.12011183786243977 96.0 79.0 1.9603174603174605 
89197.87179487181 9148.508920788041 0.10919835560122106 0.010277492291880781 106.0 123.0 2.0860805860805858 
81240.5182427089 11684.211758253872 0.15222883612671145 0.012845215157353885 85.0 107.0 0.755050505050505 
90820.0 10594.075526957635 0.16765085041793154 0.011560693641618497 87.0 94.0 1.7067669172932332 
95475.41588024121 10795.709194575256 0.3385149023636843 1.1829211267348037E-25 117.0 115.0 1.785722234754493 
64575.0 8413.361164280032 0.17086331031707958 0.24344809745573195 70.0 74.0 0.0 
81267.15454442313 13165.155212187823 0.1014902362551636 4.492665463957008E-22 85.0 141.0 2.646179183135705 
83085.0 8951.197849538108 0.48431007464869646 0.10020381712809635 86.0 80.0 1.3225806451612903 
110000.0 9490.422685607886 0.1689362794206068 0.008350462487153135 125.0 96.0 0.0 
71710.0 7846.2868851506955 0.2575845186773785 0.18113296315878757 83.0 74.0 1.1666666666666667 
102580.21505733149 9492.951632621141 0.10084665545880996 0.006423432682795794 112.0 109.0 2.38 
89972.65164260461 9271.561225674237 0.10855601234358939 0.0051387462307294724 109.0 131.0 2.355116514690983 
47945.0 8109.207703597999 0.09829518699904834 0.41174203194406006 59.0 79.0 0.4740740740740741 
105185.0 8628.656583024149 0.18178487771535676 0.00899280562832096 119.0 116.0 1.3665217391304345 
79270.0 7249.773363570587 0.12718396711210225 0.15801644398738116 98.0 73.0 0.0 
131750.0 6385.704169808764 0.3494354805173202 0.02440590879897244 140.0 75.0 1.1052631578947367 
98573.05136248625 8275.666137558774 0.11562022068192426 0.02183818593349928 115.0 89.0 1.6142857142857143 
97730.14998876533 8926.895985275894 0.11883350502756793 1.5177534187752889E-24 123.0 114.0 1.5574358974358975 
67375.0 8840.871333151503 0.2382942523880814 0.15735578874732023 67.0 74.0 0.49411764705882355 
99057.09945135882 8242.894028420136 0.11883309187163543 0.015417063350794284 118.0 104.0 1.9547619047619047 
105875.0 6186.960671523227 0.2074768756423433 0.22160842754367935 112.0 75.0 1.1052631578947367 
75540.0 8234.33023204047 0.21967281665996682 0.2299682962135659 98.0 97.0 2.188888888888889 
56740.0 8268.57421435536 0.07644875008106766 0.3378291586384072 66.0 74.0 0.0 
86730.0 8948.041002743763 0.14452723535460751 0.07001541623832892 83.0 79.0 0.4195804195804196 
88280.0 8433.092330925392 0.19848217242385505 0.021839258621358756 81.0 68.0 0.27692307692307694 
94659.93763498295 7724.527778729399 0.19654812896173568 0.023141684835451173 115.0 76.0 0.0 
80710.0 7682.801718164045 0.29547790410168107 0.12011819034526171 96.0 79.0 1.9603174603174605 
86340.0 7577.782430812017 0.308967112024666 0.06680369989722508 105.0 75.0 0.19047619047619047 
121170.0 7396.27367456468 0.35521582733781637 4.696890348269335E-13 123.0 82.0 1.1052631578947367 
47945.0 8356.819168566153 0.22802220651224683 0.4117280906901234 59.0 77.0 0.0 
56740.0 8268.57421435536 0.07643885019269815 0.3378725535207531 66.0 74.0 0.0 
71710.0 7846.287596975899 0.25757965056526205 0.18114080164439875 83.0 74.0 1.1666666666666667 
110000.0 9490.422685607886 0.1689362794206068 0.008350462487153135 125.0 96.0 0.0 
78565.0 9127.718873665795 0.2299501439310979 0.09248554913294797 86.0 81.0 0.6394692264257481 
97730.15009299992 8926.904373577963 0.11883350462487151 9.198530519281438E-17 123.0 114.0 1.5574358974358975 
88255.0 7076.3205409261445 0.32820902650299244 0.08670520231213873 103.0 84.0 1.8647734956051385 
110695.38401420582 8590.284408231351 0.13169010621395535 2.8466079324814297E-5 116.0 97.0 1.7666666666666666 
87835.41941893632 11288.101592770325 0.1470992486641513 0.003855049543178114 94.0 109.0 1.60668913663469 
141190.0 6720.351529928316 0.19333864034765216 3.705962915481269E-30 153.0 108.0 2.345835866261398 
105875.0 6186.960671523227 0.2074768756423433 0.22160842754367935 112.0 75.0 1.1052631578947367 
104649.13805782373 8586.073854330101 0.19527235354574574 0.008992805755379361 111.0 109.0 1.2165266106442578 
79270.0 7249.773363570587 0.12718396717561647 0.15801644138040274 98.0 73.0 0.0 
86340.0 7577.782430812017 0.308967112024666 0.06680369989722508 105.0 75.0 0.19047619047619047 
87860.0 8440.604851793505 0.20041085191681746 0.02183967106726029 81.0 66.0 0.0 
47945.0 8356.819168566153 0.22802220651224683 0.4117280906901234 59.0 77.0 0.0 
96726.98001533606 6592.187150369979 0.20107151219148053 0.023129968362221864 137.0 107.0 2.0152823920265783 
82641.80330701686 13563.47208811251 0.11048543466302467 7.42497985974213E-7 95.0 151.0 2.100301148127235 
66160.0 8895.209580838322 0.12461319136275682 0.28644879307124627 68.0 76.0 0.0 
82010.1566910705 12181.8687070495 0.11498125996809853 7.42497985974213E-7 95.0 138.0 1.6209758756985142 
52355.0 6920.783132530118 0.10919835560123338 0.38155190133607386 66.0 79.0 0.0 
137100.0 5800.711127671522 0.1721450255155124 0.0064234326824254865 151.0 82.0 1.0606060606060606 
99965.0 7717.304181559626 0.22610153043003844 0.05266554801368663 96.0 77.0 0.0 
68905.0 8872.156613377254 0.2145426518368657 0.18499486101013585 73.0 73.0 0.0 
52133.6412137379 8208.023869293771 0.10919836074157137 0.3815518950404847 66.0 102.0 1.6866666666666668 
113379.01278228065 10957.978129558855 0.09251219998402599 2.8466079324814304E-5 114.0 129.0 2.1025641025641026 
139905.0 8243.368826517124 0.4142874787676959 5.288735911241148E-5 177.0 93.0 0.9149051490514905 
98145.0 10201.119312040466 0.17535872345167072 0.01027617437289723 93.0 85.0 0.758563074352548 
87818.46416700566 12475.577911400174 0.09378310728789405 5.770925451454088E-26 97.0 155.0 3.0729907773386036 
87935.0 11973.969452213547 0.1618705035971223 4.658027639829313E-72 85.0 102.0 2.3957621326042378 
86730.0 8948.041002743763 0.14452723535457349 0.07001541623843781 83.0 79.0 0.4195804195804196 
98854.47317370481 11057.078324482713 0.1246192971309644 0.0019278549084761894 106.0 135.0 1.9601998392900812 
86515.0 7528.74986106066 0.3539311408015545 0.08671634121287478 105.0 96.0 1.963995082255137 
86340.0 7577.782430812017 0.308967112024666 0.06680369989722508 105.0 75.0 0.19047619047619047 
101960.0 8923.419394747509 0.17022245149360507 0.008992805755379361 132.0 135.0 1.8974051069703244 
71710.0 7846.2868851506955 0.25758451867746973 0.18113296315868274 83.0 74.0 1.1666666666666667 
79270.0 7249.773363570587 0.12718132678007288 0.15801644398766698 98.0 73.0 0.0 
95482.78317423245 10410.163230807766 0.3461938133127317 1.5177534187752889E-24 105.0 97.0 1.695175438596491 
141190.0 6720.495247036868 0.1933453228825109 4.760389101453139E-34 153.0 108.0 2.345835866261398 
75540.0 8233.249638444944 0.21968139773895168 0.2299588900308325 98.0 97.0 2.188888888888889 
52355.0 6920.783132530118 0.1091983556012333 0.381551901336074 66.0 79.0 0.0 
105875.0 6186.960671523227 0.2074768756423433 0.22160842754367935 112.0 75.0 1.1052631578947367 
121170.0 7396.27367456468 0.35521582733812945 6.033256709401843E-17 123.0 82.0 1.1052631578947367 
95529.58700646072 10521.985672167953 0.0931397747430604 1.155251234313454E-9 106.0 142.0 2.3642232472019704 
68905.0 8872.156613377254 0.21454265159304262 0.18499486125382275 73.0 73.0 0.0 
109060.0 7636.357548120925 0.363543020659532 0.03789420971195618 121.0 73.0 0.0 
103595.00000000001 9292.918334116444 0.09121274683548844 0.006423435565254256 114.0 110.0 2.6904761904761907 
64575.0 8413.361164280032 0.17087081846434377 0.24343869287334208 70.0 74.0 0.0 
94000.0 6925.540175727559 0.20233796679668484 0.030831487471851285 118.0 89.0 1.692093023255814 
104649.11903171934 8586.088771900115 0.19527301405238912 0.008991816478683416 111.0 109.0 1.2165266106442578 
94575.41005505685 7899.335612561301 0.18113387077291102 0.023141684835451173 132.0 95.0 1.032900432900433 
56505.0 8450.72844611045 0.11497952732442927 0.3237022271272875 67.0 67.0 0.0 
97730.09988165622 8926.843193261997 0.11883663961636785 1.1815710365165623E-20 123.0 114.0 1.5574358974358975 
154765.0 6333.057879393729 0.42073484069886946 1.3343216648114787E-20 168.0 84.0 0.4625 
71710.0 7846.30255624574 0.25755828312322127 0.1811183617052671 83.0 74.0 1.1666666666666667 
114380.0 8022.283671095029 0.4316199393917222 0.08092592812620258 98.0 71.0 0.0 
104649.13791087568 8586.073969550363 0.19527235363057835 0.00899280562832096 111.0 109.0 1.2165266106442578 
