[10, 15, 5, 21, 2, 29, 27, 16, 6, 13, 18, 22, 12, 19, 17][5, 21, 6, 15, 27, 16, 28, 25, 11, 3, 1, 9, 23, 24, 7][19, 0, 26, 8, 12, 18, 13, 6, 21, 15, 16, 7, 14, 9, 23][21, 10, 29, 2, 7, 24, 4, 3, 11, 25, 28, 17, 19, 0, 26][1, 23, 9, 14, 11, 17, 19, 0, 12, 18, 22, 25, 7, 4, 20][2, 29, 15, 16, 27, 7, 28, 25, 22, 0, 26, 8, 19, 17, 12][11, 3, 9, 1, 4, 20, 14, 23, 24, 7, 2, 15, 16, 27, 29][0, 26, 8, 19, 22, 25, 7, 24, 23, 3, 4, 1, 14, 11, 17][16, 28, 25, 0, 13, 6, 10, 7, 14, 4, 24, 20][22, 25, 28, 17, 18, 13, 6, 21, 15, 16, 27, 29][6, 10, 27, 7, 14, 11, 17, 0, 26, 8, 19][2, 7, 10, 16, 6, 21, 5, 15, 29, 27] 
[9, 3, 1, 14, 11, 17, 22, 0, 26, 8, 12, 18, 19][7, 4, 23, 24, 20][7, 10, 15][11, 17, 19][5, 6, 21][2, 29, 27][16, 28, 25][2, 16][5, 15][6, 13][7, 28][4, 14] 
[3, 23, 14, 7, 25, 0, 18, 12][11, 17, 22, 0, 26, 8, 19][15, 10, 7, 24][1, 4, 7, 28][5, 6, 21][27, 16, 28][10, 29, 15][2, 10][5, 15][6, 13][9, 14][7, 20] 
[10, 15, 5, 21, 2, 29, 27, 16, 6, 13, 18, 22, 12, 19, 17][5, 21, 6, 15, 27, 16, 28, 25, 11, 3, 1, 9, 23, 24, 7][1, 23, 9, 14, 11, 17, 19, 0, 12, 18, 22, 25, 7, 4, 20][11, 3, 9, 1, 23, 14, 4, 20, 24, 7, 2, 29][6, 5, 15][12, 0, 26][10, 21][0, 19][6, 21][2, 29][2, 7][8, 26] 
[9, 14, 23, 3, 1, 24, 20, 7, 27, 16, 10, 29, 2, 6, 15][14, 20, 23, 3, 11, 17, 19, 18, 0, 25, 22, 12, 8, 26][7, 16, 2, 21, 10, 6, 13, 0, 26, 8, 19, 12][12, 22][5, 6][0, 19][17, 28][6, 21][1, 23][3, 4][2, 7][8, 26] 
[10, 15, 5, 21, 2, 29, 27, 16, 6, 13, 18, 22, 12, 19, 17][16, 28, 25, 22, 0, 13, 6, 10, 7, 14, 3, 4, 23, 24, 20][5, 21, 6, 15, 27, 16, 28, 25, 11, 3, 1, 9, 23, 24, 7][22, 25, 28, 17, 18, 13, 6, 5, 21, 2, 15, 10, 16, 27, 29][19, 0, 26, 8, 12, 18, 13, 6, 21, 15, 16, 7, 14, 24, 20][21, 10, 29, 2, 7, 24, 4, 3, 11, 25, 28, 17, 19, 0, 26][1, 23, 9, 14, 11, 17, 19, 0, 12, 18, 22, 25, 7, 4, 20][0, 26, 8, 19, 22, 25, 7, 24, 23, 3, 4, 1, 14, 11, 17][11, 3, 1, 4, 14, 24, 7, 2, 16, 27, 29][2, 15, 16, 7, 28, 0, 26, 8, 12][2, 7, 25][6, 21] 
[10, 15, 5, 21, 2, 29, 27, 16, 6, 13, 18, 22, 12, 19, 17][5, 21, 6, 15, 27, 16, 28, 25, 11, 3, 1, 9, 23, 24, 7][1, 23, 9, 14, 11, 17, 19, 0, 12, 18, 22, 25, 7, 4, 20][11, 3, 9, 1, 23, 14, 4, 20, 24, 7, 2, 29][5, 6, 21, 15, 10, 7, 16, 2, 29, 27][5, 15, 6, 21, 10, 16, 7, 2, 29, 27][22, 19, 12, 0, 26][6, 5, 15][10, 21][0, 19][2, 29][8, 26] 
[19, 18, 12, 8, 26, 0, 22, 17, 11, 14, 24, 1, 3, 9, 23][6, 16, 2, 21, 5, 15, 10, 7, 28][5, 15, 2, 29, 27, 7, 25, 28][4, 7, 10, 27, 29, 2, 16, 28][12, 18][2, 16][11, 17][6, 13][13, 18][8, 26][1, 24][7, 20] 
[9, 3, 1, 14, 11, 17, 22, 0, 26, 8, 12, 18, 19][23, 4, 7, 27, 29, 2, 16, 28, 25][5, 6, 21][7, 10][15, 16][11, 17][5, 15][6, 13][23, 24][8, 26][1, 24][7, 20] 
[19, 12, 8, 26, 0, 22, 17, 11, 14, 24, 1, 3, 9, 23][17, 12, 19, 22, 25, 28, 0, 13, 18][5, 15, 2, 29, 27, 7, 25][6, 16, 2, 21, 5, 15][4, 7, 10, 16, 28][20, 7, 25][12, 18][2, 16][11, 17][6, 13][8, 26][1, 24] 
[14, 20, 23, 3, 11, 17, 18, 0, 25, 22, 12, 8, 26][7, 16, 2, 10, 6, 13, 0, 26, 8, 12][9, 1, 24, 7, 27, 29, 2, 15][12, 22][5, 6][0, 19][17, 28][6, 21][1, 23][3, 4][2, 7][8, 26] 
[19, 12, 8, 26, 0, 22, 17, 11, 14, 1, 3, 9, 23][6, 2, 21, 5, 15, 10][0, 28, 16, 27, 7, 20][12, 18][2, 16][11, 17][2, 29][6, 13][22, 25][4, 7][8, 26][1, 24] 
[14, 4, 24, 20, 7, 10, 16, 28, 0, 25, 22, 12, 19, 8, 26][9, 23, 14, 7, 25, 0, 22, 18, 19, 12, 17, 11][8, 26, 0, 22, 17, 11, 14, 1, 3, 9, 23, 24][1, 4, 7, 28, 17, 18, 0, 26, 8, 12, 19][3, 23, 4, 7, 27, 29, 2, 16, 28, 25][2, 29, 15, 16, 28, 25, 22, 19, 8, 26][9, 3, 14, 7, 4, 23, 24, 20][15, 10, 7, 24][2, 16, 15][5, 6, 21][5, 15][6, 13] 
[4, 23, 20, 24, 3, 14, 7, 25, 0, 22, 18, 19, 12, 17, 11][19, 18, 12, 8, 26, 0, 22, 17, 11, 14, 1, 3, 9, 23, 24][1, 14, 3, 9, 23, 4, 7, 27, 29, 2, 16, 28, 25][2, 29, 15, 16, 28, 25, 22, 19, 8, 26][5, 6, 21][9, 14, 20][7, 10][2, 27][5, 15][6, 13][1, 4][7, 20] 
[4, 24, 20, 7, 27, 29, 2, 10, 16, 6, 15, 5, 21][3, 24, 4, 23, 20, 7, 25, 28, 16][5, 6, 16, 2, 27, 29, 15, 10, 21][1, 14, 11, 17, 0, 13, 18][2, 27, 15, 5][12, 8, 19][6, 2, 21][6, 13][0, 26][19, 22][1, 9][0, 19] 
[11, 14, 7, 2, 29, 15, 16, 28, 25, 22, 19, 8, 26][19, 8, 26, 0, 22, 17, 11, 14, 24][3, 23, 14, 7, 25, 0, 18, 12][25, 28, 16, 27, 29][1, 4, 7, 28, 17][15, 10, 7, 24][5, 6, 21][9, 14, 20][2, 10][5, 15][6, 13][7, 20] 
[5, 21, 6, 15, 27, 16, 28, 25, 11, 3, 1, 9, 23, 24, 7][9, 23, 3, 4, 20, 14, 1, 24, 7, 16, 2, 29, 27, 10, 21][17, 0, 13, 6, 10, 7, 4, 20, 14, 9, 3, 1, 23][2, 15, 5, 21, 6, 13, 0, 25, 28, 7, 4][18, 22, 12, 19][0, 26, 8, 19][4, 3, 11][0, 19][0, 26][1, 23][2, 7][0, 26] 
[4, 23, 20, 24, 3, 14, 7, 25, 0, 22, 18, 19, 12, 17, 11][1, 14, 20, 24, 3, 9, 23, 4, 7, 27, 29, 2, 16, 28, 25][19, 18, 12, 8, 26, 0, 22, 17, 11, 14, 1, 3, 9, 23, 24][2, 29, 15, 16, 28, 25, 22, 19, 8, 26][5, 6, 21][9, 14, 20][7, 10][2, 15][5, 15][6, 13][1, 4][7, 20] 
[19, 12, 8, 26, 0, 22, 17, 11, 14, 1, 3, 9, 23][6, 10, 7, 4, 24, 3, 14, 1, 9, 23, 20][6, 2, 21, 5, 15, 10][0, 28, 16, 27, 7, 20][12, 18][2, 16][11, 17][2, 29][6, 13][22, 25][8, 26][1, 24] 
[1, 14, 20, 24, 3, 9, 23, 4, 7, 27, 29, 2, 16, 28, 25][19, 18, 12, 8, 26, 0, 22, 17, 11, 14, 1, 3, 9, 23, 24][2, 29, 15, 16, 28, 25, 22, 19, 8, 26][7, 25, 0, 22, 18, 19, 12, 17, 11][9, 14, 24, 20][5, 6, 21][7, 10][2, 15][5, 15][6, 13][1, 4][7, 20] 
[5, 21, 6, 15, 27, 16, 28, 25, 11, 3, 1, 9, 23, 24, 7][22, 25, 28, 17, 18, 13, 6, 5, 21, 2, 15, 10, 16, 27, 29][19, 0, 26, 8, 12, 18, 13, 6, 21, 15, 16, 7, 14, 9, 23][21, 10, 29, 2, 7, 24, 4, 3, 11, 25, 28, 17, 19, 0, 26][6, 21, 10, 2, 29, 27, 7, 14, 11, 17, 18, 0, 26, 8, 19][1, 23, 9, 14, 11, 17, 19, 0, 12, 18, 22, 25, 7, 4, 20][2, 29, 15, 16, 27, 7, 28, 25, 22, 0, 26, 8, 19, 17, 12][11, 3, 9, 1, 4, 20, 14, 23, 24, 7, 2, 15, 16, 27, 29][0, 26, 8, 19, 22, 25, 7, 24, 23, 3, 4, 1, 14, 11, 17][10, 15, 5, 21, 2, 27, 16, 6, 13, 18, 12, 17][16, 28, 25, 0, 13, 6, 10, 7, 14, 4, 24, 20][2, 7, 10, 16, 6, 21, 5, 15, 29, 27] 
[9, 3, 1, 14, 11, 17, 22, 0, 26, 8, 12, 18, 19][7, 4, 23, 24, 20][7, 10, 15][11, 17, 19][5, 6, 21][2, 29, 27][16, 28, 25][2, 16][5, 15][6, 13][7, 28][4, 14] 
[3, 23, 14, 7, 25, 0, 18, 12][11, 17, 22, 0, 26, 8, 19][15, 10, 7, 24][1, 4, 7, 28][5, 6, 21][27, 16, 28][10, 29, 15][2, 10][5, 15][6, 13][9, 14][7, 20] 
[10, 15, 5, 21, 2, 29, 27, 16, 6, 13, 18, 22, 12, 19, 17][5, 21, 6, 15, 27, 16, 28, 25, 11, 3, 1, 9, 23, 24, 7][1, 23, 9, 14, 11, 17, 19, 0, 12, 18, 22, 25, 7, 4, 20][11, 3, 9, 1, 23, 14, 4, 20, 24, 7, 2, 29, 15, 6, 21][6, 5, 15][12, 0, 26][10, 21][0, 19][6, 21][2, 29][2, 7][8, 26] 
[9, 14, 23, 3, 1, 24, 20, 7, 27, 16, 10, 29, 2, 6, 15][12, 19, 8, 26, 0, 13, 6, 10, 21, 2, 16, 7, 14, 20][14, 23, 3, 11, 17, 19, 18, 0, 25, 22][12, 22][5, 6][0, 19][17, 28][6, 21][1, 23][3, 4][2, 7][8, 26] 
[10, 15, 5, 21, 2, 29, 27, 16, 6, 13, 18, 22, 12, 19, 17][16, 28, 25, 22, 0, 13, 6, 10, 7, 14, 3, 4, 23, 24, 20][5, 21, 6, 15, 27, 16, 28, 25, 11, 3, 1, 9, 23, 24, 7][22, 25, 28, 17, 18, 13, 6, 5, 21, 2, 15, 10, 16, 27, 29][19, 0, 26, 8, 12, 18, 13, 6, 21, 15, 16, 7, 14, 24, 20][21, 10, 29, 2, 7, 24, 4, 3, 11, 25, 28, 17, 19, 0, 26][1, 23, 9, 14, 11, 17, 19, 0, 12, 18, 22, 25, 7, 4, 20][11, 3, 9, 1, 4, 20, 14, 23, 24, 7, 2, 15, 16, 27, 29][0, 26, 8, 19, 22, 25, 7, 24, 23, 3, 4, 1, 14, 11, 17][2, 15, 16, 7, 28, 0, 26, 8, 12][2, 7, 25][6, 21] 
[9, 23, 3, 4, 20, 14, 1, 24, 7, 16, 2, 29, 27, 10, 21][2, 7, 28, 0, 18, 22, 25, 11, 14, 20, 4, 1, 3, 23, 9][5, 21, 6, 15, 27, 16, 28, 25, 11, 3, 1, 23, 24, 7][9, 14, 20, 4, 7, 10, 6, 13, 0, 17][2, 15, 5, 6, 13, 0, 25, 7, 4][18, 22, 12, 19][0, 26, 8, 19][17, 0, 19][4, 3, 11][0, 26][1, 23][0, 26] 
[19, 18, 12, 8, 26, 0, 22, 17, 11, 14, 24, 1, 3, 9, 23][6, 16, 2, 21, 5, 15, 10, 7, 28][4, 7, 10, 27, 29, 2, 16, 28][2, 29, 27, 7, 25][12, 18][2, 16][11, 17][6, 13][13, 18][8, 26][1, 24][7, 20] 
[9, 3, 1, 14, 11, 17, 22, 0, 26, 8, 12, 18, 19][23, 4, 7, 27, 29, 2, 16, 28, 25][5, 6, 21][7, 10][15, 16][11, 17][5, 15][6, 13][23, 24][8, 26][1, 24][7, 20] 
[19, 12, 8, 26, 0, 22, 17, 11, 14, 24, 1, 3, 9, 23][17, 12, 19, 22, 25, 28, 0, 13, 18][5, 15, 2, 29, 27, 7, 25][6, 16, 2, 21, 5, 15][4, 7, 10, 16, 28][20, 7, 25, 28][12, 18][2, 16][11, 17][6, 13][8, 26][1, 24] 
[12, 8, 26, 0, 13, 6, 10, 2, 16, 7, 20][14, 3, 11, 17, 18, 0, 25, 22, 12, 8, 26][9, 1, 24, 7, 27, 29, 2, 15][12, 22][5, 6][0, 19][17, 28][6, 21][1, 23][3, 4][2, 7][8, 26] 
[19, 12, 8, 26, 0, 22, 17, 11, 14, 1, 3, 9, 23][6, 2, 21, 5, 15, 10][0, 28, 16, 27, 7, 20][12, 18][2, 16][11, 17][2, 29][6, 13][22, 25][4, 7][8, 26][1, 24] 
[1, 14, 20, 24, 3, 9, 23, 4, 7, 27, 29, 2, 16, 28, 25][9, 23, 14, 7, 25, 0, 22, 18, 19, 12, 17, 11][8, 26, 0, 22, 17, 11, 14, 1, 3, 9, 23, 24][1, 4, 7, 28, 17, 18, 0, 26, 8, 12, 19][2, 29, 15, 16, 28, 25, 22, 19, 8, 26][14, 24, 7, 10, 16, 28, 25, 22, 12, 19][2, 16, 15][5, 6, 21][7, 24][5, 15][6, 13][20, 24] 
[1, 14, 20, 24, 3, 9, 23, 4, 7, 27, 29, 2, 16, 28, 25][19, 18, 12, 8, 26, 0, 22, 17, 11, 14, 1, 3, 9, 23, 24][11, 17, 12, 19, 18, 22, 0, 25, 7, 14, 3, 24][2, 29, 15, 16, 28, 25, 22, 19, 8, 26][5, 6, 21][9, 14, 20][7, 10][2, 15][5, 15][6, 13][1, 4][7, 20] 
[4, 23, 20, 24, 3, 14, 7, 25, 0, 22, 18, 19, 12, 17, 11][19, 18, 12, 8, 26, 0, 22, 17, 11, 14, 1, 3, 9, 23, 24][2, 15, 29, 10, 27][16, 28, 25, 22][5, 6, 21][7, 10][5, 15][6, 13][14, 20][25, 28][1, 4][7, 20] 
[11, 14, 7, 2, 29, 15, 16, 28, 25, 22, 19, 8, 26][19, 8, 26, 0, 22, 17, 11, 14, 24][3, 23, 14, 7, 25, 0, 18, 12][1, 4, 7, 28, 17][15, 10, 7, 24][25, 28, 16, 27][5, 6, 21][9, 14, 20][2, 10][5, 15][6, 13][7, 20] 
[9, 23, 3, 4, 20, 14, 1, 24, 7, 16, 2, 29, 27, 10, 21][5, 21, 6, 15, 27, 16, 28, 25, 11, 3, 1, 23, 24, 7][17, 0, 13, 6, 10, 7, 4, 20, 14, 9, 3, 1, 23][2, 15, 5, 6, 13, 0, 25, 7, 4][18, 22, 12, 19][0, 26, 8, 19][4, 3, 11][0, 19][0, 26][1, 23][2, 7][0, 26] 
[3, 24, 14, 7, 16, 2, 21, 10, 6, 13, 0, 26, 8, 19, 12][13, 18, 22, 12, 17, 28, 25, 11, 3, 14, 23, 4, 7, 24, 20][9, 14, 23, 3, 1, 24, 20, 7, 27, 16, 10, 29, 2, 6, 15][0, 26, 8, 12, 22, 25, 28, 16, 10, 2, 21, 15, 27, 29][14, 23, 3, 11, 17, 19, 18, 0, 25, 22, 12, 8, 26][5, 6][0, 19][6, 21][1, 23][3, 4][2, 7][8, 26] 
[4, 7, 20, 14, 11, 17, 28, 25, 0, 19, 18, 22, 12, 8, 26][13, 18, 19, 12, 8, 26, 0, 22, 17, 11, 14, 1, 3, 9, 23][16, 10, 7, 4, 23, 1, 9, 3, 14, 20, 24][6, 2, 21, 5, 15, 10][0, 28, 16, 27, 7, 20][12, 18][2, 16][2, 29][6, 13][22, 25][8, 26][1, 24] 
[1, 14, 20, 24, 3, 9, 23, 4, 7, 27, 29, 2, 16, 28, 25][19, 18, 12, 8, 26, 0, 22, 17, 11, 14, 1, 3, 9, 23, 24][3, 14, 7, 25, 0, 22, 18, 19, 12, 17, 11][2, 29, 15, 16, 28, 25, 22, 19, 8, 26][9, 14, 24, 20][5, 6, 21][7, 10][2, 15][5, 15][6, 13][1, 4][7, 20] 
[10, 15, 5, 21, 2, 29, 27, 16, 6, 13, 18, 22, 12, 19, 17][16, 28, 25, 22, 0, 13, 6, 10, 7, 14, 3, 4, 23, 24, 20][5, 21, 6, 15, 27, 16, 28, 25, 11, 3, 1, 9, 23, 24, 7][22, 25, 28, 17, 18, 13, 6, 5, 21, 2, 15, 10, 16, 27, 29][19, 0, 26, 8, 12, 18, 13, 6, 21, 15, 16, 7, 14, 9, 23][21, 10, 29, 2, 7, 24, 4, 3, 11, 25, 28, 17, 19, 0, 26][6, 21, 10, 2, 29, 27, 7, 14, 11, 17, 18, 0, 26, 8, 19][1, 23, 9, 14, 11, 17, 19, 0, 12, 18, 22, 25, 7, 4, 20][11, 3, 9, 1, 4, 20, 14, 23, 24, 7, 2, 15, 16, 27, 29][0, 26, 8, 19, 22, 25, 7, 24, 23, 3, 4, 1, 14, 11, 17][2, 15, 27, 7, 25, 0, 26, 8, 19, 17, 12][2, 7, 10, 16, 6, 21, 5, 15, 29, 27] 
[9, 3, 1, 14, 11, 17, 22, 0, 26, 8, 12, 18, 19][7, 4, 23, 24, 20][7, 10, 15][11, 17, 19][5, 6, 21][2, 29, 27][16, 28, 25][2, 16][5, 15][6, 13][7, 28][4, 14] 
[3, 23, 14, 7, 25, 0, 18, 12][11, 17, 22, 0, 26, 8, 19][15, 10, 7, 24][1, 4, 7, 28][5, 6, 21][27, 16, 28][10, 29, 15][2, 10][5, 15][6, 13][9, 14][7, 20] 
[10, 15, 5, 21, 2, 29, 27, 16, 6, 13, 18, 22, 12, 19, 17][5, 21, 6, 15, 27, 16, 28, 25, 11, 3, 1, 9, 23, 24, 7][1, 23, 9, 14, 11, 17, 19, 0, 12, 18, 22, 25, 7, 4, 20][11, 3, 9, 1, 23, 14, 4, 20, 24, 7, 2, 29, 15, 6, 21][6, 5, 15][12, 0, 26][10, 21][0, 19][6, 21][2, 29][2, 7][8, 26] 
[12, 19, 8, 26, 0, 13, 6, 10, 21, 2, 16, 7, 14, 20][9, 23, 3, 1, 24, 20, 7, 27, 16, 10, 29, 2, 6, 15][14, 23, 3, 11, 17, 19, 18, 0, 25, 22, 12, 8, 26][12, 22][5, 6][0, 19][17, 28][6, 21][1, 23][3, 4][2, 7][8, 26] 
[10, 15, 5, 21, 2, 29, 27, 16, 6, 13, 18, 22, 12, 19, 17][16, 28, 25, 22, 0, 13, 6, 10, 7, 14, 3, 4, 23, 24, 20][5, 21, 6, 15, 27, 16, 28, 25, 11, 3, 1, 9, 23, 24, 7][22, 25, 28, 17, 18, 13, 6, 5, 21, 2, 15, 10, 16, 27, 29][19, 0, 26, 8, 12, 18, 13, 6, 21, 15, 16, 7, 14, 24, 20][21, 10, 29, 2, 7, 24, 4, 3, 11, 25, 28, 17, 19, 0, 26][1, 23, 9, 14, 11, 17, 19, 0, 12, 18, 22, 25, 7, 4, 20][2, 29, 15, 16, 27, 7, 28, 25, 22, 0, 26, 8, 19, 17, 12][11, 3, 9, 1, 4, 20, 14, 23, 24, 7, 2, 15, 16, 27, 29][0, 26, 8, 19, 22, 25, 7, 24, 23, 3, 4, 1, 14, 11, 17][2, 7, 25][6, 21] 
[9, 3, 24, 1, 23, 4, 20, 14, 7, 16, 28, 0, 12, 19, 17][5, 21, 6, 15, 27, 16, 28, 25, 11, 3, 1, 9, 23, 24, 7][6, 15, 5, 21, 10, 16, 28, 17, 19, 12, 8, 26, 0, 13, 18][6, 5, 15, 21, 10, 29, 2, 16, 28, 25, 22, 17, 18, 0, 19][1, 23, 9, 14, 11, 17, 19, 0, 12, 18, 22, 25, 7, 4, 3][4, 3, 9, 1, 23, 14, 24, 20, 7, 2, 27, 16, 15, 10, 21][11, 3, 9, 1, 24, 14, 23, 4, 20, 7, 25, 0, 12, 8, 26][11, 3, 9, 1, 23, 14, 4, 20, 24, 7, 2, 29][5, 6, 10, 21, 15, 16, 2, 27, 29][0, 26][6, 21][2, 29] 
[19, 18, 12, 8, 26, 0, 22, 17, 11, 14, 24, 1, 3, 9, 23][5, 15, 2, 29, 27, 7, 25, 28][4, 7, 10, 27, 29, 2, 16, 28][6, 16, 2, 21][20, 7, 28][12, 18][2, 16][11, 17][6, 13][13, 18][8, 26][1, 24] 
[9, 3, 1, 14, 11, 17, 22, 0, 26, 8, 12, 18, 19][23, 4, 7, 27, 29, 2, 16, 28, 25][5, 6, 21][7, 10][15, 16][11, 17][5, 15][6, 13][23, 24][8, 26][1, 24][7, 20] 
[19, 18, 12, 8, 26, 0, 22, 17, 11, 14, 24, 1, 3, 9, 23][11, 17, 12, 19, 22, 25, 28, 0, 13, 18][5, 15, 2, 29, 27, 7, 25][4, 7, 10, 27, 2, 16, 28][6, 21, 15][12, 18][2, 16][11, 17][6, 13][8, 26][1, 24][7, 20] 
[12, 8, 26, 0, 13, 6, 10, 2, 16, 7, 20][14, 3, 11, 17, 18, 0, 25, 22, 12, 8, 26][9, 1, 24, 7, 27, 29, 2, 15][12, 22][5, 6][0, 19][17, 28][6, 21][1, 23][3, 4][2, 7][8, 26] 
[19, 12, 8, 26, 0, 22, 17, 11, 14, 1, 3, 9, 23][6, 2, 21, 5, 15, 10][0, 28, 16, 27, 7, 20][12, 18][2, 16][11, 17][2, 29][6, 13][22, 25][4, 7][8, 26][1, 24] 
[14, 4, 24, 20, 7, 10, 16, 28, 0, 25, 22, 12, 19, 8, 26][9, 23, 14, 7, 25, 0, 22, 18, 19, 12, 17, 11][8, 26, 0, 22, 17, 11, 14, 1, 3, 9, 23, 24][1, 4, 7, 28, 17, 18, 0, 26, 8, 12, 19][2, 29, 15, 16, 28, 25, 22, 19, 8, 26][23, 4, 7, 27, 29, 2, 16, 28, 25][9, 3, 14, 7, 4, 23, 24, 20][15, 10, 7, 24][2, 16, 15][5, 6, 21][5, 15][6, 13] 
[1, 14, 20, 24, 3, 9, 23, 4, 7, 27, 29, 2, 16, 28, 25][19, 18, 12, 8, 26, 0, 22, 17, 11, 14, 1, 3, 9, 23, 24][11, 17, 12, 19, 18, 22, 0, 25, 7, 14, 3, 24, 23][2, 29, 15, 16, 28, 25, 22, 19, 8, 26][5, 6, 21][9, 14, 20][7, 10][2, 15][5, 15][6, 13][1, 4][7, 20] 
[4, 24, 20, 7, 27, 29, 2, 10, 16, 6, 15, 5, 21][3, 24, 4, 23, 20, 7, 25, 28, 16][1, 14, 11, 17, 0, 13][5, 15, 27, 2, 10, 29][5, 6, 16, 2, 27][19, 18, 12, 22][8, 19][6, 13][0, 26][1, 9][2, 21][0, 19] 
[11, 14, 7, 2, 29, 15, 16, 28, 25, 22, 19, 8, 26][19, 8, 26, 0, 22, 17, 11, 14, 24][3, 23, 14, 7, 25, 0, 18, 12][1, 4, 7, 28, 17][15, 10, 7, 24][25, 28, 16, 27][5, 6, 21][9, 14, 20][2, 10][5, 15][6, 13][7, 20] 
[5, 21, 6, 15, 27, 16, 28, 25, 11, 3, 1, 9, 23, 24, 7][9, 23, 3, 4, 20, 14, 1, 24, 7, 16, 2, 29, 27, 10, 21][17, 0, 13, 6, 10, 7, 4, 20, 14, 9, 3, 1, 23][2, 15, 5, 21, 6, 13, 0, 25, 28, 7, 4][6, 13, 0, 26, 8, 19][18, 22, 12, 19][4, 3, 11][0, 19][0, 26][1, 23][2, 7][0, 26] 
[4, 23, 20, 24, 3, 14, 7, 25, 0, 22, 18, 19, 12, 17, 11][1, 14, 20, 24, 3, 9, 23, 4, 7, 27, 29, 2, 16, 28, 25][19, 18, 12, 8, 26, 0, 22, 17, 11, 14, 1, 3, 9, 23, 24][2, 29, 15, 16, 28, 25, 22, 19, 8, 26][2, 15, 29, 10, 27][5, 6, 21][9, 14, 20][7, 10][5, 15][6, 13][1, 4][7, 20] 
[19, 12, 8, 26, 0, 22, 17, 11, 14, 1, 3, 9, 23][6, 10, 7, 4, 3, 14, 1, 9, 23, 20][6, 2, 21, 5, 15, 10][0, 28, 16, 27, 7, 20][12, 18][2, 16][11, 17][2, 29][6, 13][22, 25][8, 26][1, 24] 
[10, 15, 5, 21, 2, 29, 27, 16, 6, 13, 18, 22, 12, 19, 17][16, 28, 25, 22, 0, 13, 6, 10, 7, 14, 3, 4, 23, 24, 20][5, 21, 6, 15, 27, 16, 28, 25, 11, 3, 1, 9, 23, 24, 7][22, 25, 28, 17, 18, 13, 6, 5, 21, 2, 15, 10, 16, 27, 29][19, 0, 26, 8, 12, 18, 13, 6, 21, 15, 16, 7, 14, 9, 23][21, 10, 29, 2, 7, 24, 4, 3, 11, 25, 28, 17, 19, 0, 26][6, 21, 10, 2, 29, 27, 7, 14, 11, 17, 18, 0, 26, 8, 19][1, 23, 9, 14, 11, 17, 19, 0, 12, 18, 22, 25, 7, 4, 20][2, 15, 27, 7, 25, 0, 26, 8, 19, 17, 12, 18, 13, 6, 5][11, 3, 9, 1, 4, 20, 14, 23, 24, 7, 2, 15, 16, 27, 29][0, 26, 8, 19, 22, 25, 7, 24, 23, 3, 4, 1, 14, 11, 17][2, 7, 10, 16, 6, 21, 5, 15, 29, 27] 
[9, 3, 1, 14, 11, 17, 22, 0, 26, 8, 12, 18, 19][7, 4, 23, 24, 20][7, 10, 15][11, 17, 19][5, 6, 21][2, 29, 27][16, 28, 25][2, 16][5, 15][6, 13][7, 28][4, 14] 
[3, 23, 14, 7, 25, 0, 18, 12][11, 17, 22, 0, 26, 8, 19][15, 10, 7, 24][1, 4, 7, 28][5, 6, 21][27, 16, 28][10, 29, 15][2, 10][5, 15][6, 13][9, 14][7, 20] 
[5, 21, 6, 15, 27, 16, 28, 25, 11, 3, 1, 9, 23, 24, 7][1, 23, 9, 14, 11, 17, 19, 0, 12, 18, 22, 25, 7, 4, 20][0, 26, 8, 19, 22, 25, 7, 24, 4, 20, 23, 9, 1, 3, 14][15, 5, 21, 2, 29, 27, 16, 6, 13, 18, 22, 12, 19, 17][0, 19, 17, 28, 25, 11, 3, 4, 24, 7, 2, 29, 10][0, 22][5, 6][0, 19][6, 21][2, 29][3, 11][2, 7] 
[9, 14, 23, 3, 1, 24, 20, 7, 27, 16, 10, 29, 2, 6, 15][12, 19, 8, 26, 0, 13, 6, 10, 21, 2, 16, 7, 14, 20][14, 23, 3, 11, 17, 19, 18, 0, 25, 22, 12, 8, 26][12, 22][5, 6][0, 19][17, 28][6, 21][1, 23][3, 4][2, 7][8, 26] 
[9, 3, 24, 1, 23, 4, 20, 14, 7, 16, 28, 0, 12, 19, 17][5, 21, 6, 15, 27, 16, 28, 25, 11, 3, 1, 9, 23, 24, 7][6, 15, 5, 21, 10, 16, 28, 17, 19, 12, 8, 26, 0, 13, 18][6, 5, 15, 21, 10, 29, 2, 16, 28, 25, 22, 17, 18, 0, 19][26, 0, 22, 25, 28, 16, 15, 6, 5, 21, 2, 27, 7, 10, 29][1, 23, 9, 14, 11, 17, 19, 0, 12, 18, 22, 25, 7, 4, 3][2, 29, 27, 10, 6, 5, 21, 15, 16, 7, 24, 3, 9, 1, 4][11, 3, 9, 1, 23, 14, 4, 20, 24, 7, 2, 29, 15, 6, 21][4, 3, 9, 1, 23, 14, 24, 20, 7, 2, 27, 16, 15, 10, 21][11, 3, 9, 1, 24, 14, 23, 4, 20, 7, 25, 0, 12, 8, 26][6, 21, 10, 7, 27, 2, 29, 15, 16, 28, 0, 26, 8][5, 6, 10, 21, 15, 16, 2, 27, 29] 
[9, 3, 24, 1, 23, 4, 20, 14, 7, 16, 28, 0, 12, 19, 17][5, 21, 6, 15, 27, 16, 28, 25, 11, 3, 1, 9, 23, 24, 7][1, 23, 9, 14, 11, 17, 19, 0, 12, 18, 22, 25, 7, 4, 3][6, 21, 10, 16, 28, 17, 19, 8, 26, 0, 13, 18][11, 3, 9, 1, 23, 14, 4, 20, 24, 7, 2, 29][4, 3, 9, 23, 24, 7, 27, 15, 21][11, 3, 4, 7, 25, 0, 12, 8, 26][6, 10, 16, 28, 25, 22, 0, 19][5, 6, 2, 29][0, 26][6, 21][2, 29] 
[19, 18, 12, 8, 26, 0, 22, 17, 11, 14, 24, 1, 3, 9, 23][5, 15, 2, 29, 27, 7, 25, 28][4, 7, 10, 27, 29, 2, 16, 28][6, 16, 2, 21][12, 18][2, 16][11, 17][6, 13][13, 18][8, 26][1, 24][7, 20] 
[9, 3, 1, 14, 11, 17, 22, 0, 26, 8, 12, 18, 19][23, 4, 7, 27, 29, 2, 16, 28, 25][5, 6, 21][7, 10][15, 16][11, 17][5, 15][6, 13][23, 24][8, 26][1, 24][7, 20] 
[19, 12, 8, 26, 0, 22, 17, 11, 14, 24, 1, 3, 9, 23][11, 17, 12, 19, 22, 25, 28, 0, 13, 18][5, 15, 2, 29, 27, 7, 25][6, 16, 2, 21, 5, 15][4, 7, 10, 16, 28][20, 7, 25][12, 18][2, 16][11, 17][6, 13][8, 26][1, 24] 
[14, 20, 23, 3, 11, 17, 18, 0, 25, 22, 12, 8, 26][7, 16, 10, 6, 13, 0, 26, 8, 12][9, 1, 24, 7, 27, 29, 15][12, 22][5, 6][0, 19][17, 28][6, 21][1, 23][3, 4][2, 7][8, 26] 
[19, 12, 8, 26, 0, 22, 17, 11, 14, 1, 3, 9, 23][6, 2, 21, 5, 15, 10][0, 28, 16, 27, 7, 20][12, 18][2, 16][11, 17][2, 29][6, 13][22, 25][4, 7][8, 26][1, 24] 
[14, 4, 24, 20, 7, 10, 16, 28, 0, 25, 22, 12, 19, 8, 26][9, 23, 14, 7, 25, 0, 22, 18, 19, 12, 17, 11][8, 26, 0, 22, 17, 11, 14, 1, 3, 9, 23, 24][1, 4, 7, 28, 17, 18, 0, 26, 8, 12, 19][2, 29, 15, 16, 28, 25, 22, 19, 8, 26][23, 4, 7, 27, 29, 2, 16, 28, 25][15, 10, 7, 24][2, 16, 15][5, 6, 21][20, 24, 23][5, 15][6, 13] 
[1, 14, 20, 24, 3, 9, 23, 4, 7, 27, 29, 2, 16, 28, 25][19, 18, 12, 8, 26, 0, 22, 17, 11, 14, 1, 3, 9, 23, 24][11, 17, 12, 19, 18, 22, 0, 25, 7, 14, 3, 24][2, 16, 28, 25, 22, 19, 8, 26][5, 6, 21][9, 14, 20][7, 10][2, 15][5, 15][6, 13][1, 4][7, 20] 
[4, 24, 20, 7, 27, 29, 2, 10, 16, 6, 15, 5, 21][3, 24, 4, 23, 20, 7, 25, 28, 16][1, 14, 11, 17, 0, 13][5, 15, 27, 2, 10, 29][19, 18, 12, 22][2, 16, 6, 5][8, 19][6, 13][0, 26][1, 9][2, 21][0, 19] 
[11, 14, 7, 2, 29, 15, 16, 28, 25, 22, 19, 8, 26][19, 8, 26, 0, 22, 17, 11, 14, 24][3, 23, 14, 7, 25, 0, 18, 12][1, 4, 7, 28, 17][15, 10, 7, 24][25, 28, 16, 27][5, 6, 21][9, 14, 20][2, 10][5, 15][6, 13][7, 20] 
[9, 23, 3, 4, 20, 14, 1, 24, 7, 16, 2, 29, 27, 10, 21][5, 21, 6, 15, 27, 16, 28, 25, 11, 3, 1, 23, 24, 7][14, 20, 4, 7, 10, 6, 13, 0, 17][2, 15, 5, 6, 13, 0, 25, 7, 4][18, 22, 12, 19][4, 3, 11][0, 19][0, 26][1, 23][8, 19][2, 7][0, 26] 
[4, 23, 20, 24, 3, 14, 7, 25, 0, 22, 18, 19, 12, 17, 11][1, 14, 20, 24, 3, 9, 23, 4, 7, 27, 29, 2, 16, 28, 25][19, 18, 12, 8, 26, 0, 22, 17, 11, 14, 1, 3, 9, 23, 24][2, 29, 15, 16, 28, 25, 22, 19, 8, 26][5, 15, 29, 27][5, 6, 21][9, 14, 20][7, 10][2, 15][6, 13][1, 4][7, 20] 
[6, 15, 29, 2, 7, 24, 20, 4, 14, 23, 1, 9, 3, 11][6, 13, 18, 22, 12, 19, 17][22, 18, 17, 0, 12, 8, 26][11, 25, 28, 16, 27][10, 21][5, 6][0, 19][0, 26][6, 21][1, 14][2, 29][2, 7] 
[10, 15, 5, 21, 2, 29, 27, 16, 6, 13, 18, 22, 12, 19, 17][16, 28, 25, 22, 0, 13, 6, 10, 7, 14, 3, 4, 23, 24, 20][5, 21, 6, 15, 27, 16, 28, 25, 11, 3, 1, 9, 23, 24, 7][22, 25, 28, 17, 18, 13, 6, 5, 21, 2, 15, 10, 16, 27, 29][19, 0, 26, 8, 12, 18, 13, 6, 21, 15, 16, 7, 14, 9, 23][21, 10, 29, 2, 7, 24, 4, 3, 11, 25, 28, 17, 19, 0, 26][6, 21, 10, 2, 29, 27, 7, 14, 11, 17, 18, 0, 26, 8, 19][1, 23, 9, 14, 11, 17, 19, 0, 12, 18, 22, 25, 7, 4, 20][2, 29, 15, 16, 27, 7, 28, 25, 22, 0, 26, 8, 19, 17, 12][11, 3, 9, 1, 4, 20, 14, 23, 24, 7, 2, 15, 16, 27, 29][0, 26, 8, 19, 22, 25, 7, 24, 23, 3, 4, 1, 14, 11, 17][2, 7, 10, 16, 6, 21, 5, 15, 29, 27] 
[9, 3, 1, 14, 11, 17, 22, 0, 26, 8, 12, 18, 19][7, 4, 23, 24, 20][7, 10, 15][11, 17, 19][5, 6, 21][2, 29, 27][16, 28, 25][2, 16][5, 15][6, 13][7, 28][4, 14] 
[3, 23, 14, 7, 25, 0, 18, 12][11, 17, 22, 0, 26, 8, 19][15, 10, 7, 24][1, 4, 7, 28][5, 6, 21][27, 16, 28][10, 29, 15][2, 10][5, 15][6, 13][9, 14][7, 20] 
[6, 15, 5, 21, 10, 16, 28, 17, 19, 12, 8, 26, 0, 13, 18][26, 0, 22, 25, 28, 16, 15, 6, 5, 21, 2, 27, 7, 10, 29][1, 23, 9, 14, 11, 17, 19, 0, 12, 18, 22, 25, 7, 4, 3][2, 29, 27, 10, 6, 5, 21, 15, 16, 7, 24, 3, 9, 1, 4][11, 3, 9, 1, 24, 14, 23, 4, 20, 7, 25, 0, 12, 8, 26][17, 19, 12, 22, 18, 13, 6, 15, 10, 2, 29, 27, 7, 28][10, 21, 15][7, 24][0, 19][6, 21][3, 11][10, 21] 
[9, 14, 23, 3, 1, 24, 20, 7, 27, 16, 10, 29, 2, 6, 15][12, 19, 8, 26, 0, 13, 6, 10, 21, 2, 16, 7, 14, 20][14, 23, 3, 11, 17, 19, 18, 0, 25, 22, 12, 8, 26][12, 22][5, 6][0, 19][17, 28][6, 21][1, 23][3, 4][2, 7][8, 26] 
[9, 3, 24, 1, 23, 4, 20, 14, 7, 16, 28, 0, 12, 19, 17][5, 21, 6, 15, 27, 16, 28, 25, 11, 3, 1, 9, 23, 24, 7][6, 15, 5, 21, 10, 16, 28, 17, 19, 12, 8, 26, 0, 13, 18][6, 5, 15, 21, 10, 29, 2, 16, 28, 25, 22, 17, 18, 0, 19][26, 0, 22, 25, 28, 16, 15, 6, 5, 21, 2, 27, 7, 10, 29][6, 21, 10, 7, 27, 2, 29, 15, 16, 28, 0, 26, 8, 19, 22][1, 23, 9, 14, 11, 17, 19, 0, 12, 18, 22, 25, 7, 4, 3][2, 29, 27, 10, 6, 5, 21, 15, 16, 7, 24, 3, 9, 1, 4][11, 3, 9, 1, 23, 14, 4, 20, 24, 7, 2, 29, 15, 6, 21][4, 3, 9, 1, 23, 14, 24, 20, 7, 2, 27, 16, 15, 10, 21][11, 3, 9, 1, 24, 14, 23, 4, 20, 7, 25, 0, 12, 8, 26][5, 6, 10, 21, 15, 16, 2, 27, 29] 
[17, 12, 19, 22, 25, 28, 7, 10, 2, 21, 6, 16, 27, 15, 29][0, 28, 17, 11, 14, 3, 23, 1, 4, 24, 20, 7, 16, 15, 2][4, 23, 20, 24, 3, 14, 7, 25, 0, 22, 18, 19, 12, 17, 11][8, 12, 0, 25, 28, 16, 7, 4, 24, 1, 23, 3, 9, 14, 20][1, 14, 20, 24, 3, 9, 23, 4, 7, 27, 29, 2, 16, 28, 25][18, 0, 26, 8, 19, 22, 25, 28, 16, 15, 29, 2, 10, 7, 27][19, 18, 12, 8, 26, 0, 22, 17, 11, 14, 1, 3, 9, 23, 24][1, 4, 24, 20, 7, 14, 23, 3, 9][6, 13, 0, 18, 17, 12][5, 15, 29, 27][5, 6, 21][7, 20] 
[19, 18, 12, 8, 26, 0, 22, 17, 11, 14, 24, 1, 3, 9, 23][5, 15, 2, 29, 27, 7, 25, 28][4, 7, 10, 27, 29, 2, 16, 28][6, 16, 2, 21][12, 18][2, 16][11, 17][6, 13][13, 18][8, 26][1, 24][7, 20] 
[9, 3, 1, 14, 11, 17, 22, 0, 26, 8, 12, 18, 19][23, 4, 7, 27, 29, 2, 16, 28, 25][5, 6, 21][7, 10][15, 16][11, 17][5, 15][6, 13][23, 24][8, 26][1, 24][7, 20] 
[19, 12, 8, 26, 0, 22, 17, 11, 14, 24, 1, 3, 9, 23][11, 17, 12, 19, 22, 25, 28, 0, 13, 18][5, 15, 2, 29, 27, 7, 25][6, 16, 2, 21, 5, 15][4, 7, 10, 16, 28][20, 7, 25, 28][12, 18][2, 16][11, 17][6, 13][8, 26][1, 24] 
[14, 23, 3, 11, 17, 18, 0, 25, 22, 12, 8, 26][12, 8, 26, 0, 13, 6, 2, 16, 7, 20][9, 14, 3, 24, 7, 27, 10, 29, 2, 15][12, 22][5, 6][0, 19][17, 28][6, 21][1, 23][3, 4][2, 7][8, 26] 
[19, 12, 8, 26, 0, 22, 17, 11, 14, 1, 3, 9, 23][6, 2, 21, 5, 15, 10][0, 28, 16, 27, 7, 20][12, 18][2, 16][11, 17][2, 29][6, 13][22, 25][4, 7][8, 26][1, 24] 
[1, 14, 20, 24, 3, 9, 23, 4, 7, 27, 29, 2, 16, 28, 25][8, 19, 12, 22, 25, 0, 28, 16, 10, 7, 20, 24, 4, 14][9, 23, 14, 7, 25, 0, 22, 18, 19, 12, 17, 11][8, 26, 0, 22, 17, 11, 14, 1, 3, 9, 23, 24][2, 29, 15, 16, 28, 25, 22, 19, 8, 26][3, 14, 7, 4, 23, 24, 20][0, 18, 17, 28, 7, 4, 1][15, 10, 7, 24][5, 6, 21][2, 16][5, 15][6, 13] 
[4, 24, 20, 7, 27, 29, 2, 10, 16, 6, 15, 5, 21][3, 24, 4, 23, 20, 7, 25, 28, 16][5, 6, 16, 2, 27, 29, 15, 10, 21][1, 14, 11, 17, 0, 13, 18][2, 27, 15, 5][12, 8, 19][6, 13][0, 26][19, 22][1, 9][2, 21][0, 19] 
[11, 14, 7, 2, 29, 15, 16, 28, 25, 22, 19, 8, 26][19, 8, 26, 0, 22, 17, 11, 14, 24][3, 23, 14, 7, 25, 0, 18, 12][1, 4, 7, 28, 17][15, 10, 7, 24][25, 28, 16, 27][5, 6, 21][9, 14, 20][2, 10][5, 15][6, 13][7, 20] 
[16, 28, 25, 22, 0, 13, 6, 10, 7, 14, 3, 4, 23, 24, 20][21, 10, 29, 2, 7, 24, 4, 3, 11, 25, 28, 17, 19, 0, 26][6, 21, 10, 2, 29, 27, 7, 14, 11, 17, 18, 0, 26, 8, 19][11, 3, 9, 1, 4, 20, 14, 23, 24, 7, 2, 15, 16, 27, 29][5, 21, 6, 15, 27, 16, 28, 25, 11, 3, 1, 9, 23][17, 19][22, 25][0, 19][1, 23][12, 17][2, 7][0, 26] 
[1, 14, 20, 24, 3, 9, 23, 4, 7, 27, 29, 2, 16, 28, 25][19, 18, 12, 8, 26, 0, 22, 17, 11, 14, 1, 3, 9, 23, 24][11, 17, 12, 19, 18, 22, 0, 25, 7, 14, 3, 24][1, 9, 14, 24, 20][22, 19, 8, 26][5, 6, 21][7, 10][2, 15][5, 15][6, 13][1, 4][7, 20] 
[6, 15, 29, 2, 7, 24, 20, 4, 14, 23, 1, 9, 3, 11][6, 13, 18, 22, 12, 19, 17][11, 25, 28, 16, 27][12, 8, 26][10, 21][5, 6][0, 19][0, 26][6, 21][1, 14][2, 29][2, 7] 
[3, 23, 14, 7, 25, 0, 18, 12][11, 17, 22, 0, 26, 8, 19][15, 10, 7, 24][1, 4, 7, 28][5, 6, 21][27, 16, 28][10, 29, 15][2, 10][5, 15][6, 13][9, 14][7, 20] 
[9, 14, 23, 3, 1, 24, 20, 7, 27, 16, 10, 29, 2, 6, 15][12, 19, 8, 26, 0, 13, 6, 10, 21, 2, 16, 7, 14][14, 23, 3, 11, 17, 19, 18, 0, 25, 22, 12, 8, 26][12, 22][5, 6][0, 19][17, 28][6, 21][1, 23][3, 4][2, 7][8, 26] 
[4, 24, 20, 7, 27, 29, 2, 10, 16, 6, 15, 5, 21][3, 24, 4, 23, 20, 7, 25, 28, 16][1, 14, 11, 17, 0, 13, 18][5, 6, 16, 2, 27, 15, 21][2, 27, 15, 5][12, 8, 19][6, 2, 21][6, 13][0, 26][19, 22][1, 9][0, 19] 
[9, 3, 1, 14, 11, 17, 22, 0, 26, 8, 12, 18, 19][23, 4, 7, 27, 29, 2, 16, 28, 25][5, 6, 21][7, 10][15, 16][11, 17][5, 15][6, 13][23, 24][8, 26][1, 24][7, 20] 
[1, 14, 20, 24, 3, 9, 23, 4, 7, 27, 29, 2, 16, 28, 25][14, 4, 24, 20, 7, 10, 16, 28, 0, 25, 22, 12, 19][9, 23, 14, 7, 25, 0, 22, 18, 19, 12, 17, 11][8, 26, 0, 22, 17, 11, 14, 1, 3, 9, 23, 24][1, 4, 7, 28, 17, 18, 0, 26, 8, 12, 19][2, 29, 15, 16, 28, 25, 22, 19, 8, 26][2, 16, 15][5, 6, 21][7, 24][5, 15][6, 13][20, 24] 
[11, 14, 7, 2, 29, 15, 16, 28, 25, 22, 19, 8, 26][19, 8, 26, 0, 22, 17, 11, 14, 24][3, 23, 14, 7, 25, 0, 18, 12][1, 4, 7, 28, 17][15, 10, 7, 24][25, 28, 16, 27][5, 6, 21][9, 14, 20][2, 10][5, 15][6, 13][7, 20] 
[7, 10, 27, 29, 2, 15, 21, 5, 6, 16, 28, 17, 19, 18, 22][6, 13, 18, 22, 17, 11, 3, 24, 1, 9, 14, 7, 10, 15, 21][1, 14, 20, 24, 3, 9, 23, 4, 7, 27, 29, 2, 16, 28, 25][19, 18, 12, 8, 26, 0, 22, 17, 11, 14, 1, 3, 9, 23, 24][1, 9, 14, 3, 23, 24, 4, 20, 7, 25, 0, 12, 8, 26][27, 29, 2, 15, 10, 16, 7, 25, 11, 17, 18, 0, 28][11, 17, 12, 19, 18, 22, 0, 25, 7, 14, 3, 24][2, 29, 27, 7, 16, 15, 10, 21, 6, 5][9, 23, 1, 14, 11, 3, 24, 4, 7, 20][1, 4, 20, 24, 14, 23, 3, 9][5, 15, 27, 7][9, 14, 20] 
[1, 14, 20, 24, 3, 9, 23, 4, 7, 27, 29, 2, 16, 28, 25][19, 18, 12, 8, 26, 0, 22, 17, 11, 14, 1, 3, 9, 23, 24][11, 17, 12, 19, 18, 22, 0, 25, 7, 14, 3, 24][5, 6, 21][9, 14, 20][7, 10][2, 15][5, 15][6, 13][8, 26][1, 4][7, 20] 
[19, 12, 8, 26, 0, 22, 17, 11, 14, 1, 3, 9, 23][6, 2, 21, 5, 15, 10][0, 28, 16, 27, 7, 20][12, 18][2, 16][11, 17][2, 29][6, 13][22, 25][4, 7][8, 26][1, 24] 
[19, 18, 12, 8, 26, 0, 22, 17, 11, 14, 24, 1, 3, 9, 23][5, 15, 2, 29, 27, 7, 25, 28][4, 7, 10, 27, 29, 2, 16, 28][6, 16, 2, 21][12, 18][2, 16][11, 17][6, 13][13, 18][8, 26][1, 24][7, 20] 
[9, 3, 1, 14, 11, 17, 22, 0, 26, 8, 12, 18, 19][7, 4, 23, 24, 20][7, 10, 15][11, 17, 19][5, 6, 21][2, 29, 27][16, 28, 25][2, 16][5, 15][6, 13][7, 28][4, 14] 
[19, 12, 8, 26, 0, 22, 17, 11, 14, 24, 1, 3, 9, 23][11, 17, 12, 19, 22, 25, 28, 0, 13, 18][5, 15, 2, 29, 27, 7][6, 16, 2, 21, 5, 15][4, 7, 10, 16, 28][20, 7, 25][12, 18][2, 16][11, 17][6, 13][8, 26][1, 24] 
[10, 15, 5, 21, 2, 29, 27, 16, 6, 13, 18, 22, 12, 19, 17][5, 21, 6, 15, 27, 16, 28, 25, 11, 3, 1, 9, 23, 24, 7][0, 19, 17, 28, 25, 11, 3, 4, 24, 7, 2, 29, 10, 27, 15][1, 23, 9, 14, 11, 17, 19, 0, 12, 18, 22, 25, 7, 4, 20][20, 7, 24, 4, 23, 1, 14, 3, 11, 17, 12, 18, 13, 6, 21][0, 26, 8, 19, 22, 25, 7, 24, 4, 20, 23, 9, 1, 3, 14][2, 29, 10, 27, 7, 20, 24, 1, 14, 11][0, 22][5, 6][0, 19][6, 21][2, 7] 
[16, 28, 25, 22, 0, 13, 6, 10, 7, 14, 3, 4, 23, 24, 20][5, 21, 6, 15, 27, 16, 28, 25, 11, 3, 1, 9, 23, 24, 7][22, 25, 28, 17, 18, 13, 6, 5, 21, 2, 15, 10, 16, 27, 29][19, 0, 26, 8, 12, 18, 13, 6, 21, 15, 16, 7, 14, 9, 23][1, 23, 9, 14, 11, 17, 19, 0, 12, 18, 22, 25, 7, 4, 20][2, 29, 15, 16, 27, 7, 28, 25, 22, 0, 26, 8, 19, 17, 12][2, 7, 10, 16, 6, 21, 5, 15, 29, 27][4, 1, 9, 3, 11][17, 19][0, 26][6, 21][0, 26] 
[6, 15, 29, 2, 7, 24, 20, 4, 14, 23, 1, 9, 3, 11][6, 13, 18, 22, 12, 19, 17][11, 25, 28, 16, 27][0, 12, 8, 26][10, 21][5, 6][0, 19][0, 26][6, 21][1, 14][2, 29][2, 7] 
[9, 3, 24, 1, 23, 4, 20, 14, 7, 16, 28, 0, 12, 19, 17][5, 21, 6, 15, 27, 16, 28, 25, 11, 3, 1, 9, 23, 24, 7][6, 15, 5, 21, 10, 16, 28, 17, 19, 12, 8, 26, 0, 13, 18][6, 5, 15, 21, 10, 29, 2, 16, 28, 25, 22, 17, 18, 0, 19][26, 0, 22, 25, 28, 16, 15, 6, 5, 21, 2, 27, 7, 10, 29][6, 21, 10, 7, 27, 2, 29, 15, 16, 28, 0, 26, 8, 19, 22][1, 23, 9, 14, 11, 17, 19, 0, 12, 18, 22, 25, 7, 4, 3][2, 29, 27, 10, 6, 5, 21, 15, 16, 7, 24, 3, 9, 1, 4][11, 3, 9, 1, 23, 14, 4, 20, 24, 7, 2, 29, 15, 6, 21][4, 3, 9, 1, 23, 14, 24, 20, 7, 2, 27, 16, 15, 10, 21][11, 3, 9, 1, 24, 14, 23, 4, 20, 7, 25, 0, 12, 8, 26][5, 6, 10, 21, 15, 16, 2, 27, 29] 
