[2, 21, 5, 6, 13, 18, 22, 25, 11, 3, 9, 14, 24, 4, 23][3, 11, 17, 12, 18, 0, 13, 6, 16, 7, 24, 23, 9, 14, 20][15, 27, 7, 14, 11, 17, 19, 8, 26, 0, 13, 6, 21, 10, 16][24, 23, 4, 1, 9, 14, 7, 27, 2, 21, 10, 6, 16, 15, 29][23, 3, 24, 4, 14, 20, 7, 16, 15, 21, 6, 2, 10, 29, 27][27, 29, 15, 5, 21, 10, 2, 6, 16, 7, 20, 14, 11, 17, 28][1, 3, 24, 20, 7, 27, 29, 2, 16, 28, 17, 11, 25, 0, 19][9, 3, 23, 20, 4, 7, 28, 0, 12, 22, 25, 11, 14, 1, 24][16, 10, 6, 13, 18, 12, 8, 26, 0, 25, 7, 14, 3, 1, 24][14, 24, 7, 2, 29, 10, 15, 6, 13, 18, 0, 22, 12, 19, 17][0, 18, 17, 28, 16, 6, 5, 21, 15, 2, 27, 7, 14, 23, 1][8, 26, 0, 25, 11, 17, 18, 12, 19, 22] 
[9, 1, 3, 4, 24, 23, 14, 11, 25][6, 13, 18, 22, 17, 28, 7, 16][1, 14, 23, 9, 3, 4, 20][15, 29, 2, 27, 10, 21][19, 12, 17, 0, 26][5, 21, 15, 29][4, 7][7, 27][4, 20][4, 7][8, 12][4, 20] 
[8, 26, 0, 17, 12, 19, 22, 18, 13, 6, 10][9, 1, 3, 4, 20, 24, 23, 14, 11, 25][16, 27][15, 21][15, 29][2, 29][16, 28][5, 21][7, 28][4, 7][5, 6][15, 27] 
[2, 29, 15, 16, 7, 25, 22][9, 23, 24, 4, 20, 7, 27][0, 17, 12, 8, 26][11, 17, 18, 13][7, 28, 17][5, 21, 15][6, 15, 10][1, 3][7, 14][1, 23][8, 19][18, 19] 
[8, 26, 0, 17, 12, 19, 22, 18, 13, 6, 10, 15, 29, 2, 16][2, 29, 15, 10, 27, 16, 7, 4, 3, 23, 20, 24, 1, 9, 14][3, 9, 14, 11, 17, 22, 25, 28, 0, 13, 18, 12, 19, 8, 26][13, 18, 22, 19, 12, 0, 17, 11, 14, 7, 20, 4, 3, 1, 23][23, 14, 20, 7, 25, 28, 16, 6, 15, 5, 21, 2, 29, 10, 27][3, 11, 17][13, 18][1, 9][12, 17][0, 26][12, 18][7, 16] 
[4, 24, 20, 23, 9, 1, 3, 14, 7, 28, 0, 18, 22, 19, 12][14, 9, 1, 24, 23, 3, 4, 7, 27, 10, 15, 5, 6, 16][5, 21, 10, 2, 27, 7, 25, 28, 16, 15, 29][22, 18, 17, 12, 8, 19, 0, 25, 28][0, 26][6, 13][3, 24][12, 18][1, 23][11, 17][7, 16][14, 23] 
[2, 15, 21, 10, 6, 13, 18, 19, 8, 26, 0, 25, 7, 20, 23][7, 27, 10, 2, 15, 5, 21, 6, 16, 28, 0, 25, 22, 18, 13][21, 10, 7, 28, 25, 0, 22, 18, 12, 19, 17, 11, 3, 1, 23][13, 0, 17, 28, 7, 20, 23, 3, 9, 1, 4, 24, 14, 11, 25][1, 9, 23, 4, 20, 14, 3, 24, 7, 27, 29, 2, 21, 5, 6][8, 12, 19, 22, 18, 0, 28, 7, 14, 1, 9, 23, 4, 24, 20][16, 6, 5, 21, 2, 10, 29, 15, 27, 7, 24, 1, 23, 14, 20][20, 24, 1, 9, 23, 14, 7, 10, 2, 15, 27, 16, 6, 21][22, 17, 12, 19, 0, 25, 28, 16, 27, 15, 6, 21, 10, 29][16, 7, 28, 17, 22, 18, 13, 6, 15, 29][14, 9, 3, 4, 7, 10, 15, 5, 6, 16][20, 4, 7, 24, 1, 14, 9, 3, 23] 
[4, 24, 20, 23, 9, 1, 3, 14, 7, 28, 0, 18, 22, 19, 12][9, 3, 14, 20, 23, 1, 24, 4, 7, 25, 11, 17, 0, 13, 18][2, 21, 5, 6, 13, 18, 22, 25, 11, 3, 9, 14, 24, 4, 23][1, 3, 14, 7, 25, 0, 26, 8, 12, 18, 13, 6, 10, 16][1, 23, 14, 7, 27, 2, 15, 21, 5, 6, 16, 28, 17, 18][16, 28, 25, 0, 19, 8, 12, 17, 18, 22][19, 22][15, 29][0, 13][1, 4][9, 14][1, 23] 
[21, 5, 6, 16, 2, 29, 27, 15, 10, 7, 20, 4, 24, 1, 23][9, 14, 11, 17, 22, 25, 28, 0, 12, 19, 8, 26][21, 6, 2, 27, 7, 20, 24, 23][8, 12, 22, 19, 17, 18, 13][9, 14, 11, 17][3, 9][7, 25][2, 29][2, 29][2, 29][5, 21][19, 22] 
[2, 29, 15, 10, 6, 13, 18, 22, 19, 12, 17, 0, 26, 8][9, 1, 3, 4, 24, 23, 14, 11, 25][5, 6][5, 21][25, 28][4, 20][0, 26][7, 16][7, 27][6, 13][7, 20][10, 27] 
[15, 10, 7, 25, 0, 22, 17, 19, 18, 13, 6, 5, 21][8, 12, 0, 17, 11, 14, 20, 24][15, 29, 10, 27, 16, 28, 17][0, 18, 13, 6, 5][21, 15, 27, 16, 28][14, 9, 1, 3, 23][2, 16, 28][4, 24][16, 28][0, 26][15, 21][0, 26] 
[1, 4, 3, 24, 23, 20, 14, 11, 17, 28, 16, 6, 10, 15, 27][13, 18, 22, 19, 12, 0, 17][2, 21, 5][3, 9][0, 26][2, 29][8, 19][11, 25][2, 16][16, 28][12, 18][7, 28] 
[13, 18, 22, 19, 12, 0, 17, 11, 14][25, 28, 16, 6, 15, 5, 21, 10, 29][24, 20, 23, 3, 4, 7, 16, 27][1, 3, 14][10, 2, 16][8, 19][12, 17][0, 26][3, 9][12, 18][11, 17][7, 16] 
[7, 27, 2, 29, 10, 6, 13, 18, 22, 19, 12, 17, 0, 26, 8][5, 21, 6, 10, 29, 27, 16, 28, 0, 12, 19, 8][17, 18, 19, 0, 28, 7, 2, 16, 6, 5, 15, 21][16, 7, 28, 17, 22, 18, 13, 6, 15, 29][9, 1, 3, 4, 24, 23, 14, 11, 25][7, 27, 10, 2, 15][4, 7, 25, 22][1, 23, 14, 20][16, 28][4, 20][4, 7][4, 20] 
[2, 21, 5, 6, 13, 18, 22, 25, 11, 3, 9, 14, 24, 4, 23][1, 3, 24, 20, 7, 27, 29, 2, 16, 28, 17, 11, 25, 0, 19][14, 24, 7, 2, 29, 10, 15, 6, 13, 18, 0, 22, 12, 19, 17][3, 11, 17, 12, 18, 0, 13, 6, 16, 7, 24, 23, 9, 14][10, 21, 6, 13, 0, 26, 8, 19, 17, 11, 14, 7, 27, 15][3, 23, 20, 4, 7, 28, 0, 12, 22, 25, 11, 14, 1, 24][1, 3, 14, 7, 25, 0, 26, 8, 12, 18, 13, 6, 10, 16][1, 23, 14, 7, 27, 2, 15, 21, 5, 6, 16, 28, 17, 18][17, 11, 14, 20, 7, 16, 6, 2, 10, 21, 5, 15, 29][4, 14, 20, 7, 16, 15, 21, 6][4, 1, 9][19, 22] 
[15, 21, 10, 6, 13, 18, 19, 8, 26, 0, 25, 7, 20, 23][22, 17, 12, 19, 0, 25, 28, 16, 27, 15, 6, 21, 10, 29][4, 23, 9, 1, 14, 7, 28, 0, 18, 22, 19, 12][6, 5, 21, 2, 29, 27, 7, 24, 3, 14, 20][16, 7, 28, 17, 22, 18, 13, 6, 15, 29][14, 9, 3, 4, 7, 10, 15, 5, 6, 16][12, 19, 17, 11, 3, 1, 23][9, 1, 4, 24, 14, 11, 25][7, 27, 10, 2, 15][9, 1, 24, 20][1, 23, 14, 20][4, 20] 
[5, 21, 6, 10, 29, 27, 2, 16, 28, 0, 12, 19, 8][8, 26, 0, 17, 12, 19, 22, 18, 13, 6, 10, 15][16, 7, 28, 17, 22, 18, 13, 6, 15, 2, 29][9, 1, 3, 4, 24, 23, 14, 11, 25][16, 27, 15, 21, 5, 6, 13, 0, 22][6, 21, 10][17, 18, 19][7, 27][10, 16][4, 7][2, 21][4, 20] 
[3, 1, 4, 7, 16, 28, 25, 0, 12][9, 23, 24, 4, 20, 7, 27, 29][13, 18, 17, 11, 14, 4, 24][2, 29, 15, 16, 7, 25, 22][18, 12, 17, 28, 7, 14, 23][3, 23, 20, 7, 28, 17][0, 17, 12, 8, 26][3, 14, 1, 23][5, 21, 15][6, 15, 10][8, 19][18, 19] 
[15, 10, 7, 25, 0, 22, 17, 19, 18, 13, 6, 5, 21, 2, 27][9, 3, 1, 23, 14, 20, 4, 24, 7, 2, 10, 21, 15, 16, 28][4, 20, 14, 11, 25, 22, 19, 12, 18, 0, 28, 7, 10, 21, 5][2, 29, 27, 7, 14, 11, 25, 22, 0, 28, 17, 18, 13, 6, 5][19, 22, 0, 18, 17, 11, 25, 28, 7, 14, 24, 23][9, 14, 11, 17, 22, 0, 18, 12, 8, 26][9, 14, 11, 17, 22, 0, 18, 12, 8, 26][2, 6, 5, 21, 15, 27, 16, 28][14, 9, 1, 3, 23][2, 29][4, 24][4, 24] 
[4, 24, 20, 23, 9, 1, 3, 14, 7, 28, 0, 18, 22, 19, 12][9, 3, 14, 20, 23, 1, 24, 4, 7, 25, 11, 17, 0, 13, 18][21, 6, 15, 27, 16, 28, 25, 0, 19, 8, 12, 17, 18, 22][14, 9, 1, 24, 23, 3, 4, 7, 27, 10, 15, 5, 6, 16][2, 10][0, 26][2, 29][0, 13][12, 18][1, 23][6, 10][14, 23] 
[5, 21, 15, 6, 10, 29, 2, 16, 28, 25, 11, 3, 9, 23, 20][16, 27, 29, 10, 21, 2, 7, 20, 4, 3, 23, 24, 14, 11, 17][0, 26, 8, 12, 22, 18, 13][17, 18][2, 10][12, 19][9, 14][2, 21][12, 18][1, 23][10, 15][1, 24] 
[14, 9, 1, 24, 23, 3, 4, 7, 27, 10, 15, 5, 6, 16][3, 14, 20, 23, 1, 24, 7, 25, 11, 17, 0, 18][17, 0, 13, 18, 19, 8, 26][0, 28, 7, 16][6, 21][2, 10][19, 22][0, 26][2, 29][12, 18][1, 23][14, 23] 
[2, 21, 5, 6, 13, 18, 22, 25, 11, 3, 9, 14, 24, 4, 23][1, 14, 9, 23, 24, 7, 16, 6, 13, 0, 18, 12, 17, 11, 3][15, 27, 7, 14, 11, 17, 19, 8, 26, 0, 13, 6, 21, 10, 16][0, 28, 16, 27, 2, 7, 25, 11, 14, 24, 20, 23, 9, 1, 4][23, 3, 24, 4, 14, 20, 7, 16, 15, 21, 6, 2, 29, 10, 27][27, 29, 15, 5, 21, 10, 2, 6, 16, 7, 20, 14, 11, 17, 28][1, 3, 24, 20, 7, 27, 29, 2, 16, 28, 17, 11, 25, 0, 19][9, 3, 23, 20, 4, 7, 28, 0, 12, 22, 25, 11, 14, 1, 24][4, 1, 3, 14, 7, 25, 0, 26, 8, 12, 18, 13, 6, 10, 16][14, 24, 7, 2, 29, 10, 15, 6, 13, 18, 0, 22, 12, 19, 17][5, 21, 15, 27, 2, 10, 16, 6, 13, 18, 12, 19, 22, 0, 28][1, 23, 14, 7, 27, 2, 15, 21, 5, 6, 16, 28, 17, 18, 22] 
[9, 1, 3, 4, 24, 23, 14, 11, 25][6, 13, 18, 22, 17, 28, 7, 16][15, 29, 2, 27, 10, 21][19, 12, 17, 0, 26][12, 8, 26, 0, 17][5, 21, 15][3, 4, 20][4, 7][4, 20][7, 27][4, 7][4, 20] 
[8, 26, 0, 17, 12, 19, 22, 18, 13, 6, 10][9, 1, 3, 4, 20, 24, 23, 14, 11, 25][16, 27][16, 28][15, 27][15, 21][7, 28][4, 7][15, 29][5, 21][5, 6][2, 29] 
[2, 29, 15, 16, 7, 25, 22][9, 23, 24, 4, 20, 7, 27][0, 17, 12, 8, 26][11, 17, 18, 13][7, 28, 17][5, 21, 15][6, 15, 10][1, 3][7, 14][1, 23][8, 19][18, 19] 
[8, 26, 0, 17, 12, 19, 22, 18, 13, 6, 10, 15, 29, 2, 16][2, 29, 15, 10, 27, 16, 7, 4, 3, 23, 20, 24, 1, 9, 14][3, 9, 14, 11, 17, 22, 25, 28, 0, 13, 18, 12, 19, 8, 26][13, 18, 22, 19, 12, 0, 17, 11, 14, 7, 20, 4, 3, 1, 23][2, 29, 27, 10, 21, 5, 15, 6, 16, 28, 25, 7, 20, 14, 23][9, 1, 14, 7, 24, 3, 11, 17, 18, 22, 25, 28][13, 18][1, 9][12, 17][0, 26][12, 18][7, 16] 
[4, 24, 20, 23, 9, 1, 3, 14, 7, 28, 0, 18, 22, 19, 12][14, 9, 1, 24, 23, 3, 4, 7, 27, 10, 15, 5, 6, 16][5, 21, 10, 2, 27, 7, 25, 28, 16, 15, 29][22, 18, 17, 12, 8, 19, 0, 25, 28][0, 26][6, 13][3, 24][12, 18][1, 23][11, 17][7, 16][14, 23] 
[20, 4, 3, 9, 1, 24, 14, 7, 28, 16, 6, 5, 21, 2, 29][23, 20, 7, 25, 0, 26, 8, 19, 18, 13, 6, 10, 21, 15, 27][7, 24, 14, 9, 23, 1, 3, 11, 17, 19, 12, 22, 0, 26, 8][5, 21, 2, 27, 10, 29, 15, 6, 13, 18, 22, 17, 28, 7, 16][12, 8, 26, 0, 28, 16, 6, 5, 15, 10, 7, 4, 3, 9, 14][3, 23, 9, 1, 4, 24, 14, 11, 25, 22, 17, 18, 12, 8, 19][3, 24, 20, 4, 23, 9, 1, 14, 7, 28, 0, 18, 22, 19, 12][18, 0, 13, 6, 15, 21, 10, 29, 2, 7, 24, 1, 23, 14, 20][2, 29, 10, 21, 6, 15, 27, 16, 28, 25, 0, 19, 12, 17, 22][9, 3, 23, 24, 4, 1, 14, 20, 7, 27, 10, 2, 15, 29][1, 23, 20, 14, 3, 24, 7, 27, 29, 2, 21, 5, 6][9, 1, 24, 20] 
[4, 24, 20, 23, 9, 1, 3, 14, 7, 28, 0, 18, 22, 19, 12][9, 3, 14, 20, 23, 1, 24, 4, 7, 25, 11, 17, 0, 13, 18][2, 21, 5, 6, 13, 18, 22, 25, 11, 3, 9, 14, 24, 4, 23][1, 3, 14, 7, 25, 0, 26, 8, 12, 18, 13, 6, 10, 16][1, 23, 14, 7, 27, 2, 15, 21, 5, 6, 16, 28, 17, 18][22, 18, 17, 12, 8, 19, 0, 25][19, 22][15, 29][0, 13][1, 4][9, 14][1, 23] 
[21, 5, 6, 16, 2, 29, 27, 15, 10, 7, 20, 4, 24, 1, 23][9, 14, 11, 17, 22, 25, 28, 0, 12, 19, 8, 26][9, 14, 11, 17, 22, 0, 18, 12, 8, 26][21, 6, 2, 27, 7, 20, 24, 23][8, 12, 0, 22, 19, 17, 18, 13][3, 9][7, 25][2, 29][2, 29][2, 29][5, 21][19, 22] 
[2, 29, 15, 10, 6, 13, 18, 22, 19, 12, 17, 0, 26, 8][9, 1, 3, 4, 24, 23, 14, 11, 25][5, 6][5, 21][25, 28][4, 20][0, 26][7, 16][7, 27][6, 13][7, 20][10, 27] 
[15, 10, 7, 25, 0, 22, 17, 19, 18, 13, 6, 5, 21][8, 12, 0, 17, 11, 14, 20, 24][15, 29, 10, 27, 16, 28, 17][0, 18, 13, 6, 5][21, 15, 27, 16, 28][14, 9, 1, 3, 23][2, 16, 28][4, 24][16, 28][0, 26][15, 21][0, 26] 
[5, 6, 13, 18, 19, 17, 22, 0, 25, 7, 10, 15][9, 1, 3, 4, 24, 23, 14, 11, 25][8, 12, 22][2, 29, 15][1, 24][7, 16][16, 28][7, 20][0, 26][5, 21][7, 27][23, 24] 
[13, 18, 22, 19, 12, 0, 17, 11, 14][25, 28, 16, 6, 15, 5, 21, 10, 29][24, 20, 23, 3, 4, 7, 16, 27][1, 3, 14][10, 2, 16][8, 19][12, 17][0, 26][3, 9][12, 18][11, 17][7, 16] 
[7, 27, 2, 29, 10, 6, 13, 18, 22, 19, 12, 17, 0, 26, 8][5, 21, 6, 10, 29, 27, 16, 28, 0, 12, 19, 8][17, 18, 19, 0, 28, 7, 2, 16, 6, 5, 15, 21][16, 7, 28, 17, 22, 18, 13, 6, 15, 29][9, 1, 3, 4, 24, 23, 14, 11, 25][7, 27, 10, 2, 15][4, 7, 25, 22][1, 23, 14, 20][16, 28][4, 20][4, 7][4, 20] 
[2, 21, 5, 6, 13, 18, 22, 25, 11, 3, 9, 14, 24, 4, 23][1, 3, 24, 20, 7, 27, 29, 2, 16, 28, 17, 11, 25, 0, 19][14, 24, 7, 2, 29, 10, 15, 6, 13, 18, 0, 22, 12, 19, 17][3, 11, 17, 12, 18, 0, 13, 6, 16, 7, 24, 23, 9, 14][10, 21, 6, 13, 0, 26, 8, 19, 17, 11, 14, 7, 27, 15][3, 23, 20, 4, 7, 28, 0, 12, 22, 25, 11, 14, 1, 24][1, 3, 14, 7, 25, 0, 26, 8, 12, 18, 13, 6, 10, 16][1, 23, 14, 7, 27, 2, 15, 21, 5, 6, 16, 28, 17, 18][17, 11, 14, 20, 7, 16, 6, 2, 10, 21, 5, 15, 29][4, 14, 20, 7, 16, 15, 21, 6][4, 1, 9][19, 22] 
[22, 17, 12, 19, 0, 25, 28, 16, 27, 15, 6, 21, 10, 29][15, 10, 6, 13, 18, 19, 8, 26, 0, 25, 7, 20, 23][4, 23, 9, 1, 14, 7, 28, 0, 18, 22, 19, 12][6, 5, 21, 2, 29, 27, 7, 24, 3, 14, 20][16, 7, 28, 17, 22, 18, 13, 6, 15, 29][14, 9, 3, 4, 7, 10, 15, 5, 6, 16][12, 19, 17, 11, 3, 1, 23][9, 1, 4, 24, 14, 11, 25][7, 27, 10, 2, 15][9, 1, 24, 20][1, 23, 14, 20][4, 20] 
[5, 21, 6, 10, 29, 27, 2, 16, 28, 0, 12, 19, 8][8, 26, 0, 17, 12, 19, 22, 18, 13, 6, 10, 15][16, 7, 28, 17, 22, 18, 13, 6, 15, 2, 29][9, 1, 3, 4, 24, 23, 14, 11, 25][16, 27, 15, 21, 5, 6, 13, 0, 22][6, 21, 10][17, 18, 19][7, 27][10, 16][4, 7][2, 21][4, 20] 
[3, 1, 4, 7, 16, 28, 25, 0, 12][9, 23, 24, 4, 20, 7, 27, 29][13, 18, 17, 11, 14, 4, 24][2, 29, 15, 16, 7, 25, 22][18, 12, 17, 28, 7, 14, 23][3, 23, 20, 7, 28, 17][0, 17, 12, 8, 26][3, 14, 1, 23][5, 21, 15][6, 15, 10][8, 19][18, 19] 
[4, 24, 20, 23, 9, 1, 3, 14, 7, 28, 0, 18, 22, 19, 12][9, 3, 14, 20, 23, 1, 24, 4, 7, 25, 11, 17, 0, 13, 18][21, 6, 15, 27, 16, 28, 25, 0, 19, 8, 12, 17, 18, 22][14, 9, 1, 24, 23, 3, 4, 7, 27, 10, 15, 5, 6, 16][2, 10][0, 26][2, 29][0, 13][12, 18][1, 23][7, 16][14, 23] 
[5, 21, 15, 6, 10, 29, 2, 16, 28, 25, 11, 3, 9, 23, 20][16, 27, 29, 10, 21, 2, 7, 20, 4, 3, 23, 24, 14, 11, 17][0, 26, 8, 12, 22, 18, 13][17, 18][2, 10][12, 19][9, 14][2, 21][12, 18][1, 23][10, 15][1, 24] 
[14, 9, 1, 24, 23, 3, 4, 7, 27, 10, 15, 5, 6, 16][3, 14, 20, 23, 1, 24, 7, 25, 11, 17, 0, 18][17, 0, 13, 18, 19, 8, 26][0, 28, 7, 16][6, 21][2, 10][19, 22][0, 26][2, 29][12, 18][1, 23][14, 23] 
[9, 1, 3, 4, 24, 23, 14, 11, 25][6, 13, 18, 22, 17, 28, 7, 16][15, 29, 2, 27, 10, 21][19, 12, 17, 0, 26][5, 21, 15, 29][4, 7][4, 20][7, 27][4, 20][4, 7][8, 12][4, 20] 
[8, 26, 0, 17, 12, 19, 22, 18, 13, 6, 10][9, 1, 3, 4, 20, 24, 23, 14, 11, 25][4, 7][7, 28][16, 28][16, 27][15, 27][15, 29][15, 21][2, 29][5, 21][5, 6] 
[2, 29, 15, 16, 7, 25, 22][9, 23, 24, 4, 20, 7, 27][0, 17, 12, 8, 26][11, 17, 18, 13][7, 28, 17][5, 21, 15][6, 15, 10][1, 3][7, 14][1, 23][8, 19][18, 19] 
[8, 26, 0, 17, 12, 19, 22, 18, 13, 6, 10, 15, 29, 2, 16][2, 29, 15, 10, 27, 16, 7, 4, 3, 23, 20, 24, 1, 9, 14][3, 9, 14, 11, 17, 22, 25, 28, 0, 13, 18, 12, 19, 8, 26][2, 29, 27, 10, 21, 5, 15, 6, 16, 28, 25, 7, 20, 14, 23][22, 19, 12, 0, 17, 11, 14, 7, 20, 4, 3, 1, 23][13, 18][1, 9][12, 17][0, 26][12, 18][25, 28][7, 16] 
[4, 24, 20, 23, 9, 1, 3, 14, 7, 28, 0, 18, 22, 19, 12][14, 9, 1, 24, 23, 3, 4, 7, 27, 10, 15, 5, 6, 16][5, 21, 10, 2, 27, 7, 25, 28, 16, 15, 29][22, 18, 17, 12, 8, 19, 0, 25, 28][0, 26][6, 13][3, 24][12, 18][1, 23][11, 17][7, 16][14, 23] 
[2, 21, 5, 6, 13, 18, 22, 25, 11, 3, 9, 14, 24, 4, 23][15, 27, 7, 14, 11, 17, 19, 8, 26, 0, 13, 6, 21, 10, 29][7, 4, 1, 9, 3, 24, 23, 20, 14, 11, 17, 0, 19, 8, 26][3, 9, 14, 1, 23, 4, 20, 7, 27, 29, 10, 2, 15, 6, 21][12, 17, 11, 14, 20, 7, 16, 6, 2, 10, 21, 5, 15, 29, 27][1, 3, 24, 20, 7, 27, 29, 2, 16, 28, 17, 11, 25, 0, 19][9, 3, 23, 20, 4, 7, 28, 0, 12, 22, 25, 11, 14, 1, 24][9, 1, 3, 14, 7, 25, 0, 26, 8, 12, 18, 13, 6, 10, 16][14, 24, 7, 2, 29, 10, 15, 6, 13, 18, 0, 22, 12, 19, 17][5, 15, 6, 10, 27, 16, 28, 25, 11, 17, 0, 26, 8, 19, 22][3, 11, 14, 24, 23, 20, 4, 1, 9][1, 23, 3, 24, 4, 7, 14, 9] 
[23, 1, 3, 11, 17, 19, 12, 8, 26, 0, 13, 6, 5, 15, 29][19, 22, 17, 18, 12, 8, 26, 0, 13, 6, 10, 15, 27, 16, 28][2, 21, 10, 6, 13, 18, 19, 8, 26, 0, 25, 7, 20, 14, 23][1, 24, 14, 11, 17, 22, 0, 13, 6, 15, 29, 27, 16, 2, 10][0, 26, 8, 12, 22, 18, 17, 11, 25, 7, 2, 27, 16, 6, 15][6, 21, 15, 27, 16, 7, 4, 3, 23, 20, 24][25, 28, 16, 6, 15, 5, 21, 10, 29][10, 2, 16][3, 9][12, 17][3, 9][19, 22] 
[21, 5, 6, 16, 2, 29, 27, 15, 10, 7, 20, 4, 24, 1, 23][8, 19, 12, 0, 28, 25, 22, 17, 11, 14, 9][9, 14, 11, 17, 22, 0, 18, 12, 8, 26][21, 6, 2, 27, 7, 20, 24, 23][8, 12, 0, 22, 19, 17, 18, 13][3, 9][7, 25][2, 29][2, 29][2, 29][5, 21][19, 22] 
[2, 29, 15, 10, 6, 13, 18, 22, 19, 12, 17, 0, 26, 8][9, 1, 3, 4, 24, 23, 14, 11, 25][5, 6][5, 21][25, 28][4, 20][0, 26][7, 16][7, 27][6, 13][7, 20][10, 27] 
[15, 10, 7, 25, 0, 22, 17, 19, 18, 13, 6, 5, 21][8, 12, 0, 17, 11, 14, 20, 24][15, 29, 10, 27, 16, 28, 17][0, 18, 13, 6, 5][21, 15, 27, 16, 28][14, 9, 1, 3, 23][2, 16, 28][4, 24][16, 28][0, 26][15, 21][0, 26] 
[9, 3, 14, 20, 23, 1, 24, 4, 7, 25, 11][5, 21, 10, 2, 27, 7, 25, 28, 16, 15, 29][17, 12, 8, 19, 0, 25][0, 26][6, 10][12, 18][18, 22][3, 24][0, 13][14, 23][1, 23][0, 26] 
[13, 18, 22, 19, 12, 0, 17, 11, 14][25, 28, 16, 6, 15, 5, 21, 10, 29][24, 20, 23, 3, 4, 7, 16, 27][1, 3, 14][10, 2, 16][8, 19][12, 17][0, 26][3, 9][12, 18][11, 17][7, 16] 
[7, 27, 2, 29, 10, 6, 13, 18, 22, 19, 12, 17, 0, 26, 8][5, 21, 6, 10, 29, 27, 16, 28, 0, 12, 19, 8][17, 18, 19, 0, 28, 7, 2, 16, 6, 5, 15, 21][16, 7, 28, 17, 22, 18, 13, 6, 15, 29][9, 1, 3, 4, 24, 23, 14, 11, 25][7, 27, 10, 2, 15][4, 7, 25, 22][1, 23, 14, 20][16, 28][4, 20][4, 7][4, 20] 
[2, 21, 5, 6, 13, 18, 22, 25, 11, 3, 9, 14, 24, 4, 23][1, 3, 24, 20, 7, 27, 29, 2, 16, 28, 17, 11, 25, 0, 19][14, 24, 7, 2, 29, 10, 15, 6, 13, 18, 0, 22, 12, 19, 17][3, 11, 17, 12, 18, 0, 13, 6, 16, 7, 24, 23, 9, 14][10, 21, 6, 13, 0, 26, 8, 19, 17, 11, 14, 7, 27, 15][3, 23, 20, 4, 7, 28, 0, 12, 22, 25, 11, 14, 1, 24][1, 3, 14, 7, 25, 0, 26, 8, 12, 18, 13, 6, 10, 16][1, 23, 14, 7, 27, 2, 15, 21, 5, 6, 16, 28, 17, 18][17, 11, 14, 20, 7, 16, 6, 2, 10, 21, 5, 15, 29][4, 14, 20, 7, 16, 15, 21, 6][4, 1, 9][19, 22] 
[2, 21, 5, 6, 13, 18, 22, 25, 11, 3, 9, 14, 24, 4, 23][1, 3, 24, 20, 7, 27, 29, 2, 16, 28, 17, 11, 25, 0, 19][14, 24, 7, 2, 29, 10, 15, 6, 13, 18, 0, 22, 12, 19, 17][1, 3, 14, 7, 25, 0, 26, 8, 12, 18, 13, 6, 10, 16][3, 11, 17, 12, 0, 13, 6, 16, 7, 24, 23, 9, 14][17, 11, 14, 20, 7, 16, 6, 2, 10, 21, 5, 15, 29][1, 23, 14, 7, 27, 2, 15, 21, 6, 16, 28, 17, 18][4, 14, 20, 7, 16, 15, 21, 6][0, 28, 7, 4, 20, 23, 3][4, 1, 9][15, 27][19, 22] 
[5, 21, 6, 10, 29, 27, 2, 16, 28, 0, 12, 19, 8][8, 26, 0, 17, 12, 19, 22, 18, 13, 6, 10, 15][16, 7, 28, 17, 22, 18, 13, 6, 15, 2, 29][9, 1, 3, 4, 24, 23, 14, 11, 25][16, 27, 15, 21, 5, 6, 13, 0, 22][2, 6, 21, 10][17, 18, 19][7, 27][10, 16][4, 7][2, 21][4, 20] 
[3, 1, 4, 7, 16, 28, 25, 0, 12][9, 23, 24, 4, 20, 7, 27, 29][13, 18, 17, 11, 14, 4, 24][2, 29, 15, 16, 7, 25, 22][18, 12, 17, 28, 7, 14, 23][3, 23, 20, 7, 28, 17][0, 17, 12, 8, 26][3, 14, 1, 23][5, 21, 15][6, 15, 10][8, 19][18, 19] 
[5, 21, 6, 15, 27, 16, 28, 25, 0, 19, 8, 12, 17, 18, 22][4, 24, 20, 23, 9, 1, 3, 14, 7, 28, 0, 18, 22, 19, 12][9, 3, 14, 20, 23, 1, 24, 4, 7, 25, 11, 17, 0, 13, 18][14, 9, 1, 24, 23, 3, 4, 7, 27, 10, 15, 5, 6, 16][17, 0, 13, 18, 19, 8, 26][0, 28, 7, 16][2, 10][0, 26][2, 29][12, 18][1, 23][14, 23] 
[5, 21, 15, 6, 10, 29, 2, 16, 28, 25, 11, 3, 9, 23, 20][16, 27, 29, 10, 21, 2, 7, 20, 4, 3, 23, 24, 14, 11, 17][0, 26, 8, 12, 22, 18, 13][17, 18][2, 10][12, 19][9, 14][2, 21][12, 18][1, 23][10, 15][1, 24] 
[14, 9, 1, 24, 23, 3, 4, 7, 27, 10, 15, 5, 6, 16][3, 14, 20, 23, 1, 24, 7, 25, 11, 17, 0, 18][17, 0, 13, 18, 19, 8, 26][0, 28, 7, 16][6, 21][2, 10][19, 22][0, 26][2, 29][12, 18][1, 23][14, 23] 
[9, 1, 3, 4, 24, 23, 14, 11, 25][6, 13, 18, 22, 17, 28, 7, 16][15, 29, 2, 27, 10, 21][19, 12, 17, 0, 26][12, 8, 26, 0, 17][3, 4, 20][4, 7][5, 21][4, 20][7, 27][4, 7][4, 20] 
[8, 26, 0, 17, 12, 19, 22, 18, 13, 6, 10][9, 1, 3, 4, 20, 24, 23, 14, 11, 25][4, 7][7, 28][16, 28][16, 27][15, 27][15, 21][5, 21][5, 6][15, 29][2, 29] 
[2, 29, 15, 16, 7, 25, 22][9, 23, 24, 4, 20, 7, 27][0, 17, 12, 8, 26][11, 17, 18, 13][7, 28, 17][5, 21, 15][6, 15, 10][1, 3][7, 14][1, 23][8, 19][18, 19] 
[8, 26, 0, 17, 12, 19, 22, 18, 13, 6, 10, 15, 29, 2, 16][2, 29, 15, 10, 27, 16, 7, 4, 3, 23, 20, 24, 1, 9, 14][3, 9, 14, 11, 17, 22, 25, 28, 0, 13, 18, 12, 19, 8, 26][13, 18, 22, 19, 12, 0, 17, 11, 14, 7, 20, 4, 3, 1, 23][21, 5, 15, 6, 16, 28, 25, 7, 20, 14, 23][14, 1, 3, 11, 17][13, 18, 22][1, 9][12, 17][0, 26][12, 18][7, 16] 
[4, 24, 20, 23, 9, 1, 3, 14, 7, 28, 0, 18, 22, 19, 12][14, 9, 1, 24, 23, 3, 4, 7, 27, 10, 15, 5, 6, 16][5, 21, 10, 2, 27, 7, 25, 28, 16, 15, 29][22, 18, 17, 12, 8, 19, 0, 25, 28][0, 26][6, 13][3, 24][12, 18][1, 23][11, 17][7, 16][14, 23] 
[2, 21, 5, 6, 13, 18, 22, 25, 11, 3, 9, 14, 24, 4, 23][15, 27, 7, 14, 11, 17, 19, 8, 26, 0, 13, 6, 21, 10, 29][7, 4, 1, 9, 3, 24, 23, 20, 14, 11, 17, 0, 19, 8, 26][3, 9, 14, 1, 23, 4, 20, 7, 27, 29, 10, 2, 15, 6, 21][12, 17, 11, 14, 20, 7, 16, 6, 2, 10, 21, 5, 15, 29, 27][1, 3, 24, 20, 7, 27, 29, 2, 16, 28, 17, 11, 25, 0, 19][9, 3, 23, 20, 4, 7, 28, 0, 12, 22, 25, 11, 14, 1, 24][9, 1, 3, 14, 7, 25, 0, 26, 8, 12, 18, 13, 6, 10, 16][14, 24, 7, 2, 29, 10, 15, 6, 13, 18, 0, 22, 12, 19, 17][5, 15, 6, 10, 27, 16, 28, 25, 11, 17, 0, 26, 8, 19, 22][3, 11, 14, 24, 23, 20, 4, 1, 9][1, 23] 
[23, 1, 3, 11, 17, 19, 12, 8, 26, 0, 13, 6, 5, 15, 29][19, 22, 17, 18, 12, 8, 26, 0, 13, 6, 10, 15, 27, 16, 28][2, 21, 10, 6, 13, 18, 19, 8, 26, 0, 25, 7, 20, 14, 23][1, 24, 14, 11, 17, 22, 0, 13, 6, 15, 29, 27, 16, 2, 10][0, 26, 8, 12, 22, 18, 17, 11, 25, 7, 2, 27, 16, 6, 15][25, 28, 16, 6, 15, 5, 21, 10, 29, 2, 7, 27][6, 21, 15, 27, 16, 7, 4, 3, 23, 20, 24][10, 2, 16][3, 9][12, 17][3, 9][19, 22] 
[21, 5, 6, 16, 2, 29, 27, 15, 10, 7, 20, 4, 24, 1, 23][9, 14, 11, 17, 22, 25, 28, 0, 12, 19, 8, 26][9, 14, 11, 17, 22, 0, 18, 12, 8, 26][21, 6, 2, 27, 7, 20, 24, 23][8, 12, 22, 19, 17, 18, 13][3, 9][7, 25][2, 29][2, 29][2, 29][5, 21][19, 22] 
[2, 29, 15, 10, 6, 13, 18, 22, 19, 12, 17, 0, 26, 8][9, 1, 3, 4, 24, 23, 14, 11, 25][5, 6][5, 21][25, 28][4, 20][0, 26][7, 16][7, 27][6, 13][7, 20][10, 27] 
[15, 10, 7, 25, 0, 22, 17, 19, 18, 13, 6, 5, 21][8, 12, 0, 17, 11, 14, 20, 24][15, 29, 10, 27, 16, 28, 17][0, 18, 13, 6, 5][21, 15, 27, 16, 28][14, 9, 1, 3, 23][2, 16, 28][4, 24][16, 28][0, 26][15, 21][0, 26] 
[5, 21, 15, 6, 10, 29, 2, 16, 28, 25, 11, 3, 9, 23, 20][22, 17, 12, 19, 0, 25, 28, 16, 27, 15, 6, 21, 10, 29][6, 5, 21, 2, 29, 27, 7, 24, 3, 14, 20][0, 26, 8, 12, 22, 18, 13][9, 1, 4, 24, 14, 11, 25][7, 27, 10, 2, 15][7, 10, 15][2, 10][1, 23][4, 20][10, 15][10, 15] 
[13, 18, 22, 19, 12, 0, 17, 11, 14][25, 28, 16, 6, 15, 5, 21, 10, 29][24, 20, 23, 3, 4, 7, 16, 27][1, 3, 14][10, 2, 16][8, 19][12, 17][0, 26][3, 9][12, 18][11, 17][7, 16] 
[7, 27, 2, 29, 10, 6, 13, 18, 22, 19, 12, 17, 0, 26, 8][5, 21, 6, 10, 29, 27, 16, 28, 0, 12, 19, 8][17, 18, 19, 0, 28, 7, 2, 16, 6, 5, 15, 21][16, 7, 28, 17, 22, 18, 13, 6, 15, 29][9, 1, 3, 4, 24, 23, 14, 11, 25][7, 27, 10, 2, 15][4, 7, 25, 22][1, 23, 14, 20][16, 28][4, 20][4, 7][4, 20] 
[2, 21, 5, 6, 13, 18, 22, 25, 11, 3, 9, 14, 24, 4, 23][1, 3, 24, 20, 7, 27, 29, 2, 16, 28, 17, 11, 25, 0, 19][14, 24, 7, 2, 29, 10, 15, 6, 13, 18, 0, 22, 12, 19, 17][3, 11, 17, 12, 18, 0, 13, 6, 16, 7, 24, 23, 9, 14][10, 21, 6, 13, 0, 26, 8, 19, 17, 11, 14, 7, 27, 15][3, 23, 20, 4, 7, 28, 0, 12, 22, 25, 11, 14, 1, 24][1, 3, 14, 7, 25, 0, 26, 8, 12, 18, 13, 6, 10, 16][1, 23, 14, 7, 27, 2, 15, 21, 5, 6, 16, 28, 17, 18][17, 11, 14, 20, 7, 16, 6, 2, 10, 21, 5, 15, 29][4, 14, 20, 7, 16, 15, 21, 6][4, 1, 9][19, 22] 
[2, 21, 5, 6, 13, 18, 22, 25, 11, 3, 9, 14, 24, 4, 23][1, 3, 24, 20, 7, 27, 29, 2, 16, 28, 17, 11, 25, 0, 19][14, 24, 7, 2, 29, 10, 15, 6, 13, 18, 0, 22, 12, 19, 17][1, 3, 14, 7, 25, 0, 26, 8, 12, 18, 13, 6, 10, 16][3, 11, 17, 12, 0, 13, 6, 16, 7, 24, 23, 9, 14][17, 11, 14, 20, 7, 16, 6, 2, 10, 21, 5, 15, 29][1, 23, 14, 7, 27, 2, 15, 21, 6, 16, 28, 17, 18][4, 14, 20, 7, 16, 15, 21, 6][0, 28, 7, 4, 20, 23, 3][4, 1, 9][15, 27][19, 22] 
[5, 21, 6, 10, 29, 27, 2, 16, 28, 0, 12, 19, 8][8, 26, 0, 17, 12, 19, 22, 18, 13, 6, 10, 15][16, 7, 28, 17, 22, 18, 13, 6, 15, 2, 29][9, 1, 3, 4, 24, 23, 14, 11, 25][16, 27, 15, 21, 5, 6, 13, 0, 22][2, 6, 21, 10][17, 18, 19][7, 27][10, 16][4, 7][2, 21][4, 20] 
[3, 1, 4, 7, 16, 28, 25, 0, 12][9, 23, 24, 4, 20, 7, 27, 29][13, 18, 17, 11, 14, 4, 24][2, 29, 15, 16, 7, 25, 22][18, 12, 17, 28, 7, 14, 23][3, 23, 20, 7, 28, 17][0, 17, 12, 8, 26][3, 14, 1, 23][5, 21, 15][6, 15, 10][8, 19][18, 19] 
[5, 21, 6, 15, 27, 16, 28, 25, 0, 19, 12, 17, 18, 22][4, 24, 20, 23, 9, 1, 3, 14, 7, 28, 0, 22, 19, 12][14, 9, 1, 24, 23, 3, 4, 7, 27, 10, 15, 5, 6, 16][9, 3, 14, 20, 23, 1, 4, 7, 25, 11, 17, 0, 13, 18][17, 0, 18, 19, 8, 26][0, 28, 7, 16][2, 10][0, 26][2, 29][12, 18][1, 23][14, 23] 
[5, 21, 15, 6, 10, 29, 2, 16, 28, 25, 11, 3, 9, 23, 20][16, 27, 29, 10, 21, 2, 7, 20, 4, 3, 23, 24, 14, 11, 17][0, 26, 8, 12, 22, 18, 13][17, 18][2, 10][12, 19][9, 14][2, 21][12, 18][1, 23][10, 15][1, 24] 
[14, 9, 1, 24, 23, 3, 4, 7, 27, 10, 15, 5, 6, 16][3, 14, 20, 23, 1, 24, 7, 25, 11, 17, 0, 18][17, 0, 13, 18, 19, 8, 26][0, 28, 7, 16][6, 21][2, 10][19, 22][0, 26][2, 29][12, 18][1, 23][14, 23] 
[9, 1, 3, 4, 24, 23, 14, 11, 25][6, 13, 18, 22, 17, 28, 7, 16][15, 29, 2, 27, 10, 21][19, 12, 17, 0, 26][12, 8, 26, 0, 17][4, 7][5, 21][4, 20][7, 27][4, 20][4, 7][4, 20] 
[8, 26, 0, 17, 12, 19, 22, 18, 13, 6, 10][9, 1, 3, 4, 20, 24, 23, 14, 11, 25][7, 28][4, 7][16, 28][16, 27][15, 27][15, 29][15, 21][2, 29][5, 21][5, 6] 
[2, 29, 15, 16, 7, 25, 22][9, 23, 24, 4, 20, 7, 27][0, 17, 12, 8, 26][11, 17, 18, 13][7, 28, 17][5, 21, 15][6, 15, 10][1, 3][7, 14][1, 23][8, 19][18, 19] 
[8, 26, 0, 17, 12, 19, 22, 18, 13, 6, 10, 15, 29, 2, 16][2, 29, 15, 10, 27, 16, 7, 4, 3, 23, 20, 24, 1, 9, 14][3, 9, 14, 11, 17, 22, 25, 28, 0, 13, 18, 12, 19, 8, 26][13, 18, 22, 19, 12, 0, 17, 11, 14, 7, 20, 4, 3, 1, 23][21, 5, 15, 6, 16, 28, 25, 7, 20, 14, 23][3, 11, 17][13, 18][1, 9][12, 17][0, 26][12, 18][7, 16] 
[4, 24, 20, 23, 9, 1, 3, 14, 7, 28, 0, 18, 22, 19, 12][14, 9, 1, 24, 23, 3, 4, 7, 27, 10, 15, 5, 6, 16][5, 21, 10, 2, 27, 7, 25, 28, 16, 15, 29][22, 18, 17, 12, 8, 19, 0, 25, 28][0, 26][6, 13][3, 24][12, 18][1, 23][11, 17][7, 16][14, 23] 
[2, 21, 5, 6, 13, 18, 22, 25, 11, 3, 9, 14, 24, 4, 23][15, 27, 7, 14, 11, 17, 19, 8, 26, 0, 13, 6, 21, 10, 29][7, 4, 1, 9, 3, 24, 23, 20, 14, 11, 17, 0, 19, 8, 26][3, 9, 14, 1, 23, 4, 20, 7, 27, 29, 10, 2, 15, 6, 21][12, 17, 11, 14, 20, 7, 16, 6, 2, 10, 21, 5, 15, 29, 27][1, 3, 24, 20, 7, 27, 29, 2, 16, 28, 17, 11, 25, 0, 19][9, 3, 23, 20, 4, 7, 28, 0, 12, 22, 25, 11, 14, 1, 24][9, 1, 3, 14, 7, 25, 0, 26, 8, 12, 18, 13, 6, 10, 16][14, 24, 7, 2, 29, 10, 15, 6, 13, 18, 0, 22, 12, 19, 17][5, 15, 6, 10, 27, 16, 28, 25, 11, 17, 0, 26, 8, 19, 22][0, 13, 6, 5, 15, 10, 2, 16, 27, 7, 25, 11, 14, 23, 1][3, 11, 14, 24, 23, 20, 4, 1, 9] 
[4, 24, 20, 23, 9, 1, 3, 14, 7, 28, 0, 18, 22, 19, 12][5, 21, 15, 6, 10, 29, 2, 16, 28, 25, 11, 3, 9, 23, 20][23, 1, 24, 4, 20, 7, 10, 27, 2, 15, 16, 28, 0, 26][5, 21, 10, 2, 27, 7, 25, 28, 16, 15, 29][0, 26, 8, 12, 22, 18, 13][12, 19][11, 17][1, 23][1, 24][11, 17][9, 14][0, 26] 
[21, 5, 6, 16, 2, 29, 27, 15, 10, 7, 20, 4, 24, 1, 23][9, 14, 11, 17, 22, 25, 28, 0, 12, 19, 8, 26][9, 14, 11, 17, 22, 0, 18, 12, 8, 26][21, 6, 2, 27, 7, 20, 24, 23][8, 12, 22, 19, 17, 18, 13][3, 9][7, 25][2, 29][2, 29][2, 29][5, 21][19, 22] 
[2, 29, 15, 10, 6, 13, 18, 22, 19, 12, 17, 0, 26, 8][9, 1, 3, 4, 24, 23, 14, 11, 25][5, 6][5, 21][25, 28][4, 20][0, 26][7, 16][7, 27][6, 13][7, 20][10, 27] 
[15, 10, 7, 25, 0, 22, 17, 19, 18, 13, 6, 5, 21][8, 12, 0, 17, 11, 14, 20, 24][15, 29, 10, 27, 16, 28, 17][0, 18, 13, 6, 5][21, 15, 27, 16, 28][14, 9, 1, 3, 23][2, 16, 28][4, 24][16, 28][0, 26][15, 21][0, 26] 
[1, 3, 23, 20, 14, 11, 17, 28, 16, 6, 10, 15, 27][2, 15, 6, 13, 18, 22, 19, 12, 17, 0, 26, 8][9, 1, 3, 4, 24, 23, 14, 11, 25][0, 28, 7, 27, 2, 21, 5][7, 20][16, 28][7, 16][4, 20][15, 29][0, 26][15, 21][4, 20] 
[13, 18, 22, 19, 12, 0, 17, 11, 14][25, 28, 16, 6, 15, 5, 21, 10, 29][24, 20, 23, 3, 4, 7, 16, 27][1, 3, 14][10, 2, 16][8, 19][12, 17][0, 26][3, 9][12, 18][11, 17][7, 16] 
[7, 27, 2, 29, 10, 6, 13, 18, 22, 19, 12, 17, 0, 26, 8][5, 21, 6, 10, 29, 27, 16, 28, 0, 12, 19, 8][17, 18, 19, 0, 28, 7, 2, 16, 6, 5, 15, 21][16, 7, 28, 17, 22, 18, 13, 6, 15, 29][9, 1, 3, 4, 24, 23, 14, 11, 25][7, 27, 10, 2, 15][4, 7, 25, 22][1, 23, 14, 20][16, 28][4, 20][4, 7][4, 20] 
[2, 21, 5, 6, 13, 18, 22, 25, 11, 3, 9, 14, 24, 4, 23][1, 3, 24, 20, 7, 27, 29, 2, 16, 28, 17, 11, 25, 0, 19][14, 24, 7, 2, 29, 10, 15, 6, 13, 18, 0, 22, 12, 19, 17][3, 11, 17, 12, 18, 0, 13, 6, 16, 7, 24, 23, 9, 14][10, 21, 6, 13, 0, 26, 8, 19, 17, 11, 14, 7, 27, 15][3, 23, 20, 4, 7, 28, 0, 12, 22, 25, 11, 14, 1, 24][1, 3, 14, 7, 25, 0, 26, 8, 12, 18, 13, 6, 10, 16][1, 23, 14, 7, 27, 2, 15, 21, 5, 6, 16, 28, 17, 18][17, 11, 14, 20, 7, 16, 6, 2, 10, 21, 5, 15, 29][4, 14, 20, 7, 16, 15, 21, 6][4, 1, 9][19, 22] 
[2, 21, 5, 6, 13, 18, 22, 25, 11, 3, 9, 14, 24, 4, 23][1, 3, 24, 20, 7, 27, 29, 2, 16, 28, 17, 11, 25, 0, 19][14, 24, 7, 2, 29, 10, 15, 6, 13, 18, 0, 22, 12, 19, 17][1, 3, 14, 7, 25, 0, 26, 8, 12, 18, 13, 6, 10, 16][3, 11, 17, 12, 0, 13, 6, 16, 7, 24, 23, 9, 14][17, 11, 14, 20, 7, 16, 6, 2, 10, 21, 5, 15, 29][1, 23, 14, 7, 27, 2, 15, 21, 6, 16, 28, 17, 18][4, 14, 20, 7, 16, 15, 21, 6][0, 28, 7, 4, 20, 23, 3][4, 1, 9][15, 27][19, 22] 
[5, 21, 6, 10, 29, 27, 2, 16, 28, 0, 12, 19, 8][8, 26, 0, 17, 12, 19, 22, 18, 13, 6, 10, 15][16, 7, 28, 17, 22, 18, 13, 6, 15, 2, 29][9, 1, 3, 4, 24, 23, 14, 11, 25][16, 27, 15, 21, 5, 6, 13, 0, 22][2, 6, 21, 10][17, 18, 19][7, 27][10, 16][4, 7][2, 21][4, 20] 
[3, 1, 4, 7, 16, 28, 25, 0, 12][9, 23, 24, 4, 20, 7, 27, 29][13, 18, 17, 11, 14, 4, 24][2, 29, 15, 16, 7, 25, 22][18, 12, 17, 28, 7, 14, 23][3, 23, 20, 7, 28, 17][0, 17, 12, 8, 26][3, 14, 1, 23][5, 21, 15][6, 15, 10][8, 19][18, 19] 
[5, 21, 6, 15, 27, 16, 28, 25, 0, 19, 12, 17, 18, 22][4, 24, 20, 23, 9, 1, 3, 14, 7, 28, 0, 22, 19, 12][14, 9, 1, 24, 23, 3, 4, 7, 27, 10, 15, 5, 6, 16][9, 3, 14, 20, 23, 1, 4, 7, 25, 11, 17, 0, 13, 18][17, 0, 18, 19, 8, 26][0, 28, 7, 16][2, 10][0, 26][2, 29][12, 18][1, 23][14, 23] 
[5, 21, 15, 6, 10, 29, 2, 16, 28, 25, 11, 3, 9, 23, 20][16, 27, 29, 10, 21, 2, 7, 20, 4, 3, 23, 24, 14, 11, 17][0, 26, 8, 12, 22, 18, 13][17, 18][2, 10][12, 19][9, 14][2, 21][12, 18][1, 23][10, 15][1, 24] 
[14, 9, 1, 24, 23, 3, 4, 7, 27, 10, 15, 5, 6, 16][3, 14, 20, 23, 1, 24, 7, 25, 11, 17, 0, 18][17, 0, 13, 18, 19, 8, 26][0, 28, 7, 16][6, 21][2, 10][19, 22][0, 26][2, 29][12, 18][1, 23][14, 23] 
[9, 1, 3, 4, 20, 24, 23, 14, 11, 25, 22, 18, 0, 19, 12][15, 5, 21, 10, 29, 27, 16, 6, 2, 7, 4, 3, 11, 25, 22][5, 15, 29, 10, 21, 6, 13, 0, 28, 7, 14, 24, 4, 23, 20][21, 15, 5, 6, 10, 29, 2, 7, 16, 28, 0, 17, 11, 3, 23][26, 8, 19, 12, 0, 13, 6, 21, 5, 15, 29, 2, 10, 16, 28][8, 26, 0, 17, 12, 19, 22, 18, 13, 6, 10, 29, 15, 5, 21][16, 27, 2, 6, 13, 0, 19, 17, 22, 18, 12, 8, 26][15, 27][15, 29][15, 21][2, 29][5, 6] 
[3, 1, 4, 7, 16, 28, 25, 0, 12][9, 23, 24, 4, 20, 7, 27, 29][13, 18, 17, 11, 14, 4, 24][2, 29, 15, 16, 7, 25, 22][18, 12, 17, 28, 7, 14, 23][3, 23, 20, 7, 28, 17][0, 17, 12, 8, 26][3, 14, 1, 23][5, 21, 15][6, 15, 10][8, 19][18, 19] 
[2, 21, 5, 6, 13, 18, 22, 25, 11, 3, 9, 14, 24, 4, 23][1, 3, 24, 20, 7, 27, 29, 2, 16, 28, 17, 11, 25, 0, 19][14, 24, 7, 2, 29, 10, 15, 6, 13, 18, 0, 22, 12, 19, 17][3, 11, 17, 12, 18, 0, 13, 6, 16, 7, 24, 23, 9, 14][10, 21, 6, 13, 0, 26, 8, 19, 17, 11, 14, 7, 27, 15][3, 23, 20, 4, 7, 28, 0, 12, 22, 25, 11, 14, 1, 24][1, 3, 14, 7, 25, 0, 26, 8, 12, 18, 13, 6, 10, 16][1, 23, 14, 7, 27, 2, 15, 21, 5, 6, 16, 28, 17, 18][17, 11, 14, 20, 7, 16, 6, 2, 10, 21, 5, 15, 29][4, 14, 20, 7, 16, 15, 21, 6][4, 1, 9][19, 22] 
[2, 29, 15, 16, 7, 25, 22][9, 23, 24, 4, 20, 7, 27][0, 17, 12, 8, 26][11, 17, 18, 13][7, 28, 17][5, 21, 15][6, 15, 10][1, 3][7, 14][1, 23][8, 19][18, 19] 
[8, 26, 0, 17, 12, 19, 22, 18, 13, 6, 10, 29, 2, 27][9, 1, 3, 4, 24, 23, 14, 11, 25][22, 25][7, 16][5, 21][14, 20][16, 28][2, 15][4, 20][4, 7][5, 6][4, 20] 
[11, 14, 24, 23, 3, 4, 20, 7, 2, 21, 10, 29, 27, 16][5, 6, 13, 18, 19, 17, 22, 0, 25, 7, 10, 15][12, 19][16, 28][1, 24][0, 26][9, 14][20, 24][1, 24][4, 24][8, 26][20, 24] 
[4, 24, 20, 23, 9, 1, 3, 14, 7, 28, 0, 18, 22, 19, 12][21, 6, 15, 27, 16, 28, 25, 0, 19, 8, 12, 17, 18, 22][14, 9, 1, 24, 23, 3, 4, 7, 27, 10, 15, 5, 6, 16][9, 3, 14, 20, 23, 1, 4, 7, 25, 11, 17, 0, 18][2, 10][0, 26][2, 29][0, 13][12, 18][1, 23][6, 10][14, 23] 
[7, 27, 2, 29, 10, 6, 13, 18, 22, 19, 12, 17, 0, 26, 8][5, 21, 6, 10, 29, 27, 16, 28, 0, 12, 19, 8][17, 18, 19, 0, 28, 7, 2, 16, 6, 5, 15, 21][16, 7, 28, 17, 22, 18, 13, 6, 15, 29][9, 1, 3, 4, 24, 23, 14, 11, 25][7, 27, 10, 2, 15][4, 7, 25, 22][1, 23, 14, 20][16, 28][4, 20][4, 7][4, 20] 
[13, 18, 22, 19, 12, 0, 17, 11, 14][25, 28, 16, 6, 15, 5, 21, 10, 29][24, 20, 23, 3, 4, 7, 16, 27][1, 3, 14][10, 2, 16][8, 19][12, 17][0, 26][3, 9][12, 18][11, 17][7, 16] 
