9104938.310484657 37515.91676719933 0.20982074253128494 0.602195654792313 9481.0 608.0 7.785829905074776 
9195853.353851559 36438.66857327247 0.21641414456059907 0.602195654792313 9619.0 568.0 7.730103347423475 
9216026.101273743 35920.28701292679 0.21563020463427907 0.602195654792313 9522.0 568.0 7.892142286058158 
9269636.106073925 36454.25272412931 0.21563020463427907 0.602195654792313 9485.0 566.0 7.628984391321318 
9146508.841578165 37882.51322924861 0.21281632754775284 0.602195654792313 9397.0 604.0 8.773276772031355 
9144403.537339993 36805.618336227315 0.21239558294439223 0.6021950295145289 9403.0 603.0 7.983959712362769 
9227956.607687322 36700.13650968129 0.21563020463427907 0.602195654792313 9438.0 570.0 7.892142286058159 
9146508.841578165 37882.51322924861 0.21281632754775284 0.602195654792313 9397.0 604.0 8.773276772031355 
9146508.848875575 37882.52209045829 0.21281632754775284 0.602195654792313 9397.0 604.0 8.773276772031355 
9146508.889695961 37882.58642285119 0.2128163275475234 0.6021956547916638 9397.0 604.0 8.773276772031355 
9104930.711169561 37515.957576278066 0.20982074253128494 0.602195654792313 9482.0 608.0 7.785829905074776 
9195853.353851559 36438.668573272334 0.21641414456059907 0.602195654792313 9619.0 568.0 7.730103347423475 
9216026.101273743 35920.28701292679 0.21563020463427907 0.602195654792313 9522.0 568.0 7.892142286058158 
9146508.98824162 37893.82215514504 0.2128161065741861 0.6021950295145289 9397.0 604.0 8.773276772031355 
9144403.454878582 36804.046274714914 0.21239580348108728 0.6021956547916638 9403.0 603.0 7.983959712362769 
9146508.889695961 37882.58642285119 0.2128163275475234 0.6021956547916638 9397.0 604.0 8.773276772031355 
9104938.310484657 37515.91676719932 0.20982074253128494 0.602195654792313 9481.0 608.0 7.785829905074776 
9195853.353851559 36438.668573272334 0.21641414456059907 0.602195654792313 9619.0 568.0 7.730103347423475 
9146508.848875575 37882.52209045829 0.21281632754775284 0.602195654792313 9397.0 604.0 8.773276772031355 
9104938.310484657 37515.91676719932 0.20982074253128494 0.602195654792313 9481.0 608.0 7.785829905074776 
9104935.072636688 37515.9340733367 0.20982074253128494 0.602195654792313 9481.0 608.0 7.785829905074776 
9195853.353851559 36438.668573272334 0.21641414456059907 0.602195654792313 9619.0 568.0 7.730103347423475 
9216026.101273743 35920.28701292679 0.21563020463427907 0.602195654792313 9522.0 568.0 7.892142286058158 
9146508.840253057 37882.51171195315 0.21281632754775284 0.602195654792313 9397.0 604.0 8.773276772031355 
9144403.454878582 36804.046274714914 0.21239580348108728 0.6021956547916638 9403.0 603.0 7.983959712362769 
9146508.848875575 37882.52209045829 0.21281632754775284 0.602195654792313 9397.0 604.0 8.773276772031355 
9104938.310484657 37515.91676719932 0.20982074253128494 0.602195654792313 9481.0 608.0 7.785829905074776 
9195853.353851559 36438.668573272334 0.21641414456059907 0.602195654792313 9619.0 568.0 7.730103347423475 
9146508.889695961 37882.58642285119 0.2128163275475234 0.6021956547916638 9397.0 604.0 8.773276772031355 
9104938.310484657 37515.91676719932 0.20982074253128494 0.602195654792313 9481.0 608.0 7.785829905074776 
9104938.310484657 37515.91676719932 0.20982074253128494 0.602195654792313 9481.0 608.0 7.785829905074776 
9195853.353851559 36438.66857327247 0.21641414456059907 0.602195654792313 9619.0 568.0 7.730103347423475 
9146508.848875575 37882.52209045829 0.21281632754775284 0.602195654792313 9397.0 604.0 8.773276772031355 
9104938.310484657 37515.91676719932 0.20982074253128494 0.602195654792313 9481.0 608.0 7.785829905074776 
9104938.310484657 37515.91676719932 0.20982074253128494 0.602195654792313 9481.0 608.0 7.785829905074776 
1.3043646102362946E7 25617.309289580982 0.2794252630955035 0.5221299437656792 13075.0 581.0 7.04783942344918 
1.299225224102472E7 25638.933916525515 0.28069202554838163 0.5221299492048405 13041.0 578.0 6.9187185443283 
1.8126489778629556E7 25406.18646457541 0.2925393838958438 0.45214643790169956 19386.0 629.0 7.394038595326877 
1.298706501941216E7 25645.843205654797 0.2827686854485981 0.5221299492048405 12952.0 573.0 6.9187185443283 
1.2987064554302506E7 25645.81122677132 0.28276868892017726 0.5221299492048461 12952.0 573.0 6.9187185443283 
1.1247977226639602E7 27091.57560638491 0.23940284310361118 0.5681383438549755 11063.0 571.0 7.281283493286061 
1.317080198703038E7 25607.653485008013 0.2793941165823255 0.5221299492048461 13128.0 582.0 7.054444444444444 
1.8126489778629556E7 25406.18646457541 0.2925393838958438 0.45214643790169956 19386.0 629.0 7.394038595326877 
1.2987064555382382E7 25645.811300230314 0.28276868892017726 0.5221299492048461 12952.0 573.0 6.9187185443283 
1.317080198703038E7 25607.653485008013 0.2793941165823255 0.5221299492048461 13128.0 582.0 7.054444444444444 
1.3681487953651395E7 25476.807071742776 0.27950833296304095 0.5168915691674384 13613.0 589.0 7.41150086363501 
1.3681487953651395E7 25476.807071742776 0.27950833296304095 0.5168915691674384 13613.0 589.0 7.41150086363501 
1.2987064554352319E7 25645.811230134637 0.28276868892017726 0.5221299492048461 12952.0 573.0 6.9187185443283 
1.357405463251597E7 25569.13873346148 0.2871504413958376 0.5168915691674384 13333.0 577.0 7.227455742089887 
1.751492780638657E7 25261.690622526436 0.32526753377810774 0.4496026021897851 16983.0 613.0 7.53505291005291 
2.356877645473746E7 25330.31916313588 0.32691851952396705 0.38940528346662295 25558.0 646.0 7.9487042351677175 
1.8126440540959712E7 25196.414255005944 0.2925393287227728 0.4521465583392845 19385.0 624.0 7.394038595326877 
1.2987004068949234E7 25645.800459239326 0.28276868541625777 0.5221299492048461 12952.0 573.0 6.9187185443283 
1.3670052082510699E7 25501.495014743443 0.28043244661863725 0.5168915691674384 13552.0 589.0 7.259522841656988 
2.3967523430136222E7 24744.343212195734 0.3223757398389998 0.38742745254919747 26117.0 649.0 8.032272696306718 
1.3670052082510699E7 25501.495014743443 0.28043244661863725 0.5168915691674384 13552.0 589.0 7.259522841656988 
9094410.356978185 38002.28631500657 0.20982074253128494 0.602195654792313 9485.0 615.0 8.083702245500307 
9094410.356978185 38002.28631500657 0.20982074253128494 0.602195654792313 9485.0 615.0 8.083702245500307 
9094409.104136951 38003.02279948032 0.20982074253128494 0.602195654792313 9485.0 615.0 8.083702245500307 
9094404.489809645 38025.84966980507 0.2098207425310587 0.6021956547916638 9485.0 615.0 8.083702245500307 
9094410.892733583 38002.10586954347 0.20982074253128494 0.602195654792313 9485.0 615.0 8.083702245500307 
9094409.104136951 38003.02279948032 0.20982074253128494 0.602195654792313 9485.0 615.0 8.083702245500307 
9094409.104136951 38003.02279948032 0.20982074253128494 0.602195654792313 9485.0 615.0 8.083702245500307 
9094410.356978185 38002.28631500657 0.20982074253128494 0.602195654792313 9485.0 615.0 8.083702245500307 
9094409.104136951 38003.02279948032 0.20982074253128494 0.602195654792313 9485.0 615.0 8.083702245500307 
9094409.104136951 38003.02279948032 0.20982074253128494 0.602195654792313 9485.0 615.0 8.083702245500307 
9094409.104136951 38003.02279948032 0.20982074253128494 0.602195654792313 9485.0 615.0 8.083702245500307 
9094409.104136951 38003.02279948032 0.20982074253128494 0.602195654792313 9485.0 615.0 8.083702245500307 
9094409.104136951 38003.02279948032 0.20982074253128494 0.602195654792313 9485.0 615.0 8.083702245500307 
9094409.104136951 38003.02279948032 0.20982074253128494 0.602195654792313 9485.0 615.0 8.083702245500307 
9094409.104136951 38003.02279948032 0.20982074253128494 0.602195654792313 9485.0 615.0 8.083702245500307 
9104938.310484657 37515.91676719932 0.20982074253128494 0.602195654792313 9481.0 608.0 7.785829905074776 
9104938.310484657 37515.91676719932 0.20982074253128494 0.602195654792313 9481.0 608.0 7.785829905074776 
9104938.310484657 37515.91676719932 0.20982074253128494 0.602195654792313 9481.0 608.0 7.785829905074776 
9104938.310484657 37515.91676719932 0.20982074253128494 0.602195654792313 9481.0 608.0 7.785829905074776 
9104938.310484657 37515.91676719932 0.20982074253128494 0.602195654792313 9481.0 608.0 7.785829905074776 
9104938.310484657 37515.91676719932 0.20982074253128494 0.602195654792313 9481.0 608.0 7.785829905074776 
9094409.104136951 38003.02279948032 0.20982074253128494 0.602195654792313 9485.0 615.0 8.083702245500307 
9094410.356978185 38002.28631500657 0.20982074253128494 0.602195654792313 9485.0 615.0 8.083702245500307 
9094409.104136951 38003.02279948032 0.20982074253128494 0.602195654792313 9485.0 615.0 8.083702245500307 
9094404.489809645 38025.84966980507 0.2098207425310587 0.6021956547916638 9485.0 615.0 8.083702245500307 
9094409.104136951 38003.02279948032 0.20982074253128494 0.602195654792313 9485.0 615.0 8.083702245500307 
9094411.333608758 38001.99404172947 0.20982074253128494 0.602195654792313 9485.0 615.0 8.083702245500307 
9094409.104136951 38003.02279948032 0.20982074253128494 0.602195654792313 9485.0 615.0 8.083702245500307 
9104938.310484657 37515.91676719932 0.20982074253128494 0.602195654792313 9481.0 608.0 7.785829905074776 
9104938.310484657 37515.91676719932 0.20982074253128494 0.602195654792313 9481.0 608.0 7.785829905074776 
9104938.310484657 37515.91676719932 0.20982074253128494 0.602195654792313 9481.0 608.0 7.785829905074776 
9104938.310484657 37515.91676719932 0.20982074253128494 0.602195654792313 9481.0 608.0 7.785829905074776 
9104938.310484657 37515.91676719932 0.20982074253128494 0.602195654792313 9481.0 608.0 7.785829905074776 
9104938.310484657 37515.91676719932 0.20982074253128494 0.602195654792313 9481.0 608.0 7.785829905074776 
9104938.310484657 37515.91676719932 0.20982074253128494 0.602195654792313 9481.0 608.0 7.785829905074776 
9104938.310484657 37515.91676719932 0.20982074253128494 0.602195654792313 9481.0 608.0 7.785829905074776 
9104938.310484657 37515.91676719932 0.20982074253128494 0.602195654792313 9481.0 608.0 7.785829905074776 
9104938.310484657 37515.91676719932 0.20982074253128494 0.602195654792313 9481.0 608.0 7.785829905074776 
9104938.310484657 37515.91676719932 0.20982074253128494 0.602195654792313 9481.0 608.0 7.785829905074776 
9104938.310484657 37515.91676719932 0.20982074253128494 0.602195654792313 9481.0 608.0 7.785829905074776 
9104938.310484657 37515.91676719932 0.20982074253128494 0.602195654792313 9481.0 608.0 7.785829905074776 
9104938.310484657 37515.91676719932 0.20982074253128494 0.602195654792313 9481.0 608.0 7.785829905074776 
9104938.310484657 37515.91676719932 0.20982074253128494 0.602195654792313 9481.0 608.0 7.785829905074776 
9149638.734888176 36091.92116118464 0.20935349356857763 0.602195654792313 9553.0 609.0 8.350462202072286 
9149638.734888176 36091.92116118464 0.20935349356857763 0.602195654792313 9553.0 609.0 8.350462202072286 
9149638.734888176 36091.92116118463 0.20935349356857763 0.602195654792313 9553.0 609.0 8.350462202072286 
9149638.734888176 36091.92116118464 0.20935349356857763 0.602195654792313 9553.0 609.0 8.350462202072286 
9149638.734888176 36091.92116118464 0.20935349356857763 0.602195654792313 9553.0 609.0 8.350462202072286 
9149638.734888176 36091.92116118463 0.20935349356857763 0.602195654792313 9553.0 609.0 8.350462202072286 
9094411.333608758 38001.99404172947 0.20982074253128494 0.602195654792313 9485.0 615.0 8.083702245500307 
9094411.333608758 38001.99404172947 0.20982074253128494 0.602195654792313 9485.0 615.0 8.083702245500307 
9094411.333608568 38001.99404176521 0.20982074253128494 0.602195654792313 9485.0 615.0 8.083702245500307 
9094411.333608758 38001.99404172947 0.20982074253128494 0.602195654792313 9485.0 615.0 8.083702245500307 
9094411.333608758 38001.99404172947 0.20982074253128494 0.602195654792313 9485.0 615.0 8.083702245500307 
9104938.310484657 37515.91676719932 0.20982074253128494 0.602195654792313 9481.0 608.0 7.785829905074776 
9094411.333608758 38001.99404172947 0.20982074253128494 0.602195654792313 9485.0 615.0 8.083702245500307 
