75385.0 9188.612463445468 0.3249839434810533 0.12845215157353887 91.0 80.0 1.2 
78575.0 7504.948469977871 0.1329479768786127 0.14450867052023122 98.0 77.0 2.137142857142857 
114131.3056177788 14739.971819987404 0.05202312138728324 0.0 132.0 232.0 5.442857142857142 
55355.0 8056.45263658962 0.16634553628773283 0.35773924213230573 59.0 79.0 2.0 
90515.0 7020.229095892091 0.2382787411689146 0.14193962748876043 102.0 81.0 2.0 
59625.0 13184.286273224927 0.10468850353243417 0.3236994219653179 55.0 121.0 4.014129136148772 
81745.1133683501 13176.83952689788 0.21390178979139518 0.03276396112775544 98.0 130.0 3.956498673740053 
89720.0 10623.274307440966 0.20873474630700065 0.046885035324341684 90.0 95.0 3.8082051282051284 
107478.04427933677 13739.774396912873 0.0789980732177264 0.0012845215157353885 116.0 193.0 5.49023199023199 
69415.0 11189.668310174811 0.2138728323699422 0.1817597944765575 69.0 65.0 0.0 
48970.0 9970.574938790289 0.1001926782273603 0.4039820166987797 54.0 93.0 1.2857142857142856 
115975.91697473335 11171.98599889761 0.147077713551702 0.0 122.0 142.0 4.664102564102564 
105031.78848395441 15056.86011181982 0.03982016698779704 0.0 115.0 210.0 5.6913207547169815 
98251.35742030122 16324.624148506375 0.03917790622992935 0.0 102.0 215.0 5.499978009411972 
85145.8159106655 20724.508486022674 0.04817574511819115 0.0 82.0 207.0 4.634385786982669 
88520.0 13994.723161000722 0.18304431599229287 0.009633911368015413 77.0 105.0 3.221014492753623 
159104.87922438624 8664.822520583688 0.3455362877328195 0.0 163.0 131.0 3.5036036036036036 
108701.33685967339 11465.19628937391 0.10982658959537572 0.0038535645472061657 130.0 167.0 4.8625798212005105 
86850.0 10934.390317387295 0.35388567758509953 0.06294155427103404 81.0 83.0 1.7681159420289854 
92581.48518245858 15530.473974527948 0.07129094412331406 0.0 102.0 186.0 4.7562937062937065 
96002.4533725027 12124.028413952014 0.1291090972915736 0.04885001499433433 99.0 161.0 3.9755827255827256 
87524.61027396357 17088.90501326147 0.06037251123956326 0.0 100.0 205.0 5.834188034188034 
77488.49345849347 12577.912523100284 0.13423249839434812 0.19332048811817598 84.0 137.0 3.2048953201970445 
51065.0 11500.584039283734 0.20873474630700065 0.3378291586384072 50.0 80.0 0.0 
81140.0 10466.676254322016 0.2254335260115607 0.0674373795761079 93.0 90.0 2.8769230769230765 
110870.0 8020.973662939511 0.13166345536287732 0.15542710340398203 119.0 82.0 2.0 
92570.05795542439 10678.18417200781 0.1573538856775851 0.0 106.0 129.0 4.030520065520065 
171525.0 10085.219505014122 0.371868978805395 0.06422607578676943 160.0 81.0 2.0 
106030.0 9268.643817917979 0.14193962748876043 0.0 135.0 155.0 4.378150406504065 
54580.0 10716.412977703298 0.26396917148362237 0.4007707129094412 54.0 72.0 0.0 
111061.40729871829 13906.200579403174 0.08028259473346179 0.0 145.0 193.0 4.541499175427747 
97713.07821221695 9948.227456924786 0.09506927712458581 3.8197396389562294E-5 137.0 170.0 3.3224085339701555 
102920.0 8741.780863566262 0.2472703917790623 0.04945407835581246 101.0 82.0 0.0 
100072.83480432644 10878.43538400296 0.2010276172125883 0.0 104.0 102.0 2.8909643773017035 
126705.0 9208.758009611534 0.3166345536287733 0.19781631342324985 115.0 69.0 0.0 
102592.77273595113 15642.867201877667 0.016065923921181363 0.0 118.0 232.0 5.530094701077134 
90045.94164802188 17193.51726597697 0.03275950613983959 0.0 96.0 232.0 5.848484848484849 
101370.0 12848.74023234157 0.24536497694750004 0.00449582530507386 100.0 114.0 2.1358837241190183 
120389.86232987781 14333.37708465388 0.046242774566473986 0.0 128.0 193.0 5.521486643437863 
93632.47584336055 12863.780634680332 0.13166345536287732 0.0038535645472061657 118.0 161.0 3.8083333333333336 
70719.48046490872 13167.615588320034 0.23956326268464997 0.2363519588953115 67.0 99.0 1.6672882672882674 
85742.17764991295 13501.916056309821 0.1689328942695243 0.005138333562270212 87.0 122.0 3.3628118705251193 
120621.05823691966 11877.324026412694 0.11496467565831728 0.0 136.0 187.0 4.834450513075141 
104125.78981325674 11724.6910297049 0.07771355170199101 0.0 138.0 176.0 4.564625104427736 
151100.0 6519.7412327697975 0.36480411046885036 0.07964033397559409 145.0 77.0 1.2142857142857142 
65710.0 11726.874958797369 0.4026974951830443 0.1599229287090559 69.0 67.0 0.0 
58005.0 10964.629741119805 0.11432241490044959 0.29736673089274246 52.0 73.0 0.0 
161610.0 6951.803092423268 0.40082318276711676 0.052028483872737494 164.0 79.0 2.197619047619048 
37440.0 11186.294416243654 0.1457931920359666 0.5773924213230571 42.0 73.0 0.0 
44955.0 9104.688644688646 0.07257546563904946 0.4296724470134875 48.0 83.0 0.0 
131525.0 7806.3101711926965 0.45862623847632816 0.0507400848675198 112.0 80.0 2.75 
95775.0 6671.19713478752 0.19653179190751446 0.023121387283236993 124.0 99.0 2.5025641025641026 
62410.0 7807.197790749642 0.1907514450867052 0.3179190751445087 61.0 79.0 2.0 
123264.35966668019 10497.766646888673 0.13102119460500963 0.0 128.0 151.0 5.323356643356644 
95880.37446950248 15459.602989787976 0.03917790622992935 0.0 120.0 230.0 5.406318082788672 
134130.0 5790.567159081976 0.17212588310854207 0.006422607578676943 141.0 83.0 3.3205128205128203 
185130.0 9871.043600470919 0.42517662170841364 0.03275529865125241 171.0 81.0 2.0 
145114.7955958569 9076.373634412257 0.4052665382145151 0.011560693641618497 131.0 97.0 3.8636476426799007 
93559.91430314003 17818.965751681186 0.046885035324341684 0.0 94.0 200.0 4.624841269841269 
62095.0 11762.896598950012 0.24277456647398843 0.2896596017983301 62.0 77.0 0.0 
118455.0 6389.056720536669 0.14645987272759523 0.12271173464441978 133.0 116.0 3.017094017094017 
87615.0 7046.5516080856505 0.26204238921001927 0.23699421965317918 100.0 89.0 1.1333333333333333 
34095.0 10737.000634115411 0.14836223506743737 0.5459216441875402 39.0 77.0 0.0 
138245.0 8714.316101289756 0.3904945407835581 0.0449582530507386 131.0 86.0 1.1304347826086956 
43405.0 12010.9749369483 0.2909441233140655 0.41490044958253053 35.0 68.0 0.0 
72625.0 9923.098341391138 0.2504816955684008 0.1123956326268465 77.0 71.0 1.1666666666666667 
83700.0 7679.550302317929 0.19845857418111754 0.09248554913294797 97.0 86.0 1.15625 
73145.0 13129.33949296987 0.42517662170841364 0.057161207450224794 84.0 83.0 2.349673202614379 
47860.0 7733.454365406831 0.10918432883750803 0.4091201027617213 55.0 79.0 2.0 
107855.0 6140.967188767675 0.18948655851771004 0.07193320488118175 127.0 85.0 3.0 
74654.76491260545 15361.706427303954 0.10982658959537572 0.10661528580603725 76.0 132.0 3.0078488372093024 
111820.0 11047.977039780464 0.1464354527938343 0.006422607578676943 109.0 125.0 4.8 
126665.0 5179.047184458455 0.14065510597302505 0.03789338471419396 143.0 89.0 4.0 
99970.0 6980.23279960134 0.17726396917148363 0.10982658959537572 107.0 81.0 2.0 
147540.0 6292.659518723646 0.40012845215157355 0.028901734104046242 172.0 88.0 2.2020348837209305 
142235.0 7002.578474444233 0.39627488760436735 0.10597302504816955 141.0 73.0 2.1404761904761904 
178636.98876404495 5484.042354533186 0.36287732819524726 0.0 220.0 130.0 5.143863049095607 
66602.28813559322 14724.313854993816 0.15865226893629333 0.1843522704544774 67.0 108.0 1.141147741147741 
40815.0 12551.767938589383 0.154163784330735 0.4702007920803515 39.0 90.0 1.2759197324414715 
134815.0 9291.252913955153 0.26011560693641617 0.1252408477842004 116.0 74.0 1.0512820512820513 
81768.43325972967 21658.63740308786 0.0777235354573484 0.0 82.0 200.0 4.841025790640682 
146325.41433147612 12162.951580539539 0.29736673089274246 0.007064868336544637 141.0 136.0 1.9894836394836397 
142700.0 10501.81462243598 0.4026974951830443 0.02697495183044316 137.0 97.0 1.1915584415584415 
66620.0 8222.218337762504 0.22671804752729607 0.2543352601156069 89.0 97.0 2.655072463768116 
156150.0 6929.986014871801 0.3911368015414258 0.06551059730250482 161.0 80.0 2.1476190476190475 
159070.0 4644.251614671983 0.4258188824662813 0.0 187.0 88.0 4.245138888888889 
111614.97625489351 17192.579678008966 0.033397559409120106 0.0 115.0 217.0 5.308100233100233 
192065.0 5171.4187810179255 0.3327352924555192 0.03789420971195615 177.0 95.0 2.488888888888889 
83885.56811959135 15682.816392765792 0.05973025048169557 0.0 105.0 192.0 5.002467390765264 
114730.0 6621.08893233364 0.19588953114964675 0.0674373795761079 122.0 81.0 1.0909090909090908 
40125.0 9699.584528810721 0.15028901734104047 0.565189466923571 49.0 75.0 1.125 
69950.0 6943.313732748189 0.22671804752729607 0.2543352601156069 92.0 99.0 3.777834612105712 
122325.0 7347.410113578817 0.3217726396917148 0.05330764290301863 119.0 89.0 1.3448275862068966 
89438.1366178066 20647.247670791363 0.10597302504816955 0.0 80.0 187.0 4.5 
92870.0 6475.532212885155 0.2241490044958253 0.20873474630700065 105.0 97.0 3.2888888888888888 
30635.0 13321.976608027888 0.1676300578034682 0.5748233782915864 28.0 71.0 0.0 
174239.432133355 11245.79540054636 0.35842729026597514 0.001927029772931741 168.0 98.0 1.5230496453900708 
57945.0 15550.612040708367 0.11304952585316112 0.3295209361744606 50.0 119.0 3.0916103531811805 
48040.0 12349.214414778276 0.31086930426701215 0.3475010199034835 57.0 78.0 2.41025641025641 
53505.0 14247.796315329191 0.11753371868978806 0.29543994861913936 50.0 95.0 3.1270903010033444 
64550.85609741935 17496.02797209797 0.13746145983845898 0.19527235356690756 61.0 122.0 2.893939393939394 
80950.0 6402.356409853356 0.13296761182535294 0.2627235898622625 106.0 115.0 3.931111111111111 
82444.39331239097 18261.0636992284 0.06229929351316635 0.0 82.0 164.0 4.2952840565363255 
103427.20638354577 18870.217919019397 0.06679511881824021 0.0 96.0 194.0 4.023586626139817 
167285.0 8505.183966064096 0.4393063583815029 0.03147077713551702 163.0 83.0 1.1111111111111112 
103150.0 6154.157487174563 0.18370918472013184 0.023121387664869528 124.0 85.0 2.5210084033613445 
52355.0 6920.783132530118 0.10918432883750803 0.3815028901734104 68.0 83.0 3.0666666666666664 
74425.0 6670.206848696988 0.1361592806679512 0.28644829800899163 87.0 108.0 3.457264957264957 
33905.0 13209.008002090006 0.16506101477199744 0.5131663455362877 30.0 75.0 0.0 
171970.0 7141.604114168622 0.39755940912010274 0.0 173.0 91.0 2.3916666666666666 
31145.0 10236.11111111111 0.10982658959537572 0.552344251766217 36.0 71.0 1.08 
26335.0 12728.408925040805 0.06872190109184328 0.6152858060372511 24.0 71.0 0.0 
