2.7407967718318105E-4 4.0001959800720215 
1.390365719795227 0.7953236103057861 
2.7407967718318105E-4 4.0001959800720215 
1.390365719795227 0.7953236103057861 
1.2910717725753784 1.5893635749816895 
0.833227276802063 1.5935415029525757 
0.7354177832603455 2.388335943222046 
0.3909628987312317 2.390367031097412 
0.10767066478729248 3.180790662765503 
0.3032621741294861 3.179861545562744 
0.004705815576016903 3.89551043510437 
0.06186635047197342 3.6016833782196045 
1.3435204029083252 0.9823464155197144 
0.052179284393787384 3.754304885864258 
0.08554447442293167 3.2867319583892822 
0.794400691986084 1.7309916019439697 
1.3262540102005005 1.1429510116577148 
0.37577974796295166 2.4193828105926514 
0.7605587840080261 2.0560028553009033 
0.056574683636426926 3.686142921447754 
0.06722916662693024 3.5180556774139404 
0.041783399879932404 3.8951973915100098 
0.7509880065917969 2.175593137741089 
0.3288847804069519 2.8243391513824463 
1.3307127952575684 1.0963428020477295 
0.3510149419307709 2.5793211460113525 
0.31504109501838684 3.010190486907959 
0.7743126749992371 1.9039652347564697 
0.8175588250160217 1.6167271137237549 
0.3682854175567627 2.4531586170196533 
0.34334689378738403 2.6545989513397217 
0.05843307822942734 3.6568961143493652 
0.7701423168182373 1.947361946105957 
0.808219850063324 1.651856541633606 
0.3467191755771637 2.6245365142822266 
0.7825742959976196 1.8261644840240479 
0.08102543652057648 3.333630323410034 
0.3078143298625946 3.1140222549438477 
1.295949101448059 1.5198615789413452 
0.04614521935582161 3.839390516281128 
1.3766242265701294 0.8106226325035095 
0.7644010782241821 2.011335611343384 
0.32255637645721436 2.9055936336517334 
0.7407214641571045 2.3148274421691895 
1.3346867561340332 1.058372139930725 
0.7572495341300964 2.107590675354004 
0.7407214641571045 2.3148274421691895 
0.07899028062820435 3.363452672958374 
5.810101283714175E-4 3.9671316146850586 
0.7458673119544983 2.244460344314575 
1.3485755920410156 0.9449560046195984 
1.3602633476257324 0.8723739981651306 
0.7458673119544983 2.244460344314575 
0.09233825653791428 3.2328057289123535 
0.1002475768327713 3.1931631565093994 
0.7669155597686768 1.9828391075134277 
0.30384254455566406 3.1717002391815186 
0.33487826585769653 2.7502317428588867 
0.7872674465179443 1.7869162559509277 
0.07440848648548126 3.4169507026672363 
0.7995720505714417 1.6976299285888672 
0.317766934633255 2.9708900451660156 
0.3277495503425598 2.8387577533721924 
1.3217988014221191 1.1911622285842896 
1.3180601596832275 1.2326114177703857 
0.3242814838886261 2.883965492248535 
0.04360853135585785 3.8722102642059326 
0.8028944730758667 1.6784816980361938 
0.35660532116889954 2.5314173698425293 
1.3136844635009766 1.2847223281860352 
0.07542102783918381 3.403102159500122 
0.3091472089290619 3.0932328701019287 
0.06895589083433151 3.5069594383239746 
0.35536476969718933 2.541425943374634 
0.8325451016426086 1.605766773223877 
0.3386777639389038 2.7052605152130127 
1.368761658668518 0.8346827626228333 
1.3346867561340332 1.058372139930725 
0.09339608252048492 3.2260751724243164 
0.7548080682754517 2.127462387084961 
0.7527008652687073 2.1542556285858154 
1.3572332859039307 0.8893986344337463 
0.31160104274749756 3.0594170093536377 
1.3073360919952393 1.3644472360610962 
0.362148642539978 2.491636276245117 
0.33520498871803284 2.745422601699829 
0.36240994930267334 2.490302562713623 
0.07087526470422745 3.4651496410369873 
0.778418242931366 1.8642171621322632 
0.3386777639389038 2.7052605152130127 
0.049196552485227585 3.7971298694610596 
0.317766934633255 2.9708900451660156 
0.7870456576347351 1.7886977195739746 
0.07087526470422745 3.4651496410369873 
0.04925983399152756 3.7962069511413574 
1.2985361814498901 1.4840147495269775 
0.7786332964897156 1.8621498346328735 
1.3036928176879883 1.4111602306365967 
1.3081566095352173 1.3529132604599 
1.3104051351547241 1.3245048522949219 
