6.350892945192754E-4 4.000217914581299 
1.3901691436767578 0.7955902814865112 
0.8351118564605713 1.5941306352615356 
1.2911384105682373 1.5933207273483276 
0.7361287474632263 2.388023853302002 
0.3919063210487366 2.3906145095825195 
0.3045617938041687 3.170722484588623 
0.1080915704369545 3.181180477142334 
0.07209799438714981 3.4530203342437744 
0.042157843708992004 3.8941049575805664 
0.31638282537460327 2.9987592697143555 
0.08166147768497467 3.3310489654541016 
1.3481998443603516 0.95029616355896 
0.3103720545768738 3.08550763130188 
0.33764132857322693 2.7211403846740723 
0.004822015296667814 3.89577054977417 
1.3573240041732788 0.8906042575836182 
0.8030648231506348 1.6813379526138306 
0.3607446551322937 2.505671977996826 
0.7686962485313416 1.9673784971237183 
0.08907783776521683 3.260572671890259 
0.09677185118198395 3.208557605743408 
0.054280851036310196 3.7264575958251953 
0.7505553960800171 2.1859023571014404 
1.373551845550537 0.8200966119766235 
0.7408347725868225 2.320960760116577 
0.3324979841709137 2.7821457386016846 
0.8099408745765686 1.6455044746398926 
0.3524724841117859 2.5695879459381104 
1.3341375589370728 1.0670782327651978 
0.06870534271001816 3.5264501571655273 
0.7465253472328186 2.239053964614868 
1.326153039932251 1.14654541015625 
1.3419709205627441 0.9980003237724304 
0.7637183666229248 2.0262603759765625 
1.3395050764083862 1.0202653408050537 
0.7581574320793152 2.09173583984375 
0.04773426428437233 3.844738006591797 
0.3417377769947052 2.6758759021759033 
0.3731725215911865 2.4315428733825684 
0.3800753951072693 2.408121109008789 
1.2966574430465698 1.513950228691101 
0.001393887447193265 3.9359583854675293 
0.05782131850719452 3.67116117477417 
0.7832121253013611 1.8228824138641357 
0.06568430364131927 3.548016309738159 
0.7444415092468262 2.267298936843872 
0.07126128673553467 3.464841842651367 
0.05198490247130394 3.7611796855926514 
0.7951668500900269 1.7308645248413086 
0.3198125660419464 2.948543071746826 
1.365441083908081 0.869978666305542 
0.7641680836677551 2.017634630203247 
1.294296145439148 1.5477495193481445 
0.05003925785422325 3.7895376682281494 
1.3674073219299316 0.8429117798805237 
0.3669533133506775 2.463250160217285 
0.34428274631500244 2.6506898403167725 
0.06301285326480865 3.5892114639282227 
6.35158212389797E-4 3.999847173690796 
0.7786167860031128 1.865811824798584 
1.3188087940216064 1.2277809381484985 
0.7732481360435486 1.921198844909668 
0.7894855737686157 1.770814299583435 
1.3050593137741089 1.4015405178070068 
0.7419074773788452 2.3025166988372803 
1.2992584705352783 1.4769586324691772 
1.3075751066207886 1.3685646057128906 
0.3271990418434143 2.8494367599487305 
1.3108716011047363 1.3270034790039062 
0.04814610630273819 3.8215417861938477 
0.7755993604660034 1.8949916362762451 
1.3033496141433716 1.4213331937789917 
0.8266262412071228 1.5984224081039429 
0.3236235976219177 2.8995118141174316 
1.330215573310852 1.1071386337280273 
0.7533029317855835 2.153686285018921 
0.060047779232263565 3.6602208614349365 
0.06106564775109291 3.6196327209472656 
0.35125207901000977 2.5819809436798096 
0.3190140426158905 2.959951162338257 
0.3250420391559601 2.880652666091919 
0.36542201042175293 2.480421304702759 
1.3129749298095703 1.2975393533706665 
0.1049404889345169 3.1832194328308105 
0.7944007515907288 1.7337418794631958 
1.292596459388733 1.5749223232269287 
0.7894855737686157 1.770814299583435 
0.08493352681398392 3.296863317489624 
1.322238564491272 1.1894253492355347 
0.8177797794342041 1.6169602870941162 
0.7546501159667969 2.1362836360931396 
0.34745675325393677 2.61614990234375 
1.3088737726211548 1.3487979173660278 
1.330881118774414 1.098272681236267 
1.3226927518844604 1.1833884716033936 
0.0018253152957186103 3.9230215549468994 
0.3088676631450653 3.1114273071289062 
1.2992584705352783 1.4769586324691772 
0.32884421944618225 2.828585147857666 
