1.3903170824050903 0.7959345579147339 
0.0010473199654370546 3.9881229400634766 
1.3903170824050903 0.7959345579147339 
1.2919553518295288 1.5857417583465576 
0.8342887163162231 1.5942391157150269 
0.7363927364349365 2.38869047164917 
0.3920944929122925 2.390721082687378 
0.3037360608577728 3.180637836456299 
0.10873693972826004 3.1815168857574463 
0.04250742495059967 3.894622564315796 
1.316481590270996 1.2622389793395996 
0.37329795956611633 2.4339442253112793 
0.34786665439605713 2.6165153980255127 
1.311037302017212 1.328005075454712 
0.005094273015856743 3.8961737155914307 
0.34336796402931213 2.662130117416382 
0.08120588958263397 3.340820789337158 
0.7703332304954529 1.954345464706421 
0.3544602394104004 2.557337760925293 
0.07155925780534744 3.52337646484375 
0.7583993077278137 2.094137191772461 
0.7626727223396301 2.0397164821624756 
0.32389000058174133 2.899937629699707 
0.04630015045404434 3.846588134765625 
1.2969743013381958 1.5110819339752197 
1.3070428371429443 1.406756043434143 
0.33235108852386475 2.7913095951080322 
0.7482638955116272 2.2208518981933594 
0.784825325012207 1.8127310276031494 
1.3080997467041016 1.3629755973815918 
0.326581746339798 2.8631551265716553 
0.0924610123038292 3.237346887588501 
0.7394893169403076 2.3368079662323 
0.32944637537002563 2.8255093097686768 
0.04878928139805794 3.8120310306549072 
0.7790014147758484 1.8657995462417603 
1.3331835269927979 1.0827467441558838 
0.05158132314682007 3.7742600440979004 
0.3153809905052185 3.0157318115234375 
0.7737846970558167 1.9179452657699585 
0.3095521330833435 3.099557399749756 
0.8106587529182434 1.6629455089569092 
0.062138523906469345 3.6117238998413086 
1.342979073524475 0.9959170818328857 
0.7558879256248474 2.1247684955596924 
0.053677771240472794 3.741150140762329 
0.09565426409244537 3.2178773880004883 
0.36383408308029175 2.485455274581909 
1.302289366722107 1.4404964447021484 
1.3375663757324219 1.0408273935317993 
0.8146748542785645 1.6305420398712158 
0.05607267841696739 3.705173969268799 
1.3004827499389648 1.4672629833221436 
0.8027154803276062 1.7096558809280396 
0.07828575372695923 3.3783416748046875 
1.3547029495239258 0.908941924571991 
0.0014354134909808636 3.9558353424072266 
0.7464581727981567 2.245643377304077 
0.7522539496421814 2.1698765754699707 
0.32027241587638855 2.947277784347534 
0.08673924207687378 3.2845137119293213 
0.07650859653949738 3.4023537635803223 
0.35775473713874817 2.5302422046661377 
0.7914766669273376 1.7829822301864624 
0.0024238768965005875 3.919806718826294 
1.3685306310653687 0.8406124711036682 
0.07364162057638168 3.4367218017578125 
0.10450675338506699 3.1859500408172607 
0.07166003435850143 3.4667460918426514 
1.3253415822982788 1.1598249673843384 
0.318139910697937 2.981386423110962 
0.31307974457740784 3.0512845516204834 
0.8028148412704468 1.6839767694473267 
0.7432235479354858 2.2901880741119385 
1.3253415822982788 1.1598249673843384 
0.06554806977510452 3.5572946071624756 
0.38391074538230896 2.3996710777282715 
0.057868923991918564 3.6768298149108887 
1.3203903436660767 1.2140405178070068 
0.06458999961614609 3.5713417530059814 
0.7654070854187012 2.0100345611572266 
0.08673924207687378 3.2845137119293213 
1.3203903436660767 1.2140405178070068 
1.3303394317626953 1.1070663928985596 
0.7378672957420349 2.3642191886901855 
1.3629517555236816 0.8628121018409729 
1.33966863155365 1.022825002670288 
0.3114345073699951 3.0716419219970703 
0.3612349033355713 2.5042598247528076 
1.380403757095337 0.8049715161323547 
0.33896952867507935 2.711719274520874 
1.3472284078598022 0.9605442881584167 
0.7944892048835754 1.7372537851333618 
0.7528498768806458 2.161036968231201 
0.33556824922561646 2.7495369911193848 
0.7936328053474426 1.7428390979766846 
0.7438664436340332 2.2820026874542236 
1.2979083061218262 1.5029710531234741 
1.349299430847168 0.9444562196731567 
0.30670493841171265 3.1416871547698975 
