5.61991151745711E-5 2.331069603167535E-5 2.098875640632672 2.8017077924558134 3.5081940823638234 4.211744994370137 
1.999987529511443 3.9999984207276267 2.0991880180281037 2.8018618433231772 3.512554499160153 4.212962428131094 
1.999987529511443 3.9999984207276267 2.0991880180281037 2.8018618433231772 3.512554499160153 4.212962428131094 
1.9266156932304093 3.926392144979692 2.098995011353684 2.802381371395956 3.5078048147008363 4.211739031336198 
1.9628526110498536 2.493993643684366 2.098848622314404 2.802035097484511 3.5118743352832866 4.213010234059792 
1.8990629412177296 2.355259682809455 2.1040433356241763 2.7971371313796975 3.5118262811964316 4.213061269269373 
0.45903000161662233 3.9087770432506384 2.0990324812278285 2.8021292398957973 3.5079125956827135 4.198062058682073 
1.937961730035033 0.6367135289444158 2.0990188171755113 2.8023811329790456 3.5136867264134044 4.21290606042227 
0.43699928763025586 2.364378967135482 2.099189633409983 2.8018050299079973 3.511728945453042 4.21358859819412 
0.43910813322557307 0.8018749490347643 2.0992021652285975 2.801794728189316 3.511636133354884 4.212979421935034 
0.22547366158512994 2.3890366511279693 2.09864442850244 2.8024489373106776 3.507914069446454 4.213572221006948 
1.9261543100642493 2.32515574344634 2.1040204982747666 2.7967942579700975 3.511301468157426 4.213061269269373 
1.926989071056897 2.3485657104457145 2.1030633285413916 2.801706096033823 3.512610394632141 4.212924880505093 
0.2745965206130794 2.389517576846469 2.0988875572194394 2.802339931993191 3.513712923828309 4.212966001300645 
0.45903000161662233 3.7019720333945987 2.0990212100021917 2.7969082418400286 3.5079125956827135 4.198062058682073 
0.3489477809985698 0.7504005215956675 2.098950321800482 2.8025519214144503 3.513651670890132 4.207081073834187 
1.9028288190969707 0.7152031404099942 2.1031024282426096 2.802379768008113 3.5137585750419835 4.2129663314310655 
1.9008555652583878 2.492745792879868 2.1036076175482155 2.8020351812032893 3.511641377089692 4.213009412801728 
1.965746687572488 0.7173452160869005 2.0986825346914286 2.802805905057882 3.5115110772938287 4.212415093193908 
0.4430968230244402 0.4900272453944441 2.0990300468025636 2.8019614691422854 3.507901902245801 4.212948590194905 
0.30484937430207515 3.98746764945046 2.1018213292349395 2.8018618433231772 3.5125635230363126 4.204654674658081 
1.9521004620813658 0.6367135289444158 2.098695754677235 2.802379768008113 3.5137593600268207 4.21290160765004 
0.25958534944982126 0.5194527112019502 2.098658151323841 2.802795336773289 3.512633710617637 4.213617525779429 
0.30602532812372896 0.7163262965345762 2.098957795070682 2.8018040769225885 3.5117618473113548 4.212963139596423 
1.9779422006191343 0.8005065010566172 2.156750109951088 2.7976943508872845 3.508001264067092 4.212669634177394 
0.4592094310326683 0.4900272453944441 2.0990252929083004 2.8019636787909836 3.507881718130565 4.21221838348895 
0.4240205077131155 2.1222141738479308 2.101564230616081 2.80212880540962 3.5115848225516357 4.212978644649775 
0.33325158026200613 2.5016729622893985 2.1035744443608886 2.8024494042304466 3.507404165603943 4.212713520089228 
1.9266156932304093 3.962691033859844 2.0990255908199393 2.802381371395956 3.5118162335064746 4.211739031336198 
1.9976066852399368 0.6387504751926047 2.0989537165358287 2.802069881498277 3.5126757506642496 4.213032596079449 
0.3424057707937883 3.98746764945046 2.1018153565680526 2.8018652864566205 3.5116921988896634 4.204654674658081 
0.2771055660168567 2.368874340161063 2.099213255232448 2.8018040769225885 3.5117821937285187 4.21358859819412 
1.9337113010222602 2.4530536109527943 2.1040546068498136 2.7971371313796975 3.5118262811964316 4.212724868079852 
1.9870677333322073 3.9220467633624576 2.09866100280376 2.802783321149792 3.5125612425433994 4.211782186813827 
1.9212714658245427 3.9918391386950027 2.101752666910034 2.802157261826138 3.5079125956827135 4.212968201369962 
0.029867948354982993 0.20167172720316176 2.0988962906570645 2.801641424955524 3.51414645891056 4.21185932623069 
1.9430953253441552 3.9999984207276267 2.0989432084336794 2.8018578584100298 3.512561301717611 4.212960470413808 
5.61991151745711E-5 0.012778938223689806 2.0988875571291805 2.8019522103676433 3.514146436995785 4.211837159784315 
0.4592094310326683 0.5924486126672053 2.0990252929083004 2.8019636787909836 3.507881718130565 4.21221838348895 
0.6148882302505039 0.0048847138193063855 2.0985041481727627 2.8027972615766363 3.4934287013713865 4.213023317938394 
0.16919191842878445 0.7801388790953472 2.0990155403527035 2.802387954471334 3.5117861359792273 4.211737624507786 
0.33287996794302666 0.6367135289444158 2.0986970579253446 2.7958584461390523 3.511637315933761 4.212901530879978 
0.2508510912751669 2.3890366511279693 2.09864442850244 2.7974063763399557 3.5077462754405544 4.213002926514243 
0.1842401200776277 0.7163262965345762 2.098570963169726 2.8018040769225885 3.5117618473113548 4.212979421935034 
0.27512559805149356 2.4394788080640746 2.0988868244943566 2.79748196401303 3.5137045335793515 4.212966811463562 
0.3168240581834506 2.5016729622893985 2.1039888359676446 2.8024494042304466 3.507970061024654 4.2126680404976495 
0.4555405297052773 2.1222141738479308 2.09875754199752 2.80212880540962 3.5115848225516357 4.212978644649775 
0.29656640199065787 2.312550117817765 2.09866100280376 2.789463372611143 3.512578704320714 4.213623859492102 
1.9582141710592935 2.330958995722308 2.104243187414135 2.7969359635440174 3.5118083979971657 4.213617788477809 
0.3213173379009883 0.8848362262336542 2.099109965905749 2.8028008652723417 3.511803773927672 4.212713689843309 
1.8809565189992208 0.8005065010566172 2.0992101149917226 2.8021939891902217 3.5082705365611977 4.212671696346181 
1.9690836745914249 0.6367135289444158 2.0986825346914286 2.802805905057882 3.5115110772938287 4.212415093193908 
0.3406589863556939 3.9997968609502763 2.101651176607887 2.8018615112952907 3.512248947159133 4.213290013090423 
1.8799771792224453 2.4665578909364734 2.098995011353684 2.8017153183754915 3.5118355464381943 4.211739031336198 
0.2508510912751669 2.5409839218686825 2.09864442850244 2.7974063763399557 3.5077462754405544 4.213002926514243 
0.32960239455772944 2.206786407596962 2.1036772057786526 2.796953651244069 3.507510412458554 4.198048685833828 
0.459094038017721 0.6824789495023208 2.0990252929083004 2.8019636787909836 3.507920312235594 4.21221838348895 
1.9634530937714179 2.452837325065332 2.1264163510725673 2.801973141567597 3.51176237937684 4.212996088712238 
1.9628158371951907 0.7752267767698409 2.0989465103594944 2.802367569675312 3.5143284861082487 4.2129081922200475 
1.903415596590006 2.355259682809455 2.0990090750925847 2.8015612571520982 3.5118262811964316 4.211886584128082 
0.020979055235643473 0.2874808636063526 2.098875640632672 2.801705867652466 3.5081940823638234 4.211744994370137 
0.4240205077131155 3.95738035422201 2.101564230616081 2.80212880540962 3.507964049108376 4.212978644649775 
0.4432536278586934 2.187069279924968 2.0990045291970967 2.80240199273881 3.5115848225516357 4.212978308366695 
1.9441987009986703 2.393498916953905 2.1030633285413916 2.802396800248774 3.5079138093596716 4.211820746586589 
1.944482539262708 3.9087934058548615 2.0990212100021917 2.8023575764750395 3.5079643068176916 4.1983025866147266 
0.27512559805149356 2.554215222010669 2.0988868244943566 2.79748196401303 3.5137045335793515 4.212966811463562 
1.909149708295086 3.9669698175650807 2.098945528558255 2.8031142166749534 3.512667641446157 4.213027688704273 
1.994619570063221 2.3632230601931368 2.0986753433356244 2.8028066867085597 3.51160258568723 4.212404395676897 
0.2745965206130794 0.7195616546503931 2.098885755256236 2.802339931993191 3.5117653152890447 4.212966001300645 
1.945562219505847 2.343311438416115 2.0989990741443263 2.801801009893392 3.511601654150586 4.2129748906749445 
0.4432536278586934 2.181107970035988 2.0990045291970967 2.802402320134327 3.511584144052835 4.212978308366695 
1.9970213381972057 2.21920566733065 2.1040546068498136 2.7971373940705084 3.513788163208747 4.213062721735194 
0.40079312925284005 3.9087770432506384 2.0990212100021917 2.8021292398957973 3.5079125956827135 4.198062058682073 
1.9735253679122207 3.926392144979692 2.098995011353684 2.802382864735212 3.5126361757886557 4.211739031336198 
1.9420763003769999 2.3776949422016576 2.0990014257984986 2.7960909040753945 3.5115829591425634 4.213073037009491 
1.996607239633184 3.917934253828509 2.0989432084336794 2.8018618433231772 3.5125620867024483 4.212962428131094 
1.9556468427611184 0.6367135289444158 2.0986811750125525 2.802805905057882 3.5115110772938287 4.212415093193908 
0.30779306438558374 0.5787181259811308 2.0986970579253446 2.7958584461390523 3.5115949154084105 4.212891861040035 
1.999987529511443 2.2170492307408796 2.0989429165576574 2.8018691263064284 3.51182652711068 4.212976726949149 
1.9582141710592935 3.944293291023909 2.104243187414135 2.7969254817105447 3.5115911211452318 4.212673565941722 
0.30484937430207515 3.9457644083215673 2.1018213292349395 2.8018618433231772 3.51256686813682 4.204654674658081 
1.9455743245545656 0.6974336728087587 2.09900626550013 2.8018002282427146 3.5115101457571845 4.212985588191955 
1.999987529511443 3.917934253828509 2.0989432084336794 2.8018618433231772 3.512561301717611 4.212962428131094 
1.9797546644350812 0.774938594707872 2.0989465103594944 2.8021290393978617 3.5116427694176875 4.212487191961207 
0.5589186411121297 2.1151618932437275 2.0992226147476294 2.8018050299079973 3.5117359521806337 4.21358859819412 
1.9398555634893462 3.926392144979692 2.0986641899329617 2.802381371395956 3.5118202771042117 4.211851440208197 
1.940504830681523 3.926392144979692 2.098995011353684 2.8021097722659833 3.508002968864356 4.211712216927289 
1.87410490744764 2.493993643684366 2.098833933728131 2.802035097484511 3.5117613106784398 4.213010234059792 
0.18926759343533106 0.7801388790953472 2.098570963169726 2.8018040769225885 3.507954628140134 4.212959600555376 
0.3406589863556939 3.9006010539722302 2.101651176607887 2.8018615112952907 3.512248947159133 4.212945386032978 
1.9797441155724398 0.7700301363256256 2.0988403032068033 2.8021290393978617 3.5125692157865847 4.212975749594236 
0.36453532230089475 2.2452675899531775 2.0992018205235072 2.801972074688919 3.511834180948198 4.213603935162215 
0.4490874929989635 2.2128715099621994 2.1035744443608886 2.802450129736996 3.511725380363658 4.21271954893036 
1.903415596590006 2.355259682809455 2.0990090750925847 2.8015612571520982 3.5118262811964316 4.211886584128082 
0.27160940451338966 2.46587521694383 2.0988782867679143 2.8015611781728906 3.5136999911806908 4.211765567895069 
0.3297495181255881 2.2059529908884756 2.098547444374993 2.8031796743316626 3.5118365060888435 4.212976717729389 
0.6260634916501314 0.0048847138193063855 2.0985041481727627 2.802795336773289 3.4934287013713865 4.213023317938394 
1.944482539262708 3.9087934058548615 2.0990212100021917 2.8023575764750395 3.5079643068176916 4.1983025866147266 
0.27060793744783807 2.46587521694383 2.0988782867679143 2.8015611781728906 3.5136999911806908 4.207108579601269 
1.9259982727650424 3.999996611093804 2.0991574778757256 2.8018721383992102 3.5125490618409465 4.211775638716267 
