9.109689489181505E-4 0.001317320878865741 2.100289177968526 2.799772279607399 3.5119166049999277 4.214483348367167 
1.3953408176212836 3.6293661417761043 2.100284375416854 2.799752041531173 3.5111663875275307 4.1931050825970875 
1.12240913073927 3.9080024164726446 2.100326229409639 2.799738789114704 3.5117145775180947 4.2134743024298285 
0.4560319021816464 3.914356779362143 2.100285125901957 2.799814071274398 3.511922290798479 4.214469654983718 
0.284576723736358 3.9442456697141592 2.1002903234831365 2.7998598917514004 3.511862759025684 4.214416415268728 
1.397902618419261 0.44118259182314656 2.1002745218290384 2.8004975854712075 3.4946569444882853 4.212725590238306 
1.232720761800682 0.3741133180101641 2.1002958714347133 2.799785544591637 3.5118265500119836 4.214346524144826 
0.4101069632995232 0.8577770642527912 2.099571834857612 2.7997761318812064 3.51177544223717 4.214297551166879 
0.4560319021816464 3.66298674853833 2.1002692734492765 2.799811776539728 3.512203677114304 4.214590271213875 
0.4209861108640646 0.3648782384774172 2.100867734992308 2.801586148130392 3.511839314134361 4.21456547275747 
0.34429589029971597 3.918651298853412 2.099556912530033 2.79928866289711 3.5117723766609092 4.214333183146736 
0.30223565100855043 0.4344904416286055 2.1002855081892786 2.7997052916369882 3.511577083606012 4.212964164442682 
0.45649794206616584 0.35820644336417795 2.100281387351067 2.799551970573411 3.5119162181622174 4.214146357319629 
0.4059200491415661 3.95831743020892 2.100237127364461 2.7998318995411564 3.5127398656008015 4.214446370259049 
1.2292926712480667 0.3894121907856367 2.100275135316827 2.799751552535254 3.5118253627125036 4.214416172774006 
1.2321153684662063 0.47873573764193744 2.1002898810381865 2.800509869263243 3.511462419685477 4.214415659319166 
1.1874424088950963 0.5015775508156215 2.1002944271412507 2.799777486049638 3.5118302884445076 4.2143422002418784 
0.031046759755000153 0.2705066360760373 2.1003201815902184 2.7996099885732093 3.511905084057505 4.21413790945368 
0.4991829982449772 3.72719820756987 2.100283913262024 2.79981948991026 3.511710643604451 4.215082945254671 
1.2097814193245113 0.50014589442881 2.100859676613423 2.799320465444995 3.5118484792060447 4.214400721451469 
0.39841537726954496 3.7282259851112034 2.100328099851533 2.7992747518348224 3.511710643604451 4.192742107658052 
1.1478372343423358 0.7929508614359424 2.100275135316827 2.799751552535254 3.511905472042391 4.214416172774006 
0.486516447376418 0.4380488610055863 2.1002571330078066 2.7998069891436126 3.4936169168578237 4.217959773601051 
1.2308806807164618 0.5124568919447869 2.10032620661554 2.7997718361252852 3.511656864888078 4.212426708265803 
1.2356211762285463 0.4863598876175941 2.100290307592171 2.800509869263243 3.5115267565566586 4.214415279348257 
0.39365872034368776 3.914356779362143 2.100285149066475 2.799813785261828 3.5121523837991906 4.214469654983718 
0.290560718060442 3.953871918940436 2.100154369884158 2.799864201789715 3.512752750872547 4.214340448952276 
1.2871741753322872 0.321121599759591 2.1002590623085697 2.7998602280632277 3.493393361868093 4.214402890277191 
1.1499164894774254 3.927877478790837 2.1002356624055567 2.799743798433696 3.511792777869759 4.214278451386098 
1.232720761800682 3.832390557858617 2.1002652062934657 2.7998569243528597 3.5118880071241185 4.214402827135393 
0.49988584012249215 0.4411842494493422 2.1003025339129335 2.7997602372228148 3.4935846889724176 4.214325680964979 
1.12240913073927 3.9452242136594444 2.100326229409639 2.799738789114704 3.5117145775180947 4.2134942984346155 
1.1068729451014463 3.9457632855019895 2.1003277010719414 2.799740256383607 3.5128117259410447 4.214336976625687 
1.2056073320277327 3.9207163381977974 2.100291364174294 2.7998146598717844 3.5118371413504836 4.214322886471931 
1.2033938306089988 3.9545630020689724 2.100290884985737 2.799776424727189 3.5118265500119836 4.214405714212721 
1.2388255931227616 0.5429214789419177 2.100326229409639 2.7997407181519134 3.5116571000854964 4.212380579646246 
1.120536230152034 0.9391616394068629 2.101018709468855 2.800295594687941 3.5118162397358357 4.213927157386949 
1.165448584618034 3.9207163381977974 2.100291364174294 2.799822433250663 3.5118371413504836 4.214323688691652 
1.2516368491808636 0.4863598876175941 2.100290307592171 2.800509869263243 3.511529064509341 4.214297269242938 
1.1459204166890111 3.9244825899735196 2.100279347711883 2.79982120484686 3.5118265500119836 4.214405714212721 
0.48172493295926294 0.5080484130104794 2.101025110779246 2.7998143140744656 3.511439340099526 4.214729900705986 
1.2348538249387677 0.44118259182314656 2.100274983443776 2.8004975854712075 3.5107926316451388 4.214483544935546 
1.175619158205123 3.890560804551155 2.100162564181991 2.7998140778508347 3.511427841732004 4.214316355325511 
0.4102405070768441 3.72719820756987 2.100283913262024 2.79981948991026 3.5117103373698253 4.192799495743398 
0.3431924495473141 0.8577770642527912 2.0995581297311867 2.7997761318812064 3.51177544223717 4.214298155803123 
1.232720761800682 3.7942415983579205 2.100294614205132 2.7997771360791233 3.5118261807553632 4.214346524144826 
0.46494229268661574 3.72719820756987 2.100283913262024 2.79981948991026 3.511710643604451 4.192799495743398 
0.001329062710776041 0.16965779776241208 2.10028721234501 2.80026892022143 3.5128123044808373 4.214489638882172 
0.33900553538935696 3.95831743020892 2.1002234222380363 2.7998318995411564 3.5127398656008015 4.214446974895292 
0.4018070058682032 0.3736507278529643 2.100259101698016 2.799859212137264 3.493701000878272 4.217810212088293 
0.4550277285707299 3.6515618523120406 2.100284353496681 2.799718120124201 3.5123723783754497 4.2161767655216185 
0.2521401496249632 0.5820230195496836 2.0995805113012356 2.799776125299907 3.4939695171801555 4.214315098575538 
1.1823670846113297 3.802665610025592 2.1002842660965713 2.799693383635652 3.5122908849386496 4.214418454680618 
1.2050893514019836 3.924560947340291 2.100279347711883 2.7998147015244537 3.5118269557208786 4.214405714212721 
0.014243416937936848 0.041309418358175254 2.1002890806194343 2.80026892022143 3.5128117259410447 4.214488181694597 
1.2144110046082401 3.967422492270162 2.10031965874785 2.799740256383607 3.5120096798482305 4.214336976625687 
0.19580035844641452 0.7366733152370831 2.103593709550369 2.799743798433696 3.494265563122308 4.212686909289086 
0.49114943680113987 0.17459901148290258 2.1002571330078066 2.7998068341605333 3.493701000878272 4.217810212088293 
1.1472119039950974 3.917320516969627 2.100162564181991 2.799822433250663 3.5118371612686654 4.214316355325511 
1.313135364324892 3.6634895132303504 2.100284353496681 2.7997203146931438 3.511439654016465 4.19222307584091 
1.1549994981470209 3.9244825899735196 2.100279347711883 2.79982120484686 3.5118265500119836 4.214405714212721 
1.2282687230423293 0.5923401545063562 2.10032620661554 2.799752177884991 3.5116571000854964 4.212380579646246 
1.1133037762319857 3.9457632855019895 2.1003277010719414 2.799740256383607 3.5128117259410447 4.214336976625687 
0.49988584012249215 0.37724870645392 2.100302378158738 2.7997726172708255 3.4935846889724176 4.214614442303047 
0.31600349128379074 3.9937558493720364 2.100291293871771 2.7998230145765826 3.478791961291054 4.214405709538331 
0.45700213022994446 0.4337311775824537 2.100269000466926 2.799811776539728 3.5121488253644175 4.2145180065010015 
0.31065897181245417 3.9976863161234517 2.100319426847747 2.799619380942128 3.5119738406657963 4.212945660633162 
1.2048957580543254 0.4738632961423337 2.1002958714347133 2.799831745247653 3.5118265500119836 4.214346524144826 
0.39909463538471346 3.918651298853412 2.100325812756852 2.79928866289711 3.5117183984210065 4.214333183146736 
1.2677758971192352 3.833940108959779 2.100264785962604 2.799857495279698 3.5127398656008015 4.214404043123648 
1.175619158205123 3.918232385127174 2.100162564181991 2.7998140778508347 3.511427841732004 4.214316355325511 
1.2187431530662 0.5639436547897518 2.1002821623933876 2.799832419637323 3.511839331600159 4.214681111994131 
1.2328931707717674 3.7133358395556613 2.100294614205132 2.7997771360791233 3.5118261807553632 4.214345934898911 
1.131207879208202 3.9207163381977974 2.100291364174294 2.799822433250663 3.5118371413504836 4.19204023918038 
1.1535543040883394 3.972682770225167 2.100318781507339 2.79982120484686 3.5118958131207014 4.214405714212721 
0.39841537726954496 3.7675256972923417 2.100853022530909 2.799843338202399 3.511715346354714 4.193953795637069 
0.2952487051089447 3.953871918940436 2.1001563354349546 2.7997076850843077 3.5127711210172254 4.214479710188254 
1.2234178087508782 0.5639436547897518 2.1002821623933876 2.7998365795186437 3.511839331600159 4.214681844808889 
1.1548575336048854 3.889124640545577 2.100279026986268 2.7998224603740214 3.511837178900008 4.214324808071751 
1.2342183184212066 0.659932862709754 2.100275135316827 2.799771210775549 3.511905472042391 4.214416172774006 
0.3695261991481002 3.9440190904585846 2.1003165853732164 2.7998774720287947 3.5117139348782724 4.21413773638706 
0.4939146086417053 0.5209761960060557 2.101025110779246 2.7998143140744656 3.5114293248175135 4.214714885601899 
1.232720761800682 3.832390557858617 2.1002652062934657 2.7998569243528597 3.5118880071241185 4.214402827135393 
1.2305393942354301 0.6079003396218672 2.10032620661554 2.799775996006606 3.5116571000854964 4.212381312461004 
1.1635029355766464 0.7147341168722379 2.1003014451377213 2.7997758770106316 3.511905472042391 4.2142987548908595 
1.1254245425078095 0.8661017010873788 2.1002821623933876 2.799822913529635 3.5118414712874144 4.214687736501577 
1.1723801858308514 3.8583582969340986 2.100291364174294 2.7998204361838273 3.5118371413504836 4.214323889215044 
0.42112640905236665 3.9539044415948617 2.1008695442401337 2.7998318995411564 3.511843948345717 4.214447166671971 
0.4923709478830363 0.5146374537381682 2.100321635251548 2.7997550501941464 3.493701000878272 4.217810212088293 
0.4543738171016525 0.6758419155714432 2.100284353496681 2.799718120124201 3.5123723783754497 4.216238177358929 
0.3695261991481002 3.9440190904585846 2.1003165853732164 2.7998774720287947 3.5117139348782724 4.21413773638706 
0.31021118928150254 3.9898572413313147 2.100319426847747 2.799616060782049 3.5118964794591885 4.212962721551011 
0.47189211638059864 0.3741133180101641 2.1002571330078066 2.7998068341605333 3.493701000878272 4.217810212088293 
1.2308806807164618 0.6079003396218672 2.10032620661554 2.7997718361252852 3.5116571000854964 4.212380579646246 
0.4560505685797497 3.7571886980730427 2.1002692734492765 2.799811776539728 3.5119027455031593 4.214583666865215 
1.129680220893231 0.8874230530495213 2.100319077467925 2.799607701059518 3.5119103154009803 4.214142810214019 
0.4560505685797497 3.7571886980730427 2.1002692734492765 2.799811776539728 3.5119027455031593 4.214583666865215 
1.1399462502809625 3.9944040732167627 2.10101624379572 2.799828888338361 3.511788701943921 4.214319009469004 
0.48468455787987674 0.3209096989212816 2.1002571330078066 2.7998069891436126 3.4936169168578237 4.217959773601051 
0.48172493295926294 0.6614574991788671 2.1002138216313253 2.79981367290511 3.5114194523388207 4.214729900705986 
