81960.0 8674.286171574902 0.21579961464354527 0.05009633911368015 93.0 73.0 0.0 
40970.0 9597.631078526407 0.12202954399486192 0.5388567758509955 45.0 76.0 1.1081081081081081 
86521.58883199388 10731.29594802877 0.1509428295513878 0.03789825282631038 117.0 143.0 2.275187969924812 
92688.47952091644 14055.092102055456 0.09313952748750036 1.8229652242470664E-9 87.0 162.0 4.479361721421218 
71240.0 9072.01614582695 0.2087495156640819 0.23252413758512386 88.0 81.0 0.0 
50985.0 12916.045804558938 0.2742453436095055 0.2780989081567116 44.0 66.0 0.0 
63275.0 13708.712433459727 0.12461459448387585 0.15416238440967678 71.0 102.0 2.6299642386598907 
89019.50704410451 9421.66153996988 0.10341421198894998 0.021836865767501604 115.0 121.0 3.5720108695652173 
31470.0 11763.205174542933 0.055876685934489405 0.4707771355170199 33.0 63.0 0.0 
76225.0 12515.867500383234 0.20554654681102896 0.05074462377537859 80.0 93.0 0.611764705882353 
54390.0 9766.946985396678 0.18561335902376364 0.2241490044958253 59.0 75.0 0.4805491990846682 
76795.0 12436.72217703004 0.26399227438876 0.08606896481171845 65.0 73.0 0.0 
77700.0 10333.779850450963 0.12654162430979396 0.3918293871733846 76.0 73.0 0.0 
98023.08408319404 13906.129653265083 0.0892742453436095 0.0 137.0 204.0 5.273349587396849 
63735.0 10800.004740691118 0.4804722696463676 0.15030807726924944 66.0 63.0 0.0 
80550.0 9633.835122129984 0.3770547509583925 0.10791110979113656 114.0 87.0 1.1860465116279069 
90721.6743662665 15433.351355546689 0.11241007194244605 1.7496916879203352E-133 94.0 162.0 2.2647330183848746 
54505.0 9041.582364561365 0.08093525179856115 0.3552158273381295 61.0 86.0 2.5199074074074073 
63270.0 13096.606291649536 0.2601490236382323 0.11754881808838644 64.0 84.0 0.9098548510313216 
45000.0 13946.264245697595 0.07965056526207605 0.3648509763617677 41.0 86.0 0.9573293848431821 
82455.26419220176 18524.417763627924 0.06423432682430524 0.0 80.0 193.0 4.374045072574484 
77205.0 13330.0557816862 0.17985611510809202 0.0468910585817891 74.0 96.0 0.611764705882353 
63020.0 9443.899254633498 0.31539054470709144 0.1740750256937307 68.0 81.0 2.9047619047619047 
118850.0 8662.333240174294 0.13039452743888508 0.05845323644559614 130.0 91.0 0.6521739130434783 
92660.0 7766.354078889294 0.14581142448651108 0.04431599229287091 104.0 85.0 2.7800000000000002 
76620.0 10090.201434161932 0.24023662585815234 0.09570312290527912 68.0 69.0 0.0 
73450.0 8448.634883704004 0.10661528580603725 0.23057161207450225 83.0 79.0 0.0 
44520.0 12937.647411540225 0.10790929611026863 0.3648509763617677 43.0 82.0 0.5115089514066496 
81886.25976362584 13155.570364301415 0.22416707571982802 0.03275793953436182 81.0 93.0 0.0 
45235.0 11121.17828434389 0.045606372045490486 0.43486639259928384 47.0 68.0 0.0 
47605.0 11779.315943383148 0.15608941418293937 0.38347893114080167 45.0 77.0 1.2210526315789474 
90721.67439871667 15433.351342347863 0.11241007194244605 1.362134979045981E-129 94.0 162.0 2.2647330183848746 
93635.67225897402 12435.236234800275 0.1644331933297293 1.362134979045981E-129 93.0 118.0 0.8178210678210678 
101832.5 9127.149776656765 0.2261048266906576 0.0 106.0 111.0 3.608262108262108 
84649.15600953875 12168.420453982393 0.08992805755395683 0.03789825282631038 117.0 174.0 2.691446006320148 
89949.1858889512 16105.166738654685 0.07964033397559409 0.0 100.0 194.0 5.01790458937198 
64305.0 11855.258867622837 0.14581192154130362 0.1637975332428704 73.0 80.0 1.6277056277056277 
50675.0 11919.911392259468 0.25051387467816677 0.3128211665573751 50.0 69.0 0.0 
76620.0 10090.201434161932 0.24023638232271727 0.09570914696804038 68.0 69.0 0.0 
84471.69562621492 19674.668881010133 0.05268015150224991 2.887863119915343E-6 99.0 204.0 4.7444444444444445 
70350.0 10542.218672090208 0.18754014129736674 0.2845215157353886 75.0 75.0 0.0 
110674.25941753223 13824.892571949407 0.06616135909846454 3.073604269575958E-10 145.0 246.0 5.016857853277335 
65505.0 10052.282383222055 0.26464542214929243 0.25372558676934587 62.0 72.0 1.08 
72540.0 11335.633002195511 0.5382433900148046 0.09634059867612609 71.0 63.0 0.0 
80730.0 9291.56662297392 0.3121782510688192 0.06615409842924588 82.0 70.0 2.238095238095238 
52715.0 8020.106974310928 0.11560693641618497 0.348747591522158 67.0 74.0 2.21875 
157294.82147289568 10837.00224859668 0.38797532970485493 0.009635155329826162 157.0 103.0 1.5365231259968102 
77700.0 10333.779850450963 0.12654162384384196 0.39182939362712566 76.0 73.0 0.0 
86135.79006597165 11988.839605268753 0.1894669235709698 0.025048169556840076 88.0 109.0 3.168886668886669 
90905.0 9878.832212838302 0.3076845707572396 0.009656271679232048 95.0 78.0 2.571428571428571 
83573.15189514225 16930.731754637844 0.11369616115536081 0.003873367037175296 99.0 171.0 5.097680097680097 
79200.0 12270.98369961885 0.22866793409426597 0.05395592756471706 76.0 78.0 0.0 
72668.70555555387 14216.436695618419 0.31669627132558076 0.04818886423600119 77.0 93.0 1.5165358497221977 
64690.0 12001.74791086606 0.3725112395632627 0.12010276172125883 71.0 74.0 0.0 
41660.0 11628.503710161222 0.13681911645362196 0.4046762586430508 43.0 69.0 0.0 
89959.72560033143 13200.297418770046 0.12461459346672818 0.0012846871406073028 122.0 176.0 2.691446006320148 
77700.0 10333.779850450963 0.12654162384378212 0.39182939362795466 76.0 73.0 0.0 
106194.39565143456 11508.433225615763 0.36673089274245346 0.0032113037893384713 139.0 111.0 2.966666666666667 
63020.0 10682.79796298166 0.32438335031410626 0.1740750256937307 65.0 78.0 2.6666666666666665 
64305.0 11855.153589088004 0.14581192189105857 0.16379753340184997 73.0 80.0 1.6277056277056277 
52615.0 9338.821601720272 0.08414655558789963 0.366776520979748 59.0 84.0 2.3125 
44390.0 11912.256265749305 0.27105161398977323 0.39884459063415134 39.0 74.0 0.0 
82250.0 10026.435703597981 0.3179368973536119 0.039820827070785 88.0 73.0 1.0606060606060606 
110629.58147202925 13826.928864405283 0.06618058154648693 2.392800923864883E-6 146.0 246.0 5.016857853277335 
73170.0 9823.768527277296 0.44062545182851004 0.11111689068406601 77.0 69.0 1.12 
49490.0 10393.725866970983 0.13102119460500963 0.3815028901734104 52.0 67.0 0.0 
98893.44056691483 16515.52104236244 0.06680683529161385 2.3416380529827444E-13 93.0 195.0 4.45303098927125 
92937.59681093394 11221.171991007759 0.23832502354337362 0.03084856382327063 95.0 102.0 1.48 
90721.67444971713 15433.35132160389 0.11241007194244605 1.0604220811872962E-125 94.0 162.0 2.2647330183848746 
94888.24805394812 14749.56806208226 0.07578676942838793 0.0 121.0 197.0 4.533574879227054 
62645.0 10510.327284484978 0.33076429030186255 0.17597944765574824 64.0 72.0 1.0952380952380953 
105694.81518859747 10635.682154418071 0.08609380043447064 1.2294045753928828E-5 111.0 138.0 4.194541910331384 
78565.0 13447.806535743297 0.18242515952779198 0.04046845164949548 76.0 101.0 1.0892686261107314 
63292.3832997839 13270.723086661383 0.1271836370705824 0.15416238437821575 71.0 102.0 2.2728213815170335 
76620.0 10090.201434161932 0.24023638235399591 0.09570914619433593 68.0 69.0 0.0 
79610.0 11970.732014606781 0.26846499678869623 0.057803468208092484 70.0 80.0 0.0 
88262.49999999999 11083.025993201822 0.21968115020805312 0.01091983556046913 90.0 116.0 3.7672727272727276 
76467.23950620013 12406.040352021922 0.2588928031174883 0.05011564650960427 91.0 108.0 1.7327777777777778 
65505.0 10052.282383223359 0.26461143224149003 0.25369299935773926 62.0 72.0 1.08 
92029.71199323269 18477.824363076474 0.0796522979482964 2.3416380529827444E-13 92.0 218.0 4.675744255744256 
63862.13739861134 14494.049035057034 0.13103720161778856 0.15416238437821575 68.0 102.0 2.1951816299642384 
89880.0 10864.427909726093 0.2305999919975217 0.056524721676692445 85.0 80.0 2.0 
49895.0 8533.07370597204 0.09249594544017965 0.3783372146213665 60.0 78.0 2.3125 
157562.63048662708 10370.430789763155 0.3879417522959337 0.00968424269667668 158.0 104.0 1.8514111365369947 
110674.25941753223 13824.892571949407 0.06616135909846454 3.073604269575958E-10 145.0 246.0 5.016857853277335 
71050.0 11256.686835937995 0.294155427103404 0.09826589595375723 62.0 74.0 0.0 
115570.0 9407.90054703709 0.19845857418111754 0.0012845215157353885 149.0 98.0 3.120910973084886 
88024.79969115744 13569.569559663589 0.254366777287632 0.005138752738291471 85.0 107.0 1.6062374581939798 
98965.0 10013.790285522395 0.2235135106167633 0.032755299022204636 113.0 96.0 3.186607142857143 
109345.0769677478 13876.748278633226 0.11240751393005012 4.859822923845427E-5 121.0 186.0 3.5397980559745266 
61265.0 13132.919833550957 0.2723512352957338 0.2080931456329786 61.0 82.0 0.4805491990846682 
90721.6745298722 15433.35128900156 0.11241007194244605 8.255385902043101E-122 94.0 162.0 2.2647330183848746 
77700.0 10333.779850450963 0.12654162384378212 0.39182939362795466 76.0 73.0 0.0 
67950.0 11132.954424802248 0.3904945407835581 0.13680154142581888 66.0 65.0 0.0 
48530.0 10923.94810147255 0.12267180475272961 0.38792549775208734 54.0 68.0 0.0 
45235.0 11121.17828434389 0.045606372045490486 0.43486639259928384 47.0 68.0 0.0 
47520.0 11797.212420805175 0.20809248554913296 0.32241490044958254 48.0 64.0 0.0 
64305.0 11855.988705772525 0.1458091990487455 0.16379629574623117 73.0 80.0 1.6277056277056277 
63020.0 9494.429290025106 0.32438334511017636 0.17407502282150059 66.0 69.0 2.238095238095238 
90194.67926344002 14581.684819002412 0.09379350359513663 5.198153629460497E-6 102.0 178.0 4.113246013246013 
76225.0 12515.867425479135 0.20554984541384858 0.05074511812765258 80.0 93.0 0.611764705882353 
50675.0 11919.911392259468 0.2505143695282322 0.31278164916541273 50.0 69.0 0.0 
106423.93138435506 10421.682771734884 0.23831273107671697 0.0013171089273420345 126.0 116.0 3.5701253918495297 
81795.0 9814.65907942163 0.535645472061657 0.0680796403339756 88.0 68.0 1.1052631578947367 
77700.0 10333.779850450963 0.12654162384384196 0.39182939362712566 76.0 73.0 0.0 
70060.0 12586.575952794336 0.3564873945764017 0.14450933060407686 71.0 82.0 0.4805491990846682 
67580.0 10183.682145192935 0.24344364155628312 0.26271451819365255 80.0 74.0 0.0 
100455.96305838208 15091.334985121252 0.10598927959207576 5.033132783216244E-5 103.0 170.0 4.357713958270132 
71615.0 11088.632388058975 0.22736030828516376 0.1689145793192036 72.0 73.0 2.0 
85659.11312138356 19230.341960078324 0.034696518385693875 0.0 91.0 217.0 5.506302521008403 
88970.0 10952.521800754359 0.33397559409120103 0.03018625561978163 95.0 82.0 2.1875 
38225.0 10773.04250559284 0.178548490687219 0.5183044315992292 40.0 69.0 0.0 
