70699.36953651105 14190.640597839205 0.15863840719332048 0.10468850353243417 75.0 104.0 2.313131313131313 
190350.0 7385.398655035951 0.4053185955733095 0.0 218.0 131.0 5.08046398046398 
79506.41376026208 15473.953524152026 0.1278263103802672 0.012204522096608428 84.0 133.0 2.15994275589478 
71435.0 9142.49457192692 0.33911368015414256 0.12780989081567115 81.0 79.0 3.0114942528735633 
90507.89429770163 13081.3334050758 0.18241847479902124 0.012204522096608428 106.0 113.0 2.1431207473186484 
73790.0 10231.970838237958 0.47082210367131144 0.09442107750628571 80.0 68.0 1.1176470588235294 
87138.06904737774 12734.260598858069 0.14774365447972446 0.026337888728055467 87.0 98.0 0.2982456140350877 
107442.91493923888 12517.426070162937 0.1907653893406764 5.5364460692843534E-5 132.0 141.0 2.6200399516634194 
34450.0 11518.5768758364 0.08028259473346179 0.4386640976236352 38.0 66.0 0.2583333333333333 
77240.0 13424.542881265721 0.27681438664097624 0.06615285806037251 65.0 81.0 0.17407407407407408 
56185.0 12124.493393371438 0.13230571612074501 0.3397559409120103 51.0 93.0 0.41467304625199364 
85165.0 11377.652021383226 0.23763648041104687 0.03211303789338472 73.0 68.0 0.0 
68885.0 8701.133436079912 0.14260028872754535 0.1233214094107155 88.0 92.0 2.821428571428571 
95550.0 8956.773650003857 0.1586587876056196 0.07130010277492291 96.0 84.0 0.3214285714285714 
94425.0 8648.719984019515 0.26461143224149003 0.05009633911368015 99.0 72.0 0.0 
63340.0 9628.004677454319 0.3198869475847893 0.30061664953751277 59.0 70.0 1.1052631578947367 
103645.0 9390.501245752243 0.18497109826589594 0.01798330122029544 109.0 93.0 3.2857142857142856 
84540.80398711178 20813.671531905944 0.05459991939771863 0.0 80.0 214.0 5.256970970206265 
86633.74645158692 12090.305580668983 0.13744380218368657 0.0899165061014772 91.0 126.0 3.377948504983389 
73890.0 8942.45205978288 0.1066289825282631 0.2517985611510791 83.0 86.0 1.08 
45400.0 13620.180607534507 0.10470195272353545 0.33209146968139774 44.0 87.0 2.7525877192982455 
135665.0 6435.140493794128 0.40146454305343854 0.03725590894334699 165.0 108.0 3.7377440577249574 
42300.0 9035.08649601208 0.12011819116135664 0.42972764645426514 50.0 77.0 0.4122807017543859 
58760.0 9263.408636719802 0.151601261272439 0.31282166651636373 65.0 90.0 3.7355555555555555 
51080.0 11670.348656475076 0.2447255211820238 0.3365787095302504 44.0 71.0 0.0 
97600.0 10536.480530936606 0.28776978417266186 0.04753340184994861 78.0 74.0 0.7521367521367521 
72880.0 9100.174574135053 0.2845385128726086 0.09441233140655106 95.0 77.0 1.2 
104861.65119041903 12428.493763922888 0.17792908518715636 1.3748550414012846E-13 130.0 149.0 3.9060916696123487 
85313.93188965858 14154.846350230508 0.16572456320657758 0.010277492291880781 79.0 111.0 0.9738095238095239 
139370.0 8044.268981170456 0.3815028901734104 0.0 175.0 127.0 4.540106275303644 
83329.07465479204 14083.659075262263 0.1560897416065759 0.05332109036654238 89.0 138.0 3.1304066304066307 
73890.0 8942.45205978288 0.1066289825282631 0.2517985611510791 83.0 86.0 1.08 
43025.0 10367.679867077457 0.11497944974245915 0.43679341581250314 48.0 76.0 0.0 
49340.0 9840.728614406271 0.15351979463857063 0.3764049867265917 55.0 81.0 2.3777777777777778 
83840.0 9713.136918575321 0.23319090203744236 0.2292870928371807 93.0 99.0 2.2181818181818183 
27920.0 11629.735665542397 0.11754881808865052 0.5851747173685645 28.0 69.0 0.0 
56185.0 12123.787483003454 0.1323190041800769 0.33975594302086776 51.0 93.0 0.41467304625199364 
59920.0 10052.305133537397 0.19398222238423538 0.31282117169768997 65.0 88.0 1.8357843137254903 
68895.0 11014.012101744569 0.4143121506734026 0.10406010442216246 80.0 81.0 0.8654970760233918 
190350.0 7385.398619455265 0.4053186022601893 0.0 218.0 131.0 5.08046398046398 
87181.60292585137 16067.245272324426 0.07452749608735397 3.382925369042371E-6 92.0 179.0 3.6937229437229435 
42680.0 10744.565217391302 0.1817732436676588 0.35264381393316396 46.0 63.0 0.0 
91295.0 10312.10402256305 0.3012202954399486 0.1901091843288375 94.0 75.0 0.0 
98415.0 9079.039734496233 0.1689145793192036 0.07193320488118175 93.0 78.0 1.1153846153846154 
68885.0 8701.133436079912 0.14260020556053019 0.12332990641097118 88.0 92.0 2.821428571428571 
81765.0 9595.536483615857 0.34106364954902707 0.12138959718351147 95.0 75.0 1.0666666666666667 
88068.39576132345 11910.217796071009 0.1965567937057857 0.026336074389987814 84.0 84.0 0.5454545454545454 
157865.0 7250.489570469896 0.48491867369606867 0.02376365359463833 151.0 87.0 2.3783783783783785 
107130.0 11345.610205016797 0.1394075491052245 0.006428713346416178 95.0 117.0 2.4545177045177047 
83199.99999999999 13482.926023252185 0.2466281310211946 0.027617212588310854 98.0 121.0 2.3728334245575624 
79506.41329559656 15473.955474610744 0.1278263103802672 0.012204522096608428 84.0 133.0 2.15994275589478 
73890.0 8942.45205978288 0.1066289825282631 0.2517985611510791 83.0 86.0 1.08 
58430.0 10847.12230215827 0.3596660244059088 0.3249839434810533 51.0 68.0 0.0 
139050.0 8973.1677142446 0.3558581706063992 0.0064234326824254865 133.0 93.0 1.620879120879121 
42300.0 9035.08649601208 0.12011819116135664 0.42972764645426514 50.0 77.0 0.4122807017543859 
91257.18007764842 14319.373444872384 0.17923010383834334 0.0 106.0 160.0 4.4907407407407405 
93035.0 12399.438632451878 0.14001284521515736 0.0224791265253693 96.0 122.0 3.5010822510822512 
190350.0 7385.398619455265 0.4053186022601893 0.0 218.0 131.0 5.08046398046398 
77815.0 10220.532738574353 0.21579961464354527 0.1123956326268465 82.0 86.0 2.1931623931623934 
86225.02709579737 18136.02799423871 0.07323381592001924 2.586780673783819E-14 92.0 210.0 5.32753310308825 
88072.86239871656 11909.0334859492 0.19655704005057237 0.02633607399799486 84.0 84.0 0.5454545454545454 
93431.99186531956 11048.497471559303 0.3063583815028902 0.0 97.0 103.0 1.25 
75200.0 10910.033321927223 0.17021172628913173 0.09569685365349834 81.0 81.0 0.48484848484848486 
68895.0 11014.242248937206 0.4143114080164562 0.10405960945530109 80.0 81.0 0.8654970760233918 
93672.42330618543 11516.044510492135 0.16314768168949295 0.007064868336544672 111.0 123.0 2.946021483305966 
58010.0 10766.470847397408 0.1002392140787782 0.3262692901005373 51.0 81.0 1.3703703703703702 
146593.3125 9256.208571666879 0.3262684649967887 0.0 153.0 131.0 4.9370847176079735 
93043.40908338118 16426.179602422333 0.09122470778736737 5.197655480004534E-6 92.0 162.0 3.146973494341916 
88674.0525134675 12222.929501706127 0.18435251798557203 0.04046762589921659 80.0 88.0 0.34523809523809523 
55978.92016203311 10522.399611054232 0.14645393678166757 0.3121788287684757 70.0 108.0 2.050563607085346 
34450.0 11576.519831375277 0.11304820585674162 0.438720444970793 39.0 64.0 0.0 
117288.05616602536 12310.435028170177 0.21264153004600023 1.3366680734601474E-5 120.0 117.0 2.3349259436215957 
135665.0 6435.140493794128 0.4014645426516446 0.03725590955798887 165.0 108.0 3.7377440577249574 
39315.0 11523.711828017742 0.26140012845215155 0.45664739884393063 40.0 69.0 0.0 
83728.14079422381 12018.226168511537 0.24922877146695738 0.02505056205035044 106.0 122.0 2.097537878787879 
68895.0 11014.199144206465 0.41431140811183986 0.10405960951887247 80.0 81.0 0.8654970760233918 
95550.0 8459.733604804353 0.1798330122029544 0.07129094412331406 101.0 79.0 0.0 
88073.90493936476 11908.754964864338 0.1965570400822159 0.026336073997944506 84.0 84.0 0.5454545454545454 
42300.0 9035.08649601208 0.12011819116135664 0.42972764645426514 50.0 77.0 0.4122807017543859 
96071.85267258824 11638.702157812058 0.10470195270283773 2.708872804345105E-13 115.0 161.0 4.3709154351395725 
73135.0 11010.821998488667 0.3423685438253249 0.11176978932444646 79.0 82.0 3.211494252873563 
132710.0 8171.653782929475 0.2492126034927632 0.007762328535190015 144.0 95.0 2.7689210950080514 
60175.0 11910.398335377977 0.30190133607399794 0.20811921891058577 56.0 68.0 0.0 
85898.44731423764 18086.463287790757 0.06488096199882988 7.312118894201199E-10 80.0 184.0 4.6348651348651355 
41890.0 11737.692869044231 0.1284957114553827 0.3609669633771118 44.0 69.0 0.6666666666666666 
103891.66840928522 10652.527565534652 0.17792908518715636 1.3748550414012846E-13 132.0 145.0 3.8573111818074706 
190350.0 7385.398619455265 0.4053186022601893 0.0 218.0 131.0 5.08046398046398 
79506.39928005236 15474.014305991139 0.12782631043326037 0.0122045221496016 84.0 133.0 2.15994275589478 
77321.09875957281 11901.687893554616 0.24023671054118623 0.0578105687948052 98.0 103.0 0.9438596491228071 
98293.41437848122 15414.91238022238 0.1361985505614316 6.104983440232418E-6 93.0 149.0 3.7246428571428574 
61390.0 7808.369024999026 0.2151727833257754 0.2922838442705786 69.0 80.0 1.5789473684210527 
79990.0 9814.490032750262 0.22350674373795762 0.0340398201669878 97.0 88.0 1.9296703296703297 
79035.0 10433.229997752693 0.2106899943418429 0.07579675193310229 82.0 80.0 1.074074074074074 
27920.0 11629.735665542397 0.11754882014425755 0.585174714274558 28.0 69.0 0.0 
88674.04855761176 12223.048270677666 0.1843501246550077 0.040463747911835296 80.0 88.0 0.34523809523809523 
73890.0 8942.45205978288 0.1066289825282631 0.2517985611510791 83.0 86.0 1.08 
57450.0 9317.720760752669 0.1567116249197174 0.30700064226075785 68.0 92.0 2.226936026936027 
104635.0 10419.126680158313 0.20809248554913296 0.015414258188824663 117.0 117.0 4.711473711473712 
68885.0 8701.133436079912 0.1426002055498472 0.12332990750242916 88.0 92.0 2.821428571428571 
85975.27977778597 18136.342994071172 0.06424216530987151 2.586780673783819E-14 88.0 200.0 4.943782654127482 
88835.0 7784.186921875626 0.27686463357244556 0.1380860652199681 100.0 86.0 1.09375 
86633.44319197314 12090.425611929857 0.13746145713579752 0.08992805607014791 91.0 126.0 3.377948504983389 
56185.0 12123.67339699978 0.13232271278152602 0.3397995832939012 51.0 93.0 0.41467304625199364 
88674.0525253682 12222.929144412105 0.1843525179856115 0.04046762589928057 80.0 88.0 0.34523809523809523 
34450.0 11576.519831375277 0.11304820585674162 0.438720444970793 39.0 64.0 0.0 
89347.84615384616 14532.844242583275 0.09828916089065108 5.692484559135633E-6 91.0 140.0 4.133868688855902 
93046.89606913645 11901.453269046287 0.23057161207450225 0.0019267822736030828 97.0 106.0 3.679621212121212 
139050.0 8973.1677142446 0.35585817081756327 0.006423432682411874 133.0 93.0 1.620879120879121 
77481.8950278425 14165.356582634833 0.18627170934712933 0.06165703295667953 78.0 101.0 1.581212121212121 
93431.99186226734 11048.497472862615 0.3063977338961468 0.0 97.0 103.0 1.25 
95550.0 8956.821835128403 0.15865878725590957 0.07130010277492292 96.0 84.0 0.3214285714285714 
148333.2013404123 9838.467542591376 0.23640517818248855 1.3366744305993894E-5 140.0 119.0 3.4030857285056615 
