[1, 23, 3, 11, 25, 22, 18, 13, 6][19, 22, 17, 12, 8, 26][14, 23, 24, 7, 2, 15][15, 27, 29, 10, 16][6, 5, 21][20, 4, 24][27, 29][9, 23][0, 22][16, 28][3, 11][11, 17] 
[12, 18, 17, 11, 3, 9, 23, 14, 7, 2, 6, 5, 21, 10, 29][19, 18, 13, 6, 5, 21, 15, 16, 28, 7, 24, 23, 9, 14, 20][1, 23, 3, 11, 17, 12, 0, 26, 8, 19, 18, 22, 25, 28, 7][0, 22, 25, 11, 3, 23, 20, 14, 9, 1, 4, 24, 7, 27, 29][10, 27, 2, 15, 21, 5, 6, 13, 0, 12, 22, 25, 28, 17][6, 21][10, 27][1, 23][5, 15][3, 11][11, 17][22, 25] 
[14, 4, 23, 9, 1, 24, 20, 7, 16, 10, 21, 2, 27, 15][0, 26, 8, 12, 18, 19, 22, 17, 28, 16, 6, 5, 15, 29][11, 17, 22, 19, 8, 26, 0, 12, 18, 13, 6, 16, 28][6, 5, 15, 29][1, 14, 9, 3][1, 14][25, 28][1, 14][25, 28][25, 28][1, 14][0, 26] 
[7, 24, 4, 1, 9, 14, 20, 23, 3, 11, 25, 22][12, 17, 18, 19, 8, 26, 0, 28, 16][13, 6, 5, 15][25, 28][10, 21][2, 7][18, 19][2, 29][27, 29][10, 15][18, 19][13, 18] 
[1, 24, 7, 2, 15, 21, 5, 6, 13, 0, 12, 22, 25, 28, 17][17, 0, 22, 25, 28, 16, 2, 7, 14, 1, 3, 23, 24, 4, 20][1, 23, 3, 11, 25, 22, 18, 13, 6, 15, 5, 21, 10, 27, 2][11, 3, 24, 20, 7, 16, 2, 29, 15, 10, 6, 13, 18, 12, 17][12, 18, 13, 0, 26, 8, 19, 22, 17, 11, 3, 4, 23, 1, 14][1, 23, 3, 4, 7, 27, 16, 28, 17, 18, 12, 22, 25, 11, 14][19, 22, 25, 11, 3, 23, 20, 14, 9, 1, 4, 24, 7, 27, 29][20, 7, 25, 22, 12, 19, 0, 13, 6, 21][0, 26, 8, 12, 19, 22, 25, 7][10, 29][15, 27][18, 19] 
[1, 23, 20, 4, 24, 3, 9, 14, 7, 16, 10, 2][11, 25, 0, 26, 8, 12, 18, 13, 6, 5, 21][17, 28, 25, 0, 26, 8, 19, 18, 12, 22][15, 29, 27][7, 28][7, 16][6, 13][10, 29][10, 29][12, 18][10, 29][7, 14] 
[4, 24, 20, 23, 1, 9, 14, 7, 2, 21, 5, 6, 16, 10, 29][4, 1, 23, 14, 24, 20, 7, 25, 22, 12, 19, 0, 13, 6, 21][13, 18, 19, 22, 17, 11, 3, 9, 23, 1, 14, 24, 7, 27, 15][0, 26, 8, 12, 19, 17, 18, 22, 25, 28, 16, 27, 15, 29, 10][1, 24, 7, 2, 15, 21, 5, 6, 13, 0, 12, 22, 25, 28, 17][8, 12, 18, 13, 6, 10, 15, 29, 2, 16, 7, 20, 24, 3, 11][8, 19, 0, 22, 25, 7, 27, 29, 2, 10, 6, 16, 28, 17, 11][14, 11, 25, 22, 12, 18, 0, 28, 7, 24, 20, 4, 3, 9, 23][1, 23, 3, 11, 25, 22, 18, 13, 6, 15, 5, 21, 10, 27][7, 28, 16, 15, 21, 5, 6, 13, 18, 19][0, 22, 25, 28, 16, 2, 7, 14, 1, 4][23, 20, 14, 9, 1, 4, 24, 7, 27, 29] 
[9, 3, 4, 14, 23, 24, 7, 28, 25][6, 13, 0, 17, 12, 8][16, 28, 17, 12, 19, 18][1, 14, 11, 17, 22][4, 20, 24, 14][2, 16, 27][21, 10, 29][7, 14][2, 15][10, 27][5, 15][8, 26] 
[13, 6, 15, 5, 21, 10, 29, 2, 16, 27][4, 23, 9, 3, 1, 14, 20, 24][17, 22, 18, 0, 26][12, 22, 19][11, 17][25, 28][3, 11][4, 7][7, 27][17, 28][8, 26][10, 16] 
[4, 1, 23, 14, 24, 20, 7, 25, 22, 12, 19, 0, 13, 6, 21][8, 12, 18, 13, 6, 10, 15, 29, 2, 16, 7, 20, 24, 3, 11][8, 19, 0, 22, 25, 7, 27, 29, 2, 10, 6, 16, 28, 17, 11][19, 22, 25, 11, 3, 23, 20, 14, 9, 1, 4, 24, 7, 27, 29][1, 23, 3, 11, 25, 22, 18, 13, 6, 15, 5, 21, 10][0, 22, 25, 28, 16, 2, 7, 14, 1, 4][0, 26, 8, 12, 19, 17, 18, 22][17, 28, 25][10, 29][15, 27][18, 19][11, 14] 
[1, 9, 23, 4, 20, 14, 7, 16, 27, 2, 10, 6, 15, 21, 5][19, 18, 13, 6, 5, 21, 15, 16, 28, 7, 24, 23, 9, 14, 20][1, 23, 24, 4, 20, 7, 25, 28, 16, 6, 21, 2, 27, 29][3, 11, 17, 12, 0, 26, 8][2, 6, 13, 18, 0, 22][27, 16, 10, 29][6, 15, 21][1, 23][5, 21][12, 17][22, 25][1, 23] 
[2, 29, 10, 21, 5, 15, 6, 13, 18, 22, 17, 19, 0, 28, 16][12, 22, 18, 0, 17, 28, 25, 7, 2, 27, 15, 5, 21, 10, 29][8, 26, 0, 28, 17, 18, 13, 6, 15, 21, 10, 16, 27][5, 21, 2, 27, 16, 7, 10, 15, 6][12, 22, 0, 17, 28, 7, 10, 29][4, 24, 20, 23, 3, 14, 11][2, 6, 16, 27, 7][13, 18, 12, 8, 26][7, 14, 23, 24][1, 23, 3, 9][7, 14][25, 28] 
[5, 21, 15, 27, 29, 10, 16, 6, 2, 7, 28, 0, 18, 19, 17][8, 12, 0, 22, 25, 11, 3, 23, 20, 14, 9, 1, 4, 24][6, 21, 2, 27, 16, 10, 15, 29][25, 28][6, 13][10, 21][2, 7][0, 26][12, 22][2, 29][6, 10][13, 18] 
[19, 12, 18, 22, 0, 28, 7, 24, 4, 20][13, 18, 19, 12, 8, 26, 0, 28, 25][1, 23, 3, 11, 17, 12, 0, 26][9, 1, 4, 24, 7, 27, 29][17, 28, 7, 14, 20, 23][2, 10, 16, 27, 15][21, 6, 5, 15, 27][10, 21][11, 17][0, 12][8, 26][18, 19] 
[7, 28, 25, 22, 19, 12, 8, 26, 0, 18, 13][11, 3, 9, 1, 14, 23, 20, 24][8, 19, 17, 28, 0, 12, 22, 18][27, 15, 5, 6, 21, 10, 29][1, 23, 24, 14, 4, 3, 9][2, 16, 28, 25, 7][4, 7, 28, 17][4, 7, 16][10, 16, 15][22, 0, 25][2, 29][11, 17] 
[4, 24, 20, 23, 1, 9, 14, 7, 2, 21, 5, 6, 16, 10, 29][4, 1, 23, 14, 24, 20, 7, 25, 22, 12, 19, 0, 13, 6, 21][0, 26, 8, 12, 19, 17, 18, 22, 25, 28, 16, 27, 15, 29, 10][1, 24, 7, 2, 15, 21, 5, 6, 13, 0, 12, 22, 25, 28, 17][19, 18, 13, 6, 5, 21, 15, 16, 28, 7, 14, 24, 4, 20, 23][0, 22, 25, 28, 16, 2, 7, 14, 1, 4, 24, 23, 3, 11, 17][19, 22, 25, 11, 3, 23, 20, 14, 9, 1, 4, 24, 7, 27, 29][8, 19, 22, 17, 11, 3, 9, 23, 1, 14, 24, 7, 27, 15][1, 23, 3, 11, 25, 22, 18, 13, 6, 15, 5, 21, 10][3, 11][11, 17][11, 14] 
[13, 18, 22, 12, 17, 0, 25, 7, 14, 24, 3, 23, 1, 4, 20][4, 20, 23, 1, 3, 24, 14, 7, 2, 6, 5, 15, 16, 10, 29][6, 13, 0, 26, 8, 19, 12, 18, 17, 11, 25, 7, 16, 15, 29][5, 15, 27, 29, 2, 10, 21, 6, 16, 28, 25, 11, 17, 19, 22][1, 14, 9, 23, 3, 4, 7][15, 5, 21, 2, 16, 27][4, 23][17, 28][20, 24][15, 27][0, 13][6, 15] 
[20, 4, 23, 9, 14, 24, 7, 16, 2, 27, 29, 15, 5, 6, 21][5, 6, 13, 0, 28, 7, 10, 21, 15, 16, 2, 27, 29][1, 14, 9, 23, 20, 4, 3, 11][8, 12, 22, 19, 17][2, 7, 16, 15][10, 2, 16][25, 28][0, 26][18, 19][2, 29][18, 22][22, 25] 
[1, 23, 3, 11, 25, 22, 18, 13, 6, 15, 5, 21, 10, 27, 16][0, 26, 8, 12, 19, 17, 18, 22, 25, 28, 16][14, 23, 24, 7, 2, 15][20, 4, 24][10, 29][6, 21][15, 27][0, 22][3, 11][11, 17][11, 14][1, 9] 
[5, 21, 15, 27, 29, 10, 16, 6, 2, 7, 28, 0, 18, 19, 17][12, 22, 25, 11, 3, 4, 1, 9, 23, 14, 24][0, 26, 8][25, 28][6, 13][14, 20][10, 21][2, 7][6, 21][6, 10][15, 29][13, 18] 
[7, 27, 16, 2, 29, 10, 21, 5, 15, 6, 13][19, 8, 26, 0, 18, 22, 17, 28, 25][4, 23, 9, 3, 1, 14, 20, 24][11, 14][11, 17][12, 22][16, 28][8, 26][5, 21][15, 21][9, 23][5, 21] 
[7, 27, 16, 2, 29, 10, 21, 5, 15, 6, 13][19, 8, 26, 0, 18, 22, 17, 28, 25][19, 8, 26, 0, 18, 22, 17, 28, 25][4, 23, 9, 3, 1, 14, 20, 24][1, 14, 9, 23, 20, 4, 3][8, 12, 22, 19, 17][11, 3, 4, 20, 23][6, 13, 0, 28][22, 25][11, 17][18, 19][11, 17] 
[11, 25, 0, 13, 18, 19, 22, 17, 12, 8, 26][7, 27, 29, 2, 10, 6, 16, 28, 17][4, 1, 9, 23, 24, 20][6, 5, 21][3, 14, 23][11, 14][15, 27][27, 29][16, 28][27, 29][16, 28][27, 29] 
[2, 27, 15, 5, 6, 21, 10, 29][9, 3, 4, 14, 23, 24, 7, 28][1, 14, 11, 17, 22, 12, 18][3, 11, 17, 18, 13, 6][2, 21, 6, 16, 7][7, 25, 28, 0, 17][4, 7, 16, 15, 21][4, 20, 23, 9][8, 26, 0, 25][8, 12, 19][17, 28][7, 16] 
[0, 26, 8, 12, 19, 17, 18, 22, 25, 28, 16, 27, 15, 29, 10][1, 24, 7, 2, 15, 21, 5, 6, 13, 0, 12, 22, 25, 28, 17][19, 18, 13, 6, 5, 21, 15, 16, 28, 7, 14, 24, 4, 20, 23][0, 22, 25, 28, 16, 2, 7, 14, 1, 4, 24, 23, 3, 11, 17][19, 22, 25, 11, 3, 23, 20, 14, 9, 1, 4, 24, 7, 27, 29][1, 23, 3, 11, 25, 22, 18, 13, 6, 15, 5, 21, 10][10, 29][6, 21][15, 27][3, 11][11, 17][11, 14] 
[1, 24, 7, 2, 15, 21, 5, 6, 13, 0, 12, 22, 25, 28, 17][1, 23, 3, 11, 25, 22, 18, 13, 6, 15, 5, 21, 10, 27, 2][11, 3, 24, 20, 7, 16, 2, 29, 15, 10, 6, 13, 18, 12, 17][1, 23, 3, 4, 7, 27, 16, 28, 17, 18, 12, 22, 25, 11, 14][19, 22, 25, 11, 3, 23, 20, 14, 9, 1, 4, 24, 7, 27, 29][1, 23, 14, 24, 20, 7, 25, 22, 12, 19, 0, 13, 6, 21][14, 9, 23, 24, 7, 28, 16, 15, 21, 5, 6, 13, 18, 19][0, 22, 25, 28, 16, 2, 7, 14, 1, 3, 23, 24, 4, 20][2, 10, 6, 16, 28, 17, 11][0, 26, 8][10, 29][15, 27] 
[12, 19, 17, 28, 7, 27, 16, 2, 29, 10, 21, 5, 15, 6, 13][0, 13, 6, 21, 5, 15, 27, 29, 2, 10, 7, 28, 16][24, 4, 3, 11, 25, 28, 17, 22, 18, 0, 26][1, 14, 23][11, 14][11, 17][12, 22][8, 26][15, 21][20, 24][9, 23][5, 21] 
[9, 3, 4, 14, 23, 24, 7, 28, 25][6, 13, 0, 17, 12, 8][16, 28, 17, 12, 19, 18][1, 14, 11, 17, 22][21, 10, 29][6, 5, 15][16, 27][7, 14][2, 15][10, 27][4, 20][8, 26] 
[19, 0, 22, 12, 18, 13, 6, 5, 21, 15, 2, 16, 27, 10, 29][19, 22, 17, 28, 16, 2, 7, 25, 11, 3, 14, 20, 4, 24, 23][9, 14, 20, 23, 1, 4, 3, 24, 7, 2, 27, 16, 6, 10, 15][0, 26, 8, 19, 17, 12, 18, 22, 25, 11, 14, 4, 23, 3, 24][7, 4, 14, 20, 24, 23, 9, 1, 3, 11, 17, 18, 13, 6, 16][23, 3, 11, 25, 22, 18, 13, 6, 15, 5, 21, 10, 27][5, 15, 29, 2, 16, 28, 25, 22, 18, 0, 26, 8][1, 24, 7, 2, 15, 21, 5, 6, 13, 0, 12][13, 6, 16, 10, 29, 2, 15, 27, 7, 28, 25][13, 18][1, 14][1, 14] 
[7, 27, 16, 2, 29, 10, 21, 5, 15, 6, 13][19, 8, 26, 0, 18, 22, 17, 28, 25][4, 23, 9, 3, 1, 14, 20, 24][11, 14][11, 17][12, 22][16, 28][8, 26][5, 21][15, 21][9, 23][5, 21] 
[7, 20, 4, 1, 3, 14, 11, 17, 18, 12, 22, 0, 26, 8, 19][11, 25, 7, 27, 16, 6, 5, 21, 10, 15, 2, 29][13, 0, 19, 12, 22, 25, 7, 20, 24, 14, 23][0, 26][0, 28][9, 14][17, 19][2, 29][11, 17][17, 19][11, 17][5, 21] 
[7, 28, 25, 22, 19, 12, 8, 26, 0, 18, 13][27, 15, 5, 6, 21, 10, 29][1, 23, 24, 14, 4, 3, 9][2, 16, 28, 25, 7][4, 7, 28, 17][4, 7, 16][8, 19, 17][10, 16, 15][22, 0, 25][2, 29][11, 17][20, 24] 
[11, 17, 22, 19, 8, 26, 0, 12, 18, 13, 6, 16, 28][4, 23, 9, 1, 24, 20, 7, 16, 10, 21, 2, 27][6, 5, 15, 29][1, 14][25, 28][1, 14][25, 28][3, 9][0, 26][25, 28][1, 14][0, 26] 
[1, 9, 3, 4, 14, 23, 24, 7, 28, 16][2, 27, 15, 5, 6, 21, 10, 29][1, 14, 11, 17, 22, 12, 18][3, 11, 17, 18, 13, 6][2, 21, 6, 16, 7][7, 25, 28, 0, 17][4, 7, 16, 15, 21][4, 20, 23, 9][8, 26, 0, 25][8, 12, 19][17, 28][7, 16] 
[1, 24, 7, 2, 15, 21, 5, 6, 13, 0, 12, 22, 25, 28, 17][17, 0, 22, 25, 28, 16, 2, 7, 14, 1, 3, 23, 24, 4, 20][1, 23, 3, 11, 25, 22, 18, 13, 6, 15, 5, 21, 10, 27, 2][11, 3, 24, 20, 7, 16, 2, 29, 15, 10, 6, 13, 18, 12, 17][12, 18, 13, 0, 26, 8, 19, 22, 17, 11, 3, 4, 23, 1, 14][1, 23, 3, 4, 7, 27, 16, 28, 17, 18, 12, 22, 25, 11, 14][0, 26, 8, 12, 19, 22, 17, 18, 13, 6, 5, 15, 16, 2][22, 25, 11, 3, 23, 20, 14, 9, 1, 4, 24, 7, 27, 29][20, 7, 25, 22, 12, 19, 0, 13, 6, 21][19, 18, 22, 25, 11, 17, 28][10, 29][15, 27] 
[12, 18, 13, 0, 26, 8, 19, 22, 17, 11, 3, 4, 23, 1, 14][11, 3, 24, 20, 7, 16, 2, 29, 15, 10, 6, 13, 18, 12, 17][0, 26, 8, 12, 18, 19, 22, 17, 28, 16, 6, 5, 15, 29][9, 1, 3, 14, 20, 23, 24, 7, 27][17, 0, 22, 25, 28][6, 21][1, 14][25, 28][1, 14][1, 14][5, 6][1, 14] 
[15, 29, 10, 27, 16, 6, 13, 0, 18, 17, 19, 22, 12, 8, 26][14, 23, 1, 24, 4, 20, 7, 25, 22, 12, 19, 0, 13, 6, 21][0, 26, 8, 12, 19, 22, 17, 18, 13, 6, 5, 15, 16, 2, 7][1, 24, 7, 2, 15, 21, 5, 6, 13, 0, 12, 22, 25, 28, 17][17, 0, 22, 25, 28, 16, 2, 7, 14, 1, 3, 23, 24, 4, 20][4, 14, 9, 1, 23, 3, 11, 25, 22, 18, 13, 6, 21, 15, 5][11, 3, 24, 20, 7, 16, 2, 29, 15, 10, 6, 13, 18, 12, 17][12, 18, 13, 0, 26, 8, 19, 22, 17, 11, 3, 4, 23, 1, 14][1, 23, 3, 4, 7, 27, 16, 28, 17, 18, 12, 22, 25, 11, 14][1, 9, 3, 24, 4, 23, 14, 11, 17, 0, 18, 13, 6, 15, 29][9, 1, 3, 14, 20, 23, 24, 7, 27, 15, 10, 21, 2, 29][22, 12, 0, 25, 7, 27, 15, 16, 28, 17, 18, 19, 8, 26] 
[7, 27, 16, 2, 29, 10, 21, 5, 15, 6, 13][19, 8, 26, 0, 18, 22, 17, 28, 25][19, 8, 26, 0, 18, 22, 17, 28, 25][1, 14, 9, 23, 20, 4, 3][8, 12, 22, 19, 17][11, 3, 4, 20, 23][6, 13, 0, 28][14, 20, 24][22, 25][11, 17][18, 19][11, 17] 
[26, 8, 19, 12, 22, 18, 0, 25, 28, 7, 2, 15, 10, 27, 29][23, 14, 11, 17, 22, 12, 19, 8, 26, 0, 13, 6, 21, 10, 29][1, 9, 3, 4, 14, 23, 24, 7, 28, 25, 11, 17, 12, 8, 26][26, 8, 12, 17, 0, 13, 6, 15, 27][16, 28, 17, 12, 19, 18][1, 14, 11, 17, 22][6, 5, 15][16, 27][7, 14][10, 27][4, 20][8, 26] 
[20, 4, 23, 9, 14, 24, 7, 16, 2, 27, 29, 15, 5, 6, 21][5, 6, 13, 0, 28, 7, 10, 21, 15, 16, 2, 27][1, 14, 9, 23, 20, 4, 3, 11][7, 2, 29, 10, 16, 28, 25][8, 12, 22, 19, 17][2, 7, 16, 15][10, 2, 16][0, 26][18, 19][2, 29][18, 22][22, 25] 
[25, 22, 19, 17, 18, 12, 0, 28, 7, 16, 15, 2, 21, 10, 29][4, 1, 23, 14, 24, 20, 7, 25, 22, 12, 19, 0, 13, 6, 21][0, 26, 8, 12, 19, 17, 18, 22, 25, 11, 14, 24, 7, 2, 21][0, 22, 25, 28, 16, 2, 7, 14, 1, 4, 24, 23, 9, 3, 11][1, 23, 3, 11, 25, 22, 18, 13, 6, 15, 5, 21, 10, 29, 2][8, 12, 18, 13, 6, 10, 15, 29, 2, 16, 7, 20, 24, 3, 11][8, 19, 0, 22, 25, 7, 27, 29, 2, 10, 6, 16, 28, 17, 11][19, 22, 25, 11, 3, 23, 20, 14, 9, 1, 4, 24, 7, 27, 29][11, 25, 28, 17][15, 27][18, 19][11, 14] 
[5, 6, 13, 0, 28, 7, 10, 21, 15, 16][1, 14, 9, 23, 20, 4, 3, 11][2, 6, 13, 0, 17, 22, 18][19, 8, 26][0, 12][27, 29][17, 19][11, 17][2, 29][22, 25][1, 24][12, 19] 
[1, 24, 7, 2, 15, 21, 5, 6, 13, 0, 12, 22, 25, 28, 17][17, 0, 22, 25, 28, 16, 2, 7, 14, 1, 3, 23, 24, 4, 20][1, 23, 3, 11, 25, 22, 18, 13, 6, 15, 5, 21, 10, 27, 2][11, 3, 24, 20, 7, 16, 2, 29, 15, 10, 6, 13, 18, 12, 17][12, 18, 13, 0, 26, 8, 19, 22, 17, 11, 3, 4, 23, 1, 14][1, 23, 3, 4, 7, 27, 16, 28, 17, 18, 12, 22, 25, 11, 14][0, 26, 8, 12, 19, 22, 17, 18, 13, 6, 5, 15, 16, 2][22, 25, 11, 3, 23, 20, 14, 9, 1, 4, 24, 7, 27, 29][20, 7, 25, 22, 12, 19, 0, 13, 6, 21][10, 29][15, 27][18, 19] 
[4, 24, 20, 23, 1, 9, 14, 7, 2, 21, 5, 6, 16, 10, 29][13, 18, 19, 22, 17, 11, 3, 9, 23, 1, 14, 24, 7, 27, 15][0, 26, 8, 12, 19, 17, 18, 22, 25, 28, 16, 27, 15, 29, 10][1, 24, 7, 2, 15, 21, 5, 6, 13, 0, 12, 22, 25, 28, 17][14, 11, 25, 22, 12, 18, 0, 28, 7, 24, 20, 4, 3, 9, 23][11, 17, 28, 16, 6, 10, 2, 29][6, 21][18, 19][0, 22][1, 23][3, 11][27, 29] 
[0, 26, 8, 12, 19, 17, 18, 22, 25, 7, 24, 1, 14, 3, 23][3, 1, 24, 7, 25, 28, 16, 10, 2, 29, 27, 15, 6, 5, 21][4, 1, 23, 14, 24, 20, 7, 25, 22, 12, 19, 0, 13, 6, 21][14, 11, 25, 0, 17, 22, 18, 19, 12, 8, 26][12, 22, 25, 28, 17, 18, 19, 0, 13][3, 9, 1, 24, 7, 28][10, 29][6, 13][16, 28][27, 29][5, 21][15, 27] 
[13, 18, 0, 26, 8, 12, 19, 22, 25, 28][1, 23, 24, 14, 4, 3, 9][21, 6, 5, 15, 27][2, 16, 28][10, 16, 15][7, 28, 17][2, 29][11, 17][20, 24][4, 7][8, 19][0, 25] 
[8, 12, 18, 13, 6, 10, 15, 29, 2, 16, 7, 20, 24, 3, 11][8, 19, 0, 22, 25, 7, 27, 29, 2, 10, 6, 16, 28, 17, 11][21, 6, 13, 0, 19, 12, 22, 25, 7, 20, 24, 14, 23][0, 22, 25, 28, 16, 2, 7, 14, 1, 4][0, 26, 8, 12, 19, 17, 18, 22][17, 28, 25][10, 29][15, 27][18, 19][5, 15][11, 14][1, 9] 
[1, 24, 7, 2, 15, 21, 5, 6, 13, 0, 12, 22, 25, 28, 17][1, 23, 3, 11, 25, 22, 18, 13, 6, 15, 5, 21, 10, 27, 2][11, 3, 24, 20, 7, 16, 2, 29, 15, 10, 6, 13, 18, 12, 17][1, 23, 14, 24, 7, 27, 29, 15, 2, 10, 6, 16, 28, 17, 11][19, 22, 25, 11, 3, 23, 20, 14, 9, 1, 4, 24, 7, 27, 29][0, 22, 25, 28, 16, 2, 7, 14, 1, 3, 23, 24, 4, 20][14, 11, 25, 22, 12, 18, 17][0, 26, 8][10, 29][6, 21][15, 27][18, 19] 
[5, 6, 21, 15, 16, 7, 28, 25, 22, 19, 12, 17, 0, 13, 18][26, 8, 12, 18, 19, 22, 17, 28, 16, 6, 5, 15, 29][4, 23, 9, 1, 24, 20, 7, 16, 10, 21, 2, 27][9, 3, 23, 24, 14, 20, 7, 10][18, 22][0, 26][6, 13][22, 25][11, 14][25, 28][1, 14][0, 26] 
[17, 11, 25, 0, 13, 6, 16, 7, 27, 2, 29, 10, 15, 5, 21][7, 27, 16, 2, 29, 10, 21, 5, 15, 6, 13][19, 8, 26, 0, 18, 22, 17, 28, 25][4, 23, 9, 3, 1, 14, 20, 24][8, 26, 0, 13, 6, 5, 15][11, 14][11, 17][12, 22][16, 28][15, 21][9, 23][5, 21] 
[1, 24, 7, 2, 15, 21, 5, 6, 13, 0, 12][16, 2, 10, 27, 29][16, 28, 17, 22, 19][4, 3, 11][9, 14, 20][0, 26][4, 7][1, 14][1, 23][8, 12][13, 18][25, 28] 
[11, 14, 4, 23, 9, 1, 24, 20, 7, 16, 10, 21, 2, 27, 15][6, 5, 15, 29, 27, 10, 21, 2, 16, 28, 25, 22, 18, 12, 19][1, 14, 24, 4, 20, 23, 3, 11, 17, 18, 12, 19, 22, 0, 25][10, 29, 27, 16, 6, 13, 0, 18, 17, 11, 14, 20, 7, 28, 25][1, 14, 4, 7, 24, 3, 11, 17, 12, 18, 13, 6, 21, 2, 16][19, 8, 12, 18, 0, 22, 17, 28, 25, 7, 24, 1, 14, 9, 23][1, 14, 9, 3, 23, 24, 7, 27, 29, 10, 15, 21, 6, 16, 28][0, 26, 8, 12, 18, 19, 22, 17, 28, 16, 6, 5, 15, 29, 10][10, 7, 28, 16, 6, 13, 18, 12, 0, 26, 8, 19, 22, 17, 11][12, 17, 11, 3, 1, 9, 23, 20, 14, 24, 4, 7, 16, 28, 25][0, 26, 8, 19, 18, 12, 22, 25, 11, 14, 7, 20, 4, 3, 24][1, 14, 4, 7, 24, 20, 23, 3, 9] 
[5, 21, 15, 27, 29, 10, 16, 6, 2, 7, 28, 0, 18, 19, 17][12, 22, 25, 11, 3, 4, 1, 9, 23, 14, 24][0, 26, 8][25, 28][6, 13][14, 20][10, 21][2, 7][6, 21][6, 10][15, 29][13, 18] 
[6, 15, 5, 21, 10, 29, 2, 16, 27, 7][19, 8, 26, 0, 18, 22, 17, 28, 25][9, 3, 1, 14, 20, 24][4, 20, 23][11, 14][11, 17][6, 13][12, 22][11, 17][16, 28][11, 17][5, 21] 
[12, 18, 17, 11, 3, 9, 23, 14, 7, 2, 6, 5, 21, 10, 29][24, 3, 11, 14, 1, 4, 7, 2, 29, 15, 21, 5, 6, 10, 27][17, 28, 25, 22, 12, 0, 13, 6, 5, 21, 15, 2, 27, 10, 29][19, 18, 13, 6, 5, 21, 15, 16, 28, 7, 24, 23, 9, 14, 20][1, 23, 3, 11, 17, 12, 0, 26, 8, 19, 18, 22, 25, 28, 7][20, 4, 7, 24, 1, 9, 14, 23, 3, 11, 17, 19, 0, 22, 25][11, 14, 23, 4, 7, 28, 25, 22, 12, 17, 0, 18, 19, 8, 26][0, 22, 25, 11, 3, 23, 20, 14, 9, 1, 4, 24, 7, 27, 29][6, 21][1, 23][5, 15][11, 17] 
[1, 24, 7, 2, 15, 21, 5, 6, 13, 0, 12][16, 10, 29, 2, 15, 27, 7, 28][18, 22, 25, 11, 3, 23][17, 22, 19][9, 14, 20][10, 29][13, 18][1, 14][0, 26][8, 26][1, 14][4, 7] 
[20, 4, 23, 9, 14, 24, 7, 16, 2, 27, 29, 15, 5, 6, 21][5, 6, 13, 0, 28, 7, 10, 21, 15, 16, 2, 27][1, 14, 9, 23, 20, 4, 3, 11][8, 12, 22, 19, 17][2, 7, 16, 15][10, 2, 16][25, 28][0, 26][18, 19][2, 29][18, 22][22, 25] 
[7, 10, 27, 2, 15, 21, 5, 6, 13, 0, 12, 22, 25, 28, 17][19, 18, 13, 6, 5, 21, 15, 16, 28, 7, 24, 23, 9, 14, 20][1, 23, 3, 11, 17, 12, 0, 26, 8, 19, 18, 22, 25, 28, 7][0, 22, 25, 11, 3, 23, 20, 14, 9, 1, 4, 24, 7, 27, 29][5, 15, 21, 6, 10][10, 29][6, 21][10, 27][3, 11][3, 11][11, 17][9, 14] 
[1, 23, 3, 11, 25, 22, 18, 13, 6, 15, 5, 21, 10, 27, 2][11, 3, 24, 20, 7, 16, 2, 29, 15, 10, 6, 13, 18, 12, 17][3, 23, 20, 14, 9, 1, 4, 24, 7, 27, 29][0, 26, 8, 19, 22, 17, 28, 7, 2][2, 10, 29][6, 21][15, 27][17, 28][18, 19][0, 17][7, 20][11, 14] 
[4, 1, 23, 14, 24, 20, 7, 25, 22, 12, 19, 0, 13, 6, 21][15, 27, 7, 14, 24, 4, 1, 3, 11, 25, 28, 17, 22, 0, 18][8, 12, 18, 13, 6, 10, 15, 29, 2, 16, 7, 20, 24, 3, 11][8, 19, 0, 22, 25, 7, 27, 29, 2, 10, 6, 16, 28, 17, 11][19, 22, 25, 11, 3, 23, 20, 14, 9, 1, 4, 24, 7, 27, 29][0, 22, 25, 28, 16, 2, 7, 14, 1, 4, 24, 23, 3, 9][1, 23, 3, 11, 25, 22, 18, 13, 6, 15, 5, 21, 10][3, 24, 20, 14, 9, 1, 23, 4, 7, 25, 28, 17][0, 26, 8, 12, 19, 17, 18, 22][10, 29][18, 19][11, 14] 
[1, 14, 9, 3, 23, 24, 4, 20, 7, 16, 15, 2, 10, 21, 6][0, 26, 8, 12, 18, 19, 22, 17, 28, 16, 6, 5, 15, 29][11, 17, 22, 19, 8, 26, 0, 12, 18, 13, 6, 16, 28][1, 14, 9, 3, 23][6, 5, 15, 29][15, 27][1, 14][25, 28][1, 14][25, 28][25, 28][0, 26] 
[9, 3, 4, 14, 23, 24, 7, 28, 25][6, 13, 0, 17, 12, 8][16, 28, 17, 12, 19, 18][1, 14, 11, 17, 22][21, 10, 29][6, 5, 15][16, 27][7, 14][2, 15][10, 27][4, 20][8, 26] 
[0, 13, 6, 21, 5, 15, 27, 29, 2, 10, 7, 28, 16][4, 23, 9, 3, 1, 14, 20, 24][17, 22, 18, 0, 26, 8, 19][25, 28][12, 22][11, 17][11, 14][12, 22][25, 28][1, 14][9, 23][8, 26] 
[12, 17, 19, 18, 13, 0, 28, 16, 27, 15, 5, 6, 21, 10, 29][4, 7, 16, 6, 13, 0, 25, 11, 14, 24, 3, 9, 1, 23, 20][13, 18, 0, 26, 8, 12, 19, 22, 25, 28, 7, 24, 14][1, 9, 23, 24, 3, 14, 4, 7, 28, 17][1, 23, 24, 14, 4, 3, 9][2, 16, 28, 25, 7][8, 19, 17][10, 16, 15][22, 0, 25][2, 29][11, 17][20, 24] 
[6, 15, 5, 21, 10, 29, 2, 16, 27, 7][4, 23, 9, 3, 1, 14, 20, 24][8, 26, 0, 18, 22, 17, 28, 25][10, 16][13, 18][12, 22][11, 17][3, 11][1, 23][11, 17][8, 19][16, 28] 
[1, 24, 7, 2, 15, 21, 5, 6, 13, 0, 12, 22, 25, 28, 17][17, 0, 22, 25, 28, 16, 2, 7, 14, 1, 3, 23, 24, 4, 20][1, 23, 3, 11, 25, 22, 18, 13, 6, 15, 5, 21, 10, 27, 2][11, 3, 24, 20, 7, 16, 2, 29, 15, 10, 6, 13, 18, 12, 17][5, 15, 21, 2, 10, 6, 16, 28, 17, 11, 3, 14, 4, 7, 20][1, 23, 3, 4, 7, 27, 16, 28, 17, 18, 12, 22, 25, 11, 14][19, 22, 25, 11, 3, 23, 20, 14, 9, 1, 4, 24, 7, 27, 29][1, 23, 14, 24, 20, 7, 25, 22, 12, 19, 0, 13, 6, 21][14, 9, 23, 24, 7, 28, 16, 15, 21, 5, 6, 13, 18, 19][2, 10, 29][0, 26, 8][15, 27] 
[23, 3, 11, 25, 22, 18, 13, 6, 15, 5, 21, 10, 27][1, 24, 7, 2, 15, 21, 5, 6, 13, 0, 12][13, 6, 16, 10, 29, 2, 15, 27, 7, 28, 25][16, 28, 17, 22, 19][27, 10, 29][9, 14, 20][13, 18][1, 14][0, 26][8, 26][1, 14][4, 7] 
[4, 23, 9, 1, 24, 20, 7, 16, 10, 21, 2, 27][11, 17, 22, 19, 8, 26, 0, 12, 18, 13][17, 28, 16, 6, 5, 15, 29][5, 6][1, 14][25, 28][1, 14][25, 28][3, 9][25, 28][1, 14][0, 26] 
[15, 2, 16, 28, 7, 10, 21, 6, 13, 18, 12, 8, 26, 0, 25][19, 22, 17, 28, 16, 2, 7, 25, 11, 3, 14, 20, 4, 24, 23][22, 18, 12, 17, 0, 25, 7, 2, 27, 15, 5, 6, 21, 10, 29][1, 14, 20, 23, 24, 4, 7, 10, 16, 2, 15, 5, 21, 6, 13][8, 12, 19, 0, 18, 22, 17, 28, 7, 25, 11, 14, 3, 24, 23][7, 4, 14, 20, 24, 23, 9, 1, 3, 11, 17, 18, 13, 6, 16][1, 4, 7, 16, 15, 21, 10, 6, 13, 0, 18, 12, 19, 8, 26][8, 26, 0, 18, 22, 25, 28, 16, 2, 29, 15, 5, 6, 21, 10][0, 26, 8, 19, 17, 12, 18, 22, 25, 11, 14, 4, 23, 3, 24][4, 23, 3, 11, 14, 7, 25, 28, 0, 17, 18, 19, 12, 8, 26][19, 0, 22, 12, 18, 13, 6, 5, 21, 15, 2, 16, 27, 10, 29][24, 1, 9, 14, 3, 4, 7, 16, 15, 21, 10, 2, 27, 29] 
[9, 23, 24, 7, 27, 29, 10, 6, 5, 15, 21, 2, 16, 28, 25][0, 26, 8, 19, 18, 22, 25, 28, 16, 7, 27, 29, 15, 6, 10][5, 21, 15, 27, 29, 10, 16, 6, 2, 7, 28, 0, 18, 19, 17][12, 22, 25, 11, 3, 4, 1, 9, 23, 14, 24][6, 13][14, 20][10, 21][2, 7][6, 21][6, 10][15, 29][13, 18] 
[1, 9, 23, 4, 20, 14, 7, 16, 27, 2, 10, 6, 15, 21, 5][19, 18, 13, 6, 5, 21, 15, 16, 28, 7, 24, 23, 9, 14, 20][12, 22, 25, 11, 3, 4, 1, 9, 23, 14, 24][12, 22, 25, 11, 3, 4, 1, 9, 23, 14, 24][3, 11, 17, 12, 0, 26, 8][1, 23, 24, 20, 14, 9, 3][27, 16, 10, 29][0, 26, 8][6, 13][13, 18][22, 25][6, 10] 
[7, 27, 16, 2, 29, 10, 21, 5, 15, 6, 13][19, 8, 26, 0, 18, 22, 17, 28, 25][4, 23, 9, 3, 1, 14, 20, 24][8, 26, 0, 18, 12, 17, 22][11, 14][11, 17][12, 22][16, 28][5, 21][15, 21][9, 23][5, 21] 
[4, 24, 20, 23, 1, 9, 14, 7, 2, 21, 5, 6, 16, 10, 29][14, 11, 3, 1, 23, 20, 7, 25, 22, 12, 19, 0, 13, 6, 21][13, 18, 19, 22, 17, 11, 3, 9, 23, 1, 14, 24, 7, 27, 15][0, 26, 8, 12, 19, 17, 18, 22, 25, 28, 16, 27, 15, 29, 10][1, 24, 7, 2, 15, 21, 5, 6, 13, 0, 12, 22, 25, 28, 17][19, 18, 13, 6, 5, 21, 15, 16, 28, 7, 14, 24, 4, 20, 23][0, 22, 25, 28, 16, 2, 7, 14, 1, 4, 24, 23, 3, 11, 17][9, 3, 14, 23, 1, 4, 20, 24, 7, 28, 17, 18, 19, 0, 25][5, 15, 29, 27, 16, 10, 7, 24, 20, 4, 1, 23, 14, 3, 11][11, 17, 28, 7, 25, 0, 26, 8, 19, 22, 18, 13, 6, 10, 29][1, 23, 3, 14, 11, 25, 28, 17, 18, 0, 12, 22, 19, 8, 26][19, 22, 25, 11, 3, 23, 20, 14, 9, 1, 4, 24, 7, 27, 29] 
[5, 21, 15, 27, 29, 10, 16, 6, 2, 7, 28, 0, 18, 19, 17][12, 22, 25, 11, 3, 4, 1, 9, 23, 14, 24][0, 26, 8][25, 28][6, 13][14, 20][10, 21][2, 7][6, 21][6, 10][15, 29][13, 18] 
[23, 9, 14, 4, 1, 24, 7, 2, 21, 5, 6, 16, 15, 10, 29][4, 1, 23, 14, 24, 20, 7, 25, 22, 12, 19, 0, 13, 6, 21][0, 26, 8, 12, 19, 17, 18, 22, 25, 11, 14, 23, 1, 4, 7][9, 14, 1, 3, 23, 4, 7, 25, 28, 17, 19, 0, 12, 8, 26][19, 18, 13, 0, 17, 22, 25, 11, 3, 4, 20, 14, 9, 1, 24][0, 22, 25, 28, 16, 2, 7, 14, 1, 4, 24, 23, 9, 3, 11][1, 23, 3, 11, 25, 22, 18, 13, 6, 15, 5, 21, 10, 7, 4][8, 12, 18, 13, 6, 10, 15, 29, 2, 16, 7, 20, 24, 3, 11][8, 19, 0, 22, 25, 7, 27, 29, 2, 10, 6, 16, 28, 17, 11][19, 22, 25, 11, 3, 23, 20, 14, 9, 1, 4, 24, 7, 27, 29][5, 6, 16, 2, 27, 15][11, 14] 
[12, 18, 19, 8, 26, 0, 17, 28, 25, 11, 3, 1, 14, 20, 24][5, 15, 21, 2, 10, 16, 7, 27, 29][4, 20, 14, 1, 23][10, 6, 13][15, 27][19, 22][6, 21][9, 23][16, 28][16, 28][17, 28][0, 25] 
[4, 1, 23, 14, 24, 20, 7, 25, 22, 12, 19, 0, 13, 6, 21][8, 19, 0, 22, 25, 7, 27, 29, 2, 10, 6, 16][11, 3, 9, 1, 14, 23, 20, 24][21, 6, 5, 15, 27][13, 18, 0, 26][13, 18, 0, 26][17, 28, 25][11, 14][20, 24][15, 27][6, 21][11, 17] 
[9, 1, 4, 7, 25, 28, 0, 17, 18, 19, 22, 12, 8, 26][27, 15, 5, 6, 21, 10, 29][3, 11, 17, 18, 13, 6][2, 21, 6, 16][7, 24, 23][8, 12][4, 20][17, 28][1, 14][4, 7][7, 20][0, 25] 
[4, 1, 23, 14, 24, 20, 7, 25, 22, 12, 19, 0, 13, 6, 21][8, 19, 12, 22, 0, 18, 17, 11, 3, 9, 1, 14, 23, 20, 24][12, 17, 11, 25, 22, 18, 0, 13, 6, 21][17, 28, 0, 12, 19, 8, 26][5, 21, 10, 27, 15][16, 27, 29][2, 10][13, 18][6, 21][13, 18][17, 28][11, 17] 
[19, 18, 13, 6, 5, 21, 15, 16, 28, 7, 24, 23, 9, 14, 20][8, 26, 0, 12, 17][1, 4, 3, 11, 25][27, 16, 10, 29][2, 27][12, 22][6, 13][13, 18][1, 23][0, 26][22, 25][6, 10] 
[7, 27, 16, 2, 29, 10, 21, 5, 15, 6, 13][19, 8, 26, 0, 18, 22, 17, 28, 25][4, 23, 9, 3, 1, 14, 20, 24][8, 26, 0, 18, 12, 17, 22][9, 23, 20, 14, 1, 3, 11][11, 14][11, 17][12, 22][16, 28][5, 21][15, 21][5, 21] 
[4, 1, 23, 14, 24, 20, 7, 25, 22, 12, 19, 0, 13, 6, 21][8, 12, 18, 13, 6, 10, 15, 29, 2, 16, 7, 20, 24, 3, 11][8, 19, 0, 22, 25, 7, 27, 29, 2, 10, 6, 16, 28, 17, 11][19, 22, 25, 11, 3, 23, 20, 14, 9, 1, 4, 24, 7, 27, 29][1, 23, 3, 11, 25, 22, 18, 13, 6, 15, 5, 21, 10][0, 22, 25, 28, 16, 2, 7, 14, 1, 4][13, 0, 22, 25, 28, 16, 27, 15][0, 26, 8, 12, 19, 17, 18, 22][17, 28, 25][10, 29][18, 19][11, 14] 
[14, 11, 3, 1, 9, 23, 4, 24, 20, 7, 10, 29, 27, 16, 15][24, 20, 23, 14, 1, 9, 3, 11, 17, 28, 0, 12, 19, 8, 26][8, 19, 0, 22, 25, 7, 27, 29, 2, 10, 6, 16, 28, 17, 11][13, 18, 0, 26, 8, 12, 19, 17, 11, 3, 23, 1, 9, 14, 24][4, 23, 3, 24, 14, 11, 17, 18, 13, 6, 5, 21, 10, 27, 15][21, 6, 5, 15, 27, 2, 7, 28, 25, 11, 17, 12, 8, 19, 22][12, 19, 18, 13, 6, 21, 5, 15, 2, 16, 10, 7, 25, 28, 17][4, 1, 23, 14, 24, 20, 7, 25, 22, 12, 19, 0, 13, 6, 21][8, 19, 12, 22, 0, 18, 17, 11, 3, 9, 1, 14, 23, 20, 24][12, 17, 11, 25, 22, 18, 0, 13, 6, 21][13, 18, 0, 26][11, 17] 
[9, 14, 23, 4, 1, 24, 3, 11, 17, 28, 16, 7, 20][0, 17, 18, 19, 22, 12, 8, 26][27, 15, 5, 6, 21, 10, 29][3, 4, 14, 23, 24, 7, 28][3, 11, 17, 18, 13, 6][2, 21, 6, 16, 7][4, 7, 16, 15, 21][8, 12, 19][4, 20][17, 28][1, 14][0, 25] 
[9, 3, 24, 7, 2, 10, 21, 5, 15, 6, 13, 18, 0, 17, 11][12, 19, 8, 26, 0, 18, 22, 17, 28, 25, 11, 3, 4, 23, 20][9, 1, 24, 7, 2, 6, 13, 0, 22, 18, 17, 28, 16, 15, 21][7, 27, 16, 2, 29, 10, 21, 5, 15, 6, 13][4, 23, 9, 3, 1, 14, 20, 24][16, 28, 25, 22, 12, 17, 19][1, 14, 3, 4, 24, 23, 9][11, 14][12, 22][8, 26][5, 21][5, 21] 
[1, 14, 9, 3, 23, 24, 4, 20, 7, 16, 15, 2, 10, 21, 6][0, 26, 8, 12, 18, 19, 22, 17, 28, 16, 6, 5, 15, 29][11, 17, 22, 19, 8, 26, 0, 12, 18, 13, 6, 16, 28][0, 26, 8, 19, 12, 18][1, 14, 9, 3, 23][6, 5, 15][15, 27][1, 14][25, 28][1, 14][25, 28][25, 28] 
[12, 18, 17, 11, 3, 9, 23, 14, 7, 2, 6, 5, 21, 10, 29][26, 8, 19, 12, 22, 17, 18, 0, 13, 6, 5, 15, 21, 10, 27][19, 18, 13, 6, 5, 21, 15, 16, 28, 7, 24, 23, 9, 14, 20][1, 23, 3, 11, 17, 12, 0, 26, 8, 19, 18, 22, 25, 28, 7][9, 14, 20, 24, 1, 4, 23, 3, 11, 25, 22, 19, 12, 8, 26][0, 22, 25, 11, 3, 23, 20, 14, 9, 1, 4, 24, 7, 27, 29][10, 27, 2, 15, 21, 5, 6, 13, 0, 12, 22, 25, 28, 17][1, 23, 9, 3, 24, 7, 14, 4, 20][16, 6, 21][5, 15][11, 17][22, 25] 
[7, 4, 20, 23, 1, 9, 14, 24, 3, 11, 25, 22][13, 6, 15, 5, 21, 10, 29, 2, 16, 27][1, 14, 11, 17, 22, 12, 18][1, 14, 11, 17, 22][0, 26, 8][8, 12, 19][16, 28][7, 28][4, 7][16, 28][11, 17][7, 16] 
[27, 15, 5, 6, 21, 10, 29][17, 18, 19, 22, 12, 8, 26][2, 21, 6, 16][3, 23, 20, 24][13, 0, 28, 17][1, 3, 11, 17][3, 9][4, 20][1, 14][4, 7][0, 25][6, 13] 
[4, 1, 14, 20, 7, 27, 16, 2, 29, 10, 21, 5, 15, 6, 13][0, 26, 8, 12, 19, 17, 18, 22, 25, 7, 24, 1, 14, 3, 23][10, 21, 6, 15, 2, 27, 7, 25, 0, 18, 22, 19, 17, 28, 16][19, 22, 25, 11, 3, 23, 20, 14, 9, 1, 4, 24, 7, 27, 29][3, 1, 24, 7, 25, 28, 16, 10, 2, 29, 27, 15, 6, 5, 21][15, 27, 7, 14, 24, 4, 1, 3, 11, 25, 28, 17, 22, 0, 18][14, 24, 20, 23, 9, 3, 1, 4, 7, 27, 2, 6, 5, 15, 21][4, 1, 23, 14, 24, 20, 7, 25, 22, 12, 19, 0, 13, 6, 21][14, 11, 25, 0, 17, 22, 18, 19, 12, 8, 26][12, 22, 25, 28, 17, 18, 19, 0, 13][10, 29][5, 21] 
[26, 8, 12, 18, 19, 22, 17, 28, 16, 6, 5, 15, 29][4, 23, 9, 1, 24, 20, 7, 16, 10, 21, 2, 27][18, 22][0, 26][6, 13][22, 25][3, 9][11, 14][25, 28][22, 25][1, 14][0, 26] 
[24, 20, 23, 3, 11, 14, 1, 4, 7, 25, 22, 0, 12, 8, 26][9, 3, 4, 14, 23, 24, 7, 28][27, 15, 5, 6, 21, 10, 29][17, 18, 19, 22, 12, 8, 26][2, 21, 6, 16][13, 0, 28, 17][1, 3, 11, 17][4, 20][1, 14][4, 7][0, 25][6, 13] 
[1, 24, 7, 2, 15, 21, 5, 6, 13, 0, 12, 22, 25, 28, 17][4, 14, 9, 23, 24, 7, 28, 16, 15, 21, 5, 6, 13, 18, 19][17, 0, 22, 25, 28, 16, 2, 7, 14, 1, 3, 23, 24, 4, 20][1, 23, 3, 11, 25, 22, 18, 13, 6, 15, 5, 21, 10, 27, 2][11, 3, 24, 20, 7, 16, 2, 29, 15, 10, 6, 13, 18, 12, 17][5, 15, 21, 2, 10, 6, 16, 28, 17, 11, 3, 14, 4, 7, 20][1, 23, 3, 4, 7, 27, 16, 28, 17, 18, 12, 22, 25, 11, 14][19, 22, 25, 11, 3, 23, 20, 14, 9, 1, 4, 24, 7, 27, 29][1, 23, 14, 24, 20, 7, 25, 22, 12, 19, 0, 13, 6, 21][0, 26, 8, 19, 22, 17, 28, 7, 2][2, 10, 29][15, 27] 
[12, 17, 19, 18, 13, 0, 28, 16, 27, 15, 5, 6, 21, 10, 29][6, 13, 18, 0, 26, 8, 12, 19, 22, 25, 28, 7, 14, 11, 17][7, 25, 28, 16, 2, 21, 6, 13, 0, 22, 12, 18, 19, 8, 26][4, 7, 16, 6, 13, 0, 25, 11, 14, 24, 3, 9, 1, 23, 20][8, 19, 17, 22, 25, 28, 7, 16, 15, 6, 5, 21, 2, 27, 29][4, 1, 9, 3, 24, 14, 7, 27, 29, 10, 16, 15, 21, 6, 5][1, 9, 23, 24, 3, 14, 4, 7, 28, 17, 22, 19, 0, 12, 18][15, 10, 7, 4, 20, 14, 11, 25, 0, 22, 17, 12, 8, 26][1, 23, 24, 14, 4, 3, 9][2, 29][11, 17][20, 24] 
[5, 21, 15, 27, 29, 10, 16, 6, 2, 7, 28, 0, 18, 19, 17][8, 12, 0, 22, 25, 11, 3, 23, 20, 14, 9, 1, 4, 24][25, 28][6, 13][10, 21][2, 7][0, 26][12, 22][2, 29][6, 10][15, 29][13, 18] 
[16, 27, 15, 29, 10, 2, 7, 4, 1, 14, 9, 3, 23, 20, 24][4, 1, 23, 14, 24, 20, 7, 25, 22, 12, 19, 0, 13, 6, 21][15, 27, 7, 14, 24, 4, 1, 3, 11, 25, 28, 17, 22, 0, 18][0, 26, 8, 12, 19, 17, 18, 22, 25, 7, 24, 1, 14, 3, 23][17, 28, 25, 22, 0, 26, 8, 12, 19, 18, 13, 6, 16, 10, 21][0, 26, 8, 19, 18, 12, 17, 28, 7, 14, 1, 3, 4, 23, 9][9, 3, 23, 24, 4, 1, 14, 7, 2, 16, 28, 25, 22, 0, 12][1, 23, 3, 11, 25, 22, 18, 13, 6, 15, 5, 21, 10, 7, 2][8, 12, 18, 13, 6, 10, 15, 29, 2, 16, 7, 20, 24, 3, 11][8, 19, 0, 22, 25, 7, 27, 29, 2, 10, 6, 16, 28, 17, 11][20, 24, 23, 9, 14, 11, 25, 0, 17, 22, 18, 19, 12, 8, 26][19, 22, 25, 11, 3, 23, 20, 14, 9, 1, 4, 24, 7, 27, 29] 
[5, 21, 15, 27, 29, 10, 16, 6, 2, 7, 28, 0, 18, 19, 17][12, 22, 25, 11, 3, 4, 1, 9, 23, 14, 24][0, 26, 8][25, 28][6, 13][14, 20][10, 21][2, 7][6, 21][6, 10][15, 29][13, 18] 
[9, 3, 4, 14, 23, 24, 7, 28, 25][6, 13, 0, 17, 12, 8][16, 28, 17, 12, 19, 18][1, 14, 11, 17, 22][2, 16, 27][21, 10, 29][7, 14][2, 15][10, 27][4, 20][5, 15][8, 26] 
[23, 14, 11, 17, 22, 12, 19, 8, 26, 0, 13, 6, 21, 10, 29][9, 3, 4, 14, 23, 24, 7, 28, 25, 11, 17][15, 27][16, 27][7, 14][2, 7][1, 14][10, 27][4, 20][18, 19][5, 15][8, 26] 
[1, 24, 7, 2, 15, 21, 5, 6, 13, 0, 12, 22, 25, 28, 17][12, 18, 13, 0, 26, 8, 19, 22, 17, 11, 3, 4, 23, 1, 14][1, 23, 3, 4, 7, 27, 16, 28, 17, 18, 12, 22, 25, 11, 14][0, 26, 8, 12, 19, 22, 17, 18, 13, 6, 5, 15, 16, 2][11, 3, 23, 20, 14, 9, 1, 4, 24, 7, 27, 29][20, 7, 25, 22, 12, 19, 0, 13, 6, 21][10, 29][15, 27][18, 19][0, 17][1, 23][3, 11] 
[0, 26, 8, 19, 18, 12, 17, 28, 7, 14, 1, 3, 4, 23, 9][2, 7, 20, 24, 14, 4, 3, 11, 17, 12, 8, 19, 18, 0, 26][1, 23, 3, 11, 25, 22, 18, 13, 6, 15, 5, 21, 10, 7, 2][1, 14, 11, 25, 0, 13, 6, 16, 10, 21, 2, 15, 29, 27, 7][16, 27, 15, 29, 10, 2, 7, 4, 1, 14, 9, 3, 23, 20, 24][5, 15, 2, 10, 16, 27, 7, 20, 14, 9, 23, 24, 4, 3, 11][1, 23, 3, 11, 25, 22, 18, 13, 6, 15, 5, 21, 10, 7, 2][6, 2, 29, 15, 16, 27, 7, 28, 25, 0, 26, 8, 19, 22, 12][8, 12, 18, 13, 6, 10, 15, 29, 2, 16, 7, 20, 24, 3, 11][18, 13, 0, 25, 28, 7, 4, 1, 9, 14, 11, 3, 23, 24, 20][9, 3, 23, 24, 4, 1, 14, 7, 2, 16, 28, 25, 22, 0, 12][5, 21, 2, 29, 15, 6, 10, 27, 7, 4, 24, 20, 23, 1, 9] 
[8, 19, 0, 22, 25, 7, 27, 29, 2, 10, 6, 16][4, 1, 23, 14, 24, 20, 7, 25, 22, 12][18, 0, 26][1, 9, 3][11, 14][20, 24][13, 18][15, 27][5, 6][6, 21][17, 28][11, 17] 
[18, 13, 0, 25, 28, 7, 4, 1, 9, 14, 11, 3, 23, 24, 20][15, 2, 16, 28, 0, 25, 7, 4, 23, 9, 3, 1, 14, 20, 24][13, 18, 19, 12, 22, 25, 11, 14, 1, 23, 20, 4, 7, 28, 17][9, 3, 11, 17, 22, 18, 0, 26, 8, 19, 12][13, 6, 15, 5, 21, 10, 29, 2, 16, 27][12, 22, 19][7, 27, 10][11, 17][3, 11][4, 7][8, 26][10, 16] 
[4, 1, 3, 14, 11, 17, 18, 12, 22, 0, 26, 8][13, 0, 19, 12, 22, 25, 7, 20, 24, 14, 23][2, 15, 10, 21, 5, 6, 16, 27, 7][0, 26][0, 28][9, 14][17, 19][2, 29][11, 17][17, 19][11, 17][5, 21] 
[9, 3, 4, 14, 23, 24, 7, 28, 25][6, 13, 0, 17, 12, 8][16, 28, 17, 12, 19, 18][1, 14, 11, 17, 22][2, 16, 27][21, 10, 29][7, 14][2, 15][10, 27][4, 20][5, 15][8, 26] 
[9, 1, 23, 14, 24, 20, 7, 25, 22, 12, 19, 0, 13, 6, 21][1, 24, 7, 2, 15, 21, 5, 6, 13, 0, 12, 22, 25, 28, 17][3, 14, 9, 23, 24, 7, 28, 16, 15, 21, 5, 6, 13, 18, 19][1, 23, 3, 11, 25, 22, 18, 13, 6, 15, 5, 21, 10, 27, 2][11, 3, 24, 20, 7, 16, 2, 29, 15, 10, 6, 13, 18, 12, 17][4, 1, 9, 14, 7, 27, 15, 29, 2, 10, 6, 16, 28, 17, 11][1, 23, 3, 4, 7, 27, 16, 28, 17, 18, 12, 22, 25, 11, 14][19, 22, 25, 11, 3, 23, 20, 14, 9, 1, 4, 24, 7, 27, 29][0, 22, 25, 28, 16, 2, 7, 14, 1, 3, 23, 24, 4, 20][0, 26, 8, 19, 12, 18, 22, 25, 11][10, 29][15, 27] 
[7, 27, 16, 2, 29, 10, 21, 5, 15, 6, 13][19, 8, 26, 0, 18, 22, 17, 28, 25][4, 23, 9, 3, 1, 14, 20, 24][21, 5, 15, 29, 27][11, 14][11, 17][12, 22][16, 28][8, 26][5, 21][15, 21][9, 23] 
[1, 23, 3, 11, 17, 12, 0, 26, 8, 19, 18, 22, 25, 28, 7][5, 21, 6, 15, 16, 10, 7, 28, 17, 22, 12, 8, 26, 0, 25][19, 18, 13, 6, 5, 21, 15, 16, 28, 7, 24, 23, 9, 14, 20][8, 19, 22, 17, 11, 14, 9, 23, 1, 24, 7, 28, 16, 10, 21][1, 23, 3, 11, 17, 12, 0, 26, 8, 19, 18, 22, 25, 28, 7][0, 12, 22, 25, 11, 14, 20, 7, 28, 17][2, 16, 28][4, 7][10, 27][2, 29][22, 25][3, 11] 
[4, 1, 23, 14, 24, 20, 7, 25, 22, 12, 19, 0, 13, 6, 21][15, 27, 7, 14, 24, 4, 1, 3, 11, 25, 28, 17, 22, 0, 18][0, 26, 8, 12, 19, 17, 18, 22, 25, 7, 24, 1, 14, 3, 23][17, 28, 25, 22, 0, 26, 8, 12, 19, 18, 13, 6, 16, 10, 21][9, 3, 23, 24, 4, 1, 14, 7, 2, 16, 28, 25, 22, 0, 12][1, 23, 3, 11, 25, 22, 18, 13, 6, 15, 5, 21, 10, 7, 2][8, 12, 18, 13, 6, 10, 15, 29, 2, 16, 7, 20, 24, 3, 11][19, 22, 25, 11, 3, 23, 20, 14, 9, 1, 4, 24, 7, 27, 29][20, 24, 23, 9, 14, 11, 25, 0, 17, 22][11, 17, 28, 16][16, 27][0, 26] 
[1, 14, 11, 17, 22, 19, 18, 12, 8, 26, 0, 13, 6, 5, 21][9, 3, 4, 14, 23, 24, 7, 28, 25][6, 13, 0, 17, 12, 8][16, 28, 17, 12, 19, 18][2, 15, 5][21, 10, 29][6, 5, 15][16, 27][7, 14][10, 27][4, 20][8, 26] 
[5, 6, 13, 0, 28, 7, 10, 21, 15, 16, 2, 27, 29][1, 14, 11, 17, 22, 12][9, 3, 4, 14, 23][8, 12, 19][22, 25][7, 24][0, 26][4, 20][18, 22][6, 13][0, 26][17, 28] 
[7, 4, 20, 23, 1, 9, 14, 24, 3, 11, 25, 22][13, 6, 15, 5, 21, 10, 29, 2, 16, 27][1, 14, 11, 17, 22, 12, 18][1, 14, 11, 17][0, 26, 8][8, 12, 19][16, 28][7, 28][4, 7][16, 28][11, 17][7, 16] 
