[12, 19, 8, 26, 0, 22, 25, 11, 3, 4, 7, 10, 15, 27, 29][0, 18, 17, 28, 25, 11, 14, 7, 20, 24, 4, 3, 1, 9, 23][12, 18, 17, 28, 16, 6, 5, 15, 21, 2, 7, 24, 1, 3, 23][10, 21, 6, 13, 0, 12, 8, 19, 18, 17, 22, 25, 28, 7, 20][10, 27, 29, 2, 15, 6, 13, 0, 19, 17, 11, 3, 1, 14, 20][8, 19, 22, 18, 12, 17, 11, 14, 23, 9, 3, 24, 1, 4, 20][0, 25, 11, 3, 9, 23, 20, 4, 7, 16, 2, 10, 27, 15, 21][25, 28, 16, 27, 2, 29, 10, 15, 5, 21, 6, 13, 18, 0, 26][21, 15, 2, 7, 14, 11, 25, 22, 0, 17, 12, 18, 19, 8, 26][12, 8, 19, 0, 28, 16, 15, 2, 10, 29, 27, 7, 24, 1, 23][6, 5, 21, 15, 29, 10, 27, 7, 24, 1, 14, 3, 23, 20][1, 9, 14, 23, 4, 24, 7, 27] 
[3, 11, 17, 18, 22, 25, 28, 16, 10][8, 12, 18, 0, 22, 25, 11, 14][13, 6, 10, 15, 27][1, 9, 3, 23][2, 10, 29][4, 14, 24][0, 26][8, 19][5, 6][14, 20][2, 21][7, 20] 
[10, 15, 21, 5, 6, 16, 28, 7, 27, 2, 29][13, 0, 26, 8, 12, 17, 19, 18, 22, 25][0, 26, 8, 12, 19, 22, 18, 13][1, 23, 20, 24, 3, 11, 14, 4][7, 25, 22, 19, 18][7, 27][7, 25][11, 25][3, 9][18, 22][5, 21][6, 16] 
[17, 12, 8, 26, 0, 13, 6, 15, 29, 27][0, 26, 8, 12, 19, 22, 18, 13, 6][3, 9, 1, 23, 4, 20, 24, 7, 16][10, 15, 27, 29, 2, 16][14, 20, 7, 25, 28][16, 6, 5, 21][11, 25, 22][11, 25, 22][5, 21][5, 6][10, 15][18, 22] 
[13, 6, 5, 21, 10, 15, 2, 27, 7, 20, 4, 1, 9, 3, 23][20, 24, 14, 11, 17, 28, 7, 27, 2, 16, 6, 21, 10, 15, 29][5, 6, 13, 0, 28, 25, 11, 3, 4, 23, 9, 14, 24, 7, 20][20, 24, 14, 11, 17, 28, 7, 27, 2, 16, 6, 21, 10, 15, 29][5, 6, 13, 0, 28, 25, 11, 3, 4, 23, 9, 14, 24, 7][22, 0, 18, 12, 8, 26][1, 3][8, 19][25, 28][17, 18][7, 28][25, 28] 
[0, 19, 12, 17, 28, 25, 11, 3, 9, 14, 1, 23, 24, 4, 7][7, 27, 10, 15, 16, 6, 2, 29][1, 4, 24, 14, 3, 23, 20][0, 26, 8][2, 21, 5][12, 22][17, 18][20, 23][4, 23][2, 16][3, 11][6, 13] 
[10, 15, 21, 5, 6, 16, 28, 7, 27, 2, 29][0, 26, 8, 12, 19, 22, 18, 13][1, 23, 20, 24, 3, 11, 14, 4][7, 27][7, 25][17, 19][11, 25][3, 9][18, 22][5, 21][6, 16][22, 25] 
[3, 9, 1, 23, 4, 20, 24, 7, 16][6, 13, 0, 26, 8, 12, 17][10, 15, 27, 29, 2, 16][14, 20, 7, 25, 28][16, 6, 5, 21][11, 25, 22][5, 21][5, 6][12, 19][11, 25][10, 15][18, 22] 
[10, 2, 27, 29, 15, 21, 5, 6, 13][26, 8, 12, 0, 22, 19, 17, 28][3, 9, 1, 23, 4, 20, 24][14, 20, 7, 25][0, 17, 18][16, 28][18, 22][11, 25][2, 29][20, 23][7, 16][6, 16] 
[3, 9, 1, 23, 4, 20, 24, 7, 16][6, 13, 0, 26, 8, 12, 17][15, 27, 29, 2, 16][14, 20, 7, 25, 28][5, 21][5, 6][22, 25][12, 19][11, 25][10, 15][18, 22][6, 16] 
[3, 14, 4, 1, 9, 23, 24, 7, 16, 10, 27, 2, 6, 21, 5][13, 18, 12, 17, 19, 0, 28, 25, 11, 14, 9, 3, 4, 1, 23][7, 4, 24, 20, 14, 11, 25, 22, 17, 0, 26, 8, 12, 18, 13][7, 25, 0, 12, 17, 28, 16, 27, 10, 15, 5, 6, 21, 2, 29][22, 25, 0, 26, 8, 12, 17, 18, 13, 6, 21, 5, 15, 29, 27][7, 24, 20, 23][7, 14][8, 26][1, 9][7, 16][2, 21][0, 17] 
[0, 28, 16, 27, 10, 29, 15, 2, 7, 25, 22, 19, 12, 8][4, 1, 3, 11, 17, 18, 13, 6, 21][15, 10, 7, 25, 28, 0, 26][4, 20, 24, 1, 9, 14, 11][9, 3, 24][7, 20][14, 23][2, 29][20, 23][5, 21][5, 21][3, 14] 
[5, 21, 2, 29, 27, 15, 10, 6, 13, 18, 0, 22, 17, 12, 8][16, 6, 13, 18, 12, 19, 17, 22, 0, 28, 25, 7, 14, 4, 20][2, 15, 10, 21, 5, 6, 16, 28, 25, 0, 17, 22, 12, 8, 26][5, 6, 2, 29, 10, 7, 16, 28, 0, 12, 18][1, 9, 3, 23][23, 14, 24][0, 28][11, 14][8, 26][5, 21][5, 21][0, 26] 
[25, 7, 16, 15, 2, 10, 21, 6, 13, 18, 22, 19, 12, 8, 26][13, 18, 12, 19, 0, 22, 17, 11, 25, 28, 16, 6, 5, 21][26, 8, 19, 22, 17, 11, 25, 28, 16, 10, 29, 27][16, 6, 5, 21, 2, 7, 25, 22, 0, 18][3, 9, 1, 23, 4, 20, 24][2, 29, 10, 27, 7, 20][5, 21, 15, 6, 16, 28][21, 5, 6, 16, 28][2, 7, 16, 27][23, 3, 14, 24][0, 26][0, 26] 
[24, 14, 23, 3, 9, 1, 4, 20, 7, 27][3, 11, 17, 18, 22, 25, 28, 16, 10][2, 29, 27, 15, 10, 6, 13][0, 28, 25, 22, 19, 17][10, 21, 2, 7, 16, 27][15, 21, 5, 6, 16][10, 29, 27, 7, 20][1, 9, 3, 23, 4][12, 8, 26][0, 26][8, 19][14, 20] 
[6, 13, 18, 12, 19, 22, 0, 17, 11, 3, 14, 24, 7, 10, 29][21, 2, 15, 16, 7, 25, 11, 3, 9, 1, 24, 14, 4, 20, 23][5, 6, 10, 27, 16, 28][10, 15][6, 15][11, 14][1, 14][3, 24][20, 24][8, 12][1, 9][8, 26] 
[15, 6, 21, 10, 29, 2, 7, 16, 28, 0, 19, 22, 12, 8, 26][8, 12, 18, 17, 11, 25, 7, 4, 1, 14, 23, 9, 3, 24, 20][19, 22, 25, 0, 26, 8, 12, 17, 18, 13, 6, 21, 5, 15, 29][2, 27, 29, 15, 10, 6, 13, 18, 19, 17, 28, 25, 0, 12, 22][25, 0, 28, 16, 27, 10, 7, 24, 14, 11, 17, 22, 19, 8, 26][11, 3, 9, 14, 23, 1, 4, 24, 20, 7, 2, 10, 15, 27, 29][0, 18, 13, 6, 21, 5, 15, 16, 7, 20, 23, 24, 14, 9, 1][12, 22, 17, 28, 16, 27, 15, 10, 6, 2, 7, 14, 4, 20, 23][4, 14, 1, 24, 3, 23, 20, 7, 25, 22, 0, 28, 17, 11][7, 4, 20, 24, 1, 23, 3, 9, 14, 11, 25, 22, 17, 19][24, 14, 11, 17, 22, 19, 8, 26][17, 19] 
[10, 16, 28, 25, 22, 18, 17, 11, 3, 14, 24, 4, 7, 20, 23][6, 13, 0, 22, 25, 11, 14, 20, 7, 24, 23, 4, 3, 1, 9][5, 21, 6, 16, 15, 2, 10, 29, 27, 7, 20, 24, 4, 3, 11][10, 15, 2, 27, 7, 20, 4, 1, 9, 3, 23, 14, 24][2, 29, 27, 15, 10, 6, 13][10, 21, 2, 7, 16, 27][15, 21, 5, 6, 16][1, 9, 3, 23, 4][12, 8, 26][0, 26][8, 19][0, 28] 
[5, 6, 10, 27, 16, 28, 0, 13, 18, 19, 12, 17, 22, 25, 7][21, 2, 15, 16, 7, 25, 11, 3, 9, 1, 24, 14, 4, 20, 23][23, 1, 24, 3, 14, 7, 16, 2, 10, 6, 5, 21, 15, 29, 27][9, 1, 3, 4, 14, 23, 20, 7, 25, 22, 19, 12, 18, 17, 28][14, 24, 20][2, 29][10, 15][6, 15][11, 14][1, 14][8, 12][8, 26] 
[14, 20, 7, 10, 2, 27, 29, 15, 21, 5, 6, 13, 18][25, 28, 17, 19, 22, 0, 12, 8, 26][11, 3, 9, 23, 24][2, 7][16, 28][2, 29][4, 24][20, 23][1, 3][15, 21][17, 18][15, 21] 
[2, 15, 16, 7, 25, 11, 3, 9, 1, 24, 14, 4, 20, 23][25, 22, 0, 17, 12, 18, 19, 8, 26][5, 6, 10, 27, 16][15, 21][6, 13][10, 29][25, 28][20, 24][25, 28][3, 24][25, 28][11, 14] 
[26, 8, 12, 19, 22, 25, 28, 16, 27][2, 29, 27, 15, 10, 6, 13][14, 7, 25, 11, 17, 19, 18][1, 9, 3, 23, 14, 24][27, 29][10, 21][5, 6][9, 23][3, 4][14, 20][8, 12][0, 28] 
[14, 20, 7, 10, 2, 27, 29, 15, 21, 5, 6, 13, 18][9, 1, 14, 20, 4, 23, 3, 24, 7, 27, 2, 29][25, 28, 17, 19, 22, 0, 12, 8, 26][11, 3, 9, 23, 24][2, 7][16, 28][4, 24][20, 23][1, 3][15, 21][17, 18][15, 21] 
[10, 2, 27, 29, 15, 21, 5, 6, 13][26, 8, 12, 0, 22, 19, 17, 28][3, 9, 1, 23, 4, 20, 24][14, 20, 7, 25][16, 28][18, 22][11, 25][2, 29][20, 23][7, 16][17, 18][6, 16] 
[10, 15, 21, 5, 6, 16, 28, 7, 27, 2, 29][1, 23, 20, 24, 3, 11, 14, 4][0, 26, 8, 12, 19, 22, 18, 13][17, 19, 18, 22, 25][3, 9][7, 25][7, 27][6, 16][5, 15][18, 22][5, 21][11, 25] 
[12, 19, 8, 26, 0, 22, 25, 11, 3, 4, 7, 10, 15, 27, 29][0, 18, 17, 28, 25, 11, 14, 7, 20, 24, 4, 3, 1, 9, 23][1, 9, 14, 23, 4, 24, 7, 27, 15, 10, 21, 5, 6, 13, 18][12, 18, 17, 28, 16, 6, 5, 15, 21, 2, 7, 24, 1, 3, 23][10, 21, 6, 13, 0, 12, 8, 19, 18, 17, 22, 25, 28, 7, 20][10, 27, 29, 2, 15, 6, 13, 0, 19, 17, 11, 3, 1, 14, 20][4, 20, 23, 3, 14, 1, 24, 7, 27, 10, 29, 15, 21, 5, 6][8, 19, 22, 18, 12, 17, 11, 14, 23, 9, 3, 24, 1, 4, 20][0, 25, 11, 3, 9, 23, 20, 4, 7, 16, 2, 10, 27, 15, 21][25, 28, 16, 27, 2, 29, 10, 15, 5, 21, 6, 13, 18, 0, 26][21, 15, 2, 7, 14, 11, 25, 22, 0, 17, 12, 18, 19, 8, 26][12, 8, 19, 0, 28, 16, 15, 2, 10, 29, 27, 7, 24, 1, 23] 
[25, 7, 16, 15, 2, 10, 21, 6, 13, 18, 22, 19, 12, 8, 26][13, 18, 12, 19, 0, 22, 17, 11, 25, 28, 16, 6, 5, 21][16, 6, 5, 21, 2, 7, 25, 22, 0, 18][3, 9, 1, 23, 4, 20, 24][2, 29, 10, 27, 7, 20][5, 21, 15, 6, 16, 28][2, 7, 16, 27][23, 3, 14, 24][27, 29][5, 21][0, 26][0, 26] 
[16, 10, 6, 5, 15, 29, 2, 27, 7, 28, 17, 19, 18, 22, 25][8, 19, 22, 17, 11, 25, 28, 16, 10][3, 11, 17, 22, 19, 18, 12][7, 24, 20, 4, 23, 1, 9][19, 17, 11, 3, 23, 20][5, 21, 6, 13, 0, 17][0, 26][10, 15][14, 24][10, 15][0, 26][10, 15] 
[0, 18, 17, 28, 25, 11, 14, 7, 20, 24, 4, 3, 1, 9, 23][25, 28, 16, 27, 2, 29, 10, 15, 5, 21, 6, 13, 18, 0, 26][10, 27, 29, 2, 15, 6, 13, 0, 19, 17, 11, 3, 1, 14, 20][1, 9, 14, 23, 4, 24, 7, 27, 10, 15, 6, 16, 28, 25, 22][21, 15, 2, 7, 14, 11, 25, 22, 0, 17, 12, 18, 19, 8, 26][0, 25, 11, 3, 9, 23, 20, 4, 7, 16, 2, 10, 27, 15, 21][8, 19, 17, 0, 12, 18, 22, 25, 7, 10, 2, 15, 27, 29][11, 3, 9, 23, 14, 4, 24, 20, 7, 27, 15, 10, 6, 13][19, 17, 0, 12, 18, 22, 25, 7, 10, 2, 15, 27, 29][8, 19][8, 19][14, 24] 
[14, 20, 7, 10, 2, 27, 29, 15, 21, 5, 6, 13, 18][9, 1, 14, 20, 4, 23, 3, 24, 7, 27, 2, 29][25, 28, 17, 19, 22, 0, 12, 8, 26][11, 3, 9, 23, 24][3, 1, 14, 24, 20][2, 7][16, 28][4, 24][20, 23][15, 21][17, 18][15, 21] 
[3, 11, 17, 18, 22, 25, 28, 16, 10][2, 29, 27, 15, 10, 6, 13][1, 9, 3, 23, 4][12, 8, 26][20, 7, 27][0, 26][8, 19][0, 28][5, 21][14, 24][14, 20][10, 21] 
[0, 25, 28, 16, 7, 24, 14, 1, 3, 11, 17, 22, 19, 18, 12][12, 8, 19, 17, 0, 28, 7, 27, 2, 29, 15, 5, 6, 10, 16][8, 12, 17, 28, 16, 6, 13, 18, 22, 0, 25, 7, 27, 15, 10][2, 29, 27, 10, 15, 21, 5, 6, 16, 7, 25, 0, 17, 28][8, 19, 22, 17, 11, 25, 28, 16, 10][7, 24, 20, 4, 23, 1, 9][5, 21, 6, 13, 0, 17][17, 19][0, 26][14, 24][10, 15][0, 26] 
[12, 22, 17, 28, 16, 27, 15, 10, 6, 2, 7, 14, 4, 20, 23][8, 19, 22, 18, 12, 17, 11, 14, 23, 9, 3, 24, 1, 4, 20][19, 22, 25, 0, 26, 8, 12, 17, 18, 13, 6, 21, 5, 15, 29][12, 18, 17, 28, 16, 6, 5, 15, 21, 2, 7, 24, 1, 3, 23][8, 12, 18, 17, 11, 25, 7, 4, 1, 14, 23, 9, 3, 24, 20][8, 19, 22, 18, 12, 17, 11, 14, 23, 9, 3, 24, 1, 4, 20][0, 18, 13, 6, 21, 5, 15, 16, 7, 20, 23, 24, 14, 9, 1][0, 25, 11, 3, 9, 23, 20, 4, 7, 16, 2, 10, 27, 15, 21][2, 27, 29, 15, 10, 6, 13, 18, 19, 17, 28, 25, 0, 12, 22][1, 9, 14, 23, 4, 24, 7, 27, 29, 15, 5, 6, 21, 2, 10][8, 12, 18, 17, 11, 25, 7, 4, 1, 14, 23, 9, 3, 24, 20][12, 19, 8, 26, 0, 22, 25, 11, 3, 4, 7, 10, 15, 27, 29] 
[3, 9, 1, 23, 4, 20, 24, 7, 16][6, 13, 0, 26, 8, 12, 17][15, 27, 29, 2, 16][14, 20, 7, 25, 28][5, 21][5, 6][22, 25][12, 19][11, 25][10, 15][18, 22][6, 16] 
[19, 22, 25, 7, 2, 15, 29, 10, 27, 16, 28, 0, 26][5, 6, 15, 21, 2, 29, 27, 16, 28, 7, 10][8, 12, 0, 13, 6, 2, 7, 14, 11, 17][3, 11, 17, 18, 22, 25, 28, 16][13, 6, 10, 15, 27][26, 0, 22, 17, 28][1, 9, 3, 23][4, 14, 24][15, 5, 21][1, 9][20, 23][15, 16] 
[22, 25, 0, 26, 8, 12, 17, 18, 13, 6, 21, 5, 15, 29, 27][1, 9, 3, 24, 20][20, 7, 25][19, 0, 28][10, 15][11, 25][20, 23][2, 29][4, 7][6, 16][11, 25][7, 14] 
[11, 3, 9, 23, 14, 4, 24, 20, 7, 27, 15, 10, 6, 13][19, 17, 0, 12, 18, 22, 25, 7, 10, 2, 15, 27, 29][16, 2, 21][16, 28][1, 9][5, 6][8, 19][8, 26][14, 24][14, 20][7, 20][7, 20] 
[21, 15, 2, 7, 14, 11, 25, 22, 0, 17, 12, 18, 19, 8, 26][0, 18, 17, 28, 25, 11, 14, 7, 20, 24, 4, 3, 1, 9, 23][9, 3, 1, 23, 20, 24, 4, 7, 14, 11, 25][5, 6, 16, 28][13, 18, 22][27, 29][11, 25][10, 15][7, 27][7, 27][12, 18][7, 27] 
[14, 20, 7, 10, 2, 27, 29, 15, 21, 5, 6, 13, 18][25, 28, 17, 19, 22, 0, 12, 8, 26][11, 3, 9, 23, 24][2, 7][16, 28][2, 29][4, 24][20, 23][1, 3][15, 21][17, 18][15, 21] 
[8, 19, 17, 12, 18, 22, 0, 25, 11, 3, 24, 7, 27, 29, 10][5, 6, 13, 0, 28, 25, 11, 3, 4, 23, 9, 14, 24, 7, 20][10, 21, 5, 15, 16, 7, 25, 28, 0, 18, 12, 22, 19, 8, 26][17, 18][0, 28][23, 24][2, 27][8, 26][1, 23][25, 28][20, 23][8, 12] 
[3, 14, 4, 1, 9, 23, 24, 7, 16, 10, 27, 2, 6, 21, 5][13, 18, 12, 17, 19, 0, 28, 25, 11, 14, 9, 3, 4, 1, 23][7, 4, 24, 20, 14, 11, 25, 22, 17, 0, 26, 8, 12, 18, 13][7, 25, 0, 12, 17, 28, 16, 27, 10, 15, 5, 6, 21, 2, 29][21, 5, 6, 10, 29, 27, 15, 2, 16, 7, 25, 28, 17, 18, 22][3, 9, 14, 24, 20, 7, 2, 21, 6, 16, 27, 10, 29, 15, 5][22, 25, 0, 26, 8, 12, 17, 18, 13, 6, 21, 5, 15, 29, 27][5, 21, 2, 15, 6, 13, 0, 22, 19, 8, 26][4, 1, 3, 11, 14, 7, 24, 20, 23, 9][1, 9, 3, 4, 23, 14, 7, 20, 24][15, 2, 16, 28, 7, 25, 0, 17][7, 14] 
[8, 12, 18, 0, 22, 25, 11, 14, 9, 23, 20, 4, 24, 7, 16][9, 23, 20, 7, 28, 0, 26, 8, 12, 18, 22, 25, 11, 17, 19][12, 19, 22, 18, 17, 11, 3, 9, 1, 23, 24, 4, 20, 14][8, 19, 22, 17, 28, 16, 2, 7, 20, 23, 4, 14, 24][8, 19, 22, 17, 12, 18, 0, 26][13, 6, 10, 15, 27][10, 16][3, 23][5, 6][2, 21][2, 29][7, 20] 
[4, 23, 1, 9, 14, 24, 3, 11, 17, 28, 7, 2, 15, 5, 21][8, 26, 0, 22, 25, 7, 28, 17, 18, 13, 6, 15, 5, 21, 10][21, 2, 27, 16, 28, 0, 13, 6, 15, 10, 7, 20, 23, 3, 24][18, 0, 26, 8, 12, 22, 17, 11, 3, 1, 24, 4, 7, 25, 28][0, 25, 11, 3, 9, 23, 20, 4, 7, 16, 2, 10, 27, 15, 21][8, 12, 18, 17, 0, 22, 25, 7, 27, 10, 6, 21, 15, 2, 29][2, 21, 5, 6, 13, 0, 19, 12, 17, 11, 14, 4, 3, 23, 24][5, 21, 6, 2, 29, 15, 27, 7, 16, 10][12, 17, 11, 3, 23, 20, 24, 4, 7, 14][9, 23, 14, 7, 4, 1, 3, 24, 20][3, 14][27, 29] 
[13, 18, 12, 19, 0, 22, 17, 11, 25, 28, 16, 6, 5, 21, 15][25, 7, 16, 15, 2, 10, 21, 6, 13, 18, 22, 19, 12, 8, 26][26, 8, 19, 22, 17, 11, 25, 28, 16, 10, 29, 27][16, 6, 5, 21, 2, 7, 25, 22, 0, 18][9, 1, 23, 4, 20][21, 5, 6, 16, 28][2, 7, 16, 27][23, 3, 14, 24][7, 20][16, 28][0, 26][0, 26] 
[10, 15, 21, 5, 6, 16, 28, 7, 27, 2, 29][9, 3, 1, 23, 20, 24, 4, 7, 14, 11, 25][13, 18, 22, 19, 12, 8, 26][11, 17, 22][11, 14][4, 14][0, 18][12, 18][3, 14][5, 21][3, 14][7, 27] 
[10, 16, 28, 25, 22, 18, 17, 11, 3, 14, 24, 4, 7, 20, 23][6, 13, 0, 22, 25, 11, 14, 20, 7, 24, 23, 4, 3, 1, 9][5, 21, 6, 16, 15, 2, 10, 29, 27, 7, 20, 24, 4, 3, 11][10, 15, 2, 27, 7, 20, 4, 1, 9, 3, 23, 14, 24][17, 0, 28, 7, 10, 21, 5, 6, 2, 27, 15, 29][2, 29, 27, 15, 10, 6, 13][10, 21, 2, 7, 16, 27][15, 21, 5, 6, 16][1, 9, 3, 23, 4][12, 8, 26][0, 26][8, 19] 
[9, 1, 14, 20, 4, 23, 3, 24, 7, 27, 2, 29, 15][14, 20, 7, 10, 2, 27, 29, 15, 21, 5, 6, 13, 18][25, 28, 17, 19, 22, 0, 12, 8, 26][11, 3, 9, 23, 24][3, 1, 14, 24, 20][2, 7][16, 28][4, 24][20, 23][15, 21][17, 18][15, 21] 
[12, 19, 8, 26, 0, 22, 25, 11, 3, 4, 7, 10, 15, 27, 29][0, 18, 17, 28, 25, 11, 14, 7, 20, 24, 4, 3, 1, 9, 23][1, 9, 14, 23, 4, 24, 7, 27, 10, 15, 6, 16, 28, 25, 22][12, 18, 17, 28, 16, 6, 5, 15, 21, 2, 7, 24, 1, 3, 23][10, 21, 6, 13, 0, 12, 8, 19, 18, 17, 22, 25, 28, 7, 20][10, 27, 29, 2, 15, 6, 13, 0, 19, 17, 11, 3, 1, 14, 20][4, 20, 23, 3, 14, 1, 24, 7, 27, 10, 29, 15, 21, 5, 6][8, 19, 22, 18, 12, 17, 11, 14, 23, 9, 3, 24, 1, 4, 20][0, 25, 11, 3, 9, 23, 20, 4, 7, 16, 2, 10, 27, 15, 21][25, 28, 16, 27, 2, 29, 10, 15, 5, 21, 6, 13, 18, 0, 26][21, 15, 2, 7, 14, 11, 25, 22, 0, 17, 12, 18, 19, 8, 26][12, 8, 19, 0, 28, 16, 15, 2, 10, 29, 27, 7, 24, 1, 23] 
[23, 4, 24, 14, 11, 25, 28, 17, 19, 22, 0, 18, 12, 8, 26][4, 24, 20, 7, 14, 23, 9, 1, 3, 11, 25, 22, 12, 19, 8][11, 17, 22, 19, 8, 26, 0, 12, 18, 13, 6, 10, 21, 2, 29][0, 26, 8, 12, 22, 17, 11, 14, 24, 20, 4, 7, 2, 29, 10][18, 0, 19, 17, 11, 3, 24, 4, 1, 9, 14, 23, 20, 7, 28][13, 6, 5, 21, 10, 15, 2, 27, 7, 20, 4, 1, 9, 3, 23][20, 24][2, 21][7, 27][10, 16][4, 7][1, 3] 
[11, 3, 9, 23, 14, 4, 24, 20, 7, 27, 15, 10, 6, 13][19, 17, 0, 12, 18, 22, 25, 7, 10, 2, 15, 27, 29][16, 2, 21][16, 28][1, 9][5, 6][8, 19][8, 26][14, 24][14, 20][7, 20][7, 20] 
[2, 21, 5, 15, 6, 13, 0, 12, 17, 28, 25, 22, 18, 19][8, 12, 17, 18, 13, 6, 21, 5, 15, 29, 27][1, 9, 3, 24, 20, 14][7, 14][8, 26][10, 16][11, 25][4, 7][7, 25][20, 23][7, 16][0, 17] 
[3, 11, 17, 18, 22, 25, 28, 16][8, 12, 18, 0, 22, 25, 11, 14][13, 6, 10, 15, 27][5, 6, 2, 29][1, 9, 3, 23][4, 14, 24][0, 26][8, 19][2, 7][14, 20][2, 21][7, 20] 
[8, 19, 22, 17, 11, 25, 28, 16, 10][3, 11, 17, 22, 19, 18, 12][7, 24, 20, 4, 23, 1, 9][5, 21, 6, 13, 0, 17][28, 7, 27, 2, 29][17, 19][0, 26][10, 15][14, 24][10, 15][0, 26][10, 15] 
[10, 15, 21, 6, 13, 18, 12, 8, 26, 0, 17, 22, 25, 11, 14][10, 16, 28, 25, 22, 18, 17, 11, 3, 9, 14, 1, 23, 4, 20][16, 28, 25, 7, 27, 10, 29, 2, 15, 5, 21, 6, 13, 0, 17][0, 26, 8, 12, 19, 17, 22, 18, 13, 6, 15, 10, 27, 16, 2][20, 23, 4, 14, 9, 3, 24, 7, 28, 17, 0, 19, 12, 8, 26][16, 10, 6, 5, 15, 29, 2, 27, 7, 28, 17, 19, 18, 22, 25][18, 13, 0, 17, 28, 16, 7, 20, 23, 9, 1, 4, 3, 14, 24][7, 24, 20, 4, 23, 1, 9, 3, 14, 11, 17, 0, 22, 18][1, 9, 3, 24, 14, 23, 4, 7, 28, 0, 22, 19, 8, 26][10, 15, 5, 21, 6, 16, 28, 17][1, 9, 3, 23, 4][1, 9, 3, 23, 4] 
[11, 3, 9, 23, 14, 4, 24, 20, 7, 27, 15, 10, 6, 13][14, 20, 7, 10, 2, 27, 29, 15, 21, 5, 6, 13, 18][3, 9, 23, 14, 4, 24, 20, 7, 27, 15, 10, 6, 13][25, 28, 17, 19, 22, 0, 12, 8, 26][3, 1, 14, 24, 20][6, 16][1, 9][4, 24][16, 28][15, 21][15, 21][5, 6] 
[3, 11, 17, 18, 22, 25, 28, 16, 10][2, 29, 27, 15, 10, 6, 13][1, 9, 3, 23, 4][12, 8, 26][20, 7, 27][0, 26][8, 19][0, 28][5, 21][14, 24][14, 20][10, 21] 
[10, 15, 21, 5, 6, 16, 28, 7, 27, 2, 29][1, 23, 20, 24, 3, 11, 14, 4][13, 0, 26, 8, 12, 17, 19][19, 22, 25][7, 27][7, 25][0, 26][11, 25][3, 9][18, 22][5, 21][6, 16] 
[13, 18, 12, 19, 0, 22, 17, 11, 25, 28, 16, 6, 5, 21, 15][25, 7, 16, 15, 2, 10, 21, 6, 13, 18, 22, 19, 12, 8, 26][26, 8, 19, 22, 17, 11, 25, 28, 16, 10, 29, 27][16, 6, 5, 21, 2, 7, 25, 22, 0, 18][3, 9, 1, 23, 4, 20, 24][2, 29, 10, 27, 7, 20][5, 21, 15, 6, 16, 28][21, 5, 6, 16, 28][2, 7, 16, 27][23, 3, 14, 24][0, 26][0, 26] 
[17, 12, 8, 26, 0, 13, 6, 15, 29, 27][3, 9, 1, 23, 4, 20, 24, 7, 16][14, 20, 7, 25, 28][12, 19, 22][5, 21][2, 29][5, 6][11, 25][11, 25][10, 15][18, 22][6, 16] 
[6, 13, 0, 12, 8, 19, 18, 17, 22, 25, 28][14, 20, 4, 23, 3, 24, 7, 27, 2, 29, 15][10, 2, 16, 7, 4, 20, 23, 9, 3, 11, 25][5, 21][3, 11][8, 19][1, 3][1, 9][8, 26][15, 21][8, 12][2, 7] 
[0, 18, 17, 28, 25, 11, 14, 7, 20, 24, 4, 3, 1, 9, 23][12, 18, 17, 28, 16, 6, 5, 15, 21, 2, 7, 24, 1, 3, 23][10, 27, 29, 2, 15, 6, 13, 0, 19, 17, 11, 3, 1, 14, 20][0, 25, 11, 3, 9, 23, 20, 4, 7, 16, 2, 10, 27, 15, 21][25, 28, 16, 27, 2, 29, 10, 15, 5, 21, 6, 13, 18, 0, 26][21, 15, 2, 7, 14, 11, 25, 22, 0, 17, 12, 18, 19, 8, 26][12, 8, 19, 0, 28, 16, 15, 2, 10, 29, 27, 7, 24, 1, 23][8, 12, 0, 13, 6, 21, 10][27, 29][1, 9][5, 6][8, 19] 
[6, 13, 0, 22, 25, 11, 14, 20, 7, 24, 23, 4, 3, 1, 9][6, 13, 0, 22, 25, 11, 14, 20, 7, 24, 23, 4, 3, 1, 9][0, 28, 16, 27, 10, 29, 15, 2, 7, 25, 22, 19, 12, 8][4, 1, 3, 11, 17, 18, 13, 6, 21][10, 16, 28, 25, 22, 18, 17][10, 21, 2, 7, 16, 27][15, 21, 5, 6, 16][12, 8, 26][9, 3, 24][5, 21][3, 14][11, 14] 
[0, 18, 22, 12, 19, 17, 11, 25, 7, 4, 1, 3, 9, 23, 20][9, 1, 24, 20, 14, 3, 23, 4, 7, 28, 0, 17, 22, 18, 12][10, 15, 21, 5, 6, 16, 28, 7, 27, 2, 29][9, 3, 1, 23, 20, 24, 4, 7, 14, 11, 25][13, 18, 22, 19, 12, 8, 26][0, 13, 18, 22, 17, 11][7, 14, 11][4, 14][3, 14][5, 21][3, 14][7, 27] 
[11, 17, 22, 12, 18, 0, 28, 16, 15, 21, 5, 6, 10, 27, 29][0, 18, 17, 28, 25, 11, 14, 7, 20, 24, 4, 3, 1, 9, 23][1, 9, 3, 24, 7, 4, 23, 20, 14, 11, 17, 28, 16, 6, 5][12, 18, 17, 28, 16, 6, 5, 15, 21, 2, 7, 24, 1, 3, 23][3, 11, 25, 22, 17, 28, 16, 10, 21, 6, 13, 0, 12, 8, 26][10, 27, 29, 2, 15, 6, 13, 0, 19, 17, 11, 3, 1, 14, 20][5, 21, 15, 16, 10, 2, 7, 28, 0, 13, 18, 12, 17, 19, 8][0, 25, 11, 3, 9, 23, 20, 4, 7, 16, 2, 10, 27, 15, 21][25, 28, 16, 27, 2, 29, 10, 15, 5, 21, 6, 13, 18, 0, 26][21, 15, 2, 7, 14, 11, 25, 22, 0, 17, 12, 18, 19, 8, 26][12, 8, 19, 0, 28, 16, 15, 2, 10, 29, 27, 7, 24, 1, 23][6, 5, 15, 21, 10, 7, 28] 
[2, 21, 5, 15, 6, 13, 0, 12, 17, 28, 25, 22][8, 12, 17, 18, 13, 6, 21, 5, 15, 29, 27][3, 14, 4, 1, 9, 23, 24, 7, 16, 10][11, 25, 28, 0, 19][7, 14][8, 26][4, 7][7, 25][20, 23][1, 9][7, 16][0, 17] 
[19, 22, 25, 7, 2, 15, 29, 10, 27, 16, 28, 0, 26][5, 6, 15, 21, 2, 29, 27, 16, 28, 7, 10][8, 12, 0, 13, 6, 2, 7, 14, 11, 17][3, 11, 17, 18, 22, 25, 28, 16][11, 17, 18, 22, 25, 28, 16][13, 6, 10, 15, 27][26, 0, 22, 17, 28][1, 9, 3, 23][4, 14, 24][1, 9][20, 23][5, 21] 
[16, 6, 2, 15, 10, 29, 27, 7, 4, 1, 9, 3, 23, 14, 24][26, 8, 12, 0, 22, 19, 17, 28][13, 18, 17, 22, 19, 0, 25][16, 10, 15, 5, 21][20, 24][16, 28][2, 10][17, 18][20, 23][0, 18][11, 25][14, 24] 
[11, 17, 18, 22, 25, 28, 16][2, 29, 27, 15, 10, 6, 13][1, 9, 3, 23, 14, 24][0, 28, 25, 22, 19][5, 6, 16][20, 7, 27][0, 26][8, 19][14, 20][8, 12][10, 21][4, 23] 
[15, 6, 21, 10, 29, 2, 7, 16, 28, 0, 19, 22, 12, 8, 26][8, 12, 18, 17, 11, 25, 7, 4, 1, 14, 23, 9, 3, 24, 20][19, 22, 25, 0, 26, 8, 12, 17, 18, 13, 6, 21, 5, 15, 29][2, 27, 29, 15, 10, 6, 13, 18, 19, 17, 28, 25, 0, 12, 22][25, 0, 28, 16, 27, 10, 7, 24, 14, 11, 17, 22, 19, 8, 26][11, 3, 9, 14, 23, 1, 4, 24, 20, 7, 2, 10, 15, 27, 29][7, 20, 23, 9, 3, 1, 4, 24, 14, 11, 17, 22, 19, 8, 26][8, 26, 0, 28, 16, 7, 25, 22, 18, 12, 19, 17, 11, 14, 24][0, 18, 13, 6, 21, 5, 15, 16, 7, 20, 23, 24, 14, 9, 1][7, 4, 20, 24, 1, 23, 3, 9, 14, 11, 25, 22, 17, 19, 18][12, 22, 17, 28, 16, 27, 15, 10, 6, 2, 7, 14, 4, 20, 23][4, 14, 1, 24, 3, 23, 20, 7, 25, 22, 0, 28, 17, 11] 
[3, 9, 1, 23, 4, 20, 24, 7, 16][0, 26, 8, 12, 19, 22, 18, 13][15, 27, 29, 2, 16][14, 20, 7, 25, 28][5, 21][5, 6][22, 25][12, 17][11, 25][10, 15][18, 22][6, 16] 
[22, 25, 0, 26, 8, 12, 17, 18, 13, 6, 21, 5, 15, 29, 27][1, 9, 3, 24, 20, 14][11, 25, 28, 0, 19][7, 14][8, 26][10, 16][4, 7][7, 25][20, 23][7, 16][2, 21][0, 17] 
[0, 26, 8, 12, 18, 17, 22, 25, 7, 14, 11, 3, 4, 23, 9][4, 24, 7, 2, 29, 15, 5, 21, 6, 13, 0, 22, 12, 18, 17][0, 19, 12, 17, 28, 25, 11, 3, 9, 14, 1, 23, 24, 4, 7][0, 17, 11, 3, 4, 7, 24, 1, 9, 14, 20, 23][7, 27, 10, 15, 16, 6, 2, 29][1, 4, 24, 14, 3, 23, 20][2, 21, 5][12, 22][4, 23][2, 16][3, 11][6, 13] 
[12, 19, 8, 26, 0, 22, 25, 11, 3, 4, 7, 10, 15, 27, 29][0, 18, 17, 28, 25, 11, 14, 7, 20, 24, 4, 3, 1, 9, 23][11, 3, 1, 9, 14, 23, 4, 24, 7, 27, 15, 10, 21, 2, 29][12, 18, 17, 28, 16, 6, 5, 15, 21, 2, 7, 24, 1, 3, 23][10, 21, 6, 13, 0, 12, 8, 19, 18, 17, 22, 25, 28, 7, 20][10, 27, 29, 2, 15, 6, 13, 0, 19, 17, 11, 3, 1, 14, 20][4, 20, 23, 3, 14, 1, 24, 7, 27, 10, 29, 15, 21, 5, 6][8, 19, 22, 18, 12, 17, 11, 14, 23, 9, 3, 24, 1, 4, 20][0, 25, 11, 3, 9, 23, 20, 4, 7, 16, 2, 10, 27, 15, 21][25, 28, 16, 27, 2, 29, 10, 15, 5, 21, 6, 13, 18, 0, 26][21, 15, 2, 7, 14, 11, 25, 22, 0, 17, 12, 18, 19, 8, 26][12, 8, 19, 0, 28, 16, 15, 2, 10, 29, 27, 7, 24, 1, 23] 
[3, 11, 17, 18, 22, 25, 28, 16, 10][2, 29, 27, 15, 10, 6, 13][1, 9, 3, 23, 4][12, 8, 26][20, 7, 27][0, 26][8, 19][0, 28][5, 21][14, 24][14, 20][10, 21] 
[12, 18, 17, 28, 16, 6, 5, 15, 21, 2, 7, 24, 1, 3, 23][10, 21, 6, 13, 0, 12, 8, 19, 18, 17, 22, 25, 28, 7, 20][10, 27, 29, 2, 15, 6, 13, 0, 19, 17, 11, 3, 1, 14, 20][8, 19, 22, 18, 12, 17, 11, 14, 23, 9, 3, 24, 1, 4, 20][0, 25, 11, 3, 9, 23, 20, 4, 7, 16, 2, 10, 27, 15, 21][25, 28, 16, 27, 2, 29, 10, 15, 5, 21, 6, 13, 18, 0, 26][21, 15, 2, 7, 14, 11, 25, 22, 0, 17, 12, 18, 19, 8, 26][7, 27, 29, 10, 2, 15, 16, 28, 0, 19, 8, 12][27, 29][0, 18][1, 9][5, 6] 
[8, 12, 18, 0, 22, 25, 11, 14, 9, 23, 20, 4, 24, 7, 16][18, 12, 8, 19, 22, 17, 28, 16, 2, 7, 20, 23, 4, 14, 24][9, 23, 20, 7, 28, 0, 26, 8, 12, 18, 22, 25, 11, 17, 19][8, 19, 18, 12, 0, 13, 6, 16, 28, 17, 22, 25, 7, 2, 29][12, 19, 22, 18, 17, 11, 3, 9, 1, 23, 24, 4, 20, 14][3, 11, 17, 18, 22, 25, 28, 16, 10][9, 23, 24, 4, 3, 1, 14, 7, 20][8, 19, 22, 17, 12, 18, 0, 26][13, 6, 10, 15, 27][1, 9, 3, 23][5, 6, 2, 29][2, 21] 
[22, 25, 7, 28, 0, 12, 8, 26][11, 3, 9, 23, 14, 4, 24, 20][2, 29, 27, 15, 10, 6][5, 21, 6, 13, 18, 17][20, 7, 27][16, 28][1, 9][14, 24][8, 19][0, 28][8, 19][16, 28] 
[10, 15, 21, 5, 6, 16, 28, 7, 27, 2, 29][1, 23, 20, 24, 3, 11, 14, 4][13, 0, 26, 8, 12, 17, 19][19, 22, 25][7, 27][7, 25][0, 26][11, 25][3, 9][18, 22][5, 21][6, 16] 
[0, 18, 22, 12, 19, 17, 11, 25, 7, 4, 1, 3, 9, 23, 20][10, 15, 21, 5, 6, 16, 28, 7, 27, 2, 29][12, 8, 26][11, 14][4, 14][13, 18][11, 25][20, 24][3, 14][5, 21][3, 14][7, 27] 
[6, 5, 21, 2, 29, 15, 10, 7, 4, 23, 1, 3, 9, 14, 11][3, 14, 11, 17, 18, 0, 13, 6, 5, 15, 16, 2, 7, 25, 22][4, 20, 24, 3, 9, 14, 7, 27, 15, 2, 29, 10, 6, 5, 21][2, 6, 5, 15, 16, 28, 17, 12, 0, 18, 22, 25, 7, 14, 3][9, 23, 1, 4, 24, 3, 14, 7, 27, 16, 15, 21, 10, 2, 29][3, 9, 1, 23, 24, 7, 25, 11, 14, 4, 20][10, 15, 21, 5, 6, 16, 28, 7, 27, 2, 29][9, 3, 1, 23, 20, 24, 4, 7, 14, 11, 25][11, 17, 22, 18, 0, 28, 16, 15, 27][13, 18, 22, 19, 12, 8, 26][0, 18][18, 22] 
[2, 21, 5, 15, 6, 13, 18, 19, 17, 12, 22, 25, 0, 26, 8][0, 26, 8, 12, 17, 11, 25, 28, 7, 24, 20, 4][8, 19, 22, 17, 11, 25, 28, 16, 10][3, 11, 17, 22, 19, 18, 12][7, 24, 20, 4, 23, 1, 9][5, 21, 6, 13, 0, 17][28, 7, 27, 2, 29][10, 15][14, 24][10, 15][0, 26][10, 15] 
[15, 29, 2, 21, 10, 16, 7, 25, 11, 17, 0, 12, 22, 19, 18][6, 13, 0, 12, 18, 17, 22, 25, 7, 10, 2, 16, 15, 5, 21][1, 23, 24, 3, 4, 7, 16, 10, 21, 5, 6, 15, 2, 27, 29][24, 20, 4, 23, 1, 9, 14, 3, 11, 17, 22, 19, 18, 0, 25][0, 26, 8, 12, 18, 19, 17, 22, 25, 7, 27, 16, 15, 5, 21][13, 6, 10, 16, 7, 25, 11, 17, 0, 12, 22, 19, 18][0, 12, 22, 19, 17, 28, 16, 2, 27, 29][8, 19][6, 13][22, 25][17, 19][1, 9] 
[3, 11, 17, 18, 22, 25, 28, 16, 10][7, 20, 4, 1, 9, 3, 23, 14, 24][2, 29, 27, 15, 10, 6, 13][0, 28, 25, 22, 19, 17][10, 21, 2, 7, 16, 27][15, 21, 5, 6, 16][1, 9, 3, 23, 4][12, 8, 26][0, 26][8, 19][14, 20][7, 20] 
[12, 8, 26, 0, 28, 16, 27, 10, 29, 15, 2, 7, 25, 22, 19][5, 6, 15, 21, 2, 29, 27, 16, 28, 7, 10][8, 12, 0, 13, 6, 2, 7, 14, 11, 17][3, 11, 17, 18, 22, 25, 28, 16][13, 6, 10, 15, 27][26, 0, 22, 17, 28][1, 9, 3, 23][4, 14, 24][15, 5, 21][1, 9][20, 23][15, 16] 
[2, 21, 5, 15, 6, 13, 0, 12, 17, 28, 25, 22, 18, 19][8, 12, 17, 18, 13, 6, 21, 5, 15, 29, 27][1, 9, 3, 24, 20, 14][7, 14][8, 26][10, 16][11, 25][4, 7][7, 25][20, 23][7, 16][0, 17] 
[10, 15, 21, 5, 6, 16, 28, 7, 27, 2, 29][9, 3, 1, 23, 20, 24, 4, 7, 14, 11, 25][13, 18, 22, 19, 12, 8, 26][11, 17, 22][11, 14][4, 14][0, 18][18, 22][3, 14][5, 21][3, 14][7, 27] 
[5, 6, 21, 15, 27, 10, 29, 2, 16, 28, 7, 25, 11, 17, 22][0, 18, 17, 28, 25, 11, 14, 7, 4, 24, 20, 23, 1, 3, 9][1, 9, 14, 23, 4, 24, 20, 7, 2, 21, 10, 6, 13, 18, 12][12, 18, 17, 28, 16, 6, 5, 15, 21, 2, 7, 24, 1, 3, 23][10, 21, 6, 13, 0, 12, 8, 19, 18, 17, 22, 25, 28, 7, 20][10, 27, 29, 2, 6, 5, 15, 16, 28, 17, 18, 22, 25, 7, 14][4, 20, 23, 3, 14, 1, 24, 7, 27, 10, 29, 15, 21, 5, 6][8, 19, 22, 18, 12, 17, 11, 14, 23, 9, 3, 24, 1, 4, 20][7, 27, 10, 2, 21, 15, 6, 13, 0, 19, 18, 22, 12, 8, 26][25, 28, 16, 27, 2, 29, 10, 15, 5, 21, 6, 13, 18, 0, 26][1, 14, 20, 7, 27, 29, 10, 2, 15, 16, 28, 0, 19, 8, 12][5, 6, 2, 10, 29, 15, 21] 
[7, 27, 2, 29, 15, 21, 10, 16, 28, 25, 0, 17, 12, 8, 26][10, 15, 21, 5, 6, 16, 28, 7, 27, 2, 29][1, 23, 20, 24, 3, 11, 14, 4][13, 0, 26, 8, 12, 17, 19][5, 15, 21, 2, 6, 16, 10][19, 22, 25][7, 25][0, 26][11, 25][3, 9][18, 22][5, 21] 
[8, 12, 19, 22, 18, 13, 6, 21, 10, 2, 15][9, 1, 23, 4, 20][23, 3, 14, 24][10, 29, 27][5, 6, 16][17, 11, 25][0, 22, 25][2, 7][7, 20][16, 28][0, 26][0, 26] 
[19, 12, 17, 28, 25, 11, 3, 9, 14, 1, 23, 24][18, 12, 22, 0, 13, 6, 21, 5, 15, 29][10, 21, 2, 7, 16, 27][4, 23][3, 11][8, 26][2, 16][7, 20][3, 11][0, 26][0, 26][7, 20] 
[16, 27, 10, 29, 15, 2, 7, 25, 22, 19][8, 12, 0, 13, 6, 2, 7, 14, 11][3, 11, 17, 18][9, 3, 23][4, 14, 24][1, 9][20, 23][2, 21][6, 13][5, 21][0, 26][16, 28] 
[9, 1, 14, 20, 4, 23, 3, 24, 7, 27, 2, 29, 15][14, 20, 7, 10, 2, 27, 29, 15, 21, 5, 6, 13, 18][25, 28, 17, 19, 22, 0, 12, 8, 26][11, 3, 9, 23, 24][2, 7][16, 28][4, 24][20, 23][1, 3][15, 21][17, 18][15, 21] 
[20, 24, 14, 11, 17, 28, 7, 27, 2, 16, 6, 21, 10, 15, 29][23, 4, 24, 14, 11, 25, 28, 17, 19, 22, 0, 18, 12, 8, 26][2, 21, 10, 15, 16, 28, 25, 0, 19, 12, 22, 18, 13, 6, 5][4, 24, 20, 7, 14, 23, 9, 1, 3, 11, 25, 22, 12, 19, 8][13, 6, 5, 21, 10, 15, 2, 27, 7, 20, 4, 1, 9, 3, 23][10, 16, 28, 17, 11, 3, 4, 7, 25, 22][7, 27][4, 7][2, 29][0, 26][1, 3][7, 28] 
[8, 12, 19, 22, 25, 7, 2, 15, 29, 10, 27, 16][4, 1, 3, 11, 17, 18, 13, 6][14, 4, 24][26, 0, 28][14, 23][1, 9][5, 6][17, 19][7, 20][7, 20][5, 21][0, 17] 
[10, 15, 21, 5, 6, 16, 28, 7, 27, 2, 29][9, 3, 1, 23, 20, 24, 4, 7, 14, 11, 25][13, 18, 22, 19, 12, 8, 26][11, 17, 22][11, 14][4, 14][0, 18][18, 22][3, 14][5, 21][3, 14][7, 27] 
[12, 19, 8, 26, 0, 22, 25, 11, 3, 4, 7, 10, 15, 27, 29][0, 18, 17, 28, 25, 11, 14, 7, 20, 24, 4, 3, 1, 9, 23][11, 3, 1, 9, 14, 23, 4, 24, 7, 27, 15, 10, 21, 2, 29][12, 18, 17, 28, 16, 6, 5, 15, 21, 2, 7, 24, 1, 3, 23][10, 21, 6, 13, 0, 12, 8, 19, 18, 17, 22, 25, 28, 7, 20][10, 27, 29, 2, 15, 6, 13, 0, 19, 17, 11, 3, 1, 14, 20][4, 20, 23, 3, 14, 1, 24, 7, 27, 10, 29, 15, 21, 5, 6][8, 19, 22, 18, 12, 17, 11, 14, 23, 9, 3, 24, 1, 4, 20][0, 25, 11, 3, 9, 23, 20, 4, 7, 16, 2, 10, 27, 15, 21][25, 28, 16, 27, 2, 29, 10, 15, 5, 21, 6, 13, 18, 0, 26][21, 15, 2, 7, 14, 11, 25, 22, 0, 17, 12, 18, 19, 8, 26][12, 8, 19, 0, 28, 16, 15, 2, 10, 29, 27, 7, 24, 1, 23] 
[10, 15, 21, 5, 6, 16, 28, 7, 27, 2, 29][1, 23, 20, 24, 3, 11, 14, 4][13, 0, 26, 8, 12, 17, 19][19, 22, 25][7, 27][7, 25][0, 26][11, 25][3, 9][18, 22][5, 21][6, 16] 
[3, 11, 17, 18, 22, 25, 28, 16, 10][2, 29, 27, 15, 10, 6, 13][1, 9, 3, 23, 4][12, 8, 26][20, 7, 27][0, 26][8, 19][0, 28][5, 21][14, 24][14, 20][10, 21] 
[18, 13, 6, 5, 21, 15, 29, 27, 2, 10, 7, 20][17, 19, 22, 0, 12, 8, 26][11, 3, 14, 24][1, 9, 23][1, 3][14, 20][22, 25][4, 24][25, 28][7, 16][0, 13][10, 29] 
[1, 14, 20, 7, 28, 25, 22, 19, 18, 0, 12, 8, 26][3, 11, 17, 18, 22, 25, 28, 16, 10][7, 20, 4, 1, 9, 3, 23, 14, 24][2, 29, 27, 15, 10, 6, 13][0, 28, 25, 22, 19, 17][10, 21, 2, 7, 16, 27][15, 21, 5, 6, 16][1, 9, 3, 23, 4][0, 26][8, 19][14, 20][7, 20] 
[21, 2, 15, 16, 7, 25, 11, 3, 9, 1, 24, 14, 4, 20, 23][13, 18, 12, 19, 22, 0, 17, 11, 3, 14, 24, 7, 10, 29][5, 6, 10, 27, 16, 28][10, 15][6, 15][11, 14][1, 14][3, 24][20, 24][8, 12][1, 9][8, 26] 
[0, 18, 17, 28, 25, 11, 14, 7, 20, 24, 4, 3, 1, 9, 23][12, 18, 17, 28, 16, 6, 5, 15, 21, 2, 7, 24, 1, 3, 23][2, 29, 27, 7, 28, 25, 22, 19, 8, 12, 0, 13, 6, 21, 10][10, 27, 29, 2, 15, 6, 13, 0, 19, 17, 11, 3, 1, 14, 20][4, 23, 3, 9, 1, 14, 24, 20, 7, 16, 15, 10, 21, 5, 6][23, 20, 24, 14, 11, 25, 22, 17, 12, 8, 19, 18, 13, 0, 26][0, 25, 11, 3, 9, 23, 20, 4, 7, 16, 2, 10, 27, 15, 21][25, 28, 16, 27, 2, 29, 10, 15, 5, 21, 6, 13, 18, 0, 26][21, 15, 2, 7, 14, 11, 25, 22, 0, 17, 12, 18, 19, 8, 26][12, 8, 19, 0, 28, 16, 15, 2, 10, 29, 27, 7, 24, 1, 23][5, 21, 6, 2, 10, 15, 27, 29][1, 9, 14, 24, 7, 25, 22] 
[0, 18, 17, 28, 25, 11, 14, 7, 4, 24, 20, 23, 1, 3, 9][12, 18, 17, 28, 16, 6, 5, 15, 21, 2, 7, 24, 1, 3, 23][10, 21, 6, 13, 0, 12, 8, 19, 18, 17, 22, 25, 28, 7, 20][4, 20, 23, 3, 14, 1, 24, 7, 27, 10, 29, 15, 21, 5, 6][8, 19, 22, 18, 12, 17, 11, 14, 23, 9, 3, 24, 1, 4, 20][7, 27, 10, 2, 21, 15, 6, 13, 0, 19, 18, 22, 12, 8, 26][25, 28, 16, 27, 2, 29, 10, 15, 5, 21, 6, 13, 18, 0, 26][5, 6, 21, 15, 27, 10, 29, 2, 16, 28, 7, 25, 11][1, 9, 14, 23, 4, 24, 20, 7, 2, 21, 10, 6, 13][0, 19, 8, 12][10, 27][15, 21] 
[24, 3, 14, 7, 28, 25, 11, 17, 19, 22, 0, 18, 12, 8, 26][22, 25, 0, 26, 8, 12, 17, 18, 13, 6, 21, 5, 15, 29, 27][0, 12, 18, 17, 11, 3, 9, 23, 24, 4, 20, 7, 14][1, 9, 3, 24, 20, 14][11, 25, 28, 0, 19][10, 16][4, 7][7, 25][20, 23][7, 16][2, 21][0, 17] 
[2, 21, 5, 15, 6, 13, 0, 12, 17, 28, 25, 22, 18, 19][8, 12, 17, 18, 13, 6, 21, 5, 15, 29, 27][1, 9, 3, 24, 20, 14][7, 14][8, 26][10, 16][11, 25][4, 7][7, 25][20, 23][7, 16][0, 17] 
[5, 6, 16, 28, 25, 11, 17, 22, 0, 19, 12, 18, 13][9, 1, 23, 4, 20][16, 10, 29, 27][23, 3, 14, 24][2, 7][7, 20][6, 15][5, 21][0, 26][2, 21][0, 26][8, 26] 
[12, 19, 8, 26, 0, 22, 25, 11, 3, 4, 7, 10, 15, 27, 29][0, 18, 17, 28, 25, 11, 14, 7, 20, 24, 4, 3, 1, 9, 23][11, 3, 1, 9, 14, 23, 4, 24, 7, 27, 15, 10, 21, 2, 29][12, 18, 17, 28, 16, 6, 5, 15, 21, 2, 7, 24, 1, 3, 23][10, 21, 6, 13, 0, 12, 8, 19, 18, 17, 22, 25, 28, 7, 20][10, 27, 29, 2, 15, 6, 13, 0, 19, 17, 11, 3, 1, 14, 20][4, 20, 23, 3, 14, 1, 24, 7, 27, 10, 29, 15, 21, 5, 6][8, 19, 22, 18, 12, 17, 11, 14, 23, 9, 3, 24, 1, 4, 20][0, 25, 11, 3, 9, 23, 20, 4, 7, 16, 2, 10, 27, 15, 21][25, 28, 16, 27, 2, 29, 10, 15, 5, 21, 6, 13, 18, 0, 26][21, 15, 2, 7, 14, 11, 25, 22, 0, 17, 12, 18, 19, 8, 26][12, 8, 19, 0, 28, 16, 15, 2, 10, 29, 27, 7, 24, 1, 23] 
[3, 11, 17, 18, 22, 25, 28, 16, 10][2, 29, 27, 15, 10, 6, 13][1, 9, 3, 23, 4][12, 8, 26][20, 7, 27][0, 26][8, 19][0, 28][5, 21][14, 24][14, 20][10, 21] 
[0, 18, 17, 28, 25, 11, 14, 7, 4, 24, 20, 23, 1, 3, 9][1, 9, 14, 23, 4, 24, 20, 7, 2, 21, 10, 6, 13, 18, 12][12, 18, 17, 28, 16, 6, 5, 15, 21, 2, 7, 24, 1, 3, 23][7, 27, 10, 2, 21, 15, 6, 13, 0, 19, 18, 22, 12, 8, 26][1, 14, 20, 7, 27, 29, 10, 2, 15, 16, 28, 0, 19, 8, 12][5, 6, 21, 15, 27, 10, 29, 2, 16, 28][10, 21][10, 27][5, 6][8, 19][0, 26][15, 21] 
[15, 29, 2, 27, 7, 28, 16, 6, 5, 21][3, 11, 17, 22, 19, 18, 12][7, 24, 20, 4, 23, 1, 9][8, 19, 22, 17, 11, 25][6, 13, 0, 17][17, 19][0, 26][10, 15][14, 24][10, 15][0, 26][10, 15] 
[10, 15, 21, 5, 6, 16, 28, 7, 27, 2, 29][9, 3, 1, 23, 20, 24, 4, 7, 14, 11, 25][13, 18, 22, 19, 12, 8, 26][11, 17, 22][11, 14][4, 14][0, 18][18, 22][3, 14][5, 21][3, 14][7, 27] 
[19, 22, 25, 7, 2, 15, 29, 10, 27][8, 12, 0, 13, 6, 2, 7, 14][3, 11, 17, 18, 22, 25, 28][9, 3, 23][4, 14, 24][1, 9][20, 23][2, 21][6, 13][5, 21][0, 26][16, 28] 
