41135.0 7890.890522875818 0.12973667308927425 0.38599871547848424 59.0 69.0 0.0 
38900.0 8301.041510751886 0.15606936416184972 0.3924213230571612 55.0 65.0 0.0 
38900.0 8301.041510751886 0.15606936416184972 0.3924213230571612 55.0 65.0 0.0 
38900.0 8301.041510751886 0.15606936416184972 0.3924213230571612 55.0 65.0 0.0 
39785.0 9466.373056130038 0.17150564979092495 0.4971736814163892 47.0 77.0 0.0 
40520.0 8695.743463716193 0.1791907514450867 0.37829158638407195 49.0 65.0 0.0 
40520.0 8695.743463716193 0.1791907514450867 0.37829158638407195 49.0 65.0 0.0 
39785.0 9466.373056130038 0.17150564979092495 0.4971736814163892 47.0 77.0 0.0 
40520.0 8695.743463716193 0.1791907514450867 0.37829158638407195 49.0 65.0 0.0 
39785.0 9466.373056130038 0.17150564979092495 0.4971736814163892 47.0 77.0 0.0 
41135.0 7890.890522875818 0.12973667308927425 0.38599871547848424 59.0 69.0 0.0 
38900.0 8301.041510751886 0.1560894141829393 0.39247173689619724 55.0 65.0 0.0 
38900.0 8301.041510751886 0.15606936416184972 0.3924213230571612 55.0 65.0 0.0 
39785.0 9466.373056130038 0.17148362235067438 0.49710982658959535 47.0 77.0 0.0 
40520.0 8695.743463716193 0.1792137688826519 0.3783401787522651 49.0 65.0 0.0 
39785.0 9466.373056130038 0.17148362235067438 0.49710982658959535 47.0 77.0 0.0 
41135.0 7890.890522875818 0.12973667308927425 0.38599871547848424 59.0 69.0 0.0 
38900.0 8301.041510751886 0.15606936416184972 0.3924213230571612 55.0 65.0 0.0 
39785.0 9466.373056130038 0.17148362235067438 0.49710982658959535 47.0 77.0 0.0 
41465.0 8695.743463716193 0.1791907514450867 0.37829158638407195 50.0 66.0 0.0 
41135.0 7890.890522875818 0.12975672311003308 0.38604912931668856 59.0 69.0 0.0 
38900.0 8301.041510751886 0.156089411607471 0.3924717304204312 55.0 65.0 0.0 
38900.0 8301.041510751886 0.15608941418293937 0.39247173689619735 55.0 65.0 0.0 
39785.0 9466.373056130038 0.17148362235067438 0.49710982658959535 47.0 77.0 0.0 
40520.0 8695.743463716193 0.1792137688826519 0.3783401787522651 49.0 65.0 0.0 
39785.0 9466.373056130038 0.17148362235067438 0.49710982658959535 47.0 77.0 0.0 
41135.0 7890.890522875818 0.1297567231103639 0.3860491293175204 59.0 69.0 0.0 
38900.0 8301.041510751886 0.15606936416184972 0.3924213230571612 55.0 65.0 0.0 
39785.0 9466.373056130038 0.17150564979092495 0.4971736814163892 47.0 77.0 0.0 
41135.0 7890.890522875818 0.12973667308927425 0.38599871547848424 59.0 69.0 0.0 
41135.0 7890.890522875818 0.1297567231103639 0.3860491293175204 59.0 69.0 0.0 
38900.0 8301.041510751886 0.15606936416184972 0.3924213230571612 55.0 65.0 0.0 
39785.0 9466.373056130038 0.17150564979092495 0.4971736814163892 47.0 77.0 0.0 
41135.0 7890.890522875818 0.12973667308927425 0.38599871547848424 59.0 69.0 0.0 
41135.0 7890.890522875818 0.12975672311036385 0.3860491293175203 59.0 69.0 0.0 
164940.0 5602.1673585317885 0.3475119161483364 0.035971223021582725 180.0 82.0 1.074074074074074 
164940.0 5602.1673585317885 0.3475077081192882 0.035971223021582725 180.0 82.0 1.074074074074074 
164940.0 5602.1673585317885 0.3475076261599731 0.03597122302158273 180.0 82.0 1.074074074074074 
163755.0 5714.811846480214 0.38026721479915315 0.0359712230215065 173.0 78.0 1.0434782608695652 
163755.0 5714.811846480214 0.38026721479915315 0.0359712230215065 173.0 78.0 1.0434782608695652 
154625.0 5840.684701323989 0.36608863198458574 0.07385998715478484 171.0 83.0 1.1739130434782608 
164940.0 5602.1673585317885 0.3475077081192882 0.035971223021582725 180.0 82.0 1.074074074074074 
164940.0 5602.1673585317885 0.3475119161475305 0.0359712230215065 180.0 82.0 1.074074074074074 
163755.0 5714.811846480214 0.3802672147995888 0.035971223021582725 173.0 78.0 1.0434782608695652 
164940.0 5602.1673585317885 0.3474630700064226 0.03596660244059088 180.0 82.0 1.074074074074074 
164940.0 5618.706318842023 0.3475119161479008 0.0359712230215065 180.0 82.0 1.0434782608695652 
164940.0 5602.1673585317885 0.3475076261599731 0.03597122302158273 180.0 82.0 1.074074074074074 
163755.0 5714.811846480214 0.38026721479915315 0.0359712230215065 173.0 78.0 1.0434782608695652 
164940.0 5602.1673585317885 0.34750770811921894 0.03597122302158273 180.0 82.0 1.074074074074074 
164940.0 5602.1673585317885 0.3474630700064226 0.03596660244059088 180.0 82.0 1.074074074074074 
164940.0 5602.1673585317885 0.3475119161475305 0.0359712230215065 180.0 82.0 1.074074074074074 
164940.0 5602.1673585317885 0.34750770811921894 0.03597122302158273 180.0 82.0 1.074074074074074 
164940.0 5652.557548052412 0.34750770811921894 0.03597122302158273 180.0 84.0 1.1481481481481481 
164940.0 5602.1673585317885 0.34750770811921894 0.03597122302158273 180.0 82.0 1.074074074074074 
164940.0 5602.1673585317885 0.3475119098739444 0.03597122242805916 180.0 82.0 1.074074074074074 
164940.0 5602.1673585317885 0.3475119098739444 0.03597122242805916 180.0 82.0 1.074074074074074 
38900.0 8301.041510751886 0.15608941418293937 0.39247173689619735 55.0 65.0 0.0 
38900.0 8301.041510751886 0.15608941418293937 0.39247173689619735 55.0 65.0 0.0 
38900.0 8301.041510751886 0.156089411607471 0.3924717304204312 55.0 65.0 0.0 
38900.0 8301.041510751886 0.15608941418260852 0.39247173689536546 55.0 65.0 0.0 
38900.0 8301.041510751886 0.15608941418260852 0.39247173689536546 55.0 65.0 0.0 
38900.0 8301.041510751886 0.15608941418293937 0.39247173689619735 55.0 65.0 0.0 
38900.0 8301.041510751886 0.15608941418293937 0.39247173689619735 55.0 65.0 0.0 
38900.0 8301.041510751886 0.15606936416184972 0.3924213230571612 55.0 65.0 0.0 
38900.0 8301.041510751886 0.15608941418293937 0.39247173689619735 55.0 65.0 0.0 
38900.0 8301.041510751886 0.1560894141829393 0.39247173689619724 55.0 65.0 0.0 
38900.0 8301.041510751886 0.15608941418293937 0.39247173689619735 55.0 65.0 0.0 
38900.0 8301.041510751886 0.15608941418260852 0.39247173689536546 55.0 65.0 0.0 
38900.0 8301.041510751886 0.15608941418260852 0.39247173689536546 55.0 65.0 0.0 
38900.0 8301.041510751886 0.15608941418293937 0.39247173689619735 55.0 65.0 0.0 
38900.0 8301.041510751886 0.156089411607471 0.3924717304204312 55.0 65.0 0.0 
41135.0 7890.890522875818 0.1297567231103639 0.3860491293175204 59.0 69.0 0.0 
41135.0 7890.890522875818 0.1297567231103639 0.3860491293175204 59.0 69.0 0.0 
41135.0 7890.890522875818 0.1297567231103639 0.3860491293175204 59.0 69.0 0.0 
41135.0 7890.890522875818 0.12973667308927425 0.38599871547848424 59.0 69.0 0.0 
41135.0 7890.890522875818 0.12975672053489554 0.3860491228417543 59.0 69.0 0.0 
41135.0 7890.890522875818 0.12973667308927425 0.38599871547848424 59.0 69.0 0.0 
38900.0 8301.041510751886 0.15608941418293937 0.39247173689619735 55.0 65.0 0.0 
38900.0 8301.041510751886 0.15606936416184972 0.3924213230571612 55.0 65.0 0.0 
38900.0 8301.041510751886 0.1560894141829393 0.39247173689619724 55.0 65.0 0.0 
38900.0 8301.041510751886 0.15606936416184972 0.3924213230571612 55.0 65.0 0.0 
38900.0 8301.041510751886 0.15608941418293937 0.39247173689619735 55.0 65.0 0.0 
38900.0 8301.041510751886 0.1560894141829393 0.39247173689619724 55.0 65.0 0.0 
38900.0 8301.041510751886 0.15608941418293937 0.39247173689619735 55.0 65.0 0.0 
41135.0 7890.890522875818 0.12973667308927425 0.38599871547848424 59.0 69.0 0.0 
41135.0 7890.890522875818 0.1297567231103639 0.3860491293175204 59.0 69.0 0.0 
41135.0 7890.890522875818 0.12975672053489554 0.3860491228417543 59.0 69.0 0.0 
41135.0 7890.890522875818 0.1297567231103639 0.3860491293175204 59.0 69.0 0.0 
41135.0 7890.890522875818 0.12973667308927425 0.38599871547848424 59.0 69.0 0.0 
41135.0 7890.890522875818 0.12975672053489554 0.3860491228417543 59.0 69.0 0.0 
41135.0 7890.890522875818 0.1297567231103639 0.3860491293175204 59.0 69.0 0.0 
41135.0 7890.890522875818 0.1297567231103639 0.3860491293175204 59.0 69.0 0.0 
41135.0 7890.890522875818 0.12975672053489554 0.3860491228417543 59.0 69.0 0.0 
41135.0 7890.890522875818 0.12975672311036385 0.3860491293175203 59.0 69.0 0.0 
41135.0 7890.890522875818 0.1297567231103639 0.3860491293175204 59.0 69.0 0.0 
41135.0 7890.890522875818 0.12973667308927425 0.38599871547848424 59.0 69.0 0.0 
41135.0 7890.890522875818 0.1297567231103639 0.3860491293175204 59.0 69.0 0.0 
41135.0 7890.890522875818 0.12973667308927425 0.38599871547848424 59.0 69.0 0.0 
41135.0 7890.890522875818 0.1297567231103639 0.3860491293175204 59.0 69.0 0.0 
41135.0 7890.890522875818 0.1297567231103639 0.3860491293175204 59.0 69.0 0.0 
41135.0 7890.890522875818 0.12975672053489554 0.3860491228417543 59.0 69.0 0.0 
41135.0 7890.890522875818 0.1297567231103639 0.3860491293175204 59.0 69.0 0.0 
41135.0 7890.890522875818 0.1297567231103639 0.3860491293175204 59.0 69.0 0.0 
41135.0 7890.890522875818 0.12975672311003308 0.38604912931668856 59.0 69.0 0.0 
41135.0 7890.890522875818 0.12973667308927425 0.38599871547848424 59.0 69.0 0.0 
38900.0 8301.041510751886 0.1560894141829393 0.39247173689619724 55.0 65.0 0.0 
38900.0 8301.041510751886 0.15608603169211438 0.39247091189843514 55.0 65.0 0.0 
38900.0 8301.041510751886 0.1560894141829393 0.39247173689619724 55.0 65.0 0.0 
38900.0 8301.041510751886 0.15608941418293937 0.39247173689619735 55.0 65.0 0.0 
38900.0 8301.041510751886 0.15608941418293937 0.39247173689619735 55.0 65.0 0.0 
41135.0 7890.890522875818 0.12975672053489554 0.3860491228417543 59.0 69.0 0.0 
38900.0 8301.041510751886 0.1560894141829393 0.39247173689619724 55.0 65.0 0.0 
