46345.0 8040.1493930905735 0.16251284686536485 0.4823997944501542 50.0 71.0 0.0 
45105.0 8794.934994582882 0.13872832369942195 0.363519588953115 50.0 66.0 0.0 
45105.0 8794.934994582882 0.13874614365108537 0.36356628382645506 50.0 66.0 0.0 
51985.0 9496.058473393983 0.22995888623652108 0.27877697381745853 56.0 65.0 0.0 
43425.0 9496.724122858308 0.22289311040243803 0.4329393556519978 44.0 70.0 0.0 
46695.0 9195.096768680844 0.17086330653328105 0.35200410518886466 46.0 66.0 0.0 
46695.0 9195.096768680844 0.17086330653328105 0.35200410518886466 46.0 66.0 0.0 
43425.0 9496.724122858308 0.222893114079692 0.4329393627945603 44.0 70.0 0.0 
46695.0 9195.096768680844 0.1708413615928067 0.3519588953114965 46.0 66.0 0.0 
43425.0 9496.724122858308 0.22289311408016438 0.4329393627954778 44.0 70.0 0.0 
46345.0 8040.1493930905735 0.16251284418391015 0.48239978649057913 50.0 71.0 0.0 
45105.0 8794.934994582882 0.13872832369942195 0.363519588953115 50.0 66.0 0.0 
45105.0 8794.934994582882 0.13874614365108537 0.36356628382645506 50.0 66.0 0.0 
43425.0 9496.724122858308 0.22289311040243803 0.4329393556519978 44.0 70.0 0.0 
46695.0 9195.096768680844 0.1708413615928067 0.3519588953114965 46.0 66.0 0.0 
43425.0 9496.724122858308 0.222893114079692 0.4329393627945603 44.0 70.0 0.0 
46345.0 8040.1493930905735 0.1625128468650204 0.4823997944491317 50.0 71.0 0.0 
45105.0 8794.934994582882 0.13872832369942195 0.363519588953115 50.0 66.0 0.0 
43425.0 9496.724122858308 0.22286448298008993 0.43288375080282593 44.0 70.0 0.0 
46840.0 8345.265354406665 0.12074502247912652 0.371868978805395 58.0 74.0 0.0 
46345.0 8040.1493930905735 0.16251284418391015 0.48239978649057913 50.0 71.0 0.0 
45105.0 8794.934994582882 0.13874614365108537 0.36356628382645506 50.0 66.0 0.0 
45105.0 8794.934994582882 0.13874614365108537 0.36356628382645506 50.0 66.0 0.0 
43425.0 9496.724122858308 0.22286448298008993 0.43288375080282593 44.0 70.0 0.0 
46695.0 9195.096768680844 0.17086330653328105 0.35200410518886466 46.0 66.0 0.0 
43425.0 9496.724122858308 0.22289311040243803 0.4329393556519978 44.0 70.0 0.0 
46345.0 8040.1493930905735 0.16251284418391015 0.48239978649057913 50.0 71.0 0.0 
45105.0 8794.934994582882 0.13872832369942195 0.363519588953115 50.0 66.0 0.0 
43425.0 9496.724122858308 0.222893114079692 0.4329393627945603 44.0 70.0 0.0 
46345.0 8040.1493930905735 0.1625128468653648 0.482399794450154 50.0 71.0 0.0 
46345.0 8040.1493930905735 0.16251284686536485 0.4823997944501542 50.0 71.0 0.0 
45105.0 8794.934994582882 0.13874614365108537 0.36356628382645506 50.0 66.0 0.0 
43425.0 9496.724122858308 0.22289311408016438 0.4329393627954778 44.0 70.0 0.0 
46345.0 8040.1493930905735 0.1625128468653648 0.482399794450154 50.0 71.0 0.0 
46345.0 8040.1493930905735 0.16251284686536485 0.4823997944501542 50.0 71.0 0.0 
159070.0 4592.8635373113 0.42587358684390725 0.0 185.0 81.0 1.0625 
159070.0 4592.8635373113 0.42587358684390725 0.0 185.0 81.0 1.0625 
159070.0 4592.8635373113 0.42587357981791474 0.0 185.0 81.0 1.0625 
159070.0 4680.868771295079 0.4258188824662813 0.0 185.0 83.0 2.09375 
159070.0 4680.868771295079 0.42587358684390725 0.0 185.0 83.0 2.09375 
159070.0 4680.868771295079 0.42587357981791474 0.0 185.0 83.0 2.09375 
159070.0 4592.8635373113 0.42587357981791474 0.0 185.0 81.0 1.0625 
159070.0 4592.8635373113 0.42587358684480975 0.0 185.0 81.0 1.0625 
159070.0 4626.468978040136 0.42587357981791474 0.0 185.0 81.0 2.0625 
159070.0 4592.8635373113 0.42587358684480986 0.0 185.0 81.0 1.0625 
159070.0 4592.8635373113 0.42587358684480986 0.0 185.0 81.0 1.0625 
159070.0 4592.8635373113 0.4258188824662813 0.0 185.0 81.0 1.0625 
159070.0 4680.868771295079 0.42587357981791474 0.0 185.0 83.0 2.09375 
159070.0 4592.8635373113 0.42587358684480986 0.0 185.0 81.0 1.0625 
159070.0 4592.8635373113 0.42587357981791474 0.0 185.0 81.0 1.0625 
159070.0 4558.469236471458 0.42587357981791474 0.0 185.0 81.0 2.0 
159070.0 4558.469236471458 0.42587357981791474 0.0 185.0 81.0 2.0 
159070.0 4626.468978040136 0.42587358684390725 0.0 185.0 81.0 2.0625 
159070.0 4558.469236471458 0.4258188824662813 0.0 185.0 81.0 2.0 
159070.0 4558.469236471458 0.4258188824662813 0.0 185.0 81.0 2.0 
159070.0 4558.469236471458 0.42587358684390725 0.0 185.0 81.0 2.0 
43425.0 9496.724122858308 0.22286448298008993 0.43288375080282593 44.0 70.0 0.0 
43425.0 9496.724122858308 0.22286448298008993 0.43288375080282593 44.0 70.0 0.0 
43425.0 9496.724122858308 0.22289311040243803 0.4329393556519978 44.0 70.0 0.0 
43425.0 9496.724122858308 0.22289311408016438 0.4329393627954778 44.0 70.0 0.0 
43425.0 9496.724122858308 0.222893114079692 0.4329393627945603 44.0 70.0 0.0 
43425.0 9496.724122858308 0.22289311408016438 0.4329393627954778 44.0 70.0 0.0 
43425.0 9496.724122858308 0.22286448298008993 0.43288375080282593 44.0 70.0 0.0 
43425.0 9496.724122858308 0.22286448298008993 0.43288375080282593 44.0 70.0 0.0 
43425.0 9496.724122858308 0.22289311408016438 0.4329393627954778 44.0 70.0 0.0 
43425.0 9496.724122858308 0.22286448298008993 0.43288375080282593 44.0 70.0 0.0 
43425.0 9496.724122858308 0.22289311040243803 0.4329393556519978 44.0 70.0 0.0 
43425.0 9496.724122858308 0.222893114079692 0.4329393627945603 44.0 70.0 0.0 
43425.0 9496.724122858308 0.222893114079692 0.4329393627945603 44.0 70.0 0.0 
43425.0 9496.724122858308 0.22289311040243803 0.4329393556519978 44.0 70.0 0.0 
43425.0 9496.724122858308 0.22286448298008993 0.43288375080282593 44.0 70.0 0.0 
46345.0 8040.1493930905735 0.16249197174052665 0.48233782915863843 50.0 71.0 0.0 
46345.0 8040.1493930905735 0.1625128468653648 0.482399794450154 50.0 71.0 0.0 
46345.0 8040.1493930905735 0.16251284686536485 0.4823997944501542 50.0 71.0 0.0 
46345.0 8040.1493930905735 0.16251284686536485 0.4823997944501542 50.0 71.0 0.0 
46345.0 8040.1493930905735 0.16251284686536485 0.4823997944501542 50.0 71.0 0.0 
49895.0 8006.17025585248 0.13423249839434812 0.394990366088632 53.0 77.0 0.0 
43425.0 9496.724122858308 0.22289311040243803 0.4329393556519978 44.0 70.0 0.0 
43425.0 9496.724122858308 0.22286448298008993 0.43288375080282593 44.0 70.0 0.0 
43425.0 9496.724122858308 0.22286448298008993 0.43288375080282593 44.0 70.0 0.0 
43425.0 9496.724122858308 0.22286448298008993 0.43288375080282593 44.0 70.0 0.0 
43425.0 9496.724122858308 0.22286448298008993 0.43288375080282593 44.0 70.0 0.0 
45105.0 8794.934994582882 0.13874614365108537 0.36356628382645506 50.0 66.0 0.0 
43425.0 9496.724122858308 0.22289311040243803 0.4329393556519978 44.0 70.0 0.0 
46345.0 8040.1493930905735 0.16251284418391015 0.48239978649057913 50.0 71.0 0.0 
46345.0 8040.1493930905735 0.16251284418391015 0.48239978649057913 50.0 71.0 0.0 
46345.0 8040.1493930905735 0.1625128468650204 0.4823997944491317 50.0 71.0 0.0 
46345.0 8040.1493930905735 0.16251284418391015 0.48239978649057913 50.0 71.0 0.0 
46345.0 8040.1493930905735 0.1625128468650204 0.4823997944491317 50.0 71.0 0.0 
46345.0 8040.1493930905735 0.1625128468650204 0.4823997944491317 50.0 71.0 0.0 
46345.0 8040.1493930905735 0.16249197174052665 0.48233782915863843 50.0 71.0 0.0 
46345.0 8040.1493930905735 0.16249197174052665 0.48233782915863843 50.0 71.0 0.0 
46345.0 8040.1493930905735 0.1625128468653648 0.482399794450154 50.0 71.0 0.0 
46345.0 8040.1493930905735 0.1625128468650204 0.4823997944491317 50.0 71.0 0.0 
46345.0 8040.1493930905735 0.1625128468653648 0.482399794450154 50.0 71.0 0.0 
46345.0 8040.1493930905735 0.16251284686536485 0.4823997944501542 50.0 71.0 0.0 
46345.0 8040.1493930905735 0.16251284686536485 0.4823997944501542 50.0 71.0 0.0 
46345.0 8040.1493930905735 0.1625128468653648 0.482399794450154 50.0 71.0 0.0 
46345.0 8040.1493930905735 0.16251284686536485 0.4823997944501542 50.0 71.0 0.0 
52355.0 6920.783132530118 0.10918432883750803 0.3815028901734104 66.0 79.0 0.0 
52355.0 6920.783132530118 0.10918432883750803 0.3815028901734104 66.0 79.0 0.0 
52355.0 6920.783132530118 0.10919835379946531 0.3815518950404847 66.0 79.0 0.0 
52355.0 6920.783132530118 0.10919835560100186 0.38155190133526534 66.0 79.0 0.0 
52355.0 6920.783132530118 0.10919835379946531 0.3815518950404847 66.0 79.0 0.0 
52355.0 6920.783132530118 0.10919835379946531 0.3815518950404847 66.0 79.0 0.0 
43425.0 9496.724122858308 0.22286448298008993 0.43288375080282593 44.0 70.0 0.0 
43425.0 9496.724122858308 0.222893114079692 0.4329393627945603 44.0 70.0 0.0 
43425.0 9496.724122858308 0.22289311040243803 0.4329393556519978 44.0 70.0 0.0 
43425.0 9496.724122858308 0.222893114079692 0.4329393627945603 44.0 70.0 0.0 
43425.0 9496.724122858308 0.22286448298008993 0.43288375080282593 44.0 70.0 0.0 
46345.0 8040.1493930905735 0.1625128468653648 0.482399794450154 50.0 71.0 0.0 
43425.0 9496.724122858308 0.222893114079692 0.4329393627945603 44.0 70.0 0.0 
