4039738.4747503935 33171.32083835869 0.03881225157820903 0.0 4204.0 764.0 9.846073828329327 
1119280.0 21182.177192149382 0.06283610007014262 0.6275134440028057 1014.0 135.0 6.0 
725990.0 21139.63449693939 0.07052256254383914 0.7093465045592705 641.0 124.0 0.0 
1191280.0 23127.096940890224 0.3223638064063596 0.5208674304418985 991.0 126.0 0.45833333333333337 
5002020.586444039 12900.332812786291 0.21940028057049335 0.0 4957.0 320.0 8.647415207095204 
4445686.3982611485 10142.014538192725 0.4880173018470891 0.07923193827449146 4072.0 184.0 8.478705002337541 
4544789.09285832 16551.56827667728 0.4257072714519523 0.13917465513210195 4638.0 150.0 2.2295138888888886 
4130806.7237716187 27160.30292558366 0.032791676408697686 0.0 4394.0 671.0 9.79431871239813 
3425188.67778406 17144.270205856403 0.2601999064765022 0.2733224222585925 3683.0 231.0 6.9688802445123645 
1531395.0 13227.305950139656 0.08756137479541735 0.5406827215337854 1485.0 144.0 5.437641723356009 
2749192.292117362 16880.084762660834 0.16898527004909983 0.40381692775309797 2916.0 215.0 3.668356807511737 
1524910.0 14599.289470909553 0.12064531213467383 0.5333469721767594 1477.0 144.0 3.204081632653061 
2368499.564372465 14949.206886328193 0.35132686462473695 0.31871054477437455 2561.0 175.0 6.354093605800923 
2880688.524917389 16413.412722053203 0.4257657236380641 0.2292202478372691 3178.0 164.0 2.485047281323877 
1690665.0 17231.74595970017 0.2781739537058686 0.45411503390226793 1793.0 134.0 1.3312820512820513 
2127903.134027464 23354.282572070846 0.19695464110357727 0.3402501753565583 2181.0 248.0 6.78670743402154 
4467713.785759979 30424.301184120377 0.09109773205517886 0.0 4661.0 647.0 8.328597279152145 
1223075.0336408587 22847.68169871792 0.1470949263502455 0.5400689735796119 1166.0 178.0 1.8945652173913043 
1999277.255973124 27345.13306069221 0.39972527472527475 0.3011456628477905 1923.0 223.0 2.6336219336219333 
3105529.6082578707 17054.797700504194 0.22577156885667524 0.2317629179331307 3161.0 250.0 5.431494649141708 
3933226.8643572163 16965.26736543099 0.2774725274725275 0.1951133972410568 4450.0 219.0 3.8774997758048606 
3178590.0000000005 16937.003500941046 0.39893617021276595 0.20279985971475334 3264.0 132.0 2.2723754233188194 
3182474.1970321587 24365.27493365882 0.21329202712181436 0.3192366144493804 3013.0 256.0 3.840305614783227 
952847.4153448029 22404.228017725247 0.08580780921206453 0.6406651858779518 827.0 173.0 6.681818181818182 
587865.0 21931.382320123743 0.07253916296469488 0.7266191255552957 529.0 123.0 0.0 
1237455.0 23011.859139694614 0.3077799859714753 0.5131225157820902 1043.0 123.0 0.0 
4981017.002035713 13403.625136669642 0.25853401917231705 0.0 5443.0 288.0 8.089073110125742 
4522166.071911682 17950.446218548856 0.44283376198269814 0.12967617488894084 4718.0 155.0 1.2084309133489461 
4012293.2703911876 28281.186884732742 0.05991349076455459 0.0 4422.0 691.0 10.448997504856017 
3486209.773812735 15712.147839277979 0.28510053776011224 0.23822188449848025 3716.0 237.0 7.500742056856188 
1723625.0 14858.641296574624 0.1389408463876549 0.48728664952069206 1699.0 188.0 6.422524565381709 
1236290.0 16101.11601186454 0.08598316577039981 0.59279284545242 1181.0 136.0 3.286178107606679 
2567864.376040441 17314.42839130987 0.4388590133270984 0.2184358194996493 2487.0 192.0 5.999419905084219 
2684525.0 16834.871639010395 0.37064531213467383 0.2772679448211363 2919.0 135.0 2.2975609756097564 
1821120.0 17530.595508312043 0.32286064998830954 0.47498246434416647 1524.0 117.0 2.1425 
2536178.6081769895 22469.68104400047 0.18348141220481645 0.27367313537526305 2442.0 307.0 8.098576208555212 
4282303.342606609 32749.89955498817 0.07785831190086509 0.0 4278.0 693.0 9.280580346927595 
1568819.5141987526 21416.48171776821 0.15352466682253915 0.4898877718026654 1566.0 169.0 0.9642890442890444 
2098096.8775071017 24865.009664361183 0.4239537058685995 0.2981938274491466 1867.0 169.0 1.1575732511216381 
3163669.2657230855 17496.765719531882 0.24327799859714752 0.2354746317512275 3063.0 287.0 7.30790156733553 
2963542.0944021316 16577.593143446495 0.22831423895253683 0.32806289455225623 3202.0 199.0 2.8537868376851425 
3409885.0 17572.187713988595 0.4119417816226327 0.2771218143558569 2965.0 150.0 2.1053324555628703 
4186282.447892572 26344.76389078296 0.2724456394669161 0.041091886836567684 3868.0 408.0 5.274540774540775 
976259.9999999999 21937.15700974483 0.10740589198036006 0.6239478606499883 876.0 141.0 7.0 
770520.0 20897.199230383936 0.07540332008417115 0.7023614683189151 668.0 121.0 0.0 
1214351.3676410036 22850.92182225581 0.2955050268880056 0.523936170212766 1031.0 120.0 0.0 
4594843.140642229 13160.188991363422 0.2957972878185644 0.03416530278232406 5072.0 267.0 8.919717584003298 
4595580.0 15371.65967034758 0.46992635024549917 0.08840893149403788 4629.0 150.0 3.262382445141066 
4226819.744324105 27450.752687483455 0.06616787467851297 0.0 4504.0 668.0 9.535842384738553 
4413634.807845802 16186.004318416843 0.30035655833528174 0.00508534019172317 5102.0 290.0 9.219591881548403 
1178690.0 14246.915731218947 0.09621229833995791 0.6090425531914894 1034.0 155.0 7.392097264437689 
1257139.9999999998 17890.584733230313 0.10249590834697217 0.5985503857844283 1120.0 136.0 2.0816326530612246 
2382705.0 15161.631636554443 0.36857025952770633 0.3535772737900397 2079.0 150.0 7.4363302139037435 
3102501.994809489 18352.541161794543 0.3721358428805237 0.2037058685994856 3464.0 195.0 1.8284798534798534 
1667015.0 18042.17701405449 0.29039046060322654 0.468260462941314 1480.0 134.0 2.1666666666666665 
1858455.682696745 27156.005175189486 0.12336333878887071 0.4084638765489829 1823.0 326.0 6.794896591506761 
4143355.17675712 33858.52292342354 0.11386485854570962 0.0 4378.0 741.0 9.462356961146494 
1351691.445244116 20224.962837353607 0.1109130231470657 0.5434007481879822 1383.0 164.0 2.101094557616297 
2442061.8050426613 27057.472701690593 0.4528583119008651 0.21463642740238484 2308.0 238.0 3.2418084788774446 
3340853.096433703 17052.16594855323 0.22413490764554594 0.2713935001169044 3417.0 288.0 6.660525735901721 
4204013.002520034 16411.043144794232 0.2741992050502689 0.11588145896656535 4328.0 253.0 4.484914096111127 
3131070.1872991193 16768.85218627966 0.4165595043254618 0.21378887070376432 3217.0 138.0 2.340700808625337 
4311505.659689799 26788.915729224183 0.28197334580313305 0.0031856441430909515 4043.0 395.0 5.229044406640702 
1244180.0 21893.821768296453 0.11155599719429507 0.5751110591536124 1219.0 146.0 6.3809523809523805 
585900.0 21775.33218393486 0.07692307692307693 0.7303892915595043 565.0 126.0 0.0 
1219535.0 23155.525524557648 0.3028115501519757 0.50879705400982 1092.0 134.0 0.6607142857142857 
4717868.722355493 17841.57920105237 0.19227846621463643 0.0 5173.0 403.0 8.928861832165792 
4291672.5 15273.825080133902 0.43152326397007246 0.1632569558101473 4530.0 152.0 3.254633061527057 
4205623.3677342385 28183.44631157949 0.06190086509235446 0.0 4298.0 648.0 10.031428090213469 
4512481.662314923 18743.342339182895 0.28416530278232405 0.0038870703764320785 5401.0 372.0 8.04554770452897 
1667145.0000000002 14650.413132274802 0.14081131634323124 0.5050561140986672 1668.0 152.0 6.346938775510204 
1088895.0 16641.31164118912 0.06605097030628945 0.6409866729015665 975.0 134.0 3.2448979591836737 
1979032.5 18230.569998205545 0.37970540098199673 0.3526420388122516 1992.0 182.0 6.152006802721089 
3770592.2126863683 17816.704404667078 0.4221416880991349 0.18827449146598083 4021.0 169.0 4.388140161725067 
1607062.8225453857 18296.17081459834 0.3464168809913491 0.4549333645078326 1536.0 134.0 2.2564102564102564 
1962895.2124839479 23247.446301057676 0.21121697451484686 0.3951367781155015 2018.0 221.0 6.995076422165161 
1379149.0097238102 22115.890945513434 0.1647182604629413 0.534662146364274 1269.0 158.0 1.6676337846550613 
2257308.767743473 25521.117628234653 0.4168517652560206 0.2863280336684592 2058.0 212.0 2.8244949494949494 
3450958.772363133 17096.79750632814 0.29407294832826747 0.23053542202478372 3234.0 221.0 7.3534369114877585 
4213509.373393141 19627.254138949695 0.25944002805704935 0.26876315174187515 4038.0 192.0 2.110459433040078 
2912814.999999999 16739.292188187577 0.4108604161795651 0.2632101940612579 2803.0 135.0 3.018867924528302 
857529.9999999999 22442.789935838824 0.07373743277998597 0.6607727379003975 740.0 155.0 6.079399032340209 
599565.0 21721.26659621787 0.07905658171615619 0.7256546644844517 573.0 125.0 0.0 
1338730.0 22339.403570223654 0.3009118541033435 0.4970189385083002 1169.0 128.0 0.2111111111111111 
4072032.03269652 18351.052038712485 0.4585281739537059 0.15741173719897125 4361.0 135.0 1.0612244897959184 
4085704.1863535475 28199.077057326795 0.03530512041150339 0.0 4643.0 742.0 10.064967413439518 
4311297.880994572 22510.88710926099 0.23141220481646013 0.0 5026.0 417.0 8.102077888888296 
1388340.0 14947.498936838887 0.08358662613981763 0.5679798924479775 1320.0 141.0 6.36734693877551 
1408180.0 16120.807692012719 0.10731821370119242 0.5586859948562076 1363.0 132.0 3.2279202279202277 
2461720.0 19379.182317002123 0.4398234743979425 0.2623626373626374 2178.0 180.0 6.206886064950581 
3042954.28818233 19865.54162458352 0.3790624269347674 0.2746375964461071 3235.0 153.0 4.332434860736748 
1656360.0 16725.12647305977 0.35284662146364276 0.4495849894786065 1499.0 127.0 3.325 
2042855.5562126336 23323.80575636335 0.22305354220247836 0.34644610708440493 2200.0 277.0 8.947992100065832 
1347385.0 21433.241038272146 0.16226326864624738 0.5300151975683891 1395.0 166.0 1.0005494505494505 
2301879.5152409603 24293.916273176892 0.4583528173953706 0.2684124386252046 2154.0 206.0 2.4423076923076925 
4368622.186028276 20377.561665800484 0.2771510404489128 0.0 4311.0 395.0 9.72273624992519 
4555389.6372056175 17988.528999850492 0.2611351414542904 0.034106850596212296 4741.0 283.0 4.573090708574579 
3363170.0 15421.696162586959 0.41232172083235913 0.22889876081365443 3455.0 137.0 3.328544061302682 
2957698.5596808083 14566.203314893668 0.3576981529109189 0.2227028290858078 3218.0 218.0 7.4219513033908795 
2159785.3269840023 23699.838878770388 0.43748538695347206 0.30421440261865795 2027.0 165.0 0.6395797185270868 
3859879.506387908 20619.39983801719 0.4562777647884031 0.0790273556231003 4224.0 197.0 2.132306507508664 
1197745.0 22034.53787197468 0.2932838438157587 0.5355681552490064 1119.0 132.0 0.0 
4816588.000455845 18941.164994663035 0.3269230769230769 0.0 4463.0 324.0 7.844982490879705 
1794730.0 16878.183207140904 0.31841828384381576 0.4561024082300678 1559.0 123.0 3.236111111111111 
2886675.0 18355.04996057889 0.38262801028758475 0.3047404722936638 2795.0 133.0 3.1153846153846154 
1734187.7288713225 17403.341255843632 0.2118599485620762 0.481938274491466 1583.0 182.0 5.8125 
4232786.393272255 28809.34867779575 0.06859364040215105 0.0 4464.0 669.0 9.11442257271432 
877925.0 17360.09340986851 0.13683656768763153 0.6469195697919102 830.0 128.0 3.1794871794871793 
967869.4440122457 20814.004305937622 0.1006838905775076 0.6392038812251578 838.0 122.0 0.0 
1665128.5303542577 24396.35788987431 0.19485036240355388 0.451660042085574 1686.0 236.0 9.025554429809748 
3445375.591269959 17815.488002465412 0.22711596913724574 0.35009936871638997 3322.0 209.0 2.9206773618538326 
4349167.25033721 21725.760363416717 0.20554711246200608 0.0 4807.0 461.0 9.690464715979779 
