3652462.342759927 32124.35622757994 0.017535655833528174 0.0 3934.0 714.0 9.700250185991093 
1154290.1115503814 23140.43126294821 0.0906008884732289 0.5818622866495207 1052.0 175.0 6.410714285714286 
646645.0 20789.487004554452 0.07078559738134206 0.7161269581482348 638.0 123.0 0.0 
1167375.0 22809.13395039577 0.3422667757774141 0.500964461070844 1034.0 124.0 0.0 
4252894.270096304 12880.498596399342 0.2562251578209025 0.007452653729249474 4938.0 317.0 8.70435626342673 
4301190.651743664 16753.143804674146 0.4140168342296002 0.16597498246434417 4309.0 164.0 1.275874504147133 
3944543.0729798786 27307.174541473236 0.04138414776712649 0.0 4134.0 626.0 10.05551063023597 
2987914.189780699 18281.13709814368 0.2363806406359598 0.22793429974281038 3592.0 310.0 5.970469338077466 
1548085.0000000002 13541.672220977467 0.09752747252747253 0.5531330371755904 1557.0 165.0 7.381155303030303 
2859098.1160817407 16633.7374787648 0.21034019172317045 0.37435702595277065 3261.0 192.0 3.8979500891265597 
1278585.0 15883.455650629663 0.08197919102174421 0.5990472293663783 1159.0 134.0 3.1555555555555554 
2140660.0 14817.601535146445 0.3821896188917466 0.3486672901566519 2364.0 151.0 6.828571428571429 
3093848.131581532 15765.439046851725 0.41004208557400046 0.254150105213935 3717.0 175.0 3.3 
1476645.0 17697.41748900196 0.34317278466214635 0.463379705400982 1447.0 125.0 2.2857142857142856 
2009046.7498171183 22737.021995399824 0.22144610708440496 0.34516015898994623 2279.0 270.0 5.577935340802988 
4032159.4396946607 27759.71348032873 0.055091185410334344 0.0 4348.0 622.0 7.809463447022327 
3746191.388179533 24389.613053795525 0.3212239887771803 0.12801028758475566 3791.0 266.0 3.3646825396825397 
1260786.978961881 23142.515763581057 0.1465104044891279 0.5503565583352817 1145.0 187.0 2.2794253261358524 
2010260.0791928188 26605.71831577728 0.4590834697217676 0.27183189151274256 1795.0 192.0 1.629599567099567 
3498022.1310264147 18801.81728899348 0.24678512976385317 0.2824409632920271 3167.0 245.0 7.03219696969697 
4636187.040061014 15699.922904377707 0.2962649053074585 0.16506897357961187 4629.0 216.0 4.081279994515288 
2724648.0816236124 16029.430613259594 0.189209726443769 0.41691021744213236 2636.0 177.0 3.9410173160173163 
3073214.9999999995 15502.190042709795 0.3954290390460603 0.281739537058686 2809.0 134.0 3.35 
3524972.448251146 22106.36080280994 0.30637713350479306 0.20335515548281505 3419.0 221.0 4.551117511520737 
3921356.770172952 31467.15787865895 0.013853168108487258 0.0 4101.0 729.0 9.53884152955636 
1245159.9999999998 20953.681686850214 0.0840834697217676 0.5913899929857377 1141.0 144.0 7.0 
646645.0 20789.487004554452 0.07078559738134206 0.7161269581482348 638.0 123.0 0.0 
1176960.0 22482.342919918767 0.34895955108721066 0.49938625204582654 1030.0 125.0 0.0 
4694162.412580927 16606.876303677305 0.26166121112929625 0.0 5177.0 325.0 9.994318477515199 
4260300.0 16686.90975672753 0.3910451250876783 0.190671031096563 4222.0 155.0 1.275874504147133 
4007512.8550543813 25522.624953984403 0.02729717091419219 0.0 4510.0 658.0 10.480937587189619 
3505723.9974648226 13712.282388092994 0.29912906242693477 0.18231236848258126 4130.0 243.0 7.971072796934866 
1759725.0 11798.720517109212 0.12312953004442366 0.5070727145195231 1609.0 151.0 6.56361111111111 
1251435.0 16057.60520739695 0.10603226560673369 0.6070259527706336 1111.0 141.0 3.174716756112105 
2283825.678993376 13503.005789794537 0.3423544540565817 0.3453939677343933 2525.0 191.0 7.013354700854701 
2720670.9930890356 16681.897569964516 0.35930558802899226 0.259030862754267 2807.0 167.0 3.3563636363636364 
1549590.0 16356.670718908283 0.35191138648585457 0.44984802431610943 1572.0 126.0 3.3600000000000003 
1853800.7732345732 24399.36281001097 0.2053717559036708 0.4108604161795651 1692.0 253.0 8.98389560889561 
4107434.0138848955 30738.42674302462 0.13549216740706102 0.0033610007014262333 4237.0 622.0 8.341706814257366 
4040098.2560837627 25086.56107034535 0.3587795183539864 0.05950432546177227 4104.0 324.0 4.60563026836072 
1391098.4636113218 24845.708260582156 0.16305237315875615 0.5254559270516718 1237.0 212.0 2.7654596049944886 
2058340.6036465354 24784.22331755952 0.46779284545241995 0.29223170446574703 1837.0 193.0 1.8488005050505052 
3187696.5696376734 17565.73454742197 0.26774023848491935 0.30430208089782557 3039.0 237.0 9.617008797653959 
3512888.723123566 17187.292533623335 0.26709726443769 0.19964344166471826 3748.0 235.0 3.6472365512159173 
3072990.0 17311.83692264723 0.445317979892448 0.2541793313069909 2667.0 142.0 2.8168404485540037 
4052246.6372200763 26370.587801311514 0.2915595043254618 0.0 4002.0 397.0 5.469755926552767 
3925010.0433027125 32014.493575474135 0.030161328033668458 0.0 4119.0 727.0 9.965730458581405 
1105630.0 20912.30841603076 0.09507248071077859 0.601326864624737 1045.0 141.0 6.0 
646645.0 20789.487004554452 0.07078559738134206 0.7161269581482348 638.0 123.0 0.0 
1176960.0 22482.342919918767 0.34895955108721066 0.49938625204582654 1030.0 125.0 0.0 
4978683.363860223 14762.259945597736 0.37877016600420854 0.11111760579845686 4854.0 193.0 9.968253968253968 
3719920.0 16501.617576863893 0.43348141220481645 0.17234627075052608 4030.0 146.0 2.2915951972555746 
4036456.9759444115 25613.03361466198 0.06640168342296002 0.0 4619.0 660.0 10.310466846069135 
3776566.6654280466 15278.819298126193 0.3302256254383914 0.12193126022913257 4216.0 208.0 8.03748445314774 
1703700.0 11838.458276351996 0.11059153612345102 0.5206043956043956 1554.0 141.0 6.26 
1320535.0 15927.189580277816 0.11050385784428338 0.5822422258592471 1239.0 148.0 3.2608695652173916 
2142204.259688652 14175.351810628963 0.3455985503857844 0.3626958148234744 2379.0 182.0 6.080576923076922 
3402165.5781574366 16322.239717238512 0.41939443535188214 0.20247837269113864 4052.0 208.0 2.734328380474997 
1609360.0 17652.34632056034 0.33566167874678515 0.47471942950666357 1446.0 133.0 2.5277777777777777 
2224974.1574678235 22165.683192086988 0.17725625438391396 0.4067687631517419 1991.0 228.0 7.516233766233766 
4151099.9865351007 27437.36909811368 0.04503740939911153 0.0 4507.0 649.0 8.484584039017689 
3782542.8986264127 25741.137781927056 0.32373743277998596 0.04646948795884966 3960.0 365.0 6.409973360684338 
1339618.3865735605 21116.301988902007 0.14031447276128128 0.5545651157353285 1300.0 174.0 1.6944444444444444 
2032602.8699311165 24695.73554529299 0.46492868833294365 0.2947159223754968 1845.0 195.0 1.8488005050505052 
4402047.181424096 21120.025656033788 0.38557984568622866 0.047083235913023144 4218.0 272.0 9.278686868686869 
3216148.434789066 16733.838689550907 0.24257657236380642 0.34191606266074354 3347.0 158.0 2.079365079365079 
3188246.4305710224 15952.14362216385 0.3873334112695815 0.23202595277063362 3113.0 161.0 3.5585434173669466 
3913332.9105206993 31099.85400490253 0.02338087444470423 0.0 4203.0 733.0 9.433883354838146 
1224870.0 21704.801407884373 0.09729366378302548 0.5880874444704232 1104.0 165.0 6.0 
646645.0 20789.487004554452 0.07078559738134206 0.7161269581482348 638.0 123.0 0.0 
1178885.0 22418.58788318627 0.3463292027121814 0.5029810614916997 1037.0 125.0 0.0 
4156041.9505348112 15420.067075534569 0.42611643675473465 0.16404606032265606 4486.0 159.0 3.2044025157232703 
4199494.2958810385 25691.465433982667 0.06853518821603928 0.0 4500.0 637.0 9.691333196161615 
4066532.629204349 14610.004169243968 0.31724924012158057 0.0871814355856909 4868.0 292.0 8.188005067937688 
1829447.145909397 13550.640160396893 0.12651975683890576 0.5039747486555998 1649.0 206.0 7.122222222222222 
1372340.0 15938.346677944231 0.10296352583586627 0.5799625906008885 1243.0 141.0 3.2891016871865024 
2427827.3938234695 16364.20439800577 0.4115618424129062 0.31549567453822774 2336.0 197.0 6.631566951566952 
3087690.0 16817.69609457937 0.43736848258124855 0.24567453822772972 3594.0 143.0 2.1052173913043477 
1577500.0 17816.618090972184 0.30357142857142855 0.4656008884732289 1467.0 129.0 2.4333333333333336 
2183128.8734996095 20636.409032836225 0.2384264671498714 0.36424479775543606 1978.0 219.0 6.590665228524326 
3943094.154828666 25541.849640267217 0.35123918634556933 0.06534954407294832 4086.0 394.0 6.322752993887387 
1425623.5221067432 20262.023055780643 0.13224807107785833 0.5381400514379238 1384.0 166.0 1.7555555555555555 
2163399.201321599 24966.631926056438 0.4661561842412906 0.269289221416881 2035.0 207.0 2.6360028860028857 
4361589.467859064 24369.092478473034 0.2741407528641571 0.0033610007014262333 4202.0 390.0 8.414575301434908 
4209072.385245801 17021.87144396007 0.29857376665887303 0.13242342763619358 4217.0 237.0 4.147410714285714 
3115775.0 17287.800343532814 0.45689151274257656 0.22273205517886369 2916.0 146.0 2.540920716112532 
4150233.0706167794 30732.487688444417 0.022387187280804303 0.0 4329.0 745.0 9.772809674574791 
1219725.0000000002 19693.444751903196 0.08197919102174421 0.5925005845218612 1114.0 143.0 6.128205128205128 
646645.0 20789.487004554452 0.07078559738134206 0.7161269581482348 638.0 123.0 0.0 
1230830.0 22896.58583465634 0.35714285714285715 0.48956628477905073 1065.0 128.0 0.0 
4217200.0 15425.054499369613 0.45043254617722706 0.13595978489595512 4693.0 163.0 3.2154088050314464 
4019541.6480824733 26680.242780257337 0.04465747018938508 0.0 4408.0 641.0 10.354696000740438 
4310491.927202787 15736.487005694842 0.30555880289922843 0.1715571662380173 4457.0 251.0 9.532293178519595 
1794199.1306818184 13223.194475158696 0.12613981762917933 0.5032440963292028 1637.0 151.0 7.18 
1129045.0 16569.55865673584 0.09670914192190788 0.6190671031096563 991.0 135.0 3.1555555555555554 
2330919.174344545 15604.17357192933 0.35927636193593643 0.3346679915828852 2321.0 171.0 5.700313971742544 
3035450.0 16732.012578634225 0.419686696282441 0.26575286415711946 3461.0 139.0 2.148695652173913 
2009195.0000000002 17696.826110961396 0.2630640635959785 0.4703939677343933 2078.0 140.0 2.35016111707841 
2279456.5023249364 21927.003856032017 0.2070084171148001 0.406505728314239 2044.0 246.0 7.894736842105263 
1656005.9307754862 21618.40638955942 0.16232172083235913 0.4845978489595511 1435.0 189.0 2.2822966507177034 
1987061.416537355 25619.956491833997 0.4554302080897826 0.3099719429506664 1855.0 201.0 2.589918926103137 
4443537.704079235 25430.39902225286 0.24900631283610006 0.051993219546411035 4373.0 460.0 9.795627609923853 
4110656.773497037 15317.525112001807 0.30433130699088146 0.1715571662380173 4488.0 199.0 4.482348672415265 
3729129.5672122114 18583.674648399454 0.3405132101940613 0.29603109656301146 3550.0 167.0 2.220849420849421 
1079015.0 22582.987230893097 0.30944587327566053 0.5377893383212532 952.0 125.0 0.0 
2963270.0 16981.747705853617 0.3972410568155249 0.2936637830254851 3275.0 175.0 3.2589852008456655 
2930065.5789047554 21739.06703061618 0.2469020341360767 0.3551262567220014 2932.0 250.0 7.12 
1422856.2671228745 21503.396526659668 0.18625789104512508 0.5556464811783961 1254.0 163.0 1.6718346253229974 
1968555.79986562 23036.780600357954 0.47740823006780453 0.2827332242225859 1831.0 176.0 1.7634032634032635 
4142633.042961758 26767.663074030163 0.07113631049801263 0.0 4425.0 616.0 10.026868628117606 
1783507.1532411594 14905.757636273127 0.14645195230301614 0.5067220014028525 1633.0 160.0 9.0 
4123876.3884597067 14230.098100853033 0.3231529109188684 0.19648702361468318 4134.0 191.0 4.508140225787285 
