35635.0 10671.661002986304 0.1464542651593011 0.5357142857142855 39.0 77.0 0.0 
37460.0 12646.740506052143 0.14709660842723193 0.4342240493310427 43.0 71.0 0.0 
37460.0 12646.740506052143 0.1470966060004562 0.43422404216728566 43.0 71.0 0.0 
37460.0 12646.740506052143 0.1470966060004562 0.43422404216728566 43.0 71.0 0.0 
31850.0 11722.953517071166 0.10727132402653358 0.5228674117221457 28.0 74.0 0.0 
32020.0 12520.979020979019 0.11305241521068858 0.5215827338129496 30.0 74.0 0.0 
31605.0 12329.802550390785 0.11690647482014388 0.5235097636176773 29.0 74.0 0.0 
31850.0 11722.953517071166 0.1072713257962783 0.5228674203483266 28.0 74.0 0.0 
31520.0 12838.481060315555 0.13423249839434812 0.5279383429672447 28.0 74.0 0.0 
31850.0 11722.953517071166 0.10727132402653358 0.5228674117221457 28.0 74.0 0.0 
35635.0 10671.661002986304 0.1464542651589907 0.5357142857131503 39.0 77.0 0.0 
37460.0 12646.740506052143 0.147077713551702 0.4341682723185613 43.0 71.0 0.0 
37460.0 12646.740506052143 0.147077713551702 0.4341682723185613 43.0 71.0 0.0 
31850.0 11722.953517071166 0.10725754656390495 0.5228002569043031 28.0 74.0 0.0 
32020.0 12520.979020979019 0.11303789338471419 0.5215157353885678 30.0 74.0 0.0 
31850.0 11722.953517071166 0.10725754656390495 0.5228002569043031 28.0 74.0 0.0 
34365.0 10630.799212646636 0.17086330935247168 0.5247944501541624 41.0 86.0 1.2777777777777777 
37460.0 12646.740506052143 0.147077713551702 0.4341682723185613 43.0 71.0 0.0 
31850.0 11722.953517071166 0.10727132402653358 0.5228674117221457 28.0 74.0 0.0 
34365.0 10630.799212646636 0.1708413615928067 0.5247270391779062 41.0 86.0 1.2777777777777777 
35635.0 10671.661002986304 0.1464542627428123 0.535714276875024 39.0 77.0 0.0 
37460.0 12646.740506052143 0.1470966060004562 0.43422404216728566 43.0 71.0 0.0 
37460.0 12646.740506052143 0.14709660842723193 0.4342240493310427 43.0 71.0 0.0 
31850.0 11722.953517071166 0.10725754656390495 0.5228002569043031 28.0 74.0 0.0 
32020.0 12520.979020979019 0.11303789338471419 0.5215157353885678 30.0 74.0 0.0 
31850.0 11722.953517071166 0.10725754656390495 0.5228002569043031 28.0 74.0 0.0 
34365.0 10630.799212646636 0.17086330935247168 0.5247944501541624 41.0 86.0 1.2777777777777777 
37460.0 12646.740506052143 0.147077713551702 0.4341682723185613 43.0 71.0 0.0 
31850.0 11722.953517071166 0.1072713257962783 0.5228674203483266 28.0 74.0 0.0 
34365.0 10630.799212646636 0.17086330935247168 0.5247944501541624 41.0 86.0 1.2777777777777777 
34365.0 10630.799212646636 0.17086330935247168 0.5247944501541624 41.0 86.0 1.2777777777777777 
37460.0 12646.740506052143 0.147077713551702 0.4341682723185613 43.0 71.0 0.0 
31850.0 11722.953517071166 0.10725754656390495 0.5228002569043031 28.0 74.0 0.0 
34365.0 10630.799212646636 0.17086330899216032 0.5247944501541828 41.0 86.0 1.2777777777777777 
34365.0 10630.799212646636 0.170863309352518 0.5247944501541624 41.0 86.0 1.2777777777777777 
153850.00000000003 5944.290133816688 0.39375641693571906 0.06551901227967918 163.0 86.0 3.0476190476190474 
153850.00000000003 5944.290133816688 0.39375642343184786 0.0655190133606011 163.0 86.0 3.0476190476190474 
153850.00000000003 5944.290133816688 0.39375642343184786 0.0655190133606011 163.0 86.0 3.0476190476190474 
153680.00000000003 6038.840943114962 0.40783558124598585 0.06551059730250482 161.0 88.0 3.166666666666667 
153680.00000000003 6038.840943114962 0.4078879686038852 0.06551901227967918 161.0 88.0 3.166666666666667 
155190.00000000003 6157.058053484555 0.4348608646700262 0.05909558078430084 154.0 82.0 3.0625 
153850.00000000003 5944.290133816688 0.39375642343184786 0.0655190133606011 163.0 86.0 3.0476190476190474 
153850.00000000003 5944.290133816688 0.39375642343184786 0.0655190133606011 163.0 86.0 3.0476190476190474 
153680.00000000003 6038.840943114962 0.4078879686038852 0.06551901227967918 161.0 88.0 3.166666666666667 
153850.00000000003 5944.290133816688 0.39375642343184786 0.0655190133606011 163.0 86.0 3.0476190476190474 
153850.00000000003 5944.290133816688 0.39375642343184786 0.0655190133606011 163.0 86.0 3.0476190476190474 
153850.00000000003 5944.290133816688 0.39375641693571906 0.06551901227967918 163.0 86.0 3.0476190476190474 
153680.00000000003 6038.840943114962 0.4078879686038852 0.06551901227967918 161.0 88.0 3.166666666666667 
153850.00000000003 5944.290133816688 0.3937058445728966 0.06551059730250482 163.0 86.0 3.0476190476190474 
153850.00000000003 5944.290133816688 0.39375641693571906 0.06551901227967918 163.0 86.0 3.0476190476190474 
155360.0 5924.893045652203 0.37769783549462127 0.05909557970324005 183.0 104.0 3.6190476190476186 
155360.0 5924.893045652203 0.37769783549462127 0.05909557970324005 183.0 104.0 3.6190476190476186 
153850.00000000003 5944.290133816688 0.39375642343184786 0.0655190133606011 163.0 86.0 3.0476190476190474 
155360.0 5924.893045652203 0.37769783549462127 0.05909557970324005 183.0 104.0 3.6190476190476186 
155360.0 5924.893045652203 0.37764932562620424 0.05908798972382787 183.0 104.0 3.6190476190476186 
155360.0 5924.893045652203 0.37764932562620424 0.05908798972382787 183.0 104.0 3.6190476190476186 
30720.0 12407.440847620306 0.1522353545731614 0.5408530318590797 28.0 74.0 0.0 
30720.0 12407.440847620306 0.15223535206160754 0.5408530229361753 28.0 74.0 0.0 
30720.0 12407.440847620306 0.15223535457348403 0.5408530318602259 28.0 74.0 0.0 
30720.0 12407.440847620306 0.15221579961464354 0.5407835581245986 28.0 74.0 0.0 
30720.0 12407.440847620306 0.15221579961464354 0.5407835581245986 28.0 74.0 0.0 
30720.0 12407.440847620306 0.15223535206160754 0.5408530229361753 28.0 74.0 0.0 
30720.0 12407.440847620306 0.1522353545731614 0.5408530318590797 28.0 74.0 0.0 
30720.0 12407.440847620306 0.15223535206160754 0.5408530229361753 28.0 74.0 0.0 
30720.0 12407.440847620306 0.15221579961464354 0.5407835581245986 28.0 74.0 0.0 
30720.0 12407.440847620306 0.15223535206160754 0.5408530229361753 28.0 74.0 0.0 
30720.0 12407.440847620306 0.15223535206160754 0.5408530229361753 28.0 74.0 0.0 
30720.0 12407.440847620306 0.15223535457348403 0.5408530318602259 28.0 74.0 0.0 
30720.0 12407.440847620306 0.15221579961464354 0.5407835581245986 28.0 74.0 0.0 
30720.0 12407.440847620306 0.15223535206160754 0.5408530229361753 28.0 74.0 0.0 
30720.0 12407.440847620306 0.15221579961464354 0.5407835581245986 28.0 74.0 0.0 
34365.0 10630.799212646636 0.170860503967977 0.5247944503131418 41.0 86.0 1.2777777777777777 
34365.0 10630.799212646636 0.170863309352518 0.5247944501541624 41.0 86.0 1.2777777777777777 
34365.0 10630.799212646636 0.170863309352518 0.5247944501541624 41.0 86.0 1.2777777777777777 
34365.0 10630.799212646636 0.170863309352518 0.5247944501541624 41.0 86.0 1.2777777777777777 
34365.0 10630.799212646636 0.170860503967977 0.5247944503131418 41.0 86.0 1.2777777777777777 
36680.0 10281.382768752785 0.149023390700835 0.5247956878086525 45.0 93.0 2.1220930232558137 
30720.0 12407.440847620306 0.15223535457348403 0.5408530318602259 28.0 74.0 0.0 
30720.0 12407.440847620306 0.1522353545731614 0.5408530318590797 28.0 74.0 0.0 
30720.0 12407.440847620306 0.1522353545731614 0.5408530318590797 28.0 74.0 0.0 
30720.0 12407.440847620306 0.15223535457348403 0.5408530318602259 28.0 74.0 0.0 
30720.0 12407.440847620306 0.1522353545731614 0.5408530318590797 28.0 74.0 0.0 
33165.0 11358.98495419703 0.1143371017471737 0.513874614594039 34.0 94.0 2.114058355437666 
30720.0 12407.440847620306 0.15221579961464354 0.5407835581245986 28.0 74.0 0.0 
34365.0 10630.799212646636 0.17086330935247168 0.5247944501541624 41.0 86.0 1.2777777777777777 
34365.0 10630.799212646636 0.17086330935247168 0.5247944501541624 41.0 86.0 1.2777777777777777 
34365.0 10630.799212646636 0.17086330935247168 0.5247944501541624 41.0 86.0 1.2777777777777777 
34365.0 10630.799212646636 0.17086330935247168 0.5247944501541624 41.0 86.0 1.2777777777777777 
34365.0 10630.799212646636 0.17086330899216032 0.5247944501541828 41.0 86.0 1.2777777777777777 
34365.0 10630.799212646636 0.170863309352518 0.5247944501541624 41.0 86.0 1.2777777777777777 
34365.0 10630.799212646636 0.17086330899216032 0.5247944501541828 41.0 86.0 1.2777777777777777 
34365.0 10630.799212646636 0.170863309352518 0.5247944501541624 41.0 86.0 1.2777777777777777 
34365.0 10630.799212646636 0.170863309352518 0.5247944501541624 41.0 86.0 1.2777777777777777 
34365.0 10630.799212646636 0.17086330899216032 0.5247944501541828 41.0 86.0 1.2777777777777777 
34365.0 10630.799212646636 0.17086330899216032 0.5247944501541828 41.0 86.0 1.2777777777777777 
34365.0 10630.799212646636 0.17086330935247168 0.5247944501541624 41.0 86.0 1.2777777777777777 
34365.0 10630.799212646636 0.170863309352518 0.5247944501541624 41.0 86.0 1.2777777777777777 
34365.0 10630.799212646636 0.170863309352518 0.5247944501541624 41.0 86.0 1.2777777777777777 
34365.0 10630.799212646636 0.17086330899216032 0.5247944501541828 41.0 86.0 1.2777777777777777 
43860.0 8892.358512599227 0.14838129487924379 0.4554213771839725 72.0 104.0 3.1548872180451126 
43860.0 8892.358512599227 0.1483806349128258 0.45542137722636156 72.0 104.0 3.1548872180451126 
43860.0 8892.358512599227 0.14838129487924379 0.4554213771839725 72.0 104.0 3.1548872180451126 
43860.0 8892.358512599227 0.14838063488103403 0.4554213771839725 72.0 104.0 3.1548872180451126 
43860.0 8892.358512599227 0.1483806349128258 0.45542137722636156 72.0 104.0 3.1548872180451126 
51480.0 8426.646321621112 0.19974309569685292 0.380218368657675 66.0 88.0 2.4074074074074074 
31850.0 11722.953517071166 0.10725754656390495 0.5228002569043031 28.0 74.0 0.0 
31850.0 11722.953517071166 0.10727132402653358 0.5228674117221457 28.0 74.0 0.0 
31850.0 11722.953517071166 0.10725754656390495 0.5228002569043031 28.0 74.0 0.0 
31850.0 11722.953517071166 0.10727132402653358 0.5228674117221457 28.0 74.0 0.0 
31850.0 11722.953517071166 0.10727132402653358 0.5228674117221457 28.0 74.0 0.0 
34365.0 10630.799212646636 0.170863309352518 0.5247944501541624 41.0 86.0 1.2777777777777777 
31395.0 12332.858060412238 0.15542710340398203 0.5362877328195247 31.0 84.0 1.114058355437666 
