29585.0 10917.330548038419 0.09635149023617812 0.5080935251787793 38.0 66.0 0.0 
31470.0 11763.205174542933 0.05588386433698331 0.47083761562079035 33.0 63.0 0.0 
31470.0 11763.205174542933 0.055876685934489405 0.4707771355170199 33.0 63.0 0.0 
31470.0 11763.205174542933 0.055883864337101734 0.47083761562178816 33.0 63.0 0.0 
25140.0 12012.621089711685 0.06487667009250694 0.6044450154162248 23.0 69.0 0.0 
24985.0 12008.3348510028 0.09570914696813977 0.6044450154162385 25.0 68.0 0.0 
24985.0 12008.3348510028 0.09570914696813974 0.6044450154162383 25.0 68.0 0.0 
25140.0 12012.621089711685 0.0648772465204688 0.6044441804451605 23.0 69.0 0.0 
24985.0 12008.3348510028 0.09570914696793692 0.6044450154149574 25.0 68.0 0.0 
25140.0 12012.621089711685 0.0648772465204688 0.6044441804451605 23.0 69.0 0.0 
29585.0 10917.330548038419 0.09633911368015415 0.5080282594733462 38.0 66.0 0.0 
31470.0 11763.205174542933 0.05588386433698331 0.47083761562079035 33.0 63.0 0.0 
31470.0 11763.205174542933 0.05588386433698331 0.47083761562079035 33.0 63.0 0.0 
25140.0 12012.621089711685 0.06486833654463713 0.6043673731535003 23.0 69.0 0.0 
24985.0 12008.3348510028 0.09570914696793692 0.6044450154149574 25.0 68.0 0.0 
25140.0 12012.621089711685 0.06487667016654085 0.6044450153089846 23.0 69.0 0.0 
29010.0 10419.236047248098 0.09635148864658705 0.5633350369537122 33.0 70.0 1.08 
31470.0 11763.205174542933 0.055876685934489405 0.4707771355170199 33.0 63.0 0.0 
25140.0 12012.621089711685 0.06486833654463713 0.6043673731535003 23.0 69.0 0.0 
29585.0 10917.330548038419 0.09633911368015415 0.5080282594733462 38.0 66.0 0.0 
29585.0 10917.330548038419 0.09633911368015415 0.5080282594733462 38.0 66.0 0.0 
31470.0 11763.205174542933 0.05588386341502049 0.47083760785298867 33.0 63.0 0.0 
31470.0 11763.205174542933 0.05588386341502049 0.47083760785298867 33.0 63.0 0.0 
25140.0 12012.621089711685 0.06486833654463713 0.6043673731535003 23.0 69.0 0.0 
24985.0 12008.3348510028 0.09570914538894314 0.6044450054429228 25.0 68.0 0.0 
25140.0 12012.621089711685 0.06487667016654085 0.6044450153089846 23.0 69.0 0.0 
29010.0 10419.236047248098 0.09635148864658705 0.5633350369537122 33.0 70.0 1.08 
31470.0 11763.205174542933 0.055876685934489405 0.4707771355170199 33.0 63.0 0.0 
25140.0 12012.621089711685 0.06486833654463713 0.6043673731535003 23.0 69.0 0.0 
29010.0 10419.236047248098 0.09635149023617812 0.5633350462475213 33.0 70.0 1.08 
29010.0 10419.236047248098 0.09635149023617812 0.5633350462475213 33.0 70.0 1.08 
31470.0 11763.205174542933 0.055876685934489405 0.4707771355170199 33.0 63.0 0.0 
25140.0 12012.621089711685 0.06487667009250694 0.6044450154162248 23.0 69.0 0.0 
29010.0 10419.236047248098 0.09633911368015415 0.5632626846499679 33.0 70.0 1.08 
29010.0 10419.236047248098 0.0963514902363823 0.5633350462487152 33.0 70.0 1.08 
178325.0 5730.799717966332 0.34686536485097635 0.04239465570400822 173.0 99.0 3.2666666666666666 
178325.0 5730.799717966332 0.3468653591277134 0.0423946550044983 173.0 99.0 3.2666666666666666 
178325.0 5772.118495838142 0.3468208092485549 0.04238921001926782 173.0 91.0 3.3466666666666667 
161340.0 5869.347232587337 0.3423689619732785 0.09827852004110996 150.0 105.0 3.2222222222222223 
161340.0 5869.347232587337 0.3423689619732785 0.09827852004110996 150.0 105.0 3.2222222222222223 
161340.00000000003 5910.2477801191835 0.3423689619732785 0.09827852004110996 150.0 105.0 3.4444444444444446 
178325.0 5730.799717966332 0.3468208092485549 0.04238921001926782 173.0 99.0 3.2666666666666666 
178325.0 5730.799717966332 0.3468653591277134 0.0423946550044983 173.0 99.0 3.2666666666666666 
161340.0 5869.347232587337 0.3423689619732785 0.09827852004110996 150.0 105.0 3.2222222222222223 
178325.0 5730.799717966332 0.34686536485024116 0.04239465570391837 173.0 99.0 3.2666666666666666 
178325.0 5730.799717966332 0.34686536485097635 0.04239465570400822 173.0 99.0 3.2666666666666666 
178325.0 5730.799717966332 0.34686536485024116 0.04239465570391837 173.0 99.0 3.2666666666666666 
161340.0 5869.347232587337 0.3423689619732785 0.09827852004110996 150.0 105.0 3.2222222222222223 
178325.0 5730.799717966332 0.3468653591277134 0.0423946550044983 173.0 99.0 3.2666666666666666 
178325.0 5730.799717966332 0.3468653591277134 0.0423946550044983 173.0 99.0 3.2666666666666666 
178325.0 5730.799717966332 0.34686536485097624 0.04239465570400821 173.0 99.0 3.2666666666666666 
178325.0 5730.799717966332 0.34686536485097624 0.04239465570400821 173.0 99.0 3.2666666666666666 
178325.0 5730.799717966332 0.34686536485097635 0.04239465570400822 173.0 99.0 3.2666666666666666 
178325.0 5730.799717966332 0.34686536485024116 0.04239465570391837 173.0 99.0 3.2666666666666666 
178325.0 5730.799717966332 0.3468208092485549 0.04238921001926782 173.0 99.0 3.2666666666666666 
178325.0 5730.799717966332 0.3468653591277134 0.0423946550044983 173.0 99.0 3.2666666666666666 
24885.0 12070.98546614676 0.06037251123956326 0.6107899807321773 23.0 68.0 0.0 
24885.0 12070.98546614676 0.060380267214799575 0.6108684480986637 23.0 68.0 0.0 
24885.0 12070.98546614676 0.060380267214799575 0.6108684480986637 23.0 68.0 0.0 
24885.0 12070.98546614676 0.06038026721479959 0.6108684480986639 23.0 68.0 0.0 
24885.0 12070.98546614676 0.060380267214671615 0.6108684480973693 23.0 68.0 0.0 
24885.0 12070.98546614676 0.060380266218527885 0.6108684380193619 23.0 68.0 0.0 
24885.0 12070.98546614676 0.06038026721479959 0.6108684480986639 23.0 68.0 0.0 
24885.0 12070.98546614676 0.06037251123956326 0.6107899807321773 23.0 68.0 0.0 
24885.0 12070.98546614676 0.06037251123956326 0.6107899807321773 23.0 68.0 0.0 
24885.0 12070.98546614676 0.060380266218527885 0.6108684380193619 23.0 68.0 0.0 
24885.0 12070.98546614676 0.060380266218527885 0.6108684380193619 23.0 68.0 0.0 
24885.0 12070.98546614676 0.060380267214671615 0.6108684480973693 23.0 68.0 0.0 
24885.0 12070.98546614676 0.060380266218527885 0.6108684380193619 23.0 68.0 0.0 
24885.0 12070.98546614676 0.06037251123956326 0.6107899807321773 23.0 68.0 0.0 
24885.0 12070.98546614676 0.06037251123956326 0.6107899807321773 23.0 68.0 0.0 
29010.0 10419.236047248098 0.09635148864658705 0.5633350369537122 33.0 70.0 1.08 
29010.0 10419.236047248098 0.09633911368015415 0.5632626846499679 33.0 70.0 1.08 
29010.0 10419.236047248098 0.09633911368015415 0.5632626846499679 33.0 70.0 1.08 
29010.0 10419.236047248098 0.09635149023617812 0.5633350462475213 33.0 70.0 1.08 
29010.0 10419.236047248098 0.09633911368015415 0.5632626846499679 33.0 70.0 1.08 
33910.0 10336.7594226028 0.1464354527938343 0.5067437379576107 37.0 80.0 1.9 
24885.0 12070.98546614676 0.06037251123956326 0.6107899807321773 23.0 68.0 0.0 
24885.0 12070.98546614676 0.06037251123956326 0.6107899807321773 23.0 68.0 0.0 
24885.0 12070.98546614676 0.06037251123956326 0.6107899807321773 23.0 68.0 0.0 
24885.0 12070.98546614676 0.06037251123956326 0.6107899807321773 23.0 68.0 0.0 
24885.0 12070.98546614676 0.060380266218527885 0.6108684380193619 23.0 68.0 0.0 
27585.0 11113.470761852059 0.11946050096339114 0.5728965960179833 32.0 70.0 0.3176470588235294 
24885.0 12070.98546614676 0.060380266218527885 0.6108684380193619 23.0 68.0 0.0 
29010.0 10419.236047248098 0.09635148864658705 0.5633350369537122 33.0 70.0 1.08 
29010.0 10419.236047248098 0.09635148864658705 0.5633350369537122 33.0 70.0 1.08 
29010.0 10419.236047248098 0.09635149023617812 0.5633350462475213 33.0 70.0 1.08 
29010.0 10419.236047248098 0.09635148864658705 0.5633350369537122 33.0 70.0 1.08 
29010.0 10419.236047248098 0.09633911368015415 0.5632626846499679 33.0 70.0 1.08 
29010.0 10419.236047248098 0.09633911368015415 0.5632626846499679 33.0 70.0 1.08 
29010.0 10419.236047248098 0.09633911368015415 0.5632626846499679 33.0 70.0 1.08 
29010.0 10419.236047248098 0.09635149023617812 0.5633350462475213 33.0 70.0 1.08 
29010.0 10419.236047248098 0.09635148864658705 0.5633350369537122 33.0 70.0 1.08 
29010.0 10419.236047248098 0.09633911368015415 0.5632626846499679 33.0 70.0 1.08 
29010.0 10419.236047248098 0.09635148864658705 0.5633350369537122 33.0 70.0 1.08 
29010.0 10419.236047248098 0.09635148864658705 0.5633350369537122 33.0 70.0 1.08 
29010.0 10419.236047248098 0.09633911368015415 0.5632626846499679 33.0 70.0 1.08 
29010.0 10419.236047248098 0.09633911368015415 0.5632626846499679 33.0 70.0 1.08 
29010.0 10419.236047248098 0.09635148864658705 0.5633350369537122 33.0 70.0 1.08 
40075.0 9359.465357637591 0.2068345289613402 0.5029547707351844 49.0 80.0 1.2777777777777777 
40075.0 9359.465357637591 0.20680796403339757 0.5028901734104047 49.0 80.0 1.2777777777777777 
40075.0 9359.465357637591 0.20683453237366234 0.5029547790328498 49.0 80.0 1.2777777777777777 
40075.0 9359.465357637591 0.2068345289613402 0.5029547707351844 49.0 80.0 1.2777777777777777 
40075.0 9359.465357637591 0.2068345289613402 0.5029547707351844 49.0 80.0 1.2777777777777777 
46300.0 8171.068488304114 0.1579961464354528 0.4932562620423892 57.0 75.0 2.08 
24995.0 11709.489281210595 0.1233140655105973 0.6056518946692357 28.0 68.0 0.0 
24995.0 11709.489281210595 0.12332990546763142 0.6057296919582106 28.0 68.0 0.0 
24995.0 11709.489281210595 0.12332990546763142 0.6057296919582106 28.0 68.0 0.0 
24995.0 11709.489281210595 0.1233140655105973 0.6056518946692357 28.0 68.0 0.0 
24995.0 11709.489281210595 0.1233140655105973 0.6056518946692357 28.0 68.0 0.0 
29010.0 10419.236047248098 0.09635148864658705 0.5633350369537122 33.0 70.0 1.08 
24995.0 11709.489281210595 0.1233140655105973 0.6056518946692357 28.0 68.0 0.0 
