26195.0 10951.533406352686 0.12397224872527532 0.6108684380193619 35.0 68.0 0.0 
26195.0 10951.533406352686 0.12395632626846499 0.6107899807321773 35.0 68.0 0.0 
43160.0 10715.486403819614 0.29997430131970765 0.4483555938354517 50.0 68.0 0.0 
43160.0 10715.486403819614 0.29997430131970765 0.4483555938354517 50.0 68.0 0.0 
28110.0 11889.657898369474 0.16187050092626623 0.5755395588489466 25.0 68.0 0.0 
27750.0 11653.143917805688 0.15221579961464354 0.5928066795118818 26.0 68.0 0.0 
27750.0 11653.143917805688 0.15221579961464354 0.5928066795118818 26.0 68.0 0.0 
26370.0 11933.17674398488 0.14129736673089274 0.5934489402697495 24.0 68.0 0.0 
27210.0 12074.367272763982 0.15221579961464354 0.6005138086062941 25.0 68.0 0.0 
26370.0 11933.17674398488 0.14131551901306122 0.5935251798548572 24.0 68.0 0.0 
26195.0 10951.533406352686 0.12397224872527532 0.6108684380193619 35.0 68.0 0.0 
26195.0 10951.533406352686 0.12397225077081188 0.6108684480986637 35.0 68.0 0.0 
43160.0 10715.486403819614 0.2999357739242132 0.4482980089916506 50.0 68.0 0.0 
28110.0 11889.657898369474 0.16187050359677924 0.575539568344104 25.0 68.0 0.0 
26370.0 11933.17674398488 0.14129736673089274 0.5934489402697495 24.0 68.0 0.0 
26370.0 11933.17674398488 0.14129736673089274 0.5934489402697495 24.0 68.0 0.0 
28130.0 9869.998702414727 0.13874614365108537 0.5922404835476883 40.0 72.0 1.0526315789473684 
26195.0 10951.533406352686 0.12397224872527532 0.6108684380193619 35.0 68.0 0.0 
28110.0 11889.657898369474 0.16184971098265896 0.575465639049454 25.0 68.0 0.0 
30110.0 11161.984707446809 0.16249197174052665 0.5459216441875402 36.0 70.0 0.0 
26195.0 10951.533406352686 0.12397224872527532 0.6108684380193619 35.0 68.0 0.0 
26195.0 10951.533406352686 0.12397225077054917 0.6108684480973693 35.0 68.0 0.0 
43160.0 10715.486403819614 0.29997430131970765 0.4483555938354517 50.0 68.0 0.0 
28110.0 11889.657898369474 0.16187050092626623 0.5755395588489466 25.0 68.0 0.0 
27750.0 11653.143917805688 0.15221579961464354 0.5928066795118818 26.0 68.0 0.0 
26370.0 11933.17674398488 0.14129736673089274 0.5934489402697495 24.0 68.0 0.0 
28130.0 9869.998702414727 0.13872832369942195 0.5921644187540142 40.0 72.0 1.0526315789473684 
26195.0 10951.533406352686 0.12397224872527532 0.6108684380193619 35.0 68.0 0.0 
28110.0 11889.657898369474 0.16187050359712224 0.5755395683453236 25.0 68.0 0.0 
28130.0 9824.317344013481 0.1387461459400965 0.5922404933183747 40.0 78.0 1.5333333333333332 
28130.0 9869.998702414727 0.13874614365108537 0.5922404835476883 40.0 72.0 1.0526315789473684 
26195.0 10951.533406352686 0.12397224872527532 0.6108684380193619 35.0 68.0 0.0 
28110.0 11889.657898369474 0.16187050359677924 0.575539568344104 25.0 68.0 0.0 
28130.0 9824.317344013481 0.13874614365108537 0.5922404835476883 40.0 78.0 1.5333333333333332 
28130.0 9824.317344013481 0.13874614594039053 0.59224049331963 40.0 78.0 1.5333333333333332 
140970.0 5710.265241081527 0.4554213696695348 0.0 168.0 82.0 3.0625 
140970.0 5710.265241081527 0.45542137718396697 0.0 168.0 82.0 3.0625 
140970.0 5710.265241081527 0.45542137718300185 0.0 168.0 82.0 3.0625 
140970.0 5772.174982593242 0.4554213696695348 0.0 168.0 83.0 2.15625 
140970.0 5772.174982593242 0.45542137718300185 0.0 168.0 83.0 2.15625 
140970.0 5772.174982593242 0.45536287732819525 0.0 168.0 83.0 2.15625 
140970.0 5710.265241081527 0.45536287732819525 0.0 168.0 82.0 3.0 
140970.0 5710.265241081527 0.45542137718300185 0.0 168.0 82.0 3.0625 
140970.0 5772.174982593242 0.45536287732819525 0.0 168.0 83.0 2.15625 
140970.0 5710.265241081527 0.45542137718300185 0.0 168.0 82.0 3.0625 
140970.0 5710.265241081527 0.45536287732819525 0.0 168.0 82.0 3.0625 
140970.0 5710.265241081527 0.45542137718300185 0.0 168.0 82.0 3.0625 
140970.0 5772.174982593242 0.4554213696695348 0.0 168.0 83.0 2.15625 
140970.0 5710.265241081527 0.4554213696695348 0.0 168.0 82.0 3.0625 
140970.0 5710.265241081527 0.4554213696695348 0.0 168.0 82.0 3.0625 
140970.0 5676.019443716693 0.42972764687821047 0.0 169.0 84.0 3.325 
140970.0 5676.019443716693 0.42972764687821047 0.0 169.0 84.0 3.325 
140970.0 5710.265241081527 0.4554213696695348 0.0 168.0 82.0 3.0625 
140970.0 5676.019443716693 0.42972764687821047 0.0 169.0 84.0 3.325 
140970.0 5676.019443716693 0.42973094686829405 0.0 169.0 84.0 3.325 
140970.0 5676.019443716693 0.42972764687821047 0.0 169.0 84.0 3.325 
24995.0 11709.489281210595 0.12332990750256934 0.6057297019527234 28.0 68.0 0.0 
24995.0 11709.489281210595 0.1233140655105973 0.6056518946692357 28.0 68.0 0.0 
24995.0 11709.489281210595 0.12332990546763142 0.6057296919582106 28.0 68.0 0.0 
24995.0 11709.489281210595 0.1233140655105973 0.6056518946692357 28.0 68.0 0.0 
24995.0 11709.489281210595 0.12332990546763142 0.6057296919582106 28.0 68.0 0.0 
24995.0 11709.489281210595 0.12332990750230799 0.6057297019514397 28.0 68.0 0.0 
24995.0 11709.489281210595 0.12332990750256934 0.6057297019527234 28.0 68.0 0.0 
24995.0 11709.489281210595 0.12332990750230799 0.6057297019514397 28.0 68.0 0.0 
24995.0 11709.489281210595 0.12332990546763142 0.6057296919582106 28.0 68.0 0.0 
24995.0 11709.489281210595 0.12332990750256934 0.6057297019527234 28.0 68.0 0.0 
24995.0 11709.489281210595 0.12332990750230799 0.6057297019514397 28.0 68.0 0.0 
24995.0 11709.489281210595 0.1233140655105973 0.6056518946692357 28.0 68.0 0.0 
24995.0 11709.489281210595 0.12332990750230799 0.6057297019514397 28.0 68.0 0.0 
24995.0 11709.489281210595 0.12332990750230799 0.6057297019514397 28.0 68.0 0.0 
24995.0 11709.489281210595 0.12332990546763142 0.6057296919582106 28.0 68.0 0.0 
28130.0 9824.317344013481 0.1387461459403905 0.5922404933196299 40.0 78.0 1.5333333333333332 
28130.0 9824.317344013481 0.13874614594039053 0.59224049331963 40.0 78.0 1.5333333333333332 
28130.0 9824.317344013481 0.13874614594039053 0.59224049331963 40.0 78.0 1.5333333333333332 
28130.0 9824.317344013481 0.1387461459400965 0.5922404933183747 40.0 78.0 1.5333333333333332 
28130.0 9824.317344013481 0.13874614594039053 0.59224049331963 40.0 78.0 1.5333333333333332 
28130.0 9824.317344013481 0.13874614594039053 0.59224049331963 40.0 78.0 1.5333333333333332 
24995.0 11709.489281210595 0.12332990546763142 0.6057296919582106 28.0 68.0 0.0 
24995.0 11709.489281210595 0.12332990750256938 0.6057297019527235 28.0 68.0 0.0 
24995.0 11709.489281210595 0.1233140655105973 0.6056518946692357 28.0 68.0 0.0 
24995.0 11709.489281210595 0.12332990750256934 0.6057297019527234 28.0 68.0 0.0 
24995.0 11709.489281210595 0.12332990750230799 0.6057297019514397 28.0 68.0 0.0 
26195.0 10951.533406352686 0.12397225077054917 0.6108684480973693 35.0 68.0 0.0 
24995.0 11709.489281210595 0.12332990750256938 0.6057297019527235 28.0 68.0 0.0 
28130.0 9824.317344013481 0.1387461459400965 0.5922404933183747 40.0 78.0 1.5333333333333332 
28130.0 9824.317344013481 0.13874614594039053 0.59224049331963 40.0 78.0 1.5333333333333332 
28130.0 9824.317344013481 0.13874614594039053 0.59224049331963 40.0 78.0 1.5333333333333332 
28130.0 9824.317344013481 0.13874614365108537 0.5922404835476883 40.0 78.0 1.5333333333333332 
28130.0 9824.317344013481 0.13874614365108537 0.5922404835476883 40.0 78.0 1.5333333333333332 
28130.0 9824.317344013481 0.13874614365108537 0.5922404835476883 40.0 78.0 1.5333333333333332 
28130.0 9824.317344013481 0.13874614365108537 0.5922404835476883 40.0 78.0 1.5333333333333332 
28130.0 9824.317344013481 0.13874614365108537 0.5922404835476883 40.0 78.0 1.5333333333333332 
28130.0 9824.317344013481 0.13872832369942195 0.5921644187540142 40.0 78.0 1.5333333333333332 
28130.0 9824.317344013481 0.13874614365108537 0.5922404835476883 40.0 78.0 1.5333333333333332 
28130.0 9824.317344013481 0.13874614365108537 0.5922404835476883 40.0 78.0 1.5333333333333332 
28130.0 9824.317344013481 0.1387461459403905 0.5922404933196299 40.0 78.0 1.5333333333333332 
28130.0 9824.317344013481 0.1387461459403905 0.5922404933196299 40.0 78.0 1.5333333333333332 
28130.0 9824.317344013481 0.13872832369942195 0.5921644187540142 40.0 78.0 1.5333333333333332 
28130.0 9824.317344013481 0.1387461459400965 0.5922404933183747 40.0 78.0 1.5333333333333332 
40500.0 8390.53629228657 0.18371017168615927 0.49974305444696476 57.0 86.0 2.3478260869565215 
40500.0 8390.53629228657 0.18368657675016056 0.49967886962106617 57.0 86.0 2.3478260869565215 
40500.0 8390.53629228657 0.1837101747169796 0.4997430626916438 57.0 86.0 2.3478260869565215 
40500.0 8390.53629228657 0.1837101747169796 0.4997430626916438 57.0 86.0 2.3478260869565215 
40500.0 8390.53629228657 0.18371017168615927 0.49974305444696476 57.0 86.0 2.3478260869565215 
42735.0 8008.403393747631 0.1573774806135838 0.49332044686828785 62.0 90.0 2.2962962962962963 
26195.0 10951.533406352686 0.12397224872527532 0.6108684380193619 35.0 68.0 0.0 
26195.0 10951.533406352686 0.12395632626846499 0.6107899807321773 35.0 68.0 0.0 
26195.0 10951.533406352686 0.12397224872527532 0.6108684380193619 35.0 68.0 0.0 
26195.0 10951.533406352686 0.12397224872527532 0.6108684380193619 35.0 68.0 0.0 
26195.0 10951.533406352686 0.12397224872527532 0.6108684380193619 35.0 68.0 0.0 
28130.0 9824.317344013481 0.1387461459400965 0.5922404933183747 40.0 78.0 1.5333333333333332 
25625.0 11411.014286917904 0.12525759739029582 0.6089424084184343 28.0 72.0 0.3956989247311828 
