105095.0 8971.66712518972 0.22673042424244932 0.010918432883750802 114.0 98.0 0.8814102564102564 
125045.0 8172.13799833818 0.24214311502028768 0.0 165.0 118.0 1.6870855344498146 
128738.41763401055 10840.07369272236 0.24920963311926841 2.076393939786708E-200 135.0 129.0 1.8868131868131868 
86670.0 9974.41239524752 0.17664142785257775 0.012846865364823748 86.0 84.0 1.2666666666666666 
84850.35995371752 13929.416506748801 0.0918630078140421 1.6502074698623348E-6 94.0 160.0 3.024103737604882 
191140.0 5999.56413947304 0.3924654661077084 0.0 172.0 98.0 2.149059829059829 
110468.91553087468 10333.401392510663 0.14070559799830587 5.807928177971589E-9 131.0 149.0 3.035687669376694 
154633.15766898484 7968.038651569626 0.23060123329916352 6.879953351855042E-76 173.0 139.0 2.6478632478632482 
96906.64634993648 10346.055722521765 0.10088411544417036 3.1349915480645353E-6 100.0 118.0 1.5668581892490812 
133170.0487181548 12424.539017495526 0.10020554984584987 1.6164726821239522E-196 118.0 134.0 2.004467077637809 
108268.44355675587 9567.611461579127 0.10985183757922136 8.744976585570778E-6 124.0 120.0 2.0408189033189035 
106637.74645273588 11023.142494649894 0.11116028757005347 3.1349915480645353E-6 98.0 128.0 2.039848082951531 
118425.0 6625.651624830601 0.12782202003149576 0.00899165061014772 130.0 94.0 2.061684981684982 
204721.80920728127 7787.569531666972 0.27363823227132583 2.5393559615595324E-239 198.0 136.0 2.9128205128205127 
93671.00442907846 9856.454273277246 0.35135813571438135 0.0726141584162367 85.0 81.0 0.0 
131791.13049823837 8532.515656106534 0.14452723903238293 3.3696231449218317E-49 151.0 144.0 2.6902813299232733 
144151.4903709738 9889.155739032563 0.08029620852136737 4.4008230025852913E-212 131.0 126.0 2.400071473242205 
52355.0 6920.783132530118 0.10919835560139264 0.3815519013358874 66.0 79.0 1.0666666666666667 
141644.47190712506 8062.116052350309 0.27234372826167347 3.5392307996468714E-14 144.0 116.0 1.4605228758169935 
135776.42054038384 11654.921487807467 0.09956254668531721 5.652951833764022E-216 120.0 129.0 2.004467077637809 
82983.95592023368 15044.47294114813 0.12333073250037241 3.4975400636905316E-18 87.0 145.0 2.6268577948937386 
138550.0 7227.990931958874 0.4104154335816236 0.04431599229287091 171.0 89.0 0.6142728093947606 
126920.9388748396 12786.367353635611 0.09699383350462487 2.076393939786708E-200 112.0 143.0 2.2282766014473334 
137856.865797322 10902.09460107614 0.09442446043165469 4.622335390240087E-177 126.0 129.0 2.433038506209238 
114831.22337170085 12424.217108974706 0.05588386524850268 0.0 107.0 152.0 3.0277480224126565 
76685.0 9738.563487443218 0.35711628889753083 0.2800256904303147 77.0 78.0 0.14250000000000002 
146160.09212844152 8503.679197375137 0.16831951514229393 2.623251618321646E-45 148.0 151.0 2.555294117647059 
125835.0 6134.962495665301 0.38025558083673444 0.026332691072575465 137.0 84.0 1.44 
148185.0 6338.891463718435 0.3802625117082222 0.0224791265253693 143.0 82.0 1.2255026455026456 
123014.55936894273 10464.812187965365 0.08415043293959969 0.0 134.0 161.0 3.025316257023574 
99422.36472440319 8499.150464457307 0.10599150808206037 1.3944486298474233E-5 118.0 116.0 2.5865357643758764 
200165.0 7873.200422198691 0.28969681397738956 3.24609588647736E-64 190.0 121.0 2.0756410256410254 
80560.0 8324.8622116092 0.3025191785090618 0.276814386641028 76.0 73.0 0.25555555555555554 
109788.07615727108 12338.194289813606 0.09442594519445666 4.4008230025852913E-212 108.0 146.0 2.6534370635782705 
173390.0 7941.089790033997 0.3436536485097636 0.0 166.0 133.0 2.862857142857143 
127560.0 7386.056936277861 0.3853916832591162 0.05587726343292294 144.0 78.0 0.0 
74480.0 7873.859668211954 0.3462226908841176 0.22995790156963514 113.0 100.0 2.1676767676767676 
115518.64834371449 9990.289857894173 0.15415215309172975 0.0 122.0 132.0 1.8851506456241034 
119314.21146763532 9230.032699213969 0.19592451712778036 2.7552911775250896E-10 135.0 133.0 2.4913815641199006 
129935.0 7209.183673469387 0.4238994436161342 0.0353243416827613 146.0 75.0 0.0 
102040.0 8754.8256207163 0.2196655559059047 0.01605651894669236 117.0 98.0 1.1282993966817498 
114170.0 5991.115323025166 0.15608858907920445 0.053311438380312305 139.0 88.0 1.5120663650075414 
104392.00516707993 11106.13576124537 0.12140073355155491 4.260632281391486E-9 112.0 132.0 1.8431558786741713 
116230.0 7544.868021265567 0.36289581122913805 0.13488870363851427 128.0 75.0 0.0 
66105.0 7615.19115324736 0.32437683214287366 0.2928709055876686 77.0 81.0 1.0888888888888888 
87948.33336896653 14257.64241078306 0.07451182041969835 2.119727000465427E-10 85.0 145.0 2.707894736842105 
98816.0810031466 11737.999632517824 0.08672805763289859 2.483654491247766E-5 101.0 148.0 2.4150685180431983 
91142.77774757425 14894.526438210287 0.06874145465166397 6.28892382374357E-22 91.0 151.0 2.2659255089595645 
125647.02152686 10818.102396659364 0.09635272746805973 4.4008230025852913E-212 120.0 140.0 2.7660814794961133 
151410.0 8186.646666591249 0.373197643371717 0.0 158.0 119.0 2.3285714285714283 
68375.0 10551.287571463057 0.18820525737599428 0.20490601830470695 66.0 97.0 0.6378430218089336 
76400.0 6711.402091689833 0.3436485328558818 0.22226371960966057 128.0 108.0 2.2888888888888888 
112460.76261141448 12844.900631015542 0.07451181911613568 0.0 108.0 157.0 2.5529377604700416 
168920.0 5742.948045257447 0.382838732866244 0.024405909201682407 164.0 73.0 1.0454545454545454 
101895.19055548878 12399.284695102386 0.09827852004123386 4.846646272427325E-13 98.0 134.0 1.6979261340163596 
49255.0 8512.938042964939 0.2119734435198549 0.2941554319569555 60.0 67.0 0.3571428571428571 
170965.0 7872.439220735306 0.28969681397738956 4.854997451002777E-142 173.0 112.0 2.2941414141414143 
89839.89784674352 9240.36410621514 0.21325780207033734 3.778489855389984E-5 108.0 95.0 0.8633461047254151 
91555.0 11188.904231013425 0.15736345818463093 2.119727000465427E-10 85.0 103.0 2.533528265107212 
89391.85480483324 12210.053028525641 0.05716855160483005 2.967236652719327E-10 92.0 138.0 2.360042262519043 
148360.82811449762 10173.936120340168 0.08029290853031859 3.4260407075126495E-208 133.0 133.0 2.613404806575538 
96322.47368163592 13746.204530684721 0.07194244604316546 1.210731516148452E-45 100.0 171.0 2.5244452515257647 
118660.03201580004 12217.83076898494 0.07258478931140801 0.0 112.0 154.0 2.8517151092473902 
178270.0 5945.069351030106 0.3995353637091142 3.135097520802132E-6 170.0 81.0 1.6211124401913874 
105075.0 6416.846724435112 0.16251012415019053 0.07835663756360724 122.0 90.0 1.5536842105263158 
135660.0 6615.864792582521 0.3397900181842998 0.020552344251766216 146.0 87.0 1.2735483870967743 
84490.0 8999.377208403428 0.14131551901355 0.21582733812903895 90.0 81.0 0.18461538461538463 
156560.0 5704.362754444083 0.3731976403090654 0.006427475341083316 166.0 81.0 1.317948717948718 
166249.11396127442 8150.148791182336 0.2897006915939915 2.2906822835228772E-130 170.0 129.0 2.5252680652680652 
69755.0 8337.21015826279 0.17599908598331285 0.3282063861708134 72.0 73.0 0.0 
185080.0 8017.4049825254015 0.3436536485097636 0.0 168.0 132.0 3.0914285714285716 
120510.0 7385.985136581797 0.18691636357338984 0.12268574923902809 125.0 79.0 0.0 
196254.46341463414 6389.493565930673 0.3070376069086927 2.801422986863535E-169 193.0 124.0 2.535042735042735 
82755.0 6276.978657206076 0.20682479702963083 0.21969839391161697 135.0 121.0 2.672222222222222 
165785.0 5816.262945044027 0.3680626108391469 0.016698779704560053 164.0 88.0 1.6293681917211331 
162095.0 6295.218385264272 0.3584111241147462 6.879953351855042E-76 176.0 107.0 2.6533333333333333 
91630.0 6261.1976827498 0.2601364002821717 0.2113042880678143 110.0 93.0 1.2222222222222223 
171795.0 5752.597970757594 0.33077922402262444 0.05202312138728325 154.0 79.0 1.0444444444444445 
59850.0 7279.6523700059515 0.1682939362796281 0.33016443987644956 71.0 87.0 1.2222222222222223 
55305.0 9323.256400721837 0.3500549683586533 0.32629330154170116 63.0 75.0 0.0 
218300.0 5616.804034761273 0.36742538275829645 2.0422013848634013E-41 191.0 99.0 1.818452012383901 
112000.0 6797.368292874326 0.238291860042952 0.016698779704560053 115.0 76.0 1.08 
46300.0 7993.559000212788 0.1580302237077423 0.4932562620423892 55.0 71.0 0.0 
145000.0 5843.018317980654 0.14902438111173602 0.006423432682411874 164.0 97.0 1.600090579710145 
107855.0 6033.947644090051 0.15673167483483436 0.07194005285019556 127.0 83.0 1.2586894586894588 
122615.0 5701.731703950026 0.149665981606635 0.029547790731306735 150.0 90.0 1.6817967571644041 
95870.0 7042.826081855961 0.14389041883997872 0.1085578258336219 107.0 87.0 1.1142857142857143 
81230.0 11877.083446721836 0.15351583231774987 0.012846865152878277 83.0 101.0 1.3964912280701753 
176827.74925040232 8149.346538936377 0.30382448789110744 2.076393939786708E-200 177.0 128.0 2.7870967741935484 
132360.0 5840.416024730712 0.17214246688850324 0.006423432576439164 148.0 81.0 1.0512820512820513 
88590.0 7323.2795504397145 0.23189400402935648 0.13424998834705087 98.0 81.0 0.2625 
150865.0 5077.755860447564 0.34362980607443216 0.03789553033361483 163.0 79.0 0.11794871794871795 
175110.0 5647.556764575717 0.3185822960388006 0.03789338471419396 164.0 88.0 0.5128205128205128 
73560.0 10463.305188776794 0.17792867211547125 0.19335250214363858 72.0 105.0 1.1485650363672653 
72035.0 6873.547549030754 0.3256370131302544 0.262684649967887 86.0 87.0 1.2702702702702702 
61005.0 10751.584017771638 0.17471241894358788 0.24922918822645446 59.0 87.0 0.44221967963386727 
98400.0 6217.304191152579 0.25435448513906916 0.10405003864395927 119.0 81.0 1.0512820512820513 
104632.27947271663 13574.559200829819 0.06873072970195271 0.0 101.0 159.0 2.526747284279565 
58130.0 10584.717110693617 0.3230865364588978 0.3012232704026524 61.0 73.0 0.0 
56830.0 6828.067993572815 0.1310448756760729 0.35199660193798615 75.0 93.0 2.1055555555555556 
203300.0 5968.626735213213 0.30318346511735766 2.405982194853919E-95 197.0 119.0 2.6535612535612536 
63917.69952778171 11956.43531349137 0.1567275494221787 0.2286742034943474 58.0 94.0 0.650103519668737 
141635.0 5665.577464153665 0.1965555542383572 0.06807964271866851 158.0 85.0 1.0444444444444445 
186960.0 5669.831955471194 0.3789810439135656 9.635503579360795E-30 177.0 91.0 1.6219607843137256 
85615.0 6129.879883180148 0.19976958142120851 0.21004831120975298 130.0 114.0 2.4731800766283523 
159070.0 4581.961735633376 0.42587358684471177 6.9774869616746E-17 185.0 97.0 2.2222222222222223 
52065.0 9221.289110945749 0.23509111676549993 0.3583815028901734 56.0 70.0 0.0 
63395.0 6561.473897008069 0.18438189189103243 0.2935131663455363 84.0 86.0 1.5999999999999999 
211595.0 5915.738709059471 0.28969681397738956 2.527085647622625E-60 200.0 116.0 2.4923076923076923 
41260.0 7953.282933175084 0.15737517335429757 0.4932562620423892 57.0 71.0 0.20394736842105263 
78545.415306808 13180.230162274296 0.12075459368270768 0.01284521515738111 83.0 120.0 1.0510366826156299 
43940.0 9542.272968000394 0.11562418108452963 0.5016700924974304 47.0 80.0 0.1346153846153846 
