86797.95129585595 14120.444764705288 0.08736099612813646 8.054976425768773E-10 86.0 166.0 3.374951289844907 
38025.0 12006.7914578236 0.045606372045220965 0.43486639260020554 38.0 68.0 0.0 
83410.0 11372.83857178708 0.2498599813775841 0.043033038982955484 91.0 82.0 0.0 
58160.0 10802.881547952651 0.20169100062641196 0.20361233721529098 49.0 63.0 0.0 
109270.0 7638.578836238723 0.14837345638322183 0.006422607578690556 104.0 93.0 3.2666666666666666 
97200.0 10504.417474817585 0.2106766277255441 0.028259473346310588 90.0 77.0 0.0 
82150.0 10325.781509810447 0.24343233990302918 0.04560068082190894 68.0 63.0 0.0 
91289.99999999999 10801.56770316036 0.1464573180748305 0.006423432682414597 100.0 150.0 3.447491638795987 
80795.0 7800.779137506369 0.13810289532291697 0.07065577946951228 94.0 81.0 3.2654730327144117 
59975.0 9531.976749530257 0.11946965961518785 0.2999825573060506 62.0 98.0 3.355820105820106 
78335.0 9675.786318189163 0.14259484357310429 0.24084778492109254 89.0 92.0 1.1666666666666667 
46290.0 9885.786913604214 0.07451181911624864 0.36292394655691623 49.0 81.0 1.1428571428571428 
74630.0 9525.720991333756 0.2517985611506421 0.10277492291951167 70.0 77.0 2.75 
81259.51534733441 8910.092941811228 0.19526179462363003 0.07771355257107909 80.0 67.0 0.0 
55955.0 9578.7552129384 0.2781216001841386 0.23314494894121354 56.0 66.0 1.0952380952380953 
71785.0 9918.807068945489 0.5003467953024561 0.10982659195884958 80.0 66.0 1.1176470588235294 
71380.0 13579.641344646727 0.1438850570858888 0.12654104634534857 63.0 101.0 3.1714920948616596 
84868.05171970732 14727.235593933783 0.09313977513517312 0.00835046270977075 84.0 126.0 1.8484848484848484 
81250.0 11873.741000032922 0.16315651013000101 0.04367934224049331 80.0 88.0 0.7727272727272727 
51010.0 12800.618060889361 0.13938824170930034 0.25436768672472065 51.0 89.0 0.6 
68345.0 13798.729078090035 0.28198729199739625 0.07708399709655582 63.0 89.0 0.7 
99541.44645954865 10528.2958701063 0.18563167483256562 0.029546717354529177 87.0 106.0 3.476282051282051 
101185.0 8627.134248373106 0.11690622698169838 0.03790914279695103 105.0 94.0 1.1363636363636362 
92130.0 7317.895116375032 0.16378796308868485 0.21194720571852566 84.0 89.0 1.1578947368421053 
79515.0 9133.609990973004 0.19334482874223688 0.07643851892171759 73.0 65.0 1.0769230769230769 
86921.32744275691 13121.26873818019 0.164436988563189 0.01991239378439445 76.0 101.0 1.1704968944099379 
82889.43943479586 16326.669814152016 0.06553270902303697 8.250189567410894E-7 87.0 178.0 4.36026196026196 
38025.0 12006.7914578236 0.045606372045220965 0.43486639260020554 38.0 68.0 0.0 
83410.0 11372.83857178708 0.2498599813775841 0.043033038982955484 91.0 82.0 0.0 
58160.0 10802.881547952651 0.20169100057338882 0.2036123372894719 49.0 63.0 0.0 
134130.0 5738.209345835123 0.17213430092601453 0.006422607684652403 141.0 87.0 3.3076923076923075 
143230.0 10122.632849517076 0.40209846614140055 0.037255744007386384 127.0 80.0 0.4027777777777778 
86855.0 10201.98091580618 0.23959453287664273 0.05202980422955688 70.0 66.0 0.0 
87318.43904169167 12384.46332507726 0.10727107962203498 8.054976425768773E-10 89.0 153.0 3.6104824253760426 
80525.0 7795.124910012719 0.15544393552078722 0.0725825615314503 92.0 78.0 2.955643972885352 
59975.0 9534.4520860747 0.11947560039368332 0.29997463626851134 62.0 98.0 3.355820105820106 
46290.0 9885.786913604214 0.07451181911624864 0.36292394655691623 49.0 81.0 1.1428571428571428 
74630.0 9525.720991333756 0.2517985611506421 0.10277492291951167 70.0 77.0 2.75 
78147.36031927024 9472.415589300537 0.18949175831414697 0.07386980557146615 82.0 75.0 1.2447552447552448 
55955.0 9578.967414529912 0.27811994802671186 0.23314469871843588 56.0 66.0 1.0952380952380953 
71380.0 13579.65346032124 0.14388489212873773 0.1265416238438148 63.0 101.0 3.1714920948616596 
85074.4032637646 16014.972476965979 0.09314942732269017 0.008352195565286134 75.0 128.0 1.871212121212121 
81250.0 11875.895380563697 0.16315362108002185 0.043679341520044795 80.0 88.0 0.7727272727272727 
51010.0 12800.618060889361 0.13938824138074676 0.25436793422404935 51.0 89.0 0.6 
67912.47959180054 14072.392683365344 0.2710688591136454 0.08543338694883584 61.0 88.0 0.5964912280701755 
102870.41236058841 10520.653807208415 0.14258857152339954 0.02119460500963391 88.0 116.0 4.187820512820513 
100225.0 7453.794395943598 0.14324452840996132 0.03789825282649007 112.0 89.0 1.4 
91884.27672247421 9974.413102313758 0.24152082139150632 0.03597328578089012 79.0 80.0 1.16 
85064.51879464027 16428.283645639058 0.046909870067518844 9.818416681303553E-6 87.0 177.0 4.415636446886447 
38025.0 12006.7914578236 0.045606372045220965 0.43486639260020554 38.0 68.0 0.0 
83995.0 11529.820521151834 0.24794474758913007 0.029549522548360047 97.0 94.0 0.0 
58160.0 10802.881547952651 0.20169100057338882 0.2036123372894719 49.0 63.0 0.0 
134750.0 5731.422015518381 0.17022121255547112 0.0064234325976336845 141.0 89.0 3.5846153846153848 
144087.9069233894 10015.391094631439 0.3796190958364246 0.03597122302151466 142.0 88.0 1.0166666666666666 
85800.0 10216.176499402394 0.24343844466373063 0.052025927100289346 70.0 63.0 0.0 
87530.77604240214 12641.888581312454 0.10535485754231845 6.27079914746099E-6 90.0 160.0 3.9749512898449066 
83615.0 7891.968537008728 0.14709215336544693 0.06807964124548543 85.0 76.0 2.7211538461538463 
59975.0 9534.4520860747 0.11947560039368332 0.29997463626851134 62.0 98.0 3.355820105820106 
46290.0 9885.786913604214 0.07451181911624864 0.36292394655691623 49.0 81.0 1.1428571428571428 
74630.0 9524.762054856701 0.25177207532075085 0.10281758078260761 70.0 77.0 2.75 
76490.0 9714.918908680074 0.27553737578437615 0.08349389977342696 99.0 83.0 1.2750424448217317 
53535.0 9416.290525811757 0.19719905335150736 0.23508121872106286 62.0 74.0 1.1904761904761905 
68915.0 13740.219464040349 0.1644394638320551 0.12204579853870826 62.0 101.0 3.272453633323198 
88047.18226497635 15929.992729192452 0.09570881692679963 0.005781419455710954 80.0 134.0 1.9080086580086582 
81250.0 11875.895380563697 0.16315362108002185 0.043679341520044795 80.0 88.0 0.7727272727272727 
51010.0 12800.618060889361 0.1393882416457208 0.2543679341922575 51.0 89.0 0.6 
69743.8381609497 13575.502619529016 0.2684998157747857 0.07194417915313653 64.0 91.0 0.5964912280701755 
84245.0 8445.111077527583 0.11497738252099306 0.12267180677680893 89.0 75.0 0.0 
85173.81543493319 15121.384994582831 0.08350206700751632 1.2603510976209756E-29 91.0 164.0 3.7012140627759287 
38025.0 12006.7914578236 0.045606372045220965 0.43486639260020554 38.0 68.0 0.0 
58160.0 10802.881547952651 0.20169091812663573 0.2036129147137245 49.0 63.0 0.0 
126130.0 7390.36695913217 0.17214799482907422 0.0064234325976336845 122.0 97.0 3.019230769230769 
143467.90411510973 9914.575830912492 0.33655891080347466 0.03596709750297886 146.0 91.0 1.117948717948718 
85800.0 10216.176499402394 0.24343844466373063 0.052025927100289346 70.0 63.0 0.0 
94942.04168067014 11479.9905119332 0.11240990692161745 0.003854059609455311 107.0 157.0 4.171428571428572 
83335.0 7878.656202104593 0.15737203790704493 0.06937142299583547 84.0 75.0 2.4096989966555187 
59975.0 9534.4520860747 0.11947560039368332 0.29997463626851134 62.0 98.0 3.355820105820106 
46290.0 9885.786913604214 0.07451181911624864 0.36292394655691623 49.0 81.0 1.1428571428571428 
74630.0 9325.45761319684 0.25177207532075085 0.10281758078260761 71.0 73.0 2.416666666666667 
82379.45652173914 9915.92362504207 0.18756596694913427 0.0488181713629838 85.0 84.0 0.8091397849462366 
54745.0 9790.243250223184 0.22160743754624765 0.2267285287398688 62.0 73.0 1.1428571428571428 
71340.0 13849.201273743158 0.1438848920863364 0.12654162384378212 65.0 106.0 3.4608766233766235 
88519.9990269686 14040.429367671022 0.12012784351889835 0.004505807778108039 90.0 133.0 2.190318302387268 
83096.23497275679 14078.389920333335 0.16636649372139756 0.019273433441428393 83.0 104.0 1.4274891774891774 
51010.0 12800.618060889361 0.1393882416457208 0.2543679341922575 51.0 89.0 0.6 
64890.0 13535.252701679357 0.28198869457829123 0.10919423044278698 57.0 80.0 0.2583333333333333 
84245.0 8445.111077527583 0.11497556755772574 0.12267667286502572 89.0 75.0 0.0 
87266.29756887085 14973.358783741016 0.056532479750487134 8.054976425768773E-10 88.0 181.0 4.15802821292183 
38025.0 12006.7914578236 0.045606372045220965 0.43486639260020554 38.0 68.0 0.0 
58160.0 10802.881547952651 0.20169091812663573 0.2036129147137245 49.0 63.0 0.0 
113720.0 7783.406012051732 0.14712688586648415 3.1350974690731636E-6 106.0 101.0 3.771474358974359 
188274.99999999997 5786.383064087258 0.38280631045418967 0.0244059092016824 169.0 86.0 3.2666666666666666 
85800.0 10216.176499402394 0.2434386099495837 0.052025926740074564 70.0 63.0 0.0 
96110.07588442914 11809.737361635216 0.10855824048393473 1.6510552517631133E-7 100.0 144.0 4.1928205128205125 
82953.4195910607 8251.158086400888 0.1515912784708186 0.05717028333711876 94.0 84.0 3.1821396993810787 
59315.0 9533.47195511346 0.11754906482461339 0.3025433503606045 60.0 96.0 3.1595238095238094 
46290.0 9885.786913604214 0.07451181911624864 0.36292394655691623 49.0 81.0 1.1428571428571428 
80869.47643979057 9240.43478866131 0.22610812743420947 0.05267858928462204 76.0 75.0 2.357142857142857 
82084.46140035905 9944.739342460578 0.20105269901022782 0.04946406082884664 81.0 77.0 0.0 
57460.0 9188.419158710145 0.22161568657007408 0.22674799546547442 60.0 68.0 1.443722943722944 
68855.0 13799.130567285052 0.17728509177441643 0.12204522104027472 62.0 99.0 3.146579507449072 
91113.33568863291 14158.557832878576 0.1361804029529304 6.448185476922792E-4 89.0 136.0 2.3352813852813856 
91097.5 12542.525745098086 0.17408476043434523 0.019915611180344635 98.0 116.0 2.3143631436314362 
51030.0 13046.03655820406 0.13746121193636862 0.25436768672472065 50.0 91.0 0.8714285714285714 
66922.86934933404 12577.019960472968 0.25822331404184645 0.11946974234799655 59.0 81.0 0.5964912280701755 
84245.0 8445.111077527583 0.11497556755772574 0.12267667286502572 89.0 75.0 0.0 
38025.0 12006.7914578236 0.045606372045220965 0.43486639260020554 38.0 68.0 0.0 
74630.0 9870.37120073337 0.25179855774891724 0.1027749283983022 70.0 79.0 2.75 
98221.82832982586 13301.871984617546 0.09441818964316573 5.5859523776519656E-5 105.0 162.0 3.8655814492021383 
85519.1110919057 13715.150450431644 0.1503101396260197 0.01991264128372311 83.0 131.0 2.7984189723320156 
53010.0 9561.081894702584 0.23058992788330424 0.3378318811310224 61.0 72.0 1.1333333333333333 
69140.00000000001 8649.762847401897 0.10534957704792226 0.3224157255533311 79.0 106.0 2.9975708502024294 
