0.5075412356113524 0.0 0.0 
1.651120666883438E-13 0.591742946100272 0.0 
0.0 0.0 0.5082022717847963 
0.00700936502573089 0.04768914135126532 0.45543946197208146 
6.342559476176633E-15 0.5587220984685465 0.03438225439844886 
4.581489913203317E-4 0.5060140927751217 0.0 
0.2692528011615642 0.034054156713585665 0.2129543081596729 
0.32541125536855253 0.022407019430576745 0.16530866395424237 
6.445093714291752E-15 0.567754437053582 0.016793082142232695 
0.1857906549169857 0.021155880883425376 0.30010889076923547 
0.2794334059751816 0.08589588369079602 0.14299003880893735 
0.009495327368005619 0.47174894865687167 0.02548273486247566 
0.28805846194151374 0.09463273190231222 0.12803029289334922 
0.24908907270887898 0.07813442756270889 0.1854629321880309 
0.13323686170363494 0.012076114510482837 0.3617189526277652 
0.0761688641604631 0.008705764682964683 0.4243116943074504 
0.023876714076150725 0.41591073481133417 0.07059629708451307 
0.0059030453496246565 0.4399360424262087 0.06103122880487597 
0.31009804150346104 0.08942548797374007 0.11554725630479985 
0.009655910972541116 0.013799598692677816 0.48529450324043716 
0.14222223241277054 0.36525076379753585 4.7345241221472005E-5 
0.3342878381754177 0.025652931609620327 0.157976128089721 
0.005362336588513682 0.03006977062077877 0.4757970669513616 
0.11846155244993929 0.2885517879141133 0.11868950656432452 
0.07691626694024635 0.22699970812518666 0.2201991317755387 
0.345885620501785 0.12348264266715829 0.03817844223338486 
0.3884028622234192 0.11320596281892809 0.011548288518832344 
0.257053251561075 0.0548312271468429 0.19239186627185212 
0.15714428393829533 0.29736967616204796 0.0587439763179217 
0.19649579355164687 0.051316466337218695 0.26541237939181894 
0.3968568095767982 0.036485961425996354 0.08198672162297618 
0.10153938277982313 0.26077032041110454 0.14819160535265904 
0.2074994735467327 0.06472454794804805 0.24008702981964788 
0.0742051185027354 0.21539695035652967 0.22897785012088992 
0.16805593502062405 0.23778572172239482 0.1025661968620114 
0.37283416114446416 0.13051001685589 0.007882754502063084 
0.2242142039900108 0.0038376398514379986 0.27986015432451705 
0.01218418813986194 0.15731046572579516 0.33967765934241523 
0.48013426440330914 0.02372848690931745 0.0038081793626143397 
0.1272016094661139 0.3499984518920683 0.028721990698290747 
0.09350285560135453 0.01964596110181706 0.3970791125830501 
0.46851996564543535 0.003236454338309684 0.03733434396533722 
0.06897398159944626 0.24723105090780215 0.2016230228758361 
0.15372451481839106 0.3289284469357492 0.023762497648868338 
0.14267739912719848 0.2699934793094869 0.09923044928526724 
0.298796606547795 0.03899296889253165 0.17432801683553542 
5.627887747417876E-4 0.4232464003898846 0.08429324395083805 
0.039928356830801266 0.0815856808947027 0.3892923795334866 
0.14951209220944656 0.21082437766575535 0.15495433042127277 
0.015043711342708425 0.49085070027613686 0.0 
0.036414154792583475 0.10227855710493874 0.3711074355219254 
0.4890747119093308 0.016918232936598495 0.007597725161550163 
0.45756535461830594 0.01938544352936953 0.02870698790136482 
0.007469506405542359 0.11815470057282172 0.379437077067862 
0.016434151968371915 0.40172627167198327 0.08771199869418558 
0.04506798909578578 0.11179067244791575 0.35087179342374575 
0.24059178401228515 0.07546899233938459 0.1969704519965895 
0.21010645279065268 0.004767905533305059 0.29929821816416735 
0.05784392574423241 0.23210305849794366 0.22925056220186252 
0.2216633058337411 0.0037939787976454544 0.2800189836692217 
0.013214805805886989 0.17015294512059098 0.3266988028042918 
0.062208469577521755 0.1750806238716784 0.2703385605204439 
0.09981178885797823 0.3170130167075504 0.09116133933079285 
0.35307985868479713 0.040804842465629015 0.11391643585528786 
0.04454757305080375 0.33871055574259046 0.1335433238940374 
0.028523546101592013 0.16236913170077252 0.31535443205411856 
0.4007979922764763 0.06946516314051089 0.04226887696501944 
0.006098740412359366 0.4545206011281559 0.04848594755223262 
0.047811761103459645 0.13609287558052421 0.32233746702726757 
1.6495742086745533E-13 0.5911887129936912 7.409069678385699E-4 
0.256396532606019 0.08042663648938389 0.17576202231813592 
0.06664629060806469 0.18693384021457105 0.2580876822370879 
0.082329903499445 0.16733325771919452 0.2561451301805835 
0.11011757361832356 0.3140950840184843 0.08437349154155004 
0.30192025524548255 0.09280818461184545 0.1229167956680152 
0.4984218414469694 0.01724157190906135 2.827841210151352E-4 
0.42205090551337854 0.002296225001593432 0.08425460957972163 
0.16906150419980548 0.32669236815766206 0.010246893823379458 
0.07638589229833741 0.20674034848769632 0.23286628104656365 
0.1051136648101963 0.008006291830066053 0.4059190518074009 
0.041820366367984224 0.3448937687251882 0.13430663982839275 
0.35452628484935766 0.15051614062534635 0.002954496409053177 
0.006038649498248079 0.4500422077948616 0.05089985029038302 
0.19973332509479907 0.004023930561263106 0.3095499034797048 
0.36129928540386846 0.1406059086009953 0.011555111672884465 
0.06613926415650882 0.19790820465436795 0.2462359116224412 
0.038599771364949714 0.38510686576774067 0.08427284693334375 
0.41544534227835184 0.062007806995582955 0.03883606734642284 
0.0901421243602379 0.2479167891913067 0.17446701810200627 
0.03007936136284237 0.07238212508068488 0.4083650197791114 
0.02460377817793984 0.19404506799151303 0.28944560469626146 
0.14446509920518721 0.27916257813307976 0.08669148570645824 
0.44079108436678877 0.04213087138033612 0.027273118707841264 
0.4121435843524843 0.028292397699640644 0.06964088175805729 
0.01618309937346261 0.39558939140334576 0.09430479219076755 
0.03554764950511998 0.10081539085465471 0.37502498065597106 
0.15886252355207447 0.04931014613397733 0.30724364897856654 
0.4454003269813171 0.033787467128541415 0.038977163459774485 
0.36413169757443786 0.14178394560745786 0.0018276858908001193 
0.1032141976630192 0.2797551961527094 0.12403369408447507 
