1.9035294875775473E-17 0.0 0.5258180334072655 
0.5330481142905015 0.0 0.0 
0.0 0.5418374521738762 0.0 
0.10259491432430078 0.3964283608109135 0.009488896924623732 
0.054349965067064396 0.38568904502023466 0.07644321675814995 
0.24041615989018403 0.2384592431632506 0.0412020135150079 
0.13488767895349932 0.04556373255623707 0.34409020582007327 
0.017085370645735194 0.06767623548972235 0.4273511188893135 
0.09278779614196363 0.2906748831728111 0.13196177320498859 
0.17805012394573425 0.10823385611813194 0.22621375161301976 
0.07790197930022041 0.24175752068249226 0.20565914721638912 
0.1637732015386933 0.09827672322909738 0.2577083315903915 
0.047240218011740415 0.19400240881545813 0.2826008435838461 
0.06995592195845494 0.3015781126768419 0.14732230660878098 
0.06532272847648447 0.4462288626474481 0.00580062737614487 
0.14293301528313937 0.08839809889201859 0.29111983920060536 
0.04090999262038651 0.03236894833558343 0.45449544999428265 
0.11280922134850835 0.034663682241563014 0.3731403692110907 
0.15205290026198606 0.15346383988807183 0.24234927257285013 
0.20914677471157322 0.12315534192139171 0.18631037299305928 
0.2600793374726804 0.1423756066443349 0.11602973929712855 
0.02347683966285996 0.413783653684356 0.088903067566523 
0.08616514587852572 0.4262236968137336 3.663865541600639E-4 
0.02973801541112114 0.0232933775733084 0.46663622512497954 
0.12102232236788618 0.2780223041969337 0.11993124901324458 
0.03131258256473067 0.11081708878850048 0.3714758971495302 
0.3030228598047196 0.07257135388158929 0.13826371874407445 
0.43909862238343356 0.0551250059191968 0.027907556057688566 
0.04880200450880198 0.45756670857208875 0.006701116751377711 
0.08292091592141669 0.31305158499177993 0.12470100031603255 
0.1587021846061922 0.09144654627038637 0.2673244004095046 
0.2535798995096308 0.21455067092464367 0.04555099095971112 
0.2936501987348032 0.17323935056320547 0.055919214199552876 
0.054623896796606154 0.19610994890888608 0.2679496902930948 
0.4577805328591543 0.040154146669810806 0.018010830759419165 
0.09591161813283598 0.26672701127611403 0.1566093590670177 
0.0629048812711873 0.0643932215440532 0.39590478704675464 
0.005372144479280096 0.48932639928933275 0.024553454910058174 
0.467968483277403 0.028597072388307766 0.020508951076598725 
0.02192393027190645 0.018128782991363314 0.4821642206349195 
0.3666765071472849 0.03532763084044517 0.10918075882473609 
0.12418580229218171 0.06959843717708894 0.31829325381872786 
0.5190028676795923 1.280935503971455E-4 1.2323140015181045E-5 
0.22825469175278962 0.25841141769857995 0.031516696715041745 
0.09699388520024822 0.37811477031337043 0.03858310939355684 
0.009417531194335728 0.5327979035639724 0.0 
0.08410361193904445 0.027243473644158748 0.4075545276875355 
0.0018266469783588494 0.47433695470302195 0.03728880365540822 
0.06996670949089386 0.3471958468521896 0.0978810286628859 
0.00919296087027067 0.1170752447811654 0.3923574321355926 
0.483926411041216 0.012825056488104492 0.020516629533696335 
0.3441294488842128 0.11786589414509917 0.05647469131500805 
0.06323606783220631 0.25704757251255 0.20155387982370984 
0.13899409227251208 0.16802451931072662 0.2435406228378161 
0.1976709130640103 0.060318897637096865 0.2536915931226862 
0.22219137923101384 0.13083661136499908 0.16587504515485943 
0.27802916151604634 0.22456443576172277 0.013190726764353818 
0.19328999962126897 0.22048214702746155 0.0941768270062615 
1.1424855565102933E-4 0.019313516398591787 0.5036007525670524 
0.3761137588046647 0.05010727505594565 0.09471841103783869 
0.32785171404491675 0.18343584981746808 0.001075095134038391 
0.0011425912346118123 0.0034155943035616043 0.5105616306448556 
0.44872298183922066 0.03953756128288786 0.02016594078520038 
0.037640278344545836 0.1384281971360564 0.338777089615964 
0.06460659811907475 0.26261862547917736 0.18879449008524957 
0.014799199349229047 0.46851824715209694 0.0335744657466145 
0.3513503400453104 3.164429590705239E-8 0.17451652813408364 
0.2770559311062962 0.2237783565726192 0.015007127185188504 
0.2206578977455044 0.20091750670732125 0.10194577015794873 
0.3330267853933118 0.07975703453660594 0.09981978072490806 
0.3196853117502947 0.13397147634238005 0.059256257433922155 
0.010376105871059317 0.17493291595936153 0.3275532380906329 
0.08615294866506616 0.3314984120019465 0.10340281286851581 
0.20637244398833104 0.20416082215777703 0.11233815548431349 
0.039919476561806555 0.18142963570156176 0.3019551765162892 
0.28544148962991883 0.21531098506837684 0.015004675720031734 
0.011992977616507777 0.008973165884891176 0.48988504374681857 
0.5011568486010446 0.023447169509929523 0.0 
0.30863757256371627 0.1456318308254763 0.06570391986097393 
0.4006768082008048 0.07735389307157448 0.03891898860326567 
0.3870159678547573 0.007209849920949227 0.11952884152107646 
0.1318702860896547 0.36320263569663186 0.023598987043694834 
0.0 0.5133053732132016 5.626268875680571E-4 
0.5048113856092086 0.005788413474796634 0.0012750089883155407 
0.014043076238070915 0.05562551461094837 0.4385083248845183 
0.3553102283917872 8.807316885886904E-8 0.17054815061645165 
0.4070884995325882 0.12422226999373467 0.0010835456840594575 
0.010897887405465809 0.49907369877230257 0.003177354026619924 
0.18149277514888362 0.10695229460084948 0.23216185715113485 
0.41564613212692403 0.10091612996727707 3.268089353677416E-4 
0.2564433407162305 0.24950325835255077 0.013864311457404455 
0.02383530075741085 0.1551064983373179 0.334319711093927 
4.0572108089821613E-4 0.20562973404161938 0.31107681187808983 
0.4219328285578526 0.0045749038560682674 0.08942400628481702 
0.48618558398231476 0.0 0.040098837575405964 
0.01979794179777983 0.07842090166494661 0.40646406991830025 
0.18283319318573357 0.1074625970599187 0.2293837740214643 
0.04580438645251081 0.3129045697887294 0.16060078580285334 
0.30344475283174144 0.15622491633362945 0.06291025347543767 
0.3861851283042692 0.011317926117315871 0.12171218146423157 
