5.307235289453366E-18 1.0 0.5000381094390906 0.5999119523426711 0.49999228639489524 0.4995081510084994 0.4999280882437434 
5.307235289453366E-18 0.9711023315871266 0.5000381094390906 0.5999119523426711 0.49999228639489524 0.4995081713055497 0.49992751464789226 
0.23113641014765585 0.0 0.4999898170316827 0.4995239830401444 0.5000217837729791 0.49955634685160855 0.49994609306587545 
1.0 1.0 0.49998970540379545 0.6003595734272034 0.5000048241079261 0.4996409708932082 0.4998846710733397 
1.0 0.0 0.4999904582058569 0.5009905727433013 0.5000029517360527 0.49950707110398296 0.4999544963042687 
0.00488388442781823 1.0 0.5000381094390906 0.5010749124604658 0.49999228639489524 0.4994656506123069 0.499934497508886 
0.932616011742064 1.0 0.4999983998946953 0.49869868336412954 0.5000029760985067 0.4997435331113472 0.499925157496161 
1.0 0.9727458662130355 0.49998976347316126 0.6003595734272034 0.50003020415801 0.49964254967147326 0.4999507344468943 
0.988307589479408 4.8691120157086897E-4 0.5000352536444062 0.5003903423220161 0.5000077053319207 0.4994653776992085 0.49988401093020696 
0.9987005291501074 0.0 0.4999859590121394 0.5009905727433013 0.5000029517360527 0.49950707110398296 0.5000764835969266 
5.307235289453366E-18 0.5654982790763086 0.4999421400607507 0.499658411841926 0.4999904810566252 0.49941939142363334 0.4999544726169082 
0.29934094897264163 0.2617999350788191 0.49993448801786494 0.5001240234678245 0.5000082366770918 0.4997321417575871 0.49986198837527956 
1.0 0.5652276836706169 0.4999860289438441 0.6003595734272034 0.5000048241079261 0.4996409708932082 0.4998846710733397 
0.4166444410101623 0.35705902066406436 0.5000371656574669 0.5004073459310536 0.500003105996937 0.4995078331556213 0.5000852470848708 
0.8256366116059775 0.28851203379706375 0.49994210808898965 0.5001006429916584 0.499998716066403 0.49950783335820653 0.4999242938886575 
0.8352778139493673 1.0 0.49994272102970766 0.49861768963391767 0.500008602092807 0.4995569503742082 0.49990300479017896 
0.7510565097150449 0.413114879518106 0.5000340866074645 0.500449108861565 0.5000186808695397 0.4994650698721293 0.4999276284583697 
0.9402934608547633 0.9070739200433169 0.49993513844754656 0.5001005728486381 0.4999977571090455 0.49951204393757936 0.5000872831636463 
0.7375088234828234 0.9477482855999533 0.4999949449249893 0.5004052292251241 0.49999951979689755 0.4994686933408779 0.4997203121703882 
0.7583328118660178 0.2883414326646572 0.4999900993534528 0.5001005728486381 0.5000528981256225 0.4994648700441045 0.5000806432343454 
0.9762813556686433 0.9070739200433169 0.4999897639608735 0.5001005728486381 0.4999977571090455 0.49951204393757936 0.5000806432343454 
0.8212889209707616 0.6945424415634283 0.5001618919039705 0.4997631834836167 0.49999731670652875 0.4994892545238399 0.4999607936707526 
0.9642059111385558 0.01702377942457145 0.5000354863255603 0.5003903423220161 0.5000075721966812 0.49950652900277254 0.4998745230227943 
0.2580204631627209 0.9778811535297955 0.5001764834331613 0.5001193994829223 0.4999988101853287 0.4995095185818011 0.5000806432343454 
0.9745842598189192 0.6396380656630648 0.4999918762350518 0.500114164398981 0.5000018396640161 0.4995037337481845 0.5000779509680071 
0.4903043451049566 0.09366724350131855 0.49993935416395985 0.500119833524571 0.499998716066403 0.4995078331556213 0.49989976356894383 
0.9764888197695731 0.2883414326646572 0.4999900993534528 0.5001005728486381 0.499998716066403 0.4995076795276328 0.5000806432343454 
0.09164043008538453 0.27240444572838507 0.5001739678052899 0.5001049565329191 0.5000022821529109 0.4995031789346104 0.5000903118632434 
0.9865702060391262 0.947660063529217 0.4999836625143704 0.5002030632864337 0.500022196798665 0.4994695799931779 0.4999136590939066 
0.8720401665782884 0.9880237594892172 0.5001589632553691 0.49976665522080077 0.5000027460241314 0.49950827230474854 0.5000735229429053 
0.9796006489393753 0.07882698498642293 0.5002865186690072 0.4996007037083654 0.49999452987762866 0.49946746310052265 0.50009089791387 
0.2849552204795491 0.01715877802720056 0.4999893307045065 0.4996591970843438 0.5000403187466451 0.4996500167001413 0.4999257728435991 
0.5946913694214296 0.413114879518106 0.49998942092531395 0.500449108861565 0.5000218928271897 0.4994650698721293 0.4999469398518629 
0.9944752822868297 0.09571476397990974 0.5000366780309177 0.5001208992161041 0.4999851688737447 0.4995078643537626 0.49989980686653646 
0.6683993052976775 0.8050438922845385 0.4999496545580288 0.49976730141527226 0.5000403187466451 0.4995078101757865 0.49992678032136423 
0.9928981832833257 0.9999587430252436 0.5001696710934849 0.5003960487946736 0.5002872503947209 0.49950197626603865 0.5000806436155063 
0.7003433935876918 0.974168924636144 0.49994209821715135 0.5001189840092329 0.49999956833686054 0.49955708097711465 0.499911074030703 
0.7003236601939694 0.3098846014997042 0.5000373599882518 0.5001108213432089 0.4999979954680858 0.49950784050645075 0.5000895072160099 
0.5190440680629889 0.36321350442463735 0.49999187632202485 0.5001187785910901 0.5000032198074303 0.49950784095274275 0.5000765798817944 
0.4414456888086686 0.35705902066406436 0.5000371656574669 0.5004073459310536 0.49999858799179425 0.4995078331556213 0.5000852470848708 
0.4903043451049566 0.9343143813452682 0.49999835819184163 0.5000838680946069 0.49999870502708993 0.49973312983210066 0.5000837397229965 
0.9488181420802067 0.03912179541673155 0.5001622038860809 0.49976665522080077 0.49999452987762866 0.4994880881223696 0.49995727024517234 
0.9057311482748184 0.2886680768268781 0.4999918323802616 0.5001187785910901 0.5000032198074303 0.49950784107967355 0.5000982124133674 
0.43831512707742804 0.308683886455803 0.49994209821715135 0.5000995932083283 0.49999951210963994 0.49955708097711465 0.500070515190693 
0.5290946007724724 0.2617999350788191 0.4999423309193967 0.5001240234678245 0.49999801542915 0.4997321417575871 0.49986198837527956 
0.6394313812852229 0.272219805345562 0.49994351508261975 0.5001187785910901 0.5000032049348773 0.4994185545473699 0.5000846891856541 
0.9771028702493844 0.37487227600345574 0.49999058127235224 0.5001126355784967 0.5000018396640161 0.49950828181227136 0.5000779432941627 
0.84407255080046 0.2886680768268781 0.4999918762350518 0.5001187785910901 0.5000032198074303 0.4995078410826004 0.5000781215007486 
0.7980060329670142 0.9891008749367687 0.5000263117121856 0.5001208374591608 0.5000059331204593 0.49973702157950095 0.4998843814782841 
0.8212889209707616 0.8314668671805564 0.5001776475997733 0.4996531494821374 0.49999735692795955 0.4994687302330797 0.5000806986586122 
0.9160381899908234 0.28473020998946197 0.5001469629911194 0.5001186816256512 0.5000032198074303 0.49947626245510346 0.5000898153728032 
0.9996844430151094 0.37716118957037753 0.5000367511112991 0.4991515551626854 0.5000073980003222 0.49950300267798875 0.49990623714262067 
0.013644579703443488 0.23819280083056998 0.49994988616735103 0.5001187785910901 0.5000029498653602 0.4995078409364544 0.49991675044664813 
0.7605226424226539 0.4434312326070452 0.4999888763880041 0.4995285347344149 0.5000216865015042 0.49955634685160855 0.49994609306587545 
0.43831512707742804 0.974168924636144 0.49994209821715135 0.5001189840092329 0.49999951454570346 0.49955708097711465 0.499911074030703 
0.15541378595746813 4.8691120157086897E-4 0.5000352536444062 0.5003903423220161 0.5000077053319207 0.4995017331752381 0.49988401093020696 
0.9764888197695731 0.27417817153544166 0.4999900993534528 0.49960035593172497 0.4999856977340606 0.49950767298068255 0.5000823681143317 
0.508740298061789 0.21478026475582018 0.4999918762350518 0.5001187785910901 0.5000031949666713 0.499507840949816 0.500079887079109 
0.9994047214791657 0.2197256685846083 0.4999395584099319 0.5001007762418967 0.4995154740452803 0.4994648495314163 0.49988534691657 
0.5087712632329024 0.9978889884238153 0.5001214287917977 0.5001285898155264 0.5000032969926647 0.4995078099835843 0.4999280882437434 
0.156596023095324 0.3176297692660278 0.5000394659611026 0.5002058186854745 0.5000233010315132 0.49950779058892325 0.5000893452562185 
0.7433346101342637 0.030218800764140186 0.5000372359109462 0.5003903423220161 0.49999987943652124 0.4994653776992085 0.4997206178987586 
0.8212889209707616 0.6796945631761291 0.5001605806477151 0.4997631834836167 0.49999735692795955 0.4994892545238399 0.49996040771924893 
0.6940881364153806 0.413114879518106 0.49998145673024946 0.500449108861565 0.5000186808695397 0.4994650698721293 0.4999276284583697 
0.9614864305373172 0.053798257409291395 0.49998985279902386 0.49976872387336857 0.49999733885619674 0.49951275555188374 0.49987825822436577 
0.9694415505785762 0.7919173076274577 0.5001622038860809 0.49976665522080077 0.49999491849681027 0.4994880881223696 0.49995727024517234 
0.638375416262684 0.08710269304548779 0.5001413346719255 0.5004577980776365 0.4999988520082031 0.49941443320690415 0.49996133744208465 
0.17691174168943444 0.01701542216832079 0.49999167169961795 0.5001210331874401 0.5000031949666713 0.49950736072938823 0.4999216631961516 
0.9805648734857191 0.6477437606039737 0.4999849939974872 0.4996531494821374 0.4999972988620113 0.4994687302330797 0.5000808713160185 
0.4343359481120649 0.014437606313797091 0.49994209821715135 0.5001189840092329 0.5000226202024867 0.4995571198281779 0.499911074030703 
0.9666165677682534 1.0 0.49998827752683933 0.6003513856552178 0.5000080102588875 0.4994934196997335 0.4999457466128872 
0.07210269288299964 0.12587499413667863 0.5000447586595304 0.5002337495077835 0.4999989834215498 0.49950804244612773 0.4999546624532439 
0.9944752822868297 0.36493444762072236 0.5000394319559475 0.5001016385401712 0.4999851688737447 0.4995078643537626 0.5000873074149201 
0.813368706483343 2.6999220195826623E-4 0.4999402318139897 0.49960082277564033 0.5000361672987799 0.49946867435891185 0.5000870753372693 
0.9764888197695731 0.005149818264286177 0.4999900993534528 0.5003963659916828 0.499998716066403 0.49950558281205615 0.5000874981828894 
0.22167029472361988 1.927695973687471E-4 0.500035027251143 0.5004445571672944 0.5000187781410147 0.4994650698721293 0.4999276284583697 
0.12045068029729014 0.2617999350788191 0.49999585158545146 0.5001250315713216 0.49999801542915 0.49950185727411844 0.49986198837527956 
0.5290946007724724 0.28865486368177296 0.4999423309193967 0.5001240234678245 0.49999801542915 0.49973215078942157 0.4998789631066848 
0.6385086881722504 0.9428564102241112 0.5000405639930109 0.5004603388804351 0.4999904810566252 0.49941939142363334 0.4999612256415782 
0.8196225291083795 0.8254585963910381 0.5001772233337798 0.499772175625585 0.49999735692795955 0.4994687302330797 0.5000806986586122 
0.7494068064435473 0.9990629539514804 0.4999929454314821 0.5003491945842549 0.5005377179335777 0.49950784559080386 0.5000807369506937 
0.19100179799385242 0.0 0.4999898170316827 0.4995238306618393 0.5000215930285139 0.49947044737162694 0.49992575940958167 
0.8230739699405538 0.5644461601342646 0.5001618919039705 0.49966003624220484 0.49999040678654544 0.49948760666628766 0.4999607936707526 
0.9692486032069833 0.4672807902002698 0.4999496004398325 0.49960082277564033 0.4999853244393055 0.49950783328840576 0.4999241044244466 
0.9801575850825627 0.4719614585332035 0.4999439902993337 0.49976984049649675 0.5000533210124296 0.49950790461870803 0.4999600626953639 
0.8433697437358939 0.08526407466280225 0.4999957861140247 0.5001245368169983 0.49999842595617106 0.49950798037639244 0.49987592511037215 
0.8433697437358939 0.0813261954110594 0.5001400500811056 0.5001244398515594 0.5000080809414909 0.4994763546250154 0.4998688991560206 
0.9999954615826415 0.9959775704947189 0.5001543968384455 0.4998132476110927 0.49997802909443656 0.4996395689241534 0.4998844397891524 
0.9160381899908234 0.2886680768268781 0.4999918324672347 0.5001187785910901 0.5000032198074303 0.4995078410826004 0.5000968413271547 
0.9761947528398933 0.2328958359665892 0.49994209821715135 0.5001192023118721 0.4999995760843809 0.49955708097711465 0.499911074030703 
0.5083729030000023 0.2248135272835926 0.5000414602779408 0.5001027090196503 0.5000031949666713 0.499507840949816 0.5000799151021571 
0.6888452349325205 0.12560607908818544 0.5001400500811056 0.5001244398515594 0.5000079740817157 0.4994763546250154 0.4999544035773917 
0.18664756761195772 0.32099080559026355 0.49994357710893567 0.5001179431376611 0.5000030754179072 0.499508127134142 0.4999016652570337 
0.1471876428338447 0.19781516508377828 0.5000253203123434 0.5001187785910901 0.500029691641733 0.4997270015233839 0.5000870651438457 
0.6683993052976775 0.26441677943883024 0.4999496545580288 0.4996591970843438 0.5000403187466451 0.49950784084388594 0.49992678032136423 
0.9996844430151094 0.22668222886493156 0.5000367511112991 0.499156904247764 0.5000073980003222 0.49950300267798875 0.4999061600327417 
0.035116382721815276 0.7740812666048368 0.49994988616735103 0.5001187785910901 0.49999512233803894 0.4994876567540754 0.4999577671976183 
1.0 0.9991124567605844 0.49999057679905906 0.6003595734272034 0.500004901069474 0.4996409708932082 0.5000658860191234 
0.9914202895542104 0.2197256685846083 0.49999073993542215 0.5001217285778462 0.4995240982119035 0.49950746521250056 0.49988534691657 
0.7778523703356413 7.256179168481369E-4 0.5000345974083398 0.49960082277564033 0.5000219945589547 0.49950783328840576 0.49992444805010267 
