0.999996460949573 0.0 0.4998619559537305 0.6019310052481955 0.4990142917869026 0.40016951783994986 0.49999447566849975 
0.0 0.0382394704366687 0.4997929744638673 0.5998709017233158 0.49983935750685105 0.40008738271065203 0.5000591112656859 
1.0 1.0 0.49975949801184444 0.5998305870912443 0.5010806522499639 0.4001697672087324 0.5000310999884212 
1.0 0.9999913744262938 0.4997593110846507 0.6000219303154117 0.5011017818323793 0.5011608738047247 0.5000310999884212 
0.10773078401739353 0.005514957380616581 0.49980508338793295 0.5998569937905213 0.4998311946936661 0.4000875713017212 0.5000313712164393 
0.9998955870916498 0.0 0.4997753017183446 0.5997218049633454 0.39826113764709165 0.5001495764539203 0.5000333170306586 
0.6782960138255152 0.0 0.49977653255440135 0.5997218049633454 0.4011627502275098 0.5001495764539203 0.5000335168676492 
1.0 0.9999982278235715 0.49975935936938043 0.5998573640658261 0.4998281615908516 0.4001697672087324 0.5000310999884212 
0.2794302248957547 0.0 0.5005524298896795 0.6000964301076481 0.4989869409118489 0.4000769569332898 0.5003619469844004 
0.7880118035642175 1.1445431053739944E-14 0.49992089548538987 0.6005671122993277 0.5007941388636464 0.4004232168940772 0.5000642252776448 
0.999590189324316 0.0 0.499846694553684 0.5997181122194986 0.49898469809691526 0.4004251220031252 0.5000328500610516 
0.8932212640932774 0.0 0.49976903951109813 0.599707172701665 0.4999644097437412 0.4004251220031252 0.5000166527133116 
1.0 0.9847963861546759 0.4999052360390739 0.5998573640658261 0.49982704759732666 0.5004870657215745 0.5000310999884212 
0.9987889613035378 0.006482320945292386 0.49982593160244626 0.6020435358720744 0.5004407026385513 0.49989755884520254 0.5003540658833187 
1.0 0.9998552731415534 0.4997593110846507 0.6000219303154117 0.5000017256722159 0.5011608738047247 0.5000310999884212 
1.0 0.9996085521706892 0.4997593110846507 0.5997524235307088 0.5011017818323793 0.5001111986573471 0.5000337772420119 
0.5537225902996523 0.9998128694194472 0.499762653830064 0.5998436884788702 0.49983977844509364 0.4998032428133685 0.5000384013452553 
0.8779696138940505 0.46395146974640633 0.5004413647439397 0.600099706245495 0.49982706123432336 0.4998119237777684 0.4999949301100484 
0.042608858450003395 0.021510405420593404 0.498718476273691 0.5997530341203408 0.5004683368028484 0.49981613012342463 0.5003743942459965 
0.6357836135813544 0.9999999111766626 0.4998274574617861 0.5997342784674795 0.40052177470571604 0.499900840204795 0.5000332265641533 
0.9920559397840464 0.0 0.49976903951109813 0.5997181122194986 0.49898469809691526 0.4004251220031252 0.5000166527133116 
0.5804942035338151 0.8292529825915512 0.4998058985054013 0.5998462312104853 0.49976642074177763 0.4998032428133685 0.5003519802305845 
0.42430697677204376 0.519361504786099 0.4998479976549441 0.5997722751190836 0.4995415578184198 0.49989803323547044 0.5000324470220765 
0.9997121801047733 0.016452135449341654 0.4999052360390739 0.6000717953427722 0.49981454296849054 0.5007739419236712 0.5000274931621185 
0.627109513452727 0.5209040452287438 0.49982707653297176 0.599836071062871 0.5004452471106795 0.49975055345947145 0.4999610461767531 
0.28874950682848205 2.3217850502586284E-16 0.5005524298896795 0.6000964301076481 0.4998477193729144 0.4000769569332898 0.5003571154095761 
0.3725930347674442 0.8027377371581781 0.49981046769531706 0.6005575858084643 0.4999822552864842 0.5000758060681643 0.5000559088801905 
0.2567588684168193 0.0026288501378491924 0.4997789929331928 0.6001062412534601 0.5006842233296567 0.49975112821728485 0.49996718785970035 
0.3957994694235167 0.5171216020076813 0.4998541350973864 0.599836071062871 0.500406575803629 0.5000725080676144 0.49994634717052827 
0.8936063687250397 0.9326640640703983 0.4998106011090307 0.6005575858084643 0.4999822552864842 0.5000758060681643 0.5000613358189877 
0.24620652302432233 0.9996085521706892 0.4998521022721909 0.599877347202719 0.5011017818323793 0.5001111986573471 0.5000342517628489 
0.3949022524120462 2.3217850502586284E-16 0.5005524298896795 0.5998384843876868 0.4998477193729144 0.4000769569332898 0.5003571154095761 
0.40897682009047176 0.0 0.499769017314125 0.5997704296618197 0.39826113764709165 0.5001498085885676 0.5000333170306586 
0.9999999999905055 1.5644461345760507E-15 0.49976898347662835 0.6001007118301444 0.49982508879757626 0.4000769569332898 0.5001699304953682 
0.10390008476396595 0.9997429745296637 0.49980596689167955 0.5998430118936435 0.4997993108735793 0.500151522250849 0.5000704788509335 
0.7419807366178777 0.07687329216642326 0.49978665512633397 0.5997531443572843 0.49954513822902624 0.5001138244745875 0.5000711203319212 
0.992165508548751 0.005704330526950477 0.4998927937057632 0.5997547101655785 0.4997603121452747 0.49989755884520254 0.5003556126100978 
0.6949085532858407 0.09484253965556938 0.49992183066274937 0.5998902572363114 0.49945404053047154 0.4999885553658267 0.5003686376886679 
0.6473846533265507 0.8020761588710057 0.4998301559134088 0.5998367202648386 0.4997718041021794 0.5000754670002978 0.500030926812924 
0.8125112011701758 0.3177878170467934 0.49989244821775075 0.5997547218894596 0.5004875885282999 0.49988923632535603 0.5000338614911022 
0.6079369521270795 0.15953549289129892 0.49980641086241706 0.5998428912124052 0.5004366305326768 0.4998032428133685 0.5003519786813074 
0.7958837869864278 0.9998128694194472 0.499762653830064 0.5998423784881608 0.49984345726198615 0.5011545564787541 0.5000307168054355 
0.9027518875935386 0.12949402906118118 0.4998535049514274 0.5998376544706445 0.499993024489384 0.5001477735808058 0.5003437623859494 
0.849948959454613 0.8906508937810306 0.4998533416258317 0.5998670440464297 0.49999798293747616 0.4998115783661588 0.5000582058926497 
0.6877710969357284 0.570923214353999 0.49987397609260875 0.6000113792578154 0.49974106400327745 0.49898488801875096 0.5000380566752386 
0.9999956428205412 0.129931001317397 0.4998940481501751 0.5998373331426426 0.4994919511014041 0.5001440148230394 0.5008438400307504 
0.705338405465311 0.5314140745950179 0.4998262720570559 0.5997076454464159 0.5004437939502918 0.49989755884520254 0.5008065236150946 
0.715429524426473 0.129931001317397 0.4998940481501751 0.599819876391797 0.4994913338575519 0.5001440148230394 0.5003712966093298 
0.6077649565421873 0.7199862667404638 0.4998058985054013 0.5998436701375875 0.49977079788012413 0.4998032428133685 0.5003519802305845 
0.9510496177099845 0.5494789084860694 0.4998262683109473 0.5997523304729512 0.4994518737052932 0.4999003606506715 0.5003588260596074 
0.8143273975551719 0.016330443346682655 0.49978665512633397 0.6000226511419873 0.5001473238189053 0.501163499621965 0.5003569566469998 
0.9735311698966678 0.9470428617862864 0.49979038691885036 0.5998989137529118 0.5001336560181874 0.4998893125050442 0.5003365717896546 
0.277043516855945 0.8587724122459509 0.5004906701932997 0.600023922057596 0.4998518329756253 0.5001690138758111 0.5003553340476043 
0.7494124553590127 0.09484253965556938 0.4998940481501751 0.6000114770839547 0.49945404053047154 0.4999885553658267 0.5003686376886679 
0.9697894839249073 0.5781298497461335 0.49982942872091557 0.5997523304729512 0.49945182686710515 0.49999057353257065 0.5003588260596074 
0.3989004967960349 0.9975472390918736 0.501205214017059 0.6000971227515951 0.4994543326034859 0.49980925158837297 0.5000336265649172 
0.9998955870916498 0.12747440486789857 0.4997753017183446 0.5997226939741259 0.5002936976624959 0.5001495764539203 0.5000333170306586 
0.3862929987863 0.11100567871651762 0.501205214017059 0.6000971227515951 0.5000351682751026 0.49980166774502366 0.5000341486570047 
0.8098905846346928 0.09484253965556938 0.49986896335576 0.5999031374682433 0.49945404053047154 0.4999885553658267 0.5001581232014529 
0.7986346110488094 0.8340891131222867 0.4998936307974526 0.6000066603100391 0.4999799817561533 0.5002313463984897 0.5003404927214505 
0.7238433568985451 0.00637667142313858 0.4998150178056138 0.5998892482187178 0.49955488064116027 0.5001561293514336 0.5000729561240778 
0.014751926104362711 0.9999994566560193 0.49980248478057565 0.5998680481036566 0.4994560349109048 0.5004044755433641 0.500059499229742 
0.3388919450857195 0.8269060236879855 0.4998638770310024 0.5994294966672067 0.4999905349370328 0.49964609631843854 0.5003712596462727 
0.9999175411060306 1.0 0.4998491699843014 0.5994476067902456 0.5000024249626475 0.3994615733267004 0.5000603401036439 
0.2465338816410329 0.8174111154906958 0.4998505563480754 0.5998779621781711 0.4999920019218859 0.5001416056830212 0.5000715500467872 
0.9027518875935386 0.07490093362298822 0.4998583711793663 0.6004368671620456 0.499993024489384 0.5001477735808058 0.5003478246935633 
0.6099008704476863 0.9577443306636112 0.49991917986441814 0.599897096784254 0.49929354901913 0.5001477735808058 0.5003442950932248 
0.8437703304790292 0.9925801752990513 0.4998533416258317 0.6000234717645061 0.49999798293747616 0.4998115783661588 0.5000582058926497 
0.043904779829646357 0.6922742742149478 0.4997866090794542 0.5997530341203408 0.5004683368028484 0.49981613012342463 0.5003401385808333 
0.7875486036565621 0.8091213666741726 0.49990693192869023 0.6001054169904724 0.499969289764527 0.5001450066100285 0.5003462554402281 
0.9373245134105777 0.8039475036842801 0.49975985053024846 0.5998357478246308 0.49984058819852895 0.500410293183026 0.5000503361809486 
0.9714461090626283 0.7111138665771328 0.4997976066913222 0.5998637447460902 0.49976325522029924 0.49990502403980575 0.5003519802305845 
0.33804605397048937 0.8020761588710057 0.4997934452937375 0.5998973355501341 0.49948123567129915 0.5000754670002978 0.500031268141614 
0.9078818289028484 0.7499579715432205 0.49985450137149906 0.6000201283040046 0.5000171905477098 0.4999155846253786 0.5003648240079909 
0.36830644184318806 0.932894842082305 0.4998106011090307 0.6005575858084643 0.4999822552864842 0.5000758060681643 0.5000613358189877 
0.4767746066472375 0.5132099919929014 0.4997934452937375 0.5998346974202694 0.49948123567129915 0.49975496918453716 0.500031268141614 
0.9476291623168264 0.1791731954954378 0.49982593160244626 0.5994486376873147 0.5004483687056807 0.49989755884520254 0.500349752320538 
0.9999999999912677 0.5055264915365524 0.49976898347662835 0.6001007118301444 0.4998197434684831 0.5000746512012553 0.5000417866848484 
0.36830644184318806 0.10211552009692026 0.501196817574485 0.6000971227515951 0.5000276256152778 0.4999034489714609 0.5000341486570047 
0.9834384496154995 0.8169295944186781 0.4998511377608234 0.5998779621781711 0.49998468323582457 0.5001041551221744 0.500091572593096 
0.4514041375402819 0.8301951169746935 0.4998479976549441 0.5994219480637525 0.49945831995210666 0.4999080345942017 0.5000336918514247 
0.9985285959967158 0.7199862667404638 0.4997614887762165 0.5998436701375875 0.5011080084740102 0.4998032428133685 0.5003519802305845 
0.9997674052288701 0.9999999111766626 0.4998451340731837 0.5997352424320725 0.3997489793980059 0.499900840204795 0.5000332265641533 
0.9974817114103153 2.3217850502586284E-16 0.49979184798119575 0.6000964301076481 0.49982848449730427 0.4000769569332898 0.5001647130376004 
0.8270356544098779 0.3177878170467934 0.49989244821775075 0.5997552003090345 0.49945404053047154 0.4998926258316258 0.5000338614911022 
0.9712530423838037 0.5781298497461335 0.49982492406015405 0.5997523304729512 0.4994518737052932 0.5001465134480857 0.5003588260596074 
0.6147495147051182 0.8648978782907024 0.49982897887265443 0.5997365226186225 0.5000004611282757 0.5000927835390543 0.5008519403447821 
0.9964016709765205 0.7199862667404638 0.49980600313389617 0.5998637447460902 0.49977079788012413 0.4998032428133685 0.5003519802305845 
0.8015809272430044 0.9998552731415534 0.4997664030330789 0.5999007492031431 0.5000017256722159 0.5011677518226586 0.5000310999884212 
0.9145061618631204 0.14649043624021346 0.49982593160244626 0.599754698028456 0.5004483226746423 0.49989755884520254 0.5003540658833187 
0.9236909870611615 0.14649043624021346 0.49982593160244626 0.5994486376873147 0.5004483687056807 0.49989755884520254 0.5003540658833187 
0.45837935148890757 0.8301951169746935 0.4998479976549441 0.5994219480637525 0.49945831995210666 0.5001413645277509 0.5000336918514247 
0.8329262041740252 0.5781298497461335 0.49982492406015405 0.5997523304729512 0.4994518737052932 0.49987139197154734 0.5003638322280579 
0.054122678410984504 0.0562904469397737 0.4997866090794542 0.6001198635629597 0.49980192076286467 0.49981613012342463 0.500351393107397 
0.9999138015557293 0.999999985981111 0.4998491699843014 0.5994476067902456 0.5000024249626475 0.3994615733267004 0.5000606021605618 
0.06725749681816087 0.662342592383222 0.4998058985054013 0.5997338256698632 0.5004372139201078 0.4998032428133685 0.5003407257040208 
0.28964672383995255 0.5171216020076813 0.4998541350973864 0.6000940167828323 0.500406575803629 0.5000725080676144 0.49994634717052827 
0.665739356244848 0.129931001317397 0.4998940481501751 0.599819876391797 0.4994920513299255 0.5001440148230394 0.5000267010917007 
0.49617311901792416 0.7199862667404638 0.49980600313389617 0.6004086560633495 0.49977079788012413 0.4998032428133685 0.5003519802305845 
0.19548712636292404 0.9398030304061296 0.49978757301391236 0.5998959869005447 0.5000023192189039 0.5001499689366977 0.5000327274988565 
