[4, 3, 1, 2, 5, 7][6, 9, 10, 11][6, 14, 8][12, 9, 13][0, 1][7, 14] 
[4, 3, 1, 2, 5, 7][6, 9, 10, 11][6, 14, 8][12, 9, 13][0, 1][7, 14] 
[1, 3, 5, 14, 8][9, 13, 12, 10, 11][2, 5, 7][0, 1, 4][6, 14][7, 9] 
[1, 3, 5, 14, 8][9, 13, 12, 10, 11][2, 5, 7][0, 1, 4][6, 14][7, 9] 
[4, 3, 5, 7, 14][6, 9, 10, 11][0, 1, 2][6, 14, 8][12, 9, 13][1, 3] 
[4, 3, 1, 2, 5][6, 9, 10, 11][5, 7, 14][6, 14, 8][12, 9, 13][0, 1] 
[4, 3, 1, 2, 5][6, 9, 10, 11][5, 7, 14][6, 14, 8][12, 9, 13][0, 1] 
[4, 3, 5, 7, 14][10, 12, 9, 13][6, 9, 10, 11][0, 1, 2][6, 14, 8][1, 3] 
[3, 5, 7, 14][6, 9, 10, 11][0, 1, 2][1, 3, 4][6, 14, 8][12, 9, 13] 
[4, 3, 5, 7, 14][10, 12, 9, 13][6, 9, 10, 11][0, 1, 2][6, 14, 8][1, 3] 
[4, 3, 1, 2, 5, 7][6, 9, 10, 11][0, 1, 4][6, 14, 8][12, 9, 13][7, 14] 
[4, 3, 1, 2, 5, 7][6, 9, 10, 11][6, 14, 8][12, 9, 13][0, 1][7, 14] 
[1, 3, 5, 14, 8][9, 13, 12, 10, 11][2, 5, 7][0, 1, 4][6, 14][7, 9] 
[4, 3, 5, 7, 14][6, 9, 10, 11][0, 1, 2][6, 14, 8][12, 9, 13][1, 3] 
[4, 3, 1, 2, 5][6, 9, 10, 11][5, 7, 14][6, 14, 8][12, 9, 13][0, 1] 
[4, 3, 5, 7, 14][10, 12, 9, 13][6, 9, 10, 11][0, 1, 2][6, 14, 8][1, 3] 
[4, 3, 1, 2, 5, 7][6, 9, 10, 11][0, 1, 4][6, 14, 8][12, 9, 13][7, 14] 
[4, 3, 1, 2, 5][6, 9, 10, 11][5, 7, 14][6, 14, 8][12, 9, 13][0, 1] 
[4, 3, 5, 7, 14][6, 9, 10, 11][0, 1, 2][6, 14, 8][12, 9, 13][1, 3] 
[4, 3, 1, 2, 5, 7][6, 9, 10, 11][0, 1, 4][6, 14, 8][12, 9, 13][7, 14] 
[4, 3, 1, 2, 5, 7][6, 9, 10, 11][6, 14, 8][12, 9, 13][0, 1][7, 14] 
[4, 3, 1, 2, 5, 7][6, 9, 10, 11][6, 14, 8][12, 9, 13][0, 1][7, 14] 
[1, 3, 5, 14, 8][9, 13, 12, 10, 11][2, 5, 7][0, 1, 4][6, 14][7, 9] 
[4, 3, 5, 7, 14][6, 9, 10, 11][0, 1, 2][6, 14, 8][12, 9, 13][1, 3] 
[4, 3, 1, 2, 5][6, 9, 10, 11][5, 7, 14][6, 14, 8][12, 9, 13][0, 1] 
[4, 3, 5, 7, 14][10, 12, 9, 13][6, 9, 10, 11][0, 1, 2][6, 14, 8][1, 3] 
[4, 3, 1, 2, 5, 7][6, 9, 10, 11][0, 1, 4][6, 14, 8][12, 9, 13][7, 14] 
[4, 3, 1, 2, 5, 7][6, 9, 10, 11][6, 14, 8][12, 9, 13][0, 1][7, 14] 
[4, 3, 5, 7, 14][6, 9, 10, 11][0, 1, 2][6, 14, 8][12, 9, 13][1, 3] 
[4, 3, 1, 2, 5, 7][6, 9, 10, 11][6, 14, 8][12, 9, 13][0, 1][7, 14] 
[4, 3, 1, 2, 5, 7][6, 9, 10, 11][0, 1, 4][6, 14, 8][12, 9, 13][7, 14] 
[4, 3, 1, 2, 5, 7][6, 9, 10, 11][6, 14, 8][12, 9, 13][0, 1][7, 14] 
[4, 3, 5, 7, 14][6, 9, 10, 11][0, 1, 2][6, 14, 8][12, 9, 13][1, 3] 
[4, 3, 1, 2, 5, 7][6, 9, 10, 11][0, 1, 4][6, 14, 8][12, 9, 13][7, 14] 
[4, 3, 1, 2, 5, 7][6, 9, 10, 11][0, 1, 4][6, 14, 8][12, 9, 13][7, 14] 
[0, 1, 3, 11, 10, 12, 13][4, 1, 2, 5, 7, 9][8, 14, 6, 9][10, 12][12, 13][1, 4] 
[0, 1, 3, 11, 10, 12, 13][4, 1, 2, 5, 7, 9][8, 14, 6, 9][10, 12][12, 13][1, 4] 
[0, 1, 3, 11, 10, 12, 13][4, 1, 2, 5, 7, 9][8, 14, 6, 9][10, 12][12, 13][1, 4] 
[0, 1, 3, 11, 10, 12, 13][4, 1, 2, 5, 7, 9][8, 14, 6, 9][10, 12, 13][12, 13][1, 4] 
[0, 1, 3, 11, 10, 12, 13][4, 1, 2, 5, 7, 9][8, 14, 6, 9][10, 12][12, 13][1, 4] 
[0, 1, 3, 11, 10, 12, 13][4, 1, 2, 5, 7, 9][8, 14, 6, 9][10, 12, 13][12, 13][1, 4] 
[0, 1, 3, 11, 10, 12, 13][4, 1, 2, 5, 7, 9][8, 14, 6, 9][10, 12][12, 13][1, 4] 
[0, 1, 3, 11, 10, 12, 13][4, 1, 2, 5, 7, 9][8, 14, 6, 9][10, 12][12, 13][1, 4] 
[0, 1, 3, 11, 10, 12, 13][4, 1, 2, 5, 7, 9][8, 14, 6, 9][10, 12, 13][12, 13][1, 4] 
[0, 1, 3, 11, 10, 12, 13][4, 1, 2, 5, 7, 9][8, 14, 6, 9][10, 12][12, 13][1, 4] 
[0, 1, 3, 11, 10, 12, 13][4, 1, 2, 5, 7, 9][8, 14, 6, 9][10, 12][12, 13][1, 4] 
[0, 1, 3, 11, 10, 12, 13][4, 1, 2, 5, 7, 9][8, 14, 6, 9][10, 12][12, 13][1, 4] 
[0, 1, 3, 11, 10, 12, 13][4, 1, 2, 5, 7, 9][8, 14, 6, 9][10, 12][12, 13][1, 4] 
[0, 1, 3, 11, 10, 12, 13][4, 1, 2, 5, 7, 9][8, 14, 6, 9][10, 12][12, 13][1, 4] 
[0, 1, 3, 11, 10, 12, 13][4, 1, 2, 5, 7, 9][8, 14, 6, 9][10, 12][12, 13][1, 4] 
[0, 1, 3, 11, 10, 12, 13][4, 1, 2, 5, 7, 9][8, 14, 6, 9][10, 12][12, 13][1, 4] 
[0, 1, 3, 11, 10, 12, 13][4, 1, 2, 5, 7, 9][8, 14, 6, 9][10, 12][12, 13][1, 4] 
[0, 1, 3, 11, 10, 12, 13][4, 1, 2, 5, 7, 9][8, 14, 6, 9][10, 12][12, 13][1, 4] 
[0, 1, 3, 11, 10, 12, 13][4, 1, 2, 5, 7, 9][8, 14, 6, 9][10, 12][12, 13][1, 4] 
[0, 1, 3, 11, 10, 12, 13][4, 1, 2, 5, 7, 9][8, 14, 6, 9][10, 12][12, 13][1, 4] 
[0, 1, 3, 11, 10, 12, 13][4, 1, 2, 5, 7, 9][8, 14, 6, 9][10, 12][12, 13][1, 4] 
[4, 3, 5, 7, 14][11, 10, 12, 9, 13][6, 9, 10, 11][0, 1, 2][6, 14, 8][1, 3] 
[4, 3, 5, 7, 14][11, 10, 12, 9, 13][6, 9, 10, 11][0, 1, 2][6, 14, 8][1, 3] 
[4, 3, 5, 7, 14][11, 10, 12, 9, 13][6, 9, 10, 11][0, 1, 2][6, 14, 8][1, 3] 
[4, 3, 5, 7, 14][11, 10, 12, 9, 13][6, 9, 10, 11][0, 1, 2][6, 14, 8][1, 3] 
[4, 3, 5, 7, 14][11, 10, 12, 9, 13][6, 9, 10, 11][0, 1, 2][6, 14, 8][1, 3] 
[4, 3, 5, 7, 14][11, 10, 12, 9, 13][6, 9, 10, 11][0, 1, 2][6, 14, 8][1, 3] 
[4, 3, 5, 7, 14][11, 10, 12, 9, 13][6, 9, 10, 11][0, 1, 2][6, 14, 8][1, 3] 
[4, 3, 5, 7, 14][11, 10, 12, 9, 13][6, 9, 10, 11][0, 1, 2][6, 14, 8][1, 3] 
[4, 3, 5, 7, 14][11, 10, 12, 9, 13][6, 9, 10, 11][0, 1, 2][6, 14, 8][1, 3] 
[4, 3, 5, 7, 14][11, 10, 12, 9, 13][6, 9, 10, 11][0, 1, 2][6, 14, 8][1, 3] 
[4, 3, 5, 7, 14][11, 10, 12, 9, 13][6, 9, 10, 11][0, 1, 2][6, 14, 8][1, 3] 
[4, 3, 5, 7, 14][11, 10, 12, 9, 13][6, 9, 10, 11][0, 1, 2][6, 14, 8][1, 3] 
[4, 3, 5, 7, 14][11, 10, 12, 9, 13][6, 9, 10, 11][0, 1, 2][6, 14, 8][1, 3] 
[4, 3, 5, 7, 14][11, 10, 12, 9, 13][6, 9, 10, 11][0, 1, 2][6, 14, 8][1, 3] 
[4, 3, 5, 7, 14][11, 10, 12, 9, 13][6, 9, 10, 11][0, 1, 2][6, 14, 8][1, 3] 
[4, 3, 1, 2, 5, 7][6, 9, 10, 11][6, 14, 8][12, 9, 13][0, 1][7, 14] 
[4, 3, 1, 2, 5, 7][6, 9, 10, 11][0, 1, 2][6, 14, 8][12, 9, 13][7, 14] 
[4, 3, 1, 2, 5][6, 9, 10, 11][0, 1, 4][5, 7, 14][6, 14, 8][12, 9, 13] 
[4, 3, 1, 2, 5, 7][6, 9, 10, 11][0, 1, 4][6, 14, 8][12, 9, 13][7, 14] 
[4, 3, 1, 2, 5, 7][6, 9, 10, 11][0, 1, 4][6, 14, 8][12, 9, 13][7, 14] 
[4, 3, 1, 2, 5, 7, 14][11, 10, 12, 9, 13][6, 9, 10, 11][0, 1, 2][6, 14, 8][7, 14] 
[4, 3, 5, 7, 14][11, 10, 12, 9, 13][6, 9, 10, 11][0, 1, 2][6, 14, 8][1, 3] 
[4, 3, 5, 7, 14][11, 10, 12, 9, 13][6, 9, 10, 11][0, 1, 2][6, 14, 8][1, 3] 
[4, 3, 5, 7, 14][11, 10, 12, 9, 13][6, 9, 10, 11][0, 1, 2][6, 14, 8][1, 3] 
[4, 3, 5, 7, 14][11, 10, 12, 9, 13][6, 9, 10, 11][0, 1, 2][6, 14, 8][1, 3] 
[4, 3, 5, 7, 14][11, 10, 12, 9, 13][6, 9, 10, 11][0, 1, 2][6, 14, 8][1, 3] 
[4, 3, 5, 7, 14][6, 9, 10, 11][0, 1, 2][6, 14, 8][12, 9, 13][1, 3] 
[4, 3, 5, 7, 14][11, 10, 12, 9, 13][6, 9, 10, 11][0, 1, 2][6, 14, 8][1, 3] 
[4, 3, 1, 2, 5][6, 9, 10, 11][0, 1, 3][5, 7, 14][6, 14, 8][12, 9, 13] 
[4, 3, 1, 2, 5][6, 9, 10, 11][0, 1, 3][5, 7, 14][6, 14, 8][12, 9, 13] 
[4, 3, 1, 2, 5, 7][6, 9, 10, 11][0, 1, 4][6, 14, 8][12, 9, 13][7, 14] 
[4, 3, 1, 2, 5, 7][6, 9, 10, 11][6, 14, 8][12, 9, 13][0, 1][7, 14] 
[4, 3, 1, 2, 5][6, 9, 10, 11][0, 1, 4][5, 7, 14][6, 14, 8][12, 9, 13] 
[2, 1, 3, 4][3, 5, 7, 14][6, 9, 10, 11][0, 1, 2][6, 14, 8][12, 9, 13] 
[4, 3, 1, 2, 5, 7][6, 9, 10, 11][0, 1, 4][6, 14, 8][12, 9, 13][7, 14] 
[4, 3, 1, 2, 5, 7][6, 9, 10, 11][0, 1, 4][6, 14, 8][12, 9, 13][7, 14] 
[2, 1, 3, 4][3, 5, 7, 14][6, 9, 10, 11][0, 1, 2][6, 14, 8][12, 9, 13] 
[4, 3, 1, 2, 5, 7][6, 9, 10, 11][0, 1, 4][6, 14, 8][12, 9, 13][7, 14] 
[4, 3, 1, 2, 5, 7][6, 9, 10, 11][0, 1, 4][6, 14, 8][12, 9, 13][7, 14] 
[4, 3, 1, 2, 5, 7][0, 1, 3, 4][6, 9, 10, 11][6, 14, 8][12, 9, 13][7, 14] 
[4, 3, 1, 2, 5][6, 9, 10, 11][0, 1, 2][5, 7, 14][6, 14, 8][12, 9, 13] 
[4, 3, 1, 2, 5, 7][0, 1, 3, 4][6, 9, 10, 11][6, 14, 8][12, 9, 13][7, 14] 
[4, 3, 1, 2, 5, 7][6, 9, 10, 11][0, 1, 4][6, 14, 8][12, 9, 13][7, 14] 
[4, 3, 1, 2, 5, 7, 14][0, 1, 4, 3][6, 9, 10, 11][6, 14, 8][12, 9, 13][7, 14] 
[4, 3, 1, 2, 5, 7, 14][0, 1, 4, 3][6, 9, 10, 11][6, 14, 8][12, 9, 13][7, 14] 
[4, 3, 1, 2, 5, 7, 14][6, 9, 10, 11][0, 1, 2][6, 14, 8][12, 9, 13][7, 14] 
[4, 3, 1, 2, 5, 7, 14][6, 9, 10, 11][0, 1, 2][6, 14, 8][12, 9, 13][7, 14] 
[4, 3, 1, 2, 5, 7, 14][6, 9, 10, 11][0, 1, 4][6, 14, 8][12, 9, 13][7, 14] 
[8, 14, 6, 9, 10, 11][4, 3, 5, 7, 14][10, 12, 9, 13][0, 1, 2][1, 3][6, 14] 
[4, 3, 5, 7, 14][10, 12, 9, 13][6, 9, 10, 11][0, 1, 2][6, 14, 8][1, 3] 
[4, 3, 5, 7, 14][10, 12, 9, 13][6, 9, 10, 11][0, 1, 2][6, 14, 8][1, 3] 
[4, 3, 5, 7, 14][10, 12, 9, 13][6, 9, 10, 11][0, 1, 2][6, 14, 8][1, 3] 
[4, 3, 5, 7, 14][10, 12, 9, 13][6, 9, 10, 11][0, 1, 2][6, 14, 8][1, 3] 
[4, 3, 5, 7, 14][10, 12, 9, 13][6, 9, 10, 11][0, 1, 2][6, 14, 8][1, 3] 
[4, 3, 1, 2, 5, 7][6, 9, 10, 11][0, 1, 4][6, 14, 8][12, 9, 13][7, 14] 
[4, 3, 5, 7, 14][10, 12, 9, 13][6, 9, 10, 11][0, 1, 2][6, 14, 8][1, 3] 
