8.002245412413734E-10 1.0017559036693615 
0.8516709935059708 -0.7726466005342307 
8.002245412413734E-10 1.0017559036693615 
0.8233663226206587 -0.45785378715725467 
0.6528152056093983 -0.45731790653793414 
0.45336991499290996 -0.12289144199471684 
0.6186129289155662 -0.12681575155627717 
0.409519116918314 0.24167915446901136 
0.25650724779801304 0.2436436080548114 
0.18248327873299475 0.669382442389685 
0.08398553162239009 0.6709367999819056 
0.6239583830977843 -0.21534361770055913 
0.1966369326479586 0.578419040173841 
5.086335196950731E-4 0.9840945731324805 
0.041275549557373614 0.7588013476222429 
0.010170114476976022 0.8980001144261343 
0.8252829689079882 -0.49569869184032084 
0.6411241689236509 -0.41525291547902066 
0.6364579695995344 -0.376403299769473 
0.8433054731063289 -0.7411381922205934 
0.6273770930046405 -0.2662311535229315 
0.22635964847429538 0.3596018529767185 
0.004417348253707348 0.9350718020686974 
0.21436516051792745 0.4456401637446048 
0.8307784889682721 -0.5940812093727617 
0.019128232288117192 0.8522824769912958 
0.6217689503913519 -0.17996306551054533 
0.41683856278588405 0.14632813457888288 
0.4324024340769318 -0.02356698885892499 
0.8289429577054965 -0.5634657234235749 
0.8273039370603925 -0.5331922655089912 
0.441837741475119 -0.09058299178314642 
0.4359587469315284 -0.052907982953381054 
0.8393593482037303 -0.7078460388162243 
0.2295504378016303 0.3395160691881245 
0.4155446140319362 0.17021755778089234 
0.42662911059657654 0.031721333962329866 
0.6208600168204642 -0.16480859094342803 
0.4303400090210684 -0.004470938635217923 
0.20916233202550494 0.48459502013191175 
0.023803878110873145 0.8310891314039027 
0.41336937473218316 0.19078757496029158 
0.1884915277280148 0.6343734114320861 
0.21216306088373824 0.46264127505007335 
0.8363474584098544 -0.6740587477424022 
0.8458556712146439 -0.7574708402465117 
0.035821028861468554 0.7795825570762074 
0.1861608769598467 0.648758131249769 
0.833439059416688 -0.6345064969030788 
0.8321914139182893 -0.6165616620485397 
0.01365653565960262 0.879405033197254 
0.835012011044598 -0.6568206463101554 
0.2492262287433411 0.2527336877315712 
0.20805167419914788 0.50451889194382 
0.004417348253707348 0.9350718020686974 
0.23644612848538016 0.3008223456535705 
0.42811029842415776 0.018198482986383144 
0.21829670867529466 0.41540803258971515 
0.6191113286315133 -0.1346176828637009 
0.20455209304140257 0.5202686316618402 
0.03170109731008407 0.807962974996557 
0.6329183343605267 -0.3383639811238801 
0.056645834303693576 0.7084215478283972 
0.4423713469481358 -0.09348856439208209 
0.646029556345446 -0.4386010114343799 
0.8386597487261767 -0.6982795768608624 
0.19199667589298036 0.6109422767646079 
0.4239667927689361 0.06101058188164297 
0.4211186774313217 0.09348039939073957 
0.423820619024151 0.06471636662940981 
0.2189798717816463 0.4124162895299566 
0.07397652641940877 0.6758339013154376 
0.4356032574719728 -0.05034096229163432 
0.22323977345639842 0.3874139466877881 
0.2011627618208292 0.5460888186987174 
0.06455664860475396 0.6904095414835579 
0.03316921580738727 0.7905608018657199 
0.07057804189235584 0.679949702131887 
0.4111068764496807 0.21970017659766902 
0.627643530317073 -0.2702261411996236 
0.41166426429561115 0.21213271020060678 
0.6430210980700304 -0.4282330178458989 
0.19199667589298036 0.6109422767646079 
0.20298899976111082 0.5357267775309741 
0.6496539005167637 -0.454607059629243 
0.44874081527938914 -0.11651978280118863 
0.04852566437248239 0.7342156755958141 
0.4189005816988802 0.12030593994379835 
0.23294986239531876 0.3213128377892391 
0.22323977345639842 0.3874139466877881 
0.6295278465338383 -0.2954430227566299 
0.0221719599915432 0.8383817331402887 
0.4208284918839986 0.09699295053747264 
0.6305296570649024 -0.30799144259428873 
0.24382486969114348 0.2687268907427464 
0.41906633440619157 0.11880418225515388 
0.24495250995200546 0.26512971688007564 
0.04852566437248239 0.7342156755958141 
0.6354978255399258 -0.3632562509471322 
0.012659684133955018 0.8847701228908498 
