0.8513623738190996 -0.7722410980706865 
9.733283470869658E-9 1.0013557864112588 
0.8513623738190996 -0.7722410980706865 
0.8234090003292979 -0.45886515954793844 
0.6186477180936396 -0.12747681525117383 
0.6527087619467395 -0.45742283429789665 
0.45484682530614273 -0.12303484579266884 
0.40943462048073986 0.24204281617423468 
0.2583880953837768 0.24349825109734533 
0.0833842189030336 0.6719394712646283 
0.18208156146214033 0.6716991906608917 
0.8304087909638034 -0.5884504167312529 
0.6300262564831842 -0.30264498835936365 
0.02695043000509885 0.8184784440864018 
0.21074038123467 0.47545563704883204 
0.20414790381878273 0.5255314401268224 
0.042539819095953835 0.7549235604216596 
0.208130130135089 0.49327346676449096 
0.6410492651236614 -0.4116245393771706 
0.4358038133547087 -0.052377167500387865 
0.42211665730792636 0.08169462604377553 
0.41188391891025367 0.2094927236781651 
0.6268092436901987 -0.2580543378946921 
0.6207139446479037 -0.16281332860138056 
0.033782367530556995 0.7895255192535304 
0.8413557159742764 -0.7168920088522899 
0.6220350532171774 -0.18102852071235767 
0.014934896905034967 0.8731354680459202 
0.8261692855563076 -0.5114871351684918 
0.4241101318548123 0.0595011118758514 
0.011982425652172779 0.8986207273925589 
0.007421112609727096 0.9147381931962021 
0.2152857567612786 0.44117505792147427 
0.6371081458599088 -0.38243316662728544 
0.050917402829952024 0.7249361950931401 
0.4411682058578257 -0.08126385491350348 
0.8375272274658996 -0.6877641830339627 
0.8350124873840168 -0.6525933760974476 
0.036650262405933914 0.7781229690962022 
0.0012777609723775285 0.9673912913965731 
0.2247934170728429 0.3718328620429093 
0.8284982738936173 -0.5555635740456613 
0.8245889975803773 -0.48202402658538146 
0.4179578687587425 0.13208987451715962 
0.6437225552081145 -0.43215832460558673 
0.41583080739464356 0.15798773354749276 
0.4313545096164099 -0.014992763090278617 
0.2496830110121689 0.2523833934986291 
0.05815978229357177 0.7038830013426615 
0.4335426023521315 -0.03384862796000948 
0.018945750713456055 0.85423474713331 
0.4447755953149047 -0.10424287458769411 
0.22028766108496903 0.40439080388784987 
0.07183587091013538 0.6778434713081005 
0.6355575114833977 -0.36724551210215944 
0.06487654829312353 0.6889995640628294 
0.23458391591329483 0.3100330976424985 
0.003952861445129352 0.9391292736311213 
0.19642771703743195 0.5799442912135441 
0.4136314757521213 0.1887536222646377 
0.4507194384685872 -0.12112759052156032 
0.6258624106704281 -0.2443864375742743 
0.18979073829414733 0.6256346541671984 
0.42923033040319064 0.0052849624534221755 
0.23157123392433548 0.32661651440583006 
0.1940301084596792 0.6082723283393237 
0.6239503868928454 -0.2149853377890784 
0.8388440178197293 -0.6986365260181111 
0.8286039140243738 -0.5563188050033049 
0.8440964626527799 -0.7467985861187235 
8.997912049060058E-5 0.992531188740235 
0.8328003692949327 -0.622161373343088 
0.1986588625909594 0.5639674270555488 
0.22843524674317062 0.345445123696284 
0.4158160734141585 0.17590696528955868 
0.6472929127156845 -0.4474550754982103 
0.847195309863543 -0.7583070906101254 
0.2256277064530305 0.3650774673874443 
0.002883482079559019 0.9474413234272632 
0.18560239455471259 0.6523797082211426 
0.42814596443331915 0.016767136792909955 
0.6239503868928454 -0.2149853377890784 
0.19441072819944913 0.5970794067280462 
0.6336341111564472 -0.34630561302027335 
0.8257378047370829 -0.5036447673383248 
0.41951361976991164 0.11237728853906506 
0.21694767676779528 0.4253274250390352 
0.443126034645264 -0.09137918294816054 
0.07821381295482296 0.6730567066598686 
0.02554196809740783 0.8405709964258131 
0.060699971053527646 0.6979264674078656 
0.6314837675559227 -0.31692774442884813 
0.22012961041121032 0.407473388321599 
0.4269402238215062 0.034258037359681866 
0.021906162205771865 0.8411361440275505 
0.18245050500678156 0.6704192419636379 
0.18934059314438306 0.6377807528892473 
0.6319424452163371 -0.3267788804787319 
0.04739782346506266 0.7367015690463373 
0.20021570916800518 0.5523650437450064 
