1.1464887326514007E-6 1.0006606708905414 
0.8518338985091647 -0.7727033665708737 
0.8234595304626036 -0.45968934667099476 
0.6533687376440666 -0.45708178478340844 
0.45396078846915233 -0.12343148460786038 
0.6186851578491713 -0.12817619824951576 
0.4095135553415651 0.24121316243326324 
0.2573226417229245 0.2431629889426587 
0.18258680236753502 0.6692556723308034 
0.08312286838842586 0.6707836726411555 
0.8290052934163656 -0.5617241643643951 
0.8263990042116242 -0.50823942420026 
0.6432519392627588 -0.428768964483329 
0.6260564579894814 -0.24712310722044334 
0.23640961641839153 0.3002437301553705 
0.41745532223049214 0.138732221747069 
0.6386289128410615 -0.39306836777056753 
0.8421412167541726 -0.7258545564159227 
0.20702506033788187 0.5021362325300575 
0.6293488820463758 -0.293543509766072 
0.23232400387122865 0.3225880342643715 
0.07511446540919098 0.6752188802624158 
0.4292051125990664 0.005246449236869318 
0.24261939053472117 0.2757238408097245 
0.019954254010866035 0.8490896663797566 
0.18935956243543478 0.6288870874320791 
0.4202775612372896 0.10330605242552932 
0.03247024208704147 0.7939201963685969 
0.19428354494868766 0.5953624799195179 
0.42769130259545 0.02025253198192796 
0.22122766971021765 0.4080751557303311 
0.6317129104642052 -0.3237468331423041 
0.006007309878748965 0.9233394437708062 
0.6206994621200803 -0.16259945635691808 
0.2285653134267111 0.3448252141611706 
0.6474240848347806 -0.4460447540761736 
0.846642339291766 -0.76091571151665 
0.4455009240170382 -0.10641344387253504 
0.0017179940842621533 0.9602019142759595 
0.2026698668941352 0.5347455140570008 
0.05582861042609977 0.710878776249993 
0.83157244091017 -0.6063459703849 
0.21383776366920632 0.4490636096213912 
0.839797766763732 -0.7076767452427315 
0.2095593614894973 0.4817099424492235 
0.4156030482468443 0.1618666025520879 
0.6230361591608835 -0.20051023129289325 
0.4251373846545294 0.04948132960435692 
0.19782511407035003 0.5702016926334048 
0.4409178460527212 -0.08565164247742481 
0.1932419826358216 0.6144654146721251 
0.04568940775882031 0.7501738533335196 
0.4328337813067043 -0.02709167326323728 
0.6340304691129157 -0.3502467446000303 
0.21165932687206862 0.4657639925008204 
0.8327436621681977 -0.6246420746135585 
0.8246823753828393 -0.4812667519659088 
0.022052958712730386 0.8385753015812587 
0.4392022536631143 -0.07565272800965354 
0.03817225453342643 0.773591103298321 
0.04532810501165735 0.7668754181008831 
0.25471629036718535 0.24532695613075878 
0.41427863432665796 0.18952534522390288 
0.04904963038945524 0.7316783202913709 
0.24672572591015002 0.2597992913975643 
0.836816934756937 -0.6790776763269097 
0.833994499538575 -0.6425328367466493 
0.6306747536175267 -0.3048765875659759 
0.4115494113637329 0.21402019434980263 
0.05125370474434665 0.7254775223857455 
0.18552417909722896 0.6528662075643497 
0.43304509028384774 -0.0291824264992798 
0.8375996340776433 -0.689246145666208 
0.21646924681653817 0.4297120759596418 
0.45101578557850674 -0.11346555865430592 
0.6247313205712216 -0.22729985661114385 
0.06072639953941744 0.6974444914929511 
0.014040773481296343 0.8778112648451794 
0.03618911582332242 0.7874551670393085 
0.2174672898011151 0.42189094674363276 
0.22309048193961495 0.38118472743556503 
0.01220731831619104 0.8880081278746627 
0.43698595969937015 -0.05325595476035244 
0.825359646939469 -0.4967468418126381 
9.318749639353613E-4 0.9731271018015576 
0.4144929796377329 0.17824868018740117 
0.6231750710624023 -0.20311728612300417 
0.41176072034087635 0.21094514483772578 
0.6348643120911083 -0.3594949073592491 
0.20193981244913717 0.5395961360462338 
0.42251008832701664 0.07707584692378855 
0.43698595969937015 -0.05325595476035244 
0.0073330755203274145 0.9151948771668588 
0.026543418146746434 0.8213093367221017 
0.19959366576203336 0.557395622235649 
0.8352705900147803 -0.658718792580023 
0.2231598832198404 0.38059566849249576 
1.2617642138314233E-4 0.9899657282513218 
0.02622351759285694 0.8214603777225041 
0.6194352241116934 -0.1405981163671461 
