9.64452319735838E-9 1.020238660262472 
0.8520537672996423 -0.772287739664782 
0.6187927747197317 -0.12950422532389103 
0.651937780370383 -0.45694648560764706 
0.8233424811899012 -0.4573240614717393 
0.45289769787089934 -0.12279247528177482 
0.25724539240282873 0.24403261739851603 
0.4094819917951835 0.2413570324381018 
0.08236349627626285 0.6711283422706309 
0.1825136213214661 0.6701263440772505 
0.021304889833835272 0.8535884651316193 
0.41685124047861755 0.1461908530528853 
0.6241713324716661 -0.21780169467518803 
0.01085902018364554 0.8948623440264375 
0.033497667856924415 0.7918878975098962 
0.4301141774614379 -0.0025474036272815233 
0.4439162482055739 -0.09924075663475776 
0.8273479059397875 -0.5346755306893456 
0.8388083697026874 -0.7019065734977281 
0.05526711360283301 0.7125340030563964 
0.24293704115693904 0.2725589792966197 
0.21642137934023425 0.430098083491057 
0.1911029140578304 0.6299650019292583 
0.6274247748558743 -0.26216792811913386 
0.04213299345163238 0.7563232875529522 
0.045150129054095545 0.745723480727294 
0.6322843254125867 -0.31110512356950887 
0.19895397967864548 0.562590833053951 
0.4341441483470133 -0.038451878326961904 
0.2484872365305354 0.25491336931005015 
0.4146731975518795 0.1801281874909288 
0.2303816438026129 0.3353941791099815 
0.07089884687261713 0.6792749632112559 
0.8258118855364249 -0.4944593285012435 
0.2339396977300993 0.31316813754720707 
0.18704592101555945 0.6439347836138469 
0.6285966213037317 -0.2833543937532485 
0.42506354560479276 0.04980858871809706 
0.05853704540238322 0.705671630138948 
0.646185156120087 -0.43731127031364 
0.0087588011504353 0.906577566524743 
0.4199246428732429 0.1082782057598262 
0.2101555483704914 0.47727220623014255 
0.21330600297865523 0.46234301762794894 
0.8357385279171153 -0.6659537730502835 
0.8260595476623502 -0.5022521052006016 
0.8307365844996324 -0.5930606691641644 
0.22157560940672055 0.3930382147220303 
0.005347153401196791 0.9298514935048154 
0.19655642273955026 0.580051321622399 
0.45087926823910535 -0.12081278115495632 
0.4200654459016726 0.1068313610041955 
0.8234408652607602 -0.459231560908903 
0.22451008689291724 0.3720910105047966 
0.42737567225789197 0.024124219336832894 
0.8322151840384966 -0.6163727594526445 
0.42297078713322955 0.07229108957703204 
0.2339396977300993 0.31316813754720707 
0.4386538228246475 -0.07117021476861206 
0.6224778658032731 -0.1903329865818956 
0.8345269543319156 -0.6471976191074216 
0.8414864455787465 -0.727309442223975 
0.6387361264138144 -0.3951440520165696 
0.19433995671388513 0.5956046827148552 
0.2161667713720165 0.4459161799385878 
0.6332744237867384 -0.335310887794095 
0.8293564962990285 -0.5696171384539308 
0.6219941032650993 -0.18241283761483684 
0.02642901141079612 0.8210950405497874 
8.7835391532962E-8 1.0016076534927247 
0.1842540303546859 0.6632922068376115 
0.6358273567979483 -0.36629465757889434 
0.6377633477286831 -0.3884617911646697 
0.6417367649774682 -0.4193341482858482 
0.22750172494543477 0.3515116276202682 
0.842348810725521 -0.7337745386800433 
0.6204533455597868 -0.15769187909257343 
0.0019067250165990257 0.9605400232596549 
0.8456486139480642 -0.7559270837025758 
0.20274398839030025 0.5340702340834507 
0.22157560940672055 0.3930382147220303 
0.6201605376107768 -0.15280781335793397 
0.4272325551971266 0.03296410755100456 
0.41138999284240707 0.21832443946481103 
0.2437325893022843 0.269208322063751 
0.6507545272469202 -0.4556561440378954 
0.8452311582357077 -0.7535041342420795 
0.20746919122899535 0.4992559430991179 
0.41138999284240707 0.21832443946481103 
0.0010835604470851076 0.9805287140874519 
0.02965968415237183 0.8084115105729601 
0.8293564962990285 -0.5696171384539308 
0.20786200698410168 0.49597538785625994 
0.6358273567979483 -0.36629465757889434 
0.06612857325427253 0.6882966816831105 
0.413776658545403 0.19295905927831505 
0.4230136559578722 0.07155686857299637 
0.22655367114847552 0.3615408639580685 
0.0039683633431070175 0.9392503224514793 
0.023203098506199282 0.834062590990926 
