[4, 23, 1, 3, 24, 14][0, 18, 13, 6, 5, 21][17, 19, 12, 8, 26][7, 2, 10, 15][28, 16, 27, 29][9, 3, 11][20, 7, 25][11, 25][22, 25][17, 22][0, 22][25, 28] 
[4, 23, 1, 3, 24, 14][0, 18, 13, 6, 5, 21][17, 19, 12, 8, 26][7, 2, 10, 15][28, 16, 27, 29][9, 3, 11][20, 7, 25][11, 25][22, 25][17, 22][0, 22][25, 28] 
[4, 23, 1, 3, 24, 14][0, 18, 13, 6, 5, 21][28, 16, 27, 29][7, 2, 10, 15][19, 12, 8, 26][20, 7, 25][9, 3, 11][17, 22, 19][25, 28][11, 25][22, 25][0, 22] 
[4, 23, 1, 3, 24, 14][0, 18, 13, 6, 5, 21][28, 16, 27, 29][19, 12, 8, 26][11, 25, 28][20, 7, 25][2, 10, 15][9, 3, 11][17, 22, 19][15, 21][0, 22][22, 25] 
[4, 23, 1, 3, 24, 14][0, 18, 13, 6, 5, 21][17, 19, 12, 8, 26][7, 2, 10, 15][28, 16, 27, 29][9, 3, 11][20, 7, 25][11, 25][22, 25][17, 22][0, 22][25, 28] 
[4, 23, 1, 3, 24, 14][0, 18, 13, 6, 5, 21][17, 19, 12, 8, 26][7, 2, 10, 15][28, 16, 27, 29][9, 3, 11][20, 7, 25][11, 25][22, 25][17, 22][0, 22][25, 28] 
[4, 23, 1, 3, 24, 14][0, 18, 13, 6, 5, 21][7, 2, 10, 15][19, 12, 8, 26][28, 16, 27, 29][20, 7, 25][9, 3, 11][17, 22, 19][11, 25][22, 25][0, 22][25, 28] 
[4, 23, 1, 3, 24, 14][0, 18, 13, 6, 5, 21][17, 19, 12, 8, 26][7, 2, 10, 15][28, 16, 27, 29][9, 3, 11][20, 7, 25][11, 25][22, 25][17, 22][0, 22][25, 28] 
[4, 23, 1, 3, 24, 14][0, 18, 13, 6, 5, 21][17, 19, 12, 8, 26][28, 16, 27, 29][7, 2, 10, 15][20, 7, 25][9, 3, 11][25, 28][22, 25][11, 25][17, 22][0, 22] 
[4, 23, 1, 3, 24, 14][0, 18, 13, 6, 5, 21][17, 19, 12, 8, 26][28, 16, 27, 29][7, 2, 10, 15][20, 7, 25][9, 3, 11][25, 28][22, 25][11, 25][17, 22][0, 22] 
[4, 23, 1, 3, 24, 14][0, 18, 13, 6, 5, 21][17, 19, 12, 8, 26][7, 2, 10, 15][28, 16, 27, 29][9, 3, 11][20, 7, 25][11, 25][22, 25][17, 22][0, 22][25, 28] 
[4, 23, 1, 3, 24, 14][0, 18, 13, 6, 5, 21][17, 19, 12, 8, 26][7, 2, 10, 15][28, 16, 27, 29][9, 3, 11][20, 7, 25][11, 25][22, 25][17, 22][0, 22][25, 28] 
[4, 23, 1, 3, 24, 14][0, 18, 13, 6, 5, 21][28, 16, 27, 29][7, 2, 10, 15][19, 12, 8, 26][20, 7, 25][9, 3, 11][17, 22, 19][25, 28][11, 25][22, 25][0, 22] 
[4, 23, 1, 3, 24, 14][0, 18, 13, 6, 5, 21][17, 19, 12, 8, 26][28, 16, 27, 29][7, 2, 10, 15][20, 7, 25][9, 3, 11][25, 28][22, 25][11, 25][17, 22][0, 22] 
[4, 23, 1, 3, 24, 14][0, 18, 13, 6, 5, 21][17, 19, 12, 8, 26][7, 2, 10, 15][28, 16, 27, 29][9, 3, 11][20, 7, 25][11, 25][22, 25][17, 22][0, 22][25, 28] 
[4, 23, 1, 3, 24, 14][0, 18, 13, 6, 5, 21][17, 19, 12, 8, 26][7, 2, 10, 15][28, 16, 27, 29][9, 3, 11][20, 7, 25][11, 25][22, 25][17, 22][0, 22][25, 28] 
[4, 23, 1, 3, 24, 14][0, 18, 13, 6, 5, 21][17, 19, 12, 8, 26][28, 16, 27, 29][7, 2, 10, 15][20, 7, 25][9, 3, 11][25, 28][22, 25][11, 25][17, 22][0, 22] 
[4, 23, 1, 3, 24, 14][0, 18, 13, 6, 5, 21][17, 19, 12, 8, 26][7, 2, 10, 15][28, 16, 27, 29][9, 3, 11][20, 7, 25][11, 25][22, 25][17, 22][0, 22][25, 28] 
[4, 23, 1, 3, 24, 14][0, 18, 13, 6, 5, 21][17, 19, 12, 8, 26][7, 2, 10, 15][28, 16, 27, 29][9, 3, 11][20, 7, 25][11, 25][25, 28][22, 25][0, 22][17, 22] 
[4, 23, 1, 3, 24, 14][0, 18, 13, 6, 5, 21][17, 19, 12, 8, 26][7, 2, 10, 15][28, 16, 27, 29][9, 3, 11][20, 7, 25][11, 25][22, 25][17, 22][0, 22][25, 28] 
[4, 23, 1, 3, 24, 14][0, 18, 13, 6, 5, 21][17, 19, 12, 8, 26][7, 2, 10, 15][28, 16, 27, 29][9, 3, 11][20, 7, 25][11, 25][22, 25][17, 22][0, 22][25, 28] 
[4, 23, 1, 3, 24, 14][0, 18, 13, 6, 5, 21][17, 19, 12, 8, 26][28, 16, 27, 29][7, 2, 10, 15][20, 7, 25][9, 3, 11][25, 28][11, 25][22, 25][17, 22][0, 22] 
[4, 23, 1, 3, 24, 14][0, 18, 13, 6, 5, 21][28, 16, 27, 29][7, 2, 10, 15][19, 12, 8, 26][20, 7, 25][9, 3, 11][17, 22, 19][25, 28][11, 25][22, 25][0, 22] 
[4, 23, 1, 3, 24, 14][0, 18, 13, 6, 5, 21][17, 19, 12, 8, 26][28, 16, 27, 29][7, 2, 10, 15][20, 7, 25][9, 3, 11][25, 28][11, 25][22, 25][17, 22][0, 22] 
[4, 23, 1, 3, 24, 14][0, 18, 13, 6, 5, 21][17, 19, 12, 8, 26][28, 16, 27, 29][7, 2, 10, 15][20, 7, 25][9, 3, 11][25, 28][22, 25][11, 25][17, 22][0, 22] 
[4, 23, 1, 3, 24, 14][0, 18, 13, 6, 5, 21][17, 19, 12, 8, 26][28, 16, 27, 29][7, 2, 10, 15][20, 7, 25][9, 3, 11][25, 28][11, 25][22, 25][17, 22][0, 22] 
[4, 23, 1, 3, 24, 14][0, 18, 13, 6, 5, 21][17, 19, 12, 8, 26][7, 2, 10, 15][28, 16, 27, 29][9, 3, 11][20, 7, 25][11, 25][22, 25][17, 22][0, 22][25, 28] 
[4, 23, 1, 3, 24, 14][0, 18, 13, 6, 5, 21][17, 19, 12, 8, 26][7, 2, 10, 15][28, 16, 27, 29][9, 3, 11][20, 7, 25][11, 25][25, 28][22, 25][0, 22][17, 22] 
[4, 23, 1, 3, 24, 14][0, 18, 13, 6, 5, 21][17, 19, 12, 8, 26][28, 16, 27, 29][7, 2, 10, 15][20, 7, 25][9, 3, 11][25, 28][22, 25][11, 25][17, 22][0, 22] 
[4, 23, 1, 3, 24, 14][0, 18, 13, 6, 5, 21][17, 19, 12, 8, 26][28, 16, 27, 29][7, 2, 10, 15][20, 7, 25][9, 3, 11][25, 28][22, 25][11, 25][17, 22][0, 22] 
[4, 23, 1, 3, 24, 14][0, 18, 13, 6, 5, 21][17, 19, 12, 8, 26][7, 2, 10, 15][28, 16, 27, 29][9, 3, 11][20, 7, 25][11, 25][22, 25][17, 22][0, 22][25, 28] 
[4, 23, 1, 3, 24, 14][0, 18, 13, 6, 5, 21][17, 19, 12, 8, 26][7, 2, 10, 15][28, 16, 27, 29][9, 3, 11][20, 7, 25][11, 25][22, 25][17, 22][0, 22][25, 28] 
[4, 23, 1, 3, 24, 14][0, 18, 13, 6, 5, 21][17, 19, 12, 8, 26][7, 2, 10, 15][28, 16, 27, 29][9, 3, 11][20, 7, 25][11, 25][22, 25][17, 22][0, 22][25, 28] 
[4, 23, 1, 3, 24, 14][0, 18, 13, 6, 5, 21][17, 19, 12, 8, 26][7, 2, 10, 15][28, 16, 27, 29][9, 3, 11][20, 7, 25][11, 25][22, 25][17, 22][0, 22][25, 28] 
[4, 23, 1, 3, 24, 14][0, 18, 13, 6, 5, 21][17, 19, 12, 8, 26][7, 2, 10, 15][28, 16, 27, 29][9, 3, 11][20, 7, 25][11, 25][22, 25][17, 22][0, 22][25, 28] 
[5, 21, 10, 27, 16, 7, 20, 14, 11, 17, 18][19, 17, 22, 12, 8, 26, 0, 25, 28][4, 23, 3, 1, 9, 14, 24][6, 21, 15, 29][2, 16][0, 13][1, 3][10, 27][10, 27][11, 17][10, 27][10, 27] 
[5, 21, 10, 27, 16, 7, 20, 14, 11, 17, 18][19, 17, 22, 12, 8, 26, 0, 25, 28][4, 23, 3, 1, 9, 14, 24][6, 21, 15, 29][2, 16][0, 13][1, 3][10, 27][10, 27][11, 17][10, 27][10, 27] 
[5, 21, 10, 27, 16, 7, 20, 14, 11, 17, 18][19, 17, 22, 12, 8, 26, 0, 25, 28][6, 21, 15, 29, 2, 16, 10][23, 3, 1, 9, 14, 24][10, 27][2, 16][4, 23][0, 13][11, 17][10, 27][1, 3][1, 9] 
[18, 17, 11, 14, 20, 7, 16, 27, 10, 21][19, 17, 22, 12, 8, 26, 0, 25, 28][4, 23, 3, 1, 9, 14, 24][6, 21, 15, 29][10, 27][5, 21][2, 16][0, 13][10, 27][1, 3][1, 3][10, 27] 
[18, 17, 11, 14, 20, 7, 16, 27, 10, 21][19, 17, 22, 12, 8, 26, 0, 25, 28][4, 23, 3, 1, 9, 14, 24][6, 21, 15, 29][10, 27][5, 21][2, 16][0, 13][10, 27][1, 3][1, 3][10, 27] 
[5, 21, 10, 27, 16, 7, 20, 14, 11, 17, 18][19, 17, 22, 12, 8, 26, 0, 25, 28][6, 21, 15, 29][1, 9, 14, 24][4, 23, 24][0, 13][11, 17][11, 14][2, 16][1, 3][10, 27][1, 9] 
[5, 21, 10, 27, 16, 7, 20, 14, 11, 17, 18][19, 17, 22, 12, 8, 26, 0, 25, 28][4, 23, 3, 1, 9, 14, 24][6, 21, 15, 29][2, 16][0, 13][1, 3][10, 27][10, 27][11, 17][10, 27][10, 27] 
[5, 21, 10, 27, 16, 7, 20, 14, 11, 17, 18][19, 17, 22, 12, 8, 26, 0, 25, 28][23, 3, 1, 9, 14, 24][6, 21, 15, 29, 2, 16][10, 27][2, 16][4, 23][0, 13][11, 17][10, 27][1, 3][1, 9] 
[18, 17, 11, 14, 20, 7, 16, 27, 10, 21][19, 17, 22, 12, 8, 26, 0, 25, 28][4, 23, 3, 1, 9, 14, 24][6, 21, 15, 29][10, 27][5, 21][2, 16][0, 13][10, 27][1, 3][1, 3][10, 27] 
[5, 21, 10, 27, 16, 7, 20, 14, 11, 17, 18][19, 17, 22, 12, 8, 26, 0, 25, 28][4, 23, 3, 1, 9, 14, 24][6, 21, 15, 29][2, 16][0, 13][1, 3][10, 27][10, 27][11, 17][10, 27][10, 27] 
[5, 21, 10, 27, 16, 7, 20, 14, 11, 17, 18][19, 17, 22, 12, 8, 26, 0, 25, 28][23, 3, 1, 9, 14, 24][6, 21, 15, 29, 2, 16][10, 27][2, 16][4, 23][0, 13][11, 17][10, 27][1, 3][1, 9] 
[5, 21, 10, 27, 16, 7, 20, 14, 11, 17, 18][19, 17, 22, 12, 8, 26, 0, 25, 28][6, 21, 15, 29, 2, 16, 10][23, 3, 1, 9, 14, 24][10, 27][2, 16][4, 23][0, 13][11, 17][10, 27][1, 3][1, 9] 
[18, 17, 11, 14, 20, 7, 16, 27, 10, 21][19, 17, 22, 12, 8, 26, 0, 25, 28][4, 23, 3, 1, 9, 14, 24][6, 21, 15, 29][10, 27][5, 21][2, 16][0, 13][10, 27][1, 3][1, 3][10, 27] 
[5, 21, 10, 27, 16, 7, 20, 14, 11, 17, 18][19, 17, 22, 12, 8, 26, 0, 25, 28][23, 3, 1, 9, 14, 24][6, 21, 15, 29, 2, 16][10, 27][2, 16][4, 23][0, 13][11, 17][10, 27][1, 3][1, 9] 
[5, 21, 10, 27, 16, 7, 20, 14, 11, 17, 18][19, 17, 22, 12, 8, 26, 0, 25, 28][4, 23, 3, 1, 9, 14, 24][6, 21, 15, 29][2, 16][0, 13][1, 3][10, 27][10, 27][11, 17][10, 27][10, 27] 
[5, 21, 10, 27, 16, 7, 20, 14, 11, 17, 18][19, 17, 22, 12, 8, 26, 0, 25, 28][4, 23, 3, 1, 9, 14, 24][6, 21, 15, 29][2, 16][0, 13][1, 3][10, 27][10, 27][11, 17][10, 27][10, 27] 
[5, 21, 10, 27, 16, 7, 20, 14, 11, 17, 18][19, 17, 22, 12, 8, 26, 0, 25, 28][4, 23, 3, 1, 9, 14, 24][6, 21, 15, 29][2, 16][0, 13][1, 3][10, 27][10, 27][11, 17][10, 27][10, 27] 
[5, 21, 10, 27, 16, 7, 20, 14, 11, 17, 18][7, 28, 25, 0, 26, 8, 12, 22, 17, 19][23, 3, 1, 9, 14, 24][6, 21, 15, 29, 2, 16][10, 27][2, 16][4, 23][0, 13][11, 17][10, 27][1, 3][1, 9] 
[5, 21, 10, 27, 16, 7, 20, 14, 11, 17, 18][19, 17, 22, 12, 8, 26, 0, 25, 28][4, 23, 3, 1, 9, 14, 24][6, 21, 15, 29][2, 16][0, 13][1, 3][10, 27][10, 27][11, 17][10, 27][10, 27] 
[5, 21, 10, 27, 16, 7, 20, 14, 11, 17, 18][19, 17, 22, 12, 8, 26, 0, 25, 28][4, 23, 3, 1, 9, 14, 24][6, 21, 15, 29][2, 16][0, 13][1, 3][10, 27][10, 27][11, 17][10, 27][10, 27] 
[5, 21, 10, 27, 16, 7, 20, 14, 11, 17, 18, 22, 12][19, 17, 22, 12, 8, 26, 0, 25, 28][4, 23, 3, 1, 9, 14, 24][6, 21, 15, 29][2, 16][0, 13][1, 3][10, 27][10, 27][11, 17][10, 27][10, 27] 
[4, 23, 1, 3, 24, 14][0, 18, 13, 6, 5, 21][17, 19, 12, 8, 26][28, 16, 27, 29][7, 2, 10, 15][20, 7, 25][9, 3, 11][25, 28][11, 25][22, 25][17, 22][0, 22] 
[4, 23, 1, 3, 24, 14][0, 18, 13, 6, 5, 21][17, 19, 12, 8, 26][7, 2, 10, 15][28, 16, 27, 29][9, 3, 11][20, 7, 25][11, 25][22, 25][17, 22][0, 22][25, 28] 
[4, 23, 1, 3, 24, 14][0, 18, 13, 6, 5, 21][17, 19, 12, 8, 26][28, 16, 27, 29][7, 2, 10, 15][20, 7, 25][9, 3, 11][25, 28][11, 25][22, 25][17, 22][0, 22] 
[4, 23, 1, 3, 24, 14][0, 18, 13, 6, 5, 21][17, 19, 12, 8, 26][28, 16, 27, 29][7, 2, 10, 15][20, 7, 25][9, 3, 11][25, 28][11, 25][22, 25][17, 22][0, 22] 
[4, 23, 1, 3, 24, 14][0, 18, 13, 6, 5, 21][17, 19, 12, 8, 26][7, 2, 10, 15][28, 16, 27, 29][9, 3, 11][20, 7, 25][11, 25][22, 25][17, 22][0, 22][25, 28] 
[4, 23, 1, 3, 24, 14][0, 18, 13, 6, 5, 21][17, 19, 12, 8, 26][7, 2, 10, 15][28, 16, 27, 29][9, 3, 11][20, 7, 25][11, 25][22, 25][17, 22][0, 22][25, 28] 
[4, 23, 1, 3, 24, 14][0, 18, 13, 6, 5, 21][17, 19, 12, 8, 26][28, 16, 27, 29][7, 2, 10, 15][20, 7, 25][9, 3, 11][25, 28][11, 25][22, 25][17, 22][0, 22] 
[4, 23, 1, 3, 24, 14][0, 18, 13, 6, 5, 21][17, 19, 12, 8, 26][7, 2, 10, 15][28, 16, 27, 29][9, 3, 11][20, 7, 25][11, 25][22, 25][17, 22][0, 22][25, 28] 
[4, 23, 1, 3, 24, 14][0, 18, 13, 6, 5, 21][17, 19, 12, 8, 26][28, 16, 27, 29][7, 2, 10, 15][20, 7, 25][9, 3, 11][25, 28][22, 25][11, 25][17, 22][0, 22] 
[4, 23, 1, 3, 24, 14][0, 18, 13, 6, 5, 21][17, 19, 12, 8, 26][28, 16, 27, 29][7, 2, 10, 15][20, 7, 25][9, 3, 11][25, 28][11, 25][22, 25][17, 22][0, 22] 
[4, 23, 1, 3, 24, 14][0, 18, 13, 6, 5, 21][17, 19, 12, 8, 26][28, 16, 27, 29][7, 2, 10, 15][20, 7, 25][9, 3, 11][25, 28][11, 25][22, 25][17, 22][0, 22] 
[4, 23, 1, 3, 24, 14][0, 18, 13, 6, 5, 21][17, 19, 12, 8, 26][7, 2, 10, 15][28, 16, 27, 29][9, 3, 11][20, 7, 25][11, 25][22, 25][17, 22][0, 22][25, 28] 
[4, 23, 1, 3, 24, 14][0, 18, 13, 6, 5, 21][17, 19, 12, 8, 26][7, 2, 10, 15][28, 16, 27, 29][9, 3, 11][20, 7, 25][11, 25][22, 25][17, 22][0, 22][25, 28] 
[4, 23, 1, 3, 24, 14][0, 18, 13, 6, 5, 21][17, 19, 12, 8, 26][7, 2, 10, 15][28, 16, 27, 29][9, 3, 11][20, 7, 25][11, 25][22, 25][17, 22][0, 22][25, 28] 
[4, 23, 1, 3, 24, 14][0, 18, 13, 6, 5, 21][17, 19, 12, 8, 26][7, 2, 10, 15][28, 16, 27, 29][9, 3, 11][20, 7, 25][11, 25][22, 25][17, 22][0, 22][25, 28] 
[4, 23, 1, 3, 24, 14][0, 18, 13, 6, 5, 21][17, 19, 12, 8, 26][7, 2, 10, 15][28, 16, 27, 29][9, 3, 11][20, 7, 25][11, 25][22, 25][17, 22][0, 22][25, 28] 
[4, 23, 1, 3, 24, 14][0, 18, 13, 6, 5, 21][17, 19, 12, 8, 26][7, 2, 10, 15][28, 16, 27, 29][9, 3, 11][20, 7, 25][11, 25][22, 25][17, 22][0, 22][25, 28] 
[4, 23, 1, 3, 24, 14][0, 18, 13, 6, 5, 21][17, 19, 12, 8, 26][7, 2, 10, 15][28, 16, 27, 29][9, 3, 11][20, 7, 25][11, 25][22, 25][17, 22][0, 22][25, 28] 
[4, 23, 1, 3, 24, 14][0, 18, 13, 6, 5, 21][17, 19, 12, 8, 26][7, 2, 10, 15][28, 16, 27, 29][9, 3, 11][20, 7, 25][11, 25][22, 25][17, 22][0, 22][25, 28] 
[4, 23, 1, 3, 24, 14][0, 18, 13, 6, 5, 21][17, 19, 12, 8, 26][7, 2, 10, 15][28, 16, 27, 29][9, 3, 11][20, 7, 25][11, 25][22, 25][17, 22][0, 22][25, 28] 
[4, 23, 1, 3, 24, 14, 9][0, 18, 13, 6, 5, 21][17, 19, 12, 8, 26][7, 2, 10, 15][28, 16, 27, 29][20, 7, 25][11, 25][3, 11][22, 25][17, 22][0, 22][25, 28] 
[4, 23, 1, 3, 24, 14][0, 18, 13, 6, 5, 21][17, 19, 12, 8, 26][7, 2, 10, 15][28, 16, 27, 29][9, 3, 11][20, 7, 25][11, 25][22, 25][17, 22][0, 22][25, 28] 
[4, 23, 1, 3, 24, 14][0, 18, 13, 6, 5, 21][17, 19, 12, 8, 26][28, 16, 27, 29][7, 2, 10, 15][20, 7, 25][9, 3, 11][25, 28][11, 25][22, 25][17, 22][0, 22] 
[4, 23, 1, 3, 24, 14][0, 18, 13, 6, 5, 21][17, 19, 12, 8, 26][7, 2, 10, 15][28, 16, 27, 29][9, 3, 11][20, 7, 25][11, 25][22, 25][17, 22][0, 22][25, 28] 
[4, 23, 1, 3, 24, 14][0, 18, 13, 6, 5, 21][17, 19, 12, 8, 26][7, 2, 10, 15][28, 16, 27, 29][9, 3, 11][20, 7, 25][11, 25][22, 25][17, 22][0, 22][25, 28] 
[4, 23, 1, 3, 24, 14][0, 18, 13, 6, 5, 21][17, 19, 12, 8, 26][7, 2, 10, 15][28, 16, 27, 29][9, 3, 11][20, 7, 25][11, 25][22, 25][17, 22][0, 22][25, 28] 
[4, 23, 1, 3, 24, 14][0, 18, 13, 6, 5, 21][17, 19, 12, 8, 26][7, 2, 10, 15][28, 16, 27, 29][9, 3, 11][20, 7, 25][11, 25][22, 25][17, 22][0, 22][25, 28] 
[4, 23, 1, 3, 24, 14][0, 18, 13, 6, 5, 21][17, 19, 12, 8, 26][7, 2, 10, 15][28, 16, 27, 29][9, 3, 11][20, 7, 25][11, 25][22, 25][17, 22][0, 22][25, 28] 
[4, 23, 1, 3, 24, 14][0, 18, 13, 6, 5, 21][17, 19, 12, 8, 26][28, 16, 27, 29][7, 2, 10, 15][20, 7, 25][9, 3, 11][25, 28][11, 25][22, 25][17, 22][0, 22] 
[4, 23, 1, 3, 24, 14][0, 18, 13, 6, 5, 21][17, 19, 12, 8, 26][28, 16, 27, 29][7, 2, 10, 15][20, 7, 25][9, 3, 11][25, 28][22, 25][11, 25][17, 22][0, 22] 
[4, 23, 1, 3, 24, 14][0, 18, 13, 6, 5, 21][17, 19, 12, 8, 26][7, 2, 10, 15][28, 16, 27, 29][9, 3, 11][20, 7, 25][11, 25][22, 25][17, 22][0, 22][25, 28] 
[4, 23, 1, 3, 24, 14][0, 18, 13, 6, 5, 21][17, 19, 12, 8, 26][28, 16, 27, 29][7, 2, 10, 15][20, 7, 25][9, 3, 11][25, 28][22, 25][11, 25][17, 22][0, 22] 
[4, 23, 1, 3, 24, 14][0, 18, 13, 6, 5, 21][17, 19, 12, 8, 26][28, 16, 27, 29][7, 2, 10, 15][20, 7, 25][9, 3, 11][25, 28][11, 25][22, 25][17, 22][0, 22] 
[4, 23, 1, 3, 24, 14][0, 18, 13, 6, 5, 21][17, 19, 12, 8, 26][7, 2, 10, 15][28, 16, 27, 29][9, 3, 11][20, 7, 25][11, 25][22, 25][17, 22][0, 22][25, 28] 
[4, 23, 1, 3, 24, 14][0, 18, 13, 6, 5, 21][17, 19, 12, 8, 26][7, 2, 10, 15][28, 16, 27, 29][9, 3, 11][20, 7, 25][11, 25][22, 25][17, 22][0, 22][25, 28] 
[4, 23, 1, 3, 24, 14][0, 18, 13, 6, 5, 21][17, 19, 12, 8, 26][7, 2, 10, 15][28, 16, 27, 29][9, 3, 11][20, 7, 25][11, 25][22, 25][17, 22][0, 22][25, 28] 
[4, 23, 1, 3, 24, 14][0, 18, 13, 6, 5, 21][17, 19, 12, 8, 26][7, 2, 10, 15][28, 16, 27, 29][9, 3, 11][20, 7, 25][11, 25][22, 25][17, 22][0, 22][25, 28] 
[4, 23, 1, 3, 24, 14][0, 18, 13, 6, 5, 21][17, 19, 12, 8, 26][7, 2, 10, 15][28, 16, 27, 29][9, 3, 11][20, 7, 25][11, 25][22, 25][17, 22][0, 22][25, 28] 
[4, 23, 1, 3, 24, 14][0, 18, 13, 6, 5, 21][17, 19, 12, 8, 26][28, 16, 27, 29][7, 2, 10, 15][20, 7, 25][9, 3, 11][25, 28][11, 25][22, 25][17, 22][0, 22] 
[4, 23, 1, 3, 24, 14][0, 18, 13, 6, 5, 21][17, 19, 12, 8, 26][7, 2, 10, 15][28, 16, 27, 29][9, 3, 11][20, 7, 25][11, 25][22, 25][17, 22][0, 22][25, 28] 
[4, 23, 1, 3, 24, 14][0, 18, 13, 6, 5, 21][17, 19, 12, 8, 26][7, 2, 10, 15][28, 16, 27, 29][9, 3, 11][20, 7, 25][11, 25][25, 28][22, 25][0, 22][17, 22] 
[4, 23, 1, 3, 24, 14][0, 18, 13, 6, 5, 21][17, 19, 12, 8, 26][7, 2, 10, 15][28, 16, 27, 29][9, 3, 11][20, 7, 25][11, 25][22, 25][17, 22][0, 22][25, 28] 
[4, 23, 1, 3, 24, 14][0, 18, 13, 6, 5, 21][17, 19, 12, 8, 26][7, 2, 10, 15][28, 16, 27, 29][9, 3, 11][20, 7, 25][11, 25][22, 25][17, 22][0, 22][25, 28] 
[4, 23, 1, 3, 24, 14, 9][0, 18, 13, 6, 5, 21][17, 19, 12, 8, 26][28, 16, 27, 29][7, 2, 10, 15][11, 25, 28][20, 7, 25][0, 22][17, 22][22, 25][3, 11][14, 24] 
[4, 23, 1, 3, 24, 14, 9][0, 18, 13, 6, 5, 21][17, 19, 12, 8, 26][28, 16, 27, 29][7, 2, 10, 15][11, 25, 28][20, 7, 25][0, 22][17, 22][22, 25][3, 11][14, 24] 
[4, 23, 1, 3, 24, 14, 9][0, 18, 13, 6, 5, 21][17, 19, 12, 8, 26][28, 16, 27, 29][7, 2, 10, 15][11, 25, 28][20, 7, 25][0, 22][17, 22][22, 25][3, 11][14, 24] 
[4, 23, 1, 3, 24, 14, 9][0, 18, 13, 6, 5, 21][17, 19, 12, 8, 26][28, 16, 27, 29][7, 2, 10, 15][11, 25, 28][20, 7, 25][0, 22][17, 22][22, 25][3, 11][14, 24] 
[4, 23, 1, 3, 24, 14, 9][0, 18, 13, 6, 5, 21][17, 19, 12, 8, 26][28, 16, 27, 29][7, 2, 10, 15][11, 25, 28][20, 7, 25][0, 22][17, 22][22, 25][3, 11][14, 24] 
[4, 23, 1, 3, 24, 14, 9][0, 18, 13, 6, 5, 21][25, 28, 16, 27, 29][7, 2, 10, 15][19, 12, 8, 26][20, 7, 25][17, 22, 19][14, 24][3, 11][11, 25][22, 25][0, 22] 
[4, 23, 1, 3, 24, 14][0, 18, 13, 6, 5, 21][17, 19, 12, 8, 26][7, 2, 10, 15][28, 16, 27, 29][9, 3, 11][20, 7, 25][11, 25][22, 25][17, 22][0, 22][25, 28] 
[4, 23, 1, 3, 24, 14][0, 18, 13, 6, 5, 21][17, 19, 12, 8, 26][7, 2, 10, 15][28, 16, 27, 29][9, 3, 11][20, 7, 25][11, 25][22, 25][17, 22][0, 22][25, 28] 
[4, 23, 1, 3, 24, 14][0, 18, 13, 6, 5, 21][17, 19, 12, 8, 26][7, 2, 10, 15][28, 16, 27, 29][9, 3, 11][20, 7, 25][11, 25][22, 25][17, 22][0, 22][25, 28] 
[4, 23, 1, 3, 24, 14][0, 18, 13, 6, 5, 21][17, 19, 12, 8, 26][7, 2, 10, 15][28, 16, 27, 29][9, 3, 11][20, 7, 25][11, 25][22, 25][17, 22][0, 22][25, 28] 
[4, 23, 1, 3, 24, 14][0, 18, 13, 6, 5, 21][17, 19, 12, 8, 26][7, 2, 10, 15][28, 16, 27, 29][9, 3, 11][20, 7, 25][11, 25][22, 25][17, 22][0, 22][25, 28] 
[4, 23, 1, 3, 24, 14][0, 18, 13, 6, 5, 21][17, 19, 12, 8, 26][7, 2, 10, 15][28, 16, 27, 29][9, 3, 11][20, 7, 25][11, 25][22, 25][17, 22][0, 22][25, 28] 
[4, 23, 1, 3, 24, 14][0, 18, 13, 6, 5, 21][17, 19, 12, 8, 26][7, 2, 10, 15][28, 16, 27, 29][9, 3, 11][20, 7, 25][11, 25][22, 25][17, 22][0, 22][25, 28] 
