[24, 23, 9, 1, 3, 11, 25][8, 26, 0, 19, 17][6, 2, 29, 10, 27][5, 21, 15, 16][12, 22, 18, 13][4, 7, 28][7, 20, 14][17, 28][12, 19][25, 28][7, 16][5, 6] 
[24, 23, 9, 1, 3, 11, 25][8, 26, 0, 19, 17][6, 2, 29, 10, 27][5, 21, 15, 16][12, 22, 18, 13][4, 7, 28][7, 20, 14][17, 28][12, 19][25, 28][7, 16][5, 6] 
[24, 23, 9, 1, 3, 11, 25][8, 26, 0, 19, 17][6, 2, 29, 10, 27][5, 21, 15, 16][12, 22, 18, 13][4, 7, 28][7, 20, 14][17, 28][12, 19][25, 28][7, 16][5, 6] 
[24, 23, 9, 1, 3, 11, 25][8, 26, 0, 19, 17][6, 2, 29, 10, 27][5, 21, 15, 16][12, 22, 18, 13][4, 7, 28][7, 20, 14][17, 28][12, 19][25, 28][7, 16][5, 6] 
[24, 23, 9, 1, 3, 11, 25][8, 26, 0, 19, 17][6, 2, 29, 10, 27][12, 22, 18, 13][5, 21, 15, 16][4, 7, 28][7, 20, 14][12, 19][17, 28][7, 16][5, 6][25, 28] 
[24, 23, 9, 1, 3, 11, 25][8, 26, 0, 19, 17][6, 2, 29, 10, 27][5, 21, 15, 16][12, 22, 18, 13][4, 7, 28][7, 20, 14][17, 28][12, 19][25, 28][7, 16][5, 6] 
[24, 23, 9, 1, 3, 11, 25][8, 26, 0, 19, 17][6, 2, 29, 10, 27][5, 21, 15, 16][12, 22, 18, 13][4, 7, 28][7, 20, 14][17, 28][12, 19][25, 28][7, 16][5, 6] 
[24, 23, 9, 1, 3, 11, 25][6, 2, 29, 10, 27][8, 26, 0, 19, 17][14, 20, 7, 16][12, 22, 18, 13][5, 21, 15][4, 7, 28][5, 6][15, 16][25, 28][17, 28][12, 19] 
[24, 23, 9, 1, 3, 11, 25][6, 2, 29, 10, 27][8, 26, 0, 19, 17][14, 20, 7, 16][12, 22, 18, 13][5, 21, 15][4, 7, 28][5, 6][15, 16][25, 28][17, 28][12, 19] 
[24, 23, 9, 1, 3, 11, 25][6, 2, 29, 10, 27][8, 26, 0, 19, 17][14, 20, 7, 16][12, 22, 18, 13][5, 21, 15][4, 7, 28][5, 6][15, 16][25, 28][17, 28][12, 19] 
[24, 23, 9, 1, 3, 11, 25][8, 26, 0, 19, 17][6, 2, 29, 10, 27][5, 21, 15, 16][12, 22, 18, 13][4, 7, 28][7, 20, 14][17, 28][12, 19][25, 28][7, 16][5, 6] 
[24, 23, 9, 1, 3, 11, 25][8, 26, 0, 19, 17][6, 2, 29, 10, 27][5, 21, 15, 16][12, 22, 18, 13][4, 7, 28][7, 20, 14][17, 28][12, 19][25, 28][7, 16][5, 6] 
[24, 23, 9, 1, 3, 11, 25][8, 26, 0, 19, 17][6, 2, 29, 10, 27][5, 21, 15, 16][12, 22, 18, 13][4, 7, 28][7, 20, 14][17, 28][12, 19][25, 28][7, 16][5, 6] 
[24, 23, 9, 1, 3, 11, 25][8, 26, 0, 19, 17][6, 2, 29, 10, 27][5, 21, 15, 16][12, 22, 18, 13][4, 7, 28][7, 20, 14][17, 28][12, 19][25, 28][7, 16][5, 6] 
[24, 23, 9, 1, 3, 11, 25][8, 26, 0, 19, 17][6, 2, 29, 10, 27][5, 21, 15, 16][12, 22, 18, 13][4, 7, 28][7, 20, 14][17, 28][12, 19][25, 28][7, 16][5, 6] 
[24, 23, 9, 1, 3, 11, 25][6, 2, 29, 10, 27][8, 26, 0, 19, 17][14, 20, 7, 16][12, 22, 18, 13][5, 21, 15][4, 7, 28][5, 6][15, 16][25, 28][17, 28][12, 19] 
[24, 23, 9, 1, 3, 11, 25][8, 26, 0, 19, 17][6, 2, 29, 10, 27][5, 21, 15, 16][12, 22, 18, 13][4, 7, 28][7, 20, 14][17, 28][12, 19][25, 28][7, 16][5, 6] 
[24, 23, 9, 1, 3, 11, 25][8, 26, 0, 19, 17][6, 2, 29, 10, 27][5, 21, 15, 16][12, 22, 18, 13][4, 7, 28][7, 20, 14][17, 28][12, 19][25, 28][7, 16][5, 6] 
[24, 23, 9, 1, 3, 11, 25][8, 26, 0, 19, 17][6, 2, 29, 10, 27][5, 21, 15, 16][12, 22, 18, 13][4, 7, 28][7, 20, 14][17, 28][12, 19][25, 28][7, 16][5, 6] 
[24, 23, 9, 1, 3, 11, 25][8, 26, 0, 19, 17][6, 2, 29, 10, 27][5, 21, 15, 16][12, 22, 18, 13][4, 7, 28][7, 20, 14][17, 28][12, 19][25, 28][7, 16][5, 6] 
[24, 23, 9, 1, 3, 11, 25][8, 26, 0, 19, 17][6, 2, 29, 10, 27][5, 21, 15, 16][12, 22, 18, 13][4, 7, 28][7, 20, 14][17, 28][12, 19][25, 28][7, 16][5, 6] 
[24, 23, 9, 1, 3, 11, 25][8, 26, 0, 19, 17][6, 2, 29, 10, 27][5, 21, 15, 16][12, 22, 18, 13][4, 7, 28][7, 20, 14][17, 28][12, 19][25, 28][7, 16][5, 6] 
[24, 23, 9, 1, 3, 11, 25][8, 26, 0, 19, 17][6, 2, 29, 10, 27][5, 21, 15, 16][12, 22, 18, 13][4, 7, 28][7, 20, 14][17, 28][12, 19][25, 28][7, 16][5, 6] 
[24, 23, 9, 1, 3, 11, 25][8, 26, 0, 19, 17][6, 2, 29, 10, 27][5, 21, 15, 16][12, 22, 18, 13][4, 7, 28][7, 20, 14][17, 28][12, 19][25, 28][7, 16][5, 6] 
[24, 23, 9, 1, 3, 11, 25][8, 26, 0, 19, 17][6, 2, 29, 10, 27][12, 22, 18, 13][5, 21, 15, 16][4, 7, 28][7, 20, 14][12, 19][17, 28][25, 28][7, 16][5, 6] 
[24, 23, 9, 1, 3, 11, 25][6, 2, 29, 10, 27][8, 26, 0, 19, 17][14, 20, 7, 16][12, 22, 18, 13][5, 21, 15][4, 7, 28][5, 6][15, 16][25, 28][17, 28][12, 19] 
[24, 23, 9, 1, 3, 11, 25][8, 26, 0, 19, 17][6, 2, 29, 10, 27][5, 21, 15, 16][12, 22, 18, 13][4, 7, 28][7, 20, 14][17, 28][12, 19][25, 28][7, 16][5, 6] 
[24, 23, 9, 1, 3, 11, 25][8, 26, 0, 19, 17][6, 2, 29, 10, 27][5, 21, 15, 16][12, 22, 18, 13][4, 7, 28][7, 20, 14][17, 28][12, 19][25, 28][7, 16][5, 6] 
[24, 23, 9, 1, 3, 11, 25][8, 26, 0, 19, 17][6, 2, 29, 10, 27][5, 21, 15, 16][12, 22, 18, 13][4, 7, 28][7, 20, 14][17, 28][12, 19][25, 28][7, 16][5, 6] 
[24, 23, 9, 1, 3, 11, 25][8, 26, 0, 19, 17][6, 2, 29, 10, 27][5, 21, 15, 16][12, 22, 18, 13][4, 7, 28][7, 20, 14][17, 28][12, 19][25, 28][7, 16][5, 6] 
[24, 23, 9, 1, 3, 11, 25][8, 26, 0, 19, 17][6, 2, 29, 10, 27][5, 21, 15, 16][12, 22, 18, 13][4, 7, 28][7, 20, 14][17, 28][12, 19][25, 28][7, 16][5, 6] 
[24, 23, 9, 1, 3, 11, 25][8, 26, 0, 19, 17][6, 2, 29, 10, 27][5, 21, 15, 16][12, 22, 18, 13][4, 7, 28][7, 20, 14][17, 28][12, 19][25, 28][7, 16][5, 6] 
[24, 23, 9, 1, 3, 11, 25][8, 26, 0, 19, 17][6, 2, 29, 10, 27][5, 21, 15, 16][12, 22, 18, 13][4, 7, 28][7, 20, 14][17, 28][12, 19][25, 28][7, 16][5, 6] 
[24, 23, 9, 1, 3, 11, 25][8, 26, 0, 19, 17][6, 2, 29, 10, 27][5, 21, 15, 16][12, 22, 18, 13][4, 7, 28][7, 20, 14][17, 28][12, 19][25, 28][7, 16][5, 6] 
[24, 23, 9, 1, 3, 11, 25][8, 26, 0, 19, 17][6, 2, 29, 10, 27][5, 21, 15, 16][12, 22, 18, 13][4, 7, 28][7, 20, 14][17, 28][12, 19][25, 28][7, 16][5, 6] 
[11, 25, 28, 16, 2, 15, 6, 5, 21, 10, 29, 27][9, 3, 24, 1, 23, 20, 14, 4, 7, 10][6, 13, 18, 17, 22, 19, 0, 26, 8, 12][10, 29][0, 26][0, 26][10, 29][13, 18][13, 18][8, 26][8, 26][8, 26] 
[11, 25, 28, 16, 2, 15, 6, 5, 21, 10, 29, 27][9, 3, 24, 1, 23, 20, 14, 4, 7, 10][6, 13, 18, 17, 22, 19, 0, 26, 8, 12][10, 29][0, 26][0, 26][10, 29][13, 18][13, 18][8, 26][8, 26][8, 26] 
[11, 25, 28, 16, 2, 15, 6, 5, 21, 10, 29, 27][9, 3, 24, 1, 23, 20, 14, 4, 7, 10][6, 13, 18, 17, 22, 19, 0, 26, 8, 12][10, 29][0, 26][0, 26][10, 29][13, 18][13, 18][8, 26][8, 26][8, 26] 
[25, 28, 16, 2, 15, 6, 5, 21, 10, 29, 27][6, 13, 18, 17, 22, 19, 0, 26, 8, 12][7, 4, 14, 20, 23, 1, 24, 3, 9][13, 18, 0, 19, 22, 17, 11, 14][10, 29][6, 15][13, 18][10, 29][10, 29][10, 29][8, 26][0, 26] 
[25, 28, 16, 2, 15, 6, 5, 21, 10, 29, 27][6, 13, 18, 17, 22, 19, 0, 26, 8, 12][7, 4, 14, 20, 23, 1, 24, 3, 9][13, 18, 0, 19, 22, 17, 11, 14][10, 29][6, 15][13, 18][10, 29][10, 29][10, 29][8, 26][0, 26] 
[25, 28, 16, 2, 15, 6, 5, 21, 10, 29, 27][6, 13, 18, 17, 22, 19, 0, 26, 8, 12][7, 4, 14, 20, 23, 1, 24, 3, 9][14, 11, 17][13, 18][10, 29][8, 26][10, 29][8, 26][10, 29][8, 26][10, 29] 
[11, 25, 28, 16, 2, 15, 6, 5, 21, 10, 29, 27][9, 3, 24, 1, 23, 20, 14, 4, 7, 10][6, 13, 18, 17, 22, 19, 0, 26, 8, 12][10, 29][0, 26][0, 26][10, 29][13, 18][13, 18][8, 26][8, 26][8, 26] 
[11, 25, 28, 16, 2, 15, 6, 5, 21, 10, 29, 27][9, 3, 24, 1, 23, 20, 14, 4, 7, 10][6, 13, 18, 17, 22, 19, 0, 26, 8, 12][10, 29][0, 26][0, 26][10, 29][13, 18][13, 18][8, 26][8, 26][8, 26] 
[10, 21, 5, 6, 15, 2, 16, 28, 25, 11][9, 3, 24, 1, 23, 20, 14, 4, 7, 10][6, 13, 18, 17, 22, 19, 0, 26, 8, 12][15, 27][10, 29][8, 26][8, 26][0, 26][8, 26][8, 26][13, 18][0, 26] 
[11, 25, 28, 16, 2, 15, 6, 5, 21, 10, 29, 27][12, 8, 26, 0, 19, 22, 17, 18, 13, 6, 15, 27][9, 3, 24, 1, 23, 20, 14, 4, 7, 10][19, 0, 26][10, 29][0, 26][10, 29][13, 18][13, 18][8, 26][8, 26][8, 26] 
[11, 25, 28, 16, 2, 15, 6, 5, 21, 10, 29, 27][9, 3, 24, 1, 23, 20, 14, 4, 7, 10][6, 13, 18, 17, 22, 19, 0, 26, 8, 12][10, 29][0, 26][0, 26][10, 29][13, 18][13, 18][8, 26][8, 26][8, 26] 
[11, 25, 28, 16, 2, 15, 6, 5, 21, 10, 29, 27][9, 3, 24, 1, 23, 20, 14, 4, 7, 10][6, 13, 18, 17, 22, 19, 0, 26, 8, 12][10, 29][0, 26][0, 26][10, 29][13, 18][13, 18][8, 26][8, 26][8, 26] 
[10, 21, 5, 6, 15, 2, 16, 28, 25, 11][9, 3, 24, 1, 23, 20, 14, 4, 7, 10][6, 13, 18, 17, 22, 19, 0, 26, 8, 12][15, 27][10, 29][8, 26][8, 26][0, 26][8, 26][8, 26][13, 18][0, 26] 
[11, 25, 28, 16, 2, 15, 6, 5, 21, 10, 29, 27][12, 8, 26, 0, 19, 22, 17, 18, 13, 6, 15, 27][9, 3, 24, 1, 23, 20, 14, 4, 7, 10][10, 29][0, 26][0, 26][10, 29][13, 18][13, 18][8, 26][8, 26][8, 26] 
[11, 25, 28, 16, 2, 15, 6, 5, 21, 10, 29, 27][9, 3, 24, 1, 23, 20, 14, 4, 7, 10][6, 13, 18, 17, 22, 19, 0, 26, 8, 12][10, 29][0, 26][0, 26][10, 29][13, 18][13, 18][8, 26][8, 26][8, 26] 
[11, 25, 28, 16, 2, 15, 6, 5, 21, 10, 29, 27][6, 13, 18, 17, 22, 19, 0, 26, 8, 12][9, 3, 24, 1, 23, 20, 14, 4, 7, 10][0, 26][0, 26][8, 26][8, 26][8, 26][8, 26][10, 29][8, 26][13, 18] 
[11, 25, 28, 16, 2, 15, 6, 5, 21, 10, 29, 27][6, 13, 18, 17, 22, 19, 0, 26, 8, 12][9, 3, 24, 1, 23, 20, 14, 4, 7, 10][0, 26][0, 26][8, 26][8, 26][8, 26][8, 26][10, 29][8, 26][13, 18] 
[11, 25, 28, 16, 2, 15, 6, 5, 21, 10, 29, 27][9, 3, 24, 1, 23, 20, 14, 4, 7, 10][6, 13, 18, 17, 22, 19, 0, 26, 8, 12][6, 13, 18][13, 18][6, 13][8, 26][8, 26][10, 29][0, 26][6, 13][10, 29] 
[11, 25, 28, 16, 2, 15, 6, 5, 21, 10, 29, 27][6, 13, 18, 17, 22, 19, 0, 26, 8, 12][9, 3, 24, 1, 23, 20, 14, 4, 7, 10][0, 26][0, 26][8, 26][8, 26][8, 26][8, 26][10, 29][8, 26][13, 18] 
[11, 25, 28, 16, 2, 15, 6, 5, 21, 10, 29, 27][6, 13, 18, 17, 22, 19, 0, 26, 8, 12][9, 3, 24, 1, 23, 20, 14, 4, 7, 10][0, 26][0, 26][8, 26][8, 26][8, 26][8, 26][10, 29][8, 26][13, 18] 
[6, 15, 29, 10, 7, 4, 14, 20, 23, 1, 24, 3, 9][11, 25, 28, 16, 2, 15, 6, 5, 21, 10, 29, 27][6, 13, 18, 17, 22, 19, 0, 26, 8, 12][10, 29][0, 26][0, 26][10, 29][13, 18][13, 18][8, 26][8, 26][8, 26] 
[24, 23, 9, 1, 3, 11, 25][6, 2, 29, 10, 27][8, 26, 0, 19, 17][14, 20, 7, 16][12, 22, 18, 13][5, 21, 15][4, 7, 28][5, 6][15, 16][25, 28][17, 28][12, 19] 
[24, 23, 9, 1, 3, 11, 25][6, 2, 29, 10, 27][8, 26, 0, 19, 17][14, 20, 7, 16][12, 22, 18, 13][5, 21, 15][4, 7, 28][5, 6][15, 16][25, 28][17, 28][12, 19] 
[24, 23, 9, 1, 3, 11, 25][6, 2, 29, 10, 27][8, 26, 0, 19, 17][14, 20, 7, 16][12, 22, 18, 13][5, 21, 15][4, 7, 28][5, 6][15, 16][25, 28][17, 28][12, 19] 
[24, 23, 9, 1, 3, 11, 25][8, 26, 0, 19, 17][6, 2, 29, 10, 27][12, 22, 18, 13][14, 20, 7, 16][4, 7, 28][5, 21, 15][12, 19][17, 28][15, 16][25, 28][5, 6] 
[24, 23, 9, 1, 3, 11, 25][6, 2, 29, 10, 27][8, 26, 0, 19, 17][14, 20, 7, 16][12, 22, 18, 13][5, 21, 15][4, 7, 28][5, 6][15, 16][25, 28][17, 28][12, 19] 
[24, 23, 9, 1, 3, 11, 25][6, 2, 29, 10, 27][8, 26, 0, 19, 17][14, 20, 7, 16][12, 22, 18, 13][5, 21, 15][4, 7, 28][5, 6][15, 16][25, 28][17, 28][12, 19] 
[24, 23, 9, 1, 3, 11, 25][6, 2, 29, 10, 27][8, 26, 0, 19, 17][14, 20, 7, 16][12, 22, 18, 13][5, 21, 15][4, 7, 28][5, 6][15, 16][25, 28][17, 28][12, 19] 
[24, 23, 9, 1, 3, 11, 25][6, 2, 29, 10, 27][8, 26, 0, 19, 17][14, 20, 7, 16][12, 22, 18, 13][5, 21, 15][4, 7, 28][5, 6][15, 16][25, 28][17, 28][12, 19] 
[24, 23, 9, 1, 3, 11, 25][6, 2, 29, 10, 27][8, 26, 0, 19, 17][14, 20, 7, 16][12, 22, 18, 13][5, 21, 15][4, 7, 28][5, 6][15, 16][25, 28][17, 28][12, 19] 
[24, 23, 9, 1, 3, 11, 25][6, 2, 29, 10, 27][8, 26, 0, 19, 17][14, 20, 7, 16][12, 22, 18, 13][5, 21, 15][4, 7, 28][5, 6][15, 16][25, 28][17, 28][12, 19] 
[24, 23, 9, 1, 3, 11, 25][6, 2, 29, 10, 27][8, 26, 0, 19, 17][14, 20, 7, 16][12, 22, 18, 13][5, 21, 15][4, 7, 28][5, 6][15, 16][25, 28][17, 28][12, 19] 
[24, 23, 9, 1, 3, 11, 25][6, 2, 29, 10, 27][8, 26, 0, 19, 17][14, 20, 7, 16][12, 22, 18, 13][5, 21, 15][4, 7, 28][5, 6][15, 16][25, 28][17, 28][12, 19] 
[24, 23, 9, 1, 3, 11, 25][6, 2, 29, 10, 27][8, 26, 0, 19, 17][14, 20, 7, 16][12, 22, 18, 13][5, 21, 15][4, 7, 28][5, 6][15, 16][25, 28][17, 28][12, 19] 
[24, 23, 9, 1, 3, 11, 25][6, 2, 29, 10, 27][8, 26, 0, 19, 17][14, 20, 7, 16][12, 22, 18, 13][5, 21, 15][4, 7, 28][5, 6][15, 16][25, 28][17, 28][12, 19] 
[24, 23, 9, 1, 3, 11, 25][6, 2, 29, 10, 27][8, 26, 0, 19, 17][14, 20, 7, 16][12, 22, 18, 13][5, 21, 15][4, 7, 28][5, 6][15, 16][25, 28][17, 28][12, 19] 
[24, 23, 9, 1, 3, 11, 25][8, 26, 0, 19, 17][6, 2, 29, 10, 27][5, 21, 15, 16][12, 22, 18, 13][4, 7, 28][7, 20, 14][17, 28][12, 19][25, 28][7, 16][5, 6] 
[24, 23, 9, 1, 3, 11, 25][8, 26, 0, 19, 17][6, 2, 29, 10, 27][5, 21, 15, 16][12, 22, 18, 13][4, 7, 28][7, 20, 14][17, 28][12, 19][25, 28][7, 16][5, 6] 
[24, 23, 9, 1, 3, 11, 25][8, 26, 0, 19, 17][6, 2, 29, 10, 27][5, 21, 15, 16][12, 22, 18, 13][7, 20, 14][4, 7, 28][17, 28][7, 16][25, 28][12, 19][5, 6] 
[24, 23, 9, 1, 3, 11, 25][8, 26, 0, 19, 17][6, 2, 29, 10, 27][5, 21, 15, 16][12, 22, 18, 13][4, 7, 28][7, 20, 14][17, 28][12, 19][25, 28][7, 16][5, 6] 
[24, 23, 9, 1, 3, 11, 25][8, 26, 0, 19, 17][6, 2, 29, 10, 27][5, 21, 15, 16][12, 22, 18, 13][4, 7, 28][7, 20, 14][17, 28][12, 19][25, 28][7, 16][5, 6] 
[24, 23, 9, 1, 3, 11, 25][6, 2, 29, 10, 27][5, 21, 15, 16][17, 0, 12, 19][12, 22, 18, 13][7, 20, 14][4, 7, 28][0, 26, 8][5, 6][7, 16][25, 28][17, 28] 
[24, 23, 9, 1, 3, 11, 25][8, 26, 0, 19, 17][6, 2, 29, 10, 27][12, 22, 18, 13][14, 20, 7, 16][4, 7, 28][5, 21, 15][12, 19][17, 28][15, 16][25, 28][5, 6] 
[24, 23, 9, 1, 3, 11, 25][6, 2, 29, 10, 27][8, 26, 0, 19, 17][14, 20, 7, 16][12, 22, 18, 13][5, 21, 15][4, 7, 28][5, 6][15, 16][25, 28][17, 28][12, 19] 
[24, 23, 9, 1, 3, 11, 25][6, 2, 29, 10, 27][8, 26, 0, 19, 17][14, 20, 7, 16][12, 22, 18, 13][5, 21, 15][4, 7, 28][5, 6][15, 16][25, 28][17, 28][12, 19] 
[24, 23, 9, 1, 3, 11, 25][6, 2, 29, 10, 27][8, 26, 0, 19, 17][14, 20, 7, 16][12, 22, 18, 13][5, 21, 15][4, 7, 28][5, 6][15, 16][25, 28][17, 28][12, 19] 
[24, 23, 9, 1, 3, 11, 25][6, 2, 29, 10, 27][8, 26, 0, 19, 17][14, 20, 7, 16][12, 22, 18, 13][5, 21, 15][4, 7, 28][5, 6][15, 16][25, 28][17, 28][12, 19] 
[24, 23, 9, 1, 3, 11, 25][8, 26, 0, 19, 17][6, 2, 29, 10, 27][5, 21, 15, 16][12, 22, 18, 13][4, 7, 28][7, 20, 14][17, 28][12, 19][25, 28][7, 16][5, 6] 
[24, 23, 9, 1, 3, 11, 25][6, 2, 29, 10, 27][8, 26, 0, 19, 17][14, 20, 7, 16][12, 22, 18, 13][5, 21, 15][4, 7, 28][5, 6][15, 16][25, 28][17, 28][12, 19] 
[24, 23, 9, 1, 3, 11, 25][8, 26, 0, 19, 17][6, 2, 29, 10, 27][5, 21, 15, 16][12, 22, 18, 13][4, 7, 28][7, 20, 14][17, 28][12, 19][25, 28][7, 16][5, 6] 
[24, 23, 9, 1, 3, 11, 25][8, 26, 0, 19, 17][6, 2, 29, 10, 27][5, 21, 15, 16][12, 22, 18, 13][4, 7, 28][7, 20, 14][17, 28][12, 19][25, 28][7, 16][5, 6] 
[24, 23, 9, 1, 3, 11, 25][8, 26, 0, 19, 17][6, 2, 29, 10, 27][5, 21, 15, 16][12, 22, 18, 13][4, 7, 28][7, 20, 14][17, 28][12, 19][25, 28][7, 16][5, 6] 
[24, 23, 9, 1, 3, 11, 25][8, 26, 0, 19, 17][6, 2, 29, 10, 27][5, 21, 15, 16][12, 22, 18, 13][4, 7, 28][7, 20, 14][17, 28][12, 19][25, 28][7, 16][5, 6] 
[24, 23, 9, 1, 3, 11, 25][8, 26, 0, 19, 17][6, 2, 29, 10, 27][5, 21, 15, 16][12, 22, 18, 13][4, 7, 28][7, 20, 14][17, 28][12, 19][25, 28][7, 16][5, 6] 
[24, 23, 9, 1, 3, 11, 25][8, 26, 0, 19, 17][6, 2, 29, 10, 27][5, 21, 15, 16][12, 22, 18, 13][4, 7, 28][7, 20, 14][17, 28][12, 19][25, 28][7, 16][5, 6] 
[24, 23, 9, 1, 3, 11, 25][8, 26, 0, 19, 17][6, 2, 29, 10, 27][5, 21, 15, 16][12, 22, 18, 13][4, 7, 28][7, 20, 14][17, 28][12, 19][25, 28][7, 16][5, 6] 
[24, 23, 9, 1, 3, 11, 25][8, 26, 0, 19, 17][6, 2, 29, 10, 27][5, 21, 15, 16][12, 22, 18, 13][4, 7, 28][7, 20, 14][17, 28][12, 19][25, 28][7, 16][5, 6] 
[24, 23, 9, 1, 3, 11, 25][8, 26, 0, 19, 17][6, 2, 29, 10, 27][5, 21, 15, 16][12, 22, 18, 13][4, 7, 28][7, 20, 14][17, 28][12, 19][25, 28][7, 16][5, 6] 
[24, 23, 9, 1, 3, 11, 25][8, 26, 0, 19, 17][6, 2, 29, 10, 27][5, 21, 15, 16][12, 22, 18, 13][4, 7, 28][7, 20, 14][17, 28][12, 19][25, 28][7, 16][5, 6] 
[24, 23, 9, 1, 3, 11, 25][8, 26, 0, 19, 17][6, 2, 29, 10, 27][5, 21, 15, 16][12, 22, 18, 13][4, 7, 28][7, 20, 14][17, 28][12, 19][25, 28][7, 16][5, 6] 
[24, 23, 9, 1, 3, 11, 25][8, 26, 0, 19, 17][6, 2, 29, 10, 27][5, 21, 15, 16][12, 22, 18, 13][4, 7, 28][7, 20, 14][17, 28][12, 19][25, 28][7, 16][5, 6] 
[24, 23, 9, 1, 3, 11, 25][8, 26, 0, 19, 17][6, 2, 29, 10, 27][5, 21, 15, 16][12, 22, 18, 13][4, 7, 28][7, 20, 14][17, 28][12, 19][25, 28][7, 16][5, 6] 
[24, 23, 9, 1, 3, 11, 25][8, 26, 0, 19, 17][6, 2, 29, 10, 27][5, 21, 15, 16][12, 22, 18, 13][4, 7, 28][7, 20, 14][17, 28][12, 19][25, 28][7, 16][5, 6] 
[24, 23, 9, 1, 3, 11, 25][8, 26, 0, 19, 17][6, 2, 29, 10, 27][12, 22, 18, 13][5, 21, 15, 16][4, 7, 28][7, 20, 14][12, 19][17, 28][25, 28][7, 16][5, 6] 
[24, 23, 9, 1, 3, 11, 25][6, 2, 29, 10, 27][5, 21, 15, 16][14, 20, 7, 16][17, 0, 12, 19][12, 22, 18, 13][4, 7, 28][0, 26, 8][5, 6][15, 21][17, 28][25, 28] 
[24, 23, 9, 1, 3, 11, 25][6, 2, 29, 10, 27][5, 21, 15, 16][14, 20, 7, 16][17, 0, 12, 19][12, 22, 18, 13][4, 7, 28][0, 26, 8][5, 6][15, 21][17, 28][25, 28] 
[24, 23, 9, 1, 3, 11, 25][6, 2, 29, 10, 27][5, 21, 15, 16][14, 20, 7, 16][17, 0, 12, 19][12, 22, 18, 13][4, 7, 28][0, 26, 8][5, 6][15, 21][17, 28][25, 28] 
[24, 23, 9, 1, 3, 11, 25][6, 2, 29, 10, 27][5, 21, 15, 16][14, 20, 7, 16][17, 0, 12, 19][12, 22, 18, 13][4, 7, 28][0, 26, 8][5, 6][15, 21][17, 28][25, 28] 
[24, 23, 9, 1, 3, 11, 25][6, 2, 29, 10, 27][5, 21, 15, 16][14, 20, 7, 16][17, 0, 12, 19][12, 22, 18, 13][4, 7, 28][0, 26, 8][5, 6][15, 21][17, 28][25, 28] 
[24, 23, 9, 1, 3, 11, 25][8, 26, 0, 19, 17][6, 2, 29, 10, 27][13, 18, 22, 12, 19][5, 21, 15, 16][4, 7, 28][7, 20, 14][17, 28][12, 19][25, 28][7, 16][5, 6] 
[24, 23, 9, 1, 3, 11, 25][6, 2, 29, 10, 27][8, 26, 0, 19, 17][14, 20, 7, 16][12, 22, 18, 13][5, 21, 15][4, 7, 28][5, 6][15, 16][25, 28][17, 28][12, 19] 
[24, 23, 9, 1, 3, 11, 25][6, 2, 29, 10, 27][8, 26, 0, 19, 17][14, 20, 7, 16][12, 22, 18, 13][5, 21, 15][4, 7, 28][5, 6][15, 16][25, 28][17, 28][12, 19] 
[24, 23, 9, 1, 3, 11, 25][6, 2, 29, 10, 27][8, 26, 0, 19, 17][14, 20, 7, 16][12, 22, 18, 13][5, 21, 15][4, 7, 28][5, 6][15, 16][25, 28][17, 28][12, 19] 
[24, 23, 9, 1, 3, 11, 25][6, 2, 29, 10, 27][8, 26, 0, 19, 17][14, 20, 7, 16][12, 22, 18, 13][5, 21, 15][4, 7, 28][5, 6][15, 16][25, 28][17, 28][12, 19] 
[24, 23, 9, 1, 3, 11, 25][6, 2, 29, 10, 27][8, 26, 0, 19, 17][14, 20, 7, 16][12, 22, 18, 13][5, 21, 15][4, 7, 28][5, 6][15, 16][25, 28][17, 28][12, 19] 
[24, 23, 9, 1, 3, 11, 25][8, 26, 0, 19, 17][6, 2, 29, 10, 27][5, 21, 15, 16][12, 22, 18, 13][4, 7, 28][7, 20, 14][17, 28][12, 19][25, 28][7, 16][5, 6] 
[24, 23, 9, 1, 3, 11, 25][6, 2, 29, 10, 27][8, 26, 0, 19, 17][14, 20, 7, 16][12, 22, 18, 13][5, 21, 15][4, 7, 28][5, 6][15, 16][25, 28][17, 28][12, 19] 
