68415.0 8484.82995529424 0.41297366730892743 0.2556197816313423 71.0 70.0 0.0 
70420.0 7434.509795122942 0.37572254335260113 0.2691072575465639 76.0 73.0 1.1176470588235294 
103681.1306636056 10698.379421008123 0.08477842003853564 0.0 105.0 136.0 2.2330368906455864 
136587.1101881033 9191.672921994277 0.07258734560682505 0.0 132.0 130.0 2.88505315822389 
96313.47346176034 10057.454323481332 0.06872190109184328 0.0 125.0 135.0 2.528412644266303 
77115.0 8676.199011858565 0.29736673089274246 0.06615285806037251 82.0 70.0 0.0 
108145.0 7923.1521604556165 0.18625561978163135 0.20680796403339757 112.0 82.0 0.5639386189258312 
120535.0 8591.497106326779 0.16184971098265896 0.011560693641618497 130.0 105.0 1.5 
65755.0 8696.442234500497 0.33076429030186255 0.2691072575465639 67.0 76.0 0.0 
96065.0 8263.819850646196 0.18689788053949905 0.03018625561978163 89.0 76.0 0.0 
85610.06647000488 11644.929680381552 0.1111111111111111 0.0 93.0 131.0 1.910443722943723 
86080.0 8973.53038324588 0.25050215551290317 0.02697643682641511 96.0 74.0 0.0 
95246.16943544336 11451.981718917414 0.09377007064868337 0.0 102.0 132.0 2.1297763778367225 
105850.0 10184.25904965443 0.1233140655105973 0.0 120.0 128.0 2.0629573170731708 
96214.90814440709 13169.007300352965 0.08606294155427104 0.0 95.0 154.0 3.129861111111111 
108294.90987048078 10762.811983714188 0.08028259473346179 0.0 115.0 135.0 2.6641414141414144 
117680.0 7740.216538024582 0.3596660244059088 0.147077713551702 121.0 72.0 0.0 
83730.42178481258 10675.224965856925 0.18304431599229287 0.007064868336544637 81.0 93.0 0.6868686868686869 
72920.0 7601.512147895439 0.1233140655105973 0.2960822093770071 82.0 73.0 0.0 
158100.0 7192.282972710644 0.3384714193962749 0.10789980732177264 139.0 73.0 0.0 
112245.52644979555 9359.473333936909 0.08863198458574181 0.0 132.0 131.0 2.432773597175771 
98871.03458791588 11811.05114043745 0.0783558124598587 0.0 108.0 150.0 2.676151761517615 
94237.36739501642 10018.929061990177 0.12780989081567115 0.0 121.0 136.0 2.0102206736353074 
126900.0 7705.867881173978 0.13744380218368657 0.0 124.0 107.0 2.2544642857142856 
125835.0 5983.627571969997 0.38023024862545063 0.026332691072575465 137.0 79.0 1.24 
90750.0 9073.08531834273 0.15928066795118817 0.011560693641618497 114.0 96.0 0.46875 
88889.99999999999 12111.233393768809 0.08738937295632586 1.8974948530452111E-6 102.0 148.0 2.768342768342768 
129045.0 6992.0255538428155 0.20873474630700065 0.01991008349389852 133.0 79.0 0.0 
87624.5215059942 10547.686559152915 0.09698137443802184 0.0 103.0 125.0 1.9246794871794872 
115400.14541293641 11503.655451898638 0.0828581552472539 0.0 106.0 135.0 2.205879353944041 
103890.0 8694.450708571701 0.18497109826589594 0.01991008349389852 101.0 86.0 0.4222222222222222 
62260.0 8945.01018329939 0.12267180475272961 0.28644829800899163 62.0 75.0 0.0 
63930.0 8285.778485925566 0.2845215157353886 0.31021194605009633 69.0 77.0 0.0 
90671.28831591117 13877.468947412795 0.08798972382787412 0.0 88.0 155.0 2.930890019860973 
90727.64438638564 11976.425482837793 0.0783558124598587 0.0 97.0 135.0 2.7384939621781723 
110512.74041561263 9397.473489192931 0.08220937700706486 0.0 122.0 124.0 2.0442670755170758 
101402.14077778251 9200.14951808684 0.12074502247912652 0.0 122.0 122.0 2.498181818181818 
110620.95608891883 6716.262541422272 0.11755880127107718 2.3928008313003845E-6 127.0 99.0 1.5025641025641026 
89317.5 10230.264676076027 0.1920359666024406 0.030828516377649325 90.0 95.0 1.2256523963841037 
89070.0 7514.903779021099 0.2845215157353886 0.14065510597302505 105.0 79.0 0.0 
92870.0 6479.579831932773 0.2241490044958253 0.20873474630700065 103.0 95.0 1.2222222222222223 
130580.0 8375.67602608666 0.22351515871513197 0.007707129094412331 122.0 89.0 0.9014634146341465 
124396.28908385617 8914.599218937767 0.08156711624919717 0.0 155.0 159.0 3.0309401709401707 
115651.81065067324 8697.458553924158 0.18561335902376364 0.0 122.0 112.0 1.62012432012432 
84025.0 8097.961679576028 0.2035966602440591 0.18754014129736674 96.0 79.0 0.0 
51425.0 9570.190606607013 0.2703917790622993 0.44187540141297366 54.0 74.0 0.0 
60210.0 8148.486736525232 0.17597944765574824 0.31856133590237634 67.0 84.0 1.2666666666666666 
101400.0 7039.669083978303 0.22093770070648683 0.0 122.0 87.0 1.0512820512820513 
144210.0 7363.792721635786 0.36095054592164416 0.09826589595375723 140.0 71.0 0.0 
131150.0 6035.036219354948 0.170199100834939 0.006422607578676943 145.0 86.0 1.2333333333333334 
98002.5 8002.282224703133 0.24149004495825305 0.0 127.0 104.0 2.0680555555555555 
104285.0 6198.2151217228475 0.20423892100192678 0.029543994861913937 127.0 81.0 1.0625 
173705.0 6372.50321139889 0.32631433487236666 0.005138746061151309 177.0 94.0 1.3525641025641026 
188275.0 5742.948045257447 0.3827874116891458 0.024405908798972382 167.0 74.0 1.0444444444444445 
50335.0 8173.3782325432685 0.12267180475272961 0.3911368015414258 63.0 78.0 0.0 
155730.0 5752.597970757594 0.33076429030186255 0.05202312138728324 152.0 78.0 1.0454545454545454 
111599.98889347742 13082.288033426437 0.05073859987154785 0.0 99.0 145.0 2.5789094036045253 
75857.94105118104 10197.670484484757 0.20554844306586756 0.14838525546202175 81.0 100.0 1.4011475557965123 
138740.0 5979.580624416863 0.3937058445728966 0.006422607578676943 158.0 78.0 1.0625 
132895.0 7274.766584766585 0.4226075786769428 0.02569043031470777 133.0 77.0 0.0 
182624.27006790333 6299.025875358994 0.3551701991008349 0.0 181.0 92.0 1.7884815762053614 
70320.0 9319.025146083519 0.41106800497803647 0.26396917148362237 67.0 76.0 0.2976190476190476 
78685.0 10014.629883994952 0.19974309569685292 0.08734746307000642 81.0 86.0 0.6076388888888888 
167840.0 7224.830854498016 0.33204881181759793 0.06679511881824021 146.0 78.0 0.0 
134550.0 5899.458052682609 0.20745022479126526 0.0 157.0 105.0 1.6101461262751584 
152665.0 7247.067604874189 0.34232498394348104 0.06037251123956326 145.0 76.0 0.0 
81615.0 9362.278466210997 0.340398201669878 0.035324341682723186 92.0 66.0 0.0 
170925.0 7277.844551282055 0.3892100192678227 0.012845215157353885 158.0 76.0 0.0 
100872.6818913946 12319.735096853923 0.0892742453436095 0.0 94.0 124.0 2.2323863636363637 
113560.0 7267.062500000002 0.22736030828516376 0.030828516377649325 130.0 81.0 0.0 
67380.0 10449.566060515157 0.39247486541192755 0.262722269865843 61.0 79.0 1.0588235294117647 
56400.0 7175.910957353941 0.1123956326268465 0.371868978805395 68.0 81.0 1.0666666666666667 
74590.0 8171.709193546179 0.28837508028259473 0.15542710340398203 80.0 72.0 0.5507246376811594 
77545.0 6441.291455870218 0.20940390699447164 0.23702466207060416 102.0 95.0 1.7719298245614037 
87021.023225018 12787.178156508542 0.10340398201669879 0.0 94.0 161.0 2.2675553613053614 
160670.0 6856.530066020345 0.35645472061657035 0.0892742453436095 147.0 77.0 0.0 
140385.0 7413.717316868688 0.3134232498394348 0.1438664097623635 135.0 71.0 0.0 
164005.0 7218.095556166752 0.34232498394348104 0.05394990366088632 154.0 75.0 0.0 
54510.0 8646.298450733775 0.20937700706486834 0.3827874116891458 58.0 73.0 0.0 
146215.0 7284.188098215013 0.357096981374438 0.005138086062941554 154.0 83.0 0.6739926739926739 
90425.0 6370.151920680125 0.3018625561978163 0.12780989081567115 107.0 81.0 1.32 
86650.2365217948 14809.774854638272 0.07451775910002345 1.64999552438714E-6 85.0 146.0 2.024372009569378 
71264.83519074226 11481.980881836853 0.1946292677790938 0.17921377183929127 72.0 96.0 1.0896845090393477 
204555.0 5946.064814310004 0.39246909042759226 9.487474265226056E-6 188.0 91.0 1.7929824561403507 
47185.0 8674.484922830508 0.2132305716120745 0.4746307000642261 50.0 71.0 0.0 
86895.0 6378.378284603424 0.19781631342324985 0.1579961464354528 107.0 81.0 1.0434782608695652 
83953.99827666473 14430.356218825853 0.12202954399486192 0.0 89.0 138.0 1.7009070972886762 
142360.82933579435 8864.12472438764 0.09248554913294797 0.0 132.0 115.0 2.3855659787367105 
41825.0 8447.242647058825 0.16249197174052665 0.48233782915863843 46.0 70.0 0.0 
64545.0 6564.113914312436 0.05394990366088632 0.3583815028901734 83.0 75.0 1.08 
68280.0 6524.130690849875 0.16765093305512926 0.2640106728980247 91.0 87.0 1.7333333333333334 
197010.0 5814.995084326637 0.36095054592164416 0.0 177.0 115.0 2.9610356963298137 
193640.0 6121.595319193894 0.3629200630793289 4.867486796942064E-6 187.0 93.0 0.9236111111111112 
96075.0 6444.1448019219015 0.1952678953358339 0.018627954471673494 108.0 77.0 1.1578947368421053 
177790.0 5451.120460783872 0.43031470777135516 0.0 185.0 79.0 0.0 
80950.0 6402.356409853356 0.1329479768786127 0.262684649967887 104.0 108.0 2.451111111111111 
58025.0 9894.785958260907 0.21258831085420682 0.294155427103404 63.0 69.0 0.0 
122615.0 5737.868846381973 0.20423892100192678 0.029543994861913937 143.0 81.0 0.0 
82115.29081158034 11309.318093656195 0.19140154332331374 0.03917790622992935 74.0 103.0 1.131104651162791 
94169.67656792805 14104.047811218014 0.06101477199743096 0.0 91.0 157.0 2.758335807274487 
78664.29238559197 13626.341958853722 0.12075459368260963 0.012845215157353885 86.0 122.0 0.5983851674641147 
159070.0 4558.469236471458 0.4258188824662813 0.0 185.0 81.0 1.0625 
119530.0 6163.948552403328 0.14195884993661953 0.007707129094412331 140.0 92.0 1.5366300366300365 
106885.0 5633.134649002715 0.14065510597302505 0.03789338471419396 125.0 79.0 0.0 
58630.0 6731.644705185679 0.16251383418122478 0.32308851112241355 76.0 82.0 1.0666666666666667 
140970.0 5710.265241081527 0.45536287732819525 0.0 166.0 78.0 1.0625 
52355.0 6920.783132530118 0.10918432883750803 0.3815028901734104 66.0 79.0 0.0 
192065.0 5066.794906833013 0.33269107257546565 0.03789338471419396 175.0 85.0 0.4444444444444444 
150865.0 5127.868778999426 0.3622350674373796 0.03789338471419396 159.0 77.0 0.0 
43940.0 9454.155610083219 0.13423249839434812 0.5016056518946692 48.0 78.0 0.0 
39910.0 9867.264880551527 0.13423249839434812 0.5016056518946692 44.0 77.0 0.0 
81472.34067809355 14068.197748954617 0.10534429425360184 0.0 88.0 151.0 2.024485930735931 
