[16, 10, 27, 29, 15, 5, 6, 21, 2, 7, 28, 17][1, 24, 23, 9, 3, 14, 11][18, 12, 8, 26, 0, 19][6, 13][7, 20][13, 18][25, 28][0, 22][10, 27][3, 4][11, 17][13, 18] 
[16, 10, 27, 29, 15, 5, 6, 21, 2, 7, 28, 17][13, 6, 2, 7, 25, 11, 14][23, 14, 20, 4, 1, 24][12, 18, 13][12, 8, 19][25, 28][3, 14][8, 26][0, 26][12, 22][12, 22][9, 23] 
[12, 0, 13, 6, 21, 10, 15, 29, 2, 7, 14][11, 25, 0, 18, 22, 19, 17, 28][1, 24, 23, 9, 3][7, 4, 24, 20][8, 26][8, 19][5, 21][0, 18][27, 29][2, 7][16, 28][8, 26] 
[12, 18, 13, 6, 5, 21, 15, 27, 10, 2, 7, 24, 20, 4, 23][2, 21, 10, 16, 27, 7, 20, 4, 1, 24, 23, 9, 3, 14, 11][20, 4, 1, 24, 23, 9, 3, 14, 11, 25, 7, 2, 6, 15, 21][5, 21, 6, 15, 29, 10, 27, 2, 7, 20, 24, 4, 14, 3, 9][1, 9, 23, 4, 20, 14, 11, 17, 18, 22, 25, 0, 19, 12, 8][8, 26, 0, 12, 19, 17, 28, 25, 11, 3, 24, 23, 1, 9, 14][20, 4, 23, 1, 3, 14, 24, 7, 16, 10, 2, 29, 15, 27][5, 21, 15, 16, 6, 13, 18, 22, 12, 19, 0, 26, 8][0, 26, 8, 19, 12, 17, 18, 13, 6, 10, 27][16, 28, 25, 22, 19][8, 12, 19, 18][3, 9] 
[11, 25, 28, 16, 27, 7, 2, 15][1, 9, 3, 14, 4, 20, 23, 24][18, 0, 17, 19][8, 12, 22, 25][5, 15, 29][0, 26][6, 21][6, 10][7, 20][6, 13][0, 12][2, 21] 
[1, 9, 3, 14, 4, 20, 23, 24][15, 5, 6, 21, 2, 7, 28][14, 11, 25, 28, 16, 27][6, 13, 0, 22, 17][12, 18][12, 19][6, 10][2, 29][2, 21][8, 12][8, 26][12, 17] 
[6, 2, 7, 25, 11, 14, 3, 9, 23, 24, 1, 4, 20][2, 15, 16, 28][21, 5, 15, 29][17, 0, 18, 19][10, 27, 29][0, 13][12, 22][8, 26][22, 25][15, 16][0, 26][6, 13] 
[6, 10, 7, 24, 23, 3, 14, 11, 25, 28, 17, 12, 8, 19, 22][2, 15, 21, 6, 13, 18, 0, 26, 8, 12, 19, 22, 25, 11, 14][0, 13, 6, 21, 10, 29, 2, 16, 28, 7, 20, 23, 3, 4, 24][22, 17, 28, 25, 0, 26, 8, 12, 19, 18, 13, 6, 5, 15, 29][10, 6, 21, 5, 15, 29][0, 18, 19, 12][1, 9, 3, 14][0, 13][9, 23][7, 27][11, 17][8, 26] 
[16, 6, 21, 15, 2, 29, 27, 7, 25, 0, 22, 19][10, 27, 29, 15, 5, 6, 21, 2, 7, 28, 17][7, 24, 23, 1, 3, 9, 14, 4, 20][0, 26][8, 26][11, 17][0, 13][0, 26][18, 19][0, 13][18, 19][12, 18] 
[5, 15, 27, 10, 21, 6, 13, 0, 22, 17, 12, 19][0, 25, 7, 24, 23, 1, 3, 9, 14, 4, 20][2, 29, 27][0, 22][10, 16][8, 12][11, 25][8, 26][0, 22][8, 26][17, 28][0, 18] 
[7, 27, 29, 15, 10, 6, 5, 21, 2, 16, 28, 17, 0, 18, 13][0, 26, 8, 12, 18, 19, 17, 22, 25, 28, 7, 10, 16, 6, 15][0, 26, 8, 19, 17, 22, 12, 18, 13, 6, 5, 21, 10, 29, 15][2, 7, 25, 11, 14, 3, 9, 23, 24, 1, 4, 20][8, 19, 22, 25][7, 25, 11][11, 25][0, 13][0, 12][0, 18][0, 12][0, 13] 
[10, 2, 29, 27, 7, 24, 20, 14, 3, 4, 1, 23][7, 25, 0, 22, 18, 17][12, 18, 13, 6, 15][5, 6, 21][11, 17][19, 22][0, 26][11, 17][8, 26][25, 28][9, 23][6, 16] 
[1, 9, 3, 14, 4, 20, 23, 24, 7, 28, 16, 15, 2, 6, 13][17, 0, 18, 19][15, 5, 21][8, 19, 22][11, 14][7, 27][6, 10][0, 13][11, 25][8, 26][15, 29][12, 19] 
[21, 5, 15, 27, 29, 10, 2, 16, 28, 0, 26, 8, 12, 18, 22][1, 9, 14, 23, 24, 7, 27, 29, 15, 16, 10, 21, 5, 6, 2][5, 15, 29, 27, 7, 14, 11, 3, 4, 20, 23, 24, 1, 9][5, 15, 2, 6, 13, 18, 19, 12, 0, 22, 17, 28, 25, 11][20, 4, 14, 9, 3, 1, 23, 24, 7, 25][12, 8, 26, 0, 18, 19, 17, 28, 25, 22][11, 25, 28, 16, 27][11, 25, 28, 16, 27][10, 16][12, 19][10, 16][12, 19] 
[11, 25, 28, 17, 22, 0, 12, 19, 18, 13, 6, 2, 15, 5, 21][19, 18, 12, 17, 28, 16, 7, 2, 29, 15, 5, 21, 6, 10, 27][6, 13, 18, 17, 11, 25, 7, 24, 23, 1, 3, 9, 14, 4, 20][16, 10, 2, 21, 15, 5, 6, 13, 0, 17, 18, 12, 8, 19, 22][20, 7, 4, 3, 9, 23, 24, 1, 14, 11, 25, 0, 17, 18, 22][24, 3, 9, 23, 1, 14, 7, 2, 29, 15, 5, 21, 6, 10, 27][6, 5, 21, 15, 16, 2, 10, 29, 27, 7, 24, 4, 23, 14, 20][0, 13, 18, 12, 8, 19, 22, 17, 11, 14, 1, 3, 4][18, 12, 8, 26, 0, 19][12, 19][12, 19][2, 6] 
[0, 13, 18, 17, 28, 7, 2, 21, 6, 5, 15, 29, 27, 10, 16][1, 9, 3, 14, 4, 20, 23, 24, 7, 28, 16, 15, 2, 6, 13][8, 12, 19, 18][18, 22, 0, 25][8, 12, 19, 18][17, 18, 22][11, 17][8, 26][0, 26][18, 19][7, 27][0, 22] 
[21, 5, 15, 29, 27, 2, 10, 7, 28, 25, 11, 3, 1, 24, 23][5, 21, 6, 15, 29, 2, 27, 10, 16, 28, 17, 18, 13, 0, 12][4, 20, 14, 7, 28, 16, 6, 13, 0, 12, 8, 19, 17, 18, 22][10, 15, 2, 29, 27, 16, 6, 13, 18, 22, 19, 8, 26, 0, 12][0, 13, 6, 2, 7, 25, 11, 14, 3, 9, 23, 24, 1, 4, 20][21, 5, 15, 29, 27, 2, 10, 7, 28, 25, 11, 3, 1, 24, 23][10, 15, 16, 28, 25, 11, 14, 3, 23, 9, 1, 24, 7, 4, 20][0, 22, 19, 17, 11, 3, 24, 4, 14, 1, 23, 20, 7, 25, 28][9, 23, 24, 1, 4, 20, 7, 25, 28, 0, 22, 19, 12, 8, 26][21, 5, 15, 29, 27, 2, 10, 7, 28, 25, 11, 3, 1, 24, 23][5, 6, 10, 21, 15, 27, 16, 2, 29][1, 14, 20, 24, 4, 3, 23, 9] 
[21, 6, 5, 15, 29, 27, 7, 20, 23, 9, 14, 3, 11, 17, 28][2, 7, 25, 11, 14, 3, 9, 23, 24, 1, 4, 20][8, 12, 22, 19, 17, 18, 13, 0, 26][25, 0, 18, 22, 19, 17, 28, 16, 27][2, 7, 25, 11, 14, 3][0, 25][6, 10][20, 24][8, 26][12, 19][0, 26][12, 19] 
[19, 12, 17, 22, 0, 25, 7, 24, 23, 1, 3, 9, 14, 4, 20][9, 3, 4, 14, 1, 23, 24, 7, 10, 15, 16, 6, 2, 29, 27][12, 18, 13, 6, 5, 21, 15, 27, 10, 2, 7, 24, 20, 4, 23][4, 20, 24, 3, 9, 14, 7, 27, 16, 2, 6, 5, 15, 10, 21][0, 18, 19, 12, 17, 28, 7, 27, 29, 10, 2, 16, 15, 21][10, 7, 27, 16, 28, 17, 19, 22, 18, 0, 25][21, 15, 16, 2, 10, 29][0, 26, 8, 19, 12, 17][11, 25, 28][17, 28][3, 9][17, 28] 
[19, 18, 17, 0, 28, 7, 2, 16, 15, 27, 10, 29][20, 4, 1, 24, 23, 9, 3, 14, 11, 25][6, 13, 18, 17, 0, 26, 8, 12, 22][5, 21, 15][8, 26][0, 17][0, 13][25, 28][25, 28][25, 28][23, 24][23, 24] 
[20, 7, 4, 3, 9, 23, 24][27, 10, 6, 21, 5, 15, 29][12, 0, 26, 8, 19, 22][14, 7, 16, 28, 25][13, 18, 17][0, 17][0, 19][11, 17][2, 7][6, 13][1, 14][10, 16] 
[20, 24, 7, 16, 2, 6, 13, 18, 0, 25, 22, 19, 12, 8, 26][1, 9, 14, 11, 25, 22, 12, 18, 19, 8, 26, 0, 17, 28, 16][8, 26, 0, 19, 12, 22, 18, 13, 6, 16, 27, 2, 10, 7, 14][2, 7, 25, 11, 14, 3, 9, 23, 24, 1, 4, 20][10, 27, 29, 15, 5, 6, 21, 2, 7, 28, 17, 18][0, 17, 22, 18, 13, 6, 10, 21, 15][2, 21][0, 13][0, 26][0, 13][13, 18][13, 18] 
[3, 4, 23, 9, 1, 14, 11, 25, 0, 22, 17, 12, 8, 19][5, 21, 10, 27, 29, 2, 6, 15, 16, 28][24, 7, 25, 28][4, 20][0, 13][8, 26][18, 19][4, 20][0, 13][4, 20][18, 19][10, 27] 
[20, 7, 4, 3, 9, 23, 24, 1, 14, 11, 25, 28, 16, 15, 27][24, 1, 3, 9, 23, 14, 11, 17, 0, 22, 25, 28, 16, 7, 27][0, 13, 18, 17, 28, 7, 2, 21, 6, 5, 15, 29, 27, 10, 16][7, 2, 10, 6, 13, 0, 26, 8, 19, 18, 17, 12, 22, 25, 11][8, 12, 22, 19, 17, 18, 13, 0, 26][8, 12, 22, 19, 17, 18, 13, 0, 26][1, 24, 23, 9, 3, 14][3, 11, 17][12, 0, 13][15, 16][11, 25][15, 16] 
[1, 23, 20, 4, 3, 9, 14, 24, 7, 10, 16][6, 21, 5, 15, 29, 2, 7, 16, 28][8, 26, 0, 19, 12, 22, 18, 13][7, 25, 11][8, 26][0, 25][12, 17][5, 21][0, 26][3, 23][10, 16][10, 27] 
[14, 1, 24, 23, 9, 3, 4, 7, 20][2, 29, 15, 5, 21, 6, 10][6, 13, 0, 22, 17, 12][27, 7, 16, 28][8, 19, 22][8, 26][8, 26][15, 16][0, 18][3, 11][11, 25][0, 13] 
[1, 14, 7, 2, 29, 15, 10, 21, 6, 13, 0, 12, 18, 19, 22][9, 3, 14, 4, 20, 23, 24, 7, 28, 16][8, 12, 19, 18, 0, 17][0, 25][27, 29][11, 25][5, 21][8, 26][6, 13][8, 26][0, 13][8, 26] 
[3, 23, 1, 9, 14, 11, 25, 7, 16, 10, 29, 15, 5, 6, 21][0, 13, 6, 2, 7, 25, 11, 14, 3, 9, 23, 24, 1, 4, 20][7, 24, 23, 20, 14, 1, 3, 11, 17, 19, 0, 13, 18, 12, 22][11, 3, 9, 23, 14, 4, 1, 24, 7, 25, 0, 12, 8, 19, 18][1, 14, 7, 27, 2, 21, 5, 6, 13, 18, 19, 8, 12, 22, 17][0, 13, 6, 2, 7, 25, 11, 14, 3, 9, 23, 24, 1, 4, 20][26, 8, 19, 18, 13, 0, 12, 22, 17, 11, 25, 28, 16, 7, 27][0, 18, 19, 8, 12, 22, 17, 11, 14, 3, 23, 9, 1, 24, 20][15, 2, 7, 27, 16, 28, 25, 11, 14, 20][2, 21, 5, 6, 15, 16][6, 10][0, 26] 
[2, 29, 15, 5, 6, 13, 18, 19, 22, 17, 12, 8, 26][7, 25, 11, 14, 3, 9, 23, 24, 1, 4, 20][16, 7, 27][3, 14][2, 7][0, 26][7, 28][10, 16][15, 21][0, 26][8, 12][0, 26] 
[10, 27, 29, 15, 5, 6, 21, 2, 7, 28, 17, 18][1, 23, 20, 4, 3, 9, 14, 24, 7][8, 26, 0, 19, 12, 22][7, 25, 11][16, 28][15, 21][15, 29][0, 17][0, 13][2, 21][15, 21][15, 29] 
[16, 10, 27, 29, 15, 5, 6, 21, 2, 7, 28, 17, 19, 18, 22][1, 9, 23, 3, 24, 14, 20, 4, 7, 28, 0, 19, 8, 12, 22][11, 25, 28, 16, 2, 27, 29, 15, 21, 5, 6, 10, 7, 24, 14][13, 18, 0, 28, 16, 7, 10, 29, 2, 27, 15, 5, 6, 21][4, 20, 7, 14, 24, 23, 9, 1, 3, 11, 17, 22, 0, 12][1, 9, 23, 20, 24, 7, 2, 21, 15, 16, 10][18, 17, 0, 26, 8, 12, 22, 25, 28][4, 23, 3, 24, 20, 7, 28, 25, 11][4, 23, 3, 24, 20, 7][1, 24, 23, 9, 3, 14][2, 6, 21, 5][6, 13] 
[6, 21, 10, 29, 27, 16, 15, 2, 7, 28, 17, 11, 25, 0, 26][12, 8, 26, 0, 28, 16, 7, 4, 14, 3, 9, 1, 23, 20, 24][8, 12, 18, 13, 6, 15, 29, 27, 7, 16][15, 2, 7, 27, 16, 28, 25, 11, 14, 20][1, 24, 23, 9, 3, 14][21, 6, 5, 15, 29][17, 0, 18, 19][15, 5, 21][6, 10][19, 22][4, 20][0, 22] 
[0, 13, 18, 19, 8, 12, 17, 22, 25, 11, 14, 7, 16, 2][4, 1, 24, 23, 9, 3, 14][16, 15, 6, 5, 21][10, 27][25, 28][27, 29][0, 26][20, 23][17, 18][15, 29][17, 18][18, 22] 
[0, 17, 28, 16, 2, 21, 5, 6, 10, 15, 29, 27, 7][1, 4, 23, 3, 24, 20][4, 14, 11, 17][8, 19, 22, 25][0, 26][0, 12][0, 13][25, 28][9, 23][13, 18][25, 28][6, 10] 
[0, 13, 18, 17, 28, 7, 2, 21, 6, 5, 15, 29, 27, 10, 16][18, 13, 6, 2, 7, 25, 11, 14, 3, 9, 23, 24, 1, 4, 20][12, 0, 25, 22, 17, 19, 18, 13, 6, 2, 7, 24, 4, 1, 23][17, 11, 25, 0, 26, 8, 19][0, 26, 8, 19, 12, 17][11, 25, 28][0, 26][0, 22][11, 17][0, 13][4, 20][0, 13] 
[1, 9, 3, 14, 4, 20, 23, 24, 7, 28, 16, 15, 2, 6, 13][10, 6, 21, 5, 15, 29][8, 12, 19, 18][17, 18, 22][8, 26][11, 17][11, 14][11, 25][0, 22][7, 27][11, 25][7, 27] 
[20, 4, 14, 9, 3, 1, 23, 24, 7, 25, 0, 22, 18, 17, 28][19, 22, 12, 8, 26, 0, 13, 6, 5, 15, 2, 10, 7, 16, 28][17, 11, 3, 14, 24, 4, 20, 7, 10, 2, 21, 6, 16, 28, 25][7, 28, 17, 22, 19, 18, 13, 6, 21, 2, 10, 29, 27, 15, 16][10, 16, 2, 21, 5, 15, 6, 13, 18, 22, 12, 8, 19, 0, 17][19, 22, 12, 8, 26, 0, 13, 6, 5, 15, 2, 10, 7, 16, 28][1, 14, 7, 2, 29, 15, 10, 21, 6, 13, 0, 12, 18, 19, 22][0, 26, 8, 19, 22, 25, 28, 7, 24, 4, 20, 23, 9, 3, 11][19, 22, 12, 8, 26, 0, 13, 6, 5, 15, 2, 10, 7, 16, 28][0, 22, 12, 19, 17, 11, 3, 23, 9, 1, 4, 14, 20, 24, 7][10, 16, 2, 7, 14, 11, 17, 0, 18, 22, 19, 12, 8, 26][7, 27] 
[15, 6, 10, 27, 7, 28, 17, 19, 8, 26, 0, 18, 12, 22, 25][10, 6, 15, 27, 29, 2, 16, 7, 28, 0, 18, 22, 17, 11, 25][10, 16, 7, 28, 17, 12, 8, 19, 22, 0, 13, 18][15, 2, 7, 27, 16, 28, 25, 11, 14, 20][9, 23, 4, 14, 1, 3, 11, 17, 19][1, 24, 23, 9, 3, 14][21, 6, 5, 15, 29][12, 0, 13][7, 20, 24][7, 20, 24][17, 18][0, 26] 
[25, 11, 14, 3, 9, 23, 24, 1, 4, 20, 7, 28][2, 21, 6, 5, 15, 29, 27, 16, 10, 7][18, 17, 0, 26, 8, 12, 22][8, 26][0, 19][15, 21][0, 13][0, 19][8, 26][3, 14][8, 26][0, 25] 
[12, 8, 19, 17, 0, 18, 13, 6, 10, 7, 2, 16, 15, 29][1, 9, 3, 14, 4, 20, 23, 24, 7][5, 6, 21, 2, 7, 28, 25][0, 26][12, 22][17, 28][27, 29][11, 25][8, 26][8, 26][27, 29][17, 28] 
[9, 1, 4, 23, 20, 24, 3, 11, 17, 22, 18, 19, 12, 8, 26][5, 21, 10, 27, 29, 2, 6, 15, 16, 28, 25, 7, 14, 9][12, 18, 13, 6, 15, 29, 27, 7, 16][2, 29, 15, 5, 21, 6, 10, 27][1, 24, 23, 9, 3, 4, 7][4, 14, 11, 17][4, 20, 14][18, 19][0, 13][19, 22][25, 28][0, 13] 
[20, 4, 14, 9, 3, 1, 23, 24, 7, 25, 0, 22, 18, 17, 28][8, 12, 18, 13, 6, 5, 21, 15][2, 7, 27, 16][10, 27, 29][3, 11][11, 25][0, 26][18, 19][11, 17][11, 17][0, 13][11, 25] 
[10, 16, 27, 2, 29, 15, 6, 13, 18, 0, 25, 28, 17, 22, 12][7, 24, 1, 9, 14, 20, 23, 4, 3, 11, 17, 22, 18, 0, 19][10, 16, 27, 2, 29, 15, 6, 13, 18, 0, 25, 28, 17, 22, 12][9, 14, 1, 4, 23, 3, 24, 20, 7, 28, 25][0, 22, 19, 18, 13, 6, 2, 15, 5][0, 26, 8, 12][5, 21, 15][11, 25][5, 15][17, 19][0, 19][3, 14] 
[16, 10, 27, 29, 15, 5, 6, 21, 2, 7, 28, 17, 18][4, 1, 24, 23, 9, 3, 14, 11, 25, 7, 2, 6, 13][12, 18][0, 13][0, 26][8, 26][18, 19][0, 26][12, 22][0, 26][4, 20][3, 14] 
[1, 9, 3, 14, 4, 20, 23, 24, 7, 28, 16, 15, 2, 6, 13][8, 12, 19, 18, 0, 17][21, 5, 15, 29][22, 25, 28][5, 15][15, 16][0, 26][11, 25][7, 27][10, 16][10, 27][0, 13] 
[0, 13, 6, 2, 7, 25, 11, 14, 3, 9, 23, 24, 1, 4, 20][0, 13, 18, 17, 28, 7, 2, 21, 6, 5, 15, 29, 27, 10, 16][0, 13, 6, 2, 7, 25, 11, 14, 3, 9, 23, 24, 1, 4, 20][10, 7, 27, 16, 28, 17, 19, 22, 18, 0, 25][25, 0, 18, 22, 19, 17, 28][0, 22, 12, 8][13, 18][6, 13][0, 26][12, 19][27, 29][8, 19] 
[6, 13, 18, 0, 26, 8, 12, 19, 22, 25, 11, 14][16, 10, 27, 29, 15, 5, 6, 21, 2, 7, 28, 17][1, 9, 3, 14, 4, 20, 23][0, 18][23, 24][8, 26][11, 25][0, 26][23, 24][8, 26][0, 13][8, 26] 
[8, 26, 0, 12, 17, 11, 25, 22, 19, 18, 13, 6, 15, 29, 27][1, 9, 3, 14, 4, 20, 23, 24, 7, 28, 16, 15, 2, 6, 13][0, 13, 18, 17, 28, 7, 2, 21, 6, 5, 15, 29, 27, 10, 16][19, 18, 22, 0, 12, 17, 11, 25][20, 14, 11, 25, 28, 16, 27][19, 8, 12, 22][2, 21][6, 10][12, 18][0, 17][3, 14][6, 10] 
[2, 7, 25, 11, 14, 3, 9, 23, 24, 1, 4, 20][15, 16, 28, 0, 13, 18, 17, 22][16, 10, 27, 29][6, 5, 21, 15][0, 25][8, 12][0, 26][0, 17][0, 26][12, 22][8, 12][17, 19] 
[1, 9, 3, 14, 4, 20, 23, 24, 7, 28, 16, 15, 2, 6, 13][10, 6, 21, 5, 15, 29][0, 18, 19, 12][8, 19, 22][0, 13][11, 17][25, 28][3, 24][8, 26][9, 23][3, 11][7, 27] 
[10, 16, 27, 2, 29, 15, 6, 13, 18, 0, 25, 28, 17, 22, 12][1, 14, 4, 3, 11, 25, 0, 26, 8][7, 20, 24, 3, 23][5, 21, 15][13, 18][0, 19][3, 14][16, 28][0, 13][0, 25][3, 9][0, 19] 
[2, 7, 25, 11, 14, 3, 9, 23, 24, 1, 4, 20][5, 15, 27, 10, 21, 6, 13, 0, 22, 17][22, 19, 8, 26][12, 22][0, 18][11, 17][25, 28][27, 29][15, 16][8, 19][8, 19][0, 13] 
[12, 18, 13, 6, 15, 29, 27, 7, 16][1, 4, 23, 3, 24, 20, 7, 28][4, 14, 11, 17][5, 6, 21][12, 8, 26][18, 19][25, 28][19, 22][6, 10][9, 23][2, 10][0, 26] 
[1, 9, 23, 20, 24, 7, 2, 21, 15, 16, 10][18, 17, 0, 26, 8, 12, 22, 25, 28][4, 23, 3, 24, 20, 7, 28, 25, 11][12, 18, 13, 6, 15, 29, 27, 7, 16][4, 1, 24, 23, 9, 3, 14, 11][1, 24, 23, 9, 3, 14][2, 6, 21, 5][8, 26][13, 18][0, 19][19, 22][16, 28] 
[9, 1, 3, 4, 20, 23, 14, 24, 7, 28, 0, 26, 8, 19, 12][21, 10, 2, 29, 15, 5, 6, 13, 0, 18, 22, 19, 12, 8, 26][5, 15, 6, 10, 21, 2, 7, 4, 20, 24, 14][21, 6, 5, 15, 10, 2, 27, 29][21, 6, 5, 15, 10, 2, 27, 29][14, 11, 25, 28, 16][14, 1, 9, 23][0, 22][11, 14][11, 17][6, 13][27, 29] 
[9, 3, 14, 11, 17, 19, 12, 0, 13, 6, 2, 10, 21, 15, 29][5, 15, 21, 10, 6, 13, 18, 22, 19, 8][7, 4, 1, 24, 23][10, 16, 27][7, 20][3, 4][11, 25][0, 17][17, 28][8, 26][17, 28][11, 25] 
[6, 5, 15, 2, 10, 7, 27, 16, 28, 17, 19, 22, 18, 0, 25][1, 14, 3, 11, 17, 28, 7, 27, 16, 10, 15, 21, 2, 29][20, 7, 4, 3, 9, 23, 24][0, 18, 19][11, 17][0, 26][0, 13][8, 26][17, 18][8, 12][0, 18][8, 26] 
[14, 3, 9, 23, 24, 1, 4, 20, 7, 16, 28, 0, 25][6, 5, 21, 15, 29, 2, 16, 27, 10, 7, 28, 0, 18][11, 25][12, 19][0, 26][8, 26][11, 17][8, 26][0, 22][16, 28][12, 22][6, 13] 
[20, 4, 14, 9, 3, 1, 23, 24, 7, 25, 0, 22, 18, 17, 28][0, 13, 18, 17, 28, 7, 2, 21, 6, 5, 15, 29, 27, 10, 16][13, 6, 16, 27, 10, 15, 2, 7, 28, 25, 0, 17, 12, 22, 19][0, 13, 18, 17, 28, 7, 2, 21, 6, 5, 15, 29, 27, 10, 16][5, 6, 10, 27, 29, 15, 21, 2, 16, 28, 0, 17][15, 2, 7, 27, 16, 28, 25, 11, 14, 20][8, 12, 22, 19, 17, 18, 13, 0, 26][0, 22, 18, 17, 28][12, 0, 13][12, 8, 26][11, 17][0, 17] 
[14, 1, 24, 23, 9, 3, 4, 7, 20][2, 29, 15, 5, 21, 6, 10, 27][18, 12, 8, 26, 0, 19][2, 7, 25, 11][0, 13][0, 22][25, 28][10, 16][11, 17][0, 22][6, 13][11, 17] 
[1, 4, 23, 3, 24, 20, 7, 28][8, 12, 19, 18, 0, 17][6, 5, 21, 15, 16][4, 14, 11, 17][22, 25, 28][7, 2, 15][15, 29, 27][0, 13][10, 16][9, 23][8, 26][0, 13] 
[5, 15, 29, 2, 27, 16, 6, 10, 7, 24, 3, 9, 14, 11, 17][12, 0, 26, 8, 19, 22][13, 18, 17][3, 4, 20][1, 24, 23][0, 17][2, 21][11, 25][8, 26][0, 17][17, 28][0, 17] 
[0, 13, 6, 2, 7, 25, 11, 14, 3, 9, 23, 24, 1, 4, 20][0, 13, 18, 17, 28, 7, 2, 21, 6, 5, 15, 29, 27, 10, 16][0, 13, 18, 17, 28, 7, 2, 21, 6, 5, 15, 29, 27, 10][11, 17, 19, 0, 12, 18, 22, 25][27, 10, 6, 21, 5, 15, 29][0, 26, 8][9, 23][0, 18][3, 24][0, 13][0, 26][0, 13] 
[14, 1, 23, 4, 3, 11, 25, 22, 17, 18, 13, 0, 12, 8, 26][15, 21, 5, 6, 13, 18, 12, 8, 26, 0, 19, 22][15, 2, 7, 27, 16, 28, 25, 11, 14, 20][13, 18, 12, 8, 26, 0, 19, 22][2, 7, 27, 16, 28, 25, 11][1, 24, 23, 9, 3, 14][18, 19][4, 20][27, 29][6, 13][6, 10][8, 26] 
[8, 26, 0, 12, 17, 11, 25, 22, 19, 18, 13, 6, 15, 29, 27][0, 13, 18, 17, 28, 7, 2, 21, 6, 5, 15, 29, 27, 10, 16][0, 13, 18, 17, 28, 7, 2, 21, 6, 5, 15, 29, 27, 10, 16][15, 2, 7, 27, 16, 28, 25, 11, 14, 20][8, 12, 22, 19, 17, 18, 13, 0, 26][1, 24, 23, 9, 3, 14][3, 11, 17][12, 0, 13][2, 21][4, 20][19, 22][4, 20] 
[20, 4, 1, 24, 23, 9, 3, 14, 11, 25][0, 18, 22, 19, 17, 28, 16, 27, 7, 10][7, 2, 21, 6, 5, 15][0, 26, 8][8, 12][13, 18][17, 22][0, 25][6, 21][15, 29][6, 21][6, 21] 
[5, 15, 6, 10, 21, 2, 7, 4, 20, 24, 14, 1, 9, 3, 23][6, 13, 18, 12, 8, 26, 0, 19][25, 11, 17, 28][10, 16, 27][0, 22][27, 29][8, 26][0, 26][27, 29][3, 11][1, 14][0, 22] 
[0, 12, 17, 11, 25, 22, 19, 18, 13, 6, 15, 29, 27][1, 24, 23, 9, 3, 14][5, 15, 29, 2, 16][10, 6, 21][25, 28][3, 11][4, 20][0, 26][18, 19][14, 20][7, 20][8, 26] 
[0, 18, 22, 19, 17, 28, 16, 27, 7, 10, 2, 15, 5, 6][1, 14, 3, 11, 17, 28, 7, 27, 16, 10, 15, 21][9, 23, 24, 1, 4, 20][0, 13][0, 26][12, 22][27, 29][1, 23][8, 26][0, 25][27, 29][0, 25] 
[6, 16, 10, 2, 29, 27, 7, 24, 20, 14, 3, 4, 1, 23, 9][1, 4, 23, 3, 24, 20, 7, 28][24, 7, 25, 0, 22, 18, 17, 28][4, 14, 11, 17][0, 26, 8, 12][5, 6, 21][0, 17][0, 13][16, 28][25, 28][19, 22][15, 16] 
[7, 16, 2, 10, 29, 15, 21, 6, 13, 18, 12, 8, 19, 0, 26][12, 18, 19, 22, 0, 25, 7, 27, 29, 2, 15, 21, 6, 16, 28][0, 13, 6, 2, 7, 25, 11, 14, 3, 9, 23, 24, 1, 4, 20][24, 20, 4, 14, 1, 9, 3, 11, 25, 28, 16, 7, 27, 29][5, 15, 27, 10, 21, 6, 13, 0, 22, 17, 12, 19][0, 13, 6, 2][0, 13, 6, 2][0, 26][0, 13][8, 26][8, 26][12, 22] 
[0, 13, 6, 2, 7, 25, 11, 14, 3, 9, 23, 24, 1, 4, 20][7, 10, 29, 27, 16, 2, 15, 5, 21, 6, 13, 18, 17, 19, 22][0, 13, 18, 17, 28, 7, 2, 21, 6, 5, 15, 29, 27, 10, 16][1, 9, 14, 23, 24, 3, 4, 7, 28, 0, 26, 8, 19, 22, 18][4, 20, 14, 7, 28, 16, 6, 13, 0, 12, 8, 19, 17, 18, 22][0, 13, 18, 17, 28, 7, 2, 21, 6, 5, 15][8, 26, 0, 12][8, 12][0, 17][19, 22][0, 13][19, 22] 
[0, 26, 8, 12, 17, 22, 19, 18, 13, 6, 5, 15, 29, 2][2, 7, 25, 11, 14, 3, 9, 23, 24, 1, 4, 20][27, 10, 6, 21, 5, 15, 29, 2, 7, 16, 28][0, 26, 8, 19, 12][0, 25][0, 13][0, 26][25, 28][0, 13][7, 28][0, 26][10, 16] 
[15, 21, 5, 6, 13, 18, 12, 8, 26, 0, 19][3, 4, 14, 1, 9, 23, 20, 24][6, 2, 7, 25, 11, 14][7, 27][6, 10][10, 16][11, 17][25, 28][27, 29][11, 25][0, 13][0, 22] 
[7, 25, 11, 14, 3, 9, 23, 24, 1, 4, 20][16, 10, 27, 29, 15, 5, 6, 21, 2, 7, 28][6, 13, 0, 22, 17, 12][1, 9][8, 12][8, 26][2, 29][0, 13][13, 18][12, 19][2, 29][0, 18] 
[0, 17, 28, 16, 2, 21, 5, 6, 10, 15, 29, 27, 7][4, 1, 9, 14, 20, 23, 3, 24, 7][8, 19, 22, 25][11, 17][0, 12][6, 10][13, 18][11, 25][0, 13][11, 25][0, 26][6, 10] 
[1, 9, 3, 14, 4, 20, 23, 24, 7, 28, 16, 15, 2, 6, 13][11, 17, 19, 0, 12, 18, 22, 25][27, 10, 6, 21, 5, 15, 29][12, 8, 26, 0, 19, 22, 17][5, 15][9, 23][0, 13][8, 12][7, 27][9, 23][2, 21][3, 24] 
[0, 26, 8, 12, 17, 22, 19, 18, 13, 6, 5, 15, 29, 2, 16][0, 26, 8, 12, 17, 22, 19, 18, 13, 6, 5, 15, 29, 2][2, 7, 25, 11, 14, 3, 9, 23, 24, 1, 4, 20][5, 15, 27, 10, 21, 6, 13, 0, 22, 17, 12, 19][27, 10, 6, 21, 5, 15, 29, 2, 7, 16, 28][27, 10, 6, 21, 5, 15, 29, 2, 7, 16, 28][8, 26][7, 28][10, 16][12, 19][10, 16][25, 28] 
[5, 15, 2, 6, 13, 18, 19, 12, 0, 22, 17, 28, 25, 11][20, 4, 14, 9, 3, 1, 23, 24, 7, 25][21, 15, 16, 2, 10, 29][12, 8, 26][17, 28][10, 27][12, 19][0, 28][12, 19][12, 19][2, 6][17, 28] 
[0, 13, 6, 2, 7, 25, 11, 14, 3, 9, 23, 24, 1, 4, 20][8, 12, 22, 17, 18, 13, 0, 28, 16, 15][7, 2, 21, 6, 5, 15, 29, 27][16, 10, 27, 29][10, 27, 29][17, 19][0, 26][6, 10][3, 9][17, 19][5, 15][3, 9] 
[0, 13, 18, 17, 28, 7, 2, 21, 6, 5, 15, 29, 27, 10, 16][20, 4, 14, 9, 3, 1, 23, 24, 7, 25, 0, 22, 18, 17, 28][4, 20, 14, 11, 17, 12, 8][11, 25][0, 25][18, 19][11, 25][0, 26][18, 19][11, 17][0, 13][4, 20] 
[11, 25, 0, 18, 22, 19, 17, 28, 16, 27][2, 29, 15, 5, 21, 6, 10][3, 9, 23, 24, 1, 14][7, 4, 24, 20][19, 8, 26][2, 7][6, 13][12, 19][10, 27][12, 19][2, 7][0, 18] 
[0, 13, 18, 17, 28, 7, 2, 21, 6, 5, 15, 29, 27, 10, 16][8, 26, 0, 12, 18, 13, 6, 10, 7, 14, 3, 11, 17, 19, 22][19, 22, 0, 28, 25, 11, 3, 9, 23, 24, 1, 14, 7, 4, 20][0, 13, 18, 17, 28, 7, 2, 21, 6, 5, 15, 29, 27, 10, 16][25, 22, 19, 18, 0, 13, 6, 15, 27, 2, 16, 28][4, 14, 24, 23][4, 14, 24, 23][3, 4, 20][7, 24][0, 17][8, 26][14, 20] 
[1, 14, 7, 2, 29, 15, 10, 21, 6, 13, 0, 12, 18, 19, 22][4, 20, 14, 7, 28, 16, 6, 13, 0, 12, 8, 19, 17][1, 24, 23, 9, 3][5, 21][27, 29][25, 28][11, 14][8, 26][23, 24][0, 13][8, 26][16, 28] 
[16, 10, 27, 29, 15, 5, 6, 21, 2, 7, 28, 17][1, 24, 23, 9, 3, 14, 11, 25, 7, 2, 6, 13][19, 0, 26][12, 18, 13][8, 12][25, 28][22, 25][4, 20][3, 4][0, 13][22, 25][25, 28] 
[2, 7, 25, 11, 14, 3, 9, 23, 24, 1, 4, 20][5, 15, 27, 10, 21, 6, 13, 0, 22, 17, 12, 19][28, 16, 7, 27, 29][0, 13][8, 26][11, 17][0, 18][10, 16][0, 26][11, 25][8, 26][0, 13] 
[1, 9, 3, 24, 20, 23, 14, 4, 7][2, 29, 15, 5, 21, 6, 10][6, 13, 18, 19, 12][11, 25, 28, 16][22, 19, 8, 26][25, 28][10, 27][11, 17][0, 13][3, 11][0, 13][10, 16] 
[14, 3, 9, 23, 24, 1, 4, 20, 7, 16, 28, 0, 25, 22, 18][16, 2, 29, 15, 5, 21, 6, 10, 27, 7, 28, 25][0, 17, 28, 7, 25, 11, 14, 3, 24][0, 22, 12, 8][17, 28][17, 19][11, 25][13, 18][0, 22][0, 26][11, 17][0, 13] 
[5, 15, 21, 2, 6, 16, 28, 7, 24, 1, 4, 23, 14, 3, 9][10, 7, 27, 16, 28, 17, 19, 22, 18, 0, 25][8, 12][6, 13][7, 20][8, 26][2, 29][11, 17][1, 23][17, 19][0, 26][17, 19] 
[8, 12, 18, 13, 6, 15, 29, 27, 7, 16][1, 4, 23, 3, 24, 20, 7, 28][17, 0, 18, 19][15, 5, 21][11, 17][11, 25][19, 22][0, 26][9, 23][11, 14][6, 10][2, 7] 
[0, 13, 6, 2, 7, 25, 11, 14, 3, 9, 23, 24, 1, 4, 20][25, 28, 16, 15, 5, 6, 13, 0, 19, 22, 17, 18, 12, 8, 26][10, 27, 29, 15, 5, 6, 21, 2, 7, 28][0, 13, 18, 12, 22][5, 15, 29, 27][20, 24][17, 22][0, 19][0, 26][8, 26][15, 16][7, 27] 
[2, 29, 15, 5, 21, 6, 10, 27][1, 24, 23, 9, 3, 4, 7][2, 7, 28, 17, 18][12, 19, 18][19, 8, 26][4, 20, 14][0, 13][15, 16][11, 17][7, 25][19, 22][13, 18] 
[1, 9, 3, 24, 20, 23, 14, 4, 7][6, 13, 18, 19, 12, 8, 26][11, 25, 28, 16, 27][17, 12, 18, 22][5, 15, 29][2, 21, 6][7, 25][10, 16][2, 7][5, 21][10, 16][0, 13] 
[0, 18, 19, 12, 22, 25, 7, 24, 20, 14, 9, 1, 23, 3, 4][0, 25, 22, 19, 18, 13, 6, 15, 2, 29, 27, 7, 16, 10, 21][12, 0, 28, 17, 11, 25, 7, 2, 10, 29, 15, 5, 6, 16][12, 18, 13, 6, 15, 29, 27, 7, 16][1, 24, 23, 9, 3, 14][21, 15, 10, 16, 27][12, 8, 19][7, 28][4, 20][0, 26][6, 13][3, 14] 
[1, 9, 3, 24, 20, 23, 14, 4, 7, 25][6, 13, 18, 19, 12, 8, 26, 0, 25][15, 29, 27, 7, 16][17, 12, 18, 22][2, 21, 6, 10][25, 28][0, 13][5, 21][11, 25][0, 26][3, 23][5, 21] 
[15, 21, 5, 6, 13, 18, 12, 8, 26, 0, 19, 22][3, 4, 14, 1, 9, 23, 20, 24][2, 7, 27, 16, 28, 25, 11][3, 11][11, 17][27, 29][6, 10][0, 17][18, 19][8, 26][18, 19][0, 13] 
[15, 2, 7, 27, 16, 28, 25, 11, 14, 20][1, 24, 23, 9, 3, 14][21, 6, 5, 15, 29][12, 0, 13][8, 19, 18][6, 13][4, 20][11, 17][0, 22][17, 18][0, 26][6, 10] 
[0, 13, 6, 2, 7, 25, 11, 14, 3, 9, 23, 24, 1, 4, 20][0, 13, 18, 17, 28, 7, 2, 21, 6, 5, 15, 29, 27, 10, 16][12, 0, 26, 8, 19, 22, 17][0, 13, 18, 12, 22][5, 15, 29, 27][22, 25][13, 18][4, 20][4, 20][8, 26][12, 22][4, 20] 
[13, 6, 2, 7, 25, 11, 14, 3, 9, 23, 24, 1, 4, 20][6, 13, 18, 19, 12, 8, 26, 0, 25, 28, 17, 22][16, 10, 27, 29, 15, 5, 6, 21, 2, 7, 28][27, 29, 15, 5, 6, 21, 2, 7, 28][13, 18][19, 22][0, 13][17, 22][0, 26][0, 13][23, 24][0, 26] 
[0, 13, 18, 17, 28, 7, 2, 21, 6, 5, 15, 29, 27, 10, 16][0, 13, 6, 2, 7, 25, 11, 14, 3, 9, 23, 24, 1, 4, 20][8, 26, 0, 12, 17, 11, 25, 22, 19, 18, 13, 6, 15, 29, 27][19, 22, 0, 28, 25, 11, 3, 9, 23, 24, 1, 14, 7, 4, 20][8, 12, 22, 19, 17, 18, 13, 0, 26][2, 21][19, 22][18, 19][27, 29][8, 26][8, 26][8, 26] 
[0, 13, 18, 17, 28, 7, 2, 21, 6, 5, 15, 29, 27, 10, 16][20, 4, 14, 9, 3, 1, 23, 24, 7, 25, 0, 22, 18, 17, 28][1, 24, 23, 9, 3, 14, 11][8, 12, 19, 18, 0, 17][0, 22, 18, 17, 28][6, 5, 21, 15, 16][6, 5, 21, 15, 16][7, 24, 20][11, 25][18, 19][0, 26][0, 22] 
[9, 23, 24, 1, 4, 20][12, 0, 26, 8, 19, 22][5, 21, 6, 10, 27][14, 7, 16, 28, 25][13, 18, 17, 28][7, 2, 15][2, 29][11, 25][0, 17][3, 24][27, 29][1, 14] 
[0, 13, 6, 2, 7, 25, 11, 14, 3, 9, 23, 24, 1, 4, 20][0, 13, 18, 17, 28, 7, 2, 21, 6, 5, 15, 29, 27, 10, 16][13, 18, 0, 12, 22][6, 5, 21, 15][17, 0, 18, 19][0, 13, 6, 2][12, 22][8, 12][8, 26][25, 28][0, 25][25, 28] 
[14, 1, 24, 23, 9, 3, 4, 7, 20][2, 29, 15, 5, 21, 6, 10, 27][0, 18, 19, 12][22, 19, 8, 26][7, 28][25, 28][3, 11][6, 13][0, 13][11, 17][15, 16][17, 18] 
[0, 13, 18, 17, 28, 7, 2, 21, 6, 5, 15, 29, 27, 10, 16][0, 26, 8, 12, 17, 11, 14, 20, 4, 23, 9, 1, 3, 24, 7][1, 24, 23, 9, 3, 14, 11][17, 11, 25, 0, 26, 8, 19][0, 26, 8, 19, 12, 17][7, 24, 20][0, 25, 22][11, 25, 28][4, 20][0, 12][0, 26][0, 13] 
[1, 24, 23, 9, 3, 14, 11][8, 12, 19, 18, 0, 17][6, 5, 21, 15, 16][15, 2, 29, 27][7, 24, 20][11, 25, 28][0, 25, 22][10, 16][8, 26][0, 13][7, 27][4, 20] 
[0, 13, 18, 17, 28, 7, 2, 21, 6, 5, 15, 29, 27, 10, 16][20, 4, 14, 9, 3, 1, 23, 24, 7, 25, 0, 22, 18, 17, 28][8, 12, 22, 19, 17, 18, 13, 0, 26][0, 22, 18, 17, 28][21, 2, 29, 27][12, 8, 26][0, 26][11, 17][18, 19][0, 17][0, 22][0, 22] 
[2, 29, 15, 21, 5, 6, 13, 18, 12, 8, 26, 0, 19, 22, 17][13, 6, 2, 7, 25, 11, 14, 3, 9, 23, 24, 1, 4, 20][16, 10, 27, 29, 15, 5, 6, 21, 2, 7, 28][8, 12, 22, 0, 18, 17][12, 0, 18, 19, 22, 17][0, 26][0, 13][17, 28][17, 19][7, 20][0, 13][17, 19] 
[0, 13, 18, 17, 28, 7, 2, 21, 6, 5, 15, 29, 27, 10, 16][19, 22, 0, 28, 25, 11, 3, 9, 23, 24, 1, 14, 7, 4, 20][0, 13, 18, 17, 28, 7, 2, 21, 6, 5, 15, 29, 27, 10, 16][8, 26, 0, 12][0, 17][19, 22][14, 20][19, 22][0, 13][0, 13][0, 17][19, 22] 
[10, 2, 29, 27, 7, 24, 20][3, 23, 4, 1, 14, 9][8, 12, 19, 18, 0, 17][6, 5, 21, 15, 16][22, 25, 28][10, 16][16, 28][23, 24][11, 25][0, 13][8, 26][19, 22] 
[0, 13, 6, 2, 7, 25, 11, 14, 3, 9, 23, 24, 1, 4, 20][0, 13, 18, 17, 28, 7, 2, 21, 6, 5, 15, 29, 27, 10, 16][12, 18, 19, 22][0, 13, 6, 2][0, 26, 8][0, 26, 8][0, 13][0, 26][8, 26][0, 26][17, 19][0, 18] 
[0, 13, 18, 17, 28, 7, 2, 21, 6, 5, 15, 29, 27, 10, 16][0, 13, 6, 2, 7, 25, 11, 14, 3, 9, 23, 24, 1, 4, 20][0, 13, 6, 2, 7, 25, 11, 14, 3, 9, 23, 24, 1, 4, 20][0, 22, 12, 8][16, 10, 27, 29][16, 10, 27, 29][16, 10, 27, 29][17, 19][3, 9][0, 26][0, 13][8, 26] 
