1508460.0 19452.44152565645 0.12622823373996808 0.5865126637401434 1365.0 139.0 1.064516129032258 
1670058.9872738463 19721.58087417425 0.13806490563573837 0.5032762641818878 1548.0 167.0 6.244444444444445 
3878570.7342766733 27152.983636750694 0.23003967451314655 0.0 3848.0 410.0 3.1762259289270673 
3989113.3388122725 28200.59712077839 0.14995967028417384 5.875021795031784E-22 4180.0 602.0 9.313342072360069 
3277990.611576454 20036.491813879413 0.3987342781956039 0.15837735430354652 3995.0 235.0 1.066512329439826 
3688123.8913484695 29411.058451290413 0.14753418011552524 0.02244577066735251 3897.0 537.0 5.840657016782552 
578380.0 23647.405129153274 0.1250591831843768 0.7193752593830921 498.0 124.0 0.0 
4209833.460927263 20243.07175174381 0.2691742589134894 1.8762687415330532E-6 5379.0 397.0 8.368720843471113 
2279257.366292405 18955.51945008249 0.33499141193190524 0.32099205630106037 2128.0 195.0 5.520240586902578 
1692565.0 18279.69398659911 0.3406321056378986 0.4583262703066028 1614.0 143.0 2.3535980148883375 
2141100.4431955866 29252.80506904523 0.394671457146759 0.2561098461324748 1920.0 248.0 1.5322677322677323 
3663905.1667600595 33063.49043393121 0.04717118991810801 0.0 3848.0 684.0 8.866104005497844 
4538882.23947701 19411.197507153185 0.22378545665709998 0.030892160935741344 5011.0 337.0 2.4770258980785296 
3814263.8858521245 28528.27462366913 0.24354245699351673 0.0 3911.0 398.0 3.369908719781419 
3139750.372488397 20449.075167080257 0.4024163907637021 0.22989376665662445 2610.0 173.0 2.88375350140056 
2204379.164899859 29611.498271132943 0.1738085913526908 0.30105974432864346 2019.0 343.0 6.287378497993293 
1557600.0 17561.380212767894 0.29197118891225243 0.484569757211972 1440.0 135.0 5.542780748663102 
1722681.9138909117 26314.49701141813 0.1491123983656673 0.5036854318765015 1530.0 209.0 1.243282946561635 
1083277.5 26707.311141965132 0.28384634017127364 0.5304260162016713 949.0 137.0 0.0 
3263240.980947152 18986.221985876982 0.1646314337896968 0.26835568520946634 3089.0 256.0 6.680350122394482 
903255.0 17061.432779826588 0.09744036380853291 0.6444975712974708 829.0 133.0 5.381410256410256 
4801286.0489659505 13252.232997288958 0.23731695972073782 0.033785363572597614 5108.0 327.0 7.270658238961183 
4499465.322314353 19127.5062608837 0.5056711241810654 0.09562795705451618 4925.0 196.0 0.6166666666666667 
3710545.236469618 21383.642332371783 0.3757324568465135 0.0498306167857021 3711.0 264.0 2.3609082598833635 
1508460.0 19452.44152565645 0.1262294669826953 0.5865109880401973 1365.0 139.0 1.064516129032258 
1692565.0 18279.69398659911 0.3406325316874041 0.4583240535984662 1614.0 143.0 2.3535980148883375 
2399035.3927035863 22762.36164483485 0.3192969329958674 0.3130425125234541 2173.0 187.0 2.6458804693198816 
1557600.0 17561.380212767894 0.29197037626367145 0.4845714552826585 1440.0 135.0 5.542780748663102 
3663948.2015406964 33063.243068044976 0.04717118991810801 0.0 3848.0 684.0 8.866104005497844 
3904979.599366812 32551.26040998614 0.1403451162613406 0.0 3857.0 554.0 5.936771070322251 
3739402.893999172 16650.77549708946 0.3943487748047644 0.2622165069105579 3910.0 147.0 2.319266689726738 
1248316.6666666665 19266.44919912109 0.2226456783123586 0.5376171242525383 1207.0 129.0 4.276470588235294 
4257460.465917119 26695.013223845017 0.14598491377553796 8.597614525251476E-12 4177.0 524.0 6.529390976664786 
3277993.165235288 20036.485813967323 0.3987339182503986 0.15837712402007426 3995.0 235.0 1.066512329439826 
803370.0 23409.050577970473 0.2150763315350252 0.6377457141004287 680.0 125.0 0.0 
3126031.499158388 19893.2703540604 0.4025626713973972 0.25914946453213705 2981.0 210.0 6.730723905723906 
6033822.338828115 16780.6527189338 0.33463981731416165 2.5092083470488466E-6 6192.0 346.0 4.652195338841805 
903255.0 17061.432779826588 0.09744036380853291 0.6444975712974708 829.0 133.0 5.381410256410256 
1952347.5725087884 22733.446966656204 0.2225869765379166 0.4853310104942951 1600.0 173.0 0.9128151260504203 
4222435.467136147 28044.116407480313 0.1410455241556725 6.747352673234447E-18 4517.0 581.0 8.62339715839716 
4521990.055087235 24413.2972293058 0.16571282212466704 1.285898353369339E-17 4498.0 483.0 9.117875031783745 
1419030.0 20959.726467631375 0.15352540465416029 0.5927378215610459 1279.0 136.0 0.0 
4698580.071436057 29330.024856390643 0.10588831548512528 3.422003251118005E-7 4905.0 677.0 9.68958680794303 
4539874.467252367 19858.151875416654 0.24816131403328479 9.846866090327085E-7 4602.0 378.0 8.02313158964452 
4108224.343246857 27752.707958377923 0.18073528388556728 0.012247295778945906 4726.0 586.0 8.790012409583317 
4478194.704573468 28162.123421950946 0.10039221646231955 1.0050987286940377E-16 4800.0 741.0 10.562395337362613 
3793023.3194765616 30429.61234730114 0.07242249109731863 0.0 4179.0 643.0 8.23168669028572 
2803750.6165413535 19884.44796137553 0.4419887888051719 0.28174118389749764 3126.0 136.0 0.0 
2323302.4778804244 22902.930215765482 0.309710032541167 0.29851687726129333 2423.0 242.0 5.308077671121149 
1508460.0 19452.44152565645 0.12622823373996808 0.5865126637401434 1365.0 139.0 1.064516129032258 
3000770.0 20879.641773362273 0.3770182434998257 0.31140421899439474 2902.0 138.0 1.037037037037037 
4851116.848615742 21986.52872874442 0.4274634205563994 0.03679729799616491 4752.0 253.0 1.8354468016714882 
3929601.4027742706 28520.92669800847 0.24248999015495157 0.0 3908.0 400.0 3.5275846492917955 
4503975.213343008 24426.77022671008 0.14960908803624653 2.199914902944265E-12 4520.0 490.0 9.057197332808174 
1831382.1729444847 23253.267831174544 0.21121827558438472 0.4806843893559183 1616.0 196.0 1.4047015357867285 
4280243.140592275 26923.75121641609 0.2113941974335574 1.8298019202914081E-6 4393.0 486.0 8.663834862808871 
764965.0 25907.186619116063 0.20645432811741943 0.6402013105056729 672.0 126.0 0.0 
4366214.113317474 26449.544661164844 0.11889370464935663 1.8762687415306311E-6 4802.0 587.0 8.900149433281209 
2840760.7032825565 22538.709547601244 0.350919670396303 0.31964753234695437 2532.0 172.0 0.20669698222405952 
1662265.6399112374 19632.65705811932 0.13990611447805493 0.5037438816709386 1545.0 165.0 5.729059829059829 
4377747.185471466 24753.1576578021 0.30412817489662164 5.75570849329383E-12 4386.0 351.0 5.969539309250396 
2799901.410021879 19745.970170962835 0.27025512552432124 0.36933221784038134 2614.0 172.0 3.423529411764706 
3936662.7909098365 31745.132237619484 0.04182296248825752 0.0 4295.0 729.0 9.197735193324338 
4819288.7711151345 19355.3571505078 0.27165892594169416 5.285735582241205E-7 5088.0 364.0 8.546459595900203 
1557600.0 17561.380212767894 0.2919703762589213 0.48457145529258405 1440.0 135.0 5.542780748663102 
885685.0 18230.767052010946 0.10816633996004098 0.6449067366002531 813.0 129.0 4.256410256410256 
578380.0 23647.405129153274 0.1250591831843768 0.7193752593830921 498.0 124.0 0.0 
2831012.8835744257 21223.63341246685 0.46031370391712456 0.19777425073508714 3230.0 190.0 0.7476893261776982 
4159414.1405420043 32889.338063415926 0.04161938007047577 0.0 4197.0 759.0 9.886192540003185 
579215.0 23604.14948930143 0.126725070488562 0.7193752593830921 497.0 123.0 0.0 
964010.0 25472.449964993855 0.2613120254385401 0.584028431309512 851.0 128.0 0.0 
1072740.0 19336.32064921806 0.19748306384540215 0.6254691322741672 959.0 138.0 2.790909090909091 
5356985.76308527 21495.865078884483 0.2116854893932935 3.464682146136579E-6 5666.0 457.0 8.90409054333573 
4387824.1852315385 29206.29530864978 0.0974111831571301 3.434078673738476E-27 4701.0 736.0 10.212470463030929 
3769368.937680167 31265.082756784184 0.18751570911684076 0.0 3742.0 491.0 5.2377172154592175 
1710820.0 20604.523303279355 0.35889911336043906 0.44756954509148195 1665.0 125.0 0.0 
4191162.302609884 28547.00730100419 0.16354961580870034 6.747352673234447E-18 4416.0 564.0 8.033277318038081 
903255.0 17061.432779826588 0.09744036380853291 0.6444975712974708 829.0 133.0 5.381410256410256 
1557600.0 17561.380212767894 0.2919703762589213 0.48457145529258405 1440.0 135.0 5.542780748663102 
4300093.454339047 21655.723246955913 0.2674779190997964 0.004676174888940846 4231.0 392.0 7.633482135749406 
2844238.372022463 19113.80065312326 0.42758014845754505 0.29647112796464076 2745.0 161.0 5.0540669856459335 
4510522.168744626 19795.60719202035 0.16191312508980482 3.7672291986057445E-6 5317.0 480.0 8.839232100442528 
1248316.6666666665 19266.44919912109 0.2226456783123586 0.5376171242525383 1207.0 129.0 4.276470588235294 
4077091.9530654075 20362.203281823262 0.31763075271369484 1.0967200967576884E-11 4600.0 343.0 6.2859947210203995 
3688300.518603484 29410.76604805213 0.14753416405702463 0.022445770667292596 3898.0 537.0 5.840657016782552 
3045993.533973586 26485.722254666132 0.2548530211188983 0.25163813209102226 2705.0 285.0 2.078657575875302 
2487718.9451697916 20346.62139751284 0.19400393970037236 0.42927536401311667 2137.0 207.0 1.0709192628345765 
4822024.48702632 21826.808851461898 0.45303616707634176 0.036795866245604374 4696.0 246.0 0.4758556067029348 
3457177.059159548 20714.304322995275 0.44400422926383565 0.21001870469955577 3386.0 157.0 0.6084656084656084 
903255.0 17061.432779826588 0.09744036380853291 0.6444975712974708 829.0 133.0 5.381410256410256 
1557600.0 17561.380212767894 0.2919703762589213 0.48457145529258405 1440.0 135.0 5.542780748663102 
4412946.660715958 23365.08336543992 0.1459278407260459 1.8762687415306311E-6 4910.0 587.0 9.1828280140703 
5035385.289322904 22625.72011282092 0.15668166383399015 8.597614525251476E-12 4877.0 463.0 8.157617367334126 
1162872.006732307 18562.359824035706 0.16769995421054454 0.5801124906870272 1176.0 146.0 4.256410256410256 
4266285.0 14995.313139248326 0.46159830089408294 0.18003293070705853 4448.0 141.0 3.2980769230769234 
1072740.0 19336.32064921806 0.19748186511026333 0.6254712734927067 959.0 138.0 2.790909090909091 
4126038.9221270415 27797.257792139946 0.1256442821221455 0.013327279004915453 4735.0 665.0 8.755423301663253 
4107346.041604039 18168.54656746739 0.4249787994692263 0.08162882010539876 4624.0 239.0 4.734550473680908 
2020961.985134778 22018.838711184864 0.26958311261107915 0.406128022594139 2134.0 171.0 0.0 
3605714.816620007 26084.98505954626 0.3108797689952767 0.07724501546069361 4098.0 420.0 7.047440497789789 
2844238.372022463 19113.80065312326 0.42758014845754505 0.29647112796464076 2745.0 161.0 5.0540669856459335 
2883602.386337403 23248.207523971178 0.46744486464612905 0.21928465797749574 2883.0 192.0 3.122580240392302 
1091890.0 21645.811191127676 0.13809477936065653 0.6314604374452425 1015.0 131.0 0.0 
1952347.5470410734 22733.44647529122 0.22258722578312215 0.48533133815180324 1600.0 173.0 0.9128151260504203 
3854141.2842147425 30058.707805077334 0.07061110319244832 1.3120043644664834E-7 4349.0 698.0 8.922023667126906 
3457791.7359909597 21556.235888771513 0.3922734833654668 0.139028655867259 3445.0 225.0 2.996389946695119 
2528771.863338352 20045.54555168434 0.285277474018737 0.38192874288179707 2350.0 163.0 1.1388888888888888 
5442909.0919512715 22300.833409448125 0.2024799523914281 2.158827553427527E-6 5426.0 440.0 8.49754996820353 
1952354.4978830803 29050.602682726607 0.34902031021426905 0.3097104051312025 1734.0 243.0 1.5322677322677323 
3697320.180211012 33139.6775403747 0.031447438591909564 0.0 3893.0 709.0 9.337352814806799 
4811021.8371348595 14659.556044937377 0.4758034930927104 0.07198491952847036 5113.0 184.0 5.094397993311037 
3778753.707484401 24121.996319868667 0.4355287661446425 0.05795875630366676 3673.0 233.0 2.2414757194691584 
