[15, 27, 29, 2, 7, 25, 28, 0, 12, 17, 11, 3, 9, 14, 20][23, 4, 24, 1, 9, 14, 20, 7, 28, 17, 12, 18, 19, 8, 26][9, 3, 23, 1, 14, 24, 4, 7, 28, 16, 6, 13, 0, 22, 18][5, 21, 15, 6, 13, 18, 19, 8, 12, 0, 28, 25, 11, 17, 22][5, 21, 15, 10, 16, 27, 29, 2, 6, 13, 18, 17, 19, 12][26, 8, 19, 0, 18, 13, 6, 5, 15, 29, 27][21, 10, 2, 7, 24, 1, 9, 3, 23][5, 21][2, 10][17, 19][7, 16][13, 18] 
[14, 24, 23, 1, 3, 11, 17, 12, 8, 26, 0, 28, 16, 2, 29][17, 11, 14, 23, 9, 1, 24, 20, 7, 25, 0, 18, 19, 8, 26][8, 19, 0, 13, 6, 10, 2, 7, 20, 23, 3, 14, 11, 25, 22][5, 21, 10, 16, 6, 2, 15, 27, 7, 24, 4, 3, 11, 17, 19][2, 29, 27, 16, 28, 25, 22, 19, 12, 17, 11, 14, 7, 10, 21][8, 12, 18, 13, 6, 5, 21, 2, 27, 16, 7, 4, 23, 1, 14][11, 3, 9, 14, 20, 7, 10, 15, 5, 6, 13, 0, 22, 17, 28][1, 3, 9, 14, 4, 7, 25, 0, 13, 6, 21, 15, 10, 2][2, 27, 16, 15, 6, 13, 18, 0, 25, 28, 17, 19, 12, 22][14, 24, 7, 27, 10, 29, 15, 21, 6, 13, 18, 12, 8, 26][9, 1, 3, 23, 14, 11, 17, 22, 0, 28, 7, 4, 20, 24][10, 6, 13, 18, 19] 
[26, 8, 19, 0, 18, 13, 6, 5, 15, 29, 27][12, 17, 11, 3, 9, 14, 20][1, 24, 7, 2, 10, 21][22, 17, 11, 25, 28][1, 24, 4, 23][5, 21][2, 10][17, 19][4, 24][5, 21][7, 16][13, 18] 
[5, 6, 13, 0, 25, 28, 16, 27, 29][20, 14, 3, 23, 9, 1, 24][22, 12, 8, 26][11, 25, 7, 20][13, 18, 22][5, 21, 15][2, 6][4, 7][16, 28][7, 10][17, 22][19, 22] 
[13, 18, 12, 8, 26, 0, 22, 17][20, 14, 3, 23, 9, 1, 24][15, 21, 6, 10, 27][2, 16, 7, 25, 11][2, 29][4, 7][16, 28][7, 10][7, 20][6, 13][5, 21][19, 22] 
[14, 4, 3, 23, 9, 1, 24, 20, 7, 25, 0, 18, 19, 8, 26][8, 19, 0, 13, 6, 10, 2, 7, 20, 14, 9, 3, 23][9, 3, 24, 20, 7, 27, 15, 10, 6, 13, 0, 17, 19][9, 1, 23, 24, 14, 3, 11, 25, 0, 18, 12, 17, 22][14, 11, 25, 0, 18, 22, 17, 28, 16][21, 2, 29, 27][2, 29][2, 10][6, 15][8, 26][18, 19][5, 21] 
[15, 16, 28, 25, 0, 26][6, 13, 0, 12, 19, 8][7, 25, 22, 0, 13][7, 4, 1, 9, 14][12, 17, 22, 18][2, 7, 20][5, 15, 21][3, 9, 23][6, 10, 29][10, 27, 15][1, 24][11, 17] 
[9, 23, 1, 14, 20, 4, 24, 3, 11, 17, 12, 0, 18, 13][19, 8, 12, 22, 18, 17, 28, 7, 16, 10, 21, 5, 15, 29][27, 29][10, 21][11, 25][1, 24][8, 26][6, 10][7, 10][2, 21][4, 23][23, 24] 
[9, 1, 23, 24, 14, 3, 11, 25, 0, 18, 12][4, 7, 27, 2, 15, 16, 28, 17, 22, 18][2, 29][2, 10][6, 15][8, 26][20, 24][8, 19][0, 13][18, 19][5, 21][2, 21] 
[15, 27, 29, 2, 7, 25, 28, 0, 12, 17, 11, 3, 9, 14, 20][21, 10, 2, 16, 27, 29, 15, 5, 6, 13, 18, 0, 19, 8, 26][23, 4, 24, 1, 9, 14, 20, 7, 28, 17, 12, 18, 19, 8, 26][21, 10, 2, 7, 24, 1, 9, 3, 23, 20, 4, 14, 11, 25, 22][26, 8, 19, 17, 28, 16, 6, 5, 21, 15, 10, 7, 2, 27, 29][20, 23, 9, 3, 1, 4, 7, 27, 2, 10, 29, 15, 5, 6, 21][9, 3, 23, 1, 14, 24, 4, 7, 28, 16, 6, 13, 0, 22, 18][0, 12, 19, 17, 18, 13, 6, 2, 29, 27, 16, 10, 15, 21, 5][5, 21, 15, 6, 13, 18, 19, 8, 12, 0, 28, 25, 11, 17, 22][16, 7, 20, 4, 24, 23, 1, 3, 9, 14, 11, 25, 22, 12, 17][5, 21, 15, 6, 13, 18, 0, 25, 11, 3, 1, 9, 14, 20, 24][17, 19, 8, 12, 22] 
[25, 22, 19, 18, 0, 13, 6, 16, 7, 2, 10, 21, 5, 15, 29][2, 29, 27, 16, 28, 25, 0, 13, 6, 21, 5][26, 8, 12, 22, 25, 28, 16, 15, 10, 29][16, 28, 17, 12, 18, 13, 6, 10, 15, 29][5, 6, 13, 18, 12, 8, 26, 0, 22, 17][6, 2, 16, 7, 25, 11, 17, 0, 13][6, 13, 18, 22, 17, 28, 16, 2, 10][20, 14, 3, 23, 9, 1, 24][4, 7, 27, 15, 21, 5][17, 11, 25, 7, 20][6, 21, 10, 7][4, 7] 
[5, 21, 2, 16, 27, 7, 24, 3, 23, 9, 1, 4, 20, 14, 11][2, 29, 27, 16, 7, 25, 11, 14, 9, 23, 3, 24, 4][15, 10, 27, 29, 2, 7, 14, 3, 1, 24][13, 18, 12, 8, 26, 0, 22, 17][20, 7, 25, 11, 14, 1, 23][6, 15, 16][7, 28, 16][2, 6][4, 7][7, 10][6, 13][19, 22] 
[2, 10, 27, 29, 15, 21, 6, 16, 7, 28, 0, 22, 12, 8, 26][14, 4, 3, 23, 9, 1, 24, 20, 7, 25, 0, 18, 19, 8, 26][12, 22, 17, 18, 13, 6, 5, 21, 2, 29, 27, 7, 4, 1, 14][3, 4, 7, 27, 2, 15, 16, 28, 17, 22, 18, 0, 25, 11, 14][20, 4, 23, 14, 24, 7, 2, 6, 13, 18, 0, 12, 8, 26][8, 19, 0, 13, 6, 10, 2, 7, 20, 14, 9, 3, 23][9, 3, 24, 20, 7, 27, 15, 10, 6, 13, 0, 17, 19][3, 14, 20, 23, 1, 24, 7, 28, 17, 0, 22, 18, 19][9, 1, 23, 24, 14, 3, 11, 25, 0, 18, 12, 17, 22][21, 5, 15, 10, 7, 14, 11, 17, 12, 19, 22, 25][5, 21, 10, 16, 2, 27, 7, 28][6, 15] 
[0, 26, 8, 12, 19, 18, 13, 6, 2, 10, 29, 27, 15, 16, 7][0, 19, 8, 12, 22, 18, 17, 28, 7, 16, 10, 21, 5, 15, 29][4, 3, 9, 1, 23, 14, 24, 20, 7, 2, 21, 5, 6, 16, 28][9, 23, 1, 14, 20, 4, 24, 3, 11, 17, 12, 0, 18, 13][10, 21][11, 25][1, 24][8, 26][6, 10][7, 10][4, 23][23, 24] 
[22, 18, 13, 6, 5, 15, 29][7, 28, 0, 25, 11, 17, 12][11, 3, 9, 14, 20][1, 24, 4, 23, 14][10, 15, 2, 27, 16][8, 26, 0, 18, 19][5, 6][5, 21][4, 24][5, 21][11, 25][13, 18] 
[12, 22, 17, 18, 13, 6, 5, 21, 2, 29, 27, 7, 4, 1, 14][20, 4, 23, 14, 24, 7, 2, 6, 13, 18, 0, 12, 8, 26][9, 1, 23, 24, 4, 14, 3, 11, 25, 0, 18, 12, 17, 22][3, 23, 9, 1, 24, 20, 7, 25, 0, 18, 19, 8, 26][8, 19, 0, 13, 6, 10, 2, 7, 20, 14, 9, 3, 23][3, 4, 7, 27, 2, 15, 16, 28, 17, 22, 25, 11, 14][21, 5, 15, 10, 7, 14, 11, 17, 12, 19, 22, 25][14, 20, 23, 1, 24, 7, 28, 0, 22, 18, 19][19, 17, 0, 13, 6, 10, 15, 27, 7, 20][15, 10, 16, 2, 29][2, 10, 27, 29][6, 15] 
[2, 10, 27, 7, 14, 20, 23, 3, 11, 17, 12, 0, 22, 18][13, 0, 28, 17, 19, 12, 22, 25, 11, 14, 23, 20][26, 8, 19, 17, 0, 18, 22, 25, 7, 16, 27][2, 15, 21, 5, 6][3, 4, 23][7, 10][1, 23][5, 21][9, 14][4, 24][10, 29][17, 22] 
[15, 29, 27, 2, 7, 25, 28, 0, 26, 8, 12, 17, 22, 18, 19][4, 23, 24, 20, 7, 16, 10, 21, 5, 15, 29][8, 12, 22, 18, 13, 6, 16, 27, 10, 2, 15][0, 19, 17, 28, 16, 27][8, 12, 22, 0, 25, 11][1, 3, 11][9, 14][22, 25][14, 23][5, 6][5, 21][4, 24] 
[2, 16, 15, 21, 10, 29, 27, 7, 25, 22][19, 8, 26, 0, 13, 18, 12, 17, 28][20, 14, 4, 3, 23, 9, 1, 24][6, 21][10, 29][3, 11][15, 29][7, 10][7, 20][6, 13][5, 15][0, 26] 
[19, 18, 22, 0, 28, 7, 10, 21, 5, 6, 15, 16, 27, 2, 29][19, 8, 26, 0, 13, 18, 12, 17, 28, 25, 22][2, 15, 10, 29, 27, 7, 25, 22][20, 14, 4, 3, 23, 9, 1, 24][0, 26, 8, 12, 19, 22, 17][6, 21][10, 29][3, 11][15, 29][7, 20][6, 13][5, 15] 
[10, 27, 29, 15, 5, 6, 13, 18, 22][2, 15, 21, 6, 16, 7, 28, 25, 11][9, 3, 1, 24, 4, 23, 14, 20][12, 17, 11, 3, 9, 14, 20][8, 26, 0, 18, 19, 17][16, 28, 0, 25, 11, 17][11, 25, 28][5, 21][5, 21][4, 24][5, 21][13, 18] 
[3, 9, 14, 20, 7, 2, 10, 6, 13][8, 12, 22, 0, 28, 7, 16][4, 7, 27, 29, 2, 21, 5][1, 24, 7, 28, 17][2, 29][6, 15][8, 26][3, 23][17, 19][22, 25][11, 14][12, 18] 
[14, 9, 23, 20, 7, 24, 3, 11, 25, 0, 18, 22, 17, 28, 16][26, 8, 19, 17, 28, 0, 18, 12, 22, 25, 7, 16, 27][13, 0, 17, 19, 12, 22, 25, 11, 3, 14, 4, 23, 20][10, 27, 7, 14, 20, 24, 4, 1, 23][2, 15, 21, 5, 6][7, 10][4, 23][5, 21][2, 10][4, 24][10, 29][17, 22] 
[23, 9, 3, 1, 24, 7, 28][0, 26, 8, 12, 18, 13][16, 28, 17, 12, 19, 22][14, 11, 25, 7, 20][5, 21, 2, 16, 27][2, 29][15, 16][2, 6][4, 7][1, 24][7, 10][6, 13] 
[5, 21, 2, 16, 27, 7, 24, 3, 23, 9, 1, 4, 20][7, 4, 23, 1, 3, 14, 24, 20][13, 18, 12, 8, 26, 0, 22, 17][6, 13, 18, 22, 25, 0, 12][7, 20, 14, 3, 1, 24][1, 14, 11, 25, 7, 20][22, 19, 12, 17, 28][6, 21, 15, 16][6, 2, 10][7, 28, 16][2, 29][7, 10] 
[19, 18, 22, 0, 28, 7, 10, 21, 5, 6, 15, 16, 27, 2, 29][19, 8, 26, 0, 13, 18, 12, 17, 28, 25, 22][2, 16, 15, 21, 10, 29, 27, 7, 25, 22][20, 14, 4, 3, 23, 9, 1, 24][0, 26, 8, 12, 19, 22, 17][6, 21][10, 29][3, 11][15, 29][7, 20][6, 13][5, 15] 
[17, 11, 3, 23, 9, 1, 24, 20, 7, 25, 0, 18, 19, 8, 26][20, 24, 4, 23, 3, 9, 14, 7, 2, 6, 13, 0, 19, 8, 26][2, 6, 13, 0, 22, 19, 12, 17, 11, 14, 7, 10, 15, 5, 21][26, 8, 12, 0, 28, 7, 16, 6, 21, 15, 27, 10, 2, 29][7, 2, 10, 15, 29, 27, 16, 28, 17, 22, 18, 12, 8, 26][19, 17, 0, 13, 6, 10, 27, 16, 15, 29, 2, 7, 24, 23][14, 1, 4, 7, 27, 2, 21, 5, 6, 13, 18, 22, 12, 19][0, 22, 19, 12, 18, 17, 11, 3, 9, 14, 4, 20, 23][1, 3, 11, 17, 28, 16, 10, 29, 2, 15, 6, 21][6, 13, 18, 19, 17, 0, 25, 22, 12, 8, 26][9, 1, 3, 14, 7, 10, 29][11, 14] 
[5, 21, 2, 16, 27, 7, 24, 3, 23, 9, 1, 4, 20, 14, 11][2, 27, 16, 7, 25, 11, 14, 9, 23, 24, 4][15, 10, 27, 29, 2, 7, 14, 3, 1, 24][13, 18, 12, 8, 26, 0, 22, 17][20, 7, 25, 11, 14, 1, 23][6, 15, 16][7, 28, 16][2, 6][4, 7][7, 10][6, 13][19, 22] 
[2, 10, 27, 29, 15, 21, 6, 16, 7, 28, 0, 22, 12, 8, 26][14, 4, 3, 23, 9, 1, 24, 20, 7, 25, 0, 18, 19, 8, 26][12, 22, 17, 18, 13, 6, 5, 21, 2, 29, 27, 7, 4, 1, 14][3, 4, 7, 27, 2, 15, 16, 28, 17, 22, 18, 0, 25, 11, 14][20, 4, 23, 14, 24, 7, 2, 6, 13, 18, 0, 12, 8, 26][8, 19, 0, 13, 6, 10, 2, 7, 20, 14, 9, 3, 23][9, 3, 24, 20, 7, 27, 15, 10, 6, 13, 0, 17, 19][3, 14, 20, 23, 1, 24, 7, 28, 17, 0, 22, 18, 19][9, 1, 23, 24, 14, 3, 11, 25, 0, 18, 12, 17, 22][21, 5, 15, 10, 7, 14, 11, 17, 12, 19, 22, 25][15, 10, 16, 2, 29][6, 15] 
[2, 15, 6, 13, 0, 19, 12, 22, 17, 11, 3, 9, 1, 24, 23][10, 27, 29, 15, 21, 5, 6, 2, 16, 7, 25, 11, 14, 1, 24][5, 6, 13, 18, 0, 25, 22, 19, 12, 17, 11, 14, 7, 4, 23][5, 21, 6, 16, 15, 2, 27, 7, 14, 20, 24, 4, 1, 23, 9][5, 21, 10, 27, 7, 20, 4, 14, 1, 3, 11, 17, 18, 19, 22][5, 21, 6, 15, 29, 27, 10, 2, 7, 28, 25, 22, 18, 17, 12][14, 9, 23, 20, 7, 24, 3, 11, 25, 0, 22, 17, 28, 16, 15][1, 9, 14, 3, 23, 24, 4, 7, 10, 29, 27, 15, 2, 21, 6][17, 28, 16, 10, 29, 2, 27, 15, 5, 6, 13, 0, 19, 8, 26][8, 26, 0, 12, 19, 18, 22, 17, 11, 25, 28, 16, 15, 29, 10][15, 29, 27, 16, 7, 25, 22, 12, 18, 0, 28, 17, 19, 8, 26][6, 2, 7, 4, 24, 20, 23, 14, 11, 25, 22, 19, 17, 0, 13] 
[22, 18, 13, 6, 5, 15, 29][7, 28, 0, 25, 11, 17, 12][11, 3, 9, 14, 20][1, 24, 4, 23, 14][10, 15, 2, 27, 16][8, 26, 0, 18, 19][5, 6][5, 21][4, 24][5, 21][11, 25][13, 18] 
[13, 18, 12, 8, 26, 0, 22, 17][20, 14, 3, 23, 9, 1, 24][15, 21, 6, 10, 27][2, 16, 7, 25, 11][2, 29][4, 7][16, 28][7, 10][7, 20][6, 13][5, 21][19, 22] 
[9, 23, 1, 14, 20, 4, 24, 3, 11, 17, 12, 0, 18, 13][19, 8, 12, 22, 18, 17, 28, 7, 16, 10, 21, 5, 15, 29][27, 29][10, 21][11, 25][1, 24][8, 26][6, 10][7, 10][2, 21][4, 23][23, 24] 
[5, 6, 13, 0, 25, 28, 16, 27, 29][20, 14, 3, 23, 9, 1, 24][22, 12, 8, 26][11, 25, 7, 20][13, 18, 22][5, 21, 15][2, 6][4, 7][16, 28][7, 10][17, 22][19, 22] 
[15, 6, 5, 21, 10, 16, 7, 4, 24, 14, 1, 9, 3, 11, 25][11, 14, 3, 23, 9, 1, 24, 20, 7, 25, 0, 18, 19, 8, 26][19, 17, 0, 13, 6, 10, 15, 27, 7, 20, 14, 3, 11, 25, 22][3, 4, 7, 27, 2, 15, 16, 28, 17, 22, 18, 0, 25, 11, 14][20, 4, 23, 14, 24, 7, 2, 6, 13, 18, 0, 12, 8, 26][7, 28, 17, 22, 18, 19, 12][2, 10, 27, 29, 15][2, 29][8, 19][5, 21][1, 14][8, 19] 
[21, 2, 7, 28, 17, 18, 13, 6, 15, 29][4, 1, 3, 11, 25, 28, 17, 19, 12, 22][3, 9, 14, 20][10, 27, 29][0, 26, 8][0, 28, 16][14, 23][5, 21][2, 15][4, 24][5, 21][13, 18] 
[14, 4, 3, 23, 9, 1, 24, 20, 7, 25, 0, 19, 8, 26][11, 25, 0, 18, 22, 17, 28, 16][0, 13, 6, 10, 15, 27][2, 29][2, 10][6, 15][8, 26][8, 19][18, 19][5, 21][2, 21][12, 17] 
[8, 19, 0, 13, 6, 10, 2, 7, 20, 14, 9, 3, 23, 4, 24][8, 19, 18, 22, 0, 17, 28, 7, 24, 1, 23, 20, 14, 11, 25][12, 22, 17, 18, 13, 6, 5, 21, 2, 29, 27, 7, 4, 1, 14][3, 4, 7, 27, 2, 15, 16, 28, 17, 22, 18, 0, 25, 11, 14][20, 4, 23, 14, 24, 7, 2, 6, 13, 18, 0, 12, 8, 26][11, 14, 23, 9, 1, 24, 20, 7, 25, 0, 18, 19, 8, 26][11, 3, 1, 23, 20, 7, 27, 15, 10, 6, 13, 0, 17, 19][16, 28, 25, 22, 19, 12, 17, 11, 14, 7, 10, 15, 5, 21][2, 29, 15, 21, 6, 16, 7, 28, 0, 22, 12, 8, 26][15, 6, 13, 18, 12, 8, 26, 0, 25, 7, 16, 10, 29][5, 6, 15, 10, 16, 2, 29, 27, 7, 24, 3, 11][9, 23, 24, 4, 14, 3, 11, 25, 0, 18, 12, 19] 
[4, 24, 20, 14, 1, 23, 9, 3, 11, 17, 19][22, 18, 13, 6, 5, 15, 29][14, 7, 10, 15, 2, 27, 16][12, 17, 11, 25, 0, 28][1, 24, 4, 23, 14][8, 26, 0, 18, 19][3, 9, 14, 20][6, 21][5, 21][5, 21][11, 25][13, 18] 
[14, 24, 23, 1, 3, 11, 17, 12, 8, 26, 0, 28, 16, 2, 29][2, 10, 15, 21, 6, 13, 0, 25, 7, 4, 14, 9, 3, 1, 23][3, 14, 24, 7, 27, 10, 29, 15, 21, 6, 13, 18, 12, 8, 26][17, 11, 14, 23, 9, 1, 24, 20, 7, 25, 0, 18, 19, 8, 26][8, 19, 0, 13, 6, 10, 2, 7, 20, 23, 3, 14, 11, 25, 22][5, 21, 15, 29, 2, 10, 6, 13, 18, 19, 12, 8, 26, 0, 28][2, 29, 27, 16, 28, 25, 22, 19, 12, 17, 11, 14, 7, 10, 21][8, 12, 18, 13, 6, 5, 21, 2, 27, 16, 7, 4, 23, 1, 14][9, 1, 3, 23, 14, 11, 17, 22, 0, 28, 7, 4, 20, 24][15, 27, 7, 24, 4, 3, 11, 17, 19][2, 10][3, 11] 
[2, 10, 27, 29, 15, 21, 6, 16, 7, 28, 0, 22, 12, 8, 26][12, 22, 17, 18, 13, 6, 5, 21, 2, 29, 27, 7, 4, 1, 14][3, 4, 7, 27, 2, 15, 16, 28, 17, 22, 18, 0, 25, 11, 14][20, 4, 23, 14, 24, 7, 2, 6, 13, 18, 0, 12, 8, 26][9, 1, 23, 24, 4, 14, 3, 11, 25, 0, 18, 12, 17, 22][3, 23, 9, 1, 24, 20, 7, 25, 0, 18, 19, 8, 26][8, 19, 0, 13, 6, 10, 2, 7, 20, 14, 9, 3, 23][14, 20, 23, 1, 24, 7, 28, 17, 0, 22, 18, 19][21, 5, 15, 10, 7, 14, 11, 17, 12, 19, 22, 25][19, 17, 0, 13, 6, 10, 15, 27, 7, 20][5, 6, 15, 10, 16, 2, 29][6, 15] 
[3, 9, 14, 20, 7, 2, 10, 6, 13][0, 17, 11, 3, 14, 20, 7, 25, 22][8, 12, 22, 0, 28, 7, 16][4, 7, 27, 29, 2, 21, 5][1, 24, 7, 28, 17][2, 29][6, 15][8, 26][3, 23][17, 19][11, 14][12, 18] 
[26, 8, 19, 0, 18, 13, 6, 5, 15, 29, 27][12, 17, 11, 3, 9, 14, 20][1, 24, 7, 2, 10, 21][22, 17, 11, 25, 28][1, 4, 23][5, 21][2, 10][17, 19][4, 24][5, 21][7, 16][13, 18] 
[15, 27, 29, 2, 7, 25, 28, 0, 12, 17, 11, 3, 9, 14, 20][9, 3, 23, 1, 14, 24, 4, 7, 28, 16, 6, 13, 0, 22, 18][5, 21, 15, 6, 13, 18, 19, 8, 12, 0, 28, 25, 11, 17, 22][5, 21, 15, 10, 16, 27, 29, 2, 6, 13, 18, 17, 19, 12][26, 8, 19, 0, 18, 13, 6, 5, 15, 29, 27][21, 10, 2, 7, 24, 1, 9, 3, 23][20, 14, 9, 1, 24, 4, 23][5, 21][2, 10][17, 19][7, 16][13, 18] 
[15, 16, 28, 25, 0, 26][7, 25, 22, 0, 13][7, 4, 1, 9, 14][12, 17, 22, 18][2, 7, 20][5, 15, 21][8, 19, 12][3, 9, 23][6, 10, 29][10, 27, 15][1, 24][11, 17] 
[3, 9, 14, 20, 7, 2, 10, 6, 13][0, 17, 11, 3, 14, 7, 25, 22][8, 12, 22, 0, 28, 7, 16][4, 7, 27, 29, 2, 21, 5][1, 24, 7, 28, 17][2, 29][6, 15][8, 26][3, 23][17, 19][11, 14][12, 18] 
[14, 24, 23, 1, 3, 11, 17, 12, 8, 26, 0, 28, 16, 2, 29][2, 10, 15, 6, 13, 0, 25, 7, 14, 9, 3, 24, 4, 20, 23][21, 2, 27, 16, 15, 6, 13, 18, 0, 25, 28, 17, 19, 12, 22][4, 14, 24, 7, 27, 10, 29, 15, 21, 6, 13, 18, 12, 8, 26][17, 11, 14, 23, 9, 1, 24, 20, 7, 25, 0, 18, 19, 8, 26][8, 19, 0, 13, 6, 10, 2, 7, 20, 23, 3, 14, 11, 25, 22][5, 21, 10, 16, 6, 2, 15, 27, 7, 24, 4, 3, 11, 17, 19][2, 29, 27, 16, 28, 25, 22, 19, 12, 17, 11, 14, 7, 10, 21][11, 3, 9, 14, 20, 7, 10, 15, 5, 6, 13, 0, 22, 17, 28][16, 7, 28, 0, 12, 19, 18, 13, 6, 10, 21, 5, 15, 27][14, 1, 23, 4, 7, 16, 27, 2, 21, 6, 13, 18, 12, 19][9, 1, 3, 23, 14, 11, 17, 22, 0, 28, 7, 4, 24] 
[5, 21, 2, 16, 27, 7, 24, 3, 9, 1, 4, 20, 23][20, 4, 24, 3, 9, 23, 14, 7, 28, 16, 15, 27][16, 7, 4, 23, 1, 3, 14, 24, 20][20, 7, 25, 11, 14, 4, 3, 23, 24][13, 18, 12, 8, 26, 0, 22, 17][6, 13, 18, 22, 25, 0, 12][7, 20, 14, 1, 24][22, 19, 12, 17, 28][6, 21, 15, 16][6, 2, 10][7, 10, 27][2, 29] 
[2, 29, 27, 16, 28, 25, 0, 13, 6, 21, 5][20, 14, 3, 23, 9, 1, 24][22, 12, 8, 26][7, 25, 11, 17][4, 7][12, 18][7, 10][7, 20][6, 13][15, 21][17, 22][19, 22] 
[25, 22, 19, 18, 0, 13, 6, 16, 7, 2, 10, 21, 5, 15, 29][2, 29, 27, 16, 28, 25, 0, 13, 6, 5][26, 8, 12, 22, 25, 28, 16, 15, 10, 29][16, 28, 17, 12, 18, 13, 6, 10, 15, 29][5, 6, 13, 18, 12, 8, 26, 0, 22, 17][6, 2, 16, 7, 25, 11, 17, 0, 13][6, 13, 18, 22, 17, 28, 16, 10][20, 14, 3, 23, 9, 1, 24][4, 7, 27, 15, 21, 5][17, 11, 25, 7, 20][6, 21, 10, 7][4, 7] 
[2, 29, 27, 16, 28, 25, 0, 13, 6, 5][5, 6, 13, 18, 12, 8, 26, 0, 22, 17][6, 2, 16, 7, 25, 11, 17, 0, 13][6, 13, 18, 22, 17, 28, 16, 10][20, 14, 3, 23, 9, 1, 24][17, 11, 25, 7, 20][5, 21, 15][8, 26][4, 7][16, 28][7, 10][19, 22] 
[5, 21, 2, 16, 27, 7, 24, 3, 23, 9, 1, 4, 20][13, 18, 12, 8, 26, 0, 22, 17][7, 25, 11, 14][2, 29][15, 16][2, 6][4, 7][16, 28][1, 24][7, 10][6, 13][19, 22] 
[10, 27, 29, 15, 5, 6, 13, 18, 22, 17, 19, 0, 28, 7, 16][2, 15, 21, 6, 16, 7, 28, 25, 0, 18, 22, 19, 8, 12, 17][11, 25, 28, 16, 10, 2, 21, 5, 15, 29, 27, 7, 24, 3, 14][5, 21, 6, 2, 10, 15, 16, 28, 25, 0, 17, 19, 18, 13][12, 17, 11, 3, 9, 14, 20][1, 24, 4, 23, 14][8, 26, 0, 18, 19][3, 11, 17][5, 21][5, 21][4, 24][13, 18] 
[20, 4, 24, 3, 9, 23, 14, 7, 28, 16, 15, 27][5, 21, 2, 16, 27, 7, 24, 3, 9, 1, 4, 20][16, 7, 4, 23, 1, 3, 14, 24, 20][20, 7, 25, 11, 14, 4, 3, 23, 24][13, 18, 12, 8, 26, 0, 22, 17][6, 13, 18, 22, 25, 0, 12][7, 20, 14, 1, 24][22, 19, 12, 17, 28][6, 21, 15, 16][6, 2, 10][7, 10, 27][2, 29] 
[2, 29, 27, 16, 28, 25, 0, 13, 6, 21, 5][20, 14, 3, 23, 9, 1, 24][22, 12, 8, 26][7, 25, 11, 17][4, 7][12, 18][7, 10][7, 20][6, 13][15, 21][17, 22][19, 22] 
[7, 2, 10, 15, 29, 27, 16, 28, 17, 22, 0, 18, 12, 8, 26][20, 24, 4, 23, 3, 9, 14, 7, 2, 6, 13, 0, 19, 8, 26][2, 6, 13, 0, 22, 19, 12, 17, 11, 14, 7, 10, 15, 5, 21][11, 3, 23, 9, 1, 24, 20, 7, 25, 0, 18, 19, 8, 26][19, 17, 0, 13, 6, 10, 27, 16, 15, 29, 2, 7, 24, 23][2, 10, 27, 15, 21, 6, 16, 7, 28, 0, 12, 8, 26][12, 22, 18, 13, 6, 5, 21, 2, 27, 7, 4, 1, 14][1, 3, 11, 17, 28, 16, 10, 29, 2, 15, 6, 21][9, 1, 3, 14, 7, 10, 29][12, 18][11, 14][17, 19] 
[8, 19, 0, 13, 6, 10, 2, 7, 20, 14, 9, 3, 23, 4, 24][6, 16, 28, 25, 22, 19, 12, 17, 11, 14, 7, 10, 15, 5, 21][3, 4, 7, 27, 2, 15, 16, 28, 17, 22, 18, 0, 25, 11, 14][10, 2, 29, 15, 21, 6, 16, 7, 28, 0, 22, 12, 8, 26][2, 29, 10, 16, 7, 25, 0, 26, 8, 12, 18, 13, 6, 15][14, 3, 1, 23, 20, 7, 27, 15, 10, 6, 13, 0, 17, 19][8, 19, 18, 22, 0, 17, 28, 7, 24, 1, 23, 14, 11, 25][12, 22, 17, 18, 13, 6, 21, 2, 29, 27, 7, 4, 1, 14][1, 9, 23, 24, 4, 14, 3, 11, 25, 0, 18, 12, 19, 17][21, 5, 6, 15, 10, 16, 2, 29, 27, 7, 24, 3, 23][20, 4, 14, 24, 7, 2, 6, 13, 18, 0, 12, 8, 26][6, 5, 21, 10, 7, 4, 3, 1, 9, 23, 14, 11] 
[13, 18, 12, 8, 26, 0, 22, 17][20, 14, 3, 23, 9, 1, 24][15, 21, 6, 10, 27][2, 16, 7, 25, 11][2, 29][4, 7][16, 28][7, 10][7, 20][6, 13][5, 21][19, 22] 
[5, 21, 15, 27, 10, 2, 7, 20, 14, 11, 3, 23, 24, 1, 9][4, 24, 20, 7, 2, 27, 29, 15, 6, 21, 10, 16, 28][22, 18, 13, 6, 5, 15, 29][7, 28, 0, 25, 11, 17, 12][11, 3, 9, 14, 20][1, 24, 4, 23, 14][10, 15, 2, 27, 16][8, 26, 0, 18, 19][5, 6][5, 21][11, 25][13, 18] 
[23, 9, 3, 1, 24, 7, 28][0, 26, 8, 12, 18, 13][14, 11, 25, 7, 20][5, 21, 2, 16, 27][22, 19, 12, 17, 28][2, 29][15, 16][2, 6][4, 7][1, 24][7, 10][6, 13] 
[19, 18, 22, 0, 28, 7, 10, 21, 5, 6, 15, 16, 27, 2, 29][19, 8, 26, 0, 13, 18, 12, 17, 28, 25, 22][2, 15, 10, 29, 27, 7, 25, 22][20, 14, 4, 3, 23, 9, 1, 24][0, 26, 8, 12, 19, 22, 17][6, 21][10, 29][3, 11][15, 29][7, 20][6, 13][5, 15] 
[9, 3, 23, 1, 14, 24, 4, 7, 28, 16, 6, 13, 0, 22, 18][23, 4, 1, 9, 14, 20, 7, 28, 17, 12, 18, 19, 8, 26][15, 27, 29, 2, 7, 25, 28, 0, 17, 11, 3, 14, 20][5, 21, 15, 6, 13, 18, 19, 12, 0, 25, 11, 17, 22][26, 8, 19, 0, 18, 13, 6, 5, 15, 29, 27][21, 10, 7, 24, 1, 9, 23][5, 21][2, 10][17, 19][5, 21][7, 16][13, 18] 
[14, 4, 3, 23, 9, 1, 24, 20, 7, 25, 0, 18, 19, 8, 26][11, 25, 0, 18, 22, 17, 28, 16][0, 13, 6, 10, 15, 27][2, 29][2, 10][6, 15][8, 26][8, 19][18, 19][5, 21][2, 21][12, 17] 
[8, 19, 0, 13, 6, 10, 2, 7, 20, 14, 9, 3, 23, 4, 24][8, 19, 18, 22, 0, 17, 28, 7, 24, 1, 23, 20, 14, 11, 25][12, 22, 17, 18, 13, 6, 5, 21, 2, 29, 27, 7, 4, 1, 14][3, 4, 7, 27, 2, 15, 16, 28, 17, 22, 18, 0, 25, 11, 14][11, 14, 23, 9, 1, 24, 20, 7, 25, 0, 18, 19, 8, 26][11, 3, 1, 23, 20, 7, 27, 15, 10, 6, 13, 0, 17, 19][2, 29, 15, 21, 6, 16, 7, 28, 0, 22, 12, 8, 26][15, 6, 13, 18, 12, 8, 26, 0, 25, 7, 16, 10, 29][5, 6, 15, 10, 16, 2, 29, 27, 7, 24, 3, 11][11, 14, 7, 10, 15, 5, 21][13, 18, 0, 12, 8, 26][12, 19] 
[20, 24, 23, 9, 1, 4, 14, 11, 17, 28, 25, 0, 12, 8, 26][19, 8, 12, 22, 18, 17, 28, 7, 16, 10, 21, 5, 15, 29][3, 11, 17, 12, 0, 18, 13][27, 29][10, 21][11, 25][1, 24][6, 10][7, 10][2, 21][4, 23][23, 24] 
[2, 10, 27, 29, 15, 21, 6, 16, 7, 28, 0, 22, 12, 8, 26][14, 4, 3, 23, 9, 1, 24, 20, 7, 25, 0, 18, 19, 8, 26][12, 22, 17, 18, 13, 6, 5, 21, 2, 29, 27, 7, 4, 1, 14][3, 4, 7, 27, 2, 15, 16, 28, 17, 22, 18, 0, 25, 11, 14][4, 23, 14, 24, 7, 2, 6, 13, 18, 0, 12, 8, 26][8, 19, 0, 13, 6, 10, 2, 7, 20, 14, 9, 3, 23][9, 3, 24, 20, 7, 27, 15, 10, 6, 13, 0, 17, 19][3, 14, 20, 23, 1, 24, 7, 28, 17, 0, 22, 18, 19][9, 1, 23, 24, 14, 3, 11, 25, 0, 18, 12, 17, 22][21, 5, 15, 10, 7, 14, 11, 17, 12, 19, 22, 25][15, 10, 16, 2, 29][6, 15] 
[15, 16, 28, 25, 0, 26][7, 25, 22, 0, 13][7, 4, 1, 9, 14][12, 17, 22, 18][2, 7, 20][5, 15, 21][8, 19, 12][3, 9, 23][6, 10, 29][10, 27, 15][1, 24][11, 17] 
[14, 24, 23, 1, 3, 11, 17, 12, 8, 26, 0, 28, 16, 2, 29][2, 10, 15, 21, 6, 13, 0, 25, 7, 4, 14, 9, 3, 1, 23][3, 14, 24, 7, 27, 10, 29, 15, 21, 6, 13, 18, 12, 8, 26][17, 11, 14, 23, 9, 1, 24, 20, 7, 25, 0, 18, 19, 8, 26][8, 19, 0, 13, 6, 10, 2, 7, 20, 23, 3, 14, 11, 25, 22][10, 29, 2, 21, 6, 5, 15, 27, 7, 24, 4, 3, 11, 17, 19][5, 21, 15, 29, 2, 10, 6, 13, 18, 19, 12, 8, 26, 0, 28][2, 29, 27, 16, 28, 25, 22, 19, 12, 17, 11, 14, 7, 10, 21][8, 12, 18, 13, 6, 5, 21, 2, 27, 16, 7, 4, 23, 1, 14][9, 1, 4, 20, 23, 14, 7, 24, 3, 11, 17, 0, 26, 8, 12][9, 1, 3, 23, 14, 11, 17, 22, 0, 28, 7, 4, 20, 24][10, 2, 6, 21, 15, 16, 28, 7, 27, 29] 
[1, 23, 4, 24, 3, 9, 14, 11, 25, 7, 16, 27, 29, 2, 6][5, 21, 2, 16, 27, 7, 24, 23, 9, 1, 4, 20, 14, 11][15, 10, 27, 2, 7, 14, 3, 1, 24][9, 3, 1, 14, 11, 25, 7, 20, 24][13, 18, 12, 8, 26, 0, 22, 17][6, 2, 15, 29, 27][6, 15, 16][7, 28, 16][4, 7][7, 10][6, 13][19, 22] 
[14, 24, 23, 1, 3, 11, 17, 12, 8, 26, 0, 28, 16, 2, 29][2, 10, 15, 6, 13, 0, 25, 7, 14, 9, 3, 24, 4, 20, 23][4, 14, 24, 7, 27, 10, 29, 15, 21, 6, 13, 18, 12, 8, 26][17, 11, 14, 23, 9, 1, 24, 20, 7, 25, 0, 18, 19, 8, 26][8, 19, 0, 13, 6, 10, 2, 7, 20, 23, 3, 14, 11, 25, 22][5, 21, 10, 16, 6, 2, 15, 27, 7, 24, 4, 3, 11, 17, 19][11, 3, 9, 14, 20, 7, 10, 15, 5, 6, 13, 0, 22, 17, 28][21, 2, 27, 16, 15, 6, 13, 18, 0, 25, 28, 17, 12, 22][16, 7, 28, 0, 12, 19, 18, 13, 6, 10, 21, 5, 15, 27][2, 29, 27, 16, 28, 25, 22, 19, 17, 11, 14, 7, 10, 21][14, 1, 23, 4, 7, 16, 27, 2, 21, 6, 13, 18, 12, 19][9, 1, 3, 23, 14, 11, 17, 22, 0, 28, 7, 4, 24] 
[26, 8, 19, 0, 18, 13, 6, 5, 15, 29, 27][12, 17, 11, 3, 9, 14, 20][1, 24, 7, 2, 10, 21][22, 17, 11, 25, 28][1, 4, 23][5, 21][2, 10][17, 19][4, 24][5, 21][7, 16][13, 18] 
[14, 24, 23, 1, 3, 11, 17, 12, 8, 26, 0, 28, 16, 2, 29][2, 10, 15, 21, 6, 13, 0, 25, 7, 4, 14, 9, 3, 1, 23][3, 14, 24, 7, 27, 10, 29, 15, 21, 6, 13, 18, 12, 8, 26][17, 11, 14, 23, 9, 1, 24, 20, 7, 25, 0, 18, 19, 8, 26][8, 19, 0, 13, 6, 10, 2, 7, 20, 23, 3, 14, 11, 25, 22][10, 29, 2, 21, 6, 5, 15, 27, 7, 24, 4, 3, 11, 17, 19][5, 21, 15, 29, 2, 10, 6, 13, 18, 19, 12, 8, 26, 0, 28][2, 29, 27, 16, 28, 25, 22, 19, 12, 17, 11, 14, 7, 10, 21][8, 12, 18, 13, 6, 5, 21, 2, 27, 16, 7, 4, 23, 1, 14][9, 1, 4, 20, 23, 14, 7, 24, 3, 11, 17, 0, 26, 8, 12][9, 1, 3, 23, 14, 11, 17, 22, 0, 28, 7, 4, 20, 24][10, 2, 6, 21, 15, 16, 28, 7, 27, 29] 
[5, 21, 2, 16, 27, 7, 24, 3, 9, 1, 4, 20, 23][0, 26, 8, 12, 18][22, 19, 12, 17, 28][14, 7, 28][7, 25, 11][2, 29][15, 16][2, 6][7, 16][1, 24][7, 10][6, 13] 
[10, 29, 2, 15, 16, 27, 7, 25, 28, 0, 18, 19, 17, 22, 12][7, 25, 22, 17, 12, 8, 19, 18, 13, 6, 2, 10, 16, 15, 21][11, 17, 19, 12, 0, 13, 6, 21, 10, 29, 15, 27, 2, 7, 20][5, 15, 27, 2, 16, 10, 21, 6, 13, 18, 12, 0, 25, 11, 17][0, 26, 8, 19, 22, 25, 7, 16, 28, 17, 12, 18, 13, 6, 5][19, 8, 26, 0, 13, 18, 12, 17, 28][20, 14, 4, 3, 23, 9, 1, 24][0, 18][3, 11][15, 29][7, 10][6, 13] 
[13, 18, 12, 8, 26, 0, 22, 17][20, 14, 3, 23, 9, 1, 24][15, 21, 6, 10, 27][2, 16, 7, 25, 11][2, 29][4, 7][16, 28][7, 10][7, 20][6, 13][5, 21][19, 22] 
[8, 19, 0, 13, 6, 10, 2, 7, 20, 14, 9, 3, 23, 4, 24][20, 4, 23, 14, 24, 7, 2, 6, 13, 18, 0, 12, 8, 26][11, 14, 23, 9, 1, 24, 20, 7, 25, 0, 18, 19, 8, 26][11, 3, 1, 23, 20, 7, 27, 15, 10, 6, 13, 0, 17, 19][12, 17, 18, 13, 6, 5, 21, 2, 29, 27, 7, 4, 1, 14][15, 6, 13, 18, 12, 8, 26, 0, 25, 7, 16, 10, 29][8, 19, 22, 17, 28, 7, 24, 1, 23, 20, 14, 11, 25][2, 29, 15, 21, 6, 16, 28, 0, 22, 12, 8, 26][9, 23, 24, 4, 14, 3, 11, 25, 0, 18, 12, 19][5, 6, 15, 16, 2, 27, 7, 24, 3, 11][11, 14, 7, 10, 15, 5, 21][14, 11, 25] 
[26, 8, 19, 0, 18, 13, 6, 5, 15, 29, 27][12, 17, 11, 3, 9, 14, 20][1, 24, 7, 2, 10, 21][22, 17, 11, 25, 28][1, 4, 23][5, 21][2, 10][17, 19][4, 24][5, 21][7, 16][13, 18] 
[15, 16, 28, 25, 0, 26][7, 25, 22, 0, 13][7, 4, 1, 9, 14][12, 17, 22, 18][2, 7, 20][5, 15, 21][8, 19, 12][3, 9, 23][6, 10, 29][10, 27, 15][1, 24][11, 17] 
[22, 18, 0, 19, 17, 28, 7, 10, 2, 16, 6, 21, 15, 29, 27][21, 2, 16, 28, 17, 12, 19, 22][23, 9, 3, 1, 24, 7, 28][0, 26, 8, 12, 18, 13][14, 11, 25, 7, 20][5, 21, 2, 16, 27][2, 29][15, 16][2, 6][4, 7][1, 24][6, 13] 
[5, 21, 2, 16, 27, 7, 24, 3, 9, 1, 4, 20, 14, 11][2, 27, 16, 7, 25, 11, 14, 9, 23, 24, 4][13, 18, 12, 8, 26, 0, 22, 17][20, 7, 25, 11, 14, 1, 23][6, 15, 16][7, 28, 16][7, 2, 29][2, 6][4, 7][7, 10][6, 13][19, 22] 
[14, 4, 3, 23, 9, 1, 24, 20, 7, 25, 0, 19, 8, 26][11, 25, 0, 18, 22, 17, 28, 16][0, 13, 6, 10, 15, 27][2, 29][2, 10][6, 15][8, 26][8, 19][18, 19][5, 21][2, 21][12, 17] 
[14, 9, 23, 20, 7, 24, 3, 11, 25, 0, 18, 22, 17, 28, 16][26, 8, 19, 17, 28, 0, 18, 12, 22, 25, 7, 16, 27][13, 0, 17, 19, 22, 25, 11, 14, 23, 20][10, 27, 7, 14, 20, 24, 4, 1, 23][2, 15, 21, 5, 6][7, 10][4, 23][5, 21][2, 10][4, 24][10, 29][17, 22] 
[8, 19, 0, 13, 6, 10, 2, 7, 20, 14, 9, 3, 23, 4, 24][8, 19, 18, 22, 0, 17, 28, 7, 24, 1, 23, 20, 14, 11, 25][12, 22, 17, 18, 13, 6, 5, 21, 2, 29, 27, 7, 4, 1, 14][3, 4, 7, 27, 2, 15, 16, 28, 17, 22, 18, 0, 25, 11, 14][20, 4, 23, 14, 24, 7, 2, 6, 13, 18, 0, 12, 8, 26][11, 14, 23, 9, 1, 24, 20, 7, 25, 0, 18, 19, 8, 26][11, 3, 1, 23, 20, 7, 27, 15, 10, 6, 13, 0, 17, 19][2, 29, 15, 21, 6, 16, 7, 28, 0, 22, 12, 8, 26][15, 6, 13, 18, 12, 8, 26, 0, 25, 7, 16, 10, 29][5, 6, 15, 10, 16, 2, 29, 27, 7, 24, 3, 11][9, 23, 24, 4, 14, 3, 11, 25, 0, 18, 12, 19][11, 14, 7, 10, 15, 5, 21] 
[6, 16, 28, 25, 22, 19, 12, 17, 11, 14, 7, 10, 15, 5, 21][12, 22, 17, 18, 13, 6, 5, 21, 2, 29, 27, 7, 4, 1, 14][20, 4, 23, 14, 24, 7, 2, 6, 13, 18, 0, 12, 8, 26][9, 1, 23, 24, 4, 14, 3, 11, 25, 0, 18, 12, 17, 22][3, 23, 9, 1, 24, 20, 7, 25, 0, 18, 19, 8, 26][8, 19, 0, 13, 6, 10, 2, 7, 20, 14, 9, 3, 23][3, 4, 7, 27, 2, 15, 16, 28, 17, 22, 25, 11, 14][14, 20, 23, 1, 24, 7, 28, 0, 22, 18, 19][19, 17, 0, 13, 6, 10, 15, 27, 7, 20][15, 10, 16, 2, 29][2, 10, 27, 29][6, 15] 
[14, 24, 23, 1, 3, 11, 17, 12, 8, 26, 0, 28, 16, 2, 29][2, 10, 15, 21, 6, 13, 0, 25, 7, 4, 14, 9, 3, 1, 23][0, 26, 8, 19, 17, 28, 25, 22, 18, 13, 6, 21, 15, 2, 10][3, 14, 24, 7, 27, 10, 29, 15, 21, 6, 13, 18, 12, 8, 26][17, 11, 14, 23, 9, 1, 24, 20, 7, 25, 0, 18, 19, 8, 26][8, 19, 0, 13, 6, 10, 2, 7, 20, 23, 3, 14, 11, 25, 22][12, 0, 28, 16, 6, 2, 15, 27, 7, 24, 4, 3, 11, 17, 19][5, 21, 15, 29, 2, 10, 6, 13, 18, 19, 12, 8, 26, 0, 28][2, 29, 27, 16, 28, 25, 22, 19, 12, 17, 11, 14, 7, 10, 21][8, 12, 18, 13, 6, 5, 21, 2, 27, 16, 7, 4, 23, 1, 14][0, 17, 22, 25, 11, 3, 24, 7, 10, 15, 27, 2, 6, 5, 21][9, 1, 3, 23, 14, 11, 17, 22, 0, 28, 7, 4, 20, 24] 
[14, 9, 23, 20, 7, 24, 3, 11, 25, 0, 18, 22, 17, 28, 16][26, 8, 19, 17, 28, 0, 18, 12, 22, 25, 7, 16, 27][13, 0, 17, 19, 22, 25, 11, 14, 4, 20][10, 27, 7, 14, 20, 24, 4, 1, 23][2, 15, 21, 5, 6][7, 10][4, 23][5, 21][2, 10][4, 24][10, 29][17, 22] 
[19, 8, 26, 0, 13, 18, 12, 17, 28][20, 14, 4, 3, 23, 9, 1, 24][5, 15, 27, 2, 16, 10, 21, 6][7, 25, 22][0, 18][10, 29][3, 11][15, 29][7, 10][7, 20][6, 13][0, 26] 
[5, 6, 13, 0, 25, 28, 16, 27, 29][20, 14, 3, 23, 9, 1, 24][22, 12, 8, 26][11, 25, 7, 20][13, 18, 22][5, 21, 15][2, 6][4, 7][16, 28][7, 10][17, 22][19, 22] 
[5, 21, 6, 15, 29, 10, 2, 27, 16, 28, 7, 24, 1, 3, 23][15, 6, 21, 10, 2, 27, 16, 7, 24, 14, 3, 11, 17, 19, 22][14, 4, 3, 23, 9, 1, 24, 20, 7, 25, 0, 18, 19, 8, 26][0, 13, 6, 10, 15, 27, 16, 28, 17, 11, 14, 20, 23, 9, 3][8, 26, 0, 19, 17, 12, 22, 18, 13, 6, 15, 21, 2, 27, 29][11, 25, 0, 18, 22, 17, 28, 16, 15, 21, 5, 6, 2, 7, 20][5, 21, 15, 10, 2, 6, 16, 28, 0, 13, 18, 19, 8, 26][2, 29][8, 26][18, 19][5, 21][12, 17] 
[15, 29, 27, 2, 7, 25, 28, 0, 26, 8, 12, 17, 22, 18, 19][4, 23, 24, 20, 7, 16, 10, 21, 5, 15, 29][8, 12, 18, 13, 6, 16, 27, 10, 2, 15][0, 19, 17, 28, 16, 27][8, 12, 22, 0, 25, 11][1, 3, 11][9, 14][22, 25][14, 23][5, 6][5, 21][4, 24] 
[5, 21, 2, 16, 27, 7, 24, 3, 9, 1, 4, 20, 23][20, 4, 24, 3, 9, 23, 14, 7, 28, 16, 15, 27][16, 7, 4, 23, 1, 3, 14, 24, 20][20, 7, 25, 11, 14, 4, 3, 23, 24][6, 13, 18, 22, 25, 0, 12][17, 22, 0, 26, 8, 12, 18][7, 20, 14, 1, 24][22, 19, 12, 17, 28][6, 21, 15, 16][6, 2, 10][7, 10, 27][2, 29] 
[7, 4, 1, 3, 11, 25, 28, 17, 19, 12, 22, 0, 26, 8][5, 21, 2, 7, 28, 17, 18, 13, 6, 15, 29][10, 27, 29, 15, 5, 6, 13, 18, 22][2, 15, 21, 6, 16, 7, 25, 11][12, 17, 11, 3, 9, 14, 20][9, 1, 24, 4, 23, 14, 20][8, 26, 0, 18, 19, 17][16, 28, 0, 25, 11, 17][5, 21][4, 24][5, 21][13, 18] 
[3, 14, 24, 7, 27, 10, 29, 15, 21, 6, 13, 18, 12, 8, 26][5, 21, 15, 29, 2, 10, 6, 13, 18, 19, 12, 8, 26, 0, 28][2, 29, 27, 16, 28, 25, 22, 19, 12, 17, 11, 14, 7, 10, 21][8, 12, 18, 13, 6, 5, 21, 2, 27, 16, 7, 4, 23, 1, 14][9, 1, 3, 23, 14, 11, 17, 22, 0, 28, 7, 4, 20, 24][2, 10, 15, 21, 6][2, 29][2, 10][11, 17][8, 19][17, 19][3, 11] 
[15, 16, 28, 25, 0, 26][7, 25, 22, 0, 13][7, 4, 1, 9, 14][12, 17, 22, 18][2, 7, 20][5, 15, 21][8, 19, 12][3, 9, 23][6, 10, 29][10, 27, 15][1, 24][11, 17] 
[2, 10, 27, 29, 15, 21, 6, 16, 7, 28, 0, 22, 12, 8, 26][12, 22, 17, 18, 13, 6, 5, 21, 2, 29, 27, 7, 4, 1, 14][3, 4, 7, 27, 2, 15, 16, 28, 17, 22, 18, 0, 25, 11, 14][20, 4, 23, 14, 24, 7, 2, 6, 13, 18, 0, 12, 8, 26][9, 1, 23, 24, 4, 14, 3, 11, 25, 0, 18, 12, 17, 22][3, 23, 9, 1, 24, 20, 7, 25, 0, 18, 19, 8, 26][8, 19, 0, 13, 6, 10, 2, 7, 20, 14, 9, 3, 23][14, 20, 23, 1, 24, 7, 28, 17, 0, 22, 18, 19][21, 5, 15, 10, 7, 14, 11, 17, 12, 19, 22, 25][19, 17, 0, 13, 6, 10, 15, 27, 7, 20][5, 6, 15, 10, 16, 2, 29][6, 15] 
[5, 21, 2, 16, 27, 7, 24, 3, 9, 1, 4, 20, 23][20, 4, 24, 3, 9, 23, 14, 7, 28, 16, 15, 27][16, 7, 4, 23, 1, 3, 14, 24, 20][20, 7, 25, 11, 14, 4, 3, 23, 24][6, 13, 18, 22, 25, 0, 12][17, 22, 0, 26, 8, 12, 18][7, 20, 14, 1, 24][22, 19, 12, 17, 28][6, 21, 15, 16][6, 2, 10][7, 10, 27][2, 29] 
[14, 9, 23, 20, 7, 24, 3, 11, 25, 0, 18, 22, 17, 28, 16][26, 8, 19, 17, 0, 18, 12, 22, 25, 7, 16, 27][2, 15, 21, 5, 6][7, 10][4, 23][1, 23][5, 21][2, 10][4, 24][10, 29][17, 22][0, 13] 
[13, 18, 12, 8, 26, 0, 22, 17][20, 14, 3, 23, 9, 1, 24][15, 21, 6, 10, 27][2, 16, 7, 25, 11][2, 29][4, 7][16, 28][7, 10][7, 20][6, 13][5, 21][19, 22] 
[20, 4, 23, 14, 24, 7, 2, 6, 13, 18, 0, 12, 8, 26][3, 4, 7, 27, 2, 15, 16, 28, 17, 22, 18, 0, 25, 11][15, 5, 21][2, 29][2, 10][6, 15][4, 14][8, 19][3, 9][18, 19][1, 14][17, 22] 
[3, 4, 7, 27, 2, 15, 16, 28, 17, 22, 18, 0, 25, 11, 14][1, 4, 7, 27, 29, 2, 21, 5, 6, 13, 18, 17, 22, 12][20, 24, 1, 9, 23][19, 18, 12, 17, 22][2, 29][2, 10][6, 15][8, 26][8, 19][17, 19][18, 19][5, 21] 
[15, 27, 29, 2, 7, 25, 28, 0, 12, 17, 11, 3, 9, 14, 20][23, 4, 24, 1, 9, 14, 20, 7, 28, 17, 12, 18, 19, 8, 26][9, 3, 23, 1, 14, 24, 4, 7, 28, 16, 6, 13, 0, 22, 18][5, 21, 15, 6, 13, 18, 19, 8, 12, 0, 28, 25, 11, 17, 22][26, 8, 19, 0, 18, 13, 6, 5, 15, 29, 27][21, 10, 2, 7, 24, 1, 9, 3, 23][5, 21][2, 10][17, 19][5, 21][7, 16][13, 18] 
[5, 21, 2, 16, 27, 7, 24, 3, 9, 1, 4, 20, 14, 11][2, 27, 16, 7, 25, 11, 14, 9, 23, 24, 4][15, 10, 27, 29, 2, 7, 14, 3, 1, 24][13, 18, 12, 8, 26, 0, 22, 17][6, 15, 16][7, 28, 16][2, 6][4, 7][7, 10][7, 20][6, 13][19, 22] 
[2, 29, 27, 16, 28, 25, 0, 13, 6, 21, 5][20, 14, 3, 23, 9, 1, 24][22, 12, 8, 26][7, 25, 11, 17][4, 7][12, 18][7, 10][7, 20][6, 13][15, 21][17, 22][19, 22] 
[10, 27, 29, 15, 5, 6, 13, 18, 22][2, 15, 21, 6, 16, 7, 28, 25][12, 17, 11, 3, 9, 14, 20][1, 24, 4, 23, 14][8, 26, 0, 18, 19][5, 21][5, 21][4, 24][5, 21][11, 25][11, 17][13, 18] 
[14, 24, 23, 1, 3, 11, 17, 12, 8, 26, 0, 28, 16, 2, 29][17, 11, 14, 23, 9, 1, 24, 20, 7, 25, 0, 18, 19, 8, 26][8, 19, 0, 13, 6, 10, 2, 7, 20, 23, 3, 14, 11, 25, 22][5, 21, 10, 16, 6, 2, 15, 27, 7, 24, 4, 3, 11, 17, 19][2, 29, 27, 16, 28, 25, 22, 19, 12, 17, 11, 14, 7, 10, 21][8, 12, 18, 13, 6, 5, 21, 2, 27, 16, 7, 4, 23, 1, 14][11, 3, 9, 14, 20, 7, 10, 15, 5, 6, 13, 0, 22, 17, 28][1, 3, 9, 14, 4, 7, 25, 0, 13, 6, 21, 15, 10, 2][2, 27, 16, 15, 6, 13, 18, 0, 25, 28, 17, 19, 12, 22][14, 24, 7, 27, 10, 29, 15, 21, 6, 13, 18, 12, 8, 26][9, 1, 3, 23, 14, 11, 17, 22, 0, 28, 7, 4, 20, 24][10, 6, 13, 18, 19] 
[20, 14, 9, 3, 11, 17, 12, 0, 22, 18, 13, 6, 10, 29, 27][8, 12, 19, 0, 17, 28, 25, 11][22, 18, 13, 6, 5, 15, 29][7, 28, 0, 25, 11, 17, 12][1, 24, 4, 23, 14][10, 15, 2, 27, 16][8, 26, 0, 18, 19][5, 6][5, 21][4, 24][5, 21][13, 18] 
[6, 16, 28, 25, 22, 19, 12, 17, 11, 14, 7, 10, 15, 5, 21][12, 22, 17, 18, 13, 6, 5, 21, 2, 29, 27, 7, 4, 1, 14][20, 4, 23, 14, 24, 7, 2, 6, 13, 18, 0, 12, 8, 26][9, 1, 23, 24, 4, 14, 3, 11, 25, 0, 18, 12, 17, 22][3, 23, 9, 1, 24, 20, 7, 25, 0, 18, 19, 8, 26][8, 19, 0, 13, 6, 10, 2, 7, 20, 14, 9, 3, 23][3, 4, 7, 27, 2, 15, 16, 28, 17, 22, 25, 11, 14][14, 20, 23, 1, 24, 7, 28, 0, 22, 18, 19][19, 17, 0, 13, 6, 10, 15, 27, 7, 20][15, 10, 16, 2, 29][2, 10, 27, 29][6, 15] 
[3, 9, 1, 23, 4, 14, 20, 24, 7, 27, 15, 10, 16, 2, 29][2, 10, 27, 29, 15, 21, 6, 16, 7, 28, 0, 22, 12, 8, 26][15, 6, 16, 7, 4, 24, 20, 23, 1, 3, 11, 25, 22, 12, 17][14, 4, 3, 23, 9, 1, 24, 20, 7, 25, 0, 18, 19, 8, 26][4, 24, 23, 3, 9, 14, 20, 7, 2, 10, 6, 13, 0, 19, 8][1, 23, 9, 3, 24, 20, 7, 27, 15, 10, 6, 13, 0, 17, 19][4, 3, 14, 20, 23, 1, 24, 7, 28, 17, 0, 22, 18, 19, 12][13, 0, 28, 25, 22, 19, 12, 17, 11, 14, 7, 10, 15, 5, 21][12, 22, 17, 18, 13, 6, 5, 21, 2, 29, 27, 7, 4, 1, 14][3, 4, 7, 27, 2, 15, 16, 28, 17, 22, 18, 0, 25, 11, 14][8, 19, 22, 17, 12, 18, 0, 25, 11, 3, 14, 24, 23, 1, 9][20, 4, 23, 14, 24, 7, 2, 6, 13, 18, 0, 12, 8, 26] 
[19, 18, 22, 0, 28, 7, 10, 21, 5, 6, 15, 16, 27, 2, 29][19, 8, 26, 0, 13, 18, 12, 17, 28, 25, 22][2, 15, 10, 29, 27, 7, 25, 22][20, 14, 4, 3, 23, 9, 1, 24][0, 26, 8, 12, 19, 22, 17][6, 21][10, 29][3, 11][15, 29][7, 20][6, 13][5, 15] 
[4, 23, 1, 3, 14, 24, 20][9, 23, 14, 7, 28, 16, 15][12, 8, 26, 0, 22, 17][6, 13, 18, 22, 25][7, 10, 27][7, 25, 11][2, 29][15, 21][2, 6][1, 24][5, 21][19, 22] 
[10, 27, 29, 15, 5, 6, 13, 18, 22][9, 3, 1, 24, 4, 23, 14, 11, 17][2, 15, 21, 6, 16, 7, 28, 25][12, 17, 11, 3, 9, 14, 20][8, 26, 0, 18, 19][5, 21][5, 21][4, 24][5, 21][11, 25][11, 17][13, 18] 
[14, 24, 23, 1, 3, 11, 17, 12, 8, 26, 0, 28, 16, 2, 29][2, 10, 15, 21, 6, 13, 0, 25, 7, 4, 14, 9, 3, 1, 23][5, 15, 21, 6, 13, 0, 22, 12, 17, 28, 16, 2, 10, 27, 7][3, 14, 24, 7, 27, 10, 29, 15, 21, 6, 13, 18, 12, 8, 26][17, 11, 14, 23, 9, 1, 24, 20, 7, 25, 0, 18, 19, 8, 26][8, 19, 0, 13, 6, 10, 2, 7, 20, 23, 3, 14, 11, 25, 22][6, 16, 10, 2, 21, 5, 15, 27, 7, 24, 4, 3, 11, 17, 19][5, 21, 15, 29, 2, 10, 6, 13, 18, 19, 12, 8, 26, 0, 28][2, 29, 27, 16, 28, 25, 22, 19, 12, 17, 11, 14, 7, 10, 21][8, 12, 18, 13, 6, 5, 21, 2, 27, 16, 7, 4, 23, 1, 14][11, 3, 4, 14, 24, 1, 9, 23, 20, 7, 28, 17, 0, 18, 13][9, 1, 3, 23, 14, 11, 17, 22, 0, 28, 7, 4, 20, 24] 
