88166.91720977027 8213.766570657172 0.17212588310854207 0.008349389852280027 132.0 112.0 0.9986152635719905 
94875.99941739744 10270.735042498729 0.12334277824099918 0.010281287217981447 111.0 115.0 0.6997635933806146 
116300.0 8087.744568752365 0.14129736673089274 0.0 108.0 116.0 2.778290598290598 
64630.0 10050.947540466406 0.1188631222777233 0.2608021736776619 58.0 85.0 1.7105263157894737 
52355.0 6920.783132530118 0.10918432883750803 0.3815028901734104 66.0 80.0 0.0 
69230.0 8461.084611619555 0.39758284206656136 0.15221637718726752 83.0 68.0 0.0 
95205.0 7206.753561018535 0.1111111111111111 0.2003853564547206 109.0 79.0 0.0 
82321.7266218683 11707.8178460477 0.10020290951419618 0.006422607578743644 86.0 118.0 0.6833333333333333 
100650.0 8670.173957101842 0.14067284673126162 0.037251949314395766 93.0 76.0 0.0 
92810.0 9285.64199873498 0.13810396767170452 0.03340118995040278 84.0 79.0 0.27692307692307694 
83708.5276872991 13192.015652624701 0.060380267215207985 6.670264129750831E-14 89.0 150.0 2.828433126381143 
82445.0 8456.18369196412 0.24664100230051564 0.03147160213327922 89.0 67.0 0.1719298245614035 
115850.0 6592.42975963573 0.40337878369792823 1.4274294849834416E-5 139.0 95.0 2.0628654970760234 
135370.0 5701.4265936647835 0.1663646784509672 0.006423432576439137 140.0 81.0 1.5897435897435899 
120730.0 7251.708866852799 0.15351566862183771 0.03982016764491243 121.0 77.0 0.48717948717948717 
54005.0 9378.136066439472 0.3494069320759715 0.34492208059788526 52.0 69.0 0.0 
159739.65197215776 5739.061989908084 0.3937058445728966 0.006422607578676943 151.0 74.0 0.0 
75180.0 10237.62955648722 0.33269107257546565 0.06229929351316635 71.0 77.0 0.3705263157894737 
65690.0 7727.918974901266 0.12780989081567115 0.2691072575465639 64.0 75.0 1.4807692307692308 
61400.0 9839.351517010047 0.11817597944765575 0.28901734104046245 58.0 73.0 0.40384615384615385 
84550.0 6435.338302490935 0.14193962748876043 0.08670520231213873 107.0 89.0 1.6206012378426171 
49470.0 8568.9833048664 0.07450224791265253 0.3815028901734104 58.0 68.0 0.0 
106138.18794177569 7116.992665436908 0.12206073082862577 0.0 134.0 139.0 3.0075091575091575 
72695.0 7681.526759032873 0.2928709055876686 0.30956968529222867 80.0 76.0 0.0 
84165.0 8605.467260012718 0.12909441233140656 0.03018625561978163 95.0 74.0 0.13247863247863248 
78255.0 7406.567895381453 0.21775651236670257 0.0655202498399143 110.0 77.0 0.17378048780487804 
73435.0 6967.812760881188 0.30383108837134076 0.11112538540596092 97.0 84.0 1.9017543859649122 
77230.0 9878.42641096764 0.1348747591522158 0.1001926782273603 72.0 81.0 1.27 
70395.0 8434.788640452256 0.34107949018476186 0.13167772965772717 76.0 67.0 0.0 
95193.84625665499 10265.188735221296 0.0545991803019313 5.511426342957087E-10 117.0 140.0 2.719471863320152 
61485.0 9246.188814498642 0.3564817827685978 0.1933333597364409 69.0 64.0 0.0 
110745.0 7244.998086816036 0.24151570238865724 0.017984868716043604 129.0 76.0 0.0 
82655.0 7186.644540775563 0.2729608220937701 0.0899165061014772 106.0 96.0 1.7398785425101215 
47865.0 8801.303306162552 0.1355374824830474 0.479833226729929 73.0 108.0 1.456140350877193 
103335.1196319253 11144.360562129361 0.09762363519588953 0.0 100.0 117.0 2.1703225806451614 
71780.0 8561.03494029191 0.22225077149020728 0.24922918396583854 86.0 79.0 0.0 
82779.47674974991 11499.639155525283 0.10148825878267459 0.00642260809795697 85.0 116.0 0.8269230769230769 
108995.0 8953.348441040867 0.1740745291904334 0.009635148896567603 102.0 81.0 0.0 
81685.0 7524.126516389702 0.16443038797679227 0.10404624277456648 79.0 70.0 0.0 
102310.0 7740.973154102125 0.15928066795118817 0.03982016698779704 106.0 73.0 0.0 
108377.30667676617 8596.486448910875 0.14452814279911871 0.0 163.0 159.0 2.8781606834798326 
78370.0 8196.004541233442 0.20166987797045602 0.1901091843288375 96.0 86.0 0.7372549019607844 
52445.0 9299.958281760451 0.057813451963449905 0.35842754367934215 69.0 106.0 1.4234234234234235 
92644.00805710148 9047.598695360688 0.16058581763288995 0.018627954779123754 87.0 85.0 0.8705738705738706 
43055.0 9406.787559985236 0.15929807803243198 0.5016672875050392 46.0 78.0 0.0 
88166.86446737482 8213.777391407339 0.17214799588863822 0.008350462487135436 132.0 112.0 0.9986152635719905 
85034.38280326175 8507.883852369447 0.24344850879926788 0.0314748197305245 96.0 77.0 0.1719298245614035 
64545.0 7964.140179299105 0.07772353545748455 0.3584275436786588 78.0 73.0 0.0 
135370.0 5701.4265936647835 0.16636591647745513 0.006423432682425497 140.0 81.0 1.5897435897435896 
97867.5 10870.434399478221 0.11434831983018247 2.4419933760929673E-5 106.0 131.0 2.7111742424242427 
106725.42497417715 9061.609896970247 0.1149894255911831 3.5969902431639657E-5 114.0 113.0 2.1046031746031746 
110267.14778707479 9273.522831758473 0.09571822298220647 8.251037485453432E-7 114.0 116.0 2.6982905982905985 
66915.0 8217.94887806503 0.3179356598786206 0.21451509400756197 87.0 75.0 0.17669172932330826 
57990.0 8589.167592544898 0.12782895157064716 0.3224157258076915 60.0 69.0 0.0 
88166.8644575201 8213.777393845723 0.17214799588900304 0.008350462487153132 132.0 112.0 0.9986152635719905 
73435.0 7006.422095699052 0.3391527079111588 0.11112538540596095 95.0 79.0 1.4385964912280702 
134981.41174798014 6086.723410878404 0.14131922917159087 8.2499776219357E-7 153.0 98.0 1.9171311780007434 
86325.55822325949 11182.318016010411 0.1824254881808838 0.004496402877697841 98.0 117.0 0.8658536585365854 
158989.65197215776 6038.440198961737 0.4451334890715573 0.01027699722961804 145.0 74.0 0.0 
69405.0 8998.497058899744 0.3114964675658317 0.14836223506743737 86.0 73.0 0.1719298245614035 
64545.0 7964.140179299105 0.07772097796428562 0.3584275436793422 78.0 73.0 0.0 
91690.0 6784.82507372218 0.380218368657675 0.06358381502890173 121.0 79.0 1.6591036414565825 
98806.5591278845 10662.56032065764 0.06359198250674745 0.0 103.0 140.0 2.775484677923702 
62560.0 7741.418940703173 0.17597944765574824 0.31856133590237634 69.0 84.0 1.2333333333333334 
109925.26350614514 8338.275319342049 0.12590959465844648 4.2906454079920925E-6 146.0 131.0 2.2147797854319595 
98891.1556540053 11001.48225182022 0.11368015414258188 0.0 97.0 121.0 1.998931623931624 
111533.64109820429 8062.693345118177 0.12461855471718752 1.0598635002327132E-10 127.0 94.0 1.3158756137479541 
109615.0 8943.753558311659 0.17214824335635073 0.009635149023621909 102.0 83.0 0.27692307692307694 
95700.0 9455.54597074127 0.12654310905172403 0.02505246001155432 88.0 86.0 0.784677923702314 
43055.0 9406.787559985236 0.15929807803243198 0.5016672875050392 46.0 78.0 0.0 
64765.0 8951.49639892707 0.35324341682723187 0.294155427103404 62.0 72.0 0.0 
102004.85430138285 9256.965403587645 0.1014771997430957 0.0 128.0 149.0 3.106651478602698 
84740.0 8179.90388145463 0.21066152858060372 0.04816955684007707 103.0 67.0 0.1608187134502924 
88166.8644575201 8213.777393845723 0.17214799588900304 0.008350462487153132 132.0 112.0 0.9986152635719905 
78230.0 8449.631128014651 0.3371868978805395 0.10661528580603725 99.0 90.0 1.749178501810081 
55680.0 9104.227664755204 0.3050738599871548 0.26332691072575465 67.0 67.0 0.0 
71020.0 8459.487822508423 0.3475078727685222 0.2530812688263069 70.0 81.0 0.0 
43055.0 9406.787559985236 0.15929807803243198 0.5016672875050392 46.0 78.0 0.0 
80590.0 7415.460654884047 0.138106772664081 0.21839819619843853 77.0 84.0 1.5604395604395602 
134130.0 5670.992122865695 0.17212588310854207 0.006422607578676943 139.0 83.0 1.2564102564102564 
108644.82969815223 8985.968964215854 0.11690919804401594 2.8053718201469305E-5 112.0 107.0 1.6135531135531136 
81255.0 9157.389506558276 0.29672447013487474 0.05330764290301863 99.0 81.0 0.5780645161290323 
98200.0 9859.557349299504 0.10727800650840734 0.0012896365018609886 100.0 112.0 1.9055702917771884 
91070.0 8594.928919789618 0.17472066851858828 0.006425412677087426 91.0 76.0 0.0 
134750.0 5664.204792548952 0.17021271476062685 0.0064226075786770025 139.0 85.0 1.5333333333333332 
134705.0 7344.640873085147 0.45601594962631314 0.023121387802517022 156.0 73.0 0.0 
64545.0 7964.140179299105 0.07772097796428562 0.3584275436793422 78.0 73.0 0.0 
101190.0 8665.61672808468 0.1374618719135172 0.02954877995495368 95.0 78.0 0.12692307692307692 
104087.20696805496 9346.856296689386 0.09378211827621981 3.794286891071602E-9 117.0 122.0 2.0039960039960043 
92245.0 7402.0083866696095 0.28776953192514465 0.21133093176484757 99.0 77.0 0.0 
86325.55822325949 11182.318016010411 0.1824254881808838 0.004496402877697841 98.0 117.0 0.8658536585365854 
87860.0 8440.604851793505 0.2003853564547206 0.021836865767501604 81.0 66.0 0.0 
90531.37131640842 11503.612312176625 0.0745199876644408 4.290454714245701E-6 96.0 135.0 2.2579649033137406 
67595.0 8449.274633837014 0.1926782273603083 0.2800256904303147 73.0 74.0 0.0 
69545.0 8814.524673310645 0.37508028259473347 0.21644187540141296 72.0 71.0 0.0 
110510.0 7707.353008578681 0.14260325830654816 0.006423432682425488 103.0 107.0 2.0205128205128204 
64545.0 7964.140179299105 0.07772353651714115 0.35842753835875796 78.0 73.0 0.0 
43055.0 9406.787559985236 0.15929807803243198 0.5016672875050392 46.0 78.0 0.0 
86325.56080085825 11182.541792765654 0.18242548818049723 0.004496402877688311 98.0 117.0 0.8658536585365854 
119490.0 7232.405891980361 0.15928066795118817 0.03982016698779704 120.0 73.0 0.0 
200939.65197215776 5717.142546211743 0.3642124220738051 0.006423432576439137 167.0 84.0 0.9623931623931625 
102828.25210413251 10132.37199729779 0.141315516681661 0.0 107.0 129.0 2.8045532245532248 
75335.0 8432.767656254264 0.14902182077831116 0.10983945956046594 73.0 68.0 0.40384615384615385 
57990.0 8589.167592544898 0.1278263107195338 0.3224563154432637 60.0 69.0 0.0 
70060.0 10011.913318775245 0.14195489571255976 0.22418250509616927 66.0 91.0 1.6600000000000001 
111834.24320827943 9734.872031748464 0.2967712540041199 0.006423432682411874 112.0 102.0 0.6493496841322929 
73435.0 9151.69987170872 0.3037893384714194 0.1111111111111111 96.0 94.0 2.3017543859649123 
87860.0 8414.886647351155 0.16829805849151633 0.021839670759893064 85.0 71.0 0.608974358974359 
80590.0 8034.1540928240265 0.13810314273750007 0.21839671129794955 77.0 94.0 1.8681318681318682 
108402.1878724081 11530.516999329911 0.09057039932779182 0.0 95.0 131.0 2.0235736171585232 
71780.0 8561.03494029191 0.22225605126383635 0.24919717405306832 86.0 79.0 0.0 
88166.86446737482 8213.777391407339 0.17214799588863822 0.008350462487135436 132.0 112.0 0.9986152635719905 
