1.0699704145948939E7 32312.026846327226 0.2067107264675496 0.5953783933920682 10859.0 606.0 7.661878441393442 
1.6759939168124719E7 30550.013771827445 0.32565142225244914 0.46190626995540374 16921.0 625.0 9.846911431819708 
4.263017186668591E7 44891.43354869314 0.054382531136919376 0.0 45638.0 1953.0 12.783819021258036 
1.3731738529829653E7 37432.25340752877 0.2150848575151726 0.5506523307911555 12962.0 668.0 9.725204191709047 
1.0501382062287452E7 36195.688489120126 0.19973314920282217 0.6032385511143876 10420.0 604.0 5.749205032392463 
1.5446330170263322E7 39109.759496062354 0.35540476697280093 0.4197344990317573 13777.0 599.0 4.181740427648246 
4.974798823793578E7 33155.42165290366 0.23426281169367189 0.0 56308.0 1255.0 11.522349121676061 
4.352392624335818E7 32418.89857728298 0.4906472429744 0.03821573381373399 49027.0 866.0 7.021399324712109 
3.477391828293202E7 38012.54606923541 0.18560147858184894 0.18922525010772673 37797.0 1477.0 10.798202690849777 
3.1587920287833925E7 33422.79990965749 0.2527502764553492 0.2608596333656946 36780.0 863.0 9.159422686483335 
2.043824229904095E7 30963.606366493404 0.23392016281013617 0.48753744477382577 20929.0 692.0 11.166463402600991 
1.1735648751855103E7 32790.16827715984 0.21692789317661473 0.5745391112933957 12554.0 634.0 6.807692509136103 
2.437997188554935E7 32787.61002415533 0.4588483882523349 0.2532123332831474 25864.0 661.0 9.54566548884789 
3.1727928633789506E7 32300.711228202188 0.3685604074406724 0.22689586069765388 37575.0 823.0 7.655012745378419 
1.7239329499980234E7 31161.288499922124 0.3669977208657595 0.41758515603503327 17762.0 596.0 5.5280700192540495 
2.404806152539438E7 33481.63284195587 0.5412502530929253 0.2272748511294434 23378.0 621.0 4.5954645251408 
2.6192367787019767E7 38523.58369934546 0.25832091663768 0.3454887159492672 26541.0 872.0 9.168830020011104 
1.0724346448241694E7 39921.18375580121 0.24027993375454917 0.558398272218963 10662.0 604.0 5.736577989658862 
2.0820553932730548E7 38898.06926212534 0.5018040982883131 0.2694829636013436 18944.0 612.0 4.740625955409591 
4.1280857780655146E7 36491.51043902985 0.29818240342233554 0.11113245456008555 40693.0 1184.0 11.12749034209384 
5.324164040381115E7 33915.620221932426 0.3307288557084785 0.0017859275141861829 56937.0 1034.0 8.684909195909938 
3.567470712056132E7 33493.21739442518 0.4880202682006261 0.120757773197589 34713.0 752.0 5.583191697702083 
4.768302804776855E7 41327.07747966727 0.37418296412050855 0.03668938878707487 45683.0 978.0 8.940679150713605 
1.461477577475926E7 31112.396799572554 0.31371062782620435 0.49316519310341245 15191.0 594.0 9.333149706542283 
4.344536300360397E7 44773.84793966744 0.048739207858081064 0.0 45917.0 1965.0 13.160074044367795 
1.1417679606120009E7 38826.749712138495 0.21536520660170183 0.5787028143933298 10686.0 647.0 9.135248354315031 
8824905.564081969 35738.22218876808 0.16726976331268786 0.650944620672111 8706.0 619.0 7.313105666438546 
1.5631989934713764E7 39199.02950648829 0.3836058084177409 0.4013352923158392 14715.0 576.0 3.889310212279918 
5.1969274647003524E7 33310.39582074603 0.1814273921824138 0.0 55599.0 1371.0 11.584983458306972 
4.853951773080771E7 33401.912440374275 0.5181837532512706 0.02174262915526667 54691.0 803.0 6.8331575883619475 
4.642655085700322E7 38257.89634795424 0.0695213818094976 0.0 49249.0 1834.0 12.967871351948535 
3.542298609446316E7 33658.42070276327 0.2589335313082438 0.17688989030044078 41848.0 1107.0 11.719427302117637 
1.6914871651601117E7 33904.28183635422 0.22455961830991034 0.4801601104783067 18161.0 719.0 10.889624788149682 
1.2035209282642981E7 33615.45827431332 0.2457986574393745 0.5481603389108957 11912.0 583.0 5.647671286752834 
2.616577032433071E7 31485.48288958373 0.49250585358509374 0.24104829791762927 28241.0 657.0 9.960019166832916 
3.1831367255350586E7 34230.54901202127 0.5095500397161206 0.17839546872809772 33673.0 670.0 6.181799488434848 
1.751151579603284E7 31923.721672578395 0.363031300456346 0.40252418010871316 18059.0 621.0 5.526300081475615 
2.302578874851854E7 34256.48205368778 0.539625266721006 0.2241131364313638 22299.0 583.0 5.20300525068327 
3.169826818228186E7 36849.51847108655 0.24673834604422248 0.2503569259203497 33602.0 1086.0 10.288186073070284 
1.354867960970703E7 37145.68239134035 0.2589127647092417 0.5227887465800007 13360.0 637.0 5.994786946910615 
2.2152818936492484E7 40250.817878373455 0.5301712725252704 0.25132257277395037 19720.0 629.0 5.937751062803312 
4.644662858629213E7 34758.053592669516 0.30078861159710724 0.09071888774095745 47775.0 1021.0 11.612430273801955 
4.410571596042796E7 33578.010596854176 0.3440142874201135 0.14515852702513277 46774.0 975.0 8.975668955302117 
3.2850222429354336E7 31820.52415565497 0.5099030718991574 0.15952382188488035 32812.0 708.0 6.1333898504457505 
4.871201224677603E7 42015.75991492963 0.17401890798839148 0.0 49897.0 1550.0 11.01294309303869 
1.6433809749238422E7 30826.280837968865 0.33718207634840125 0.4608108318580395 17123.0 643.0 8.89434993984201 
4.4404550247832716E7 45472.519419685035 0.05757539573350223 0.0 44886.0 1960.0 13.127251525219176 
1.1012101378566917E7 38453.06881762457 0.2155261477439686 0.5787028143933298 10170.0 603.0 8.596784271670721 
1.523412772397068E7 37638.8767149813 0.36564270028086826 0.4099326643027355 14816.0 594.0 4.23238577115979 
5.338754213804249E7 31561.713963416598 0.2572306701900663 0.0011629295441212353 60073.0 1271.0 11.555746064228273 
5.0807339048506565E7 32055.735015513124 0.47285026762954463 0.08599967811771547 54298.0 805.0 7.598954165669946 
4.481535936293611E7 38853.499693224236 0.09315896312371182 0.0 49958.0 1695.0 12.810016666144802 
3.5946429883786626E7 33499.488546945235 0.30301063769033887 0.2022822492303379 43574.0 949.0 11.403662520015212 
2.026486725053265E7 32991.64900098167 0.23000046724847756 0.48753744477382577 20730.0 667.0 10.940922277059864 
1.1819432696852759E7 34925.04695127044 0.22090988853527985 0.5708426566710103 12100.0 612.0 5.532437683335233 
2.380728394492133E7 32313.951156822026 0.4307511798024058 0.2936968180378679 26592.0 686.0 9.764186160714097 
3.76283268629746E7 32742.908890815343 0.48580862540689557 0.12317189033159066 43307.0 756.0 7.344651102150989 
1.769593376062741E7 32296.84846197433 0.3836992581132507 0.3990561580753516 17795.0 615.0 5.099817168657129 
2.383024869185925E7 33637.53251410388 0.5367335178099545 0.22398334518760027 23557.0 614.0 5.837080053777445 
3.396736070331062E7 39454.65819057785 0.2368690198684436 0.23131395463536447 36024.0 1096.0 10.237648023661695 
1.5947091611640524E7 37519.09263328867 0.2592865634912806 0.48053390926034567 15762.0 668.0 6.83338949522881 
2.146496621493142E7 39377.50250098833 0.5248290649319635 0.2548788528530711 20049.0 612.0 5.316011542814908 
5.0270744341388516E7 32865.8556258731 0.3936049258372833 0.06785486223957386 49422.0 951.0 11.973898579773735 
5.150097913464272E7 34524.15097399391 0.3190061105717564 0.0058613725683610484 54021.0 1038.0 8.980169869579228 
3.3460034723689582E7 34543.046939144915 0.4814943644641958 0.18043578708006044 32547.0 692.0 5.1815995021211245 
1.5857716797734695E7 31178.30482257121 0.33533384903720853 0.4485533467970117 16781.0 624.0 8.009333123833036 
4.509957429315657E7 44916.75911242691 0.06640120030942233 0.0 45067.0 1919.0 12.588173001657406 
1.1122775381274492E7 39458.46199921237 0.23331273978932285 0.5762056308633194 10025.0 584.0 9.034860197205523 
1.5641982045228442E7 36190.91715749685 0.366743330027983 0.4074458640722262 14837.0 590.0 3.763116484182911 
5.094615066033428E7 32580.142221568785 0.39812166112025416 0.01793714988811995 57584.0 923.0 11.56920224753464 
5.2401888668935575E7 32661.099721378552 0.5154217955839827 0.017423176562816365 55346.0 814.0 7.433312481805288 
4.629696383111909E7 39079.70276423606 0.08753121479412512 0.0 49447.0 1771.0 12.88828842548514 
3.374130003054487E7 35453.60917334633 0.24589210713488424 0.16859882564882642 39311.0 1141.0 11.308174999267258 
1.7917369703074846E7 33726.76132752416 0.22504763338646122 0.48209659583525855 16749.0 659.0 9.842002023108154 
1.3837071000096815E7 33733.226558670016 0.21486161657589933 0.5558387888919462 13342.0 646.0 6.848615782895642 
2.5048939645852074E7 33045.98113693532 0.46483955206445954 0.2817715985608747 24045.0 647.0 10.00011459470501 
4.1056975073386945E7 31654.388259827767 0.45622660512831165 0.15180903035557608 47850.0 763.0 6.969576206084818 
1.6935234710941367E7 32283.208492511094 0.3687524984814424 0.41309957065056563 17197.0 605.0 5.306552139257712 
2.3946412562794257E7 33967.995033598934 0.5534142884584434 0.21911876937134314 23374.0 608.0 5.789432972999359 
2.992933495644739E7 37434.808859141966 0.19054912079411473 0.28087344315403107 32903.0 1230.0 11.941970767196743 
1.0872591565714223E7 38490.09638983704 0.23108033039659012 0.5561191379784755 10319.0 603.0 6.050479841886534 
2.4651745479942005E7 39384.586159355866 0.5418628677634892 0.21464875893612714 22286.0 640.0 5.5547503274423695 
4.913099154328399E7 35486.304315120266 0.37382993193747177 0.005186458100790688 49442.0 1048.0 11.977845058385467 
5.2994846505164646E7 34509.069143933135 0.32271294849364285 0.004724401272992519 54151.0 1083.0 9.090495828569878 
3.240295728467131E7 32186.603824994083 0.47014541810951266 0.18659827533395287 32888.0 707.0 6.8240843807261635 
1.7116490490154188E7 30587.31485062634 0.34096159736679527 0.45957521921741074 17945.0 627.0 9.010336011775188 
1.1191995406645333E7 39469.31854933979 0.24133383865390906 0.5542397607687795 10298.0 610.0 8.662707018969664 
1.6161017416241325E7 37527.40412370508 0.4009199603357959 0.3866636901208097 15829.0 601.0 3.729794937178839 
4.912242752145681E7 34510.37715430507 0.45259245030293277 0.004397327338708421 51913.0 919.0 9.281214235480762 
4.7735485990824744E7 38661.76237450766 0.11116879610833935 0.0 50652.0 1741.0 12.671848651007927 
3.5984618032360666E7 34171.85560969389 0.3002954048708058 0.18483311441876885 41990.0 995.0 10.588152349028153 
1.7161977693178203E7 32725.938174769057 0.23834864004734785 0.5021259805728466 17561.0 647.0 9.24764319140583 
1.255954907281798E7 33058.102079644355 0.2361525722028689 0.5715746792858366 12183.0 599.0 6.617699408124939 
2.5116052426404994E7 34084.644813464 0.4822471536780243 0.24504067657579548 25380.0 671.0 9.633721070074454 
3.175448398388432E7 32494.184032088808 0.5072553305263814 0.1940794426244828 35446.0 732.0 7.979251580655705 
1.7502140850020558E7 32156.748516924763 0.37254240279933754 0.405774152852552 16905.0 587.0 5.372541108954137 
2.3129758066400096E7 34218.83035243689 0.5127792458609572 0.24459419469724894 22572.0 623.0 5.633621319344645 
1.1715482236647222E7 37863.803852264275 0.25507094389384116 0.5330941713348251 11458.0 590.0 5.713028950905477 
2.307027318410907E7 38280.67250017939 0.5429531142111028 0.20654459367553227 21929.0 637.0 4.631203725230124 
4.900740313492659E7 39517.63645361741 0.19791088014038222 0.0 50400.0 1578.0 12.865448709487087 
5.148403693857849E7 34279.73795099604 0.3834292923262225 0.0 54086.0 972.0 8.011063957261054 
3.762294125742151E7 33628.949376239354 0.49440080574404127 0.14846560791622754 36226.0 716.0 6.0259009383013495 
3.425068337541894E7 33778.32555555968 0.5358820872508657 0.17793341190029957 34306.0 658.0 7.9017852409438945 
3.007511789439162E7 34335.66962059985 0.5332187709288381 0.1644039726503891 30504.0 673.0 6.070104617327667 
2.4866020279234763E7 37750.782783597584 0.47249723544650785 0.25975381196882935 23321.0 662.0 6.289829620562914 
5.049445325375698E7 39161.62339627223 0.15613886624752749 0.0 51097.0 1630.0 12.928465115300352 
4.8109836056032665E7 39722.84756324476 0.10094124609977312 0.0 52316.0 1848.0 12.7669858587666 
1.8199219327139743E7 32940.61178056219 0.2615916559805209 0.4781924752228516 18884.0 640.0 10.276171411144118 
3.399001097233425E7 36289.47941885851 0.28974078092795547 0.16238442089742858 36684.0 1024.0 10.166000527044982 
2.6144491631948493E7 29953.786363368537 0.4847702954567873 0.2513848725709569 28602.0 660.0 8.845406172263758 
1.0470239886519315E7 36876.30394864446 0.2272748511294434 0.5849743272919836 10153.0 593.0 7.711250333590758 
5.464141830950185E7 32414.080743026247 0.33155951966856506 0.011925219476993204 59767.0 1184.0 9.30233904331437 
