89475.65906615494 10646.384746257909 0.05781625567340648 0.0 96.0 139.0 2.645976076410859 
49490.0 8058.060119524612 0.07450224791265253 0.3815028901734104 59.0 67.0 0.0 
83745.0 8295.20025429116 0.24793262157332274 0.050100134929973596 102.0 66.0 0.0 
60940.0 9022.401903381731 0.2697495183044316 0.19396274887604367 60.0 67.0 0.0 
110075.0 7197.380625214704 0.2581888246628131 0.021836865767501604 119.0 70.0 0.0 
96660.0 7590.029857454732 0.19910083493898523 0.021836865767501604 93.0 67.0 0.0 
87860.0 8440.604851793505 0.2003853564547206 0.021836865767501604 81.0 66.0 0.0 
87549.15266352039 8904.98255788607 0.09955041746949261 0.0 98.0 126.0 2.615830546265329 
98710.0 6427.869836871941 0.14900449582530506 0.018625561978163133 112.0 81.0 1.6083333333333334 
114750.0 6994.668890921151 0.0886490620394192 2.8049923914581382E-5 132.0 106.0 1.1132045088566827 
74555.0 7192.194470231218 0.14193962748876043 0.22607578676942838 75.0 79.0 1.4096989966555185 
81680.0 7022.5714688922335 0.1329479768786127 0.21836865767501606 89.0 91.0 0.7697729988052568 
59505.0 7352.82614827564 0.0905587668593449 0.363519588953115 80.0 77.0 0.28695652173913044 
87810.0 7265.989661685052 0.2896596017983301 0.08285163776493257 99.0 77.0 1.8486842105263157 
92940.0 7633.461972736567 0.265267802591323 0.03853564557803439 109.0 81.0 0.0 
65900.0 7647.8425803420105 0.37572254335260113 0.2691072575465639 72.0 72.0 1.1176470588235294 
80020.0 8267.70795545237 0.51252408477842 0.057161207450224794 100.0 63.0 0.0 
77735.0 8910.066088926025 0.19845857418111754 0.06422607578676943 80.0 82.0 1.6022727272727273 
86463.45926420671 10492.34062945734 0.10727066820364968 0.00642343309570555 90.0 110.0 0.41326434025367575 
85195.0 8405.492943675034 0.1323222985757651 0.025052047046322388 99.0 76.0 0.4094017094017094 
67820.0 9282.825391196617 0.12716763005780346 0.26525369299935775 64.0 76.0 0.45546558704453444 
77735.0 8751.67379345275 0.2472703917790623 0.06422607578676943 77.0 75.0 0.3835227272727273 
98440.0 6848.811817745299 0.16056518946692358 0.018625561978163133 111.0 80.0 0.38405797101449274 
90415.0 7843.196010122662 0.1573538856775851 0.06936416184971098 86.0 74.0 0.4096989966555184 
89857.18438883836 10916.250697122772 0.1111111111111111 0.0 100.0 121.0 2.4866220735785953 
49490.0 8058.060119524612 0.07450224791265253 0.3815028901734104 59.0 67.0 0.0 
83745.0 8295.20025429116 0.24793262157332274 0.050100134929973596 102.0 66.0 0.0 
60940.0 9022.401903381731 0.2697495183044316 0.19396274887604367 60.0 67.0 0.0 
110075.0 7197.380625214704 0.2581888246628131 0.021836865767501604 119.0 70.0 0.0 
87860.0 8440.604851793505 0.2003853564547206 0.021836865767501604 81.0 66.0 0.0 
107826.59939579411 7557.128112350938 0.11753371868978806 0.0 117.0 119.0 2.378483835005574 
100750.0 6459.08233087293 0.14900449582530506 0.018625561978163133 104.0 77.0 1.7211538461538463 
98500.52897242972 7945.001710586077 0.16955684007707128 0.0 120.0 124.0 1.6950274862568715 
74555.0 7192.194470231218 0.14193962748876043 0.22607578676942838 75.0 79.0 1.4096989966555185 
63505.0 7625.512934879569 0.12909441233140656 0.3468208092485549 72.0 77.0 0.0 
80710.0 7453.027685366169 0.29543994861913936 0.12010276172125883 96.0 80.0 1.9841269841269842 
81970.0 7550.893108736389 0.33911368015414256 0.08477842003853564 97.0 72.0 0.0 
68455.0 8141.026979311945 0.3160317344614154 0.2524099637811332 67.0 77.0 0.86 
77735.0 7843.990145831024 0.19845857418111754 0.06422607578676943 81.0 77.0 1.4460227272727273 
83718.43785470378 11439.159545382781 0.10215196541279382 0.006426650067711691 87.0 117.0 0.6134010643444605 
84165.0 8605.467260012718 0.12909441233140656 0.03018625561978163 95.0 74.0 0.13247863247863248 
68775.0 8952.937832797114 0.1233140655105973 0.25176621708413616 67.0 76.0 0.4096989966555184 
77735.0 8751.67379345275 0.2472703917790623 0.06422607578676943 77.0 75.0 0.3835227272727273 
98440.0 6848.811817745299 0.16056518946692358 0.018625561978163133 111.0 80.0 0.38405797101449274 
90415.0 7843.196010122662 0.1573538856775851 0.06936416184971098 86.0 74.0 0.4096989966555184 
89196.68134678477 10607.70722273482 0.09956691944881578 2.1450535264363367E-5 106.0 124.0 2.6441370223978917 
49490.0 8058.060119524612 0.07450224791265253 0.3815028901734104 59.0 67.0 0.0 
84740.0 8179.90388145463 0.21066152858060372 0.04816955684007707 103.0 67.0 0.1608187134502924 
60940.0 9022.401903381731 0.2697495183044316 0.19396274887604367 60.0 67.0 0.0 
108620.0 7352.778905076904 0.25819707464043506 0.021836865767501604 128.0 76.0 0.0 
87860.0 8440.604851793505 0.2003853564547206 0.021836865767501604 81.0 66.0 0.0 
108650.09061503602 8392.71540761185 0.11175337186897881 0.0 110.0 129.0 2.3583155974460324 
100750.0 6459.08233087293 0.14900449582530506 0.018625561978163133 104.0 77.0 1.7211538461538463 
98500.70406602223 7944.907242190538 0.1695786200179932 0.0 120.0 124.0 1.6950274862568715 
73850.0 7352.888051981616 0.12973667308927425 0.26332691072575465 73.0 90.0 2.0600388391412237 
59505.0 7615.97828652348 0.11626082964249959 0.36356628382645506 78.0 75.0 0.0 
90585.0 7265.989661685052 0.2896596017983301 0.08285163776493257 100.0 80.0 1.807017543859649 
92615.0 6277.738431865442 0.3018625561978163 0.12138728323699421 109.0 75.0 1.1176470588235294 
67380.0 7662.4292346687025 0.38860958589649824 0.2627183923763607 73.0 80.0 1.2777777777777777 
76200.0 9490.327963828224 0.12267180475272961 0.03596660244059088 83.0 90.0 1.3409722222222222 
87029.29990030374 9846.904760462518 0.12913739660131807 0.004507622773073228 91.0 99.0 0.8605351170568563 
84165.0 8605.467260012718 0.12909441233140656 0.03018625561978163 95.0 74.0 0.13247863247863248 
68775.0 8952.937832797114 0.1233140655105973 0.25176621708413616 67.0 76.0 0.4096989966555184 
71835.0 8807.516349919846 0.3346178548490687 0.09184328837508028 77.0 72.0 0.4805491990846682 
98440.0 6848.811817745299 0.16056518946692358 0.018625561978163133 111.0 80.0 0.38405797101449274 
90415.0 7843.196010122662 0.1573538856775851 0.06936416184971098 86.0 74.0 0.4096989966555184 
85973.72286419797 12038.466705424315 0.0777273308501225 8.251038016320553E-7 95.0 151.0 2.175368028198217 
51050.0 8397.782439956984 0.08863198458574181 0.37122671804752727 57.0 67.0 0.0 
60940.0 9022.401903381731 0.2697495183044316 0.19396274887604367 60.0 67.0 0.0 
157845.0 6876.890698788584 0.4059087989723828 0.057161207450224794 139.0 69.0 0.0 
87100.0 8435.596504548095 0.19911997488706812 0.021839258261011966 82.0 67.0 0.0 
92453.05180814021 8901.249601947311 0.06615285806037251 0.0 124.0 140.0 3.1177029492246886 
100675.0 6471.320278672875 0.16056518946692358 0.018625561978163133 103.0 79.0 1.6096989966555184 
98500.70406602223 7944.907242190538 0.1695786200179932 0.0 120.0 124.0 1.6950274862568715 
73850.0 7352.888051981616 0.12973667308927425 0.26332691072575465 73.0 90.0 2.0600388391412237 
59505.0 7615.97828652348 0.11626082964249959 0.36356628382645506 78.0 75.0 0.0 
91330.0 6964.420796312063 0.3378291586384072 0.06486833654463713 113.0 71.0 1.2581453634085213 
71710.0 7637.540745064748 0.2575465639049454 0.1811175337186898 84.0 69.0 1.0476190476190477 
73785.0 8465.086565759695 0.17599520511300615 0.10405086276203475 83.0 81.0 1.3229166666666667 
87993.51727977529 10248.668875582724 0.11433371736979163 0.0 90.0 110.0 1.0327759197324413 
84165.0 8605.467260012718 0.12909441233140656 0.03018625561978163 95.0 74.0 0.13247863247863248 
68775.0 8952.937832797114 0.1233140655105973 0.25176621708413616 67.0 76.0 0.4096989966555184 
75989.4386674152 9584.055831276479 0.27042040648464744 0.055247625140816804 77.0 77.0 0.3835227272727273 
98440.0 6848.811817745299 0.16056518946692358 0.018625561978163133 111.0 80.0 0.38405797101449274 
86115.0 8790.805514210066 0.1464354527938343 0.05073859987154785 84.0 74.0 0.45546558704453444 
98622.60019544669 9593.349471668404 0.08734746307000642 0.0 102.0 120.0 2.7711419015766845 
51050.0 8397.782439956984 0.08863198458574181 0.37122671804752727 57.0 67.0 0.0 
60940.0 9022.401903381731 0.2697495183044316 0.19396274887604367 60.0 67.0 0.0 
157845.0 6876.890698788584 0.4059087989723828 0.057161207450224794 139.0 69.0 0.0 
109725.0 8303.252186131172 0.28709055876685935 0.06615285806037251 89.0 73.0 0.0 
100357.11704286211 9572.062029569526 0.06615285806037251 0.0 122.0 139.0 2.347660320166714 
89075.0 7251.903548450706 0.16056518946692358 0.018625561978163133 100.0 81.0 1.5144927536231885 
74360.0 7567.590896406455 0.14193962748876043 0.22607578676942838 75.0 78.0 1.4866220735785953 
59505.0 7615.97828652348 0.11626082964249959 0.36356628382645506 78.0 75.0 0.0 
90060.0 7243.582407890469 0.38026176353996644 0.07451058039005068 109.0 69.0 1.1176470588235294 
83355.0 8961.362204173929 0.1913937058445729 0.04945407835581246 86.0 87.0 1.9003571428571429 
84741.0238788315 10497.784880719279 0.10598441195682715 6.422607578676942E-4 92.0 111.0 1.0316239316239317 
81505.0 7843.196010122662 0.15737409812275885 0.06937307182554268 94.0 77.0 0.37364130434782605 
69555.0 8625.803929177666 0.12780989081567115 0.2581888246628131 67.0 76.0 0.45546558704453444 
71715.0 8778.320361751665 0.22286448298008993 0.10276172125883108 72.0 74.0 0.3835227272727273 
98440.0 6848.811817745299 0.1605858144109784 0.018627954471673494 115.0 82.0 0.37364130434782605 
86490.0 8226.198535585716 0.13553516986085176 0.0937821156160114 83.0 77.0 0.48717948717948717 
60940.0 9022.401903381731 0.2697495183044316 0.19396274887604367 60.0 67.0 0.0 
138405.252982858 8676.650224815947 0.3583815028901734 0.0 143.0 89.0 0.8699368264585656 
134940.0 7319.508897924695 0.37508028259473347 0.05523442517662171 136.0 69.0 0.0 
71715.0 8778.320361751665 0.22286448298008993 0.10276172125883108 72.0 74.0 0.3835227272727273 
59505.0 7615.97828652348 0.11626082964249959 0.36356628382645506 78.0 75.0 0.0 
88850.0 9371.608141088482 0.14900449582530506 0.018625561978163133 86.0 83.0 1.3878205128205128 
51050.0 8397.782439956984 0.08863198458574181 0.37122671804752727 57.0 67.0 0.0 
67655.0 8474.112043987485 0.12846790903079675 0.1669924170330688 77.0 75.0 0.32291666666666663 
98440.0 6848.811817745299 0.1605858144109784 0.018627954471673494 115.0 82.0 0.37364130434782605 
94573.93616922377 10446.104197915161 0.07129094412331406 0.0 103.0 128.0 2.925523349436393 
