[9, 1, 24, 7, 10, 21][16, 28, 17, 22, 19][12, 18, 13, 0, 28][2, 6, 5, 15][14, 3, 4, 23][20, 7, 27][2, 29, 27][3, 14, 11][19, 8, 26][4, 7][22, 25][11, 17] 
[12, 19, 22, 17, 28, 16][9, 1, 24, 7, 10, 21][2, 6, 5, 15][18, 13, 0, 28][14, 3, 4, 23][20, 7, 27][2, 29, 27][19, 8, 26][4, 7][22, 25][11, 17][11, 14] 
[12, 19, 22, 17, 28, 16][9, 1, 24, 7, 10, 21][2, 6, 5, 15][18, 13, 0, 28][14, 3, 4, 23][20, 7, 27][2, 29, 27][19, 8, 26][4, 7][22, 25][11, 17][11, 14] 
[12, 19, 22, 17, 28, 16][9, 1, 24, 7, 10, 21][2, 6, 5, 15][18, 13, 0, 28][14, 3, 4, 23][20, 7, 27][2, 29, 27][19, 8, 26][4, 7][22, 25][11, 17][11, 14] 
[9, 1, 24, 7, 10, 21][16, 28, 17, 22, 19][12, 18, 13, 0, 28][2, 6, 5, 15][7, 4, 24][20, 7, 27][2, 29, 27][3, 4, 23][3, 14, 11][19, 8, 26][22, 25][11, 17] 
[9, 1, 24, 7, 10, 21][19, 12, 18, 13, 0, 28][2, 6, 5, 15][16, 28, 17, 22][20, 7, 27][2, 29, 27][3, 4, 23][3, 14, 11][19, 8, 26][4, 7][22, 25][11, 17] 
[12, 19, 22, 17, 28, 16][9, 1, 24, 7, 10, 21][2, 6, 5, 15][18, 13, 0, 28][14, 3, 4, 23][20, 7, 27][2, 29, 27][19, 8, 26][4, 7][22, 25][11, 17][11, 14] 
[9, 1, 24, 7, 10, 21][16, 28, 17, 22, 19][12, 18, 13, 0, 28][2, 6, 5, 15][7, 4, 24][20, 7, 27][2, 29, 27][3, 4, 23][3, 14, 11][19, 8, 26][22, 25][11, 17] 
[9, 1, 24, 7, 10, 21][19, 12, 18, 13, 0, 28][2, 6, 5, 15][16, 28, 17, 22][20, 7, 27][2, 29, 27][3, 4, 23][3, 14, 11][19, 8, 26][4, 7][22, 25][11, 17] 
[9, 1, 24, 7, 10, 21][16, 28, 17, 22, 19][12, 18, 13, 0, 28][2, 6, 5, 15][7, 4, 24][20, 7, 27][2, 29, 27][3, 4, 23][3, 14, 11][19, 8, 26][22, 25][11, 17] 
[9, 1, 24, 7, 10, 21][16, 28, 17, 22, 19][12, 18, 13, 0, 28][2, 6, 5, 15][14, 3, 4, 23][20, 7, 27][2, 29, 27][3, 14, 11][19, 8, 26][4, 7][22, 25][11, 17] 
[12, 19, 22, 17, 28, 16][9, 1, 24, 7, 10, 21][2, 6, 5, 15][18, 13, 0, 28][14, 3, 4, 23][20, 7, 27][2, 29, 27][19, 8, 26][4, 7][22, 25][11, 17][11, 14] 
[12, 19, 22, 17, 28, 16][9, 1, 24, 7, 10, 21][2, 6, 5, 15][18, 13, 0, 28][14, 3, 4, 23][20, 7, 27][2, 29, 27][19, 8, 26][4, 7][22, 25][11, 17][11, 14] 
[9, 1, 24, 7, 10, 21][16, 28, 17, 22, 19][12, 18, 13, 0, 28][2, 6, 5, 15][7, 4, 24][20, 7, 27][2, 29, 27][3, 4, 23][3, 14, 11][19, 8, 26][22, 25][11, 17] 
[9, 1, 24, 7, 10, 21][19, 12, 18, 13, 0, 28][2, 6, 5, 15][16, 28, 17, 22][20, 7, 27][2, 29, 27][3, 4, 23][3, 14, 11][19, 8, 26][4, 7][22, 25][11, 17] 
[9, 1, 24, 7, 10, 21][16, 28, 17, 22, 19][12, 18, 13, 0, 28][2, 6, 5, 15][7, 4, 24][20, 7, 27][2, 29, 27][3, 4, 23][3, 14, 11][19, 8, 26][22, 25][11, 17] 
[9, 1, 24, 7, 10, 21][16, 28, 17, 22, 19][12, 18, 13, 0, 28][2, 6, 5, 15][14, 3, 4, 23][20, 7, 27][2, 29, 27][3, 14, 11][19, 8, 26][4, 7][22, 25][11, 17] 
[12, 19, 22, 17, 28, 16][9, 1, 24, 7, 10, 21][2, 6, 5, 15][18, 13, 0, 28][14, 3, 4, 23][20, 7, 27][2, 29, 27][19, 8, 26][4, 7][22, 25][11, 17][11, 14] 
[9, 1, 24, 7, 10, 21][16, 28, 17, 22, 19][12, 18, 13, 0, 28][2, 6, 5, 15][7, 4, 24][20, 7, 27][2, 29, 27][3, 4, 23][3, 14, 11][19, 8, 26][22, 25][11, 17] 
[9, 1, 24, 7, 10, 21][16, 28, 17, 22, 19][12, 18, 13, 0, 28][2, 6, 5, 15][14, 3, 4, 23][20, 7, 27][2, 29, 27][3, 14, 11][19, 8, 26][4, 7][22, 25][11, 17] 
[9, 1, 24, 7, 10, 21][16, 28, 17, 22, 19][12, 18, 13, 0, 28][2, 6, 5, 15][14, 3, 4, 23][20, 7, 27][2, 29, 27][3, 14, 11][19, 8, 26][4, 7][22, 25][11, 17] 
[12, 19, 22, 17, 28, 16][9, 1, 24, 7, 10, 21][2, 6, 5, 15][18, 13, 0, 28][14, 3, 4, 23][20, 7, 27][2, 29, 27][19, 8, 26][4, 7][22, 25][11, 17][11, 14] 
[12, 19, 22, 17, 28, 16][9, 1, 24, 7, 10, 21][2, 6, 5, 15][18, 13, 0, 28][14, 3, 4, 23][20, 7, 27][2, 29, 27][19, 8, 26][4, 7][22, 25][11, 17][11, 14] 
[9, 1, 24, 7, 10, 21][16, 28, 17, 22, 19][12, 18, 13, 0, 28][2, 6, 5, 15][7, 4, 24][20, 7, 27][2, 29, 27][3, 4, 23][3, 14, 11][19, 8, 26][22, 25][11, 17] 
[9, 1, 24, 7, 10, 21][19, 12, 18, 13, 0, 28][2, 6, 5, 15][16, 28, 17, 22][20, 7, 27][2, 29, 27][3, 4, 23][3, 14, 11][19, 8, 26][4, 7][22, 25][11, 17] 
[9, 1, 24, 7, 10, 21][16, 28, 17, 22, 19][12, 18, 13, 0, 28][2, 6, 5, 15][7, 4, 24][20, 7, 27][2, 29, 27][3, 4, 23][3, 14, 11][19, 8, 26][22, 25][11, 17] 
[9, 1, 24, 7, 10, 21][16, 28, 17, 22, 19][12, 18, 13, 0, 28][2, 6, 5, 15][14, 3, 4, 23][20, 7, 27][2, 29, 27][3, 14, 11][19, 8, 26][4, 7][22, 25][11, 17] 
[12, 19, 22, 17, 28, 16][9, 1, 24, 7, 10, 21][2, 6, 5, 15][18, 13, 0, 28][14, 3, 4, 23][20, 7, 27][2, 29, 27][19, 8, 26][4, 7][22, 25][11, 17][11, 14] 
[9, 1, 24, 7, 10, 21][16, 28, 17, 22, 19][12, 18, 13, 0, 28][2, 6, 5, 15][7, 4, 24][20, 7, 27][2, 29, 27][3, 4, 23][3, 14, 11][19, 8, 26][22, 25][11, 17] 
[9, 1, 24, 7, 10, 21][16, 28, 17, 22, 19][12, 18, 13, 0, 28][2, 6, 5, 15][14, 3, 4, 23][20, 7, 27][2, 29, 27][3, 14, 11][19, 8, 26][4, 7][22, 25][11, 17] 
[9, 1, 24, 7, 10, 21][16, 28, 17, 22, 19][12, 18, 13, 0, 28][2, 6, 5, 15][14, 3, 4, 23][20, 7, 27][2, 29, 27][3, 14, 11][19, 8, 26][4, 7][22, 25][11, 17] 
[12, 19, 22, 17, 28, 16][9, 1, 24, 7, 10, 21][2, 6, 5, 15][18, 13, 0, 28][14, 3, 4, 23][20, 7, 27][2, 29, 27][19, 8, 26][4, 7][22, 25][11, 17][11, 14] 
[9, 1, 24, 7, 10, 21][16, 28, 17, 22, 19][12, 18, 13, 0, 28][2, 6, 5, 15][7, 4, 24][20, 7, 27][2, 29, 27][3, 4, 23][3, 14, 11][19, 8, 26][22, 25][11, 17] 
[9, 1, 24, 7, 10, 21][16, 28, 17, 22, 19][12, 18, 13, 0, 28][2, 6, 5, 15][14, 3, 4, 23][20, 7, 27][2, 29, 27][3, 14, 11][19, 8, 26][4, 7][22, 25][11, 17] 
[9, 1, 24, 7, 10, 21][16, 28, 17, 22, 19][12, 18, 13, 0, 28][2, 6, 5, 15][14, 3, 4, 23][20, 7, 27][2, 29, 27][3, 14, 11][19, 8, 26][4, 7][22, 25][11, 17] 
[13, 6, 16, 2, 10, 7, 27, 29, 15, 5, 21][20, 4, 1, 9, 3, 23, 24, 14, 11, 25][7, 25, 22, 18, 12, 17, 19, 0, 28][12, 8, 26][11, 14][22, 25][2, 16][0, 22][3, 9][2, 29][1, 9][7, 27] 
[13, 6, 16, 2, 10, 7, 27, 29, 15, 5, 21][20, 4, 1, 9, 3, 23, 24, 14, 11, 25][7, 25, 22, 18, 12, 17, 19, 0, 28][12, 8, 26][11, 14][22, 25][2, 16][0, 22][3, 9][2, 29][1, 9][7, 27] 
[13, 6, 16, 2, 10, 7, 27, 29, 15, 5, 21][20, 4, 1, 9, 3, 23, 24, 14, 11, 25][7, 25, 22, 18, 12, 17, 19, 0, 28][12, 8, 26][11, 14][22, 25][2, 16][0, 22][3, 9][2, 29][1, 9][7, 27] 
[13, 6, 16, 2, 10, 7, 27, 29, 15, 5, 21][7, 25, 22, 18, 12, 19, 0, 28][22, 0, 25, 28, 17, 12, 8, 26][20, 4, 1, 9, 3, 23, 24][7, 24, 14, 11][22, 25][2, 16][0, 22][3, 9][2, 29][1, 9][7, 27] 
[20, 4, 1, 9, 3, 23, 24, 14, 11, 25, 28, 0, 22][13, 6, 16, 10, 7, 27, 29, 15, 5, 21][7, 25, 22, 18, 12, 17, 19, 0, 28][12, 8, 26][11, 14][22, 25][2, 16][0, 22][3, 9][2, 29][1, 9][7, 27] 
[0, 13, 6, 16, 2, 10, 7, 27, 29, 15, 5, 21][20, 4, 1, 9, 3, 23, 24, 14, 11, 25][18, 12, 17, 19, 0, 28][12, 8, 26][11, 14][22, 25][2, 16][0, 22][3, 9][2, 29][1, 9][7, 27] 
[13, 6, 16, 2, 10, 7, 27, 29, 15, 5, 21][20, 4, 1, 9, 3, 23, 24, 14, 11, 25][7, 25, 22, 18, 12, 17, 19, 0, 28][25, 0, 22, 12, 8, 26][11, 14][22, 25][2, 16][0, 22][3, 9][2, 29][1, 9][7, 27] 
[13, 6, 16, 2, 10, 7, 27, 29, 15, 5, 21][20, 4, 1, 9, 3, 23, 24, 14, 11, 25][7, 25, 22, 18, 12, 17, 19, 0, 28][25, 0, 22, 12, 8, 26][3, 9, 1, 4][11, 14][22, 25][2, 16][0, 22][2, 29][1, 9][7, 27] 
[13, 6, 16, 2, 10, 7, 27, 29, 15, 5, 21][7, 25, 22, 18, 12, 19, 0, 28][22, 0, 25, 28, 17, 12, 8, 26][20, 4, 1, 9, 3, 23, 24][7, 24, 14, 11][22, 25][2, 16][0, 22][3, 9][2, 29][1, 9][7, 27] 
[13, 6, 16, 2, 10, 7, 27, 29, 15, 5, 21][20, 4, 1, 9, 3, 23, 24, 14, 11, 25][7, 25, 22, 18, 12, 17, 19, 0, 28][25, 0, 22, 12, 8, 26][11, 14][22, 25][2, 16][0, 22][3, 9][2, 29][1, 9][7, 27] 
[16, 27, 7, 25, 22, 18, 12, 17, 19, 0, 28][13, 6, 16, 2, 10, 7, 27, 29, 15, 5, 21][20, 4, 1, 9, 3, 23, 24, 14, 11, 25][12, 8, 26][11, 14][22, 25][2, 16][0, 22][3, 9][2, 29][1, 9][7, 27] 
[12, 0, 19, 22, 25, 11, 14, 24, 23, 3, 9, 1, 4, 20][13, 6, 16, 2, 10, 7, 27, 29, 15, 5, 21][7, 25, 22, 18, 12, 17, 19, 0, 28][12, 8, 26][11, 14][22, 25][2, 16][0, 22][3, 9][2, 29][1, 9][7, 27] 
[13, 6, 16, 10, 7, 27, 29, 15, 5, 21][20, 4, 1, 9, 3, 23, 24, 14, 11, 25][7, 25, 22, 18, 12, 17, 19, 0, 28][12, 8, 26][11, 14][22, 25][2, 16][0, 22][3, 9][2, 29][1, 9][7, 27] 
[13, 6, 16, 2, 10, 7, 27, 29, 15, 5, 21][20, 4, 1, 9, 3, 23, 24, 14, 11, 25][7, 25, 22, 18, 12, 17, 19, 0, 28][25, 0, 22, 12, 8, 26][11, 14][22, 25][2, 16][0, 22][3, 9][2, 29][1, 9][7, 27] 
[16, 27, 7, 25, 22, 18, 12, 17, 19, 0, 28][13, 6, 16, 2, 10, 7, 27, 29, 15, 5, 21][20, 4, 1, 9, 3, 23, 24, 14, 11, 25][12, 8, 26][11, 14][22, 25][2, 16][0, 22][3, 9][2, 29][1, 9][7, 27] 
[12, 0, 19, 22, 25, 11, 14, 24, 23, 3, 9, 1, 4, 20][0, 13, 6, 16, 2, 10, 7, 27, 29, 15, 5, 21][7, 25, 22, 18, 12, 17, 19, 0, 28][12, 8, 26][11, 14][22, 25][2, 16][0, 22][3, 9][2, 29][1, 9][7, 27] 
[12, 0, 19, 22, 25, 11, 14, 24, 23, 3, 9, 1, 4, 20][0, 13, 6, 16, 2, 10, 7, 27, 29, 15, 5, 21][7, 25, 22, 18, 12, 17, 19, 0, 28][12, 8, 26][11, 14][22, 25][2, 16][0, 22][3, 9][2, 29][1, 9][7, 27] 
[13, 6, 16, 2, 10, 7, 27, 29, 15, 5, 21][20, 4, 1, 9, 3, 23, 24, 14, 11, 25][7, 25, 22, 18, 12, 17, 19, 0, 28][19, 0, 25, 22][12, 8, 26][11, 14][2, 16][0, 22][3, 9][2, 29][1, 9][7, 27] 
[13, 6, 16, 2, 10, 7, 27, 29, 15, 5, 21][20, 4, 1, 9, 3, 23, 24, 14, 11, 25][7, 25, 22, 18, 12, 17, 19, 0, 28][25, 0, 22, 12, 8, 26][3, 9, 1, 4][11, 14][22, 25][2, 16][0, 22][2, 29][1, 9][7, 27] 
[12, 0, 19, 22, 25, 11, 14, 24, 23, 3, 9, 1, 4, 20][13, 6, 16, 2, 10, 7, 27, 29, 15, 5, 21][7, 25, 22, 18, 12, 17, 19, 0, 28][12, 8, 26][11, 14][22, 25][2, 16][0, 22][3, 9][2, 29][1, 9][7, 27] 
[13, 6, 16, 2, 10, 7, 27, 29, 15, 5, 21][20, 4, 1, 9, 3, 23, 24, 14, 11, 25][7, 25, 22, 18, 12, 17, 19, 0, 28][12, 8, 26][11, 14][22, 25][2, 16][0, 22][3, 9][2, 29][1, 9][7, 27] 
[9, 1, 24, 7, 10, 21][2, 6, 5, 15, 29][16, 28, 17, 22, 19][12, 18, 13, 0, 28][20, 7, 27][2, 29, 27][3, 4, 23][3, 14, 11][19, 8, 26][4, 7][22, 25][11, 17] 
[9, 1, 24, 7, 10, 21][2, 6, 5, 15, 29][16, 28, 17, 22, 19][12, 18, 13, 0, 28][20, 7, 27][2, 29, 27][3, 4, 23][3, 14, 11][19, 8, 26][4, 7][22, 25][11, 17] 
[9, 1, 24, 7, 10, 21][2, 6, 5, 15, 29][16, 28, 17, 22, 19][12, 18, 13, 0, 28][20, 7, 27][2, 29, 27][3, 4, 23][3, 14, 11][19, 8, 26][4, 7][22, 25][11, 17] 
[9, 1, 24, 7, 10, 21][2, 6, 5, 15, 29][16, 28, 17, 22, 19][12, 18, 13, 0, 28][20, 7, 27][2, 29, 27][3, 4, 23][3, 14, 11][19, 8, 26][4, 7][22, 25][11, 17] 
[9, 1, 24, 7, 10, 21][2, 6, 5, 15, 29][16, 28, 17, 22, 19][12, 18, 13, 0, 28][20, 7, 27][2, 29, 27][3, 4, 23][3, 14, 11][19, 8, 26][4, 7][22, 25][11, 17] 
[9, 1, 24, 7, 10, 21][2, 6, 5, 15, 29][16, 28, 17, 22, 19][12, 18, 13, 0, 28][20, 7, 27][2, 29, 27][3, 4, 23][3, 14, 11][19, 8, 26][4, 7][22, 25][11, 17] 
[9, 1, 24, 7, 10, 21][2, 6, 5, 15, 29][16, 28, 17, 22, 19][12, 18, 13, 0, 28][20, 7, 27][2, 29, 27][3, 4, 23][3, 14, 11][19, 8, 26][4, 7][22, 25][11, 17] 
[9, 1, 24, 7, 10, 21][2, 6, 5, 15, 29][16, 28, 17, 22, 19][12, 18, 13, 0, 28][20, 7, 27][2, 29, 27][3, 4, 23][3, 14, 11][19, 8, 26][4, 7][22, 25][11, 17] 
[9, 1, 24, 7, 10, 21][2, 6, 5, 15, 29][16, 28, 17, 22, 19][12, 18, 13, 0, 28][20, 7, 27][2, 29, 27][3, 4, 23][3, 14, 11][19, 8, 26][4, 7][22, 25][11, 17] 
[9, 1, 24, 7, 10, 21][2, 6, 5, 15, 29][16, 28, 17, 22, 19][12, 18, 13, 0, 28][20, 7, 27][2, 29, 27][3, 4, 23][3, 14, 11][19, 8, 26][4, 7][22, 25][11, 17] 
[9, 1, 24, 7, 10, 21][2, 6, 5, 15, 29][16, 28, 17, 22, 19][12, 18, 13, 0, 28][20, 7, 27][2, 29, 27][3, 4, 23][3, 14, 11][19, 8, 26][4, 7][22, 25][11, 17] 
[9, 1, 24, 7, 10, 21][2, 6, 5, 15, 29][16, 28, 17, 22, 19][12, 18, 13, 0, 28][20, 7, 27][2, 29, 27][3, 4, 23][3, 14, 11][19, 8, 26][4, 7][22, 25][11, 17] 
[9, 1, 24, 7, 10, 21][2, 6, 5, 15, 29][16, 28, 17, 22, 19][12, 18, 13, 0, 28][20, 7, 27][2, 29, 27][3, 4, 23][3, 14, 11][19, 8, 26][4, 7][22, 25][11, 17] 
[9, 1, 24, 7, 10, 21][2, 6, 5, 15, 29][16, 28, 17, 22, 19][12, 18, 13, 0, 28][20, 7, 27][2, 29, 27][3, 4, 23][3, 14, 11][19, 8, 26][4, 7][22, 25][11, 17] 
[9, 1, 24, 7, 10, 21][2, 6, 5, 15, 29][16, 28, 17, 22, 19][12, 18, 13, 0, 28][20, 7, 27][2, 29, 27][3, 4, 23][3, 14, 11][19, 8, 26][4, 7][22, 25][11, 17] 
[9, 1, 24, 7, 10, 21][16, 28, 17, 22, 19][12, 18, 13, 0, 28][2, 6, 5, 15][14, 3, 4, 23][20, 7, 27][2, 29, 27][3, 14, 11][19, 8, 26][4, 7][22, 25][11, 17] 
[9, 1, 24, 7, 10, 21][16, 28, 17, 22, 19][12, 18, 13, 0, 28][2, 6, 5, 15][14, 3, 4, 23][20, 7, 27][2, 29, 27][3, 14, 11][19, 8, 26][4, 7][22, 25][11, 17] 
[9, 1, 24, 7, 10, 21][16, 28, 17, 22, 19][12, 18, 13, 0, 28][2, 6, 5, 15][14, 3, 4, 23][20, 7, 27][2, 29, 27][3, 14, 11][19, 8, 26][4, 7][22, 25][11, 17] 
[9, 1, 24, 7, 10, 21][16, 28, 17, 22, 19][12, 18, 13, 0, 28][2, 6, 5, 15][14, 3, 4, 23][20, 7, 27][2, 29, 27][3, 14, 11][19, 8, 26][4, 7][22, 25][11, 17] 
[9, 1, 24, 7, 10, 21][16, 28, 17, 22, 19][12, 18, 13, 0, 28][2, 6, 5, 15][14, 3, 4, 23][20, 7, 27][2, 29, 27][3, 14, 11][19, 8, 26][4, 7][22, 25][11, 17] 
[0, 19, 22, 17, 28, 16][9, 1, 24, 7, 10, 21][12, 18, 13, 0, 28][2, 6, 5, 15][14, 3, 4, 23][20, 7, 27][2, 29, 27][3, 14, 11][19, 8, 26][4, 7][22, 25][11, 17] 
[9, 1, 24, 7, 10, 21][2, 6, 5, 15, 29][16, 28, 17, 22, 19][12, 18, 13, 0, 28][20, 7, 27][2, 29, 27][3, 4, 23][3, 14, 11][19, 8, 26][4, 7][22, 25][11, 17] 
[9, 1, 24, 7, 10, 21][2, 6, 5, 15, 29][16, 28, 17, 22, 19][12, 18, 13, 0, 28][20, 7, 27][2, 29, 27][3, 4, 23][3, 14, 11][19, 8, 26][4, 7][22, 25][11, 17] 
[9, 1, 24, 7, 10, 21][2, 6, 5, 15, 29][16, 28, 17, 22, 19][12, 18, 13, 0, 28][20, 7, 27][2, 29, 27][3, 4, 23][3, 14, 11][19, 8, 26][4, 7][22, 25][11, 17] 
[9, 1, 24, 7, 10, 21][2, 6, 5, 15, 29][16, 28, 17, 22, 19][12, 18, 13, 0, 28][20, 7, 27][2, 29, 27][3, 4, 23][3, 14, 11][19, 8, 26][4, 7][22, 25][11, 17] 
[9, 1, 24, 7, 10, 21][2, 6, 5, 15, 29][16, 28, 17, 22, 19][12, 18, 13, 0, 28][20, 7, 27][2, 29, 27][3, 4, 23][3, 14, 11][19, 8, 26][4, 7][22, 25][11, 17] 
[9, 1, 24, 7, 10, 21][2, 6, 5, 15, 29][16, 28, 17, 22, 19][12, 18, 13, 0, 28][14, 3, 4, 23][20, 7, 27][2, 29, 27][3, 14, 11][19, 8, 26][4, 7][22, 25][11, 17] 
[9, 1, 24, 7, 10, 21][2, 6, 5, 15, 29][16, 28, 17, 22, 19][12, 18, 13, 0, 28][20, 7, 27][2, 29, 27][3, 4, 23][3, 14, 11][19, 8, 26][4, 7][22, 25][11, 17] 
[9, 1, 24, 7, 10, 21][16, 28, 17, 22, 19][12, 18, 13, 0, 28][2, 6, 5, 15][14, 3, 4, 23][20, 7, 27][2, 29, 27][3, 14, 11][19, 8, 26][4, 7][22, 25][11, 17] 
[9, 1, 24, 7, 10, 21][16, 28, 17, 22, 19][12, 18, 13, 0, 28][2, 6, 5, 15][14, 3, 4, 23][20, 7, 27][2, 29, 27][3, 14, 11][19, 8, 26][4, 7][22, 25][11, 17] 
[9, 1, 24, 7, 10, 21][16, 28, 17, 22, 19][12, 18, 13, 0, 28][2, 6, 5, 15][14, 3, 4, 23][20, 7, 27][2, 29, 27][3, 14, 11][19, 8, 26][4, 7][22, 25][11, 17] 
[9, 1, 24, 7, 10, 21][16, 28, 17, 22, 19][12, 18, 13, 0, 28][2, 6, 5, 15][14, 3, 4, 23][20, 7, 27][2, 29, 27][3, 14, 11][19, 8, 26][4, 7][22, 25][11, 17] 
[9, 1, 24, 7, 10, 21][16, 28, 17, 22, 19][12, 18, 13, 0, 28][2, 6, 5, 15][14, 3, 4, 23][20, 7, 27][2, 29, 27][3, 14, 11][19, 8, 26][4, 7][22, 25][11, 17] 
[9, 1, 24, 7, 10, 21][16, 28, 17, 22, 19][12, 18, 13, 0, 28][2, 6, 5, 15][14, 3, 4, 23][20, 7, 27][2, 29, 27][3, 14, 11][19, 8, 26][4, 7][22, 25][11, 17] 
[9, 1, 24, 7, 10, 21][16, 28, 17, 22, 19][12, 18, 13, 0, 28][2, 6, 5, 15][14, 3, 4, 23][20, 7, 27][2, 29, 27][3, 14, 11][19, 8, 26][4, 7][22, 25][11, 17] 
[9, 1, 24, 7, 10, 21][16, 28, 17, 22, 19][12, 18, 13, 0, 28][2, 6, 5, 15][14, 3, 4, 23][20, 7, 27][2, 29, 27][3, 14, 11][19, 8, 26][4, 7][22, 25][11, 17] 
[9, 1, 24, 7, 10, 21][16, 28, 17, 22, 19][12, 18, 13, 0, 28][2, 6, 5, 15][14, 3, 4, 23][20, 7, 27][2, 29, 27][3, 14, 11][19, 8, 26][4, 7][22, 25][11, 17] 
[9, 1, 24, 7, 10, 21][16, 28, 17, 22, 19][12, 18, 13, 0, 28][2, 6, 5, 15][14, 3, 4, 23][20, 7, 27][2, 29, 27][3, 14, 11][19, 8, 26][4, 7][22, 25][11, 17] 
[9, 1, 24, 7, 10, 21][16, 28, 17, 22, 19][12, 18, 13, 0, 28][2, 6, 5, 15][14, 3, 4, 23][20, 7, 27][2, 29, 27][3, 14, 11][19, 8, 26][4, 7][22, 25][11, 17] 
[9, 1, 24, 7, 10, 21][16, 28, 17, 22, 19][12, 18, 13, 0, 28][2, 6, 5, 15][14, 3, 4, 23][20, 7, 27][2, 29, 27][3, 14, 11][19, 8, 26][4, 7][22, 25][11, 17] 
[9, 1, 24, 7, 10, 21][16, 28, 17, 22, 19][12, 18, 13, 0, 28][2, 6, 5, 15][14, 3, 4, 23][20, 7, 27][2, 29, 27][3, 14, 11][19, 8, 26][4, 7][22, 25][11, 17] 
[9, 1, 24, 7, 10, 21][16, 28, 17, 22, 19][12, 18, 13, 0, 28][2, 6, 5, 15][14, 3, 4, 23][20, 7, 27][2, 29, 27][3, 14, 11][19, 8, 26][4, 7][22, 25][11, 17] 
[9, 1, 24, 7, 10, 21][16, 28, 17, 22, 19][12, 18, 13, 0, 28][2, 6, 5, 15][14, 3, 4, 23][20, 7, 27][2, 29, 27][3, 14, 11][19, 8, 26][4, 7][22, 25][11, 17] 
[9, 1, 24, 7, 10, 21][16, 28, 17, 22, 19][12, 18, 13, 0, 28][11, 14, 3, 4, 23][2, 6, 5, 15][20, 7, 27][2, 29, 27][3, 14, 11][19, 8, 26][4, 7][22, 25][11, 17] 
[0, 19, 22, 17, 28, 16][9, 1, 24, 7, 10, 21][2, 6, 5, 15][0, 13, 18, 12][14, 3, 4, 23][20, 7, 27][2, 29, 27][3, 14, 11][19, 8, 26][4, 7][22, 25][11, 17] 
[0, 19, 22, 17, 28, 16][9, 1, 24, 7, 10, 21][2, 6, 5, 15][0, 13, 18, 12][14, 3, 4, 23][20, 7, 27][2, 29, 27][3, 14, 11][19, 8, 26][4, 7][22, 25][11, 17] 
[0, 19, 22, 17, 28, 16][9, 1, 24, 7, 10, 21][2, 6, 5, 15][0, 13, 18, 12][14, 3, 4, 23][20, 7, 27][2, 29, 27][3, 14, 11][19, 8, 26][4, 7][22, 25][11, 17] 
[0, 19, 22, 17, 28, 16][9, 1, 24, 7, 10, 21][2, 6, 5, 15][0, 13, 18, 12][14, 3, 4, 23][20, 7, 27][2, 29, 27][3, 14, 11][19, 8, 26][4, 7][22, 25][11, 17] 
[12, 19, 22, 17, 28, 16][9, 1, 24, 7, 10, 21][11, 14, 3, 4, 23][2, 6, 5, 15][18, 13, 0, 28][20, 7, 27][2, 29, 27][19, 8, 26][4, 7][22, 25][11, 17][11, 14] 
[9, 1, 24, 7, 10, 21][2, 6, 5, 15, 29][16, 28, 17, 22, 19][12, 18, 13, 0, 28][14, 3, 4, 23][20, 7, 27][2, 29, 27][3, 14, 11][19, 8, 26][4, 7][22, 25][11, 17] 
[9, 1, 24, 7, 10, 21][2, 6, 5, 15, 29][16, 28, 17, 22, 19][12, 18, 13, 0, 28][14, 3, 4, 23][20, 7, 27][2, 29, 27][3, 14, 11][19, 8, 26][4, 7][22, 25][11, 17] 
[9, 1, 24, 7, 10, 21][2, 6, 5, 15, 29][16, 28, 17, 22, 19][12, 18, 13, 0, 28][14, 3, 4, 23][20, 7, 27][2, 29, 27][3, 14, 11][19, 8, 26][4, 7][22, 25][11, 17] 
[9, 1, 24, 7, 10, 21][2, 6, 5, 15, 29][16, 28, 17, 22, 19][12, 18, 13, 0, 28][14, 3, 4, 23][20, 7, 27][2, 29, 27][3, 14, 11][19, 8, 26][4, 7][22, 25][11, 17] 
[9, 1, 24, 7, 10, 21][2, 6, 5, 15, 29][16, 28, 17, 22, 19][12, 18, 13, 0, 28][14, 3, 4, 23][20, 7, 27][2, 29, 27][3, 14, 11][19, 8, 26][4, 7][22, 25][11, 17] 
[9, 1, 24, 7, 10, 21][16, 28, 17, 22, 19][12, 18, 13, 0, 28][2, 6, 5, 15][14, 3, 4, 23][20, 7, 27][2, 29, 27][3, 14, 11][19, 8, 26][4, 7][22, 25][11, 17] 
[9, 1, 24, 7, 10, 21][2, 6, 5, 15, 29][16, 28, 17, 22, 19][12, 18, 13, 0, 28][20, 7, 27][2, 29, 27][3, 4, 23][3, 14, 11][19, 8, 26][4, 7][22, 25][11, 17] 
