314025.0 22590.35531541739 0.08101520350247547 0.7866833451212598 272.0 115.0 0.0 
310970.0 22690.85198815704 0.08282674772036475 0.7850128594809446 269.0 112.0 0.0 
315260.0 22839.514987602703 0.0951893850830021 0.7786123451017068 283.0 110.0 0.0 
315260.0 22839.514987602703 0.09518994148888887 0.7786168962876621 283.0 110.0 0.0 
302545.0 23468.336460206727 0.08566217946095078 0.7875309067740632 259.0 112.0 0.0 
302545.0 23468.336460206727 0.08566217946095078 0.7875309067740632 259.0 112.0 0.0 
302545.0 23468.336460206727 0.08566167874678512 0.7875263034837503 259.0 112.0 0.0 
302545.0 23468.336460206727 0.085662179458024 0.7875309067471563 259.0 112.0 0.0 
302545.0 23468.336460206727 0.085662179458024 0.7875309067471563 259.0 112.0 0.0 
302545.0 23468.336460206727 0.085662179458024 0.7875309067471563 259.0 112.0 0.0 
314025.0 22590.35531541739 0.08101520350247544 0.7866833451212596 272.0 115.0 0.0 
310970.0 22690.85198815704 0.08282674772036475 0.7850128594809446 269.0 112.0 0.0 
315260.0 22839.514987602703 0.09518994148576738 0.7786168962610773 283.0 110.0 0.0 
302545.0 23468.336460206727 0.08566217946095078 0.7875309067740632 259.0 112.0 0.0 
302545.0 23468.336460206727 0.08566217946095078 0.7875309067740632 259.0 112.0 0.0 
302545.0 23468.336460206727 0.085662179458024 0.7875309067471563 259.0 112.0 0.0 
314025.0 22590.35531541739 0.08101472995090016 0.7866787467851297 272.0 115.0 0.0 
310970.0 22690.85198815704 0.08282723186081202 0.7850174480527208 269.0 112.0 0.0 
302545.0 23468.336460206727 0.08566217946095078 0.7875309067740632 259.0 112.0 0.0 
314025.0 22590.35531541739 0.08101472995090016 0.7866787467851297 272.0 115.0 0.0 
314025.0 22590.35531541739 0.08101472995090016 0.7866787467851297 272.0 115.0 0.0 
310970.0 22690.85198815704 0.08282674772036475 0.7850128594809446 269.0 112.0 0.0 
315260.0 22839.514987602703 0.09518994148901969 0.77861689628768 283.0 110.0 0.0 
302545.0 23468.336460206727 0.08566217946095078 0.7875309067740632 259.0 112.0 0.0 
302545.0 23468.336460206727 0.08566167874678512 0.7875263034837503 259.0 112.0 0.0 
302545.0 23468.336460206727 0.08566217946095078 0.7875309067740632 259.0 112.0 0.0 
314025.0 22590.35531541739 0.08101472995090016 0.7866787467851297 272.0 115.0 0.0 
310970.0 22690.85198815704 0.08282674772036475 0.7850128594809446 269.0 112.0 0.0 
302545.0 23468.336460206727 0.085662179458024 0.7875309067471563 259.0 112.0 0.0 
314025.0 22590.35531541739 0.08101520350247547 0.7866833451212598 272.0 115.0 0.0 
314025.0 22590.35531541739 0.08101520350247547 0.7866833451212598 272.0 115.0 0.0 
310970.0 22690.85198815704 0.08282674772036475 0.7850128594809446 269.0 112.0 0.0 
302545.0 23468.336460206727 0.085662179458024 0.7875309067471563 259.0 112.0 0.0 
314025.0 22590.35531541739 0.08101472995090016 0.7866787467851297 272.0 115.0 0.0 
314025.0 22590.35531541739 0.08101472995090016 0.7866787467851297 272.0 115.0 0.0 
3431904.999999999 8883.083876020815 0.39090127952583303 0.25795100509121516 3477.0 155.0 8.458452991223597 
3431904.999999999 8883.083876020815 0.39090127952583303 0.25795100509121516 3477.0 155.0 8.458452991223597 
3431904.999999999 8883.083876020815 0.39090127952583303 0.25795100509121516 3477.0 155.0 8.458452991223597 
2503240.0 10987.196112520338 0.31158166295881823 0.3576996606821213 2516.0 166.0 8.651608902599346 
2503240.0 10987.196112520338 0.31158166295881823 0.3576996606821213 2516.0 166.0 8.651608902599346 
1789250.0000000002 11691.904223436064 0.203912272513812 0.47568598141022145 1733.0 151.0 7.482193610245522 
3431904.999999999 8605.670200656783 0.39090127951247733 0.2579510050824019 3477.0 153.0 8.484057543143939 
3431904.999999999 8605.670200656783 0.39090127951247733 0.2579510050824019 3477.0 153.0 8.484057543143939 
2904785.0000000005 10646.869344229892 0.3649775472384579 0.3098276234955781 2757.0 151.0 7.474147633234028 
3431904.999999999 8883.083876020815 0.39090127951247733 0.2579510050824019 3477.0 155.0 8.458452991223597 
3431904.999999999 8883.083876020815 0.39090127951247733 0.2579510050824019 3477.0 155.0 8.458452991223597 
3431904.999999999 8883.083876020815 0.39090127951247733 0.2579510050824019 3477.0 155.0 8.458452991223597 
2904785.0000000005 10646.869344229892 0.3649775472384579 0.3098276234955781 2757.0 151.0 7.474147633234028 
3431904.999999999 8883.083876020815 0.39090127951247733 0.2579510050824019 3477.0 155.0 8.458452991223597 
3431904.999999999 8883.083876020815 0.39090127952583303 0.25795100509121516 3477.0 155.0 8.458452991223597 
3431904.999999999 8883.083876020815 0.39090127952583303 0.25795100509121516 3477.0 155.0 8.458452991223597 
3431904.999999999 8883.083876020815 0.39089899462239885 0.2579494973111994 3477.0 155.0 8.458452991223597 
3420834.999999999 9977.398103091373 0.4111819032031798 0.2603460369417816 3367.0 152.0 7.3819926263535285 
3431904.999999999 8883.083876020815 0.39089899462239885 0.2579494973111994 3477.0 155.0 8.458452991223597 
3431904.999999999 8883.083876020815 0.39090127951247733 0.2579510050824019 3477.0 155.0 8.458452991223597 
3431904.9999999995 8611.24707054064 0.39089899462239885 0.2579494973111994 3477.0 153.0 8.377371910142516 
302545.0 23468.336460206727 0.085662179458024 0.7875309067471563 259.0 112.0 0.0 
302545.0 23468.336460206727 0.08566217946095078 0.7875309067740632 259.0 112.0 0.0 
302545.0 23468.336460206727 0.085662179458024 0.7875309067471563 259.0 112.0 0.0 
302545.0 23468.336460206727 0.085662179458024 0.7875309067471563 259.0 112.0 0.0 
302545.0 23468.336460206727 0.085662179458024 0.7875309067471563 259.0 112.0 0.0 
302545.0 23468.336460206727 0.085662179458024 0.7875309067471563 259.0 112.0 0.0 
302545.0 23468.336460206727 0.08566217946095078 0.7875309067740632 259.0 112.0 0.0 
302545.0 23468.336460206727 0.08566167874678512 0.7875263034837503 259.0 112.0 0.0 
302545.0 23468.336460206727 0.08566217946095078 0.7875309067740632 259.0 112.0 0.0 
302545.0 23468.336460206727 0.08566217946095078 0.7875309067740632 259.0 112.0 0.0 
302545.0 23468.336460206727 0.08566217946095078 0.7875309067740632 259.0 112.0 0.0 
302545.0 23468.336460206727 0.08566167874678512 0.7875263034837503 259.0 112.0 0.0 
302545.0 23468.336460206727 0.085662179458024 0.7875309067471563 259.0 112.0 0.0 
302545.0 23468.336460206727 0.085662179458024 0.7875309067471563 259.0 112.0 0.0 
302545.0 23468.336460206727 0.08566217946095078 0.7875309067740632 259.0 112.0 0.0 
314025.0 22590.35531541739 0.08101472995090016 0.7866787467851297 272.0 115.0 0.0 
314025.0 22590.35531541739 0.08101520350247544 0.7866833451212596 272.0 115.0 0.0 
314025.0 22590.35531541739 0.08101520350247547 0.7866833451212598 272.0 115.0 0.0 
314025.0 22590.35531541739 0.08101520349970745 0.7866833450943814 272.0 115.0 0.0 
314025.0 22590.35531541739 0.08101520349970745 0.7866833450943814 272.0 115.0 0.0 
320475.0 22423.941934685532 0.07896890343698855 0.7856850596212298 278.0 115.0 0.0 
302545.0 23468.336460206727 0.08566167874678512 0.7875263034837503 259.0 112.0 0.0 
302545.0 23468.336460206727 0.08566167874678512 0.7875263034837503 259.0 112.0 0.0 
302545.0 23468.336460206727 0.08566167874678512 0.7875263034837503 259.0 112.0 0.0 
302545.0 23468.336460206727 0.085662179458024 0.7875309067471563 259.0 112.0 0.0 
302545.0 23468.336460206727 0.085662179458024 0.7875309067471563 259.0 112.0 0.0 
305600.0 23367.83978746708 0.08384966097732055 0.7891921907879355 262.0 115.0 0.0 
302545.0 23468.336460206727 0.08566167874678512 0.7875263034837503 259.0 112.0 0.0 
314025.0 22590.35531541739 0.08101520350247544 0.7866833451212596 272.0 115.0 0.0 
314025.0 22590.35531541739 0.08101520350247544 0.7866833451212596 272.0 115.0 0.0 
314025.0 22590.35531541739 0.08101520350247547 0.7866833451212598 272.0 115.0 0.0 
314025.0 22590.35531541739 0.08101520350247547 0.7866833451212598 272.0 115.0 0.0 
314025.0 22590.35531541739 0.08101520350247547 0.7866833451212598 272.0 115.0 0.0 
314025.0 22590.35531541739 0.08101520350247547 0.7866833451212598 272.0 115.0 0.0 
314025.0 22590.35531541739 0.08101520350247544 0.7866833451212596 272.0 115.0 0.0 
314025.0 22590.35531541739 0.08101520350247544 0.7866833451212596 272.0 115.0 0.0 
314025.0 22590.35531541739 0.08101472995090016 0.7866787467851297 272.0 115.0 0.0 
314025.0 22590.35531541739 0.08101472995090016 0.7866787467851297 272.0 115.0 0.0 
314025.0 22590.35531541739 0.08101520349970745 0.7866833450943814 272.0 115.0 0.0 
314025.0 22590.35531541739 0.08101520350247544 0.7866833451212596 272.0 115.0 0.0 
314025.0 22590.35531541739 0.08101520350247544 0.7866833451212596 272.0 115.0 0.0 
314025.0 22590.35531541739 0.08101520349970745 0.7866833450943814 272.0 115.0 0.0 
314025.0 22590.35531541739 0.08101520349970745 0.7866833450943814 272.0 115.0 0.0 
352690.0 21759.571027177717 0.09393266308159925 0.7718318915127426 301.0 114.0 1.1538461538461537 
356325.0 21951.073305771348 0.08873041851765257 0.7762742576572363 311.0 125.0 1.5 
355745.0 21733.63758964712 0.09212118377744513 0.7735023000805401 304.0 118.0 1.2 
355745.0 21808.843843961207 0.09212113543173356 0.7735023918178092 304.0 120.0 1.3333333333333333 
355745.0 21733.63758964712 0.09212118377744513 0.7735023000805401 304.0 118.0 1.2 
382345.0 20902.17619676277 0.08317746083703531 0.7636193593640402 335.0 119.0 1.0952380952380953 
305600.0 23367.83978746708 0.08385015109978429 0.7891968038157808 262.0 115.0 0.0 
305600.0 23367.83978746708 0.08385015109978429 0.7891968038157808 262.0 115.0 0.0 
305600.0 23367.83978746708 0.08384966097732055 0.7891921907879355 262.0 115.0 0.0 
305600.0 23367.83978746708 0.08384966097732055 0.7891921907879355 262.0 115.0 0.0 
305600.0 23367.83978746708 0.08385015109691944 0.789196803788817 262.0 115.0 0.0 
314025.0 22590.35531541739 0.08101520350247544 0.7866833451212596 272.0 115.0 0.0 
302545.0 23468.336460206727 0.08566167874678512 0.7875263034837503 259.0 112.0 0.0 
