[9, 3, 23, 1, 24, 4, 20][5, 21, 10, 29, 2, 15][8, 26, 0, 19, 12][6, 13, 18, 22][25, 7, 27][17, 28, 25][14, 11, 17][19, 22][6, 16][7, 16][3, 11][10, 16] 
[9, 3, 23, 1, 24, 4, 20][5, 21, 10, 29, 2, 15][8, 26, 0, 19, 12][6, 13, 18, 22][25, 7, 27][17, 28, 25][14, 11, 17][7, 16][6, 16][3, 11][19, 22][10, 16] 
[9, 3, 23, 1, 24, 4, 20][5, 21, 10, 29, 2, 15][8, 26, 0, 19, 12][6, 13, 18, 22][25, 7, 27][17, 28, 25][14, 11, 17][7, 16][6, 16][3, 11][19, 22][10, 16] 
[9, 3, 23, 1, 24, 4, 20][5, 21, 10, 29, 2, 15][8, 26, 0, 19, 12][6, 13, 18, 22][25, 7, 27][17, 28, 25][14, 11, 17][7, 16][6, 16][3, 11][19, 22][10, 16] 
[9, 3, 23, 1, 24, 4, 20][5, 21, 10, 29, 2, 15][8, 26, 0, 19, 12][6, 13, 18, 22][14, 11, 17, 28][25, 7, 27][19, 22][6, 16][7, 16][25, 28][3, 11][10, 16] 
[9, 3, 23, 1, 24, 4, 20][5, 21, 10, 29, 2, 15][8, 26, 0, 19, 12][6, 13, 18, 22][14, 11, 17, 28][25, 7, 27][19, 22][6, 16][7, 16][25, 28][10, 16][3, 11] 
[9, 3, 23, 1, 24, 4, 20][5, 21, 10, 29, 2, 15][8, 26, 0, 19, 12][6, 13, 18, 22][14, 11, 17, 28][25, 7, 27][10, 16][6, 16][7, 16][25, 28][19, 22][3, 11] 
[9, 3, 23, 1, 24, 4, 20][5, 21, 10, 29, 2, 15][8, 26, 0, 19, 12][14, 11, 17, 28][13, 18, 22][13, 6, 16][25, 7, 27][7, 16][10, 16][25, 28][3, 11][19, 22] 
[9, 3, 23, 1, 24, 4, 20][5, 21, 10, 29, 2, 15][8, 26, 0, 19, 12][14, 11, 17, 28][13, 18, 22][13, 6, 16][25, 7, 27][7, 16][10, 16][25, 28][3, 11][19, 22] 
[9, 3, 23, 1, 24, 4, 20][5, 21, 10, 29, 2, 15][8, 26, 0, 19, 12][14, 11, 17, 28][13, 18, 22][13, 6, 16][25, 7, 27][19, 22][7, 16][10, 16][25, 28][3, 11] 
[9, 3, 23, 1, 24, 4, 20][5, 21, 10, 29, 2, 15][8, 26, 0, 19, 12][6, 13, 18, 22][25, 7, 27][17, 28, 25][14, 11, 17][19, 22][6, 16][7, 16][3, 11][10, 16] 
[9, 3, 23, 1, 24, 4, 20][5, 21, 10, 29, 2, 15][8, 26, 0, 19, 12][6, 13, 18, 22][25, 7, 27][17, 28, 25][14, 11, 17][10, 16][6, 16][19, 22][7, 16][3, 11] 
[9, 3, 23, 1, 24, 4, 20][5, 21, 10, 29, 2, 15][8, 26, 0, 19, 12][6, 13, 18, 22][25, 7, 27][17, 28, 25][14, 11, 17][7, 16][6, 16][3, 11][19, 22][10, 16] 
[9, 3, 23, 1, 24, 4, 20][5, 21, 10, 29, 2, 15][8, 26, 0, 19, 12][6, 13, 18, 22][14, 11, 17, 28][25, 7, 27][19, 22][6, 16][7, 16][25, 28][3, 11][10, 16] 
[9, 3, 23, 1, 24, 4, 20][5, 21, 10, 29, 2, 15][8, 26, 0, 19, 12][6, 13, 18, 22][14, 11, 17, 28][25, 7, 27][6, 16][10, 16][19, 22][7, 16][25, 28][3, 11] 
[9, 3, 23, 1, 24, 4, 20][5, 21, 10, 29, 2, 15][8, 26, 0, 19, 12][14, 11, 17, 28][13, 18, 22][13, 6, 16][25, 7, 27][7, 16][10, 16][25, 28][3, 11][19, 22] 
[9, 3, 23, 1, 24, 4, 20][5, 21, 10, 29, 2, 15][8, 26, 0, 19, 12][6, 13, 18, 22][25, 7, 27][17, 28, 25][14, 11, 17][10, 16][6, 16][19, 22][7, 16][3, 11] 
[9, 3, 23, 1, 24, 4, 20][5, 21, 10, 29, 2, 15][8, 26, 0, 19, 12][6, 13, 18, 22][25, 7, 27][17, 28, 25][14, 11, 17][7, 16][6, 16][3, 11][19, 22][10, 16] 
[9, 3, 23, 1, 24, 4, 20][5, 21, 10, 29, 2, 15][8, 26, 0, 19, 12][6, 13, 18, 22][14, 11, 17, 28][25, 7, 27][6, 16][7, 16][10, 16][25, 28][3, 11][19, 22] 
[9, 3, 23, 1, 24, 4, 20][5, 21, 10, 29, 2, 15][8, 26, 0, 19, 12][6, 13, 18, 22][25, 7, 27][17, 28, 25][14, 11, 17][7, 16][6, 16][3, 11][19, 22][10, 16] 
[9, 3, 23, 1, 24, 4, 20][5, 21, 10, 29, 2, 15][8, 26, 0, 19, 12][6, 13, 18, 22][25, 7, 27][17, 28, 25][14, 11, 17][7, 16][6, 16][3, 11][19, 22][10, 16] 
[9, 3, 23, 1, 24, 4, 20][5, 21, 10, 29, 2, 15][8, 26, 0, 19, 12][6, 13, 18, 22][25, 7, 27][17, 28, 25][14, 11, 17][7, 16][6, 16][3, 11][19, 22][10, 16] 
[9, 3, 23, 1, 24, 4, 20][5, 21, 10, 29, 2, 15][8, 26, 0, 19, 12][6, 13, 18, 22][25, 7, 27][17, 28, 25][14, 11, 17][19, 22][6, 16][7, 16][10, 16][3, 11] 
[9, 3, 23, 1, 24, 4, 20][5, 21, 10, 29, 2, 15][8, 26, 0, 19, 12][6, 13, 18, 22][14, 11, 17, 28][25, 7, 27][19, 22][6, 16][7, 16][25, 28][10, 16][3, 11] 
[9, 3, 23, 1, 24, 4, 20][5, 21, 10, 29, 2, 15][8, 26, 0, 19, 12][6, 13, 18, 22][14, 11, 17, 28][25, 7, 27][10, 16][6, 16][7, 16][25, 28][19, 22][3, 11] 
[9, 3, 23, 1, 24, 4, 20][5, 21, 10, 29, 2, 15][8, 26, 0, 19, 12][14, 11, 17, 28][13, 18, 22][13, 6, 16][25, 7, 27][7, 16][10, 16][25, 28][3, 11][19, 22] 
[9, 3, 23, 1, 24, 4, 20][5, 21, 10, 29, 2, 15][8, 26, 0, 19, 12][6, 13, 18, 22][25, 7, 27][17, 28, 25][14, 11, 17][7, 16][6, 16][3, 11][19, 22][10, 16] 
[9, 3, 23, 1, 24, 4, 20][5, 21, 10, 29, 2, 15][8, 26, 0, 19, 12][6, 13, 18, 22][25, 7, 27][17, 28, 25][14, 11, 17][7, 16][6, 16][3, 11][19, 22][10, 16] 
[9, 3, 23, 1, 24, 4, 20][5, 21, 10, 29, 2, 15][8, 26, 0, 19, 12][6, 13, 18, 22][14, 11, 17, 28][25, 7, 27][19, 22][6, 16][7, 16][25, 28][10, 16][3, 11] 
[9, 3, 23, 1, 24, 4, 20][5, 21, 10, 29, 2, 15][8, 26, 0, 19, 12][6, 13, 18, 22][25, 7, 27][17, 28, 25][14, 11, 17][7, 16][6, 16][3, 11][19, 22][10, 16] 
[9, 3, 23, 1, 24, 4, 20][5, 21, 10, 29, 2, 15][8, 26, 0, 19, 12][6, 13, 18, 22][25, 7, 27][17, 28, 25][14, 11, 17][7, 16][6, 16][3, 11][19, 22][10, 16] 
[9, 3, 23, 1, 24, 4, 20][5, 21, 10, 29, 2, 15][8, 26, 0, 19, 12][6, 13, 18, 22][25, 7, 27][17, 28, 25][14, 11, 17][7, 16][6, 16][3, 11][19, 22][10, 16] 
[9, 3, 23, 1, 24, 4, 20][5, 21, 10, 29, 2, 15][8, 26, 0, 19, 12][6, 13, 18, 22][14, 11, 17, 28][25, 7, 27][7, 16][10, 16][6, 16][25, 28][3, 11][19, 22] 
[9, 3, 23, 1, 24, 4, 20][5, 21, 10, 29, 2, 15][8, 26, 0, 19, 12][6, 13, 18, 22][25, 7, 27][17, 28, 25][14, 11, 17][7, 16][6, 16][3, 11][19, 22][10, 16] 
[9, 3, 23, 1, 24, 4, 20][5, 21, 10, 29, 2, 15][8, 26, 0, 19, 12][6, 13, 18, 22][25, 7, 27][17, 28, 25][14, 11, 17][7, 16][6, 16][3, 11][19, 22][10, 16] 
[7, 28, 25, 22, 12, 17, 0, 13, 18, 19, 8, 26][3, 14, 9, 1, 24, 20, 23, 4, 7][6, 10, 7, 27, 15, 5, 21, 2, 29][7, 27, 15][15, 5, 21][7, 16, 10][11, 25][20, 24][25, 28][5, 15][13, 18][7, 10] 
[7, 28, 25, 22, 12, 17, 0, 13, 18, 19, 8, 26][3, 14, 9, 1, 24, 20, 23, 4, 7][6, 10, 7, 27, 15, 5, 21, 2, 29][15, 5, 21][7, 16, 10][15, 27][11, 25][20, 24][25, 28][5, 15][13, 18][7, 10] 
[7, 28, 25, 22, 12, 17, 0, 13, 18, 19, 8, 26][3, 14, 9, 1, 24, 20, 23, 4, 7][6, 10, 7, 27, 15, 5, 21, 2, 29][15, 5, 21][7, 16, 10][15, 27][11, 25][20, 24][25, 28][5, 15][13, 18][7, 10] 
[6, 10, 7, 27, 15, 5, 21, 2, 29][3, 14, 9, 1, 24, 20, 23, 4, 7][22, 12, 17, 0, 13, 18, 19, 8, 26][16, 28, 25, 11, 17][5, 15][7, 16][5, 15][5, 15][13, 18][5, 15][5, 15][13, 18] 
[6, 10, 7, 27, 15, 5, 21, 2, 29][3, 14, 9, 1, 24, 20, 23, 4, 7][22, 12, 17, 0, 13, 18, 19, 8, 26][16, 28, 25, 11, 17][5, 15][7, 16][5, 15][5, 15][13, 18][5, 15][5, 15][13, 18] 
[22, 12, 17, 0, 13, 18, 19, 8, 26][3, 14, 9, 1, 24, 20, 23, 4, 7][10, 7, 27, 15, 5, 21, 2, 29][16, 28, 25, 11, 17][13, 18][7, 16][6, 10][13, 18][5, 15][5, 15][5, 15][5, 15] 
[7, 28, 25, 22, 12, 17, 0, 13, 18, 19, 8, 26][6, 10, 7, 27, 15, 5, 21, 2, 29][3, 14, 9, 1, 24, 20, 23, 4, 7][13, 18][11, 25][7, 16][5, 15][5, 15][5, 15][20, 24][15, 27][15, 27] 
[7, 28, 25, 22, 12, 17, 0, 13, 18, 19, 8, 26][3, 14, 9, 1, 24, 20, 23, 4, 7][6, 10, 7, 27, 15, 5, 21, 2, 29][9, 1, 23, 3, 11, 25][2, 21, 5, 15][7, 16, 10][15, 27][20, 24][25, 28][5, 15][13, 18][7, 10] 
[6, 10, 7, 27, 15, 5, 21, 2, 29][3, 14, 9, 1, 24, 20, 23, 4, 7][22, 12, 17, 0, 13, 18, 19, 8, 26][16, 28, 25, 11, 17][5, 15][7, 16][5, 15][5, 15][13, 18][5, 15][5, 15][13, 18] 
[7, 28, 25, 22, 12, 17, 0, 13, 18, 19, 8, 26][3, 14, 9, 1, 24, 20, 23, 4, 7][6, 10, 7, 27, 15, 5, 21, 2, 29][7, 27, 15][15, 5, 21][7, 16, 10][11, 25][20, 24][25, 28][5, 15][13, 18][7, 10] 
[7, 28, 25, 22, 12, 17, 0, 13, 18, 19, 8, 26][6, 10, 7, 27, 15, 5, 21, 2, 29][3, 14, 9, 1, 24, 20, 23, 4, 7][13, 18][11, 25][7, 16][5, 15][5, 15][5, 15][20, 24][15, 27][15, 27] 
[7, 28, 25, 22, 12, 17, 0, 13, 18, 19, 8, 26][3, 14, 9, 1, 24, 20, 23, 4, 7][6, 10, 7, 27, 15, 5, 21, 2, 29][9, 1, 23, 3, 11, 25][2, 21, 5, 15][7, 16, 10][15, 27][20, 24][25, 28][5, 15][13, 18][7, 10] 
[6, 10, 7, 27, 15, 5, 21, 2, 29][3, 14, 9, 1, 24, 20, 23, 4, 7][22, 12, 17, 0, 13, 18, 19, 8, 26][16, 28, 25, 11, 17][5, 15][7, 16][5, 15][5, 15][13, 18][5, 15][5, 15][13, 18] 
[7, 28, 25, 22, 12, 17, 0, 13, 18, 19, 8, 26][3, 14, 9, 1, 24, 20, 23, 4, 7][6, 10, 7, 27, 15, 5, 21, 2, 29][2, 21, 5, 15][7, 16, 10][15, 27][11, 25][20, 24][25, 28][5, 15][13, 18][7, 10] 
[7, 28, 25, 22, 12, 17, 0, 13, 18, 19, 8, 26][6, 10, 7, 27, 15, 5, 21, 2, 29][3, 14, 9, 1, 24, 20, 23, 4, 7][13, 18][11, 25][7, 16][5, 15][5, 15][5, 15][20, 24][15, 27][15, 27] 
[7, 28, 25, 22, 12, 17, 0, 13, 18, 19, 8, 26][6, 10, 7, 27, 15, 5, 21, 2, 29][3, 14, 9, 1, 24, 20, 23, 4, 7][13, 18][12, 22][7, 16][11, 25][5, 15][20, 24][13, 18][13, 18][5, 15] 
[7, 28, 25, 22, 12, 17, 0, 13, 18, 19, 8, 26][6, 10, 7, 27, 15, 5, 21, 2, 29][3, 14, 9, 1, 24, 20, 23, 4, 7][13, 18][12, 22][7, 16][11, 25][5, 15][20, 24][13, 18][13, 18][5, 15] 
[6, 10, 7, 27, 15, 5, 21, 2, 29][3, 14, 9, 1, 24, 20, 23, 4, 7][22, 12, 17, 0, 13, 18, 19, 8, 26][16, 28, 25, 11, 17][5, 15][7, 16][5, 15][5, 15][13, 18][5, 15][5, 15][13, 18] 
[7, 28, 25, 22, 12, 17, 0, 13, 18, 19, 8, 26][6, 10, 7, 27, 15, 5, 21, 2, 29][3, 14, 9, 1, 24, 20, 23, 4, 7][13, 18][12, 22][7, 16][11, 25][5, 15][20, 24][13, 18][13, 18][5, 15] 
[7, 28, 25, 22, 12, 17, 0, 13, 18, 19, 8, 26][6, 10, 7, 27, 15, 5, 21, 2, 29][3, 14, 9, 1, 24, 20, 23, 4, 7][13, 18][12, 22][7, 16][11, 25][5, 15][20, 24][13, 18][13, 18][5, 15] 
[7, 28, 25, 22, 12, 17, 0, 13, 18, 19, 8, 26][6, 10, 7, 27, 15, 5, 21, 2, 29][3, 14, 9, 1, 24, 20, 23, 4, 7][13, 18][12, 22][7, 16][11, 25][5, 15][20, 24][13, 18][13, 18][5, 15] 
[9, 3, 23, 1, 24, 4, 20][5, 21, 10, 29, 2, 15][8, 26, 0, 19, 12][14, 11, 17, 28][13, 18, 22][13, 6, 16][25, 7, 27][19, 22][10, 16][7, 16][25, 28][3, 11] 
[9, 3, 23, 1, 24, 4, 20][5, 21, 10, 29, 2, 15][8, 26, 0, 19, 12][14, 11, 17, 28][13, 18, 22][13, 6, 16][25, 7, 27][7, 16][10, 16][25, 28][3, 11][19, 22] 
[9, 3, 23, 1, 24, 4, 20][5, 21, 10, 29, 2, 15][8, 26, 0, 19, 12][14, 11, 17, 28][13, 18, 22][13, 6, 16][25, 7, 27][7, 16][10, 16][25, 28][3, 11][19, 22] 
[9, 3, 23, 1, 24, 4, 20][5, 21, 10, 29, 2, 15][8, 26, 0, 19, 12][14, 11, 17, 28][13, 18, 22][13, 6, 16][25, 7, 27][7, 16][10, 16][25, 28][3, 11][19, 22] 
[9, 3, 23, 1, 24, 4, 20][5, 21, 10, 29, 2, 15][8, 26, 0, 19, 12][14, 11, 17, 28][13, 18, 22][13, 6, 16][25, 7, 27][7, 16][10, 16][25, 28][3, 11][19, 22] 
[9, 3, 23, 1, 24, 4, 20][5, 21, 10, 29, 2, 15][8, 26, 0, 19, 12][14, 11, 17, 28][13, 18, 22][13, 6, 16][25, 7, 27][7, 16][10, 16][25, 28][3, 11][19, 22] 
[9, 3, 23, 1, 24, 4, 20][5, 21, 10, 29, 2, 15][8, 26, 0, 19, 12][14, 11, 17, 28][13, 18, 22][13, 6, 16][25, 7, 27][7, 16][10, 16][25, 28][3, 11][19, 22] 
[9, 3, 23, 1, 24, 4, 20][5, 21, 10, 29, 2, 15][8, 26, 0, 19, 12][14, 11, 17, 28][13, 18, 22][13, 6, 16][25, 7, 27][19, 22][7, 16][10, 16][25, 28][3, 11] 
[9, 3, 23, 1, 24, 4, 20][5, 21, 10, 29, 2, 15][8, 26, 0, 19, 12][14, 11, 17, 28][13, 18, 22][13, 6, 16][25, 7, 27][7, 16][10, 16][25, 28][3, 11][19, 22] 
[9, 3, 23, 1, 24, 4, 20][5, 21, 10, 29, 2, 15][8, 26, 0, 19, 12][14, 11, 17, 28][25, 7, 27][13, 6, 16][13, 18, 22][3, 11][25, 28][7, 16][19, 22][10, 16] 
[9, 3, 23, 1, 24, 4, 20][5, 21, 10, 29, 2, 15][8, 26, 0, 19, 12][14, 11, 17, 28][13, 18, 22][13, 6, 16][25, 7, 27][7, 16][10, 16][25, 28][3, 11][19, 22] 
[9, 3, 23, 1, 24, 4, 20][5, 21, 10, 29, 2, 15][8, 26, 0, 19, 12][14, 11, 17, 28][13, 18, 22][13, 6, 16][25, 7, 27][7, 16][10, 16][25, 28][3, 11][19, 22] 
[9, 3, 23, 1, 24, 4, 20][5, 21, 10, 29, 2, 15][8, 26, 0, 19, 12][14, 11, 17, 28][13, 18, 22][13, 6, 16][25, 7, 27][7, 16][10, 16][25, 28][3, 11][19, 22] 
[9, 3, 23, 1, 24, 4, 20][5, 21, 10, 29, 2, 15][8, 26, 0, 19, 12][14, 11, 17, 28][13, 18, 22][13, 6, 16][25, 7, 27][7, 16][10, 16][25, 28][3, 11][19, 22] 
[9, 3, 23, 1, 24, 4, 20][5, 21, 10, 29, 2, 15][8, 26, 0, 19, 12][14, 11, 17, 28][13, 18, 22][13, 6, 16][25, 7, 27][19, 22][10, 16][7, 16][25, 28][3, 11] 
[9, 3, 23, 1, 24, 4, 20][5, 21, 10, 29, 2, 15][8, 26, 0, 19, 12][6, 13, 18, 22][25, 7, 27][17, 28, 25][14, 11, 17][19, 22][6, 16][7, 16][3, 11][10, 16] 
[9, 3, 23, 1, 24, 4, 20][5, 21, 10, 29, 2, 15][8, 26, 0, 19, 12][6, 13, 18, 22][25, 7, 27][17, 28, 25][14, 11, 17][19, 22][6, 16][7, 16][10, 16][3, 11] 
[9, 3, 23, 1, 24, 4, 20][5, 21, 10, 29, 2, 15][8, 26, 0, 19, 12][6, 13, 18, 22][25, 7, 27][17, 28, 25][14, 11, 17][19, 22][6, 16][7, 16][10, 16][3, 11] 
[9, 3, 23, 1, 24, 4, 20][5, 21, 10, 29, 2, 15][8, 26, 0, 19, 12][6, 13, 18, 22][25, 7, 27][17, 28, 25][14, 11, 17][7, 16][6, 16][3, 11][19, 22][10, 16] 
[9, 3, 23, 1, 24, 4, 20][5, 21, 10, 29, 2, 15][8, 26, 0, 19, 12][6, 13, 18, 22][25, 7, 27][17, 28, 25][14, 11, 17][7, 16][6, 16][3, 11][19, 22][10, 16] 
[9, 3, 23, 1, 24, 4, 20][8, 26, 0, 19, 12, 18][5, 21, 10, 29, 2, 15][14, 11, 17, 28][25, 7, 27][13, 6, 16][3, 11][25, 28][22, 25][7, 16][10, 16][18, 22] 
[9, 3, 23, 1, 24, 4, 20][5, 21, 10, 29, 2, 15][8, 26, 0, 19, 12][14, 11, 17, 28][13, 18, 22][13, 6, 16][25, 7, 27][19, 22][7, 16][25, 28][10, 16][3, 11] 
[9, 3, 23, 1, 24, 4, 20][5, 21, 10, 29, 2, 15][8, 26, 0, 19, 12][14, 11, 17, 28][13, 18, 22][13, 6, 16][25, 7, 27][7, 16][10, 16][25, 28][3, 11][19, 22] 
[9, 3, 23, 1, 24, 4, 20][5, 21, 10, 29, 2, 15][8, 26, 0, 19, 12][14, 11, 17, 28][13, 18, 22][13, 6, 16][25, 7, 27][7, 16][10, 16][25, 28][3, 11][19, 22] 
[9, 3, 23, 1, 24, 4, 20][5, 21, 10, 29, 2, 15][8, 26, 0, 19, 12][14, 11, 17, 28][13, 18, 22][13, 6, 16][25, 7, 27][7, 16][10, 16][25, 28][3, 11][19, 22] 
[9, 3, 23, 1, 24, 4, 20][5, 21, 10, 29, 2, 15][8, 26, 0, 19, 12][14, 11, 17, 28][13, 6, 16][13, 18, 22][25, 7, 27][10, 16][7, 16][25, 28][3, 11][19, 22] 
[9, 3, 23, 1, 24, 4, 20][5, 21, 10, 29, 2, 15][8, 26, 0, 19, 12][6, 13, 18, 22][25, 7, 27][17, 28, 25][14, 11, 17][7, 16][6, 16][3, 11][19, 22][10, 16] 
[9, 3, 23, 1, 24, 4, 20][5, 21, 10, 29, 2, 15][8, 26, 0, 19, 12][14, 11, 17, 28][13, 18, 22][13, 6, 16][25, 7, 27][7, 16][10, 16][25, 28][3, 11][19, 22] 
[9, 3, 23, 1, 24, 4, 20][5, 21, 10, 29, 2, 15][8, 26, 0, 19, 12][6, 13, 18, 22][25, 7, 27][17, 28, 25][14, 11, 17][7, 16][6, 16][3, 11][19, 22][10, 16] 
[9, 3, 23, 1, 24, 4, 20][5, 21, 10, 29, 2, 15][8, 26, 0, 19, 12][6, 13, 18, 22][25, 7, 27][17, 28, 25][14, 11, 17][10, 16][7, 16][6, 16][3, 11][19, 22] 
[9, 3, 23, 1, 24, 4, 20][5, 21, 10, 29, 2, 15][8, 26, 0, 19, 12][6, 13, 18, 22][25, 7, 27][17, 28, 25][14, 11, 17][7, 16][6, 16][3, 11][19, 22][10, 16] 
[9, 3, 23, 1, 24, 4, 20][5, 21, 10, 29, 2, 15][8, 26, 0, 19, 12][6, 13, 18, 22][25, 7, 27][17, 28, 25][14, 11, 17][19, 22][6, 16][7, 16][10, 16][3, 11] 
[9, 3, 23, 1, 24, 4, 20][5, 21, 10, 29, 2, 15][8, 26, 0, 19, 12][6, 13, 18, 22][25, 7, 27][17, 28, 25][14, 11, 17][7, 16][6, 16][3, 11][19, 22][10, 16] 
[9, 3, 23, 1, 24, 4, 20][5, 21, 10, 29, 2, 15][8, 26, 0, 19, 12][6, 13, 18, 22][25, 7, 27][17, 28, 25][14, 11, 17][7, 16][6, 16][3, 11][19, 22][10, 16] 
[9, 3, 23, 1, 24, 4, 20][5, 21, 10, 29, 2, 15][8, 26, 0, 19, 12][6, 13, 18, 22][25, 7, 27][17, 28, 25][14, 11, 17][7, 16][6, 16][3, 11][19, 22][10, 16] 
[9, 3, 23, 1, 24, 4, 20][5, 21, 10, 29, 2, 15][8, 26, 0, 19, 12][6, 13, 18, 22][25, 7, 27][17, 28, 25][14, 11, 17][7, 16][6, 16][3, 11][19, 22][10, 16] 
[9, 3, 23, 1, 24, 4, 20][5, 21, 10, 29, 2, 15][8, 26, 0, 19, 12][6, 13, 18, 22][25, 7, 27][17, 28, 25][14, 11, 17][7, 16][6, 16][3, 11][19, 22][10, 16] 
[9, 3, 23, 1, 24, 4, 20][5, 21, 10, 29, 2, 15][8, 26, 0, 19, 12][6, 13, 18, 22][25, 7, 27][17, 28, 25][14, 11, 17][7, 16][6, 16][3, 11][19, 22][10, 16] 
[9, 3, 23, 1, 24, 4, 20][5, 21, 10, 29, 2, 15][8, 26, 0, 19, 12][6, 13, 18, 22][25, 7, 27][17, 28, 25][14, 11, 17][7, 16][6, 16][3, 11][19, 22][10, 16] 
[9, 3, 23, 1, 24, 4, 20][5, 21, 10, 29, 2, 15][8, 26, 0, 19, 12][6, 13, 18, 22][25, 7, 27][17, 28, 25][14, 11, 17][7, 16][6, 16][3, 11][19, 22][10, 16] 
[9, 3, 23, 1, 24, 4, 20][5, 21, 10, 29, 2, 15][8, 26, 0, 19, 12][6, 13, 18, 22][25, 7, 27][17, 28, 25][14, 11, 17][7, 16][6, 16][3, 11][19, 22][10, 16] 
[9, 3, 23, 1, 24, 4, 20][5, 21, 10, 29, 2, 15][8, 26, 0, 19, 12][6, 13, 18, 22][25, 7, 27][17, 28, 25][14, 11, 17][7, 16][6, 16][3, 11][19, 22][10, 16] 
[9, 3, 23, 1, 24, 4, 20][5, 21, 10, 29, 2, 15][8, 26, 0, 19, 12][6, 13, 18, 22][25, 7, 27][17, 28, 25][14, 11, 17][7, 16][6, 16][3, 11][19, 22][10, 16] 
[9, 3, 23, 1, 24, 4, 20][5, 21, 10, 29, 2, 15][8, 26, 0, 19, 12, 18][13, 6, 16, 7, 27][14, 11, 17, 28][7, 25][25, 28][22, 25][10, 16][19, 22][12, 19][3, 11] 
[9, 3, 23, 1, 24, 4, 20][5, 21, 10, 29, 2, 15][8, 26, 0, 19, 12, 18][13, 6, 16, 7, 27][14, 11, 17, 28][7, 25][25, 28][22, 25][10, 16][19, 22][12, 19][3, 11] 
[9, 3, 23, 1, 24, 4, 20][5, 21, 10, 29, 2, 15][8, 26, 0, 19, 12, 18][13, 6, 16, 7, 27][14, 11, 17, 28][7, 25][25, 28][22, 25][10, 16][19, 22][12, 19][3, 11] 
[9, 3, 23, 1, 24, 4, 20][5, 21, 10, 29, 2, 15][8, 26, 0, 19, 12, 18][13, 6, 16, 7, 27][14, 11, 17, 28][3, 11][25, 28][7, 25][10, 16][22, 25][19, 22][12, 18] 
[9, 3, 23, 1, 24, 4, 20][5, 21, 10, 29, 2, 15][8, 26, 0, 19, 12, 18][13, 6, 16, 7, 27][14, 11, 17, 28][7, 25][25, 28][22, 25][10, 16][19, 22][12, 19][3, 11] 
[9, 3, 23, 1, 24, 4, 20][5, 21, 10, 29, 2, 15][8, 26, 0, 19, 12][10, 16, 7, 27][6, 13, 18, 22][25, 7, 27][17, 28, 25][14, 11, 17][7, 16][3, 11][6, 16][19, 22] 
[9, 3, 23, 1, 24, 4, 20][5, 21, 10, 29, 2, 15][8, 26, 0, 19, 12][6, 13, 18, 22][14, 11, 17, 28][25, 7, 27][6, 16][7, 16][10, 16][25, 28][3, 11][19, 22] 
[9, 3, 23, 1, 24, 4, 20][5, 21, 10, 29, 2, 15][8, 26, 0, 19, 12][6, 13, 18, 22][14, 11, 17, 28][25, 7, 27][10, 16][6, 16][7, 16][25, 28][3, 11][19, 22] 
[9, 3, 23, 1, 24, 4, 20][5, 21, 10, 29, 2, 15][8, 26, 0, 19, 12][6, 13, 18, 22][14, 11, 17, 28][25, 7, 27][10, 16][6, 16][7, 16][25, 28][19, 22][3, 11] 
[9, 3, 23, 1, 24, 4, 20][5, 21, 10, 29, 2, 15][8, 26, 0, 19, 12][6, 13, 18, 22][14, 11, 17, 28][25, 7, 27][6, 16][7, 16][10, 16][25, 28][3, 11][19, 22] 
[9, 3, 23, 1, 24, 4, 20][5, 21, 10, 29, 2, 15][8, 26, 0, 19, 12][6, 13, 18, 22][14, 11, 17, 28][25, 7, 27][10, 16][6, 16][7, 16][25, 28][3, 11][19, 22] 
[9, 3, 23, 1, 24, 4, 20][5, 21, 10, 29, 2, 15][8, 26, 0, 19, 12][6, 13, 18, 22][25, 7, 27][17, 28, 25][14, 11, 17][7, 16][6, 16][3, 11][19, 22][10, 16] 
[9, 3, 23, 1, 24, 4, 20][5, 21, 10, 29, 2, 15][8, 26, 0, 19, 12][6, 13, 18, 22][14, 11, 17, 28][25, 7, 27][10, 16][6, 16][7, 16][25, 28][19, 22][3, 11] 
