[8, 12, 17, 19, 22, 18][11, 14, 7, 20, 24][5, 21, 15, 10, 27][3, 9, 1, 23, 4][28, 16, 2, 29][6, 13, 0, 26][25, 28][7, 27][1, 14][17, 28][0, 17][7, 25] 
[8, 12, 17, 19, 22, 18][3, 9, 1, 23, 4][11, 14, 7, 20, 24][5, 21, 15, 10, 27][28, 16, 2, 29][6, 13, 0, 26][1, 14][7, 25][25, 28][17, 28][0, 18][7, 27] 
[8, 12, 17, 19, 22, 18][3, 9, 1, 23, 4][5, 21, 15, 10][16, 10, 2, 29][11, 25, 7, 27][14, 7, 20, 24][6, 13, 0, 26][16, 28][25, 28][1, 14][17, 28][0, 18] 
[8, 12, 17, 19, 22, 18][3, 9, 1, 23, 4][6, 13, 0, 26][11, 25, 7, 27][14, 7, 20, 24][16, 10, 2, 29][5, 21, 15, 10][0, 18][17, 28][16, 28][25, 28][1, 14] 
[8, 12, 17, 19, 22, 18][11, 14, 7, 20, 24][3, 9, 1, 23, 4][6, 13, 0, 26][28, 16, 2, 29][5, 21, 15, 10][25, 7, 27][0, 18][17, 28][25, 28][1, 14][10, 27] 
[8, 12, 17, 19, 22, 18][11, 14, 7, 20, 24][3, 9, 1, 23, 4][6, 13, 0, 26][28, 16, 2, 29][5, 21, 15, 10][25, 7, 27][0, 18][17, 28][25, 28][1, 14][10, 27] 
[8, 12, 17, 19, 22, 18][11, 14, 7, 20, 24][3, 9, 1, 23, 4][28, 16, 2, 29][6, 13, 0, 26][5, 21, 15, 10][25, 7, 27][1, 14][25, 28][17, 28][0, 18][10, 27] 
[8, 12, 17, 19, 22, 18][11, 14, 7, 20, 24][3, 9, 1, 23, 4][5, 21, 15, 10][28, 16, 2, 29][6, 13, 0, 26][25, 7, 27][10, 27][1, 14][25, 28][17, 28][0, 18] 
[8, 12, 17, 19, 22, 18][11, 14, 7, 20, 24][3, 9, 1, 23, 4][5, 21, 15, 10][28, 16, 2, 29][6, 13, 0, 26][25, 7, 27][10, 27][1, 14][25, 28][17, 28][0, 18] 
[8, 12, 17, 19, 22, 18][11, 14, 7, 20, 24][3, 9, 1, 23, 4][6, 13, 0, 26][28, 16, 2, 29][5, 21, 15, 10][25, 7, 27][0, 18][17, 28][10, 27][1, 14][25, 28] 
[8, 12, 17, 19, 22, 18][11, 14, 7, 20, 24][5, 21, 15, 10, 27][3, 9, 1, 23, 4][28, 16, 2, 29][6, 13, 0, 26][25, 28][7, 27][1, 14][17, 28][0, 17][7, 25] 
[8, 12, 17, 19, 22, 18][11, 14, 7, 20, 24][3, 9, 1, 23, 4][5, 21, 15, 10, 27][28, 16, 2, 29][6, 13, 0, 26][1, 14][7, 25][25, 28][17, 28][0, 18][7, 27] 
[8, 12, 17, 19, 22, 18][3, 9, 1, 23, 4][14, 7, 20, 24][11, 25, 7, 27][16, 10, 2, 29][5, 21, 15, 10][6, 13, 0, 26][1, 14][25, 28][16, 28][17, 28][0, 18] 
[8, 12, 17, 19, 22, 18][11, 14, 7, 20, 24][3, 9, 1, 23, 4][6, 13, 0, 26][28, 16, 2, 29][5, 21, 15, 10][25, 7, 27][0, 18][17, 28][10, 27][1, 14][25, 28] 
[8, 12, 17, 19, 22, 18][11, 14, 7, 20, 24][3, 9, 1, 23, 4][6, 13, 0, 26][28, 16, 2, 29][5, 21, 15, 10][25, 7, 27][0, 18][17, 28][10, 27][1, 14][25, 28] 
[8, 12, 17, 19, 22, 18][11, 14, 7, 20, 24][3, 9, 1, 23, 4][6, 13, 0, 26][28, 16, 2, 29][5, 21, 15, 10][25, 7, 27][0, 18][17, 28][10, 27][1, 14][25, 28] 
[8, 12, 17, 19, 22, 18][11, 14, 7, 20, 24][3, 9, 1, 23, 4][5, 21, 15, 10, 27][6, 13, 0, 26][28, 16, 2, 29][0, 17][17, 28][25, 28][7, 25][1, 14][7, 27] 
[8, 12, 17, 19, 22, 18][11, 14, 7, 20, 24][3, 9, 1, 23, 4][5, 21, 15, 10, 27][28, 16, 2, 29][6, 13, 0, 26][1, 14][7, 25][25, 28][17, 28][0, 18][7, 27] 
[8, 12, 17, 19, 22, 18][11, 14, 7, 20, 24][3, 9, 1, 23, 4][6, 13, 0, 26][28, 16, 2, 29][5, 21, 15, 10][25, 7, 27][0, 18][17, 28][25, 28][1, 14][10, 27] 
[8, 12, 17, 19, 22, 18][5, 21, 15, 10, 27][11, 14, 7, 20, 24][3, 9, 1, 23, 4][28, 16, 2, 29][6, 13, 0, 26][7, 27][7, 25][25, 28][17, 28][0, 17][1, 14] 
[8, 12, 17, 19, 22, 18][3, 9, 1, 23, 4][11, 14, 7, 20, 24][5, 21, 15, 10, 27][28, 16, 2, 29][6, 13, 0, 26][1, 14][7, 27][7, 25][25, 28][17, 28][0, 17] 
[8, 12, 17, 19, 22, 18][11, 14, 7, 20, 24][3, 9, 1, 23, 4][5, 21, 15, 10, 27][28, 16, 2, 29][6, 13, 0, 26][1, 14][7, 25][25, 28][17, 28][0, 18][7, 27] 
[8, 12, 17, 19, 22, 18][3, 9, 1, 23, 4][6, 13, 0, 26][11, 25, 7, 27][14, 7, 20, 24][16, 10, 2, 29][5, 21, 15, 10][0, 18][17, 28][16, 28][25, 28][1, 14] 
[8, 12, 17, 19, 22, 18][11, 14, 7, 20, 24][3, 9, 1, 23, 4][6, 13, 0, 26][28, 16, 2, 29][5, 21, 15, 10][25, 7, 27][0, 18][17, 28][25, 28][1, 14][10, 27] 
[8, 12, 17, 19, 22, 18][11, 14, 7, 20, 24][3, 9, 1, 23, 4][28, 16, 2, 29][5, 21, 15, 10][6, 13, 0, 26][25, 7, 27][17, 28][25, 28][10, 27][0, 18][1, 14] 
[8, 12, 17, 19, 22, 18][11, 14, 7, 20, 24][3, 9, 1, 23, 4][6, 13, 0, 26][28, 16, 2, 29][5, 21, 15, 10][25, 7, 27][0, 18][17, 28][10, 27][1, 14][25, 28] 
[8, 12, 17, 19, 22, 18][11, 14, 7, 20, 24][5, 21, 15, 10, 27][3, 9, 1, 23, 4][28, 16, 2, 29][6, 13, 0, 26][25, 28][7, 27][1, 14][17, 28][0, 17][7, 25] 
[8, 12, 17, 19, 22, 18][3, 9, 1, 23, 4][11, 14, 7, 20, 24][5, 21, 15, 10, 27][28, 16, 2, 29][6, 13, 0, 26][1, 14][7, 25][25, 28][17, 28][0, 18][7, 27] 
[8, 12, 17, 19, 22, 18][11, 14, 7, 20, 24][3, 9, 1, 23, 4][5, 21, 15, 10][28, 16, 2, 29][6, 13, 0, 26][25, 7, 27][10, 27][25, 28][1, 14][17, 28][0, 18] 
[8, 12, 17, 19, 22, 18][11, 14, 7, 20, 24][5, 21, 15, 10, 27][3, 9, 1, 23, 4][28, 16, 2, 29][6, 13, 0, 26][25, 28][7, 27][1, 14][17, 28][0, 17][7, 25] 
[8, 12, 17, 19, 22, 18][11, 14, 7, 20, 24][5, 21, 15, 10, 27][3, 9, 1, 23, 4][28, 16, 2, 29][6, 13, 0, 26][25, 28][7, 27][1, 14][17, 28][0, 17][7, 25] 
[8, 12, 17, 19, 22, 18][11, 14, 7, 20, 24][3, 9, 1, 23, 4][5, 21, 15, 10, 27][28, 16, 2, 29][6, 13, 0, 26][1, 14][7, 25][25, 28][17, 28][0, 18][7, 27] 
[8, 12, 17, 19, 22, 18][11, 14, 7, 20, 24][3, 9, 1, 23, 4][5, 21, 15, 10][28, 16, 2, 29][6, 13, 0, 26][25, 7, 27][10, 27][25, 28][1, 14][17, 28][0, 18] 
[8, 12, 17, 19, 22, 18][5, 21, 15, 10, 27][11, 14, 7, 20, 24][3, 9, 1, 23, 4][6, 13, 0, 26][28, 16, 2, 29][0, 17][17, 28][25, 28][7, 25][1, 14][7, 27] 
[8, 12, 17, 19, 22, 18][5, 21, 15, 10, 27][11, 14, 7, 20, 24][3, 9, 1, 23, 4][6, 13, 0, 26][28, 16, 2, 29][0, 17][17, 28][25, 28][7, 25][1, 14][7, 27] 
[4, 20, 7, 10, 15, 6, 5, 21, 2, 16, 27, 29][9, 3, 11, 17, 12, 0, 18, 22, 19, 8, 26][23, 20, 24, 1, 14, 11, 17, 22, 25, 28][17, 22][6, 13][16, 27][16, 27][16, 27][20, 24][16, 27][20, 24][17, 22] 
[4, 20, 7, 10, 15, 6, 5, 21, 2, 16, 27, 29][9, 3, 11, 17, 12, 0, 18, 22, 19, 8, 26][23, 20, 24, 1, 14, 11, 17, 22, 25, 28][17, 22][6, 13][16, 27][16, 27][16, 27][20, 24][16, 27][20, 24][17, 22] 
[4, 20, 7, 10, 15, 6, 5, 21, 2, 16, 27, 29][9, 3, 11, 17, 12, 0, 18, 22, 19, 8, 26][23, 20, 24, 1, 14, 11, 17, 22, 25, 28][17, 22][6, 13][16, 27][16, 27][16, 27][20, 24][16, 27][20, 24][17, 22] 
[4, 20, 7, 10, 15, 6, 5, 21, 2, 16, 27, 29][9, 3, 11, 17, 12, 0, 18, 22, 19, 8, 26][24, 1, 14, 11, 17, 22, 25, 28][11, 14, 1, 24, 20, 23][16, 27][3, 9][6, 13][17, 22][16, 27][16, 27][17, 22][16, 27] 
[4, 20, 7, 10, 15, 6, 5, 21, 2, 16, 27, 29][9, 3, 11, 17, 12, 0, 18, 22, 19, 8, 26][24, 1, 14, 11, 17, 22, 25, 28][11, 14, 1, 24, 20, 23][16, 27][3, 9][6, 13][17, 22][16, 27][16, 27][17, 22][16, 27] 
[4, 20, 7, 10, 15, 6, 5, 21, 2, 16, 27, 29][9, 3, 11, 17, 12, 0, 18, 22, 19, 8, 26][24, 1, 14, 11, 17, 22, 25, 28][23, 20, 24][16, 27][3, 9][6, 13][17, 22][16, 27][16, 27][17, 22][16, 27] 
[4, 20, 7, 10, 15, 6, 5, 21, 2, 16, 27, 29][9, 3, 11, 17, 12, 0, 18, 22, 19, 8, 26][23, 20, 24, 1, 14, 11, 17, 22, 25, 28][3, 9][6, 13][25, 28][16, 27][16, 27][17, 22][17, 22][16, 27][16, 27] 
[4, 20, 7, 10, 15, 6, 5, 21, 2, 16, 27, 29][9, 3, 11, 17, 12, 0, 18, 22, 19, 8, 26][23, 20, 24, 1, 14, 11, 17, 22, 25, 28][3, 9][6, 13][25, 28][16, 27][16, 27][17, 22][17, 22][16, 27][16, 27] 
[4, 20, 7, 10, 15, 6, 5, 21, 2, 16, 27, 29][9, 3, 11, 17, 12, 0, 18, 22, 19, 8, 26][22, 17, 11, 14, 1, 24, 20, 23][22, 25, 28][3, 9][6, 13][16, 27][16, 27][17, 22][17, 22][16, 27][16, 27] 
[4, 20, 7, 10, 15, 6, 5, 21, 2, 16, 27, 29][9, 3, 11, 17, 12, 0, 18, 22, 19, 8, 26][23, 20, 24, 1, 14, 11, 17, 22, 25, 28][17, 22][6, 13][16, 27][16, 27][16, 27][20, 24][16, 27][20, 24][17, 22] 
[4, 20, 7, 10, 15, 6, 5, 21, 2, 16, 27, 29][9, 3, 11, 17, 12, 0, 18, 22, 19, 8, 26][23, 20, 24, 1, 14, 11, 17, 22, 25, 28][17, 22][6, 13][16, 27][16, 27][16, 27][20, 24][16, 27][20, 24][17, 22] 
[4, 20, 7, 10, 15, 6, 5, 21, 2, 16, 27, 29][9, 3, 11, 17, 12, 0, 18, 22, 19, 8, 26][23, 20, 24, 1, 14, 11, 17, 22, 25, 28][17, 22][6, 13][16, 27][16, 27][16, 27][20, 24][16, 27][20, 24][17, 22] 
[4, 20, 7, 10, 15, 6, 5, 21, 2, 16, 27, 29][9, 3, 11, 17, 12, 0, 18, 22, 19, 8, 26][22, 17, 11, 14, 1, 24, 20, 23][22, 25, 28][3, 9][6, 13][16, 27][16, 27][17, 22][17, 22][16, 27][16, 27] 
[4, 20, 7, 10, 15, 6, 5, 21, 2, 16, 27, 29][9, 3, 11, 17, 12, 0, 18, 22, 19, 8, 26][23, 20, 24, 1, 14, 11, 17, 22, 25, 28][17, 22][6, 13][16, 27][16, 27][16, 27][20, 24][16, 27][20, 24][17, 22] 
[4, 20, 7, 10, 15, 6, 5, 21, 2, 16, 27, 29][9, 3, 11, 17, 12, 0, 18, 22, 19, 8, 26][23, 20, 24, 1, 14, 11, 17, 22, 25, 28][17, 22][6, 13][16, 27][16, 27][16, 27][20, 24][16, 27][20, 24][17, 22] 
[4, 20, 7, 10, 15, 6, 5, 21, 2, 16, 27, 29][9, 3, 11, 17, 12, 0, 18, 22, 19, 8, 26][23, 20, 24, 1, 14, 11, 17, 22, 25, 28][17, 22][6, 13][16, 27][16, 27][16, 27][20, 24][16, 27][20, 24][17, 22] 
[4, 20, 7, 10, 15, 6, 5, 21, 2, 16, 27, 29][9, 3, 11, 17, 12, 0, 18, 22, 19, 8, 26][23, 20, 24, 1, 14, 11, 17, 22, 25, 28][17, 22][6, 13][16, 27][16, 27][16, 27][20, 24][16, 27][20, 24][17, 22] 
[9, 3, 11, 17, 12, 0, 18, 22, 19, 8, 26][20, 7, 10, 15, 6, 5, 21, 2, 16, 27, 29][23, 20, 24, 1, 14, 11, 17, 22, 25, 28][17, 22][6, 13][4, 20][16, 27][17, 22][16, 27][16, 27][16, 27][16, 27] 
[4, 20, 7, 10, 15, 6, 5, 21, 2, 16, 27, 29][9, 3, 11, 17, 12, 0, 18, 22, 19, 8, 26][23, 20, 24, 1, 14, 11, 17, 22, 25, 28][17, 22][6, 13][16, 27][16, 27][16, 27][20, 24][16, 27][20, 24][17, 22] 
[4, 20, 7, 10, 15, 6, 5, 21, 2, 16, 27, 29][9, 3, 11, 17, 12, 0, 18, 22, 19, 8, 26][23, 20, 24, 1, 14, 11, 17, 22, 25, 28][17, 22][6, 13][16, 27][16, 27][16, 27][20, 24][16, 27][20, 24][17, 22] 
[4, 20, 7, 10, 15, 6, 5, 21, 2, 16, 27, 29][9, 3, 11, 17, 12, 0, 18, 22, 19, 8, 26][23, 20, 24, 1, 14, 11, 17, 22, 25, 28][17, 22][6, 13][17, 22][16, 27][17, 22][16, 27][17, 22][16, 27][16, 27] 
[8, 12, 17, 19, 22, 18][11, 14, 7, 20, 24][3, 9, 1, 23, 4][6, 13, 0, 26][28, 16, 2, 29][5, 21, 15, 10][25, 7, 27][0, 18][17, 28][25, 28][1, 14][10, 27] 
[8, 12, 17, 19, 22, 18][11, 14, 7, 20, 24][3, 9, 1, 23, 4][6, 13, 0, 26][28, 16, 2, 29][5, 21, 15, 10][25, 7, 27][0, 18][17, 28][25, 28][1, 14][10, 27] 
[8, 12, 17, 19, 22, 18][11, 14, 7, 20, 24][3, 9, 1, 23, 4][5, 21, 15, 10][28, 16, 2, 29][6, 13, 0, 26][25, 7, 27][10, 27][25, 28][1, 14][17, 28][0, 18] 
[8, 12, 17, 19, 22, 18][11, 14, 7, 20, 24][3, 9, 1, 23, 4][6, 13, 0, 26][28, 16, 2, 29][5, 21, 15, 10][25, 7, 27][0, 18][17, 28][10, 27][1, 14][25, 28] 
[8, 12, 17, 19, 22, 18][11, 14, 7, 20, 24][3, 9, 1, 23, 4][6, 13, 0, 26][28, 16, 2, 29][5, 21, 15, 10][25, 7, 27][0, 18][17, 28][25, 28][1, 14][10, 27] 
[8, 12, 17, 19, 22, 18][11, 14, 7, 20, 24][3, 9, 1, 23, 4][6, 13, 0, 26][28, 16, 2, 29][5, 21, 15, 10][25, 7, 27][0, 18][17, 28][10, 27][1, 14][25, 28] 
[8, 12, 17, 19, 22, 18][11, 14, 7, 20, 24][3, 9, 1, 23, 4][6, 13, 0, 26][28, 16, 2, 29][5, 21, 15, 10][25, 7, 27][0, 18][17, 28][10, 27][1, 14][25, 28] 
[8, 12, 17, 19, 22, 18][11, 14, 7, 20, 24][3, 9, 1, 23, 4][6, 13, 0, 26][28, 16, 2, 29][5, 21, 15, 10][25, 7, 27][0, 18][17, 28][10, 27][1, 14][25, 28] 
[8, 12, 17, 19, 22, 18][11, 14, 7, 20, 24][3, 9, 1, 23, 4][6, 13, 0, 26][28, 16, 2, 29][5, 21, 15, 10][25, 7, 27][0, 18][17, 28][10, 27][1, 14][25, 28] 
[8, 12, 17, 19, 22, 18][11, 14, 7, 20, 24][3, 9, 1, 23, 4][6, 13, 0, 26][28, 16, 2, 29][5, 21, 15, 10][25, 7, 27][0, 18][17, 28][10, 27][1, 14][25, 28] 
[8, 12, 17, 19, 22, 18][11, 14, 7, 20, 24][3, 9, 1, 23, 4][6, 13, 0, 26][28, 16, 2, 29][5, 21, 15, 10][25, 7, 27][0, 18][17, 28][25, 28][1, 14][10, 27] 
[8, 12, 17, 19, 22, 18][11, 14, 7, 20, 24][3, 9, 1, 23, 4][5, 21, 15, 10][28, 16, 2, 29][6, 13, 0, 26][25, 7, 27][10, 27][1, 14][25, 28][17, 28][0, 18] 
[8, 12, 17, 19, 22, 18][11, 14, 7, 20, 24][3, 9, 1, 23, 4][6, 13, 0, 26][28, 16, 2, 29][5, 21, 15, 10][25, 7, 27][0, 18][17, 28][25, 28][1, 14][10, 27] 
[8, 12, 17, 19, 22, 18][11, 14, 7, 20, 24][3, 9, 1, 23, 4][6, 13, 0, 26][28, 16, 2, 29][5, 21, 15, 10][25, 7, 27][0, 18][17, 28][10, 27][1, 14][25, 28] 
[8, 12, 17, 19, 22, 18][11, 14, 7, 20, 24][3, 9, 1, 23, 4][6, 13, 0, 26][28, 16, 2, 29][5, 21, 15, 10][25, 7, 27][0, 18][17, 28][25, 28][1, 14][10, 27] 
[8, 12, 17, 19, 22, 18][5, 21, 15, 10, 27][11, 14, 7, 20, 24][3, 9, 1, 23, 4][6, 13, 0, 26][28, 16, 2, 29][0, 17][17, 28][25, 28][7, 27][1, 14][7, 25] 
[8, 12, 17, 19, 22, 18][11, 14, 7, 20, 24][5, 21, 15, 10, 27][3, 9, 1, 23, 4][28, 16, 2, 29][6, 13, 0, 26][25, 28][7, 27][1, 14][17, 28][0, 17][7, 25] 
[8, 12, 17, 19, 22, 18][11, 14, 7, 20, 24][5, 21, 15, 10, 27][3, 9, 1, 23, 4][28, 16, 2, 29][6, 13, 0, 26][25, 28][7, 27][1, 14][17, 28][0, 17][7, 25] 
[8, 12, 17, 19, 22, 18][11, 14, 7, 20, 24][5, 21, 15, 10, 27][3, 9, 1, 23, 4][28, 16, 2, 29][6, 13, 0, 26][25, 28][7, 27][1, 14][17, 28][0, 17][7, 25] 
[8, 12, 17, 19, 22, 18][11, 14, 7, 20, 24][5, 21, 15, 10, 27][3, 9, 1, 23, 4][28, 16, 2, 29][6, 13, 0, 26][25, 28][7, 27][1, 14][17, 28][0, 17][7, 25] 
[8, 12, 17, 19, 22, 18][5, 21, 15, 10, 27][11, 14, 7, 20, 24][3, 9, 1, 23, 4][28, 16, 2, 29][6, 13, 0, 26][10, 29][7, 27][1, 14][17, 28][25, 28][0, 17] 
[8, 12, 17, 19, 22, 18][11, 14, 7, 20, 24][3, 9, 1, 23, 4][5, 21, 15, 10][28, 16, 2, 29][6, 13, 0, 26][25, 7, 27][10, 27][25, 28][1, 14][17, 28][0, 18] 
[8, 12, 17, 19, 22, 18][11, 14, 7, 20, 24][3, 9, 1, 23, 4][6, 13, 0, 26][28, 16, 2, 29][5, 21, 15, 10][25, 7, 27][0, 18][17, 28][25, 28][1, 14][10, 27] 
[8, 12, 17, 19, 22, 18][11, 14, 7, 20, 24][3, 9, 1, 23, 4][6, 13, 0, 26][28, 16, 2, 29][5, 21, 15, 10][25, 7, 27][0, 18][17, 28][25, 28][10, 27][1, 14] 
[8, 12, 17, 19, 22, 18][11, 14, 7, 20, 24][3, 9, 1, 23, 4][6, 13, 0, 26][28, 16, 2, 29][5, 21, 15, 10][25, 7, 27][0, 18][17, 28][10, 27][1, 14][25, 28] 
[8, 12, 17, 19, 22, 18][11, 14, 7, 20, 24][3, 9, 1, 23, 4][6, 13, 0, 26][28, 16, 2, 29][5, 21, 15, 10][25, 7, 27][0, 18][17, 28][25, 28][1, 14][10, 27] 
[8, 12, 17, 19, 22, 18][11, 14, 7, 20, 24][3, 9, 1, 23, 4][6, 13, 0, 26][28, 16, 2, 29][5, 21, 15, 10][25, 7, 27][0, 17][17, 28][25, 28][10, 27][1, 14] 
[8, 12, 17, 19, 22, 18][11, 14, 7, 20, 24][3, 9, 1, 23, 4][5, 21, 15, 10][28, 16, 2, 29][6, 13, 0, 26][25, 7, 27][10, 27][1, 14][25, 28][17, 28][0, 18] 
[8, 12, 17, 19, 22, 18][11, 14, 7, 20, 24][5, 21, 15, 10, 27][3, 9, 1, 23, 4][28, 16, 2, 29][6, 13, 0, 26][25, 28][7, 27][1, 14][17, 28][0, 17][7, 25] 
[8, 12, 17, 19, 22, 18][11, 14, 7, 20, 24][5, 21, 15, 10, 27][3, 9, 1, 23, 4][28, 16, 2, 29][6, 13, 0, 26][25, 28][7, 27][1, 14][17, 28][0, 17][7, 25] 
[8, 12, 17, 19, 22, 18][11, 14, 7, 20, 24][5, 21, 15, 10, 27][3, 9, 1, 23, 4][28, 16, 2, 29][6, 13, 0, 26][25, 28][7, 27][1, 14][17, 28][0, 17][7, 25] 
[8, 12, 17, 19, 22, 18][11, 14, 7, 20, 24][5, 21, 15, 10, 27][3, 9, 1, 23, 4][28, 16, 2, 29][6, 13, 0, 26][25, 28][7, 27][1, 14][17, 28][0, 17][7, 25] 
[8, 12, 17, 19, 22, 18][11, 14, 7, 20, 24][5, 21, 15, 10, 27][3, 9, 1, 23, 4][28, 16, 2, 29][6, 13, 0, 26][25, 28][7, 27][1, 14][17, 28][0, 17][7, 25] 
[8, 12, 17, 19, 22, 18][11, 14, 7, 20, 24][5, 21, 15, 10, 27][3, 9, 1, 23, 4][28, 16, 2, 29][6, 13, 0, 26][25, 28][7, 27][1, 14][17, 28][0, 17][7, 25] 
[8, 12, 17, 19, 22, 18][5, 21, 15, 10, 27][11, 14, 7, 20, 24][3, 9, 1, 23, 4][6, 13, 0, 26][28, 16, 2, 29][0, 17][17, 28][25, 28][7, 25][1, 14][7, 27] 
[8, 12, 17, 19, 22, 18][11, 14, 7, 20, 24][5, 21, 15, 10, 27][3, 9, 1, 23, 4][28, 16, 2, 29][6, 13, 0, 26][25, 28][7, 27][1, 14][17, 28][0, 17][7, 25] 
[8, 12, 17, 19, 22, 18][11, 14, 7, 20, 24][3, 9, 1, 23, 4][5, 21, 15, 10, 27][6, 13, 0, 26][28, 16, 2, 29][0, 17][17, 28][25, 28][7, 25][1, 14][7, 27] 
[8, 12, 17, 19, 22, 18][11, 14, 7, 20, 24][5, 21, 15, 10, 27][3, 9, 1, 23, 4][28, 16, 2, 29][6, 13, 0, 26][25, 28][7, 27][1, 14][17, 28][0, 17][7, 25] 
[8, 12, 17, 19, 22, 18][11, 14, 7, 20, 24][5, 21, 15, 10, 27][3, 9, 1, 23, 4][28, 16, 2, 29][6, 13, 0, 26][25, 28][7, 27][1, 14][17, 28][0, 17][7, 25] 
[8, 12, 17, 19, 22, 18][11, 14, 7, 20, 24][5, 21, 15, 10, 27][3, 9, 1, 23, 4][28, 16, 2, 29][6, 13, 0, 26][25, 28][7, 27][1, 14][17, 28][0, 17][7, 25] 
[8, 12, 17, 19, 22, 18][11, 14, 7, 20, 24][5, 21, 15, 10, 27][3, 9, 1, 23, 4][28, 16, 2, 29][6, 13, 0, 26][25, 28][7, 27][1, 14][17, 28][0, 17][7, 25] 
[8, 12, 17, 19, 22, 18][5, 21, 15, 10, 27][11, 14, 7, 20, 24][3, 9, 1, 23, 4][6, 13, 0, 26][28, 16, 2, 29][0, 17][17, 28][25, 28][7, 25][1, 14][7, 27] 
[8, 12, 17, 19, 22, 18][11, 14, 7, 20, 24][5, 21, 15, 10, 27][3, 9, 1, 23, 4][28, 16, 2, 29][6, 13, 0, 26][25, 28][7, 27][1, 14][17, 28][0, 17][7, 25] 
[8, 12, 17, 19, 22, 18][3, 9, 1, 23, 4][11, 14, 7, 20, 24][5, 21, 15, 10, 27][28, 16, 2, 29][6, 13, 0, 26][25, 7, 27][1, 14][25, 28][17, 28][0, 18][3, 9] 
[8, 12, 17, 19, 22, 18][3, 9, 1, 23, 4][11, 14, 7, 20, 24][5, 21, 15, 10, 27][28, 16, 2, 29][6, 13, 0, 26][25, 7, 27][1, 14][10, 29][17, 28][0, 17][2, 16] 
[8, 12, 17, 19, 22, 18][11, 14, 7, 20, 24][5, 21, 15, 10, 27][3, 9, 1, 23, 4][6, 13, 0, 26][28, 16, 2, 29][25, 7, 27][0, 17][17, 28][25, 28][1, 14][5, 21] 
[8, 12, 17, 19, 22, 18][3, 9, 1, 23, 4][11, 14, 7, 20, 24][5, 21, 15, 10, 27][28, 16, 2, 29][6, 13, 0, 26][25, 7, 27][1, 14][25, 28][17, 28][0, 17][10, 27] 
[8, 12, 17, 19, 22, 18][11, 14, 7, 20, 24][5, 21, 15, 10, 27][3, 9, 1, 23, 4][6, 13, 0, 26][28, 16, 2, 29][25, 7, 27][0, 17][17, 28][25, 28][1, 14][5, 21] 
[4, 23, 1, 9, 3, 24, 20][8, 12, 17, 19, 22, 18][5, 21, 15, 10, 27][28, 16, 2, 29][6, 13, 0, 26][7, 14, 11][25, 7, 27][25, 28][17, 28][0, 17][1, 14][3, 9] 
[8, 12, 17, 19, 22, 18][11, 14, 7, 20, 24][3, 9, 1, 23, 4][6, 13, 0, 26][28, 16, 2, 29][5, 21, 15, 10][25, 7, 27][0, 17][17, 28][25, 28][10, 27][1, 14] 
[8, 12, 17, 19, 22, 18][11, 14, 7, 20, 24][3, 9, 1, 23, 4][6, 13, 0, 26][28, 16, 2, 29][5, 21, 15, 10][25, 7, 27][0, 17][17, 28][25, 28][10, 27][1, 14] 
[8, 12, 17, 19, 22, 18][3, 9, 1, 23, 4][11, 14, 7, 20, 24][28, 16, 2, 29][6, 13, 0, 26][5, 21, 15, 10][25, 7, 27][1, 14][25, 28][17, 28][0, 17][10, 27] 
[8, 12, 17, 19, 22, 18][11, 14, 7, 20, 24][3, 9, 1, 23, 4][6, 13, 0, 26][28, 16, 2, 29][5, 21, 15, 10][25, 7, 27][0, 17][17, 28][25, 28][10, 27][1, 14] 
[8, 12, 17, 19, 22, 18][11, 14, 7, 20, 24][3, 9, 1, 23, 4][6, 13, 0, 26][28, 16, 2, 29][5, 21, 15, 10][25, 7, 27][0, 17][17, 28][25, 28][10, 27][1, 14] 
[8, 12, 17, 19, 22, 18][11, 14, 7, 20, 24][5, 21, 15, 10, 27][3, 9, 1, 23, 4][28, 16, 2, 29][6, 13, 0, 26][25, 28][7, 27][1, 14][17, 28][0, 17][7, 25] 
[8, 12, 17, 19, 22, 18][11, 14, 7, 20, 24][3, 9, 1, 23, 4][6, 13, 0, 26][28, 16, 2, 29][5, 21, 15, 10][25, 7, 27][0, 18][17, 28][25, 28][1, 14][10, 27] 
