118749.53403117703 10383.180330289933 0.053958566137389356 0.0 133.0 159.0 2.888910791589363 
113105.0 7768.2899115491955 0.22671804752729607 0.22607578676942838 127.0 77.0 0.0 
97377.64720816954 11449.495717705384 0.08670520231213873 0.0 111.0 140.0 2.260822510822511 
104095.0 10273.055540562133 0.24150217827505238 0.019910084299291326 93.0 92.0 0.8973214285714286 
117945.0 8797.936898803182 0.21515735388567758 0.0 116.0 93.0 0.24695652173913044 
89591.84352118317 11977.6078045276 0.08670520231213873 0.0 102.0 157.0 2.583581293659681 
130380.0 6804.90485669544 0.21001926782273603 0.07193320488118175 142.0 78.0 0.2575609756097561 
73340.0 7941.046291057937 0.09441233140655106 0.3262684649967887 84.0 74.0 0.0 
109130.96682014022 10567.935343807463 0.09505459216441875 0.0 117.0 117.0 1.5606271777003484 
105319.44672051995 9004.48206939453 0.1438664097623635 0.0 122.0 118.0 2.249504984679125 
99745.0 8114.227225725695 0.15928066795118817 0.007064868336544637 117.0 102.0 1.0014803204458378 
113294.45731386631 9418.22175460103 0.09762363519588953 0.0 139.0 147.0 2.7643181818181817 
111717.5 10252.793640607822 0.08156711624919717 0.0 120.0 144.0 2.4222840568716695 
87355.0 7848.190568678416 0.20423892100192678 0.16313423249839434 97.0 79.0 0.0 
112736.99547159373 12192.220039448002 0.09762363519588953 0.0 107.0 134.0 2.1522839457290677 
115035.0 8032.548289768349 0.34747519747352684 0.1457931920359666 127.0 78.0 0.0 
56320.0 8423.787008693673 0.18561335902376364 0.33204881181759793 62.0 79.0 0.0 
134960.0 7123.7639553429035 0.3757699824194911 0.018626469475701547 128.0 75.0 0.0 
68200.0 8493.623137642011 0.28644829800899163 0.2825947334617855 65.0 80.0 0.8070175438596491 
95197.97149009394 9779.935560605487 0.10725754656390495 0.0 133.0 152.0 2.2071350342331133 
101275.0 9294.331943170211 0.15992911619227232 0.024405908798972382 104.0 100.0 2.0838509316770186 
87317.73528183922 12413.676230461877 0.09698137443802184 0.0012845215157353885 90.0 137.0 2.08989898989899 
64755.0 7835.472589213672 0.12780989081567115 0.2691072575465639 71.0 79.0 1.2561827956989247 
106882.09347252647 9319.358545465753 0.10470690098253109 0.0 116.0 132.0 2.0911333501527767 
74440.0 9351.368139608443 0.16380495567905773 0.18304728598423678 81.0 84.0 0.5621212121212121 
89302.65441955422 9605.055272040898 0.26140012845215155 0.0 129.0 124.0 2.292361111111111 
88925.0 7954.972524414698 0.22093770070648683 0.1579961464354528 94.0 82.0 0.0 
70815.0 9064.236989999252 0.13808606294155426 0.19460500963391136 73.0 80.0 0.19166666666666665 
96015.0 7921.846886084488 0.21001926782273603 0.10404624277456648 90.0 79.0 0.0 
120055.0 7036.016767003708 0.19653179190751446 0.03468208092485549 126.0 79.0 0.0 
105403.57245675146 12320.01464767197 0.06551901570259862 0.0 109.0 163.0 2.7102231864245594 
102330.0 7234.30874405531 0.38985228002569045 0.08092485549132948 114.0 86.0 1.8307843137254902 
93544.99999999999 10668.9145514983 0.0905587668593449 0.0 127.0 162.0 2.697571288609292 
167295.0 7254.9456179066865 0.35773924213230573 0.04046242774566474 156.0 74.0 0.0 
127634.63292717948 9243.722436027216 0.16506101477199744 0.0 139.0 117.0 1.4261692969870876 
158125.0 6770.868231265475 0.34296724470134876 0.10982658959537572 139.0 72.0 0.0 
95545.9174175099 11416.12096714737 0.10533076429030186 0.0 111.0 138.0 1.7150398484968044 
179435.0 7532.7014502441925 0.34365224034329805 4.867486796942064E-6 164.0 93.0 0.6361111111111111 
83425.0 8389.498941171949 0.23892694191067007 0.22864482980089917 76.0 79.0 0.0 
124870.0 7126.163083529942 0.18754014129736674 0.1001926782273603 134.0 80.0 0.0 
80275.0 9313.050975147531 0.4110468850353243 0.11303789338471419 89.0 68.0 0.0 
80575.0 6966.689851863566 0.12074502247912652 0.29736673089274246 90.0 79.0 1.08 
120675.0 8676.930037906994 0.1907623370392212 0.003211306672167192 136.0 98.0 0.18614718614718614 
91476.42831363401 12907.227577532265 0.08606294155427104 0.0 98.0 141.0 1.6812468577174458 
114651.17390175868 11361.966836448546 0.08478931199105164 2.88282872063298E-9 120.0 139.0 1.7571392836723025 
123100.0 9483.516629540049 0.0674373795761079 0.0 140.0 157.0 2.792888064316636 
72794.23636956184 11735.277523878212 0.12846304352605484 0.17469492902284156 65.0 97.0 1.0654761904761905 
60815.0 8351.296698633534 0.26204238921001927 0.3262684649967887 60.0 77.0 0.0 
163940.00000000003 6041.0011745391785 0.21001926782273603 0.0 179.0 102.0 1.4733333333333334 
92665.0 8870.246910491818 0.224791265253693 0.04174694926140013 93.0 74.0 0.0 
98242.8278843082 9941.224324442792 0.16507141133339212 0.03789338471419396 102.0 120.0 1.5201375859912445 
138625.0 7097.93656834151 0.3693131357381193 0.007064868336544637 139.0 85.0 0.36015325670498083 
53160.0 9421.903172697947 0.147077713551702 0.3583815028901734 52.0 72.0 0.21195652173913043 
99691.93479007998 12215.104878894006 0.07771355170199101 0.0 96.0 138.0 1.643197936814958 
59325.0 9694.41510654893 0.1438664097623635 0.28387925497752087 63.0 75.0 0.1856060606060606 
170925.0 7277.844551282055 0.3892100192678227 0.012845215157353885 158.0 76.0 0.0 
140705.0 7621.301906968454 0.35452793834296725 0.12588310854206808 126.0 69.0 0.0 
200050.0 7060.148249771641 0.3622350674373796 0.006422607578676943 169.0 91.0 1.0393162393162394 
117105.64351104565 11897.033725614965 0.09445787128302414 6.269982992671132E-6 103.0 121.0 1.2950700214419726 
87216.74458490255 14317.137198341623 0.0937834356124309 0.0 89.0 153.0 2.7540759097430545 
91178.38708906723 10398.048023739331 0.16249197174052665 0.00449582530507386 87.0 94.0 0.8273809523809523 
93837.40404972044 13311.718387587458 0.0937821156160114 0.0 90.0 137.0 2.285064935064935 
77125.0 9159.617248062015 0.3295115311999716 0.12395847126264671 72.0 71.0 0.0 
85210.0 7020.913320100201 0.2524084778420039 0.22029543994861914 93.0 84.0 1.121212121212121 
114270.0 5850.839772277863 0.22286448298008993 0.0 132.0 81.0 1.1176470588235294 
85760.92647217878 10689.423336830769 0.22157996146435452 0.023121387283236993 84.0 94.0 0.5621212121212121 
132608.91703497828 10981.447085818183 0.10791531727970188 0.0 121.0 115.0 1.9924192969870875 
72170.0 6256.528994626237 0.17021312579689626 0.24410809285679813 100.0 91.0 1.965079365079365 
96462.66379422789 13422.036566235283 0.08093723045776238 0.0 91.0 151.0 2.3642858266106836 
85050.25877498159 13718.236553144465 0.09313977542125597 7.101017506596006E-10 95.0 152.0 1.9490705487122062 
95000.0 6180.490213695937 0.25626204238921 0.11046885035324341 116.0 81.0 1.08 
143820.0 7260.770196417701 0.36608863198458574 0.035324341682723186 150.0 77.0 0.0 
102096.56261337727 12699.946484299897 0.04816955684007707 0.0 101.0 162.0 3.38866930171278 
110995.0 6440.417191466402 0.21710080111407695 0.008350462349370875 130.0 83.0 1.1111111111111112 
60705.0 11016.799095031132 0.07257546563904946 0.31920359666024406 58.0 99.0 1.4208333333333334 
149380.0 7251.358695652177 0.3686576750160565 0.014771997430956968 140.0 77.0 0.0 
118455.0 6203.851037650334 0.14193962748876043 0.12267180475272961 136.0 99.0 1.9256410256410257 
104165.0 6198.295674847632 0.21644187540141296 0.038535645472061654 116.0 79.0 0.0 
175740.0 6788.855205608491 0.2594733461785485 0.0 190.0 94.0 0.0 
82320.4151266109 10454.538063301146 0.2537114812896674 0.03600307022450856 83.0 87.0 0.1856060606060606 
146810.0 8479.379708431228 0.09185434476537067 0.0038535645472061657 136.0 116.0 2.252622059910439 
156185.0 5726.98858216505 0.22607578676942838 0.021836865767501604 173.0 82.0 1.0434782608695652 
77670.0 7176.222513192694 0.39824110477100333 0.23704685451040713 93.0 83.0 1.6666666666666665 
108455.0 6353.562540996041 0.2241490044958253 0.1926782273603083 117.0 77.0 1.08 
134550.0 5501.747722078693 0.21066152858060372 0.0 144.0 81.0 1.0512820512820513 
75420.0 7159.518854867386 0.13808606294155426 0.21836865767501606 89.0 85.0 1.584490740740741 
45105.0 9734.579279416237 0.16955684007707128 0.4290301862556198 45.0 75.0 0.0 
50780.0 9476.187075024285 0.13808606294155426 0.37572254335260113 49.0 71.0 0.0 
62945.0 10165.485380616408 0.14454885075153046 0.2658959566396839 65.0 78.0 0.16586921850079744 
62610.0 6895.505466394773 0.16570327552986513 0.3153500321130379 74.0 91.0 1.4444444444444444 
82809.72515056477 12489.436292618655 0.18498900071733557 0.011560693641618497 76.0 101.0 0.4098982098982099 
80425.0 11622.297006399946 0.18563010919163167 0.04303658647336966 85.0 80.0 0.23444976076555024 
48755.0 8352.262658787922 0.30700064226075785 0.40976236351958895 55.0 71.0 0.0 
129958.11937000748 10677.462551977513 0.07450224791265253 0.0 124.0 124.0 2.6145403377110696 
90425.0 6300.687998962256 0.3018625561978163 0.12780989081567115 107.0 75.0 1.08 
197725.0 6219.947377996392 0.356497455500652 0.006427475065473885 179.0 92.0 0.9444444444444444 
126665.0 5179.047184458455 0.14065510597302505 0.03789338471419396 141.0 79.0 0.0 
52355.0 6920.783132530118 0.10918432883750803 0.3815028901734104 66.0 79.0 1.0666666666666667 
140536.16176161583 10772.02022400407 0.046242774566473986 0.0 121.0 137.0 2.9664634146341466 
75875.0 11507.574595053271 0.12012487330409581 0.1747173660791445 78.0 110.0 1.6061958874458875 
122615.0 5645.443888363501 0.1785689506317214 0.029547789851620026 145.0 83.0 0.2625 
68560.0 11599.474055199817 0.1721386723859899 0.17469492614001284 66.0 87.0 0.3116883116883117 
173930.0 5699.973861168857 0.35773924213230573 0.028901734104046242 180.0 76.0 1.0444444444444445 
58470.0 7431.39972777064 0.14450867052023122 0.3615928066795119 66.0 85.0 1.1111111111111112 
46300.0 7993.559000212788 0.1579961464354528 0.4932562620423892 55.0 71.0 0.0 
42785.0 9539.62471791157 0.16377649325626203 0.457931920359666 44.0 76.0 0.0 
65055.265959700904 11289.354640674392 0.13681985853798342 0.2517969109430756 65.0 103.0 1.1258234519104082 
159070.0 4558.469236471458 0.4258188824662813 0.0 185.0 81.0 1.0625 
205940.0 6970.385607257171 0.3680680491154168 0.024409043790468717 170.0 81.0 0.900228832951945 
39900.0 8794.672035480859 0.1252408477842004 0.38599871547848424 49.0 65.0 0.0 
192065.0 5066.794906833013 0.33269107257546565 0.03789338471419396 175.0 85.0 0.4444444444444444 
150865.0 5127.868778999426 0.3622350674373796 0.03789338471419396 159.0 77.0 0.0 
