91400.0 10161.012027746516 0.14515093127809892 0.009633911368015413 89.0 93.0 1.2666666666666666 
112940.0 8766.018237988728 0.16634553628773283 0.006422607578676943 134.0 107.0 1.7218495934959348 
170530.0 7256.063587245074 0.37764932562620424 0.026332691072575465 163.0 77.0 0.0 
161200.0 7498.740706219858 0.3873310043646507 9.487474265226056E-6 171.0 90.0 0.1507177033492823 
116246.36292521868 10194.471698317579 0.1503053522967319 0.0 125.0 129.0 1.4088708220415538 
72740.0 8255.386330279885 0.224791265253693 0.23892100192678228 81.0 78.0 0.17407407407407408 
83655.0 8261.08033118024 0.27167630057803466 0.1001926782273603 91.0 83.0 1.3181818181818181 
137415.0 7419.6180029612 0.32178666645544146 0.10661528580603725 135.0 77.0 0.0 
111912.5 11940.700913941124 0.07578676942838793 0.0 105.0 127.0 2.426093469538592 
72655.0 6573.555092109658 0.19974309569685292 0.262684649967887 83.0 87.0 1.5176470588235293 
87940.0 8879.359078003 0.17599941260159332 0.009633911368015413 85.0 79.0 1.0857142857142856 
103872.83382601474 11205.321434552374 0.10918432883750803 0.0 108.0 136.0 2.4353832442067738 
106549.85742032244 10367.071492691628 0.07514450867052024 0.0 117.0 133.0 2.3681150409873815 
166930.0 7268.247322696673 0.41816843787129143 0.030186915829936864 156.0 76.0 0.0 
86736.4267584838 10666.103706700422 0.14003083401318356 2.1194547519423763E-10 98.0 121.0 1.6562695924764892 
101827.89237178623 8416.58225180549 0.2119460500963391 0.023763648041104687 111.0 93.0 0.6547619047619048 
108144.061910523 8555.178933950845 0.178571425625008 0.0 155.0 138.0 2.7166372599896214 
112260.0 7195.121862119625 0.2209490047336281 0.12010276172125883 130.0 74.0 0.13573700954400847 
155350.0 5747.720502738311 0.3917790622992935 0.006422607578676943 163.0 81.0 1.1081081081081081 
95000.0 6210.065027535572 0.25626204238921 0.11046885035324341 116.0 81.0 1.0512820512820513 
134710.0 9126.936638291338 0.08285163776493257 0.0 129.0 129.0 2.9605110336817653 
92106.49061052453 12534.155510708371 0.09890815671162492 0.0 88.0 130.0 2.5667887667887666 
120400.0 7387.197014103266 0.43417784510113355 0.08477842582520931 134.0 75.0 0.0 
110660.0 7984.15512936106 0.170199100834939 0.006422607578676943 127.0 110.0 1.5053763440860215 
75095.0 6864.475236500676 0.28263466335347565 0.2518007844903721 87.0 83.0 1.1852631578947368 
97491.04160936532 11178.99894207352 0.0892742453436095 0.0 121.0 159.0 2.6365965120195076 
138150.0 5930.495312088855 0.38792549775208734 0.006422607578676943 155.0 86.0 1.9 
77200.0 6819.4217853760965 0.12076053877505312 0.29740492828913195 90.0 78.0 1.0476190476190477 
95604.4803050955 10162.938533874187 0.1059910924991616 4.867486796942064E-6 110.0 144.0 2.6331756827183654 
127569.99999999999 8819.003071156547 0.14774035382076425 8.2499776219357E-7 136.0 116.0 2.2212322695035462 
89277.92326683956 12246.272815711673 0.10340398201669879 0.0 88.0 130.0 2.5393939393939395 
93688.64566461465 10056.607769289314 0.07452411232444359 4.504925448983168E-5 122.0 139.0 2.5115501519756838 
79600.0 7797.403969123091 0.24855491329479767 0.11432241490044959 88.0 76.0 0.0 
88079.62795746114 14251.683455550778 0.07836587872572028 2.7224852304975932E-15 87.0 155.0 2.2706513435413695 
159070.0 4558.469236471458 0.4258188824662813 0.0 185.0 81.0 1.0625 
177970.0 6671.8343732057665 0.35200484768685064 3.712489929871065E-6 178.0 87.0 2.0444444444444443 
59175.0 9155.640564416237 0.30057803468208094 0.29543994861913936 72.0 86.0 0.8966861598440545 
96700.0 7867.71194453199 0.1573538856775851 0.10083493898522801 107.0 79.0 0.0 
95050.0 12635.570899996344 0.07129094412331406 0.0 94.0 142.0 1.9516965765650898 
98415.0 7328.348349553475 0.2132305716120745 0.0 110.0 88.0 1.2481481481481482 
67950.0 8926.043982456513 0.20683453258560783 0.2652877693491222 69.0 78.0 0.20526315789473684 
100457.24153720714 10488.28833038336 0.07385998715478484 0.0 114.0 138.0 2.339075630252101 
85304.11396884105 13480.984392937367 0.0789980732177264 0.0 90.0 144.0 2.504978354978355 
67632.35731849828 11845.485801789204 0.10277467541947503 0.19077595066803693 62.0 99.0 1.0606060606060606 
142595.0 7192.282972710644 0.3384850318593511 0.10789980732177264 137.0 72.0 0.0 
84631.84069209977 11403.376103052593 0.15542710340398203 0.0 93.0 125.0 2.6683229813664595 
92480.0 8023.435645358524 0.21515735388567758 0.07450224791265253 115.0 82.0 0.0 
81460.0 7151.37909461616 0.35904372859388617 0.262684649967887 82.0 83.0 1.5866666666666667 
90260.0 8576.62283958498 0.36416184971098264 0.010276172125883108 102.0 68.0 0.2523809523809524 
70100.0 9817.481688721531 0.18691726987347582 0.20490312951954254 74.0 77.0 0.0 
85380.0 9496.948649081603 0.19845857418111754 0.05973025048169557 84.0 80.0 0.2624338624338624 
132220.23585289103 8726.152663444715 0.1464354527938343 0.0 136.0 115.0 2.7138443670150987 
129310.0 7523.445003179431 0.45409584917780604 0.04560051818578674 144.0 76.0 0.0 
122615.0 5761.050291271603 0.20425030792116533 0.02954399796731399 143.0 81.0 1.0512820512820513 
130780.0 6152.304184864277 0.26140012845215155 0.023763648041104687 138.0 77.0 1.0769230769230769 
65800.0 7670.490786676119 0.11303789338471419 0.35773924213230573 78.0 69.0 0.0 
153390.0 5838.6469019714605 0.371868978805395 0.07385998715478484 162.0 73.0 1.0454545454545454 
124885.0 7168.190829442989 0.35260115606936415 0.048811817597944764 141.0 75.0 0.0 
56270.0 9745.340733092413 0.3346178548490687 0.3378291586384072 59.0 71.0 0.0 
149570.0 7110.073887532437 0.4245343609505459 0.02569043031470777 141.0 77.0 0.0 
115750.0 7505.8989014328345 0.14841280743025984 0.006423432576439137 114.0 88.0 1.0606060606060606 
118465.0 7151.339219468763 0.22157996146435452 0.03982016698779704 123.0 79.0 0.0 
190195.0 5610.963145518246 0.3789338471419396 0.023763648041104687 163.0 88.0 1.6560386473429953 
62338.20923672646 8639.246374485687 0.17599644260964942 0.3185959033086123 68.0 102.0 1.6866666666666668 
94365.0 8179.595339588022 0.14581192194391016 0.06359198281406839 99.0 82.0 0.5376811594202899 
103640.0 6993.159444217505 0.1946272845734906 0.030828516377649325 128.0 87.0 1.2424242424242424 
83345.10986277486 12801.725666642329 0.11368015414258188 0.0 83.0 114.0 1.5885822510822512 
77365.0 10615.712475242264 0.15094596500919547 0.17086330963868107 79.0 97.0 1.1381340579710144 
105873.00505050505 8893.015261857947 0.13810891537956702 0.0 126.0 107.0 1.9144984802431613 
63915.0 10080.302548932903 0.19781631342324985 0.224791265253693 67.0 74.0 0.0 
81315.0 10232.290783908258 0.22738828036150532 0.028263109292000054 97.0 102.0 0.7148973607038123 
88740.0 7266.79086882795 0.35067437379576105 0.010276172125883108 110.0 71.0 1.1142857142857143 
86895.0 6378.378284603424 0.1978344649321536 0.1579969714332286 107.0 81.0 1.0434782608695652 
106885.0 5633.134649002715 0.14065510597302505 0.03789338471419396 125.0 79.0 0.0 
123266.30655805889 8421.315717797761 0.09442446149144737 1.0597273759711881E-10 153.0 148.0 2.980253623188406 
53575.0 8884.624920660108 0.1702144457933158 0.35070844620333963 58.0 75.0 0.0 
70275.0 6860.455075340374 0.31085420680796405 0.2691072575465639 84.0 79.0 1.08 
81166.11965917498 14193.044396254352 0.1091983556118537 2.041863922873195E-14 83.0 142.0 1.6937229437229435 
157865.0 6139.76703746619 0.4829800899165061 0.023763648041104687 152.0 77.0 1.1081081081081081 
128825.0 5345.329872770434 0.1233140655105973 0.03789338471419396 151.0 87.0 0.43687943262411344 
191665.0 6894.6783510380155 0.3346178548490687 0.03596660244059088 175.0 87.0 0.4444444444444444 
84214.09173210789 15278.961591048617 0.07578676942838793 0.0 80.0 146.0 2.5798573975044565 
173930.0 5717.171011588777 0.35773924213230573 0.028901734104046242 180.0 79.0 1.1111111111111112 
74440.0 9980.214849135085 0.1291086847926925 0.23895919932317183 77.0 98.0 1.9791666666666665 
145000.0 5738.297625612439 0.14900449582530506 0.006422607578676943 160.0 96.0 2.2855072463768114 
90425.0 6285.072055361438 0.3018625561978163 0.12780989081567115 107.0 83.0 1.2564102564102564 
56830.0 6788.021443737109 0.13102119460500963 0.3519588953114965 75.0 91.0 2.15 
151875.0 7241.59063103433 0.33590237636480413 0.06679511881824021 148.0 76.0 0.0 
91024.44246847309 14610.56114254576 0.10083493898522801 0.0 82.0 133.0 2.6954545454545458 
60798.247663547765 11086.443778983685 0.11946050096339114 0.26525369299935775 55.0 93.0 1.0458937198067633 
135800.0 6261.640584160285 0.15865449464968326 0.006422607578676943 152.0 98.0 2.120032051282051 
51520.0 9877.798507462687 0.28195247270391777 0.36095054592164416 53.0 73.0 0.0 
126665.0 5179.047184458455 0.14065510597302505 0.03789338471419396 141.0 79.0 0.0 
98284.99999999999 14263.659300584099 0.06101477199743096 0.0 88.0 148.0 2.1195974878040094 
110575.0 6055.734112911768 0.27681438664097624 0.01348747591522158 144.0 78.0 1.0434782608695652 
75455.0 12366.262096006056 0.11433759658662956 0.17086553713224015 74.0 107.0 1.7768308080808082 
80003.7521217598 11560.667152863858 0.17533718689788053 0.030828516377649325 82.0 111.0 1.6999443826473861 
164310.0 5725.238926810833 0.3937058445728966 0.006422607578676943 172.0 80.0 1.0606060606060606 
52355.0 6920.783132530118 0.10918432883750803 0.3815028901734104 66.0 79.0 0.0 
133045.0 5314.305048044389 0.3622350674373796 0.03789338471419396 150.0 76.0 0.0 
95419.99999999999 14604.27581697638 0.0828603002414356 0.0 84.0 140.0 1.9779385875244195 
72630.0 11949.639358243312 0.11818942691117951 0.18820657448966668 68.0 97.0 1.1272727272727274 
49895.0 8006.17025585248 0.13423249839434812 0.394990366088632 53.0 77.0 0.0 
67955.0 6719.169460441161 0.15542710340398203 0.2832369942196532 90.0 96.0 2.412820512820513 
39900.0 8794.672035480859 0.1252408477842004 0.38599871547848424 49.0 65.0 0.0 
140970.0 5710.265241081527 0.45536287732819525 0.0 166.0 78.0 0.0 
43425.0 9496.724122858308 0.22286448298008993 0.43288375080282593 44.0 70.0 0.0 
46300.0 7993.559000212788 0.1579961464354528 0.4932562620423892 55.0 71.0 0.0 
78506.21307200816 13402.705501413764 0.12011365309073962 0.009633911368015413 81.0 120.0 1.0725108225108224 
47800.0 9578.680344908747 0.12267180475272961 0.38856775850995506 45.0 72.0 0.33695652173913043 
114270.0 5042.276094188431 0.20104535798142215 0.0 146.0 91.0 2.2608695652173916 
150865.0 5127.868778999426 0.3622350674373796 0.03789338471419396 159.0 77.0 0.0 
