0.0 0.5076841927819871 0.0 
0.5029498913217907 0.0 0.0 
0.0 0.048395370219433693 55.06660535468983 
0.0 0.5076841927819871 0.0 
2.6132115782305008E-18 0.0 0.5016655164225554 
0.5029498913217907 0.0 0.0 
6.704758912227641E-21 4.5859098595896484E-18 0.8816570397566554 
0.4072544825170533 0.03132299849704295 0.06316706605359843 
0.22357636099920783 0.1638697730821644 0.1143869704867219 
0.2623378891061639 0.23613763599701187 0.003896707183298085 
0.23466247623886047 0.21122622654718734 0.05822722576376044 
0.01786559454133524 0.2432275348518554 0.2523024946824832 
0.018822042141786274 0.25992051584295295 0.23435586865911462 
0.01992266639606513 0.43411340295284184 0.05810921715466614 
0.3985150874445491 0.05111065164257471 0.053117451860827544 
0.05515016337130713 0.45629126872384923 0.0010781511451771594 
0.13887826219643845 0.2061286629391199 0.1647140548905816 
0.2741256668912954 0.18740108307565728 0.04456295585718886 
0.04910846844957568 0.4208528904444817 0.031615542734373156 
0.4211132380921367 0.015375032566833615 0.06803715479784364 
0.26989702776640495 0.22977710598064002 0.002262305627050075 
0.028781728162179165 0.3386957855808428 0.14237850890393713 
0.13218138781532107 0.19618889453894783 0.18107412522621447 
0.018315454978630602 0.4451169212677809 0.05070987314869888 
0.19968221714698162 0.15658934562133994 0.14559286518965447 
0.010282264668448799 0.47768027797259177 0.020490275568429535 
0.09332067889249789 0.32685270109697745 0.0846512088745855 
0.005212978696890734 0.37085217966934597 0.1306188102276979 
0.33504525250577605 0.08671025178671148 0.08075080445329907 
0.3127951987462265 0.1777914611236321 0.0145974750983361 
0.30773287572498204 0.07964176462014477 0.11444214481101221 
0.015032491230020293 0.2671012933955005 0.22037351361555155 
0.2924464252535807 0.17258823331802026 0.050482561176239414 
0.3507278252833641 0.1472946475162594 0.01861720894276847 
0.35951805239492035 0.06271846954644507 0.08084290179810619 
0.37945696803032736 0.044632752996648956 0.07927537575345137 
0.008514710450799537 0.48995077049169455 0.0038966286655953944 
0.07886571593095655 0.21945704910494832 0.20447183538303784 
0.46735227834708004 0.03724425179620172 7.127383944192369E-4 
0.07164328004919987 0.2758557718358228 0.16509208641989553 
0.08203334805692962 0.23446374035790382 0.19281993883807516 
0.0989207737914473 0.3327221419318378 0.07311605914249665 
0.2172144853861084 0.2905249823068825 0.0 
0.2503243085992175 0.027526320675501554 0.22398081345315413 
0.06469946639226018 0.022988136748488604 0.42465040918710173 
0.47349424537189577 0.01721867706026913 0.01460123205864482 
0.43075771539938673 0.009033323144917504 0.06826974843399915 
0.4547693021391303 0.049827228004151486 7.127383944192369E-4 
0.34745658838566335 0.0738009419892875 0.08065546060116535 
0.004373961467425189 0.49533876875427535 0.002262480374982578 
0.04505811097640117 0.2975981285050172 0.16316021831838262 
0.239285189898593 0.04072705042511264 0.22254062363305616 
0.15774876960440465 0.015406844911520178 0.3367384438124387 
0.442503523670976 0.03526400409258069 0.0325183049403257 
0.022103836292092578 0.28826894919628804 0.19249959603043415 
0.165163135131833 0.06774031338657452 0.2695113096159317 
0.36252789077691255 0.13842202968796552 0.009324938579911743 
0.44383580752686996 0.003457565772438564 0.0694343526698815 
0.11014554413703587 0.09011845020939332 0.3119350726394781 
0.17371485678674017 0.09980562687144726 0.22881449863954847 
0.1913061635413423 0.001594265787502122 0.30980184793391163 
0.12320959602899474 0.11734162340415773 0.28064560942997124 
0.20097152457063197 0.11526748642701291 0.1869528231030238 
0.07415263251115388 0.056151914637053504 0.3722627400805089 
0.4900654208578576 0.0064070408644778054 0.009262262675774454 
0.20547061499505145 0.15080082622423077 0.1455928155177897 
0.13073768006069486 0.10696644338497331 0.2836971429136762 
0.035710085754228425 0.46400221440400596 0.0022624784278435658 
0.3732568761259218 0.015339326529109598 0.11459805206969412 
0.3700374477847819 0.1355716832900014 0.007978226307100104 
0.0317989503539913 0.39935172007983183 0.07121750165354052 
0.08114424433022334 0.3924379863683414 0.028108335889088468 
0.32585087295109555 0.0973900897135552 0.08182502310627375 
0.04851714442456812 0.3801024076626778 0.07387058902628553 
0.14833149161622658 0.13345954879088315 0.22088209219678226 
0.044072670348667464 0.3870788917639983 0.07121764894112187 
0.1642372934634921 0.09436041529779439 0.24438513466883507 
0.11183609821175136 0.3191158880396899 0.07851070745410078 
0.00833246888533798 0.47186937481661106 0.03982234717144208 
0.1154445537085547 0.32995802935742996 0.0563389663781828 
0.4589016470874254 0.03657080383616484 0.00836035654594903 
0.18224425789473625 0.10470608409294235 0.22512637847864664 
0.32192110537172286 0.16880845675938064 0.014601727175228228 
0.058496143343297086 0.3863531427858553 0.05890999273473835 
0.3448054575508714 0.14977642196863794 0.015209133882928825 
0.18597776416980974 0.10191552794348582 0.22586616831613443 
0.24921937068046188 0.10466429154557247 0.1647773828955253 
0.0022842580746675997 0.36001484736393374 0.14805606264667295 
0.10330555566044407 0.098385531635153 0.31950574156752665 
0.2709608839140445 0.17988128463831526 0.05256486157153225 
0.3369630555463179 0.14151387747064745 0.0318940762647968 
0.11450460867326684 0.12127324054174529 0.2750766275014587 
0.052515727721845575 0.05957723932728035 0.39076177274103313 
0.06532142090807884 0.2825819312980045 0.16528416401890503 
0.28383893039864394 0.1683759927652465 0.05272491460374638 
0.27940715785188197 0.1277985674776265 0.09587949470900381 
0.035788280763374335 0.30670069498848057 0.16308057352138836 
0.23913892542378162 0.217765034199782 0.04468095818924995 
0.03537984170343237 0.4142762496190733 0.05312103758393369 
0.036080218492064865 0.4070974038543308 0.05935745836571147 
