6.664260364651758E-18 1.0 0.49937581485112076 0.49976725260207716 0.4997015306441135 0.49962880452304137 0.4990269052874001 
6.664260364651758E-18 1.3013252974331376E-15 0.4994159878736366 0.5002952953683203 0.4997447128873112 0.5002896596652608 0.4993813035331293 
1.0 1.0 0.49958813223453935 0.5002898196629346 0.4997011842070594 0.49955732810104897 0.49984315414940633 
0.9999999999999595 3.388773237572705E-17 0.4993907027109638 0.49941749353205583 0.49921785464782237 0.49955742465229963 0.5003228111288234 
6.664260364651758E-18 1.0 0.49937581485112076 0.49976725260207716 0.4997015306441135 0.49962880452304137 0.4990269052874001 
1.0 1.0 0.49958813223453935 0.5002898196629346 0.4997011842070594 0.49955732810104897 0.49984315414940633 
0.9897916713122143 3.388773237572705E-17 0.4998389715789995 0.49941749353205583 0.49921785464782237 0.499663570333706 0.5003099544947532 
0.25177634272185406 0.30585686002939433 0.4995929961304355 0.500294343559119 0.5001195351529025 0.4996443527594139 0.49986303522654957 
1.0 7.814934773011234E-4 0.49990934974691376 0.5002777359857352 0.5000994165901966 0.49953259725382493 0.4998407930843637 
0.4754245105330061 1.0 0.4993973038924385 0.49976725260207716 0.4997013820683078 0.49962880452304137 0.4990269052874001 
6.664260364651758E-18 0.992160634878594 0.4993949896528463 0.49976725260207716 0.4997015306441135 0.49962880452304137 0.49988806281500153 
6.664260364651758E-18 0.9998699969834558 0.49937581485112076 0.4997672538559721 0.4997453968457151 0.4996291744438217 0.49901842791540735 
0.8762701605491946 0.30841078861128707 0.4995818463175642 0.500294225663317 0.5001186554375846 0.4996443527594139 0.49986303522654957 
0.1335660671459455 0.7828323726123924 0.4998244751672049 0.49976715685067014 0.5000915646306899 0.500282110528978 0.49986330158144815 
0.604958449968758 0.32966423640154197 0.49986308247322436 0.5002972699207757 0.5001061049168549 0.5003099179807204 0.49985024693190355 
5.395361552947286E-4 0.9827910046383196 0.4998534611452094 0.5003107953539033 0.5001142882417053 0.49963216486661993 0.4998025475839837 
0.4215607066912245 0.4835379639301487 0.4995657031476122 0.5002970711273028 0.5001115105967592 0.5002646003111736 0.5002517207575726 
0.6246498570404004 0.9823311337663224 0.499871751529408 0.5002972699207757 0.5001014525944105 0.5003036752999989 0.499843345605091 
0.9630693613898675 0.8370151576384938 0.5001441868393829 0.5002972787897962 0.49984487039936915 0.5002971161722514 0.5002630246570802 
0.9999999999999595 3.388773237572705E-17 0.4993907027109638 0.49941749353205583 0.49921785464782237 0.49955742465229963 0.5003228111288234 
0.7383899100209783 0.545111247516117 0.5001275972481097 0.5003053878720837 0.4997833398298777 0.4995502665187483 0.4998576943084751 
0.6542345143654454 0.560825934930699 0.49983890845230505 0.5003057504964481 0.49979989170905936 0.5002748238810664 0.499869941868766 
0.5841710514774251 0.2863014228533397 0.49986309073074364 0.5003050254272029 0.4997243878595075 0.49961902827380444 0.4998576943084751 
0.9458407928158458 0.6589530570068194 0.5002858386752056 0.5002712093458687 0.4998641935923738 0.4996208340901603 0.499866811298315 
0.9997055086381657 0.9375292286752936 0.49983082577213167 0.5003052382858246 0.4998498452718215 0.4996093509222552 0.4998783792284697 
0.918235918242449 0.15368357210752978 0.49984961375647846 0.5003156962563673 0.49980043948377784 0.499543870305581 0.4998343241369015 
0.8575907348688785 0.05623511902767803 0.5004610886244979 0.5002778552970277 0.500100165892778 0.49953303981088293 0.4998682275395228 
0.7763873857752874 0.28054766200498593 0.4998110809946212 0.499809180292511 0.5000940007905881 0.500237527488418 0.499873412484779 
0.8686997455129282 0.8064173665508612 0.4995919446905357 0.4997430719048237 0.49984516587686034 0.4995554266621626 0.49987646129131347 
0.7700059367522614 0.12485664446742734 0.4998090584817837 0.5003331364889376 0.5000080449295955 0.4996239955787119 0.49986476406854474 
0.9288490085296212 0.5241291104690426 0.49990893411881066 0.4994641268408283 0.49966427100439964 0.4996461271037445 0.4998270888102597 
0.8182725976695179 0.9304513473368164 0.4998209020330052 0.4997552556472202 0.49979245964565316 0.49951771563022745 0.49986264369006933 
0.11902412499627607 0.30585686002939433 0.4995929961304355 0.500294343559119 0.5001195351529025 0.4996443527594139 0.49986303522654957 
0.5858847890642559 0.8237799102118366 0.4998475192258661 0.5002952651012612 0.4997002059255726 0.4996214917710559 0.4993687602657259 
0.9360382895232813 0.17360881005954476 0.49991836980636295 0.5002969704403091 0.4998630124952668 0.4996461271037445 0.4998421633118111 
0.8010852227179857 0.2863014228533397 0.4998518802935528 0.5003052245504133 0.4998691625236254 0.49954592082414595 0.4998576943084751 
0.8632047804352416 0.9304513473368164 0.4998209020330052 0.4997552556472202 0.4997927079388775 0.49951771563022745 0.49966510241576456 
0.9733473168728013 0.15237645469750993 0.49985174150234957 0.5003056510416444 0.4997957404178708 0.5003001872671773 0.4998572287031846 
0.9191867874713185 0.2492424174593835 0.4995882838717387 0.5003158762143161 0.4998001916671157 0.49973223580405235 0.4998349289993905 
1.0 0.9539377029695292 0.4995942279028995 0.49998549211246224 0.5001272363180757 0.49955663686818913 0.4998958073318183 
0.683567778217654 0.8237799102118366 0.4998475192258661 0.5002952651012612 0.5000905463102499 0.5003164521512783 0.5002416139951171 
0.8885748370779676 0.7856112047982393 0.4995889475397843 0.4997370482997406 0.5001545844469355 0.5002692468115457 0.4994163436439237 
0.9288490085296212 0.013196473258574593 0.49990873738347463 0.49946391653073074 0.4998750097148992 0.4996461271037445 0.4998423683590804 
0.8948612861121513 0.2823071700041767 0.49983936428311593 0.500305523880562 0.49980097485700326 0.499559214995686 0.4996852601033115 
0.4962809025279086 0.8644177390109148 0.49984916993771356 0.5002970561477905 0.5000871696514166 0.49962060135804237 0.49987926768695357 
0.9847094039789441 0.11612026683611476 0.5001541696481688 0.5003338460013478 0.5000077128034349 0.49966548969556807 0.49965252290077694 
0.77662249146561 0.5248283874175959 0.49981142185580096 0.5003331364889376 0.50012465316665 0.4996239955787119 0.5002520756654288 
0.751774581040511 0.9168639485848002 0.4998649318250293 0.4997673538584357 0.49979754754921846 0.4996231588188548 0.49986857623424336 
0.04666185687108043 0.8598667562961793 0.49983882535521534 0.5003056510416444 0.4998116237330269 0.49966163734211655 0.4996885406201816 
0.9373252095170207 0.3258641615767467 0.49959031926020253 0.5003159951959784 0.5001027812996218 0.49973223580405235 0.4998349289993905 
0.5877529724828463 0.11935629377895746 0.4998508884600675 0.5003105053839729 0.4998427627846685 0.49963435548848817 0.5002091830271101 
0.48206285952334194 0.901425504734983 0.4998546659741114 0.5003057320029191 0.49979575524507414 0.5002759567009777 0.500288137729921 
0.7020645384075437 0.6595684959177261 0.4998157028961197 0.49979397202625025 0.5000953614801247 0.5002284548285689 0.5002461273136269 
0.6696372989432359 0.9505713344958882 0.499838201402525 0.5003056495894194 0.49979575524507414 0.500259542354481 0.5003197860748134 
0.968051910979176 0.9467805990449535 0.49984916993771356 0.5002970561477905 0.5000833119726062 0.49962223271532374 0.49987926768695357 
0.7900533842743976 0.15241605235365185 0.4993951667885764 0.49971790433897006 0.5001261034257912 0.4996237350034963 0.5002645757480564 
0.7363716639027202 0.7016770191708273 0.49959191752397164 0.5003068763536939 0.4996565888755602 0.49964549662003477 0.4998735748327871 
0.5791715817066566 0.8012427975883796 0.4998095528643416 0.49973920210218925 0.4997452105213793 0.4995509661197866 0.499865543780382 
0.4215607066912245 0.26879444442980316 0.4995657031476122 0.5002970711273028 0.5000938311956395 0.5002650082185359 0.4998463155288517 
0.8129661058166857 0.4835379639301487 0.4994354936326573 0.5002961418678974 0.49984023844523023 0.49964696622552734 0.5002459256974479 
0.4575189208034186 0.646750622062051 0.49980644915317973 0.5003330282625603 0.49979451628820876 0.5002549558652838 0.4998668871646248 
0.6026247187910554 0.7778977144091977 0.49983749730615945 0.5003304825026097 0.49984692597506575 0.4995572731433629 0.49969760806086433 
0.4250003875217415 0.5537631777824592 0.4998654270841833 0.5003057526459174 0.5000950292377162 0.5002646000899412 0.4998667441668391 
0.4571980566747385 0.32966423640154197 0.49986308247322436 0.5003328572420994 0.5001162687543006 0.5003099179807204 0.49985024693190355 
0.9768292839377759 0.7828323726123924 0.4995883516932489 0.49976715685067014 0.5000915646306899 0.500282110528978 0.49986430224598283 
0.9664150676856691 0.9095491173893042 0.5001541696481688 0.5002952565874599 0.5001172195010404 0.49966467156930494 0.49965681902460424 
0.5631735587828997 0.8237799102118366 0.4998373214393224 0.49980177134559284 0.4997001229358485 0.4996214917710559 0.499382714973279 
0.7020645384075437 0.49678964268861897 0.5001477534968528 0.49979397202625025 0.5000953614801247 0.5002284548285689 0.5002461273136269 
0.751774581040511 0.9950305959133099 0.49985121966017526 0.4997675501940986 0.49979754754921846 0.4995450301583673 0.49986857623424336 
0.5188510948219347 0.47021152817239165 0.4998336227136336 0.5002218296080269 0.5000923352341357 0.4995125348912779 0.5002060462200251 
0.5818490203153803 0.5262970143726906 0.5001480072721259 0.4994461538664075 0.49966044516493974 0.49964557977562407 0.4998264065959228 
0.47321996983200076 0.6731243374079064 0.4995955447471326 0.499734731034714 0.4998433570376634 0.49951771563022745 0.49986118764639065 
0.08421033795497512 0.274283348900637 0.499592801779316 0.5002971964646714 0.4996958854758405 0.5002642901276436 0.4998682853793619 
0.9515520323712696 0.10911305882927469 0.49958817417680323 0.4997621200314187 0.49985468465334437 0.500275648255243 0.4998663405722638 
0.12988181511566205 0.8237837656026094 0.49983732816773746 0.5003070302960856 0.4996878198685109 0.500282110528978 0.5002840564190283 
1.0 0.03540946002114437 0.49991340796387007 0.5002898196629346 0.4998691403271435 0.49957273527180646 0.49984315414940633 
0.9063909026961204 0.03185836718134338 0.49983882497240834 0.49947461467379134 0.4998192511136152 0.49966158289392626 0.4996885389746709 
0.11706480559768617 0.08523761205382613 0.4998684064198068 0.4997679800385001 0.5000912522978359 0.5003036752999989 0.49984966707459333 
0.9124780972392719 0.4835379639301487 0.4995906255415345 0.5003051693010099 0.5001215361206811 0.4997327704927889 0.5002459256974479 
0.6675501124668035 0.8565984608352409 0.4998373225891393 0.5003056510416444 0.4998108291442065 0.49966163734211655 0.49968694514943723 
1.0 0.9982692104059308 0.4995942279028995 0.49998549211246224 0.5001272363180757 0.49955663686818913 0.4998404068385685 
0.987800776538942 0.5239237659551232 0.49937942191008344 0.49971790433897006 0.5001261034257912 0.4996237350034963 0.500249698939434 
0.9624362545812243 0.11316584633849758 0.49958817417680323 0.5002890957836057 0.49985468465334437 0.49963094454682233 0.49988013826896016 
0.6769086124776613 0.47152007334163354 0.49984647125686305 0.5002903901538788 0.5001126069412964 0.49964426757729824 0.5002489874198831 
0.7279394149302189 0.9265379491901709 0.4998373225891393 0.4999668124847466 0.4997957404178708 0.5003149331581254 0.4998887005340125 
0.7279394149302189 0.9507856800186403 0.4998373225891393 0.5003056510416444 0.4998076467233626 0.4996203767926685 0.5002962776329721 
0.9876742357857167 0.9843472124546324 0.5001541696481688 0.5003338460013478 0.5000086828158259 0.5004115692695372 0.49965252290077694 
0.8373782718947939 0.9999335222851993 0.49984385015322547 0.4997552556472202 0.4997924511357431 0.49951771563022745 0.49986264369006933 
0.8686997455129282 0.976658261844042 0.4995919446905357 0.500230453221807 0.49984516587686034 0.49962225957335576 0.49987646129131347 
0.7914695784234445 0.2863014228533397 0.499849586074136 0.5003052245504133 0.5000940007905881 0.49954606123961415 0.4998576943084751 
0.9744247494133528 0.24667425754313063 0.4995882838717387 0.5002690051655376 0.5000719793939541 0.49973223580405235 0.4998861242468043 
0.8207223765930886 0.0850655051278818 0.4999180536644801 0.49971024343960424 0.49986238736114896 0.49963538694861964 0.49984259377388573 
0.4437450322814678 0.5497713836185326 0.4995904567484801 0.5002954786092481 0.499851145830275 0.5002701833927133 0.4998782599640267 
0.9322795228886446 0.020771157390736067 0.499838861275533 0.49948019519613657 0.49969447460335054 0.49964663363095385 0.49969032812852526 
1.0 0.2963970616408238 0.4995905856203548 0.5002777804469417 0.500099999330065 0.49964471249582104 0.4998627871450585 
0.8892964111490268 0.2823071700041767 0.49983936428311593 0.500305523880562 0.5001365383968676 0.499559214995686 0.4996852601033115 
0.8470289395212406 0.6736248235597602 0.4995955447471326 0.499734731034714 0.49984955417964066 0.49951771563022745 0.4998684484734723 
1.0 0.9985165464248988 0.4995942279028995 0.5002926337066169 0.500114259723387 0.49955663686818913 0.4998404068385685 
0.7354304359903483 0.658723781628108 0.49981142185580096 0.5003331364889376 0.5000991763183228 0.4996239955787119 0.5002520756654288 
0.903592346613003 0.9233958863449158 0.4998209020330052 0.4997552556472202 0.5001278389770076 0.49951818666118225 0.49987974025264653 
