0.0 0.04391656432447337 0.4999925296018521 0.5000626370088608 0.5000182400538746 0.5997812787135732 0.4999281259656002 
1.0 0.9999999999999564 0.49999200657956383 0.5000646806467567 0.5001346141859048 0.5997860354590816 0.5000917931963887 
1.0 1.20172834910387E-17 0.4999597640396564 0.5001358375274697 0.500126229785241 0.599768453360911 0.4999696610259702 
1.0 0.9999999999999564 0.49999200657956383 0.5000646806467567 0.5001346141859048 0.5997860354590816 0.5000917931963887 
0.0 0.04391656432447337 0.4999925296018521 0.5000626370088608 0.5000182400538746 0.5997812787135732 0.4999281259656002 
0.2795119682188355 0.09481018777339656 0.5000365729959143 0.5001366277451507 0.5000110018506827 0.4999053662780809 0.49992785068192275 
0.5058696335697548 0.010609440435266772 0.49999263146489903 0.500132638244118 0.5000190859746154 0.5997676215826984 0.4997993269778859 
0.9930410060900493 0.7117136210040913 0.5000499184581318 0.5001382172136518 0.500129452089161 0.5997827425891631 0.49996440561869654 
0.9999964817712353 0.6390270042844632 0.49999200657956383 0.5001150559665002 0.5001346141859048 0.5997860354590816 0.5000917931963887 
0.9263039459595183 0.053954533606491994 0.49984138345399504 0.5000901249902578 0.5000300766917316 0.5997815046875188 0.49996802516430555 
0.47400005524196925 0.3113754093893746 0.4999760730431838 0.5000483385061969 0.5001465943907046 0.49877281628243714 0.49990282043299955 
0.857173176610798 0.9953714870950666 0.49999270767930004 0.5000456840530536 0.5000145808364166 0.4987951662533661 0.4995707730987042 
0.7368930299417846 0.0015233272724462857 0.5000483741317594 0.5000677386216295 0.500127003275933 0.5997852383840675 0.49989684442340754 
0.0660216792220033 0.9863412038988962 0.49999314001424777 0.5000639981611698 0.5001850290539068 0.5997824278102493 0.4999267908445327 
0.9929542651927241 0.05295238146042383 0.49998597310588283 0.5000890372362785 0.5000318979012293 0.599781069747848 0.4999705711598739 
0.3173185173686122 0.9770724196974218 0.4998284596973372 0.5000669686534159 0.5001493709031182 0.5997808231283783 0.49990161181626325 
0.5023786394747453 0.004268557858519188 0.5000795183120724 0.5000481180513061 0.500126907813634 0.5997674087619933 0.4997935239640023 
0.3275186072294365 2.3811719277889304E-4 0.4997982806673011 0.5001350208298648 0.5001301731128983 0.5997870359810462 0.49989679952360083 
0.9299926681394192 0.2600873906759358 0.49983694530158373 0.5000473152705244 0.5000859073914817 0.5997818974515087 0.49979903941460235 
0.11489616458409418 0.9693003969714689 0.49998576044643184 0.5001050661924775 0.5000792031382948 0.5997682976120315 0.49980055552473296 
0.3453111366084058 0.9376950288954167 0.49982640824758107 0.5000901205295424 0.500025221439899 0.5997815046463013 0.49979875293725706 
0.9987218975367423 0.4486909798206853 0.4998379507375753 0.5000431624239841 0.5001024229191758 0.5997815240893348 0.4999543778108593 
0.2699023292157476 0.7782032670341273 0.4999919145531422 0.5001502761648211 0.5001356322030895 0.5997825380931805 0.49979629551368554 
0.4559728165452407 0.016627052064823067 0.4999606196592644 0.5000490973627985 0.5000191278752122 0.5997813570210203 0.4999198864408189 
0.8669403696645728 0.9999931630110723 0.49999298127041714 0.5000481180513061 0.5001331437901423 0.5998002003199624 0.5000766450341377 
0.2760170726578452 0.9843843858847796 0.5000610763419194 0.5001254291609191 0.5001287524739542 0.5997823611287668 0.4999415737307007 
0.9842201233485351 1.20172834910387E-17 0.5000378251750759 0.5001361382015342 0.5001998570594202 0.599768453360911 0.4999776954161679 
0.9979505161933011 0.8399022309058658 0.4999883804931029 0.5000890372362785 0.5000333292314468 0.5997822131100498 0.49947560422802184 
0.9988693799687908 0.7361891056064893 0.5000334967017094 0.5001363284853413 0.5001896472662667 0.5997823306648523 0.4994801701420526 
0.9988693799687908 0.7247442986284216 0.49980762165786713 0.5001363284853413 0.5001896472662667 0.5997823306648523 0.4994801701420526 
0.21656749299139827 0.04956515097528963 0.4999883804931029 0.5000890372362785 0.5000307269530377 0.5997917848861614 0.499970421344745 
0.2406645977368554 0.0010034150727772917 0.5000483741317594 0.5000668118297544 0.500127003275933 0.5997825772616605 0.4998924720199504 
0.9990349916515794 0.1901794539790685 0.5000254474992935 0.5000580950304191 0.5001365211941772 0.5997817849615429 0.499430118051092 
0.18563137903031723 0.046671293639785005 0.49980762165786713 0.5001363284853413 0.5001870449878577 0.599791902440964 0.49997498725877576 
0.9719983140763824 0.35792318512825083 0.499961454158825 0.5001358375274697 0.5000250574165767 0.5997807532017396 0.4997912519324116 
0.7866959562448691 0.9839657912036917 0.5000169330539952 0.5000610753233897 0.5001465943907046 0.49877281628243714 0.4999009104588619 
0.15246502230436226 0.034298838019093184 0.4999906852868597 0.5000482922023894 0.5001975930405945 0.5997862974261255 0.5000738419624333 
0.5551463876167717 0.8106579969969332 0.4999972546756527 0.500103477295288 0.5000225357226697 0.500241787772841 0.4999701330124022 
0.9236219064485739 0.872795779826354 0.49999198276069623 0.5000909259749541 0.5001341522099713 0.5997822103130459 0.49994700874618697 
0.9462144062876071 0.03635622122781893 0.4999993697434018 0.499792560403116 0.500131871879712 0.5997804306903366 0.499793388012973 
0.6848637216390367 0.016627052064823067 0.49999257886006426 0.5000857878329839 0.5000191278752122 0.5997823699043789 0.49992452937325316 
0.6999796618518921 0.016206856589533414 0.49998984217755765 0.5000656259382038 0.5000263526273618 0.5997811851778682 0.49998298281257414 
0.48454098693307684 0.008746529104453338 0.49999240761829944 0.5000481180513061 0.5000190859746154 0.5997674087619933 0.4997935239640023 
0.8224005158858437 0.06574810474751758 0.49999051025383906 0.5000482922023894 0.5001949595501094 0.599783116646718 0.5000734300852585 
0.8107452254444492 0.04393792974608566 0.5000005782273013 0.49981087892505216 0.5001902239245593 0.5997817346226577 0.4997783945482886 
0.9905312780327824 0.92011008805985 0.5000081524155648 0.5000477465911608 0.5000182288496359 0.5997815172295539 0.4999274497567382 
0.4229878060837602 0.02499190514446703 0.49980762165786713 0.5000728019438195 0.5001896472662667 0.5997823306648523 0.4994801701420526 
0.757158362283869 0.899692377110515 0.5000318622456822 0.5001416136475489 0.500022744294523 0.5013847569369516 0.4997821760878613 
0.24729509594547266 0.0010034150727772917 0.5000483741317594 0.5000668118297544 0.5000794592138311 0.5997824870447759 0.4997995460688655 
0.9990682806581145 0.2600873906759358 0.49983694530158373 0.5001358081589766 0.5000837183172311 0.5997819033582859 0.4998010408357705 
0.998399352366983 0.9113140454698736 0.49983939259504206 0.5001040300753773 0.5002010349349278 0.5997816829301749 0.49990154785114654 
0.9991750621826581 0.4486909798206853 0.4999814316271481 0.5000431624239841 0.500100438408823 0.5997815240481172 0.4997851055838108 
0.9522676651490908 0.055484531714416085 0.49982785249932543 0.5000648886626677 0.5001336057937066 0.5997991717124743 0.4997922226628958 
0.9659593943195683 0.34728036700601356 0.4998190195474395 0.5000654645540483 0.5000882414184874 0.5997811361143093 0.49992515814632266 
0.3647353902773379 0.9946456347878072 0.5000032734543491 0.5001041546372397 0.5000160337124023 0.5997815328841487 0.49979232225458803 
0.9987218975367423 0.5268249092232001 0.4999600483431923 0.5000431822823606 0.5001024229191758 0.5997815346150432 0.49995136399427476 
0.9988693799687908 0.5433797106441849 0.5000114449175542 0.5001363175758494 0.5001906541202356 0.5997823966073355 0.49992453312770974 
0.9987218975367423 0.41690891021851095 0.4998379507375753 0.500042725501442 0.500099948809514 0.5997815232191143 0.49995136399427476 
0.3908486225792065 0.0031547636455908634 0.5000499184581318 0.5000746906721301 0.5001320855796461 0.5997859233685707 0.4999675992837387 
0.9791833669389678 0.9949846535511493 0.4998190195474395 0.5000627226251502 0.5000168748090549 0.5997818971812116 0.4999476581495551 
0.6717305058173952 0.04426725091780104 0.5000169330539952 0.5000607675759038 0.5000250020767679 0.49877281628243714 0.499954487212804 
0.5033844049393328 0.03433519646546343 0.49999083556114443 0.5000483385061969 0.5001987182166583 0.49877281628243714 0.49990282043299955 
0.9987218975367423 0.41690891021851095 0.4998379507375753 0.500042725501442 0.500099948809514 0.5997815232191143 0.49995136399427476 
0.9999964817712353 0.6355856567835465 0.49999192545951393 0.5001150559665002 0.5001356359864708 0.5997859651838777 0.49977859733915814 
0.2950729638411882 0.6391148500245152 0.5000449672729705 0.5000632890155265 0.5001998807054941 0.5997770093859965 0.4999258907685228 
0.9988693799687908 0.8101773758162959 0.5000334967017094 0.5001369067840636 0.5001896472662667 0.5022144595073754 0.4994801701420526 
0.4402187993078566 0.9705003610085308 0.49983694530158373 0.5000473152705244 0.5000859073914817 0.5997818974515087 0.49979903941460235 
0.43386619226318485 0.9705003610085308 0.49983694530158373 0.5000473152705244 0.5000859073914817 0.5997818974515087 0.49979903941460235 
1.0 0.3522832791879841 0.4999597640396564 0.5000571469066988 0.5001284258074117 0.5997824156904018 0.49985394666570204 
0.3062623320682674 1.20172834910387E-17 0.4999597640396564 0.5000570682356685 0.5001263697782808 0.599768453360911 0.4999696610259702 
0.026052352179170166 0.02009079475815516 0.49999224010835464 0.5000575252211699 0.5001250823125628 0.599781716265598 0.49992798678037703 
0.9299926681394192 0.2668267608285657 0.5000449980101505 0.5000473152705244 0.5000873750471911 0.5997818974515087 0.4998025565273812 
0.8365424175443018 0.03591617156707322 0.4999597640396564 0.5001361466155891 0.5001266751696596 0.5997828264698687 0.49951075170821374 
0.8224005158858437 0.03569047653451296 0.4999906852868597 0.5000482922023894 0.5001975930405945 0.5997862974261255 0.5000738419624333 
0.9811940021397367 0.16547997658991676 0.4999890110682834 0.5000658641749496 0.5000307273350413 0.5997919543524705 0.499804129146311 
0.9684719414689354 0.9679119071245003 0.4999848629948638 0.5000641953328518 0.5000280767773345 0.5997812451386075 0.49979668131767535 
0.12676281824313512 0.872741811584342 0.5000081524155648 0.5000797499758945 0.50020075762326 0.5997815172295539 0.4999274497567382 
0.9865231130680562 0.16547997658991676 0.4999890110682834 0.5000658978158165 0.5000307273350413 0.5997918413151261 0.49995468635740975 
0.970016728401166 0.9834470386364835 0.5000610763419194 0.5001251342952846 0.5001288825774624 0.5997823963405594 0.4999415737307007 
0.8752146218849461 0.9579121429323574 0.4998567187621461 0.5004719803282778 0.5000262133661638 0.4989429290033749 0.49977829289362913 
0.9998620518401937 0.5771295296023681 0.4999584819490817 0.5001366247319021 0.500142156031425 0.5997821613045183 0.4999719842809585 
0.12959950498451875 0.9316967970952011 0.5000081524155648 0.5000797499758945 0.5001304925213268 0.5997815172295539 0.4999274497567382 
0.7368930299417846 0.0015233272724462857 0.5000483741317594 0.5000677386216295 0.500127003275933 0.5997852383840675 0.49989684442340754 
0.9583181244760627 0.7882122521557616 0.50000398848693 0.5001354637508642 0.5001300354803766 0.599777297450859 0.4994595990394046 
0.8352274740653765 0.06317829159629773 0.4999597640396564 0.5001363154864052 0.5000189177308104 0.5997832160584667 0.49951075170821374 
1.0 0.8259726293909151 0.499961454158825 0.5001358375274697 0.500126229785241 0.599768453360911 0.4999696610259702 
0.29790965057243135 0.6501393042218203 0.5000449672729705 0.5000632890155265 0.500129615603561 0.5997770093859965 0.4999258907685228 
0.8033157470681326 0.08521590135955417 0.5000343570104279 0.5001346867727587 0.5001300524499033 0.5997774286488006 0.4998798829946659 
0.3648105180612559 0.9945223580184879 0.49999191441642316 0.5000594233081345 0.5000136697514201 0.5997860318553717 0.49979453240802735 
0.28265066523966 0.872795779826354 0.49999198276069623 0.5000910664866256 0.5000884449817627 0.5997822103130459 0.4999441770797193 
0.2997231744817209 0.11582460195493949 0.5000365729959143 0.5001366277451507 0.5000110018506827 0.4999053662780809 0.4999289928842785 
0.14261498040046022 0.9693003969714689 0.49999202793904346 0.5001041093023821 0.5001493274100306 0.5997808193244073 0.49990161181626325 
0.9995873028691813 0.88948596153759 0.4999924408168793 0.5000635461109005 0.50001905366888 0.5997671135316313 0.499964083942991 
0.9583181244760627 0.7882122521557616 0.50000398848693 0.5001354637508642 0.5001300354803766 0.599777297450859 0.4994595990394046 
0.9998673310811934 0.5936343745354101 0.5000253337054931 0.5001143710692391 0.500142156031425 0.5997821613045183 0.4994545490068635 
0.8768770752397294 0.13022002799538285 0.4998567187621461 0.5004719803282778 0.5000262133661638 0.4989429290033749 0.4997784568421139 
0.1311723838685833 0.6203083246340356 0.49998931154118076 0.5000664757391569 0.500027823751918 0.5998021014886423 0.49991935480256894 
0.3988533003349373 0.9884672963948444 0.5000032734543491 0.5001042661389713 0.5001493274100306 0.5997815328841487 0.49990580486757114 
0.19215955640477267 0.7631977533241341 0.4999894975505233 0.5000641290025529 0.5000257816689989 0.5997918245146292 0.49995440989771267 
0.9992058259436472 0.5936343745354101 0.5000253337054931 0.5001150058110431 0.5000312642975641 0.5997815735100738 0.49997242190409474 
