108268.29388595463 8812.113157787786 0.06101477199743096 0.0 142.0 149.0 2.894035267058523 
84422.42560115774 13298.771451604864 0.08734746307000642 0.0 80.0 137.0 2.7077089577089573 
49470.0 8568.9833048664 0.07450224791265253 0.3815028901734104 58.0 68.0 0.0 
57890.0 9792.83289608537 0.18689788053949905 0.19974309569685292 56.0 75.0 0.40625 
104805.0 6127.055504929101 0.11881824020552344 0.014771997430956968 124.0 94.0 2.3015086206896553 
96440.0 7162.35479308118 0.21644187540141296 0.025048169556840076 97.0 72.0 0.0 
89006.0753655285 8846.70491540176 0.10661528580603725 0.0 101.0 125.0 1.924135124135124 
78805.0 8516.964155657659 0.19653179190751446 0.05330764290301863 109.0 97.0 1.9712301587301586 
82815.0 9513.247758185798 0.16570327552986513 0.025048169556840076 98.0 112.0 1.2095959595959598 
60800.0 8415.415795306073 0.0899165061014772 0.3371868978805395 63.0 80.0 1.8028011204481793 
50900.0 8273.370602083327 0.07257546563904946 0.3699421965317919 59.0 70.0 0.34285714285714286 
77735.0 8913.906868452743 0.19845857418111754 0.06422607578676943 80.0 82.0 1.6022727272727273 
76560.0 7972.25552671738 0.30057803468208094 0.10597302504816955 103.0 78.0 0.40476190476190477 
66175.0 8072.349938630852 0.18689788053949905 0.22864482980089917 66.0 68.0 0.0 
72100.0 9329.711778928708 0.17341040462427745 0.09184328837508028 73.0 87.0 1.64375 
82620.05397404528 12231.74526446182 0.09633911368015415 0.0 86.0 119.0 1.1379892037786774 
59810.233361828425 9927.243790914405 0.1676300578034682 0.22350674373795762 62.0 80.0 0.5104166666666667 
72670.0 9118.601536107153 0.20937700706486834 0.09184328837508028 67.0 73.0 0.0 
81330.0 7601.106293486134 0.17726396917148363 0.09184328837508028 89.0 83.0 1.4761904761904763 
93780.0 7391.385675576718 0.1245985870263327 0.03982016698779704 104.0 78.0 0.4849137931034483 
81330.0 7851.375933126801 0.18818240205523443 0.09184328837508028 77.0 73.0 0.0 
87817.85869814956 9804.358065522025 0.1233140655105973 0.005780346820809248 80.0 85.0 0.3939393939393939 
84547.64314353451 13110.275054625223 0.07707129094412331 0.0 83.0 141.0 2.5222277722277724 
49470.0 8568.9833048664 0.07450224791265253 0.3815028901734104 58.0 68.0 0.0 
57890.0 9792.83289608537 0.18689788053949905 0.19974309569685292 56.0 75.0 0.40625 
96680.0 7276.306951662528 0.14258188824662812 0.025048169556840076 117.0 93.0 2.2186147186147185 
96440.0 7162.35479308118 0.21644187540141296 0.025048169556840076 97.0 72.0 0.0 
89590.55404275353 9419.742359027074 0.10661528580603725 0.0 97.0 127.0 1.949677908298598 
85385.0 8727.933886288487 0.15221579961464354 0.038535645472061654 101.0 95.0 2.1205357142857144 
88437.63449263625 9254.683597562647 0.1001926782273603 0.0 102.0 115.0 1.5858220211161387 
60800.0 8415.415795306073 0.0899165061014772 0.3371868978805395 63.0 80.0 1.8028011204481793 
52715.0 7861.275858035367 0.10597302504816955 0.348747591522158 66.0 69.0 0.28 
76205.0 8002.790962679948 0.2254335260115607 0.14065510597302505 87.0 81.0 1.6867917621594093 
76560.0 7972.25552671738 0.30057803468208094 0.10597302504816955 103.0 78.0 0.40476190476190477 
65525.0 8055.311347168081 0.19845857418111754 0.2010276172125883 74.0 73.0 0.0 
72510.0 9171.108926863177 0.1817597944765575 0.09184328837508028 72.0 83.0 1.6062500000000002 
82739.74233815668 11796.7031777573 0.09184328837508028 0.0 88.0 121.0 1.2406207827260458 
60106.61875997736 10465.141606926347 0.16056518946692358 0.22350674373795762 61.0 83.0 0.16526610644257703 
72670.0 9118.601536107153 0.20937700706486834 0.09184328837508028 67.0 73.0 0.0 
90050.0 6995.825113157018 0.15863840719332048 0.07321772639691715 99.0 85.0 2.0476190476190474 
93780.0 7391.385675576718 0.1245985870263327 0.03982016698779704 104.0 78.0 0.4849137931034483 
81330.0 7851.375933126801 0.18818240205523443 0.09184328837508028 77.0 73.0 0.0 
86605.7281556199 10049.419695024633 0.12845215157353887 0.00899165061014772 81.0 87.0 0.14835164835164835 
84444.61544773518 13141.96117889257 0.07707129094412331 0.0 84.0 141.0 2.5222277722277724 
49470.0 8568.9833048664 0.07450224791265253 0.3815028901734104 58.0 68.0 0.0 
57890.0 9792.83289608537 0.18689788053949905 0.19974309569685292 56.0 75.0 0.40625 
96440.0 7596.953949617614 0.1798330122029544 0.025048169556840076 109.0 82.0 2.090909090909091 
96440.0 7162.35479308118 0.21644187540141296 0.025048169556840076 97.0 72.0 0.0 
87643.71981866303 10085.53373204374 0.09762363519588953 0.0 97.0 126.0 2.7579710144927536 
89575.0 8463.135810646201 0.13937058445728967 0.046242774566473986 105.0 100.0 2.2142857142857144 
90947.50000000001 9072.648336027074 0.12138728323699421 0.01348747591522158 120.0 134.0 1.6133958633958634 
60800.0 8415.415795306073 0.0899165061014772 0.3371868978805395 63.0 80.0 1.8028011204481793 
52715.0 7861.275858035367 0.10597302504816955 0.348747591522158 66.0 69.0 0.28 
76560.0 7972.25552671738 0.30057803468208094 0.10597302504816955 103.0 78.0 0.40476190476190477 
65525.0 8055.311347168081 0.19845857418111754 0.2010276172125883 74.0 73.0 0.0 
72510.0 9171.108926863177 0.1817597944765575 0.09184328837508028 72.0 83.0 1.6062500000000002 
83022.76120724081 11716.219287023894 0.09184328837508028 0.0 89.0 121.0 1.2406207827260458 
72670.0 9118.601536107153 0.20937700706486834 0.09184328837508028 67.0 73.0 0.0 
79665.0 8283.477912583172 0.18754014129736674 0.06422607578676943 87.0 87.0 1.575757575757576 
93780.0 7391.385675576718 0.1245985870263327 0.03982016698779704 104.0 78.0 0.4849137931034483 
81330.0 7851.375933126801 0.18818240205523443 0.09184328837508028 77.0 73.0 0.0 
86585.49487680578 10459.850604119001 0.11817597944765575 0.00899165061014772 81.0 92.0 0.4890442890442891 
83072.11463205356 12534.023905164555 0.07129094412331406 0.0 90.0 138.0 2.4511904761904764 
49470.0 8568.9833048664 0.07450224791265253 0.3815028901734104 58.0 68.0 0.0 
60535.0 9049.722372561988 0.20423892100192678 0.1907514450867052 67.0 78.0 0.0 
104110.0 6925.041042492134 0.1001926782273603 0.015414258188824663 133.0 100.0 2.527914614121511 
96440.0 7162.35479308118 0.21644187540141296 0.025048169556840076 97.0 72.0 0.0 
86236.2437429027 10498.897204303257 0.11753371868978806 0.0 93.0 120.0 2.6564102564102567 
79555.0 8921.326980417693 0.19460500963391136 0.05330764290301863 106.0 101.0 1.9841269841269842 
91233.2687826028 8694.772486529988 0.18754014129736674 0.00899165061014772 125.0 123.0 1.662202380952381 
60800.0 8415.415795306073 0.0899165061014772 0.3371868978805395 63.0 80.0 1.8028011204481793 
52715.0 7861.275858035367 0.10597302504816955 0.348747591522158 66.0 69.0 0.28 
76560.0 7972.25552671738 0.30057803468208094 0.10597302504816955 103.0 78.0 0.40476190476190477 
65525.0 8055.311347168081 0.19845857418111754 0.2010276172125883 74.0 73.0 0.0 
77200.0 10116.33139169618 0.14900449582530506 0.07514450867052024 77.0 93.0 1.7523809523809524 
83594.32188807773 11658.555898196117 0.08028259473346179 0.0 89.0 125.0 1.4043103448275862 
72670.0 9118.601536107153 0.20937700706486834 0.09184328837508028 67.0 73.0 0.0 
96387.57648760697 8971.36821986484 0.1348747591522158 0.0 91.0 95.0 2.183257918552036 
93780.0 7391.385675576718 0.1245985870263327 0.03982016698779704 104.0 78.0 0.4849137931034483 
81330.0 7851.375933126801 0.18818240205523443 0.09184328837508028 77.0 73.0 0.0 
86585.49247314561 10460.129691411657 0.11817597944765575 0.00899165061014772 81.0 92.0 0.4890442890442891 
49470.0 8568.9833048664 0.07450224791265253 0.3815028901734104 58.0 68.0 0.0 
65615.0 9026.750573952597 0.21708413615928066 0.24084778420038536 67.0 68.0 0.0 
111190.0 6778.458806271578 0.12267180475272961 0.018625561978163133 123.0 100.0 2.7564102564102564 
96440.0 7162.35479308118 0.21644187540141296 0.025048169556840076 97.0 72.0 0.0 
89169.19728972408 10288.64328416403 0.10276172125883108 0.0 97.0 120.0 2.1738095238095236 
89830.0 8042.269443699512 0.10211946050096339 0.015414258188824663 114.0 107.0 1.911545566502463 
92121.80026281209 8834.056430629154 0.08734746307000642 0.00449582530507386 120.0 132.0 2.0080733442802408 
60800.0 8415.415795306073 0.0899165061014772 0.3371868978805395 63.0 80.0 1.8028011204481793 
52715.0 7861.275858035367 0.10597302504816955 0.348747591522158 66.0 69.0 0.28 
76560.0 7972.25552671738 0.30057803468208094 0.10597302504816955 103.0 78.0 0.40476190476190477 
65525.0 8055.311347168081 0.19845857418111754 0.2010276172125883 74.0 73.0 0.0 
76215.0 9602.258729039371 0.1894669235709698 0.06422607578676943 85.0 100.0 1.6942045454545456 
84717.08720445717 11799.924530154782 0.07129094412331406 0.0 96.0 135.0 1.6420488850597323 
72670.0 9118.601536107153 0.20937700706486834 0.09184328837508028 67.0 73.0 0.0 
111190.0 7858.839379349499 0.13359023763648042 0.018625561978163133 103.0 89.0 1.9946132299073476 
93780.0 7391.385675576718 0.1245985870263327 0.03982016698779704 104.0 78.0 0.4849137931034483 
81330.0 7851.375933126801 0.18818240205523443 0.09184328837508028 77.0 73.0 0.0 
86423.78649162712 10507.421115311368 0.13230571612074501 0.010918432883750802 80.0 91.0 0.35151515151515156 
104544.375 7117.496376544733 0.12845215157353887 0.014771997430956968 123.0 102.0 2.1255282285327923 
96440.0 7162.35479308118 0.21644187540141296 0.025048169556840076 97.0 72.0 0.0 
81330.0 9210.125813509429 0.17726396917148363 0.09184328837508028 88.0 105.0 1.7619047619047619 
82998.38668195246 12495.05083153508 0.08285163776493257 0.0 91.0 136.0 1.9085405822247927 
49470.0 8568.9833048664 0.07450224791265253 0.3815028901734104 58.0 68.0 0.0 
82675.0 9300.550609645481 0.1599229287090559 0.08606294155427104 81.0 88.0 1.4190476190476191 
73360.0 9711.965504381875 0.2350674373795761 0.08606294155427104 66.0 73.0 0.0 
90336.18353407741 11719.827267462977 0.16056518946692358 0.0 87.0 108.0 2.110909090909091 
55120.0 8141.074854346842 0.09377007064868337 0.3603082851637765 61.0 75.0 1.4666666666666668 
87089.90216370471 10715.238813928716 0.05073859987154785 0.0 93.0 123.0 2.8143812709030103 
65525.0 8055.311347168081 0.19845857418111754 0.2010276172125883 74.0 73.0 0.0 
100921.57503780998 9426.228794946135 0.09377007064868337 0.0 124.0 122.0 2.5001212580522925 
52290.0 8324.790066826336 0.07064868336544637 0.3583815028901734 60.0 72.0 0.5322128851540616 
