5.530001443653698E7 36797.221541266576 0.1446239876761759 1.4075978553505722E-9 60019.0 1902.0 12.7463073392322 
3.993989937520337E7 48242.30034074731 0.03676730170992354 0.0 40550.0 1901.0 12.990808547993614 
1.8965975825081974E7 33978.76486903684 0.3677197419955061 0.3794684575800242 19179.0 674.0 5.657734600871609 
3.406240815162352E7 35637.262978244325 0.47398253942546187 0.1468771155993379 32154.0 762.0 6.174061594542788 
1.6810643100463238E7 33928.131219368785 0.3506547715464072 0.42166103891249357 16616.0 636.0 8.414927341881501 
1.5649723801571235E7 40788.42843234859 0.38491977033818037 0.399466399065583 15053.0 612.0 4.938007956227385 
1.0403609413007343E7 39055.90401683202 0.1983318850310416 0.5930631052038178 10124.0 636.0 5.960319790653087 
4.581526742156713E7 37981.19448595095 0.14650879955680643 4.261897166675534E-8 51563.0 1517.0 11.840624115863612 
4.11425690240088E7 44033.644310872565 0.1330153439106346 0.0 41776.0 1493.0 11.519863255970115 
1.4315436600973818E7 34155.36162190828 0.20795198389042188 0.5554910999495989 14056.0 695.0 6.656822398073451 
2.5766006602835096E7 33719.65464501188 0.19122939185460142 0.327853021638007 28048.0 951.0 9.368893089009738 
5.1320443695708625E7 35741.229505061056 0.30202972099296316 0.004366181973742685 51638.0 1087.0 8.408059937537963 
3.0217052643940017E7 37329.080553524924 0.15770701436584164 0.27246829041936915 32812.0 1361.0 11.030317197387305 
2.6436423107721884E7 35600.6981254654 0.4957719029591217 0.19252735605863275 27959.0 707.0 9.767276950619111 
3.861279576899569E7 36987.89649323032 0.5270464195839315 0.05567546612252018 42663.0 776.0 6.806514467344266 
2.75743073643709E7 41497.19617862886 0.5239106829669303 0.18106937972245266 26125.0 698.0 5.89201983836106 
4.4115701959932655E7 33524.37216800313 0.5106978925471052 0.08268747170444653 45973.0 771.0 5.964326538788563 
3.2865031479569174E7 34215.94781023184 0.2516447086240456 0.24316674350334455 33270.0 983.0 10.709641505186752 
1.3120384655797543E7 32274.249252451806 0.27418182790481904 0.5231732523919252 13888.0 620.0 5.3902807342326415 
2.389000820277439E7 35615.75258695676 0.5624898843692409 0.17909652910374438 23843.0 629.0 5.426358981529782 
5.140850913899869E7 33210.23177095472 0.2246273626482655 9.27913843689955E-20 55725.0 1213.0 11.376834384362677 
1.0901787608977571E7 36934.61905245977 0.21158590527957546 0.5856550415119638 10435.0 632.0 6.786736857072788 
5.5299781721198924E7 36797.32771540231 0.14462393726824493 1.4615510109186335E-15 60020.0 1902.0 12.7463073392322 
2.7637558528903376E7 35011.65889950846 0.5407210184248752 0.17345821434887052 26575.0 652.0 6.195211265958417 
1.5649713041766804E7 40787.79581468435 0.3849196954783538 0.39946671318357063 15052.0 612.0 4.938007956227385 
4.281372558559782E7 43665.727088639294 0.1788525524861795 0.0 43916.0 1454.0 11.093917853619217 
2.0748911409780383E7 34437.861555949436 0.3739342439671693 0.3446632999283997 21126.0 697.0 8.993444635335846 
4.54695691607147E7 38065.96852385647 0.20180509761473758 2.499373362698411E-7 47901.0 1329.0 11.877615218160747 
4.093847764685862E7 36482.63422042075 0.4163652534280612 0.01515961727158039 48020.0 962.0 8.964826341749312 
5.7012251513404556E7 34227.9097938353 0.3683114279486289 0.01728880177247233 60899.0 1113.0 9.842363241248034 
3.708424861731821E7 35933.861557095515 0.5326274160745972 0.11592464530705816 35518.0 714.0 8.633715545666634 
1.1185292390611554E7 39628.15132994426 0.20598410143612425 0.5820208943795547 10677.0 645.0 6.049108836438282 
1.428613041014595E7 36785.66074596934 0.2919734019307308 0.48477582748841686 13507.0 624.0 5.890040864681355 
1.3909356357675435E7 32593.433132520822 0.303576973341408 0.4864056984483161 14766.0 616.0 4.896766885210838 
2.8003903784764726E7 33711.956651143795 0.23640722433088318 0.30301608182740203 27702.0 911.0 10.396432274885505 
5.053898430528843E7 39048.247604136624 0.1100424066716768 3.4041961160022946E-7 54383.0 1942.0 13.080250392675376 
4.91153718671938E7 34414.93457332775 0.27088507852538285 3.366245938279633E-7 54746.0 1270.0 11.747752590863026 
4.041668486064132E7 46888.77253513077 0.037836782669009146 0.0 41913.0 1931.0 13.293028216421584 
4.7229306119142815E7 36451.940039077854 0.47697295757833785 0.00611605108874187 49118.0 881.0 8.224165715956257 
2.5314820376358334E7 41005.390731976906 0.5223739569964821 0.21182991307092633 23402.0 654.0 5.632415819448532 
2.5588350683327716E7 35615.427154426165 0.4831613857150706 0.20870972833105234 27321.0 700.0 9.64006606626537 
2.0527872379424024E7 39203.93621866041 0.5008493335419323 0.27706280096391306 18918.0 606.0 4.663634508252789 
5.1427547987931125E7 40506.624685960494 0.1333219236408393 1.268691022768504E-7 56022.0 1935.0 13.229972818864272 
2.4177691190148946E7 33396.661869634714 0.35585161834262824 0.32419809694680407 23794.0 707.0 9.337912740247424 
2.5314820376358334E7 41005.390731976906 0.5223739569964821 0.21182991307092633 23402.0 654.0 5.632415819448532 
2.567042425094291E7 35344.57714859041 0.5284378264811439 0.1977396172114825 24443.0 652.0 5.496212457119183 
3.856266060020729E7 33480.15040685236 0.514731836440078 0.11522356042039042 41424.0 748.0 5.676101901107404 
2.7515495204279073E7 37995.797584271524 0.19860164670131633 0.2980218080418119 29257.0 1063.0 9.830542741393375 
1.0403566776161948E7 39054.49879899818 0.19833160970411234 0.5930635333985111 10125.0 636.0 5.960319790653087 
2.5588324164972745E7 35615.326537103065 0.4831614083126427 0.2087096944885978 27321.0 700.0 9.64006606626537 
4.181784895739944E7 46076.83458131184 0.06028549949960286 0.0 43341.0 1937.0 12.636496158581448 
4.938111764638416E7 36240.33250594291 0.23808414717816032 3.495273977145977E-13 54307.0 1410.0 12.235845322520678 
5.5299617206309535E7 36797.35395942306 0.1446239372681926 1.5175721882478011E-21 60021.0 1902.0 12.7463073392322 
2.242187338264669E7 37101.73374657039 0.4998368980365247 0.2515094804989077 21239.0 625.0 5.078827171317784 
1.090179468223776E7 36934.532912827504 0.21158590527929028 0.5856550415124745 10436.0 632.0 6.786736857072788 
5.263801186672414E7 37540.21738469102 0.30422083447869447 2.1994914451825388E-7 55726.0 1082.0 10.379666652370632 
3.1765744728384756E7 32878.48048203333 0.361795990980445 0.2486182266111792 33652.0 820.0 7.355935506341037 
1.3604889678573884E7 33270.068634119925 0.29755993556889243 0.49059540087328124 14315.0 611.0 4.8532096394796795 
4.091778770858461E7 33772.388285283865 0.3448296377211862 0.12218572936630048 43941.0 1027.0 11.082753182665899 
4.9275282024183355E7 36528.887705253415 0.19558027299892214 4.261897166675534E-8 54050.0 1363.0 11.232068230205538 
1.3890808153921485E7 36278.60696280633 0.2769540351620419 0.511056148788683 13467.0 632.0 6.345383082453663 
1.875636814643818E7 36151.188788677966 0.346729880259462 0.4070569130001747 17869.0 673.0 7.153453801246137 
4.041665387675377E7 46888.85333657081 0.037836782669009146 0.0 41913.0 1931.0 13.293028216421584 
1.0403562745844701E7 39054.361784260414 0.19833160970382646 0.5930635333989559 10125.0 636.0 5.960319790653087 
2.5671025528721042E7 33822.65404152598 0.28479340000592746 0.30727323462284584 25536.0 822.0 9.576894617255185 
4.679437211084573E7 34354.1929775223 0.42722116693743084 0.04104569232767707 51362.0 910.0 7.333838677380854 
1.090179407191357E7 36934.54035114756 0.21158590527929028 0.5856550415124745 10436.0 632.0 6.786736857072788 
2.5670585893215146E7 35344.984386931865 0.5284377536588561 0.19773970820552245 24443.0 652.0 5.496212457119183 
4.857268621570042E7 39805.52345130295 0.12962562554110665 2.7552127839174405E-7 49741.0 1637.0 12.405559809943592 
4.3769664009951055E7 37816.878959446374 0.34225969551239244 0.006074230208133239 44250.0 1090.0 9.189859559815813 
2.4506176729753017E7 37350.52758162564 0.46243628955077876 0.2407108995014399 24424.0 703.0 8.715855167674281 
1.6148857532193325E7 39630.76077784511 0.3913988810946302 0.3895766101395655 15570.0 610.0 4.905781048735367 
1.6810643506184258E7 33928.19901815375 0.350654771546409 0.42166103891247597 16616.0 636.0 8.414927341881501 
2.5314759056806274E7 41005.25353389423 0.5223739975880421 0.21182982355925903 23401.0 654.0 5.632415819448532 
5.5299617206309535E7 36797.35395942306 0.1446239372681926 1.5175721882478011E-21 60021.0 1902.0 12.7463073392322 
4.5460970323512934E7 41061.31552752072 0.08795702140213957 2.7365524621372166E-19 50418.0 1901.0 13.199949430898492 
4.325327353181114E7 36363.452448893324 0.4808302396974535 0.06547229951277762 44219.0 810.0 7.7383554292186245 
2.625958378510702E7 34309.241338185864 0.25986826161925985 0.3133837984709957 28677.0 891.0 8.728096150536206 
1.0901711292007409E7 36935.615392527885 0.21158617994345444 0.5856545496268549 10435.0 632.0 6.786736857072788 
4.088217850489082E7 46948.80936107648 0.052804307789363375 0.0 40609.0 1780.0 12.657555237698245 
4.8569033791011676E7 39856.52159735718 0.07682617861549018 2.736552462137431E-19 53101.0 1985.0 13.085778888004766 
2.134388847600648E7 37786.354280989566 0.4931916275782119 0.2839314277860848 19313.0 613.0 5.243271474649865 
4.757762423963863E7 35010.53872601047 0.4586100487841569 0.004610420743993785 48616.0 889.0 10.33477699796013 
2.5314835495168056E7 41005.6166496146 0.5223739569964838 0.21182991307089313 23403.0 654.0 5.632415819448532 
1.1480434253341058E7 34763.171986935595 0.22744662719425038 0.5662325946585426 11882.0 636.0 6.285114164705434 
5.5299617206309535E7 36797.35395942306 0.1446239372681926 1.5175721882478011E-21 60021.0 1902.0 12.7463073392322 
1.735186632208927E7 39313.294320382396 0.3944256128990495 0.3763638615247981 16429.0 643.0 5.44288150535637 
4.479446324818179E7 35499.56097324475 0.5191653814554499 0.04122729517775009 44231.0 819.0 7.052480390557525 
2.4177717197819155E7 33396.63826473186 0.3558516183427406 0.32419809694689145 23793.0 707.0 9.337912740247424 
2.567042425094291E7 35344.57714859041 0.5284378264811439 0.1977396172114825 24443.0 652.0 5.496212457119183 
3.4430122716613E7 33655.07106246619 0.4172637527851864 0.18971332147374617 32685.0 815.0 9.500804401635328 
1.0583948769393627E7 38871.83357926783 0.2016959223496768 0.5912099498238732 10305.0 636.0 5.966329022067244 
4.427113154944348E7 36308.681559442695 0.2801624385312366 0.09841324780781883 49038.0 1254.0 10.636668659678206 
5.687539370930653E7 34830.75826150212 0.3311547769216733 0.0018384598073206404 61046.0 1197.0 10.386286291328233 
5.1525620180971935E7 35640.87181371241 0.18289683234870768 3.4798232688574433E-13 56470.0 1658.0 12.292254590502056 
2.558904671596417E7 35616.71687164661 0.48316139880893477 0.208709711528428 27322.0 700.0 9.64006606626537 
2.417772734691692E7 33396.62394747002 0.3558516183427406 0.32419809694689145 23793.0 707.0 9.337912740247424 
1.6148929098810894E7 39630.58966649819 0.3913990219413858 0.3895762634403673 15571.0 610.0 4.905781048735367 
4.597574610501346E7 34979.36149081991 0.432843784143267 0.027884687434750772 43962.0 913.0 10.236974837521919 
1.090179407191357E7 36934.54035114756 0.21158590527929028 0.5856550415124745 10436.0 632.0 6.786736857072788 
1.6315801384708645E7 34424.65986345716 0.3517970958603056 0.43096417276355015 15976.0 641.0 6.382197452671441 
4.356274653783475E7 41299.84691060559 0.13009776434738898 0.0 44821.0 1428.0 10.97582880802413 
2.7788992541280463E7 35431.9769456137 0.24211285601014096 0.3227649932026126 29348.0 915.0 9.265226039326674 
1.3890808153921485E7 36278.60696280633 0.2769540351620419 0.511056148788683 13467.0 632.0 6.345383082453663 
5.5299781721198924E7 36797.32771540231 0.14462393726824493 1.4615510109186335E-15 60020.0 1902.0 12.7463073392322 
4.4207829081699766E7 38303.10934765231 0.2819066440507068 0.0 47364.0 1106.0 9.55184969067051 
5.3435846018938616E7 35183.604595627345 0.2828725924033409 0.001225667164413227 56414.0 1145.0 11.028283612044737 
4.493734475144472E7 33959.875883916844 0.43495137461795924 0.11842672245959598 46875.0 865.0 7.740330690103064 
4.842578051321198E7 41768.63344758185 0.1215006712621829 1.5250690811230359E-7 49844.0 1796.0 12.139467017324735 
2.7637519804268096E7 35011.460994399735 0.5407212662651982 0.17345838992219206 26575.0 652.0 6.195211265958417 
3.083583605485305E7 40409.021709312794 0.526392293903401 0.16535426450408125 29607.0 711.0 6.325773840740425 
1.0403562745844934E7 39054.36178425662 0.19833160970382646 0.5930635333989559 10125.0 636.0 5.960319790653087 
