27680.0 10803.992087754 0.10213257796538226 0.6282117059757475 34.0 71.0 0.0 
26810.0 11273.564188681741 0.16184971098265896 0.5825305073859988 30.0 68.0 0.0 
26810.0 11273.564188681741 0.16187050092626623 0.5826053346830297 30.0 68.0 0.0 
26810.0 11273.564188681741 0.16184971098265896 0.5825305073859988 30.0 68.0 0.0 
26370.0 11933.17674398488 0.141315516681661 0.5935251700629762 24.0 68.0 0.0 
26370.0 11933.17674398488 0.14129736673089274 0.5934489402697495 24.0 68.0 0.0 
26370.0 11933.17674398488 0.14129736673089274 0.5934489402697495 24.0 68.0 0.0 
25675.0 12027.845361238475 0.06679511881824021 0.6043673731535003 23.0 68.0 0.0 
25675.0 12027.845361238475 0.06680369989722508 0.6044450154162385 23.0 68.0 0.0 
25675.0 12027.845361238475 0.06679511881824021 0.6043673731535003 23.0 68.0 0.0 
27680.0 10803.992087754 0.10211946050096339 0.628131021194605 34.0 71.0 0.0 
26810.0 11273.564188681741 0.16187050092626623 0.5826053346830297 30.0 68.0 0.0 
26810.0 11273.564188681741 0.16187050092626623 0.5826053346830297 30.0 68.0 0.0 
26370.0 11933.17674398488 0.14131551901306122 0.5935251798548572 24.0 68.0 0.0 
26370.0 11933.17674398488 0.141315516681661 0.5935251700629762 24.0 68.0 0.0 
25675.0 12027.845361238475 0.06680369989708348 0.6044450154149574 23.0 68.0 0.0 
29010.0 10419.236047248098 0.09635148864658705 0.5633350369537122 33.0 70.0 1.08 
26810.0 11273.564188681741 0.16187050359677924 0.582605344294757 30.0 68.0 0.0 
26370.0 11933.17674398488 0.1413155190133607 0.593525179856115 24.0 68.0 0.0 
29685.0 11325.731181975827 0.1676300578034682 0.5491329479768786 35.0 70.0 0.0 
27680.0 10803.992087754 0.10213257796538226 0.6282117059757475 34.0 71.0 0.0 
26810.0 11273.564188681741 0.16187050359677924 0.582605344294757 30.0 68.0 0.0 
26810.0 11273.564188681741 0.16187050092626623 0.5826053346830297 30.0 68.0 0.0 
26370.0 11933.17674398488 0.14131551901306122 0.5935251798548572 24.0 68.0 0.0 
26370.0 11933.17674398488 0.141315516681661 0.5935251700629762 24.0 68.0 0.0 
25675.0 12027.845361238475 0.06680369879496702 0.6044450054429228 23.0 68.0 0.0 
29010.0 10419.236047248098 0.09635149023617812 0.5633350462475213 33.0 70.0 1.08 
26810.0 11273.564188681741 0.16187050092626623 0.5826053346830297 30.0 68.0 0.0 
26370.0 11933.17674398488 0.1413155190133607 0.593525179856115 24.0 68.0 0.0 
29010.0 10419.236047248098 0.09635148864658705 0.5633350369537122 33.0 70.0 1.08 
29010.0 10419.236047248098 0.09635149023617812 0.5633350462475213 33.0 70.0 1.08 
26810.0 11273.564188681741 0.16184971098265896 0.5825305073859988 30.0 68.0 0.0 
26370.0 11933.17674398488 0.1413155190133607 0.593525179856115 24.0 68.0 0.0 
29010.0 10419.236047248098 0.09635149023617812 0.5633350462475213 33.0 70.0 1.08 
29010.0 10419.236047248098 0.09633911368015415 0.5632626846499679 33.0 70.0 1.08 
179765.0 5786.479606132582 0.34686536485097635 0.04239465570400822 190.0 101.0 3.3441509433962264 
179765.0 5786.479606132582 0.34686536485097624 0.04239465570400821 190.0 101.0 3.3441509433962264 
179765.0 5757.7537181605785 0.3468208092485549 0.04238921001926782 190.0 91.0 3.08 
179765.0 5786.479606132582 0.34686536485097635 0.04239465570400822 190.0 101.0 3.3441509433962264 
179765.0 5786.479606132582 0.34686536485097635 0.04239465570400822 190.0 101.0 3.3441509433962264 
171595.0 6004.917884714604 0.3719167523116475 0.07386947584773655 183.0 95.0 3.3886792452830186 
179765.0 5786.479606132582 0.34686536485097635 0.04239465570400822 190.0 101.0 3.3441509433962264 
179765.0 5786.479606132582 0.3468653591277134 0.0423946550044983 190.0 101.0 3.3441509433962264 
179765.0 5786.479606132582 0.34686536485097635 0.04239465570400822 190.0 101.0 3.3441509433962264 
179765.0 5786.479606132582 0.34686536485097624 0.04239465570400821 190.0 101.0 3.3441509433962264 
179765.0 5786.479606132582 0.3468208092485549 0.04238921001926782 190.0 101.0 3.3441509433962264 
179765.0 5786.479606132582 0.34686536485097624 0.04239465570400821 190.0 101.0 3.3441509433962264 
179765.0 5786.479606132582 0.34686536485024116 0.04239465570391837 190.0 101.0 3.3441509433962264 
179765.0 5786.479606132582 0.34686536485097635 0.04239465570400822 190.0 101.0 3.3441509433962264 
179765.0 5786.479606132582 0.3468653591277134 0.0423946550044983 190.0 101.0 3.3441509433962264 
179765.0 5767.329014151246 0.34686536485024116 0.04239465570391837 190.0 99.0 3.268679245283019 
179765.0 5767.329014151246 0.34686536485024116 0.04239465570391837 190.0 99.0 3.268679245283019 
179765.0 5786.479606132582 0.3468653591277134 0.0423946550044983 190.0 101.0 3.3441509433962264 
179765.0 5767.329014151246 0.3468653591277134 0.0423946550044983 190.0 99.0 3.268679245283019 
179765.0 5767.329014151246 0.3468653591277134 0.0423946550044983 190.0 99.0 3.268679245283019 
179765.0 5767.329014151246 0.3468208092485549 0.04238921001926782 190.0 99.0 3.268679245283019 
24420.0 11752.784894375509 0.1458119212128317 0.6038026712577595 27.0 68.0 0.0 
24420.0 11752.784894375509 0.14581192189097147 0.6038026721478815 27.0 68.0 0.0 
24420.0 11752.784894375509 0.14581192189105857 0.6038026721479959 27.0 68.0 0.0 
24420.0 11752.784894375509 0.14581192189105857 0.6038026721479959 27.0 68.0 0.0 
24420.0 11752.784894375509 0.14581192189105857 0.6038026721479959 27.0 68.0 0.0 
24420.0 11752.784894375509 0.1458119212128317 0.6038026712577595 27.0 68.0 0.0 
24420.0 11752.784894375509 0.14581192189097147 0.6038026721478815 27.0 68.0 0.0 
24420.0 11752.784894375509 0.14581192189105857 0.6038026721479959 27.0 68.0 0.0 
24420.0 11752.784894375509 0.14581192189105857 0.6038026721479959 27.0 68.0 0.0 
24420.0 11752.784894375509 0.14581192189105857 0.6038026721479959 27.0 68.0 0.0 
24420.0 11752.784894375509 0.1457931920359666 0.6037251123956326 27.0 68.0 0.0 
24420.0 11752.784894375509 0.1457931920359666 0.6037251123956326 27.0 68.0 0.0 
24420.0 11752.784894375509 0.14581192189105857 0.6038026721479959 27.0 68.0 0.0 
24420.0 11752.784894375509 0.14581192189105857 0.6038026721479959 27.0 68.0 0.0 
24420.0 11752.784894375509 0.1457931920359666 0.6037251123956326 27.0 68.0 0.0 
29010.0 10419.236047248098 0.09635149023617812 0.5633350462475213 33.0 70.0 1.08 
29010.0 10419.236047248098 0.09635149023617812 0.5633350462475213 33.0 70.0 1.08 
29010.0 10419.236047248098 0.09635149023638233 0.5633350462487153 33.0 70.0 1.08 
29010.0 10419.236047248098 0.09635148864658705 0.5633350369537122 33.0 70.0 1.08 
29010.0 10419.236047248098 0.09635148864658705 0.5633350369537122 33.0 70.0 1.08 
29375.0 9747.959829073014 0.11368015414258188 0.603082851637765 38.0 73.0 1.1333333333333333 
24420.0 11752.784894375509 0.1457931920359666 0.6037251123956326 27.0 68.0 0.0 
24420.0 11752.784894375509 0.1457931920359666 0.6037251123956326 27.0 68.0 0.0 
24420.0 11752.784894375509 0.14581192189105857 0.6038026721479959 27.0 68.0 0.0 
24420.0 11752.784894375509 0.14581192189105857 0.6038026721479959 27.0 68.0 0.0 
24420.0 11752.784894375509 0.1457931920359666 0.6037251123956326 27.0 68.0 0.0 
26710.0 11152.814406641635 0.15159432880038312 0.5826053346830297 33.0 74.0 0.0 
24420.0 11752.784894375509 0.14581192189105857 0.6038026721479959 27.0 68.0 0.0 
29010.0 10419.236047248098 0.09635148864658705 0.5633350369537122 33.0 70.0 1.08 
29010.0 10419.236047248098 0.09635149023617812 0.5633350462475213 33.0 70.0 1.08 
29010.0 10419.236047248098 0.09635149023617812 0.5633350462475213 33.0 70.0 1.08 
29010.0 10380.323640865812 0.09633911368015415 0.5632626846499679 33.0 76.0 1.32 
29010.0 10419.236047248098 0.09635149023617812 0.5633350462475213 33.0 70.0 1.08 
29010.0 10419.236047248098 0.09635149023617812 0.5633350462475213 33.0 70.0 1.08 
29010.0 10419.236047248098 0.09635149023617812 0.5633350462475213 33.0 70.0 1.08 
29010.0 10419.236047248098 0.0963514902363823 0.5633350462487152 33.0 70.0 1.08 
29010.0 10419.236047248098 0.0963514902363823 0.5633350462487152 33.0 70.0 1.08 
29010.0 10419.236047248098 0.09635148864658705 0.5633350369537122 33.0 70.0 1.08 
29010.0 10419.236047248098 0.0963514902363823 0.5633350462487152 33.0 70.0 1.08 
29010.0 10419.236047248098 0.09635148864658705 0.5633350369537122 33.0 70.0 1.08 
29010.0 10380.323640865812 0.09633911368015415 0.5632626846499679 33.0 76.0 1.32 
29010.0 10419.236047248098 0.09633911368015415 0.5632626846499679 33.0 70.0 1.08 
29010.0 10419.236047248098 0.09635148864658705 0.5633350369537122 33.0 70.0 1.08 
38305.0 9271.382423299698 0.14001284521515736 0.5048169556840078 47.0 76.0 1.6623655913978495 
38305.0 9271.382423299698 0.14003512015473657 0.5048835330034167 47.0 76.0 1.6623655913978495 
38305.0 9271.382423299698 0.14001284521515736 0.5048169556840078 47.0 76.0 1.6623655913978492 
38305.0 9271.382423299698 0.14001284521515736 0.5048169556840078 47.0 76.0 1.6623655913978495 
38305.0 9271.382423299698 0.14001284521515736 0.5048169556840078 47.0 76.0 1.6623655913978492 
45300.0 8254.902665111387 0.1618724809208955 0.4997434669458459 62.0 97.0 2.6164251207729468 
24875.0 11426.426668734362 0.14964675658317278 0.5985870263326911 28.0 70.0 0.0 
24875.0 11426.426668734362 0.14964675658317278 0.5985870263326911 28.0 70.0 0.0 
24875.0 11426.426668734362 0.14964675658317278 0.5985870263326911 28.0 70.0 0.0 
24875.0 11426.426668734362 0.14966597903103185 0.5986639161241274 28.0 70.0 0.0 
24875.0 11426.426668734362 0.14966598150019667 0.5986639260007867 28.0 70.0 0.0 
29010.0 10419.236047248098 0.09635149023617812 0.5633350462475213 33.0 70.0 1.08 
24875.0 11426.426668734362 0.14966597903103185 0.5986639161241274 28.0 70.0 0.0 
