27880.0 10707.661785708546 0.08093525179838962 0.5215827338118442 35.0 64.0 0.0 
27880.0 10707.661785708546 0.08093525179838962 0.5215827338118442 35.0 64.0 0.0 
29480.0 11283.660130718954 0.11753371868978806 0.4849068721901092 35.0 63.0 0.0 
29480.0 11283.660130718954 0.11753371868978806 0.4849068721901092 35.0 63.0 0.0 
26405.0 11854.736842105263 0.12332990750256934 0.6134378211716339 26.0 69.0 0.0 
25085.0 11865.018114415709 0.13039568345296104 0.61664953751154 26.0 68.0 0.0 
29590.0 11526.11111111111 0.10340398201669879 0.48876043673731534 34.0 64.0 0.0 
26405.0 11854.736842105263 0.12332990750230799 0.613437821170334 26.0 69.0 0.0 
25085.0 11865.018114415709 0.13037893384714194 0.6165703275529865 26.0 68.0 0.0 
26405.0 11854.736842105263 0.12332990750256938 0.6134378211716341 26.0 69.0 0.0 
27880.0 10707.661785708546 0.08093525179838962 0.5215827338118442 35.0 64.0 0.0 
27880.0 10707.661785708546 0.08092485549132948 0.5215157353885678 35.0 64.0 0.0 
29480.0 11283.660130718954 0.11754881614883621 0.4849691595211548 35.0 63.0 0.0 
26405.0 11854.736842105263 0.12332990750256934 0.6134378211716339 26.0 69.0 0.0 
25085.0 11865.018114415709 0.13039568345296104 0.61664953751154 26.0 68.0 0.0 
26405.0 11854.736842105263 0.12332990750256934 0.6134378211716339 26.0 69.0 0.0 
27880.0 10707.661785708546 0.08092485549132948 0.5215157353885678 35.0 64.0 0.0 
27880.0 10707.661785708546 0.08093525046313312 0.5215827252068579 35.0 64.0 0.0 
26405.0 11854.736842105263 0.12332990750256938 0.6134378211716341 26.0 69.0 0.0 
27880.0 10707.661785708546 0.08093525046313312 0.5215827252068579 35.0 64.0 0.0 
27880.0 10707.661785708546 0.08093525179838962 0.5215827338118442 35.0 64.0 0.0 
27880.0 10707.661785708546 0.08093525179838962 0.5215827338118442 35.0 64.0 0.0 
29480.0 11283.660130718954 0.11754881614883621 0.4849691595211548 35.0 63.0 0.0 
26405.0 11854.736842105263 0.12332990750256938 0.6134378211716341 26.0 69.0 0.0 
25085.0 11865.018114415709 0.13039568130171447 0.616649527338157 26.0 68.0 0.0 
26405.0 11854.736842105263 0.12332990750256938 0.6134378211716341 26.0 69.0 0.0 
27880.0 10707.661785708546 0.08093525046313312 0.5215827252068579 35.0 64.0 0.0 
27880.0 10707.661785708546 0.08092485549132948 0.5215157353885678 35.0 64.0 0.0 
26405.0 11854.736842105263 0.12332990750256938 0.6134378211716341 26.0 69.0 0.0 
27880.0 10707.661785708546 0.08093525046313312 0.5215827252068579 35.0 64.0 0.0 
27880.0 10707.661785708546 0.08092485549132948 0.5215157353885678 35.0 64.0 0.0 
27880.0 10707.661785708546 0.08092485549132948 0.5215157353885678 35.0 64.0 0.0 
26405.0 11854.736842105263 0.12332990750256938 0.6134378211716341 26.0 69.0 0.0 
27880.0 10707.661785708546 0.08093525179838962 0.5215827338118442 35.0 64.0 0.0 
27880.0 10707.661785708546 0.08092485549132948 0.5215157353885678 35.0 64.0 0.0 
178975.0 5376.809163767435 0.39761469053079435 1.460116299878452E-21 196.0 86.0 3.1185185185185187 
178975.0 5377.945011109552 0.389907561436382 1.460116299878452E-21 198.0 89.0 3.4579124579124576 
178975.0 5376.809163767435 0.397609493585284 1.8755508026698163E-25 196.0 86.0 3.1185185185185187 
181045.0 5502.8535709324715 0.38990335394688264 0.04174694926140013 179.0 89.0 3.3703703703703702 
181045.0 5502.8535709324715 0.38990335394688264 0.04174694926140013 179.0 89.0 3.3703703703703702 
181045.0 5580.660843820326 0.36421193350846903 0.04175231243576567 176.0 85.0 3.395767195767196 
178975.0 5376.809163767435 0.3976146902869712 8.849213699660094E-14 196.0 86.0 3.1185185185185187 
178975.0 5377.945011109552 0.3899014563256887 6.889112865185384E-10 198.0 89.0 3.4579124579124576 
181045.0 5509.8160159261415 0.3899033473871702 0.04174694926140013 179.0 91.0 3.3703703703703702 
178975.0 5376.809163767435 0.3976146902869712 8.849213699660094E-14 196.0 86.0 3.1185185185185187 
178975.0 5376.809163767435 0.39761469053079435 1.460116299878452E-21 196.0 86.0 3.1185185185185187 
178975.0 5377.945011109552 0.389907561436382 1.460116299878452E-21 198.0 89.0 3.4579124579124576 
181045.0 5509.8160159261415 0.3899033473871702 0.04174694926140013 179.0 91.0 3.3703703703703702 
178975.0 5376.809163767435 0.3976146902869712 8.849213699660094E-14 196.0 86.0 3.1185185185185187 
178975.0 5368.294173383176 0.39755940912010274 0.0 196.0 94.0 3.3703703703703702 
178975.0 5361.331728389506 0.3976104764815825 0.0 196.0 92.0 3.3703703703703702 
178975.0 5376.809163767435 0.39760949280106944 8.849213699660094E-14 196.0 86.0 3.1185185185185187 
181045.0 5427.556771233189 0.36613871539004506 0.04175231243578201 190.0 87.0 3.3526570048309177 
178975.0 5377.945011109552 0.3899014563256887 6.889112865185384E-10 198.0 89.0 3.4579124579124576 
178974.5283018868 5375.256618376847 0.397610483041295 0.0 196.0 95.0 3.0976430976430978 
178974.5283018868 5375.256618376847 0.397610483041295 0.0 196.0 95.0 3.0976430976430978 
22905.0 11444.038409689341 0.10470195099595793 0.639773884613338 27.0 69.0 0.0 
22905.0 11444.038409689341 0.10470195272353543 0.6397738951695785 27.0 69.0 0.0 
22905.0 11444.038409689341 0.10470195272353545 0.6397738951695786 27.0 69.0 0.0 
22905.0 11444.038409689341 0.10468850353243417 0.6396917148362236 27.0 69.0 0.0 
22905.0 11444.038409689341 0.10470195272353543 0.6397738951695785 27.0 69.0 0.0 
22905.0 11444.038409689341 0.10470195272331355 0.6397738951682227 27.0 69.0 0.0 
22905.0 11444.038409689341 0.10470195272353545 0.6397738951695786 27.0 69.0 0.0 
22905.0 11444.038409689341 0.10470195272353545 0.6397738951695786 27.0 69.0 0.0 
22905.0 11444.038409689341 0.10468850353243417 0.6396917148362236 27.0 69.0 0.0 
22905.0 11444.038409689341 0.10470195099595793 0.639773884613338 27.0 69.0 0.0 
22905.0 11444.038409689341 0.10470195272353545 0.6397738951695786 27.0 69.0 0.0 
22905.0 11444.038409689341 0.10470195272353545 0.6397738951695786 27.0 69.0 0.0 
22905.0 11444.038409689341 0.10470195099595793 0.639773884613338 27.0 69.0 0.0 
22905.0 11444.038409689341 0.10468850353243417 0.6396917148362236 27.0 69.0 0.0 
22905.0 11444.038409689341 0.10470195099595793 0.639773884613338 27.0 69.0 0.0 
27880.0 10707.661785708546 0.08093525046313312 0.5215827252068579 35.0 64.0 0.0 
27880.0 10707.661785708546 0.08093525179838962 0.5215827338118442 35.0 64.0 0.0 
27880.0 10707.661785708546 0.08093525179856112 0.5215827338129495 35.0 64.0 0.0 
27880.0 10707.661785708546 0.08092485549132948 0.5215157353885678 35.0 64.0 0.0 
27880.0 10707.661785708546 0.08093525046313312 0.5215827252068579 35.0 64.0 0.0 
30115.0 9536.509561045254 0.09312780989081568 0.4964675658317277 39.0 66.0 1.1052631578947367 
22905.0 11444.038409689341 0.10470195272353545 0.6397738951695786 27.0 69.0 0.0 
22905.0 11444.038409689341 0.10470195272353543 0.6397738951695785 27.0 69.0 0.0 
22905.0 11444.038409689341 0.10470195272331355 0.6397738951682227 27.0 69.0 0.0 
22905.0 11444.038409689341 0.10470195272353543 0.6397738951695785 27.0 69.0 0.0 
22905.0 11444.038409689341 0.10470195272331355 0.6397738951682227 27.0 69.0 0.0 
22905.0 11444.038409689341 0.10470195272331355 0.6397738951682227 27.0 69.0 0.0 
22905.0 11444.038409689341 0.10470195099595793 0.639773884613338 27.0 69.0 0.0 
27880.0 10707.661785708546 0.08093525179838962 0.5215827338118442 35.0 64.0 0.0 
27880.0 10707.661785708546 0.08093525046313312 0.5215827252068579 35.0 64.0 0.0 
27880.0 10707.661785708546 0.08093525179856112 0.5215827338129495 35.0 64.0 0.0 
27880.0 10707.661785708546 0.08093525179838962 0.5215827338118442 35.0 64.0 0.0 
27880.0 10707.661785708546 0.08093525179838962 0.5215827338118442 35.0 64.0 0.0 
27880.0 10707.661785708546 0.08093525179838962 0.5215827338118442 35.0 64.0 0.0 
27880.0 10707.661785708546 0.08093525046313312 0.5215827252068579 35.0 64.0 0.0 
27880.0 10707.661785708546 0.08092485549132948 0.5215157353885678 35.0 64.0 0.0 
27880.0 10707.661785708546 0.08093525179856112 0.5215827338129495 35.0 64.0 0.0 
27880.0 10707.661785708546 0.08093525046313312 0.5215827252068579 35.0 64.0 0.0 
27880.0 10707.661785708546 0.08093525179838962 0.5215827338118442 35.0 64.0 0.0 
27880.0 10707.661785708546 0.08093525046313312 0.5215827252068579 35.0 64.0 0.0 
27880.0 10707.661785708546 0.08093525179838962 0.5215827338118442 35.0 64.0 0.0 
27880.0 10707.661785708546 0.08093525179838962 0.5215827338118442 35.0 64.0 0.0 
27880.0 10707.661785708546 0.08093525179856112 0.5215827338129495 35.0 64.0 0.0 
39415.0 8369.628811863968 0.14837881971630004 0.3879753340399335 58.0 78.0 2.4333333333333336 
39415.0 8525.609303967456 0.14836223506743737 0.38792549775208734 58.0 71.0 2.2 
39415.0 8369.628811863968 0.14837881971630004 0.3879753340399335 58.0 78.0 2.4333333333333336 
39415.0 8525.609303965939 0.14838129251574406 0.3879753276169238 58.0 71.0 2.2 
39415.0 8525.609303967456 0.14836223506743737 0.38792549775208734 58.0 71.0 2.2 
45300.0 8240.20969716535 0.16184971098265896 0.49967886962106617 62.0 95.0 2.9642512077294687 
22905.0 11444.038409689341 0.10470195272331355 0.6397738951682227 27.0 69.0 0.0 
22905.0 11444.038409689341 0.10470195272331355 0.6397738951682227 27.0 69.0 0.0 
22905.0 11444.038409689341 0.10470195272353543 0.6397738951695785 27.0 69.0 0.0 
22905.0 11444.038409689341 0.10470195272353543 0.6397738951695785 27.0 69.0 0.0 
22905.0 11444.038409689341 0.10470195099595793 0.639773884613338 27.0 69.0 0.0 
27880.0 10707.661785708546 0.08093525179838962 0.5215827338118442 35.0 64.0 0.0 
22905.0 11444.038409689341 0.10468850353243417 0.6396917148362236 27.0 69.0 0.0 
