[6, 9, 10, 12, 13][5, 7, 14, 8][4, 3, 5][1, 3, 11][0, 1, 2][6, 14] 
[6, 9, 10, 12, 13][5, 7, 14, 8][4, 3, 5][1, 3, 11][0, 1, 2][6, 14] 
[2, 5, 7, 14, 8][6, 9, 10, 12, 13][4, 3, 11][0, 1, 3][1, 2][6, 14] 
[2, 5, 7, 14, 8][6, 9, 10, 12, 13][4, 3, 11][0, 1, 3][1, 2][6, 14] 
[4, 3, 11, 10, 12, 13][3, 5, 7, 14, 8][0, 1, 2][2, 5][6, 14][6, 9] 
[4, 3, 11, 10, 12, 13][2, 5, 7, 14, 8][0, 1, 3][1, 2][6, 14][6, 9] 
[3, 5, 7, 14, 8][6, 9, 10, 12, 13][4, 3, 11][0, 1, 2][6, 14][2, 5] 
[4, 3, 11, 10, 12, 13][3, 5, 7, 14, 8][0, 1, 2][2, 5][6, 14][6, 9] 
[4, 3, 11, 10, 12, 13][2, 5, 7, 14, 8][0, 1, 3][1, 2][6, 14][6, 9] 
[4, 3, 11, 10, 12, 13][3, 5, 7, 14, 8][0, 1, 2][2, 5][6, 14][6, 9] 
[6, 9, 10, 12, 13][5, 7, 14, 8][4, 3, 5][1, 3, 11][0, 1, 2][6, 14] 
[6, 9, 10, 12, 13][5, 7, 14, 8][4, 3, 5][1, 3, 11][0, 1, 2][6, 14] 
[2, 5, 7, 14, 8][6, 9, 10, 12, 13][4, 3, 11][0, 1, 3][1, 2][6, 14] 
[4, 3, 11, 10, 12, 13][3, 5, 7, 14, 8][0, 1, 2][2, 5][6, 14][6, 9] 
[4, 3, 11, 10, 12, 13][2, 5, 7, 14, 8][0, 1, 3][1, 2][6, 14][6, 9] 
[4, 3, 11, 10, 12, 13][3, 5, 7, 14, 8][0, 1, 2][2, 5][6, 14][6, 9] 
[6, 9, 10, 12, 13][5, 7, 14, 8][4, 3, 5][1, 3, 11][0, 1, 2][6, 14] 
[6, 9, 10, 12, 13][5, 7, 14, 8][4, 3, 5][1, 3, 11][0, 1, 2][6, 14] 
[4, 3, 11, 10, 12, 13][3, 5, 7, 14, 8][0, 1, 2][2, 5][6, 14][6, 9] 
[6, 9, 10, 12, 13][5, 7, 14, 8][4, 3, 5][1, 3, 11][0, 1, 2][6, 14] 
[6, 9, 10, 12, 13][5, 7, 14, 8][4, 3, 5][1, 3, 11][0, 1, 2][6, 14] 
[6, 9, 10, 12, 13][5, 7, 14, 8][4, 3, 5][1, 3, 11][0, 1, 2][6, 14] 
[2, 5, 7, 14, 8][6, 9, 10, 12, 13][4, 3, 11][0, 1, 3][1, 2][6, 14] 
[4, 3, 11, 10, 12, 13][3, 5, 7, 14, 8][0, 1, 2][2, 5][6, 14][6, 9] 
[4, 3, 11, 10, 12, 13][2, 5, 7, 14, 8][0, 1, 3][1, 2][6, 14][6, 9] 
[4, 3, 11, 10, 12, 13][3, 5, 7, 14, 8][0, 1, 2][2, 5][6, 14][6, 9] 
[6, 9, 10, 12, 13][5, 7, 14, 8][4, 3, 5][1, 3, 11][0, 1, 2][6, 14] 
[6, 9, 10, 12, 13][5, 7, 14, 8][4, 3, 5][1, 3, 11][0, 1, 2][6, 14] 
[4, 3, 11, 10, 12, 13][3, 5, 7, 14, 8][0, 1, 2][2, 5][6, 14][6, 9] 
[6, 9, 10, 12, 13][5, 7, 14, 8][4, 3, 5][1, 3, 11][0, 1, 2][6, 14] 
[6, 9, 10, 12, 13][5, 7, 14, 8][4, 3, 5][1, 3, 11][0, 1, 2][6, 14] 
[6, 9, 10, 12, 13][5, 7, 14, 8][4, 3, 5][1, 3, 11][0, 1, 2][6, 14] 
[4, 3, 11, 10, 12, 13][3, 5, 7, 14, 8][0, 1, 2][2, 5][6, 14][6, 9] 
[6, 9, 10, 12, 13][5, 7, 14, 8][4, 3, 5][1, 3, 11][0, 1, 2][6, 14] 
[6, 9, 10, 12, 13][5, 7, 14, 8][4, 3, 5][1, 3, 11][0, 1, 2][6, 14] 
[3, 4, 1, 2, 5, 7, 14, 8][1, 3, 11, 10, 12, 13, 9, 6][12, 13][7, 14][0, 1][7, 14] 
[3, 4, 1, 2, 5, 7, 14, 8][1, 3, 11, 10, 12, 13, 9, 6][0, 1, 3][12, 13][7, 14][7, 14] 
[3, 4, 1, 2, 5, 7, 14, 8][1, 3, 11, 10, 12, 13, 9, 6][12, 13][7, 14][0, 1][7, 14] 
[3, 4, 1, 2, 5, 7, 14, 8][3, 11, 10, 12, 13, 9, 6][0, 1][7, 14][8, 14][7, 14] 
[3, 4, 1, 2, 5, 7, 14, 8][3, 11, 10, 12, 13, 9, 6][0, 1][7, 14][8, 14][7, 14] 
[3, 4, 1, 2, 5, 7, 14, 8][3, 11, 10, 12, 13, 9, 6][0, 1, 2][12, 13][7, 14][7, 14] 
[3, 4, 1, 2, 5, 7, 14, 8][1, 3, 11, 10, 12, 13, 9, 6][12, 13][7, 14][0, 1][7, 14] 
[3, 4, 1, 2, 5, 7, 14, 8][1, 3, 11, 10, 12, 13, 9, 6][0, 1, 3][12, 13][7, 14][7, 14] 
[3, 4, 1, 2, 5, 7, 14, 8][3, 11, 10, 12, 13, 9, 6][7, 14, 8][0, 1][7, 14][7, 14] 
[3, 4, 1, 2, 5, 7, 14, 8][1, 3, 11, 10, 12, 13, 9, 6][12, 13][7, 14][0, 1][7, 14] 
[3, 4, 1, 2, 5, 7, 14, 8][1, 3, 11, 10, 12, 13, 9, 6][12, 13][7, 14][0, 1][7, 14] 
[3, 4, 1, 2, 5, 7, 14, 8][1, 3, 11, 10, 12, 13, 9, 6][0, 1, 3][12, 13][7, 14][7, 14] 
[3, 4, 1, 2, 5, 7, 14, 8][3, 11, 10, 12, 13, 9, 6][7, 14, 8][0, 1][7, 14][7, 14] 
[3, 4, 1, 2, 5, 7, 14, 8][1, 3, 11, 10, 12, 13, 9, 6][12, 13][7, 14][0, 1][7, 14] 
[3, 4, 1, 2, 5, 7, 14, 8][1, 3, 11, 10, 12, 13, 9, 6][7, 14, 8][0, 1][7, 14][7, 14] 
[3, 4, 1, 2, 5, 7, 14, 8][1, 3, 11, 10, 12, 13, 9, 6][0, 1][7, 14][8, 14][7, 14] 
[3, 4, 1, 2, 5, 7, 14, 8][1, 3, 11, 10, 12, 13, 9, 6][12, 13][7, 14][0, 1][7, 14] 
[3, 4, 1, 2, 5, 7, 14, 8][4, 3, 11, 10, 12, 13, 9, 6][12, 13][7, 14][0, 1][7, 14] 
[3, 4, 1, 2, 5, 7, 14, 8][1, 3, 11, 10, 12, 13, 9, 6][0, 1, 3][12, 13][7, 14][7, 14] 
[3, 4, 1, 2, 5, 7, 14, 8][1, 3, 11, 10, 12, 13, 9, 6][5, 14, 8][0, 1][7, 14][7, 14] 
[3, 4, 1, 2, 5, 7, 14, 8][1, 3, 11, 10, 12, 13, 9, 6][5, 14, 8][0, 1][7, 14][7, 14] 
[4, 3, 5, 7, 14, 8][11, 10, 12, 13][1, 3, 11][0, 1, 2][6, 9][6, 14] 
[4, 3, 5, 7, 14, 8][11, 10, 12, 13][1, 3, 11][0, 1, 2][6, 9][6, 14] 
[4, 3, 5, 7, 14, 8][11, 10, 12, 13][1, 3, 11][0, 1, 2][6, 9][6, 14] 
[4, 3, 5, 7, 14, 8][11, 10, 12, 13][1, 3, 11][0, 1, 2][6, 14][6, 9] 
[4, 3, 5, 7, 14, 8][11, 10, 12, 13][1, 3, 11][0, 1, 2][6, 9][6, 14] 
[4, 3, 5, 7, 14, 8][11, 10, 12, 13][1, 3, 11][0, 1, 2][6, 9][6, 14] 
[4, 3, 5, 7, 14, 8][11, 10, 12, 13][1, 3, 11][0, 1, 2][6, 9][6, 14] 
[4, 3, 5, 7, 14, 8][11, 10, 12, 13][1, 3, 11][0, 1, 2][6, 9][6, 14] 
[4, 3, 5, 7, 14, 8][11, 10, 12, 13][1, 3, 11][0, 1, 2][6, 14][6, 9] 
[4, 3, 5, 7, 14, 8][11, 10, 12, 13][1, 3, 11][0, 1, 2][6, 9][6, 14] 
[4, 3, 5, 7, 14, 8][11, 10, 12, 13][1, 3, 11][0, 1, 2][6, 9][6, 14] 
[4, 3, 5, 7, 14, 8][11, 10, 12, 13][1, 3, 11][0, 1, 2][6, 9][6, 14] 
[4, 3, 5, 7, 14, 8][11, 10, 12, 13][1, 3, 11][0, 1, 2][6, 9][6, 14] 
[4, 3, 5, 7, 14, 8][11, 10, 12, 13][1, 3, 11][0, 1, 2][6, 9][6, 14] 
[4, 3, 5, 7, 14, 8][11, 10, 12, 13][1, 3, 11][0, 1, 2][6, 9][6, 14] 
[6, 9, 10, 12, 13][5, 7, 14, 8][4, 3, 5][1, 3, 11][0, 1, 2][6, 14] 
[6, 9, 10, 12, 13][5, 7, 14, 8][4, 3, 5][1, 3, 11][0, 1, 2][6, 14] 
[6, 9, 10, 12, 13][5, 7, 14, 8][4, 3, 5][1, 3, 11][0, 1, 2][6, 14] 
[6, 9, 10, 12, 13][5, 7, 14, 8][4, 3, 5][1, 3, 11][0, 1, 2][6, 14] 
[6, 9, 10, 12, 13][5, 7, 14, 8][4, 3, 5][1, 3, 11][0, 1, 2][6, 14] 
[4, 3, 5, 7, 14, 8][6, 9, 10, 12, 13][1, 3, 11][0, 1, 2][12, 13][6, 14] 
[4, 3, 5, 7, 14, 8][11, 10, 12, 13][1, 3, 11][0, 1, 2][6, 9][6, 14] 
[4, 3, 5, 7, 14, 8][11, 10, 12, 13][1, 3, 11][0, 1, 2][6, 9][6, 14] 
[4, 3, 5, 7, 14, 8][11, 10, 12, 13][1, 3, 11][0, 1, 2][6, 9][6, 14] 
[4, 3, 5, 7, 14, 8][11, 10, 12, 13][1, 3, 11][0, 1, 2][6, 9][6, 14] 
[4, 3, 5, 7, 14, 8][11, 10, 12, 13][1, 3, 11][0, 1, 2][6, 9][6, 14] 
[4, 3, 5, 7, 14, 8][11, 10, 12, 13][1, 3, 11][0, 1, 2][6, 9][6, 14] 
[4, 3, 5, 7, 14, 8][11, 10, 12, 13][1, 3, 11][0, 1, 2][6, 9][6, 14] 
[6, 9, 10, 12, 13][5, 7, 14, 8][4, 3, 5][1, 3, 11][0, 1, 2][6, 14] 
[6, 9, 10, 12, 13][5, 7, 14, 8][4, 3, 5][1, 3, 11][0, 1, 2][6, 14] 
[6, 9, 10, 12, 13][5, 7, 14, 8][4, 3, 5][1, 3, 11][0, 1, 2][6, 14] 
[6, 9, 10, 12, 13][5, 7, 14, 8][4, 3, 5][1, 3, 11][0, 1, 2][6, 14] 
[6, 9, 10, 12, 13][5, 7, 14, 8][4, 3, 5][1, 3, 11][0, 1, 2][6, 14] 
[6, 9, 10, 12, 13][5, 7, 14, 8][4, 3, 5][1, 3, 11][0, 1, 2][6, 14] 
[6, 9, 10, 12, 13][5, 7, 14, 8][4, 3, 5][1, 3, 11][0, 1, 2][6, 14] 
[6, 9, 10, 12, 13][5, 7, 14, 8][4, 3, 5][1, 3, 11][0, 1, 2][6, 14] 
[6, 9, 10, 12, 13][5, 7, 14, 8][4, 3, 5][1, 3, 11][0, 1, 2][6, 14] 
[6, 9, 10, 12, 13][5, 7, 14, 8][4, 3, 5][1, 3, 11][0, 1, 2][6, 14] 
[6, 9, 10, 12, 13][5, 7, 14, 8][4, 3, 5][1, 3, 11][0, 1, 2][6, 14] 
[6, 9, 10, 12, 13][5, 7, 14, 8][4, 3, 5][1, 3, 11][0, 1, 2][6, 14] 
[6, 9, 10, 12, 13][5, 7, 14, 8][4, 3, 5][1, 3, 11][0, 1, 2][6, 14] 
[6, 9, 10, 12, 13][5, 7, 14, 8][4, 3, 5][1, 3, 11][0, 1, 2][6, 14] 
[6, 9, 10, 12, 13][5, 7, 14, 8][4, 3, 5][1, 3, 11][0, 1, 2][6, 14] 
[8, 14, 7, 5, 2, 1, 3, 11][6, 9, 10, 12, 13][7, 14, 8][0, 1, 4][6, 14][2, 5] 
[8, 14, 7, 5, 2, 1, 3, 11][6, 9, 10, 12, 13][0, 1, 4][6, 14][1, 3][2, 5] 
[8, 14, 7, 5, 2, 1, 3, 11][6, 9, 10, 12, 13][7, 14, 8][0, 1, 4][6, 14][2, 5] 
[8, 14, 7, 5, 2, 1, 3, 11][6, 9, 10, 12, 13][0, 1, 4][6, 14][1, 3][2, 5] 
[8, 14, 7, 5, 2, 1, 3, 11][6, 9, 10, 12, 13][0, 1, 4][6, 14][1, 3][2, 5] 
[0, 1, 4, 3, 11, 10, 12, 13][4, 1, 2, 5, 7, 14, 8][3, 11][8, 14][6, 14][6, 9] 
[4, 3, 5, 7, 14, 8][11, 10, 12, 13][1, 3, 11][0, 1, 2][6, 9][6, 14] 
[4, 3, 5, 7, 14, 8][11, 10, 12, 13][1, 3, 11][0, 1, 2][6, 9][6, 14] 
[4, 3, 5, 7, 14, 8][11, 10, 12, 13][1, 3, 11][0, 1, 2][6, 9][6, 14] 
[4, 3, 5, 7, 14, 8][11, 10, 12, 13][1, 3, 11][0, 1, 2][6, 9][6, 14] 
[4, 3, 5, 7, 14, 8][11, 10, 12, 13][1, 3, 11][0, 1, 2][6, 9][6, 14] 
[6, 9, 10, 12, 13][5, 7, 14, 8][4, 3, 5][1, 3, 11][0, 1, 2][6, 14] 
[4, 3, 5, 7, 14, 8][11, 10, 12, 13][1, 3, 11][0, 1, 2][6, 9][6, 14] 
