[0, 1, 3, 11, 10, 12, 13][2, 5, 7, 9, 6, 14, 8][3, 5][3, 4] 
[8, 14, 6, 9, 13, 12, 10][0, 1, 2, 5][1, 4, 3, 11][5, 14, 7] 
[8, 14, 6, 9, 13, 12, 10][0, 1, 2, 5][1, 4, 3, 11][5, 14, 7] 
[8, 14, 6, 9, 13, 12, 10][0, 1, 2, 5][1, 4, 3, 11][5, 14, 7] 
[0, 1, 2, 5, 7, 9, 6][4, 3, 11, 10, 12, 13][8, 14, 7, 9][1, 4] 
[0, 1, 3, 11, 10, 12, 13][2, 5, 7, 9, 6][3, 5, 14, 8][3, 4] 
[8, 14, 6, 9, 13, 12, 10][0, 1, 2, 5][1, 4, 3, 11][5, 14, 7] 
[0, 1, 2, 5, 7, 9, 6][4, 3, 11, 10, 12, 13][8, 14, 7, 9][1, 4] 
[0, 1, 2, 5, 7, 9, 6][4, 3, 11, 10, 12, 13][5, 14, 8][1, 4] 
[0, 1, 2, 5, 7, 9, 6][4, 3, 11, 10, 12, 13][8, 14, 7, 9][1, 4] 
[0, 1, 3, 11, 10, 12, 13][2, 5, 7, 9, 6, 14, 8][3, 5][3, 4] 
[8, 14, 6, 9, 13, 12, 10][0, 1, 2, 5][1, 4, 3, 11][5, 14, 7] 
[8, 14, 6, 9, 13, 12, 10][0, 1, 2, 5][1, 4, 3, 11][5, 14, 7] 
[0, 1, 2, 5, 7, 9, 6][4, 3, 11, 10, 12, 13][8, 14, 7, 9][1, 4] 
[0, 1, 3, 11, 10, 12, 13][2, 5, 7, 9, 6][3, 5, 14, 8][3, 4] 
[0, 1, 2, 5, 7, 9, 6][4, 3, 11, 10, 12, 13][8, 14, 5, 7, 9][1, 4] 
[0, 1, 3, 11, 10, 12, 13][2, 5, 7, 9, 6, 14, 8][3, 5][3, 4] 
[8, 14, 6, 9, 13, 12, 10][0, 1, 2, 5][1, 4, 3, 11][5, 14, 7] 
[0, 1, 2, 5, 7, 9, 6][4, 3, 11, 10, 12, 13][8, 14, 7, 9][1, 4] 
[0, 1, 3, 11, 10, 12, 13][2, 5, 7, 9, 6, 14, 8][3, 5, 14, 6][3, 4] 
[0, 1, 3, 11, 10, 12, 13][2, 5, 7, 9, 6, 14, 8][3, 5][3, 4] 
[8, 14, 6, 9, 13, 12, 10][0, 1, 2, 5][1, 4, 3, 11][5, 14, 7] 
[8, 14, 6, 9, 13, 12, 10][0, 1, 2, 5][1, 4, 3, 11][5, 14, 7] 
[0, 1, 2, 5, 7, 9, 6][4, 3, 11, 10, 12, 13][8, 14, 7, 9][1, 4] 
[0, 1, 3, 11, 10, 12, 13][2, 5, 7, 9, 6][3, 5, 14, 8][3, 4] 
[0, 1, 2, 5, 7, 9, 6][4, 3, 11, 10, 12, 13][8, 14, 5, 7, 9][1, 4] 
[0, 1, 3, 11, 10, 12, 13][2, 5, 7, 9, 6, 14, 8][3, 5][3, 4] 
[8, 14, 6, 9, 13, 12, 10][0, 1, 2, 5][1, 4, 3, 11][5, 14, 7] 
[0, 1, 2, 5, 7, 9, 6][4, 3, 11, 10, 12, 13][8, 14, 7, 9][1, 4] 
[0, 1, 3, 11, 10, 12, 13][2, 5, 7, 9, 6, 14, 8][3, 5][3, 4] 
[0, 1, 3, 11, 10, 12, 13][2, 5, 7, 9, 6, 14, 8][3, 5][3, 4] 
[8, 14, 6, 9, 13, 12, 10][0, 1, 2, 5][1, 4, 3, 11][5, 14, 7] 
[0, 1, 2, 5, 7, 9, 6][4, 3, 11, 10, 12, 13][8, 14, 7, 9][1, 4] 
[0, 1, 3, 11, 10, 12, 13][2, 5, 7, 9, 6, 14, 8][3, 5][3, 4] 
[0, 1, 3, 11, 10, 12, 13][2, 5, 7, 9, 6, 14, 8][3, 5][3, 4] 
[0, 1, 2, 5, 7, 9, 6][1, 4, 3, 11, 10, 12, 13][7, 14, 8][3, 4] 
[0, 1, 2, 5, 7, 9, 6][1, 4, 3, 11, 10, 12, 13][7, 14, 8][3, 4] 
[0, 1, 2, 5, 7, 9, 6][1, 4, 3, 11, 10, 12, 13][7, 14, 8][3, 4] 
[0, 1, 2, 5, 7, 9, 6][1, 4, 3, 11, 10, 12, 13][7, 14, 8][3, 4] 
[0, 1, 2, 5, 7, 9, 6][1, 4, 3, 11, 10, 12, 13][7, 14, 8][3, 4] 
[0, 1, 2, 5, 7, 9, 6][1, 4, 3, 11, 10, 12, 13][7, 14, 8][3, 4] 
[0, 1, 2, 5, 7, 9, 6][1, 4, 3, 11, 10, 12, 13][7, 14, 8][3, 4] 
[0, 1, 2, 5, 7, 9, 6][1, 4, 3, 11, 10, 12, 13][7, 14, 8][3, 4] 
[0, 1, 2, 5, 7, 9, 6][1, 4, 3, 11, 10, 12, 13][7, 14, 8][3, 4] 
[0, 1, 2, 5, 7, 9, 6][1, 4, 3, 11, 10, 12, 13][7, 14, 8][3, 4] 
[0, 1, 2, 5, 7, 9, 6][1, 4, 3, 11, 10, 12, 13][7, 14, 8][3, 4] 
[0, 1, 2, 5, 7, 9, 6][1, 4, 3, 11, 10, 12, 13][7, 14, 8][3, 4] 
[0, 1, 2, 5, 7, 9, 6][1, 4, 3, 11, 10, 12, 13][7, 14, 8][3, 4] 
[0, 1, 2, 5, 7, 9, 6][1, 4, 3, 11, 10, 12, 13][7, 14, 8][3, 4] 
[0, 1, 2, 5, 7, 9, 6][1, 4, 3, 11, 10, 12, 13][7, 14, 8][3, 4] 
[0, 1, 2, 5, 7, 9, 6][1, 4, 3, 11, 10, 12, 13][7, 14, 8][3, 4] 
[0, 1, 2, 5, 7, 9, 6][1, 4, 3, 11, 10, 12, 13][7, 14, 8][3, 4] 
[0, 1, 2, 5, 7, 9, 6][1, 4, 3, 11, 10, 12, 13][7, 14, 8][3, 4] 
[0, 1, 2, 5, 7, 9, 6][1, 4, 3, 11, 10, 12, 13][7, 14, 8][3, 4] 
[0, 1, 2, 5, 7, 9, 6][1, 4, 3, 11, 10, 12, 13][7, 14, 8][3, 4] 
[0, 1, 2, 5, 7, 9, 6][1, 4, 3, 11, 10, 12, 13][7, 14, 8][3, 4] 
[0, 1, 3, 11, 10, 12, 13][2, 5, 7, 9, 6, 14, 8][1, 4, 3, 11, 10, 12][3, 5] 
[0, 1, 3, 11, 10, 12, 13][2, 5, 7, 9, 6, 14, 8][1, 4, 3, 11, 10, 12][3, 5] 
[0, 1, 3, 11, 10, 12, 13][2, 5, 7, 9, 6, 14, 8][1, 4, 3, 11, 10, 12][3, 5] 
[0, 1, 4, 3, 11, 10, 12][0, 1, 3, 11, 10, 12, 13][2, 5, 7, 9, 6, 14, 8][3, 5] 
[0, 1, 3, 11, 10, 12, 13][2, 5, 7, 9, 6, 14, 8][1, 4, 3, 11, 10, 12][3, 5] 
[0, 1, 4, 3, 11, 10, 12][0, 1, 3, 11, 10, 12, 13][2, 5, 7, 9, 6, 14, 8][3, 5] 
[0, 1, 3, 11, 10, 12, 13][2, 5, 7, 9, 6, 14, 8][1, 4, 3, 11, 10, 12][3, 5] 
[0, 1, 3, 11, 10, 12, 13][2, 5, 7, 9, 6, 14, 8][1, 4, 3, 11, 10, 12][3, 5] 
[0, 1, 4, 3, 11, 10, 12][0, 1, 3, 11, 10, 12, 13][2, 5, 7, 9, 6, 14, 8][3, 5] 
[0, 1, 3, 11, 10, 12, 13][2, 5, 7, 9, 6, 14, 8][1, 4, 3, 11, 10, 12][3, 5] 
[0, 1, 3, 11, 10, 12, 13][2, 5, 7, 9, 6, 14, 8][1, 4, 3, 11, 10, 12][3, 5] 
[0, 1, 3, 11, 10, 12, 13][2, 5, 7, 9, 6, 14, 8][1, 4, 3, 11, 10, 12][3, 5] 
[0, 1, 4, 3, 11, 10, 12][0, 1, 3, 11, 10, 12, 13][2, 5, 7, 9, 6, 14, 8][3, 5] 
[0, 1, 3, 11, 10, 12, 13][2, 5, 7, 9, 6, 14, 8][1, 4, 3, 11, 10, 12][3, 5] 
[0, 1, 3, 11, 10, 12, 13][2, 5, 7, 9, 6, 14, 8][1, 4, 3, 11, 10, 12][3, 5] 
[0, 1, 3, 11, 10, 12, 13][2, 5, 7, 9, 6, 14, 8][3, 5][3, 4] 
[0, 1, 3, 11, 10, 12, 13][2, 5, 7, 9, 6, 14, 8][3, 5][3, 4] 
[0, 1, 3, 11, 10, 12, 13][2, 5, 7, 9, 6, 14, 8][3, 5][3, 4] 
[0, 1, 3, 11, 10, 12, 13][2, 5, 7, 9, 6, 14, 8][3, 5][3, 4] 
[0, 1, 3, 11, 10, 12, 13][2, 5, 7, 9, 6, 14, 8][3, 5][3, 4] 
[0, 1, 3, 11, 10, 12, 13][2, 5, 7, 9, 6, 14, 8][4, 3, 5, 14][3, 4] 
[0, 1, 3, 11, 10, 12, 13][2, 5, 7, 9, 6, 14, 8][1, 4, 3, 11, 10, 12][3, 5] 
[0, 1, 3, 11, 10, 12, 13][2, 5, 7, 9, 6, 14, 8][1, 4, 3, 11, 10, 12][3, 5] 
[0, 1, 4, 3, 11, 10, 12][0, 1, 3, 11, 10, 12, 13][2, 5, 7, 9, 6, 14, 8][3, 5] 
[0, 1, 3, 11, 10, 12, 13][2, 5, 7, 9, 6, 14, 8][1, 4, 3, 11, 10, 12][3, 5] 
[0, 1, 3, 11, 10, 12, 13][2, 5, 7, 9, 6, 14, 8][1, 4, 3, 11, 10, 12][3, 5] 
[0, 1, 3, 11, 10, 12, 13][2, 5, 7, 9, 6, 14, 8][3, 5][3, 4] 
[0, 1, 3, 11, 10, 12, 13][2, 5, 7, 9, 6, 14, 8][1, 4, 3, 11, 10, 12][3, 5] 
[0, 1, 3, 11, 10, 12, 13][2, 5, 7, 9, 6, 14, 8][3, 5][3, 4] 
[0, 1, 3, 11, 10, 12, 13][2, 5, 7, 9, 6, 14, 8][3, 5][3, 4] 
[0, 1, 3, 11, 10, 12, 13][2, 5, 7, 9, 6, 14, 8][3, 5][3, 4] 
[0, 1, 3, 11, 10, 12, 13][2, 5, 7, 9, 6, 14, 8][3, 5][3, 4] 
[0, 1, 3, 11, 10, 12, 13][2, 5, 7, 9, 6, 14, 8][3, 5][3, 4] 
[0, 1, 3, 11, 10, 12, 13][2, 5, 7, 9, 6, 14, 8][3, 5][3, 4] 
[0, 1, 3, 11, 10, 12, 13][2, 5, 7, 9, 6, 14, 8][3, 5][3, 4] 
[0, 1, 3, 11, 10, 12, 13][2, 5, 7, 9, 6, 14, 8][3, 5][3, 4] 
[0, 1, 3, 11, 10, 12, 13][2, 5, 7, 9, 6, 14, 8][3, 5][3, 4] 
[0, 1, 3, 11, 10, 12, 13][2, 5, 7, 9, 6, 14, 8][3, 5][3, 4] 
[0, 1, 3, 11, 10, 12, 13][2, 5, 7, 9, 6, 14, 8][3, 5][3, 4] 
[0, 1, 3, 11, 10, 12, 13][2, 5, 7, 9, 6, 14, 8][3, 5][3, 4] 
[0, 1, 3, 11, 10, 12, 13][2, 5, 7, 9, 6, 14, 8][3, 5][3, 4] 
[0, 1, 3, 11, 10, 12, 13][2, 5, 7, 9, 6, 14, 8][3, 5][3, 4] 
[0, 1, 3, 11, 10, 12, 13][2, 5, 7, 9, 6, 14, 8][3, 5][3, 4] 
[0, 1, 3, 11, 10, 12, 13][2, 5, 7, 9, 6, 14, 8][4, 3, 5, 14][3, 4] 
[0, 1, 3, 11, 10, 12, 13][2, 5, 7, 9, 6, 14, 8][4, 3, 5, 14][3, 4] 
[0, 1, 3, 11, 10, 12, 13][2, 5, 7, 9, 6, 14, 8][4, 3, 5, 14][3, 4] 
[0, 1, 3, 11, 10, 12, 13][2, 5, 7, 9, 6, 14, 8][4, 3, 5, 14][3, 4] 
[0, 1, 3, 11, 10, 12, 13][2, 5, 7, 9, 6, 14, 8][4, 3, 5, 14][3, 4] 
[0, 1, 3, 11, 10, 12, 13][2, 5, 7, 9, 6, 14, 8][4, 3, 5, 14, 7][3, 4] 
[0, 1, 3, 11, 10, 12, 13][2, 5, 7, 9, 6, 14, 8][3, 5][3, 4] 
[0, 1, 3, 11, 10, 12, 13][2, 5, 7, 9, 6, 14, 8][3, 5][3, 4] 
[0, 1, 3, 11, 10, 12, 13][2, 5, 7, 9, 6, 14, 8][3, 5][3, 4] 
[0, 1, 3, 11, 10, 12, 13][2, 5, 7, 9, 6, 14, 8][3, 5][3, 4] 
[0, 1, 3, 11, 10, 12, 13][2, 5, 7, 9, 6, 14, 8][3, 5][3, 4] 
[0, 1, 3, 11, 10, 12, 13][2, 5, 7, 9, 6, 14, 8][3, 5][3, 4] 
[0, 1, 3, 11, 10, 12, 13][2, 5, 7, 9, 6, 14, 8][3, 5][3, 4] 
