2725163.900910895 16241.452522330565 0.22653266633972438 0.2774467807332083 3266.0 289.0 8.572841360350271 
1793964.432065959 22723.3501182823 0.14525459525326143 0.4950939568213869 1748.0 240.0 1.5312183478621832 
2253970.957760535 25759.640113745354 0.4245407092634694 0.2806305858697928 2203.0 210.0 2.4963659352312586 
3110453.05342958 18788.778350206932 0.29012742576572365 0.41226326864624735 3320.0 157.0 5.176470588235294 
4178160.0000000005 13607.178230788912 0.48392784471575284 0.16749544962683832 4241.0 158.0 7.783846872082166 
3873947.2610628144 25598.062406253535 0.06999670316548202 0.0 4167.0 588.0 9.617821276940871 
1664895.0 16053.011223673977 0.31830349012346926 0.45107737497197375 1482.0 144.0 6.454415954415954 
842820.0 14415.051648074488 0.07397176786368392 0.6699244282274388 775.0 146.0 5.376657824933687 
2102869.28614161 26307.055462458226 0.1689277448075146 0.3528195579568297 2129.0 332.0 7.742236188312069 
1884140.0000000002 15550.414260286338 0.1256437084621175 0.5209289275714727 1697.0 207.0 7.840736294517807 
4185274.6828637016 29638.640837665353 0.11518111034717672 0.0 4497.0 637.0 8.033498460898945 
1191550.0 17624.701419330664 0.12669511339724104 0.6341185410334347 1074.0 136.0 2.2606951871657754 
629265.0 23295.917591707508 0.08341126958148234 0.7247486555997195 559.0 134.0 0.0 
4407925.0 17893.569377599477 0.4247135842880524 0.13137128828618191 4517.0 146.0 1.1543859649122807 
3004766.660232415 19168.436509240688 0.3901997290961906 0.22045386380864157 3855.0 214.0 2.5234896963336024 
2332128.8000556626 15925.802223449144 0.40516371509523963 0.29822482303926123 2229.0 193.0 6.901458529420154 
2241800.0 18515.698913035903 0.18140720864271248 0.509209113245013 2001.0 160.0 1.1095890410958904 
1238455.0 23511.378335250236 0.324528410133611 0.5050299165313169 1125.0 129.0 0.0 
3417351.8257672717 25552.555447880113 0.23480402686081742 0.1815235099708909 3418.0 318.0 3.544416483844384 
3816898.862565911 17798.546811992965 0.44490881458966564 0.17976969838671966 3278.0 218.0 3.1538461538461537 
4750346.370283322 20497.199750163374 0.2054898614090187 0.06169664307130066 4665.0 336.0 3.533822588385858 
2897627.2539381306 24282.832148002395 0.2715996703184637 0.2661343589712612 3024.0 299.0 4.198631557122123 
1780315.0 17711.565232072542 0.33206686930091184 0.45601472995090014 1627.0 135.0 2.4278846153846154 
4919834.256907733 14343.344271531338 0.22851977707454768 0.03764320785597381 5309.0 297.0 8.105477247994001 
3667280.0474934815 17222.937159016543 0.14627659574468085 0.2369651624970774 3299.0 264.0 7.218564942606755 
3685132.333702574 33923.23899591924 0.04968456849197575 0.0 3755.0 689.0 10.025640239812116 
1176390.0 23049.73765383113 0.31032446998218965 0.5373248616125371 1047.0 119.0 0.0 
3757781.791651691 32040.887588264442 0.05316257401551331 0.0 3955.0 684.0 9.817669936703357 
1778595.0000000005 21044.042684925535 0.20510872106616787 0.5070434884264672 1593.0 134.0 5.0 
3850064.7099577836 17256.27134689644 0.44376899696048633 0.10518470890811317 3772.0 186.0 5.345087719298246 
754585.0 21618.921835236764 0.16240939911152677 0.654547580079495 657.0 125.0 0.0 
4192249.4337707413 30261.637978412393 0.044540565817161565 0.0 4510.0 698.0 10.70144403934527 
2237451.748951166 23280.074143655747 0.45233224222585927 0.2899228431143325 2064.0 188.0 0.6444444444444444 
1664895.0 16055.218237809226 0.3183032400236148 0.4510781568748941 1482.0 144.0 6.454415954415954 
2053103.9931918574 21380.21062015023 0.1750359203565306 0.4990384328615666 1869.0 197.0 1.4060596293311847 
4305769.231334979 25474.23253424819 0.13487841945288753 0.0 4895.0 601.0 9.988540149274442 
4605947.570939551 21698.712471948114 0.35755377776459374 1.541179820937646E-11 4531.0 281.0 7.409084041259682 
2623007.5 18172.56069960392 0.37479541734860883 0.31859364040215105 2519.0 142.0 3.519423558897243 
4341170.750944047 23172.06959162724 0.4188994861435244 0.030161379796038085 4244.0 225.0 4.7450260521467955 
4442099.990282514 23822.353103207257 0.11287208363359613 3.436496674311859E-6 4637.0 524.0 9.87092940245656 
1190169.9999999998 20829.080153301984 0.1601014735827552 0.5816611039145663 1107.0 131.0 4.0 
3763461.780561646 23013.311936879338 0.4338613514145429 0.10021627308861351 4047.0 241.0 3.4294563853387383 
3080155.0 16278.713107323812 0.3063195441956747 0.3489626095086742 2762.0 165.0 5.672874149659864 
969430.0 16932.51693676152 0.11953541930920804 0.643796140964116 866.0 148.0 5.305555555555555 
4739387.290059459 17089.756352838733 0.22556760735371958 0.05032733224222586 4925.0 348.0 9.494522543447335 
3825963.7794901305 29677.897194131263 0.09630042591216899 0.0 4051.0 561.0 8.956544803744634 
4154825.7152134436 28850.939782156867 0.22039525598531526 0.0 4210.0 360.0 5.772779190137904 
3301240.1549593257 25730.76520518305 0.3394026186579378 0.13031914893617022 3866.0 407.0 7.853795764700968 
4247780.912880496 17837.407561639207 0.2887835576296462 0.03305471124620061 4943.0 298.0 6.525394398272895 
5119705.408057508 22010.945479731323 0.26443768996960487 0.0 5213.0 489.0 10.704863364337731 
1379015.0 20770.54897508983 0.21390757070865438 0.546616679473492 1340.0 137.0 0.0 
4352335.488638848 20361.055039756986 0.11062102307951822 0.0 4788.0 491.0 8.09952333494941 
2723830.0 15876.852475676294 0.3905482815057283 0.3415945756371288 2517.0 169.0 5.280769230769231 
3307815.0 18172.817386598203 0.37625783941942176 0.26072597615150805 3354.0 136.0 1.4025974025974026 
1176390.0 23049.73765383113 0.31032446998218965 0.5373248616125371 1047.0 119.0 0.0 
3706509.460492773 33480.67202246046 0.03597753084876789 0.0 3830.0 712.0 9.888385337851332 
3198857.193262671 18794.620998024933 0.3373567921440262 0.2732931961655366 3491.0 178.0 5.770965876229034 
3865117.5392636256 29193.885006963643 0.1134270300469132 0.0 4065.0 544.0 8.611912285725019 
1664895.0 16055.218237809226 0.31830324002409915 0.4510781568741711 1482.0 144.0 6.454415954415954 
2901137.8613473354 23360.795037763903 0.39820551788636893 0.2198971241524433 3027.0 214.0 3.685377649170752 
1014765.0 21060.198918275513 0.2167430743728963 0.5979091549264849 865.0 134.0 3.217391304347826 
1734175.0 15161.8117822171 0.1637245732990414 0.5494797755436053 1537.0 155.0 4.611788617886179 
834865.0 15896.325851188738 0.09004602508632138 0.6711811428830268 742.0 140.0 4.222811671087533 
3830230.7730491348 28052.131126775872 0.1297937422669514 0.025777414075286414 3899.0 481.0 7.241003791703318 
4436302.543227455 29917.571485474655 0.08189237305707639 0.0 4615.0 701.0 9.26545918294535 
2973102.310344818 18761.63847456695 0.4217934817949428 0.28077681797095444 2776.0 177.0 3.4567099567099566 
1604207.5000000002 20846.535436130936 0.2464051905541267 0.5149637596446107 1453.0 143.0 2.142857142857143 
994595.0 22059.604953908318 0.1817300363576151 0.6226337495556294 846.0 139.0 2.3496732026143787 
3841731.555660121 27700.240956098263 0.04898314225818827 0.0 3913.0 540.0 9.353199732923441 
4511344.919086921 20545.005554436626 0.2559640639868442 0.00312985746276567 5400.0 466.0 8.883334782519368 
1018185.0 21558.397194448105 0.18158333633543688 0.6080781266288917 852.0 115.0 2.0 
3241044.5333436807 15149.24311146773 0.3065239983850156 0.3164924066455902 3001.0 227.0 8.26559714795009 
5352603.120797159 13162.877467803504 0.5576338555061959 0.08168693009118541 4752.0 235.0 8.388770999115827 
3633492.4648679113 19430.511121523734 0.4686696282440963 0.09115618424129063 3821.0 238.0 6.825371728884059 
3706509.460492773 33480.67202246046 0.03597753084876789 0.0 3830.0 712.0 9.888385337851332 
1589800.0 17355.30369077755 0.24672667757774142 0.4900339022679448 1592.0 125.0 2.3076023391812868 
3187790.0 17681.13617091318 0.42886547880581405 0.2980184708908113 2841.0 155.0 4.242424242424242 
1264030.0 17165.75539388045 0.1560680356290584 0.5879158510412729 1066.0 154.0 5.261904761904762 
3930011.326740933 29025.515675577557 0.11331012567468968 0.0 4124.0 553.0 8.988116754558858 
858175.0 21107.442599229424 0.14230184708908114 0.6620879120879121 705.0 134.0 4.0 
1366730.0 21039.294688368962 0.21463818630357467 0.5433130699268705 1181.0 130.0 0.0 
1664895.0 16055.218237809226 0.31830324002409915 0.4510781568741711 1482.0 144.0 6.454415954415954 
4337984.249952455 22304.579266281216 0.17030044423661445 0.0 4631.0 404.0 8.520687795634164 
1394055.0 20798.3763040637 0.19575637128828619 0.5253682487725041 1281.0 134.0 3.0930232558139537 
4902392.460358087 16015.997346435035 0.33502004044760975 0.03764342788875295 5214.0 253.0 6.61554186691938 
2891674.9999999986 16984.097871817426 0.35904255319148937 0.3527589431844751 2881.0 152.0 7.304166666666667 
2310773.1327144997 24619.261610414207 0.3626665887304185 0.2847205985503858 2146.0 237.0 4.480735184120783 
969430.0 16932.51693676152 0.11953541930920808 0.6437961409641159 866.0 148.0 5.305555555555555 
4688793.229506386 18335.232869126838 0.30611409866729017 0.0 4910.0 302.0 8.747519020107443 
2785992.154335463 16844.97366522076 0.39671498714051906 0.2622749590834697 3266.0 160.0 3.6714285714285717 
969430.0 16932.51693676152 0.11953541930920804 0.643796140964116 866.0 148.0 5.305555555555555 
3144750.0434073946 22478.160927136516 0.36830722469020344 0.18289689034369885 3428.0 280.0 7.975367024280068 
1190169.9999999998 20829.080153301984 0.1601014735827552 0.5816611039145663 1107.0 131.0 4.0 
3929781.3451953814 23295.331979030547 0.3985862851231765 0.06979581870343128 4052.0 267.0 5.676364260739261 
4263271.593474941 29484.266931604823 0.03927986906710311 0.0 4508.0 715.0 10.536772968746652 
1860359.9999999998 14634.803199025417 0.14718333904435624 0.524085345621508 1650.0 156.0 6.285714285714286 
4320790.549766199 24267.58950010312 0.0910392798690671 0.0 4704.0 512.0 8.457171108279029 
3757810.8253301443 32039.825459628093 0.053162574015513296 0.0 3955.0 684.0 9.817669936703357 
1802615.0 19087.022780135307 0.26256722001402855 0.45975566986205285 1954.0 135.0 2.1372549019607843 
1664895.0 16055.218237809226 0.3183037477420803 0.4510772634137423 1482.0 144.0 6.454415954415954 
1646690.0 22151.40989358614 0.2579516171766935 0.5015506471861032 1449.0 138.0 2.3692307692307693 
1176390.0 23049.73765383113 0.3103245530068397 0.5373246728426264 1047.0 119.0 0.0 
4380823.229380328 22964.528192076123 0.22898643909282207 0.0 4284.0 350.0 8.133027178399733 
853560.0 21053.228269167845 0.20639587558963993 0.620210546005062 728.0 126.0 1.1153846153846154 
4784019.999999998 15486.100770692094 0.48424713584288054 0.1178980593874211 5092.0 161.0 6.204081632653061 
3908681.4976873696 21656.248842187273 0.3790939806261275 0.06923789979614305 4166.0 283.0 5.467123680916785 
3217624.8036698108 27449.422377175742 0.2584463408931494 0.28211947626841244 2817.0 363.0 6.766553480475382 
1808930.0 20988.0447208628 0.27718026654196865 0.48968318915127423 1686.0 131.0 4.0 
3030565.0 19271.01459288217 0.3424129062426935 0.33501870469955575 2963.0 162.0 5.409722222222222 
3971927.1630343557 29706.913563011003 0.0732117565370273 0.0 4072.0 656.0 9.29470654459413 
3950528.3926452333 22343.49478651568 0.213379705400982 0.0 4263.0 382.0 9.566209748068616 
4584884.829548226 19527.706883889543 0.37956022445519116 0.05108721067636459 4671.0 216.0 5.245589498221078 
