4684059.193451084 16504.751665344018 0.2239010989010989 0.0 5062.0 301.0 8.004004329004328 
3267996.951631435 18113.910506017182 0.2598507122351728 0.35688190834593353 3005.0 176.0 3.005583314406844 
1279340.0336805317 25074.177949939512 0.3285624330383313 0.49135054733746936 1054.0 147.0 0.4852941176470588 
4602350.129403541 26742.981264558384 0.1306706258558772 0.0 5256.0 648.0 8.073557302815628 
1776339.9999999998 15787.305113130376 0.3576981529109189 0.42699321954641106 1763.0 144.0 6.813663793103449 
2145586.5632468057 26802.85373556138 0.44383012628477425 0.2920285926942488 1815.0 204.0 3.118495475113122 
1614465.0 17813.354601597817 0.3426194915799133 0.47627119634788595 1395.0 129.0 2.45 
3710507.106539139 33924.33852909114 0.055325317543357164 0.0 3966.0 720.0 9.124550072924588 
1339955.0 15767.096807598095 0.10550894481162097 0.5931151058365868 1174.0 154.0 6.57709606735094 
4973870.006564204 15489.960072152342 0.5613180614833775 0.04264352622642192 5226.0 208.0 2.145320197044335 
4167723.757377027 17945.848913383965 0.2833177460837035 0.06608019639934534 5072.0 304.0 9.733086004798595 
1057362.8917435564 25813.053049481383 0.16802080897825578 0.5609071779284546 940.0 219.0 6.595588235294118 
1015170.0 17133.135329331733 0.10711425715605072 0.6641083943675145 864.0 153.0 2.2075471698113205 
4246472.933579663 12427.196855791159 0.5063718889380092 0.13651883046788588 3932.0 189.0 7.426013986013986 
3968087.371045581 29593.60583293367 0.08168713030851811 0.0 3911.0 604.0 7.666779514444163 
2372942.4298211397 19158.528245947367 0.4158313280511618 0.3126917452420576 2367.0 193.0 7.456213394448689 
895260.0 14495.97631465357 0.10275951462404678 0.6415164459141633 802.0 144.0 5.494172494172494 
2350884.9615867566 25751.95107623197 0.18491459042417974 0.29816634420384164 2279.0 310.0 6.597843201837579 
2998523.1269864202 17563.76153322027 0.4031762831833347 0.3040699608366253 2539.0 136.0 2.306089743589744 
1175520.3625600212 24118.369703826884 0.1673204113361229 0.5776863320454293 1023.0 185.0 2.035025976202447 
4206643.928740133 15207.602287852755 0.24415620852689612 0.1400814828189386 4588.0 267.0 3.67603995621237 
3332833.532306836 18209.94332927777 0.41410451250876784 0.20043254617722703 3857.0 147.0 2.3 
574555.0 22001.865884656097 0.07081482347439794 0.7350070142623334 468.0 127.0 0.0 
3924047.306772173 25891.59468057426 0.06797989244797756 0.0 4426.0 603.0 9.77714312354436 
3780754.363033219 16593.93722665223 0.27408355989339017 0.26844323382764695 3381.0 207.0 7.31155594362795 
1068395.0 22243.491155948894 0.2526621687521995 0.5833545243663356 900.0 132.0 0.0 
4067755.0 14879.337679813132 0.43023731587561376 0.21329202712181436 4612.0 155.0 5.20177304964539 
2360133.5793910893 23150.23130527846 0.43871288286181903 0.2693184475099369 2025.0 185.0 3.193331814384446 
3710483.7631506287 33924.56766057669 0.05532531754335716 0.0 3967.0 720.0 9.124550072924588 
4454846.376091927 17763.54604321496 0.4708342195114201 0.07525976938164011 4795.0 238.0 8.28006144393241 
757245.0 21325.652911400633 0.10109305588028993 0.6660918868365677 674.0 142.0 5.281949934123848 
2133295.0 13949.689687407214 0.318274013759725 0.44134581099959674 1745.0 145.0 5.52 
4471290.151119125 26890.733042132968 0.11436170212765957 0.0 4875.0 595.0 9.874379441064631 
1839355.0 20329.149628414896 0.2699906476502221 0.5164250642974048 1731.0 126.0 0.0 
771305.0 21079.105254239556 0.126461304652794 0.6665887304185176 672.0 135.0 3.466476913345984 
1137800.0 20608.305539268844 0.18900514379237784 0.5998947860649988 958.0 142.0 3.531533683707597 
1036175.0 19827.451240455135 0.18152326397007248 0.6052431610942249 903.0 141.0 1.753548387096774 
1039347.0303107864 21479.610939668342 0.1680217910966155 0.5609104565535301 901.0 169.0 5.0171568627450975 
3329017.1046412755 24502.322481095485 0.22366729015665185 0.36322188449848025 3073.0 290.0 7.840579710144928 
3687430.481735869 19066.99823155462 0.27320711996469427 0.249855438644107 3418.0 237.0 8.095524932184668 
3412391.4604726676 20598.631677707825 0.35538929155950433 0.3169862052840776 3244.0 172.0 4.159274193548387 
4618722.830800427 18696.129164105576 0.2204816460135609 0.0 5365.0 369.0 8.1424290633517 
4207824.404674907 29245.743647402047 0.06751265899144955 0.0 4417.0 623.0 10.015695528195478 
4463369.942289935 12224.199155789127 0.4453789804029992 0.1719968045442135 4063.0 194.0 7.2795947063689 
4147979.0642664335 18797.163393415456 0.4294506870735362 0.015226883486056128 4180.0 282.0 7.844524620333246 
5813903.350489718 21540.79083204164 0.40180032733224225 0.0 5918.0 334.0 7.888617615155555 
815600.0 18799.263417741422 0.11205349575342384 0.661887198311891 696.0 136.0 4.320971867007673 
2118145.2482298035 18906.50070117492 0.242430441898527 0.4571837736731354 1979.0 151.0 5.283333333333333 
4030598.4340404784 29552.8451106143 0.04898339713965041 0.0 4438.0 728.0 9.293587509817975 
4655653.292653892 26251.366351633747 0.13137128828618191 0.0 5057.0 555.0 7.726810653840245 
3663749.9999999995 17268.84039542945 0.42725625438391396 0.24929857376665887 3447.0 158.0 7.195121951219512 
4903061.6679285625 22219.270306879673 0.3195592062493792 3.5065161682546105E-6 4925.0 338.0 9.373614971984537 
913835.0 21446.751669520716 0.2097848959551087 0.6112052840776245 766.0 124.0 2.0 
1386590.0 19741.75361572787 0.1331833060556465 0.5896948795884966 1208.0 142.0 3.0892857142857144 
1452655.0 21123.379449199696 0.24161211129296237 0.5598842646714988 1286.0 134.0 0.0 
4187987.9866837123 17747.666800147395 0.3842966497207126 0.03764364776577848 4650.0 316.0 9.199416282642089 
4649386.619819749 15669.30920331201 0.4715922375496844 0.11035772737900397 4949.0 181.0 7.695950583390528 
2133295.0 13949.689687407214 0.318274013759725 0.44134581099959674 1745.0 145.0 5.52 
3281365.0 18076.244550222236 0.37649053074584987 0.3038929155950433 3538.0 147.0 3.0666666666666664 
1537110.0 19373.158806317973 0.22895881507809152 0.562603860435082 1464.0 145.0 2.125 
3903274.4496082123 33643.9411858858 0.05813117656728027 0.0 4000.0 730.0 9.67547735562916 
3445820.0 19260.179541997004 0.41498129530044425 0.28492518120177696 3285.0 139.0 4.0 
815600.0 18799.140343373787 0.1120534957535277 0.6618871983117132 696.0 136.0 4.320971867007673 
823856.0024181296 23050.892285729846 0.1088379705400982 0.6362812719195698 726.0 184.0 5.158001180405273 
2657959.9566202424 24985.082942256548 0.3420914192190788 0.2521042787000234 2654.0 270.0 5.060094472571637 
4080356.4982778784 27785.964472218602 0.14817629179331307 0.0 4242.0 535.0 9.028008912444744 
645460.0 21779.710762845643 0.14507930805349017 0.6892422311810648 524.0 122.0 0.0 
4751973.967152775 11899.314906379986 0.34098082768295535 0.14312017769464577 5299.0 304.0 9.309090909090909 
4067755.0 14879.335376557943 0.4302398307067797 0.21329327386034092 4612.0 155.0 5.20177304964539 
3649554.5291912747 18774.254759610438 0.4989186345569324 0.08662613981762918 4120.0 216.0 5.257391304347826 
4168037.386760875 30842.37396406768 0.0675126695853343 0.0 4349.0 612.0 9.684835787488304 
675500.0 22882.79774744542 0.13867854664413387 0.6753604652837748 591.0 134.0 4.0 
4926196.073518323 23511.38224953377 0.1755329738906116 2.2614421278518442E-11 4985.0 476.0 9.456072435785245 
4627642.075774287 21039.996878377653 0.3481704465747019 0.02495908346972177 4765.0 295.0 8.223685387935571 
694584.9999999999 20707.182546227054 0.12575987841945288 0.6684007481879822 628.0 144.0 4.910216718266254 
1180325.0 20032.63151348696 0.2593841402436454 0.5796719038955314 966.0 121.0 1.1052631578947367 
1828690.0000000002 20202.591090303238 0.20557633855506197 0.5105213935001169 1671.0 142.0 3.0 
3495095.0 20240.847824275752 0.3863104980126257 0.2550853401917232 3590.0 158.0 7.059531772575251 
1614465.0 17813.354603901764 0.34261949156820726 0.47627119633161347 1395.0 129.0 2.45 
4731206.264757475 16285.588089187959 0.30214227364599344 6.037234794217964E-7 5138.0 297.0 8.038940250729578 
3803666.542378163 18087.060173986938 0.44719031022921296 0.13952794801152094 3296.0 215.0 5.723459762283291 
4092301.4920251803 27838.836819803513 0.07321136310498012 0.0 4246.0 635.0 10.484040485211786 
815600.0 18792.50608052161 0.11205351352004576 0.6618871679036342 696.0 136.0 4.320971867007673 
2472310.0 21763.999780487113 0.34717675941080195 0.3272153378536357 2537.0 133.0 4.0 
3965708.5157621168 19727.095640629428 0.3589548749123217 0.1086918400748188 4621.0 264.0 6.229912442964607 
1297675.0 17135.74344927323 0.12748421790974981 0.597410568155249 1094.0 146.0 7.249384741591468 
3903106.839373414 33644.239213284796 0.05813103887758106 0.0 4000.0 730.0 9.67547735562916 
2133295.0 13949.689687407214 0.3182740137597251 0.44134581099959663 1745.0 145.0 5.52 
1197395.0 19945.513204909937 0.20028641571194764 0.5968552723871873 1108.0 147.0 2.5729548229548227 
862175.0 22539.435744208633 0.17602875847556698 0.65919452887538 695.0 129.0 2.0 
1311028.135391726 20275.353413809153 0.23085825845749972 0.5570818159840994 1253.0 144.0 3.3804945054945055 
1022615.0 22892.717419693734 0.2633874711388417 0.5832972372606228 848.0 131.0 0.0 
3278556.719082845 25508.078565379186 0.41617956511573534 0.11781038110825345 3319.0 276.0 5.678956726786056 
3940306.316751093 19614.678467254525 0.38561076866251065 0.12374339553163446 3725.0 226.0 5.867202107768145 
4580718.142873448 26762.77402758796 0.11769424053440411 0.0 5176.0 732.0 9.403709021525048 
3947226.589905107 17662.603910735692 0.5201387808013301 0.0685964243114118 4230.0 192.0 2.9492531795326826 
3494315.0 20273.92270773612 0.3979447411181787 0.2550868312213011 3526.0 149.0 6.436454849498327 
1151405.0 20078.857764129993 0.2225579650048388 0.5911596396784209 1014.0 121.0 1.0857142857142856 
815600.0 18799.140343373787 0.1120534957535277 0.6618871983117132 696.0 136.0 4.320971867007673 
4333983.512260478 17538.944824103815 0.5001753565583352 0.10328501285948094 4872.0 182.0 7.373037417461482 
4609633.284310732 24976.130704360778 0.14876307172374334 1.4910295779268364E-6 4886.0 534.0 8.460094805661893 
2133295.0 13949.689687407214 0.318274013759725 0.44134581099959674 1745.0 145.0 5.52 
3853636.929981421 33813.25008019119 0.0342531812788244 0.0 3878.0 721.0 10.028541781790143 
1700195.7349425952 19130.585587886337 0.21975216184255505 0.5051474780977185 1714.0 176.0 4.780194805194805 
4830857.456563591 23572.292514635858 0.1696014385346768 1.1715720492005322E-6 4892.0 482.0 6.3539303965078355 
3982190.6296191993 27665.125440948792 0.1561550151975684 0.0 4157.0 465.0 8.808774876888187 
4207145.103847639 25841.900402169358 0.21454966188341826 0.012187280804302082 4064.0 359.0 7.755237166815217 
5035378.750656479 16076.356889560266 0.2735562310030395 0.0 5487.0 427.0 8.84965846525067 
2167525.0 20539.771085283686 0.32367898059387423 0.43318915127425767 2057.0 131.0 2.0 
3994900.6210118537 28861.199199081162 0.07958265139116202 0.0 4431.0 658.0 8.6760891799963 
2124790.0 16254.773188488865 0.31409468245273414 0.44134581099959674 1749.0 155.0 6.1866666666666665 
3902600.847536289 26735.083071239773 0.18845076078451717 0.012187280804302082 3872.0 384.0 8.038290795633191 
