1.4219535422539052E7 33481.024468898526 0.2822183582899782 0.5052674746688909 14305.0 629.0 5.625688355263115 
5.656352733441809E7 36159.646916223675 0.31408475327089913 0.005778312172670872 59791.0 1118.0 8.877312693649555 
5.044229166793588E7 33593.82270829464 0.5245854606413414 0.03516344267397316 51981.0 793.0 7.016877025270794 
1.596747100890771E7 39933.920785946466 0.2762635457991341 0.4552873892619531 15598.0 713.0 7.180457152559137 
1.7913525814744342E7 32720.679120058885 0.3867419664329567 0.42873726486974434 17491.0 619.0 10.018734971583642 
1.6768447991801986E7 40531.51881711426 0.3994926544359633 0.37999781910643177 15400.0 630.0 5.602907964381007 
5.098364976696723E7 39367.95842043912 0.11952248668056639 5.999794589959217E-9 53306.0 1905.0 13.026094318665024 
4.847222144050748E7 35910.344877727846 0.5435968787801699 0.03115509015299792 45201.0 873.0 11.647612796565497 
1.1096070883790601E7 31125.710608847003 0.20995031591188731 0.6070180721327816 11701.0 650.0 10.063983171818915 
2.499584685892346E7 42296.02248176357 0.5560314647644456 0.1935812508235687 22810.0 704.0 6.728932340505481 
2.2948736301283836E7 36127.31508333879 0.48739776435919663 0.27116536044979095 23177.0 684.0 10.071477293329222 
1.7491668152291745E7 34200.844676555724 0.40148065850885434 0.37472289569456485 18047.0 632.0 5.994613373215464 
4.344683630397206E7 48094.52476110912 0.08771299171361865 0.0 43717.0 2002.0 13.322987879436422 
4.826088045152459E7 37266.668501739005 0.12177544494388612 9.032969052756066E-74 54009.0 1818.0 12.647367672089063 
2.1138769653606627E7 33270.5394172977 0.18576785704739604 0.41940282644628857 23558.0 886.0 10.450297972309437 
3.1234355433921266E7 38237.68940540047 0.1720981628634541 0.2648315090600376 32562.0 1381.0 11.429920626394711 
1.1483283129981935E7 33871.94376275641 0.21751477545053186 0.5825140901520531 11279.0 627.0 7.2489955035063565 
4.6279053336737506E7 39030.7386419046 0.30884097466353505 8.699517000173576E-68 51714.0 1403.0 11.664936260838491 
2.51657099345034E7 35567.637721947394 0.5874098206213682 0.17212932377504808 24877.0 644.0 5.725650577183551 
2.703001366102286E7 42010.58082901618 0.24585089953186368 0.30833240774042175 26813.0 1080.0 9.994816901980146 
3.29521186362852E7 37156.31287136894 0.5364589057992456 0.16351104052564128 31534.0 704.0 6.908126740429243 
3.427669950315842E7 35153.33889797202 0.24767829573442116 0.25559556591117516 33287.0 974.0 10.775650426534561 
2.9262879870956056E7 35005.079319711214 0.485144628592415 0.13775538634616888 35047.0 838.0 7.158869877666917 
5.16325985593537E7 33561.372827530504 0.18878936708988114 5.970014345296503E-31 52435.0 1185.0 11.668610338000448 
4.531062823195086E7 40559.836346433454 0.3870692868058664 0.006136583022138578 46030.0 1144.0 11.195052465583792 
4.797353236197489E7 41227.655568512906 0.10713520493100263 9.032969052756066E-74 52942.0 2025.0 13.34098110798007 
4.311862164275108E7 44996.20589667783 0.38810217484547294 9.967977871089126E-4 42118.0 1367.0 11.591614254480206 
2.5123109796239223E7 36258.54426110976 0.5334166123387795 0.2236616863940334 24521.0 679.0 8.01144719089461 
5.1338829733838595E7 39767.09130783624 0.12566388221185046 0.0 54553.0 1912.0 12.72578749287774 
5.06283404474092E7 34495.329675123656 0.28139273602225096 8.150890108349731E-4 56448.0 1158.0 10.003547640770133 
1.8560729701199573E7 37458.284647190536 0.4108052880118177 0.3892599191758931 16611.0 640.0 6.857157308521057 
1.1483283101367272E7 33871.966857313404 0.21751477545053186 0.5825140901520531 11279.0 627.0 7.2489955035063565 
3.547420401001402E7 33446.67857147588 0.5313346924351883 0.11984931102815843 38751.0 772.0 8.789668812721462 
4.8666248332453765E7 38960.477475666536 0.16574384483702007 4.0417981278504005E-7 52533.0 1594.0 12.09487195102733 
1.9072703842191108E7 39285.30796003772 0.4435386736774778 0.3248626288049641 17739.0 632.0 4.802629083685223 
1.032520168002455E7 33809.832860374496 0.20398532215258483 0.6148425267162574 10415.0 639.0 9.908867940691074 
2.4760578369809028E7 41606.133010917525 0.5694051581659085 0.19358124524963555 22815.0 689.0 6.411999164796173 
1.7913490628446784E7 32720.944280346535 0.3867419664328345 0.4287372648699387 17492.0 619.0 10.018734971583642 
2.532194129943931E7 35535.564458610366 0.5870931303154144 0.16978789216873508 25166.0 649.0 5.887270871782569 
1.3326824030911898E7 33362.876958264605 0.2734808178725844 0.5193420303940258 13564.0 616.0 6.001940580027927 
4.882919436013566E7 37804.74587883443 0.08606725893068518 9.379202305877535E-80 55268.0 1980.0 13.057895516978665 
3.40765468751136E7 40015.10223242547 0.6366940780021368 0.0531261681339135 33566.0 773.0 8.463472002485933 
4.6312355319351405E7 35083.717135144085 0.48206572990036184 0.05020379233576237 47834.0 920.0 8.79044697946664 
4.361257527017768E7 49123.13576298096 0.06662451042692018 0.0 43789.0 2075.0 13.381601075651815 
1.2013031402271325E7 35808.64587269956 0.23660443861949573 0.5711078662868039 11599.0 643.0 9.53081916020327 
4.774889286465335E7 40511.88628907161 0.14910449304588824 9.379202305877535E-80 54227.0 1876.0 13.217594233786592 
4.882918806069573E7 37804.74012642125 0.08606725893068518 9.032969052756066E-74 55268.0 1980.0 13.057895516978665 
3.672493759785834E7 40464.717005653714 0.6093858755585828 0.031227774284510495 34659.0 797.0 9.467287025189338 
4.475676748312985E7 49172.2013744505 0.12879970783940195 0.0 43468.0 1891.0 13.088512733798899 
5.082843104270597E7 39584.18775236378 0.22186572943350252 2.0100121050952791E-7 54775.0 1575.0 12.031805290998303 
1.5782629224324128E7 38870.80312749461 0.2974870242267165 0.4516272688835011 16726.0 729.0 9.179185611767991 
4.484696444669651E7 36795.39687081781 0.5283905366608347 0.03505401911565438 46186.0 880.0 9.662588463636538 
2.645231897384726E7 38188.18676836924 0.6251531538259912 0.12560171283072877 25966.0 661.0 6.001893657621144 
4.361259617566582E7 49123.09718289284 0.06662451042692018 0.0 43788.0 2075.0 13.381601075651815 
5.133823200010532E7 39766.394733540634 0.125664012692423 0.0 54554.0 1912.0 12.72578749287774 
3.547420401001402E7 33446.67857147588 0.5313346924351883 0.11984931102815843 38751.0 772.0 8.789668812721462 
4.660126067198831E7 38723.57383215551 0.30068509928093023 9.032969052756066E-74 52512.0 1433.0 11.812452845715192 
1.3326816779038202E7 33362.79477129993 0.2734808178728669 0.51934203039367 13563.0 616.0 6.001940580027927 
4.8133635136688106E7 38909.57055247762 0.1556252926655355 4.0139284909956076E-7 51917.0 1578.0 12.74947674491027 
4.8389842445442535E7 43010.0958729235 0.14416173027302887 0.0 49295.0 1759.0 13.03376014634345 
2.7858848357122403E7 33713.89776213196 0.48663458808302834 0.22820423297170445 29006.0 717.0 8.829059807291424 
4.668278843455187E7 44463.62740937221 0.09282679392469863 0.0 48005.0 2014.0 13.417788212578765 
1.9072702359900817E7 39285.31065519486 0.4435386736774778 0.3248626288049641 17739.0 632.0 4.802629083685223 
1.0325201679738756E7 33809.832901296395 0.20398532215258483 0.6148425267162574 10415.0 639.0 9.908867940691074 
1.1483283101806065E7 33871.966503154814 0.21751477545053186 0.5825140901520531 11279.0 627.0 7.2489955035063565 
2.3797942378675133E7 35480.57683356002 0.4909747337780762 0.2529271816328732 24225.0 673.0 6.183631866398461 
2.449690170143363E7 40258.49507084034 0.5707388236759995 0.17707678969146026 22647.0 659.0 5.724995447761512 
2.285244085539883E7 32096.09296130592 0.43669602033254223 0.3458214267040447 22909.0 667.0 10.324517077218688 
4.882919436013566E7 37804.74587883443 0.08606725893068518 9.379202305877535E-80 55268.0 1980.0 13.057895516978665 
1.1483283101309013E7 33871.96690435462 0.21751477545053186 0.5825140901520531 11279.0 627.0 7.2489955035063565 
3.865392070245538E7 33863.891728522045 0.4900818435173877 0.12081495788175911 41543.0 795.0 9.413363445865311 
4.361259617566582E7 49123.09718289284 0.06662451042692018 0.0 43788.0 2075.0 13.381601075651815 
1.032520168002455E7 33809.832860374496 0.20398532215258483 0.6148425267162574 10415.0 639.0 9.908867940691074 
2.300675209087928E7 35929.28428199621 0.41082086297768416 0.33283701110183533 21463.0 681.0 10.019905105498955 
2.1198984099291474E7 36482.61517486808 0.4793039943491637 0.2958672091927093 21048.0 662.0 9.732822551844292 
4.759008623124132E7 41087.36876471106 0.26084450359211425 0.0 49106.0 1556.0 12.522486870950601 
4.608777520738892E7 42202.01542749232 0.41339549468634645 0.0 46654.0 1113.0 10.206603358908463 
1.9072693349181935E7 39285.32276234762 0.44353867367744476 0.3248626288046262 17739.0 632.0 4.802629083685223 
4.477303776307722E7 47087.26044624482 0.08326374787740481 0.0 45275.0 1940.0 13.100413234272422 
4.279018693907583E7 44591.795844992645 0.3959623378021409 9.967977871089126E-4 42212.0 1347.0 11.587465161776446 
1.5996642162472736E7 38391.751044730336 0.30082006336656403 0.44825269654564925 17040.0 728.0 9.326919404080096 
2.5481261310970623E7 39133.13284354524 0.5513953110356279 0.20112468164262817 23232.0 675.0 6.560370539720654 
4.8837669627038E7 39885.93313987045 0.1719059065399212 0.0 54576.0 1715.0 12.361575258777755 
3.843064435361185E7 33355.504811839666 0.5568049617433686 0.08172176481469882 42091.0 783.0 8.773590241177706 
1.3326823995518595E7 33362.145842378035 0.27348109000343696 0.5193416877102799 13564.0 616.0 6.001940580027927 
4.854868541376224E7 37361.14773248487 0.16667831680689288 4.451707428419492E-7 51407.0 1490.0 11.615244342861587 
2.52908812863396E7 36279.519914565724 0.5659786685273559 0.20203845147463773 24671.0 666.0 6.7562014109161455 
4.209660417280149E7 40277.44206302729 0.5161128208960662 0.015637265285255282 41026.0 1048.0 10.09067079084657 
2.2128122264783382E7 35098.05201183808 0.48539848507660277 0.29755940545227055 20172.0 607.0 7.3595130380148515 
4.773214132451317E7 40638.60876205039 0.34904499602838795 0.0019364853569518786 48178.0 1261.0 11.381445078125184 
2.5165539923290994E7 35570.530635785435 0.5872177295805981 0.17364009385245557 24743.0 641.0 5.698784939110591 
2.764731669979917E7 39074.0133688234 0.5531287477221637 0.16401979056884905 26484.0 707.0 7.145398764972815 
4.4341268714342915E7 34782.47824662733 0.5099549883966628 0.03531879325293198 44634.0 826.0 9.40545136911817 
3.1067162191023223E7 32268.646094460528 0.4626959267153077 0.24593883807406847 32611.0 690.0 9.253206860172506 
4.882917183504766E7 37804.72470367861 0.08606725893068518 8.699517000173576E-68 55268.0 1980.0 13.057895516978665 
4.398701587834008E7 47869.8091957611 0.08456166031504013 0.0 44705.0 1997.0 13.30989636807434 
2.3006755798868507E7 35929.20448548073 0.41082086297768416 0.33283701110183533 21463.0 681.0 10.019905105498955 
4.281010077397138E7 44670.32716594247 0.39265525691104614 9.967977871089126E-4 42142.0 1354.0 11.497278758267672 
1.2647498448960772E7 36252.79147572955 0.25241281922156406 0.555433840211404 12333.0 647.0 10.015045194201175 
1.1483283101309013E7 33871.96690435462 0.21751477545053186 0.5825140901520531 11279.0 627.0 7.2489955035063565 
1.1096049222711492E7 31140.93062356571 0.20995053390958837 0.6070187024178262 11701.0 650.0 10.063983171818915 
3.6460780426879846E7 39701.24443846386 0.6240834278409225 0.05105987633157799 34698.0 813.0 9.261989936517047 
2.0915473747304052E7 38477.64798699132 0.49250123626548825 0.281179920795974 19574.0 643.0 6.556783285557444 
5.075338597903073E7 37845.23311813139 0.3990252702646383 0.017408178337156337 52289.0 994.0 10.822485984138824 
4.736844952495581E7 45008.59583973841 0.11415399471490055 0.0 48733.0 1946.0 13.120498475657623 
4.741222000145401E7 31993.756067833496 0.3805172671819656 0.03756685413183049 53763.0 1016.0 10.826636651243927 
1.3326816779038202E7 33362.79477129993 0.2734808178728669 0.51934203039367 13563.0 616.0 6.001940580027927 
2.6105786185290493E7 36894.36031856387 0.5105006416885755 0.19725693708959968 29239.0 762.0 6.791835533545744 
1.9072693349181935E7 39285.32276234762 0.44353867367744476 0.3248626288046262 17739.0 632.0 4.802629083685223 
1.791345571157369E7 32720.99562716619 0.3867419664328345 0.4287372648699387 17493.0 619.0 10.018734971583642 
4.887428588877028E7 38944.49290523981 0.22877044782336597 4.4517074284174746E-7 51474.0 1306.0 12.336880736520643 
3.3638232651407555E7 37129.99253650057 0.5287539521433726 0.1711635006255938 36916.0 815.0 9.743493050472456 
