1.694008142221811E7 31731.392697002662 0.3566718998552526 0.4439540060885096 16500.0 618.0 9.13220508811016 
5.502241434952644E7 34768.901917551884 0.30949013793188873 5.630321687236177E-25 57254.0 1076.0 8.5965495232037 
1.4501490358483868E7 39277.02603104847 0.3489675071341244 0.43016493488675833 14080.0 603.0 4.007676984433927 
4.5599353498442225E7 31717.753578262767 0.48420489337463785 0.09727602307653174 48369.0 766.0 6.781238009049336 
1.055749572218819E7 38999.84716247496 0.17426830645270053 0.5986809042614473 10989.0 708.0 9.561248614261633 
9255661.694506824 39455.5927764453 0.18565359843087195 0.6161403960610745 9571.0 625.0 6.0590149877196575 
3.6044710559164524E7 34865.217638070855 0.25818096694385445 0.24855567516258015 35012.0 913.0 9.184417994913035 
2.650084191579496E7 32993.25127758478 0.4547163071964647 0.2540121110931134 26366.0 713.0 9.40344854384022 
3.628738918097385E7 35492.70533116581 0.454628048918909 0.14476409461530962 33964.0 785.0 6.501439669277562 
4.6074322015025415E7 43061.21570155245 0.30600142260134866 4.609001839627428E-9 46934.0 1116.0 8.152594237234638 
1.9693998256435346E7 33196.39645678813 0.17643321089500874 0.46601334878369904 22595.0 881.0 11.098301012909348 
2.366236802887741E7 33528.780060786885 0.5577705380553809 0.19614055739131897 23530.0 606.0 5.003177505801402 
1.5816391465116914E7 39521.72320949128 0.20958193765586974 0.4762720661403213 16204.0 778.0 7.181273727284594 
1.2707875613412257E7 32710.186212934354 0.2535292843995814 0.5396829340404938 12661.0 591.0 5.867037408371059 
1.0028215812801013E7 31115.582824302208 0.19417309764450397 0.6100558229778861 10273.0 604.0 7.603382390807622 
3.3419618418226458E7 39774.63907564756 0.18717992327498373 0.24125102275597202 34558.0 1103.0 9.974171473725727 
4.117954641344592E7 46243.039766988695 0.04795012688405061 0.0 41815.0 1895.0 12.769755470392445 
4.608057933281019E7 36785.04211594641 0.06599631607950178 1.1209931278413161E-38 49954.0 1770.0 12.553745263366848 
2.2308437270137772E7 40053.60212938596 0.5007195518126696 0.25001975535060467 21359.0 663.0 5.410117402937803 
1.8126079447551772E7 32553.946139803684 0.3874324565666131 0.38859538731824017 18170.0 611.0 5.157568142572008 
5.009797946996081E7 31694.8613895281 0.2656466063669219 1.0013751426016488E-20 53780.0 1165.0 11.367268312106422 
3.1832147534533665E7 35673.66256667156 0.571174922255045 0.11699382712844661 31916.0 671.0 7.452278978072501 
1.9343551272711948E7 34577.22192638661 0.4579506672616982 0.3194631964482184 19426.0 597.0 6.558542838854843 
1.1503221785868492E7 35351.551249876335 0.24824937388638998 0.5443450415540078 11479.0 592.0 5.721268704023908 
1.45015868068165E7 39276.69190184311 0.3489674836255441 0.43016497003373005 14080.0 603.0 4.007676984433927 
3.90750729413803E7 32167.364639684107 0.4176165159155658 0.2718042667808734 39897.0 692.0 8.235690318328317 
1.1453850660112537E7 37626.29396803539 0.20918736060405946 0.5739063259279564 11429.0 648.0 8.808348309775962 
1.1352034179790806E7 40148.4691100509 0.23144917784949182 0.5578070033351193 11011.0 632.0 5.993179185947817 
4.33280137949658E7 44417.2991896695 0.11684338613341166 0.0 43422.0 1557.0 11.486645339106252 
2.139118134275451E7 39013.21784624906 0.48955751643889356 0.2760818100372816 20507.0 639.0 4.93144284427457 
5.714041381619901E7 34806.8441863886 0.38570323491695957 0.002735999418535228 59865.0 1035.0 10.009029470875237 
4.513389419360535E7 40442.46845581524 0.07227310708840318 0.0 49346.0 1854.0 13.07464061380317 
1.0448518684354497E7 38563.49236618567 0.1900249533002951 0.5990649171145911 10429.0 655.0 8.76452591595357 
1.6940055959298704E7 31732.312269309587 0.356671899855049 0.4439540060887731 16500.0 618.0 9.13220508811016 
4.862237227386541E7 38839.28801607874 0.2526360601608373 0.0 51740.0 1312.0 12.120970673417618 
4.308467230085783E7 44938.79105910865 0.09365228325856748 5.0155959589332236E-21 44638.0 1815.0 12.326322290528172 
5.148733070221484E7 35868.24542259572 0.1611386222658928 6.220270781816452E-7 55971.0 1551.0 12.535815905780158 
4.400778512647278E7 34877.22397263588 0.4570782005498857 0.09547443891291699 46193.0 810.0 6.518778481712728 
3.0273948050119694E7 33888.554113498336 0.41837973256773553 0.21255133243694208 32185.0 741.0 8.067851527853 
4.6103969134339415E7 43380.891469013266 0.24913195206373687 5.357330092174321E-33 46561.0 1307.0 9.468531069963507 
9255569.198273176 39459.2642716082 0.185653587849035 0.6161404405015555 9571.0 625.0 6.0590149877196575 
9919635.875306329 32209.817119099054 0.20223054271486185 0.6122726574213673 9790.0 584.0 7.697106679744677 
1.735652055875795E7 35594.47413739851 0.20596850374910927 0.4883582093100285 21858.0 788.0 10.638550868676445 
1.1850273974539569E7 37781.55263792543 0.258321184860303 0.5436960846613587 11604.0 614.0 7.666226995869473 
4.684510771667979E7 41087.942428599206 0.09695415976176533 0.0 50244.0 1871.0 12.649916645772015 
1.6739781984941415E7 32340.021094439046 0.3539459133928989 0.4297439997508008 16511.0 601.0 7.169983095527272 
2.1875943790686592E7 38000.86863665152 0.4839400618539345 0.26263035936797885 21165.0 639.0 4.394209835517227 
4.9614592240653194E7 32489.519922975673 0.4110959151997362 0.03818458391523074 54166.0 929.0 7.874611306190254 
1.690605971068297E7 37706.36018077796 0.41447059654194235 0.35965190990609336 16546.0 599.0 4.246761015563713 
1.0448518227313941E7 38563.34661291642 0.19002494736519715 0.5990649485905697 10428.0 655.0 8.76452591595357 
4.79127982882448E7 34421.567654250706 0.4602812835834843 0.012698775289823848 50097.0 945.0 10.302027856786943 
1.0340410921709336E7 32752.267208048685 0.215931419248922 0.5780850092757744 11242.0 583.0 5.741981375956093 
5.179753635523809E7 36654.264417768085 0.2709885420290006 0.0 57290.0 1316.0 10.895862666764765 
9922471.64283661 31400.20686094105 0.20202287650921413 0.6122726574213673 9959.0 583.0 7.59983126667979 
5.7533135095997445E7 33254.74171102955 0.2176028076441851 0.0 67045.0 1809.0 13.027022691058418 
2.8232194743537527E7 36285.20357710804 0.5668664415564998 0.1499246171673499 28374.0 647.0 7.3714567175673835 
4.3552493396074794E7 44398.044358726365 0.11253429677642743 0.0 43842.0 1569.0 11.526556253684305 
5.017886590450692E7 36192.43380720434 0.25166569380304665 2.6374838263820266E-7 53710.0 1305.0 11.548859694514933 
1.6940055959298704E7 31732.312269309587 0.356671899855049 0.4439540060887731 16500.0 618.0 9.13220508811016 
3.2537874678859096E7 36125.64255312613 0.5483108967536614 0.14419288017153212 31006.0 703.0 8.459802457706317 
9255569.198273176 39459.2642716082 0.185653587849035 0.6161404405015555 9571.0 625.0 6.0590149877196575 
4.132701882759507E7 44491.36029066999 0.052498008265116795 0.0 42818.0 1832.0 12.716914040382186 
4.6808340023384266E7 43511.842789874616 0.1973556291015892 5.357330092174321E-33 47830.0 1449.0 10.3567051267133 
3.609195299904849E7 35601.04640766035 0.44112945546504545 0.17912749134307906 36648.0 764.0 8.03982151976154 
4.319710222878049E7 44376.177001549055 0.09524093152140961 0.0 43806.0 1641.0 11.467213004878849 
4.604572846506127E7 43489.98204878013 0.29752338163445863 4.785664650189161E-15 46140.0 1141.0 8.57248182728874 
1.1850289768630138E7 37781.31946501495 0.258321184860303 0.5436960846613587 11603.0 614.0 7.666226995869473 
5.473279437195968E7 33149.88548252357 0.4830626145840966 0.03444181845744056 55271.0 915.0 9.767800522436918 
2.3150559646873217E7 34820.98212956557 0.44368877098075454 0.31384041906996785 22414.0 650.0 7.887936857122903 
4.1588610009146936E7 45804.23557632527 0.04811627389658181 0.0 43606.0 1961.0 12.999354060260405 
9919562.935794638 32214.34923398591 0.20223054271512506 0.6122726574208273 9789.0 584.0 7.697106679744677 
9255568.49428919 39459.29440081049 0.185653587849035 0.6161404405015555 9571.0 625.0 6.0590149877196575 
2.2454224584842883E7 35505.91915231793 0.386886931060083 0.35262723435626137 21921.0 669.0 10.64774343721712 
1.6940055959298704E7 31732.312269309587 0.356671899855049 0.4439540060887731 16500.0 618.0 9.13220508811016 
2.3662401341561504E7 33528.77490761081 0.5577706617491309 0.1961407312342433 23531.0 606.0 5.003177505801402 
1.150322885417249E7 35351.52301335157 0.24824937388664436 0.5443450415535258 11479.0 592.0 5.721268704023908 
5.414891933798818E7 34595.71284714777 0.2584925624323273 5.846131636601315E-31 57838.0 1284.0 10.307149369103435 
1.690605971360185E7 37706.3601667834 0.41447059654194235 0.35965190990609336 16546.0 599.0 4.246761015563713 
1.0448518227313941E7 38563.34661291642 0.19002494736519715 0.5990649485905697 10428.0 655.0 8.76452591595357 
5.904764464573749E7 33968.43776447485 0.26376739823515793 2.6902043933912384E-7 60047.0 1345.0 11.38724921751444 
4.964102626591848E7 36829.889009341605 0.31812872176391493 0.017173977374790386 50150.0 1107.0 10.903889815852665 
2.1391198409273054E7 39013.926354375966 0.489557512859505 0.2760818270932837 20507.0 639.0 4.93144284427457 
5.273854754414188E7 35988.77041703514 0.13634843897313215 7.539284196406602E-37 58937.0 1885.0 13.135028901574259 
2.1948065890310034E7 33289.930454795016 0.1821492146936261 0.43569930589028877 24505.0 908.0 11.15717782450355 
1.0340433862626618E7 32752.225478155262 0.2159313206325706 0.5780856083159942 11242.0 583.0 5.741981375956093 
5.364033013387543E7 34011.58386590389 0.46145999343888533 0.05746117943899033 50852.0 839.0 11.00642972273643 
4.846434673147591E7 38810.26034250616 0.22449731851290383 0.0 52021.0 1384.0 11.599809818809145 
9255569.198273176 39459.2642716082 0.185653587849035 0.6161404405015555 9571.0 625.0 6.0590149877196575 
1.2244115313668316E7 31963.1451043565 0.2317917963944436 0.5682941923845325 12151.0 606.0 7.938575270576596 
2.2033204261779334E7 36840.605324270604 0.31857573007706536 0.4147817403103948 22678.0 683.0 9.026763324987318 
1.6997556361772526E7 35169.1732965879 0.3994195735578895 0.38379789945851095 17411.0 603.0 5.953530547793239 
1.6940023485928632E7 31733.10288915345 0.356671899855049 0.4439540060887731 16500.0 618.0 9.13220508811016 
2.5382208510836862E7 35425.78525401666 0.5110924903741203 0.2415002222025797 26912.0 724.0 8.935710565759496 
4.6983144547321156E7 32416.758670676496 0.4341103699606866 0.10606604416063016 57416.0 889.0 8.391580365748482 
2.139118134275451E7 39013.21784624906 0.48955751643889356 0.2760818100372816 20507.0 639.0 4.93144284427457 
5.337609650416029E7 36122.71194914653 0.1977810888966187 0.0 55402.0 1432.0 11.854949038218264 
2.8232157956532057E7 36285.346754245904 0.5668664415558886 0.14992461716718825 28373.0 647.0 7.3714567175673835 
4.362071623838784E7 43938.99312929324 0.1092220774630945 4.8304452341092036E-15 44053.0 1696.0 11.757659227974 
5.418383160051833E7 37613.99080245281 0.2911996345078576 0.0 56671.0 1192.0 10.156318654037527 
1.0448518227313941E7 38563.34661291642 0.19002494736519715 0.5990649485905697 10428.0 655.0 8.76452591595357 
4.564249254819447E7 41175.532859941435 0.0709338318945243 5.846131636601315E-31 49659.0 1884.0 12.66128844445252 
4.71426128656833E7 41632.2654900335 0.27615963010080014 0.0014536619301515443 47316.0 1237.0 9.610750673122718 
4.158901271359167E7 45804.16035348623 0.048116259848584385 0.0 43607.0 1961.0 12.999354060260405 
1.30694888797071E7 38648.767469872066 0.3265653174710297 0.463541639627288 13107.0 606.0 5.3511483707396295 
5.52714929383228E7 33847.4421614734 0.2190670091220117 4.534241763501544E-16 60476.0 1367.0 11.905406631521663 
5.172169682999146E7 36623.00631345095 0.37045572994273596 0.010825050700619456 52273.0 1161.0 11.716496594918205 
1.6906247131057035E7 37705.141276384194 0.4144706686741688 0.35965180916571166 16546.0 599.0 4.246761015563713 
2.1391196760355752E7 39013.67488585775 0.4895575048490142 0.2760818370983113 20507.0 639.0 4.93144284427457 
1.0448519709003456E7 38563.12445267249 0.1900249614779042 0.5990650867420306 10429.0 655.0 8.76452591595357 
4.162387271708874E7 46016.752195157685 0.038220975251537385 0.0 42643.0 1953.0 12.914255252715261 
9255568.49428919 39459.29440081049 0.185653587849035 0.6161404405015555 9571.0 625.0 6.0590149877196575 
1.1503221857594276E7 35351.551031517396 0.24824937388638998 0.5443450415540078 11479.0 592.0 5.721268704023908 
