1.4771371771197043E7 30500.874307920618 0.34374472259504923 0.4723054415709707 16012.0 590.0 9.95009831336624 
3.629538585624821E7 34227.56016713639 0.4371943602685464 0.19532590991774754 38791.0 759.0 6.053207504400147 
4.429626105209826E7 38137.03689280575 0.08441110426194416 0.0 49248.0 1734.0 13.044406632183957 
4.504782665069607E7 44147.84111229934 0.16822001076897164 0.0 45367.0 1401.0 10.696554150346218 
1.3130614096563634E7 37320.9519050605 0.21513699739586578 0.5492096224213049 13521.0 623.0 6.048923571869657 
2.4911243390057404E7 34241.50501973672 0.4910475065431079 0.23475103216481216 24468.0 692.0 10.225887847542314 
1.7166459479215465E7 43884.580362856075 0.265381817405545 0.4721446918613083 18208.0 713.0 7.4297347530587965 
5.2974303270640954E7 32979.57047337017 0.265158693049853 0.0028558742740360963 56629.0 1118.0 11.134034700333753 
9846005.242584104 31894.67765596749 0.19600055762356136 0.6164986669541992 10340.0 613.0 8.873777345876043 
1.4453582485045023E7 38544.57000826036 0.33959653660812184 0.4394943893354521 14235.0 600.0 4.38907245914948 
1.2600820407334154E7 32126.358485209665 0.26247984493597626 0.5271289657720215 13545.0 581.0 5.20958151996342 
4.161655167826534E7 47209.527569198544 0.03238036434972463 0.0 41701.0 1947.0 12.735909041104412 
3.744535155630482E7 33961.28172475885 0.48309882225589895 0.15553144322671417 35770.0 735.0 6.790571724438095 
5.5205846286631025E7 34024.039611649954 0.3203406522352001 0.004314260942705812 57249.0 1095.0 8.035846683445806 
5.23212847105856E7 30188.443371050256 0.47925184515343805 0.035085673573702805 54156.0 918.0 11.35558848985455 
1.7471156348569088E7 33084.300207432374 0.22470003825178816 0.4808978240734972 18556.0 752.0 10.905003902229279 
2.3413837511487115E7 39239.891350125625 0.4441980079022036 0.2523923496905208 23380.0 687.0 6.751324934577706 
1.760361180042257E7 32308.248714889072 0.3580684550880297 0.40569150769818624 18726.0 617.0 5.5876249123485415 
3.873485165870865E7 35525.319178723876 0.2690056038150419 0.2053974523509891 37245.0 1061.0 11.519816165415312 
4.211721045146666E7 31946.528190589157 0.4830365572504152 0.10931592448123464 43843.0 749.0 6.297426726390141 
2.4778410837952804E7 34045.25353388269 0.5748356254491328 0.18602723096002532 25061.0 636.0 6.098252055467135 
1.1550973234671576E7 34426.29235502515 0.19777609739095936 0.576834430084906 12508.0 619.0 6.186165959272508 
4.6007420912102126E7 35252.28790146415 0.30056564403931 0.0020252479622562495 51030.0 1168.0 11.304800189707922 
1.0972863745903857E7 34887.44112687502 0.19275577729494012 0.58709831098442 11655.0 610.0 5.929039782387639 
5.048054742145446E7 35654.43973433303 0.3636335318274088 5.555065233079115E-4 54211.0 1083.0 9.889198437937651 
5.752887021064151E7 34988.683447266056 0.30528478487278227 6.423763126033003E-7 57453.0 1213.0 12.100842010573663 
2.4778319838923033E7 34045.04873108237 0.5748356321982299 0.1860273870192008 25062.0 636.0 6.098252055467135 
1.253454193124091E7 39236.55050188871 0.25984753147181344 0.5385148128304489 12241.0 611.0 7.4924861263645655 
4.177453615590601E7 45391.80581959266 0.04473647261648025 0.0 43559.0 1903.0 12.435916172779862 
1.8978341240067795E7 34437.093432976806 0.4532470687914495 0.32589576817772165 19058.0 610.0 6.615464285410379 
4.417939349537961E7 39822.74416912389 0.04723890216635416 0.0 49105.0 1927.0 13.2207183268856 
1.260062536662348E7 32127.269090455888 0.2624797006285478 0.5271295131052459 13545.0 581.0 5.20958151996342 
4.4838332332780555E7 33182.876596448536 0.47298575207438304 0.034524584347097584 45993.0 836.0 6.879850806375197 
4.3967362845410384E7 34501.91527889309 0.46742020515187793 0.014049010518332225 47684.0 907.0 9.198613073630536 
1.3130614097863657E7 37320.951888094954 0.21513699739586578 0.5492096224213049 13521.0 623.0 6.048923571869657 
2.262146069997518E7 39258.68691838142 0.438440468328827 0.2861017315208227 21974.0 659.0 6.596269790716592 
5.351332622112401E7 35945.86655083041 0.24594971936139404 6.139945140736758E-8 57647.0 1495.0 11.823211373179042 
1.732418496284257E7 31674.41691243747 0.2632895988304239 0.4859337295604537 18447.0 675.0 10.711864534412294 
5.411604513814741E7 34520.881649346185 0.21946688328610542 5.045595451704198E-7 56932.0 1421.0 11.788956497681733 
4.384128652421568E7 43531.56554940523 0.12931376099485087 0.0 45365.0 1664.0 11.60892879055323 
4.620813971587469E7 34005.60110348683 0.5476158125561352 0.013867089641341066 46468.0 806.0 8.195898460045813 
9678931.857031334 32174.37187319376 0.1970388864955405 0.6186635826522757 10094.0 602.0 9.093777345876042 
1.2643142805875307E7 36542.350221134315 0.3044905740310659 0.48964057133099503 12936.0 583.0 4.844062954218397 
2.4845192406332366E7 33293.480857404815 0.39363642560513673 0.337571789221589 25536.0 682.0 10.574202460985326 
1.3814455282512665E7 33081.81104898885 0.2837288505168287 0.5109517851487667 14115.0 596.0 8.82538420461482 
5.2438081602229916E7 34047.88521641349 0.21482030676108277 5.70260799847682E-7 58626.0 1340.0 10.799324859824095 
1.2289840692355122E7 31650.8587579068 0.26077656696968593 0.5345114917167229 13356.0 575.0 6.039946063421674 
4.872192966684567E7 36096.27224010246 0.46972015402201645 0.03020007498368395 52583.0 905.0 7.335835640150784 
1.7324204153125104E7 31675.4073061608 0.26328955876172744 0.4859337243315222 18448.0 675.0 10.711864534412294 
5.079306170486823E7 33879.76805668122 0.2695093315126063 3.487751212351731E-9 58651.0 1296.0 11.955717788410032 
1.0972861602282189E7 34887.41344711769 0.19275577208219138 0.5870983216417148 11655.0 610.0 5.929039782387639 
3.2008953729799155E7 35668.40353159856 0.5812421193761375 0.11592454969878106 31667.0 695.0 7.096867620258599 
4.387231369228747E7 44920.38918913711 0.055244402502974195 0.0 44165.0 1898.0 12.520877382402242 
3.384176011144446E7 37603.17326633623 0.5382707845485228 0.13729323496101434 33543.0 691.0 7.950598295321065 
4.875433536901005E7 37699.77029103156 0.13588142400230735 9.38568200112485E-9 54802.0 1750.0 12.557085633034909 
3.298182179832729E7 33846.99219417633 0.4134476392081535 0.25663939237871236 34018.0 711.0 8.100806980489317 
1.3130614097863657E7 37320.951888094954 0.21513699739586578 0.5492096224213049 13521.0 623.0 6.048923571869657 
5.047105735474203E7 37084.61529598252 0.2731537297824506 0.005695798932402468 53160.0 1176.0 10.977409458829428 
1.2534546078389876E7 39235.694928712575 0.25984753147181344 0.5385148128304489 12241.0 611.0 7.4924861263645655 
5.102062704345203E7 39187.659229463556 0.2968642718220844 0.0034888968765238696 50376.0 1226.0 10.131518517335905 
1.3753761987362275E7 38320.0043423483 0.3304592425347052 0.4539531188777619 13623.0 592.0 4.414608254863114 
4.6577034691187814E7 33294.36612456286 0.3996947309946682 0.010855739628381711 51697.0 1077.0 8.850035255414392 
5.13437513425485E7 35609.437706632525 0.4243190728220191 0.010819398080127923 52572.0 935.0 10.363292835769691 
9678931.857031334 32174.37187319376 0.1970388864955405 0.6186635826522757 10094.0 602.0 9.093777345876042 
2.328277156017338E7 31764.185593897902 0.38718846176062444 0.36172820764079977 23431.0 665.0 6.443514866274185 
4.558472102284467E7 43139.86569477207 0.12390920771398509 0.0 45623.0 1541.0 11.867935821506025 
2.1013015368275646E7 32782.78041401973 0.32556862923793967 0.3912536130597989 23083.0 702.0 10.900982357837526 
1.541652020669131E7 31570.266097321975 0.28291944993656637 0.5168029524222227 15510.0 629.0 9.104076349198301 
1.3130614097863657E7 37320.951888094954 0.21513699739586578 0.5492096224213049 13521.0 623.0 6.048923571869657 
2.9501098212971464E7 34118.48088291279 0.5028060866901676 0.19056988739311692 31057.0 682.0 8.983353871345784 
4.1187024252010755E7 30537.65621142761 0.4736344792825607 0.0927753283759645 47030.0 799.0 7.092230164689979 
2.4778340290970057E7 34045.10801904731 0.5748356321982229 0.1860273870190388 25062.0 636.0 6.098252055467135 
4.588382337150377E7 35902.31162331149 0.44161248228577277 0.03404729416928951 47349.0 873.0 8.603607668672623 
1.7324204153125104E7 31675.4073061608 0.26328955876172744 0.4859337243315222 18448.0 675.0 10.711864534412294 
1.3206763722788671E7 35769.74803599797 0.219606784447894 0.5492090521605051 13608.0 622.0 7.925055136704687 
9678927.974989004 32167.738269143978 0.19703888757366847 0.6186635849001726 10095.0 602.0 9.093777345876042 
5.143467275683964E7 34339.4434275605 0.3896956135751258 0.010928422724889288 52193.0 984.0 9.785317289022949 
1.8979243412210114E7 34434.31008295645 0.45324701318651106 0.3258954410625642 19060.0 610.0 6.615464285410379 
5.556264777917347E7 33368.7608948817 0.2636063322455537 5.084082000109861E-7 63530.0 1277.0 11.042081137716053 
4.528166228759928E7 40929.622679504784 0.17478731860269092 7.00872716323066E-4 47231.0 1284.0 11.213306241321288 
5.0682250414002955E7 38024.48032446739 0.1684225803294278 5.54999290526509E-7 51950.0 1528.0 11.870280322915468 
4.524390755735369E7 43761.5048755741 0.05042649402700696 0.0 47303.0 1993.0 12.906436466700487 
1.375371709703657E7 38320.29506583395 0.3304592330471693 0.45395313389070946 13624.0 592.0 4.414608254863114 
4.9304564184271306E7 34722.24990864365 0.27957561836297345 0.0 56380.0 1217.0 11.471573981898024 
4.387536681863772E7 44961.517065201035 0.05538457704623896 0.0 44133.0 1895.0 12.577783654424794 
1.253454429244612E7 39236.103246816856 0.25984753147181344 0.5385148128304489 12241.0 611.0 7.4924861263645655 
1.30242547971861E7 34149.49747919843 0.26580755157396097 0.5205880276273553 13854.0 596.0 5.579141438351758 
2.2621075821035795E7 39258.95682093773 0.4384404743070528 0.28610169651936196 21972.0 659.0 6.596269790716592 
1.2289837019887019E7 31650.830304852825 0.26077683774180577 0.5345120467160134 13356.0 575.0 6.039946063421674 
1.375371709703657E7 38320.29506583395 0.3304592330471693 0.45395313389070946 13624.0 592.0 4.414608254863114 
9631816.466567468 35499.269414501105 0.20239148402402057 0.6084360242713701 9804.0 599.0 7.240783865257548 
4.954307576463495E7 36803.7059658205 0.39219798875488665 0.039498071302117674 50764.0 1021.0 10.344924065759862 
2.2621391273565896E7 39258.55493796024 0.4384404683288332 0.2861017315207864 21973.0 659.0 6.596269790716592 
4.403704303107301E7 42460.3510984835 0.14535597473966314 0.0 45939.0 1470.0 10.940008365777578 
4.172430559116198E7 45963.483518387155 0.03759797394463896 0.0 43805.0 1978.0 12.600639798744528 
4.426361731159169E7 43038.319733635864 0.09823657124761652 0.0 47099.0 1805.0 12.260304739380992 
4.852941367908623E7 38337.95394261368 0.44330483170472534 0.005394124090812338 49745.0 952.0 9.817198186279965 
9679354.587726587 32149.271528884638 0.19703920347627285 0.6186629910235495 10095.0 602.0 9.093777345876042 
5.378231494449929E7 37394.69102031253 0.3628755509638298 0.005430465639066126 55670.0 1160.0 10.526206210338845 
4.6237302916265875E7 36618.876691954814 0.258892079196419 0.0 50257.0 1168.0 10.988126387306572 
1.3376556030831845E7 36362.61375226866 0.3076467809175722 0.49013326964909637 13887.0 607.0 7.46253640454539 
2.3600979493410546E7 34328.58906988628 0.5452328519726913 0.21768599440812567 23977.0 637.0 6.170461622964341 
1.3130614103735594E7 37320.95181146437 0.21513699739586578 0.5492096224213049 13521.0 623.0 6.048923571869657 
1.5504965745711079E7 32222.87642464177 0.36413230829304655 0.4411089790710787 16437.0 597.0 8.370611133879061 
3.9616663881689124E7 32757.32670240219 0.49747465444217126 0.1362967228352737 45013.0 750.0 10.688584895857762 
1.9287013411921035E7 30589.776840442762 0.28476226219862083 0.45398431699561753 20254.0 696.0 10.824267635187487 
1.2521314579149164E7 39020.96829527174 0.2570544239060223 0.5385148128304489 12366.0 615.0 7.454892141402159 
4.958368769828624E7 30987.65730958377 0.48547116817311037 0.0591328906586646 55193.0 871.0 9.434143019853433 
5.362175697815997E7 35068.103849140854 0.23989085432585122 5.285371609234187E-7 55490.0 1272.0 11.425306366405218 
9631817.077899687 35499.34150272388 0.20239127387509928 0.6084353925146794 9804.0 599.0 7.240783865257548 
1.3130614120373916E7 37320.9515943295 0.21513699739586578 0.5492096224213049 13521.0 623.0 6.048923571869657 
1.375371961794981E7 38320.27775805336 0.33045923304717917 0.45395313389069386 13624.0 592.0 4.414608254863114 
