32710.0 11813.862346969243 0.13874614636482868 0.5369989634222206 28.0 69.0 0.0 
91398.24796869035 17905.029684066678 0.10084789626194011 1.551821846335891E-13 85.0 181.0 4.588986013986014 
113135.0 8573.401937046008 0.29543994861913936 0.06679511881824021 114.0 76.0 1.1176470588235294 
106174.89651256902 13871.91216705394 0.1323252715777214 2.446243114600815E-38 120.0 190.0 4.521506021477327 
108093.09895128582 16080.326998951623 0.06745346992589807 2.6602574294739938E-9 131.0 256.0 5.365612648221344 
100728.06416662899 15226.026313523995 0.07258478931147472 5.391272727511335E-13 124.0 216.0 5.381601439496176 
111342.98381725025 13835.865350604317 0.11175337186897881 0.0 114.0 140.0 3.5721132897603485 
184842.39910047417 11006.624333537497 0.2884169088137838 3.299991048781275E-7 194.0 158.0 3.3236897274633126 
118464.84447444201 13316.526299680292 0.10986841812656481 3.299991048781275E-7 136.0 195.0 4.626135569531796 
148028.75001345004 9745.10675491726 0.26078228882574234 0.030190133109263943 132.0 87.0 1.5462820512820514 
155105.85743397873 10318.573952432018 0.305128564365656 0.0 164.0 144.0 4.287619047619048 
98493.47134829398 17570.43185434017 0.05848029751684869 3.2999910487742814E-7 99.0 202.0 4.743807890222985 
95753.5175894002 15606.555771288162 0.09509105915377238 4.454987989361471E-6 100.0 177.0 5.214062571888658 
65665.0 8704.824335152398 0.18242548818088386 0.27363823227132583 73.0 91.0 3.53125 
137610.0 7589.509827142251 0.4226541140408862 0.1297374987123559 129.0 80.0 2.0888888888888886 
83739.51595560747 20290.545507988525 0.08607564808835647 2.225604473810568E-10 92.0 219.0 4.692803030303031 
175520.0 6557.170395712085 0.44257450986827973 0.012204521895234358 169.0 92.0 3.2 
124298.56803156983 11396.461198460478 0.1650909657726436 1.5681845709621646E-6 117.0 129.0 3.8515383619014725 
103492.24710085372 15799.966563989628 0.06937307412515108 0.0 130.0 225.0 4.747356956588434 
152919.99999999997 8719.245498713972 0.30122714419327096 0.027617212651974813 169.0 117.0 3.1139622641509437 
157631.72733658654 13914.053029595949 0.06937307297018853 6.995080242799571E-19 138.0 162.0 4.55501955821445 
89842.77691914699 14606.83088673486 0.12719955747120035 7.342480083522774E-6 111.0 169.0 5.026303204208513 
63850.0 11399.209487635553 0.15608429919681374 0.3796247065317939 53.0 75.0 0.0 
99158.88887790461 12167.567030530514 0.06873452517919602 5.437433702913804E-5 121.0 168.0 5.1690476190476184 
160600.0 12155.411860936147 0.31088877535885256 0.0025693730305756547 165.0 115.0 1.46 
121165.9922986253 14953.664332855411 0.04046762616421242 1.1139683684348232E-32 128.0 231.0 5.066170437086221 
147066.5757677934 13504.382519928866 0.12271907872469164 3.29999104877428E-7 141.0 174.0 3.98886332259549 
92807.13805381728 14988.037631124833 0.11947584740557687 4.557413115007761E-9 115.0 190.0 4.5727232537577365 
119660.0 8727.099711079754 0.18368657675016056 0.04367373153500321 121.0 77.0 1.0769230769230769 
140408.05226653762 15600.679304683446 0.039825282631038024 1.0988740430058381E-61 138.0 235.0 4.564993728738619 
115701.0320714273 10655.774780691227 0.09058813677967899 8.167477845716343E-6 127.0 160.0 4.724057041991824 
95580.0 8109.373037156597 0.1895167594126687 8.256230013453931E-7 116.0 118.0 3.2800982800982803 
95149.44305220032 12283.09991586078 0.17150895235738625 1.8651425178055532E-5 117.0 148.0 4.696856725146199 
82720.0 9254.110417803504 0.23763648041104687 0.1599229287090559 99.0 91.0 1.08 
115885.78046987668 15298.605112912042 0.09702320296921092 3.299991048781275E-7 132.0 254.0 4.662628506100221 
133232.27177814324 14617.031546009668 0.053317544614264877 4.95623896467965E-7 136.0 205.0 4.803826178423509 
85430.0 9069.626168224302 0.1926962146431217 0.09441670445636798 90.0 73.0 0.0 
103801.2714938145 10120.240717929813 0.10534875261145074 4.874745929467466E-10 126.0 157.0 4.690158221408222 
82443.33333333331 13111.945484115147 0.14001284521515736 0.1252408477842004 91.0 104.0 2.987012987012987 
41785.0 11437.095459448978 0.26143371017473366 0.48239979444913716 46.0 72.0 0.0 
152889.56768178573 12920.390361721018 0.15223923256092114 1.9044002647167348E-34 130.0 161.0 2.845160210425634 
56470.0 11702.047302291207 0.30571612074502247 0.20552344251766216 62.0 77.0 0.0 
44830.0 11711.889927310489 0.2222355886697787 0.39694982283103103 41.0 76.0 0.0 
164143.16626124765 12328.603363227037 0.1387501066501752 1.9044002647167348E-34 144.0 140.0 3.480433604336043 
77200.0 9910.774108877444 0.13490363407389258 0.2421386581988896 69.0 74.0 0.0 
90560.0 11370.70730002457 0.20874407025550631 0.0025690430314843898 109.0 90.0 2.410989010989011 
166866.94790453452 12151.906529034422 0.09699383310186993 1.15418510933482E-26 147.0 163.0 3.54751955821445 
87429.10510391563 19022.875790940983 0.06423836979003081 1.695563801553901E-10 90.0 195.0 4.911156095366621 
128300.0 9370.99645355523 0.15416197037443607 0.1824020552344375 120.0 84.0 1.4117647058823528 
181545.0 10204.640189207317 0.3706318182758364 0.0025693730729647495 190.0 96.0 2.1994609164420487 
88170.0 8871.078423686022 0.28389551211796743 0.03468208149717905 95.0 74.0 1.0625 
87738.14997029425 12113.110875210898 0.21389609730683604 0.011574801103352007 128.0 140.0 3.658306277056277 
74520.0 10612.36188548971 0.1811175337186898 0.10982658959537572 98.0 102.0 2.8625925925925926 
85588.89535237287 16184.767133615765 0.09570881538983825 1.319996419509712E-6 84.0 145.0 3.969494901383446 
108820.48112816704 10151.750038106667 0.12526337311653568 2.0710104088455042E-5 134.0 134.0 2.699404761904762 
59350.36985489137 12354.29816501999 0.18819395350778212 0.28969508125943044 58.0 102.0 2.230952380952381 
131730.0 11157.585725677834 0.2691072575465639 0.035324341682723186 122.0 83.0 0.0 
60660.0 8892.28076024792 0.3237410843523087 0.3153500321130379 68.0 85.0 2.1052631578947367 
65812.06744775648 16473.755936149388 0.10405779422711417 0.25437073957670725 64.0 149.0 4.348611111111111 
95836.01355075842 18591.839538067874 0.057803468208092484 0.0 99.0 204.0 5.423496503496504 
52900.0 10159.994526443665 0.2029659509387391 0.33593785582590446 63.0 84.0 1.2857142857142856 
47620.0 14103.944667644642 0.09571475765247073 0.36355960661210573 47.0 88.0 2.4313725490196076 
125835.36513433652 17336.28000370555 0.0590955806783145 3.142251913424297E-42 114.0 198.0 4.465852891547784 
49755.0 9853.49055513838 0.12202954399486192 0.4026974951830443 58.0 86.0 1.2333333333333334 
178149.7369050266 8821.72235474418 0.37572254335260113 0.0 176.0 142.0 3.6930158730158733 
91920.0 8016.3285738933455 0.22864482980089917 0.06358381502890173 106.0 85.0 2.3133333333333335 
174055.0 9763.16598843333 0.44315992292870904 0.03147077713551702 172.0 78.0 2.0 
67990.0 11016.593931534166 0.2472953930903695 0.17535583325700355 70.0 73.0 0.0 
38900.0 8717.310639268431 0.15609469416856162 0.39243997448233925 57.0 72.0 2.3501144164759724 
170695.0 9009.657370397523 0.3519834011157127 0.03853589324700111 167.0 87.0 0.32933104631217835 
75936.66666666667 14000.089922477944 0.1457931920359666 0.10340398201669879 81.0 128.0 2.5829959514170038 
47315.0 8526.273243632473 0.09827852004110998 0.42330421377183963 60.0 86.0 2.3333333333333335 
80005.0 9063.433795243487 0.24855491329479767 0.057161207450224794 94.0 72.0 1.064516129032258 
69725.0 8427.911643907368 0.19719410225198358 0.1452013450111623 95.0 92.0 3.481381318909923 
129097.63734699445 14414.330960924297 0.07708482205207588 0.003858432034003108 114.0 170.0 3.78704336773826 
176965.0 11946.758266368168 0.26911616866704147 0.0025690430314707783 176.0 123.0 1.610943396226415 
128025.0 6035.825580898022 0.4007929878490205 0.023121387283236993 154.0 81.0 2.1142857142857143 
135220.0 8980.684429753812 0.2331685400303352 0.012208316884940451 137.0 98.0 2.332173913043478 
166729.99999999997 8150.310421155814 0.37636480411046885 0.011560693641618497 155.0 114.0 2.8978529603122967 
155770.0 5744.059043043891 0.38797202762587507 0.006427475065473885 166.0 98.0 2.835897435897436 
52355.0 6995.681917955219 0.10919835560190447 0.38155190133526534 68.0 83.0 2.1333333333333333 
106477.5 8056.094068099585 0.16572951045870288 0.010279967115589199 135.0 121.0 3.7628434065934067 
134130.0 5766.308665858951 0.17212588310854207 0.006422607578676943 141.0 80.0 3.2435897435897436 
101945.00000000001 7903.586001094965 0.14965781155318617 0.0603726762391157 123.0 93.0 2.4992248062015503 
140170.0 8276.370015475277 0.17790622992935132 0.1457931920359666 126.0 89.0 1.2439024390243902 
131396.38866117358 16772.417769133182 0.06937307291778749 5.445669969019466E-15 111.0 180.0 3.90501955821445 
67890.0 13694.335077046504 0.10405779422704613 0.25437073957679435 69.0 128.0 3.9319444444444445 
206513.905275071 11065.793435850797 0.31988793747618555 0.002569373072970195 183.0 119.0 1.8633222345541989 
82125.0 16341.195223343237 0.09312780989081568 0.010276172125883108 81.0 137.0 2.366930798819344 
118335.0 6046.747960455346 0.19655134749162953 0.0680796403339756 144.0 107.0 3.311111111111111 
71728.6045482796 12652.636671817076 0.1946352085264509 0.1451619057726495 68.0 93.0 1.1485507246376812 
159070.0 4881.540736062451 0.42587358663196173 0.0 187.0 98.0 3.307638888888889 
109674.79114103196 6840.521832557786 0.1400390801439951 3.7949897060904223E-6 137.0 107.0 4.1477029914529915 
196325.0 6167.929512696122 0.3622778082990709 0.006427475690751151 180.0 95.0 2.533333333333333 
36950.0 11863.539493293594 0.13103802672189654 0.5260791366895379 36.0 75.0 0.0 
72855.0 7135.897325307585 0.1740745308646298 0.26143148321062315 100.0 101.0 4.622222222222222 
145460.0 6506.506989814146 0.3969171483622351 0.05523442517662171 139.0 85.0 2.0 
28340.0 10866.83576410907 0.10918432883750803 0.6210661528580603 37.0 72.0 0.0 
122615.0 5832.373728812893 0.20423892100192678 0.029543994861913937 145.0 88.0 3.1794871794871793 
77807.11865903872 18008.049863560096 0.11818819059099696 0.01670051233764291 84.0 160.0 2.3946574581249505 
201845.0 10382.647596047396 0.3256351153069975 0.0025690430314762227 193.0 108.0 0.9153878406708595 
76185.0 6942.059344015297 0.17022278114280656 0.24409679470135506 106.0 103.0 4.688888888888889 
183854.48630136985 7367.564264722454 0.37384378175632793 0.0025693736664120824 194.0 111.0 2.3076860246671567 
150865.0 5127.868778999426 0.3622350674373796 0.03789338471419396 161.0 93.0 3.0 
61880.0 15688.353554417423 0.08992805808380691 0.2762076046661113 59.0 141.0 3.770833333333333 
212715.0 8295.372867493688 0.36802787172439794 0.002569043031470777 208.0 106.0 2.8030188679245285 
200940.0 5756.549616894933 0.36416184971098264 0.006422607578676943 169.0 97.0 3.7965811965811964 
52018.96822820345 14253.790827084418 0.13938832448456212 0.3115374752434284 52.0 94.0 3.6129201680672267 
192065.0 5114.526828773461 0.33273760826715665 0.03789825249771457 177.0 93.0 2.533333333333333 
180080.0 6325.134139412976 0.3243416827231856 0.0 172.0 116.0 4.09059829059829 
56399.99999999999 7318.737255529479 0.1123956326268465 0.371868978805395 70.0 86.0 2.0444444444444443 
79836.96710107106 20812.81410603321 0.09506375091136086 0.01348854855007699 77.0 181.0 3.2090360619772387 
