866930.0 16532.100248059138 0.08265139116202946 0.6527355623100304 785.0 145.0 4.557165861513687 
973957.7519639315 25005.4491507379 0.07967032967032966 0.6162613981762918 844.0 187.0 7.281862745098039 
570235.0 21687.14489492938 0.08168693009118541 0.7219429506663549 509.0 126.0 0.0 
1128467.6537938695 21974.354098065156 0.2979909866202164 0.533905388738536 1075.0 135.0 0.40789473684210525 
4166973.6558802375 13455.884610881683 0.21776516728282125 0.0 5020.0 313.0 8.095995295201126 
4086147.6711805034 14992.629343462972 0.3669043722235212 0.11754734627075053 4205.0 198.0 1.8991596638655464 
4013208.2976851356 25262.937059864216 0.03211947626841244 0.0 4362.0 596.0 9.694831596905818 
2779538.1307287863 18032.10636114313 0.24026771101239186 0.2782031797989245 3543.0 273.0 6.911343926998576 
4403247.869935595 27382.6758378058 0.12684124386252046 0.0 4841.0 659.0 8.475783848009108 
1611249.9999999998 14279.954325896671 0.13654430675707271 0.5110766892681786 1575.0 160.0 7.414746543778802 
2160629.152652191 17421.364368305945 0.13631099394344207 0.4495885703280183 2803.0 217.0 2.9319508448540708 
1373350.0 17377.570407046824 0.10179448211363105 0.5782674772036475 1267.0 129.0 2.032258064516129 
2234252.671288877 13943.545401125288 0.36760794720527545 0.32026139970423023 2293.0 175.0 6.819583333333333 
2693918.603684712 17866.909158248207 0.3837116186089467 0.24059060434068472 3691.0 212.0 3.1357924761023743 
1588795.0 18258.938660197677 0.3348745316491212 0.4791061439451949 1458.0 140.0 2.1785714285714284 
2174869.7287912825 23107.083047998243 0.18725267274183272 0.33297482449628535 2198.0 245.0 6.329222979210518 
3641595.5895663914 29827.49610556504 0.10281799636425278 0.0 3841.0 581.0 6.918085647266977 
3918905.7031265446 26054.992331403188 0.2292202478372691 0.0 4218.0 441.0 7.765423765302797 
1305359.740855146 24598.955106480593 0.12418239526768332 0.5097937210294659 1326.0 217.0 2.066733431723944 
2284957.776619325 27747.13201569322 0.4064204256513073 0.25865243542456995 2139.0 220.0 2.4416055382358333 
3001845.4096027296 17391.752315243066 0.19718945657283665 0.30380638326974263 2755.0 223.0 7.920047534165181 
4695334.222373706 15646.598732886327 0.22287954855701023 3.2293959609064E-75 5252.0 366.0 2.3697359258783335 
3325174.2466649003 18285.166071807893 0.4158021043497665 0.251316643179648 2883.0 150.0 2.226502311248074 
3342078.075789714 25314.557298112537 0.257072714519523 0.19581482347439794 3287.0 291.0 5.042579365079365 
973956.0019847088 25005.281863476295 0.07967079536354549 0.6162650003799414 844.0 187.0 7.281862745098039 
570235.0 21687.14489492938 0.08168693009118541 0.7219429506663549 509.0 126.0 0.0 
1128467.6537996866 21974.35409877707 0.29799098662004764 0.5339053887391092 1075.0 135.0 0.40789473684210525 
4576212.894809761 14514.875130724324 0.17518235695808493 0.0 4895.0 344.0 8.543085685472319 
4158339.6952666845 15496.063974240236 0.39432073685505253 0.09653447245752493 4238.0 214.0 1.646774651889741 
3862960.8634745507 26622.341783675645 0.04077059268406247 0.0 4292.0 646.0 9.067955976104152 
3461565.9168451065 16930.787618894206 0.2826163198503624 0.22398877718026655 4017.0 281.0 6.868347338935575 
1611249.9999999995 14294.646331192704 0.1365451048930611 0.5110796766406163 1575.0 159.0 7.4953917050691246 
1310095.0 17792.769617574977 0.08484334814122048 0.6126081365443068 1222.0 140.0 2.225806451612903 
2234252.671274174 13943.545402457426 0.36760787853044846 0.32026139970423023 2293.0 175.0 6.819583333333333 
2625903.0983344666 18263.609444435653 0.3837116462835964 0.24059064516998716 3516.0 224.0 3.4997630643376683 
1588795.0 18258.938660197677 0.3348745316491212 0.4791061439451949 1458.0 140.0 2.1785714285714284 
2174869.7287912825 23107.083047998243 0.18725267274183272 0.33297482449628535 2198.0 245.0 6.329222979210518 
3641595.5895663914 29827.49610556504 0.10281799636425278 0.0 3841.0 581.0 6.918085647266977 
1305359.740855146 24598.955106480593 0.12418239526768332 0.5097937210294659 1326.0 217.0 2.066733431723944 
2284957.776619325 27747.13201569322 0.4064204256513073 0.25865243542456995 2139.0 220.0 2.4416055382358333 
3451267.072475538 17985.55906272306 0.15884482248352172 0.196049778172712 3550.0 319.0 7.464420859538785 
4662905.111564143 15586.47516539557 0.23316713331268007 4.400756763157489E-117 5250.0 355.0 2.3977219328748354 
3325174.2466649003 18285.166071807893 0.4158021043497665 0.251316643179648 2883.0 150.0 2.226502311248074 
3342076.9781333725 25313.939527943727 0.25707421717452167 0.19581596806153875 3287.0 291.0 5.042579365079365 
973956.6788292446 25005.317599103204 0.07967079536082342 0.6162650003588858 844.0 187.0 7.281862745098039 
570235.0 21687.14489492938 0.08168693009118541 0.7219429506663549 509.0 126.0 0.0 
1221840.0 21896.36252112715 0.2842237549684358 0.5247837269113865 1045.0 122.0 0.0 
4420104.324650505 14961.152449110059 0.16027589431844752 0.0 4725.0 361.0 7.999602226076072 
4158339.012819783 15496.120188090525 0.39432075240084674 0.09653434962866762 4238.0 214.0 1.646774651889741 
3852593.8080423553 26797.526317651715 0.05707867214618442 0.0 4348.0 649.0 9.531868237871645 
3894095.3372189184 16491.499206175642 0.29839841010053775 0.09141921907879355 4924.0 307.0 8.640877749701279 
1611249.9999999995 14294.646331192704 0.1365451048930611 0.5110796766406163 1575.0 159.0 7.4953917050691246 
1267060.0 16712.609254623796 0.10538929155950433 0.6030804302080898 1180.0 138.0 3.3663594470046085 
2174921.051641712 16148.674469844646 0.3767535655833528 0.3202595277063362 2245.0 181.0 7.5938718323586745 
2625948.2289676 18263.623763438427 0.3837116186091085 0.24059060434092336 3516.0 224.0 3.4997630643376683 
1588795.0 18258.938660197677 0.3348745316491212 0.4791061439451949 1458.0 140.0 2.1785714285714284 
2174890.850127236 23106.97707907455 0.18725267274183272 0.33297482449628535 2198.0 245.0 6.329222979210518 
3641601.424936801 29827.46028857032 0.10281799636425278 0.0 3841.0 581.0 6.918085647266977 
1305359.740855146 24598.955106480593 0.12418239526768332 0.5097937210294659 1326.0 217.0 2.066733431723944 
2284957.7760505104 27747.13228053982 0.4064204256513073 0.25865243542456995 2139.0 220.0 2.4416055382358333 
3631644.4917289373 19048.761029537243 0.1814940378770166 0.196048632218845 3563.0 276.0 8.038689309056956 
4662905.111564143 15586.47516539557 0.23316713331268007 4.400756763157489E-117 5250.0 355.0 2.3977219328748354 
3325174.2487629624 18285.16982287657 0.41580205636020773 0.25131664318823466 2883.0 150.0 2.226502311248074 
3342077.4608694073 25313.991331156427 0.25707421716573836 0.19581596805484844 3287.0 291.0 5.042579365079365 
973956.6788292446 25005.317599103204 0.07967079536082342 0.6162650003588858 844.0 187.0 7.281862745098039 
570235.0 21687.14489492938 0.08168693009118541 0.7219429506663549 509.0 126.0 0.0 
1221840.0 21896.36252112715 0.2842237549684358 0.5247837269113865 1045.0 122.0 0.0 
4582672.055143197 14113.490179091013 0.19762838916731973 0.0 4852.0 329.0 8.800096471296664 
4158339.012819783 15496.120188090525 0.39432075240084674 0.09653434962866762 4238.0 214.0 1.646774651889741 
4028356.910806746 25607.698769462175 0.029928543268394656 0.0 4464.0 651.0 10.137553912998257 
3422214.588355614 18334.094807675745 0.35910100537760115 0.1707972878185644 4485.0 290.0 9.442770657396078 
1611249.9999999995 14294.646331192704 0.1365451048930611 0.5110796766406163 1575.0 159.0 7.4953917050691246 
1432145.0 16558.347275772245 0.11401098901098901 0.5839081131634323 1346.0 139.0 3.3187403993855606 
2146839.5755085805 16110.938529840487 0.3558569090483984 0.3202595277063362 2275.0 202.0 7.091463032581453 
2625948.2289676 18263.623763438427 0.3837116186091085 0.24059060434092336 3516.0 224.0 3.4997630643376683 
1588795.0 18258.938660197677 0.3348745316491212 0.4791061439451949 1458.0 140.0 2.1785714285714284 
2174890.850127236 23106.97707907455 0.18725267274183272 0.33297482449628535 2198.0 245.0 6.329222979210518 
3641554.909901532 29827.700279522996 0.10281799636386034 0.0 3842.0 581.0 6.918085647266977 
1305359.740855146 24598.955106480593 0.12418239526768332 0.5097937210294659 1326.0 217.0 2.066733431723944 
2284957.7760505104 27747.13228053982 0.4064204256513073 0.25865243542456995 2139.0 220.0 2.4416055382358333 
3327743.148258708 18450.97823128896 0.266366612111293 0.2093465045592705 3170.0 268.0 8.168410715456751 
4662905.111564143 15586.475165395574 0.23316713331268007 2.572338533526706E-122 5250.0 355.0 2.3977219328748354 
3325174.2487629624 18285.16982287657 0.41580205636020773 0.25131664318823466 2883.0 150.0 2.226502311248074 
3372219.9981405064 23253.68079771934 0.19496819525849005 0.19604977817265706 3404.0 307.0 5.997210095231724 
973956.6788292446 25005.317599103204 0.07967079536082342 0.6162650003588858 844.0 187.0 7.281862745098039 
570235.0 21687.14489492938 0.08168693009118541 0.7219429506663549 509.0 126.0 0.0 
1293565.0 22512.44993158424 0.29024433013794715 0.49830488660275896 1123.0 131.0 0.0 
4539944.2196214935 14458.804558040265 0.18076440952979284 0.0 4860.0 340.0 9.441914023154308 
4158339.012819783 15496.120188090525 0.39432075240084674 0.09653434962866762 4238.0 214.0 1.646774651889741 
4036469.192919909 28053.4563397046 0.011018412020944987 0.0 4596.0 724.0 10.443870334986089 
3775438.4440610157 18521.801224437495 0.34884264671498716 0.10538929155950433 4611.0 287.0 7.508421205881741 
1611249.9999999995 14294.646331192704 0.1365451048930611 0.5110796766406163 1575.0 159.0 7.4953917050691246 
1125460.0 18241.3895452664 0.12467851297638531 0.6278349310264204 1012.0 145.0 2.271111111111111 
2524643.2108037136 18212.641964041562 0.3221884498480243 0.2947451484685527 2776.0 210.0 7.001834784092848 
2625948.2289676 18263.623763438427 0.3837116186091085 0.24059060434092336 3516.0 224.0 3.4997630643376683 
1588795.0 18258.938660197677 0.3348745316491212 0.4791061439451949 1458.0 140.0 2.1785714285714284 
2174890.850127236 23106.97707907455 0.18725267274183272 0.33297482449628535 2198.0 245.0 6.329222979210518 
3672534.7467814563 29917.19254819256 0.11260879476732971 0.0 3859.0 573.0 6.941250289642146 
1305359.740855146 24598.955106480593 0.12418239526768332 0.5097937210294659 1326.0 217.0 2.066733431723944 
2284957.7760505104 27747.13228053982 0.4064204256513073 0.25865243542456995 2139.0 220.0 2.4416055382358333 
3589425.1430450883 18024.59738728372 0.2014271618238396 0.19604977817265706 3619.0 308.0 7.409464285714287 
4662905.111564142 15586.475165395574 0.23316713331268007 7.528814670409832E-112 5250.0 355.0 2.3977219328748354 
3325174.2487629624 18285.16982287657 0.41580205636020773 0.25131664318823466 2883.0 150.0 2.226502311248074 
3801267.5041768663 27315.112843888033 0.26929079548045054 0.0031564365000964468 3686.0 382.0 3.382451191858857 
3325174.2487629624 18285.16982287657 0.41580205636020773 0.25131664318823466 2883.0 150.0 2.226502311248074 
4158338.9512846726 15496.126415547096 0.39432075240093756 0.09653434962794966 4238.0 214.0 1.646774651889741 
4254326.9738857085 18802.279436479483 0.36830722469020344 0.15475216273088613 4120.0 250.0 8.57466432225064 
973956.6788292446 25005.317599103204 0.07967079536082342 0.6162650003588858 844.0 187.0 7.281862745098039 
1679690.0 20580.785569672327 0.14437689969604864 0.5054360533083937 1466.0 136.0 2.0 
2807841.8643418145 18326.729376242743 0.3526149614680103 0.22720551941430736 2996.0 228.0 6.462902298850575 
3672534.7467814563 29917.19254819256 0.11260879476732971 0.0 3859.0 573.0 6.941250289642146 
1658816.6091698578 25480.437919813812 0.2633270984334814 0.3919219078793547 1585.0 207.0 6.867598039215687 
