841930.0 15354.602258629639 0.08992868833294365 0.6468903436988543 767.0 132.0 4.2586956521739125 
1633219.9999999998 12906.286458871824 0.30719546411035775 0.4676759410801964 1533.0 150.0 6.881406455862978 
3730117.2976975664 31184.381982963863 0.040186039560706335 0.0 3665.0 627.0 8.678191828047884 
821983.5943756409 22663.928577639763 0.08317746083703531 0.6456920738835632 781.0 160.0 6.9100449775112445 
542440.0 21115.92457538125 0.07046411035772739 0.7202770633621698 538.0 117.0 0.0 
1260590.0 22055.85076749471 0.3213116670563479 0.49935702595277065 1087.0 113.0 0.0 
5481913.603875238 14363.570202963881 0.2760989010989011 0.011865793780687398 5671.0 300.0 8.476171018031682 
4477133.720638095 13873.249151172926 0.4063320806089245 0.030952329824942313 4620.0 227.0 3.146004575553139 
4180791.4777305294 21768.520683494597 0.09039630582183773 0.0 4601.0 567.0 9.787155617706437 
3039111.034594715 13566.232723944151 0.2608428805237316 0.22366729015665185 4074.0 260.0 8.43212898038581 
1899145.0 11519.769799252534 0.1196516249707739 0.48921557166238017 1827.0 158.0 6.249512036434613 
1554760.0 15537.79692050503 0.08496025251344401 0.5824760346036941 1498.0 138.0 3.161290322580645 
2335778.475623373 14613.322192556685 0.36071055559110526 0.30214106074313524 2281.0 170.0 6.724621212121213 
3307854.9593423544 14631.583457538829 0.3580505748806102 0.2232307960395787 3684.0 193.0 1.9516497714172134 
1795750.0 17037.087089111996 0.27285480476969837 0.46405190554126724 1752.0 129.0 2.104166666666667 
2061263.025849501 25942.37578745281 0.15671122697165635 0.3713196827069925 1929.0 291.0 6.695220683455977 
3716572.2284766417 29664.580465804134 0.14464072498466454 0.0 3752.0 546.0 6.669046307370081 
3657833.24152687 21440.158595447247 0.23363475353436736 0.15147972574053492 4028.0 266.0 3.107729840780688 
1400920.4695679673 23147.6669448247 0.13534603694178163 0.5382277297170914 1441.0 217.0 1.716742081447964 
2375436.927017143 27550.241850218266 0.4617457431946645 0.22451615920130466 2231.0 227.0 2.6036764705882356 
4088092.548935114 18605.167486437647 0.23047755818719012 0.11267059749532178 4349.0 307.0 4.603446309776945 
3441180.3019437273 16508.782645504438 0.3848514429006482 0.22188579545122428 3058.0 205.0 3.765079365079365 
3730043.7635064027 31189.16360528233 0.04018611284845013 0.0 3665.0 627.0 8.678191828047884 
889648.2812055908 22682.89958076264 0.10527238718728081 0.6212006079027356 839.0 163.0 5.9100449775112445 
684010.0 20591.652758315526 0.08721066167874679 0.6928045358896423 640.0 125.0 0.0 
1139905.0 22397.412197287063 0.3177753097965864 0.5442775309796586 935.0 121.0 0.0 
5632707.872219052 11035.501046295216 0.32069979518911584 0.10790307876561228 5846.0 226.0 8.442982456140351 
4795956.125581668 18200.661523446506 0.4696075524891638 0.06368402901583478 5009.0 150.0 1.0909090909090908 
4182011.155816133 22672.90854833384 0.09039683420800691 0.0 4589.0 578.0 9.703822284373105 
3039139.8777000424 13566.243783087175 0.26084440520739144 0.223668597540859 4073.0 260.0 8.43212898038581 
2024710.4531085356 12658.058928184495 0.09171148000935235 0.4601063829787234 2028.0 204.0 6.084745762711864 
1554760.0 15526.591103521323 0.08496025251344401 0.5824760346036941 1498.0 139.0 3.252199413489736 
2334876.5007886393 14901.048688643923 0.36071054892772736 0.3021411160922419 2278.0 177.0 6.796049783549784 
2899265.695047785 13788.714130564571 0.2923505747961331 0.3245864511306399 3256.0 178.0 1.5483336646127344 
1719830.0 16288.526185247754 0.3294949731119944 0.4636427402384849 1640.0 128.0 3.1954887218045114 
1852650.3930615422 25464.652530990836 0.14475768504608982 0.399493801109429 1752.0 290.0 7.778243661100804 
3896784.3246964184 29709.54233108486 0.13523037641119584 0.0 3921.0 591.0 7.261972154093177 
3657985.456085731 21440.316759699137 0.23363465956883744 0.15147969071481898 4028.0 266.0 3.107729840780688 
1415467.509906753 22803.426153015364 0.1353468280689557 0.5382308757758342 1470.0 212.0 1.1254641909814325 
2375436.927017143 27550.241850218266 0.4617457431946645 0.22451615920130466 2231.0 227.0 2.6036764705882356 
4061737.601596027 18652.24486886373 0.23883697964436632 0.11594056973695054 4220.0 298.0 4.457508658779846 
3441180.3019437273 16508.782645504438 0.3848514429006482 0.22188579545122428 3058.0 205.0 3.765079365079365 
3730043.7635064027 31189.16360528233 0.04018611284845013 0.0 3665.0 627.0 8.678191828047884 
889648.5683300192 22682.69898526659 0.10527300252739763 0.6212042389560901 839.0 163.0 5.9100449775112445 
643090.0 21085.139001059706 0.08650923544540566 0.6900572831423896 632.0 127.0 0.0 
1139905.0 22397.412197287063 0.3177753097965864 0.5442775309796586 935.0 121.0 0.0 
5434776.867679308 11135.55960601868 0.3331794122722442 0.1208212994117739 5474.0 207.0 9.005882352941176 
4795945.494250374 18200.680553436177 0.46960760818069025 0.06368402901583478 5009.0 150.0 1.0909090909090908 
4189795.657825841 23131.785356788892 0.11637883093777303 0.0 4559.0 569.0 9.547319426089985 
3312585.1961648655 14486.138640531333 0.2384282362954155 0.2744638441795645 4213.0 225.0 6.201296547565204 
2081580.0 11626.64671146151 0.11626139817629179 0.46378887070376434 2070.0 174.0 6.904063860667634 
2534680.3855582275 16628.004089007696 0.3822772971709142 0.28697100771568856 2406.0 188.0 8.542412807318467 
2899265.695047785 13788.714130564571 0.2923505747961331 0.3245864511306399 3256.0 178.0 1.5483336646127344 
1556175.0 17513.213333464704 0.3385258358662614 0.4795417348608838 1481.0 124.0 2.3893557422969187 
1852650.431245446 25464.65177842981 0.14475768504608982 0.399493801109429 1752.0 290.0 7.778243661100804 
3833338.657909076 29029.099985965153 0.10077215789142983 0.0 4008.0 598.0 7.50223804872266 
3779705.422913035 21479.929017110513 0.21755903670797289 0.14548749123217208 4136.0 283.0 3.2924354183434086 
1415467.509906753 22803.426153015364 0.1353468280689557 0.5382308757758342 1470.0 212.0 1.1254641909814325 
2181177.606655976 27891.412913446435 0.46838006631834933 0.25651873109749357 2042.0 202.0 2.0501050420168068 
3985958.8516450576 19562.225092724868 0.2545898438014858 0.11827865718142096 4188.0 282.0 3.9931704885343966 
3441180.3019437273 16508.782645504438 0.3848514429006482 0.22188579545122428 3058.0 205.0 3.765079365079365 
3871747.1638400066 31230.046053243455 0.027823475485384386 0.0 4121.0 725.0 9.938865615399665 
889648.5683300192 22682.69898526659 0.10527300252739763 0.6212042389560901 839.0 163.0 5.9100449775112445 
652760.0 21045.50483111946 0.09612462006079027 0.6943827449146598 590.0 119.0 0.0 
1242760.0 22382.30597433008 0.3341126958148235 0.5110766892681786 1049.0 123.0 0.0 
5653475.000000001 10982.657088814138 0.333851535537732 0.10790336627939423 5727.0 209.0 9.246363061353573 
4795945.494250374 18200.680553436177 0.46960760818069025 0.06368402901583478 5009.0 150.0 1.0909090909090908 
4223478.440145463 22607.261002008636 0.1530869556864095 0.0 4605.0 551.0 9.372959680379491 
3255316.021064 16339.717757190208 0.22024783726911387 0.29030278232405893 4102.0 225.0 8.056904869591435 
2086004.9999999998 11561.0524343913 0.11579378068739771 0.4695171849427169 2050.0 162.0 6.25166908563135 
2616454.3469523895 15495.448245598744 0.39972754288605294 0.24605631714731235 2645.0 176.0 6.285860785555908 
2899265.695047785 13788.714130564571 0.2923505747961331 0.3245864511306399 3256.0 178.0 1.5483336646127344 
1805870.0000000007 17521.83906857165 0.32584171148000934 0.4525368248772504 1717.0 129.0 2.0930232558139537 
1852650.431245446 25464.65177842981 0.14475768504608982 0.399493801109429 1752.0 290.0 7.778243661100804 
3833338.657909076 29029.099985965153 0.10077215789142983 0.0 4008.0 598.0 7.50223804872266 
3780862.821705142 23955.802482746505 0.2618088719246664 0.11921393040642043 3747.0 306.0 3.034896096639438 
1415467.509906753 22803.426153015364 0.1353468280689557 0.5382308757758342 1470.0 212.0 1.1254641909814325 
2290979.524212417 26925.629655888424 0.448447870854239 0.26084419286976385 2103.0 205.0 2.239705882352941 
4530315.0 15493.96461372253 0.2923778349310264 0.3002688800561141 4241.0 168.0 4.219518862766539 
3441180.3019437273 16508.782645504438 0.3848514429006482 0.22188579545122428 3058.0 205.0 3.765079365079365 
3878307.542585546 32633.43399788069 0.03895838204348843 0.0 4073.0 747.0 10.036041800258948 
889648.5683300192 22682.69898526659 0.10527300252739763 0.6212042389560901 839.0 163.0 5.9100449775112445 
636655.0 20637.6442904317 0.10065466448445172 0.6858194996492869 596.0 119.0 0.0 
1101415.0 22638.37474682674 0.30333761982698154 0.5473462707505261 954.0 120.0 0.0 
5899292.327051933 12321.932903790266 0.32096095393967733 0.0587152209492635 6593.0 276.0 9.276560168750322 
4795945.376303993 18200.680764559926 0.4696076081810158 0.06368402901583478 5009.0 150.0 1.0909090909090908 
4387005.4047532305 23626.804752094584 0.09214987140519056 0.0 4473.0 577.0 8.08407863191316 
3288671.4983590655 15816.69495821818 0.2708398236739308 0.20262529906691343 3956.0 203.0 6.639990126832233 
2092380.0 10124.593704562294 0.12131751227495909 0.46378887070376434 2016.0 162.0 7.155878084179971 
2289063.670541633 14515.056454172676 0.3880369459349365 0.3147375621996498 2387.0 141.0 5.827435064935065 
2899265.695047785 13788.714130564571 0.29235031769099135 0.3245868867573716 3256.0 178.0 1.5483336646127344 
1515965.0 15963.149965519246 0.2676233341126958 0.5054652794014496 1451.0 127.0 3.2666666666666666 
1852650.842020517 25464.63296873981 0.14475768504621964 0.399493801109429 1752.0 290.0 7.778243661100804 
3833338.657909076 29029.099985965153 0.10077215789142983 0.0 4008.0 598.0 7.50223804872266 
3780958.4745095773 23955.410150102718 0.26180887192352303 0.11921393040638847 3747.0 306.0 3.034896096639438 
1415467.509906753 22803.426153015364 0.1353468280689557 0.5382308757758342 1470.0 212.0 1.1254641909814325 
2290970.5212680283 26925.62438562099 0.4484477931248137 0.2608444052163036 2104.0 205.0 2.239705882352941 
4562590.24094297 15363.233993349542 0.3026654196866963 0.09369885433715221 4943.0 259.0 5.58961277266362 
3441180.3019437273 16508.782645504438 0.3848514429006482 0.22188579545122428 3058.0 205.0 3.765079365079365 
6820477.655274309 19766.963799903526 0.4798632218844985 0.06099485620762216 6455.0 177.0 2.5769230769230766 
4740420.0 19425.39755302792 0.28983516483516486 0.2794306757072714 4599.0 168.0 6.0 
2717205.0 11675.521468204517 0.29041968669628243 0.3404547580079495 2635.0 160.0 8.833779363663396 
3833333.2079535904 29028.89822747887 0.10077215789196804 0.0 4009.0 598.0 7.50223804872266 
1415467.69818324 22803.366896030864 0.13534682807358 0.5382308757942236 1470.0 212.0 1.1254641909814325 
3149425.4063832955 12734.246011580513 0.33411440466784426 0.24553030504121537 3556.0 202.0 3.8944875107665804 
1727350.0 16310.586945291574 0.32929231643075235 0.4636454503316591 1645.0 130.0 3.4454887218045114 
1382325.0 20707.91888895661 0.2635024549918167 0.542728548047697 1250.0 131.0 0.0 
1846663.5739801421 16149.919625009246 0.10793196165536591 0.4518061725508534 1873.0 207.0 5.759475350520127 
3824774.1939417617 11875.402330735653 0.27703413607668925 0.13616436754734626 4776.0 240.0 8.243705855547962 
3884667.3008110668 27339.979196067834 0.06605097030628945 0.0 4319.0 639.0 9.710591864102268 
1749226.984086927 25304.934896223796 0.12050002780970918 0.4282815027694711 1668.0 287.0 7.778243661100804 
708055.0 20974.108494432425 0.11465396305821837 0.6736906710310966 666.0 121.0 0.0 
