[18, 0, 26, 8, 12, 19, 17, 28][11, 25, 7, 20, 23, 3, 24][1, 9, 14, 7, 28, 25, 22][10, 21, 5, 15, 2, 29][7, 27, 2, 6, 13][16, 27][1, 4][20, 23][20, 23][7, 28][16, 27][8, 26] 
[14, 11, 25, 7, 27, 29, 15, 21, 6, 13, 0, 12, 19, 8, 26][16, 7, 14, 9, 1, 24, 4, 23, 3, 11, 25, 0, 26, 8, 19][3, 11, 25, 22, 17, 28, 16, 10, 29, 27, 7, 4, 20, 23, 14][18, 19, 22, 0, 13, 6, 21, 10, 15, 16, 28, 17, 12, 8, 26][7, 20, 23, 9, 3, 11, 17, 28, 25, 22, 19, 18, 12, 0, 26][7, 10, 29, 2, 6, 5, 15, 16, 28, 0, 26, 8, 12, 22, 18][13, 18, 17, 11, 3, 24, 23, 4, 7, 10, 27, 16, 6, 21, 15][3, 11, 14, 23, 20, 7, 27, 15, 10, 2, 16, 28, 25, 0, 17][23, 1, 3, 4, 20, 24, 14, 11, 25, 0, 18, 12, 19, 8, 26][8, 19, 17, 28, 16, 2, 29, 15, 10, 6, 13, 18, 22, 25, 11][4, 1, 24, 20, 14, 11, 17, 19, 0, 13, 6, 15, 2, 21, 5][9, 14, 23, 1, 4, 24, 7, 2, 27, 10, 21, 5, 6, 16, 28] 
[14, 11, 25, 28, 7, 4, 20, 23, 9, 3, 1, 24][13, 6, 5, 21, 10, 2, 16, 27, 15, 29][17, 19, 22, 12, 8, 26, 0, 18][18, 0, 26, 8, 12, 19][1, 9][0, 25][17, 22][7, 16][17, 22][0, 25][17, 22][3, 24] 
[18, 13, 6, 5, 21, 10, 2, 16, 27, 15, 29][4, 1, 3, 24, 20, 7][17, 19, 22, 12, 8, 26][7, 4, 20, 23][3, 11][14, 24][11, 25][0, 25][0, 22][9, 14][17, 28][16, 28] 
[14, 24, 4, 7, 2, 29][8, 12, 22, 17, 11, 14][9, 14, 1, 24, 4, 20][18, 22, 17, 0, 25, 28][6, 5, 15, 10][6, 13, 0, 26][16, 10, 29, 27][18, 0, 28][21, 15, 29][3, 4][12, 19][4, 23] 
[9, 14, 23, 4, 1, 24, 3, 11, 17, 19, 0, 25, 28, 7, 27][13, 6, 21, 5, 15, 16, 7, 14, 24, 20, 4, 1, 9, 3, 23][18, 12, 19, 22, 0, 17, 11, 14, 7, 10, 2, 27, 15, 5, 21][0, 18, 22, 25, 28, 16, 10, 21, 15, 5, 6, 2, 29, 27, 7][2, 21, 15, 10, 16, 6, 13, 0, 26, 8, 19, 12, 18][4, 20, 14, 11, 25, 0, 26, 8, 19][1, 24][27, 29][4, 20][1, 9][1, 9][1, 23] 
[2, 29, 10, 6, 5, 21, 15, 27, 16, 28, 17, 19, 12, 18, 13][4, 20, 14, 11, 25, 0, 26, 8, 19, 17, 18, 22, 12][2, 16, 27, 7, 20, 14, 23, 3][1, 9][0, 18][0, 25][10, 21][2, 27][1, 23][1, 24][3, 4][18, 19] 
[14, 11, 25, 7, 27, 29, 15, 21, 6, 13, 0, 12, 19, 8, 26][7, 14, 24, 4, 1, 9, 3, 11, 25, 0, 22, 18, 19, 8, 12][1, 23, 20, 4, 24, 14, 11, 17, 19, 22, 12, 8, 26, 0, 18][18, 17, 12, 19, 0, 13, 6, 5, 21, 10, 2, 16, 27, 15, 29][16, 7, 14, 9, 1, 24, 4, 23, 3, 11, 25, 0, 26, 8, 19][22, 18, 19, 17, 11, 25, 28, 7, 20, 23, 4, 14, 9, 3, 24][5, 21, 2, 15, 6, 13, 0, 19, 17, 11, 14, 20, 24, 3, 23][5, 21, 2, 15, 10, 6, 13, 18, 0, 28, 17, 19, 8, 26][3, 1, 4, 14, 20, 7, 27, 15, 10, 2, 16, 28, 0, 17][14, 23, 1, 4, 24, 7, 2, 27, 10, 21, 5, 6, 16, 28][3, 11, 25, 22, 17, 28, 16, 10, 29, 27, 7][7, 16] 
[0, 26, 8, 12, 22, 19, 17, 28, 16, 7, 2, 29, 15, 5][13, 18, 12, 19, 17, 28, 16, 27, 15, 21, 5, 6, 10, 29][25, 0, 26, 8, 19, 18, 13, 6, 10, 15, 2, 27, 29][5, 21, 6, 13, 18, 22, 17, 11, 25, 7, 20, 23][4, 24, 23, 9, 14, 3, 11][1, 24, 14, 4, 3, 9][12, 17, 28][2, 15][12, 18][13, 18][8, 26][13, 18] 
[22, 19, 12, 17, 18, 13, 6, 5, 21, 10, 2, 16, 27, 15, 29][14, 11, 25, 28, 7, 4, 20, 23, 9, 3, 1, 24][0, 13, 6][0, 25][1, 24][8, 12][1, 24][12, 19][8, 26][1, 24][8, 26][6, 21] 
[19, 18, 13, 6, 10, 21, 5, 15, 2, 27, 29][8, 12, 22, 17, 28, 25, 11, 14, 7, 16][14, 9, 23, 24][6, 13][20, 24][8, 26][3, 4][2, 15][0, 13][0, 26][1, 4][3, 11] 
[18, 0, 26, 8, 12, 19, 17, 28][13, 6, 10, 21, 5, 15, 2, 29][11, 25, 7, 20, 23, 3, 24][13, 18, 22, 25, 28, 16, 27][13, 6, 2, 29, 27, 7, 28][1, 9, 14, 7, 25, 22][27, 7, 28][1, 4][20, 23][20, 23][16, 27][8, 26] 
[13, 18, 12, 19, 17, 28, 16, 27, 15, 21, 5, 6, 10, 29][11, 25, 0, 26, 8, 19, 17, 18, 22][3, 23, 14, 20, 7, 27][1, 9][0, 18][0, 25][10, 21][2, 27][1, 23][1, 24][3, 4][18, 19] 
[3, 9, 1, 4, 20, 24, 14, 7][0, 26, 8, 19, 12, 17, 11, 14][6, 10, 21, 5, 15][6, 2, 29, 27, 7][7, 28, 25][3, 23][0, 18][22, 25][16, 28][5, 21][0, 13][12, 19] 
[19, 18, 22, 12, 8, 26, 0, 17, 11, 25, 7, 20, 23, 24][1, 9, 14, 7, 28, 25, 22, 19, 12, 18, 17, 11, 3, 23][3, 23, 14, 4, 7, 25, 28, 17, 19, 8, 26, 0, 18][13, 6, 10, 21, 5, 15, 2, 27, 29][4, 1, 3, 24, 20][4, 24, 20][16, 7, 25][13, 18][7, 28][16, 27][9, 14][13, 18] 
[14, 11, 25, 7, 27, 29, 15, 21, 6, 13, 0, 12, 19, 8, 26][8, 26, 0, 25, 11, 3, 23, 4, 24, 1, 9, 14, 7, 16][1, 3, 4, 20, 24, 14, 11, 25, 0, 18, 12, 19, 8, 26][14, 23, 1, 4, 24, 7, 2, 27, 10, 21, 5, 6, 16, 28][22, 0, 13, 6, 21, 10, 15, 16, 28, 17, 12, 8, 26][18, 22, 12, 8, 26, 0, 28, 16, 15, 5, 6, 2, 29][6, 16, 27, 10, 7, 4, 23, 24, 3, 11, 17, 18, 13][11, 25, 22, 18, 13, 6, 10, 15, 29, 2, 16, 28, 17][5, 21, 2, 15, 6, 13, 0, 19, 17, 11, 14, 20, 24][7, 20, 23, 9, 3, 11, 17, 28, 25, 22, 19, 18][3, 11, 25, 22, 17, 28, 16, 10, 29, 27, 7][17, 0, 25, 28, 16, 2, 10, 15, 27, 7, 20] 
[3, 23, 4, 14, 11, 25, 0, 26, 8, 19, 17, 18, 22, 12][14, 11, 25, 7, 27, 29, 15, 21, 6, 13, 0, 12, 8, 26][1, 14, 7, 27, 29, 10, 16, 28, 17, 22, 25, 11, 3][5, 15, 6, 21, 2, 27, 16, 28, 0, 26, 8, 19, 12][13, 6, 10, 2, 7, 25, 0, 22, 19, 18, 12, 8, 26][3, 14, 20, 7, 27, 15, 2, 16, 28, 25, 0, 17][18, 0, 26, 8, 19, 17, 11, 3, 9, 14, 24][3, 11, 25, 22, 17, 28, 7, 4, 20, 23, 14][4, 1, 3, 24, 20, 7][4, 24, 7][1, 23][1, 9] 
[14, 11, 25, 28, 7, 4, 20, 23, 9, 3, 1, 24][13, 6, 5, 21, 10, 2, 16, 27, 15, 29][11, 3, 14, 4, 23, 9, 1, 24, 20][17, 19, 22, 12, 8, 26, 0, 18][13, 6, 5, 21, 10, 16, 27, 29][13, 6, 21, 2, 27, 29][16, 28][17, 28][0, 22][9, 14][12, 18][0, 25] 
[21, 2, 16, 7, 20, 14, 4, 23][19, 18, 22, 17, 0, 25, 28][6, 10, 2, 27, 15, 5, 21][13, 6, 21, 5, 15, 2, 29][13, 6, 2, 29, 27, 7, 28][8, 12, 22, 17, 11, 14][4, 1, 3, 14, 24, 20][14, 9, 3, 11, 25][10, 6, 13, 0, 26][2, 29, 15, 21][1, 9][12, 17] 
[16, 7, 14, 9, 1, 24, 23, 20, 4, 3, 11, 17, 22, 19, 18][18, 22, 12, 8, 26, 0, 28, 16, 15, 5, 6, 2, 29][6, 16, 27, 10, 7, 4, 23, 24, 3, 11, 17, 18, 13][14, 23, 1, 4, 24, 7, 2, 10, 21, 5, 6, 16, 28][2, 21, 5, 15, 10, 6, 13, 18, 12, 19, 8, 26][3, 11, 25][0, 25][11, 25][0, 26][7, 16][0, 25][16, 28] 
[2, 21, 5, 15, 16, 28, 17, 22, 18, 19, 12, 8, 26, 0, 25][2, 29, 10, 6, 5, 21, 15, 27, 16, 28, 17, 19, 12, 18, 13][3, 23, 14, 20, 7, 27, 16, 2, 29, 15, 6, 13, 18, 17, 28][4, 20, 14, 11, 25, 0, 26, 8, 19, 17, 18, 22, 12][1, 9][0, 18][10, 21][2, 27][1, 23][1, 24][3, 4][18, 19] 
[2, 29, 10, 6, 5, 21, 15, 27, 16, 28, 17, 19, 12, 18, 13][0, 26, 8, 19, 12, 17, 11, 14][3, 1, 4, 20, 24, 14, 7][6, 2, 29, 27, 7][7, 28, 25][2, 27][1, 23][0, 25][22, 25][10, 21][16, 28][1, 9] 
[3, 11, 25, 22, 17, 28, 16, 10, 29, 27, 7, 20, 14, 1, 4][3, 11, 25, 22, 17, 28, 16, 10, 29, 27, 7, 20, 14, 1, 4][23, 14, 20, 7, 27, 16, 2, 29, 15, 6, 13, 18, 17, 28][13, 6, 10, 2, 7, 25, 0, 22, 19, 18, 12, 8, 26][18, 17, 28, 16, 6, 21, 2, 10, 27, 7, 4, 20, 23][4, 20, 14, 11, 25, 0, 26, 8, 19, 17, 22, 12][4, 24][5, 21][2, 27][1, 9][3, 11][10, 21] 
[18, 0, 26, 8, 12, 19, 17, 28][11, 25, 7, 20, 23, 3, 24][1, 9, 14, 7, 28, 25, 22][10, 21, 5, 15, 2, 29][7, 27, 2, 6, 13][16, 27][1, 4][20, 23][20, 23][7, 28][16, 27][8, 26] 
[4, 3, 9, 1, 14, 11, 25, 28, 17, 19, 12, 8, 26, 0, 18][20, 14, 23, 1, 4, 24, 7, 2, 27, 10, 21, 5, 6, 16, 28][1, 24, 23, 9, 14, 11, 3, 4, 20, 7, 27, 29, 2, 15, 10][7, 20, 23, 9, 3, 11, 17, 28, 25, 22, 19, 18, 13, 0, 26][20, 7, 4, 1, 24, 23, 14, 11, 17, 22, 12, 18, 13, 0, 28][16, 7, 14, 9, 1, 24, 4, 23, 3, 11, 25, 0, 26, 8, 19][18, 22, 12, 19, 8, 26, 0, 17, 11, 25, 7, 20, 23, 3, 24][5, 21, 2, 15, 6, 13, 0, 19, 17, 11, 14, 20, 24, 7, 28][1, 9, 14, 7, 28, 25, 22, 19, 12, 18, 17, 11, 3, 24, 23][19, 18, 22, 0, 13, 6, 21, 10, 15, 16, 28, 17, 12, 8, 26][21, 5, 15, 10, 2, 6, 16, 7, 25, 0, 19, 18, 17, 12, 22][14, 11, 25, 7, 27, 29, 15, 21, 6, 13, 0, 12, 19, 8, 26] 
[14, 11, 25, 28, 7, 4, 20, 23, 9, 3, 1, 24][13, 6, 5, 21, 10, 2, 16, 27, 15, 29][17, 19, 22, 12, 8, 26, 0, 18][18, 0, 26, 8, 12, 19][1, 9][0, 25][17, 22][7, 16][17, 22][0, 25][17, 22][3, 24] 
[18, 13, 6, 5, 21, 10, 2, 16, 27, 15, 29][4, 1, 3, 24, 20, 7][17, 19, 22, 12, 8, 26][7, 4, 20, 23][3, 11][11, 25][14, 24][0, 25][0, 22][17, 28][16, 28][9, 14] 
[18, 22, 17, 0, 25, 28][14, 24, 4, 7, 2, 29][9, 14, 1, 24, 4, 20][8, 12, 22, 17, 11, 14][6, 13, 0, 26][6, 5, 15, 10][16, 10, 29, 27][21, 15, 29][12, 17][3, 4][4, 23][12, 19] 
[9, 14, 23, 4, 1, 24, 3, 11, 17, 19, 0, 25, 28, 7, 27][13, 6, 21, 5, 15, 16, 7, 14, 24, 20, 4, 1, 9, 3, 23][18, 12, 19, 22, 0, 17, 11, 14, 7, 10, 2, 27, 15, 5, 21][0, 18, 22, 25, 28, 16, 10, 21, 15, 5, 6, 2, 29, 27, 7][1, 9, 14, 3, 4, 23, 24, 7, 27, 10, 29, 2, 21, 5, 15][7, 2, 21, 15, 10, 16, 6, 13, 0, 26, 8, 19, 12, 18][4, 20, 14, 11, 25, 0, 26, 8, 19][1, 24][27, 29][4, 20][1, 9][1, 23] 
[2, 29, 10, 6, 5, 21, 15, 27, 16, 28, 17, 19, 12, 18, 13][4, 20, 14, 11, 25, 0, 26, 8, 19, 17, 18, 22, 12][2, 16, 27, 7, 20, 14, 23, 3][1, 9][0, 18][0, 25][10, 21][2, 27][1, 23][1, 24][3, 4][18, 19] 
[14, 11, 25, 7, 27, 29, 15, 21, 6, 13, 0, 12, 19, 8, 26][7, 10, 29, 2, 6, 5, 15, 16, 28, 0, 26, 8, 12, 22, 18][16, 7, 14, 1, 24, 4, 23, 3, 11, 25, 0, 26, 8, 12, 22][4, 24, 20, 14, 11, 17, 19, 0, 13, 6, 15, 2, 21, 5][1, 14, 20, 7, 27, 29, 10, 16, 28, 17, 22, 25, 11, 3][3, 11, 25, 22, 17, 28, 16, 10, 27, 7, 4, 20, 23, 14][13, 6, 10, 2, 7, 25, 0, 22, 19, 18, 12, 8, 26][9, 23, 1, 4, 24, 7, 2, 10, 21, 5, 6, 16, 28][3, 14, 20, 7, 27, 15, 2, 16, 28, 25, 0, 17][18, 0, 26, 8, 19, 17, 11, 3, 1, 9, 14, 24][7, 10, 2, 6, 15, 16, 28, 0, 26, 8, 12, 18][0, 25] 
[0, 26, 8, 12, 22, 19, 17, 28, 16, 7, 2, 27, 29, 15, 5][25, 0, 26, 8, 19, 18, 13, 6, 10, 21, 5, 15, 2, 27, 29][13, 18, 12, 19, 17, 28, 16, 27, 15, 21, 5, 6, 10, 29][5, 21, 6, 13, 18, 22, 17, 11, 25, 7, 20, 23][1, 24, 23, 20, 14, 4, 3, 9][4, 24, 23, 9, 14, 3, 11][12, 17, 28][2, 15][12, 18][13, 18][8, 26][13, 18] 
[22, 19, 12, 17, 18, 13, 6, 5, 21, 10, 2, 16, 27, 15, 29][14, 11, 25, 28, 7, 4, 20, 23, 9, 3, 1, 24][0, 26][7, 27][6, 21][10, 21][10, 21][0, 13][7, 28][0, 13][8, 26][12, 19] 
[14, 11, 25, 28, 7, 4, 20, 23, 9, 3, 1, 24][6, 5, 21, 10, 2, 16, 27, 15, 29][17, 19, 22, 12, 8, 26, 0, 18][3, 9, 1, 4, 24, 14, 7][3, 24][7, 16][7, 10][0, 13][25, 28][8, 26][0, 25][7, 24] 
[18, 0, 26, 8, 12, 19, 17, 28][13, 6, 10, 21, 5, 15, 2, 29][11, 25, 7, 20, 23, 3, 24][13, 18, 22, 25, 28, 16, 27][13, 6, 2, 29, 27, 7, 28][1, 9, 14, 7, 25, 22][27, 7, 28][1, 4][20, 23][20, 23][16, 27][8, 26] 
[18, 12, 19, 22, 0, 17, 11, 14, 7, 10, 2, 15, 5, 21][13, 18, 12, 19, 17, 28, 16, 27, 15, 21, 5, 6, 10, 29][2, 21, 15, 10, 16, 6, 13, 0, 26, 8, 19, 18][3, 23, 14, 20, 7, 27][0, 18][27, 29][0, 25][1, 23][3, 4][1, 24][1, 9][1, 9] 
[3, 9, 1, 4, 20, 24, 14, 7][0, 26, 8, 19, 12, 17, 11, 14][6, 10, 21, 5, 15][6, 2, 29, 27, 7][7, 28, 25][3, 23][0, 18][22, 25][16, 28][5, 21][0, 13][12, 19] 
[19, 18, 22, 12, 8, 26, 0, 17, 11, 25, 7, 20, 23, 24][1, 9, 14, 7, 28, 25, 22, 19, 12, 18, 17, 11, 3, 23][3, 23, 14, 4, 7, 25, 28, 17, 19, 8, 26, 0, 18][13, 6, 10, 21, 5, 15, 2, 27, 29][4, 1, 3, 24, 20][4, 24, 20][16, 7, 25][13, 18][7, 28][16, 27][9, 14][13, 18] 
[14, 11, 25, 7, 27, 29, 15, 21, 6, 13, 0, 12, 19, 8, 26][8, 26, 0, 25, 11, 3, 23, 4, 24, 1, 9, 14, 7, 16][1, 3, 4, 20, 24, 14, 11, 25, 0, 18, 12, 19, 8, 26][14, 23, 1, 4, 24, 7, 2, 27, 10, 21, 5, 6, 16, 28][22, 0, 13, 6, 21, 10, 15, 16, 28, 17, 12, 8, 26][18, 22, 12, 8, 26, 0, 28, 16, 15, 5, 6, 2, 29][6, 16, 27, 10, 7, 4, 23, 24, 3, 11, 17, 18, 13][11, 25, 22, 18, 13, 6, 10, 15, 29, 2, 16, 28, 17][5, 21, 2, 15, 6, 13, 0, 19, 17, 11, 14, 20, 24][7, 20, 23, 9, 3, 11, 17, 28, 25, 22, 19, 18][3, 11, 25, 22, 17, 28, 16, 10, 29, 27, 7][17, 0, 28, 16, 2, 10, 15, 27, 7, 20] 
[3, 23, 4, 14, 11, 25, 0, 26, 8, 19, 17, 18, 22, 12][14, 11, 25, 7, 27, 29, 15, 21, 6, 13, 0, 12, 8, 26][1, 14, 7, 27, 29, 10, 16, 28, 17, 22, 25, 11, 3][5, 15, 6, 21, 2, 27, 16, 28, 0, 26, 8, 19, 12][13, 6, 10, 2, 7, 25, 0, 22, 19, 18, 12, 8, 26][3, 11, 25, 22, 17, 28, 16, 10, 7, 4, 20, 23, 14][3, 14, 20, 7, 27, 15, 2, 16, 28, 25, 0, 17][18, 0, 26, 8, 19, 17, 11, 3, 9, 14, 24][4, 1, 3, 24, 20, 7][4, 3, 24, 7][1, 23][1, 9] 
[14, 11, 25, 28, 7, 4, 20, 23, 9, 3, 1, 24][13, 6, 5, 21, 10, 2, 16, 27, 15, 29][11, 3, 14, 4, 23, 9, 1, 24, 20][17, 19, 22, 12, 8, 26, 0, 18][13, 6, 5, 21, 10, 16, 27, 29][13, 6, 21, 2, 29][16, 28][17, 28][0, 22][9, 14][12, 18][0, 25] 
[21, 2, 16, 7, 20, 14, 4, 23][19, 18, 22, 17, 0, 25, 28][6, 10, 2, 27, 15, 5, 21][13, 6, 21, 5, 15, 2, 29][13, 6, 2, 29, 27, 7, 28][8, 12, 22, 17, 11, 14][4, 1, 3, 14, 24, 20][14, 9, 3, 11, 25][10, 6, 13, 0, 26][2, 29, 15, 21][1, 9][12, 17] 
[18, 12, 19, 22, 0, 17, 11, 14, 7, 10, 2, 27, 15, 5, 21][2, 21, 5, 15, 10, 16, 6, 13, 0, 26, 8, 19, 17, 12, 18][4, 20, 14, 11, 25, 0, 26, 8, 19, 17, 18, 22, 12][19, 12, 17, 28][2, 15][3, 23][27, 29][3, 4][1, 23][1, 9][1, 24][18, 19] 
[2, 29, 10, 6, 5, 21, 15, 27, 16, 28, 17, 19, 12, 18, 13][0, 26, 8, 19, 12, 17, 11, 14][3, 1, 4, 20, 24, 14, 7][6, 2, 29, 27, 7][7, 28, 25][2, 27][1, 23][0, 25][22, 25][10, 21][16, 28][1, 9] 
[14, 11, 25, 7, 27, 29, 15, 21, 6, 13, 0, 12, 19, 8, 26][8, 26, 0, 25, 11, 3, 23, 4, 24, 1, 9, 14, 7, 16][18, 22, 12, 8, 26, 0, 28, 16, 15, 5, 6, 2, 29][6, 16, 27, 10, 7, 4, 23, 24, 3, 11, 17, 18, 13][5, 21, 2, 15, 6, 13, 0, 19, 17, 11, 14, 20, 24][14, 23, 1, 4, 24, 7, 2, 10, 21, 5, 6, 16, 28][22, 0, 13, 6, 10, 15, 16, 28, 17, 12, 8, 26][7, 20, 23, 9, 3, 11, 17, 28, 25, 22, 19, 18][3, 11, 25, 22, 17, 28, 16, 10, 29, 27, 7][6, 13, 18, 22, 25, 11][0, 17][1, 3] 
[18, 0, 26, 8, 12, 19, 17, 28][11, 25, 7, 20, 23, 3, 24][1, 9, 14, 7, 28, 25, 22][10, 21, 5, 15, 2, 29][7, 27, 2, 6, 13][16, 27][1, 4][20, 23][20, 23][7, 28][16, 27][8, 26] 
[4, 3, 9, 1, 14, 11, 25, 28, 17, 19, 12, 8, 26, 0, 18][20, 14, 23, 1, 4, 24, 7, 2, 27, 10, 21, 5, 6, 16, 28][1, 24, 23, 9, 14, 11, 3, 4, 20, 7, 27, 29, 2, 15, 10][7, 20, 23, 9, 3, 11, 17, 28, 25, 22, 19, 18, 13, 0, 26][20, 7, 4, 1, 24, 23, 14, 11, 17, 22, 12, 18, 13, 0, 28][16, 7, 14, 9, 1, 24, 4, 23, 3, 11, 25, 0, 26, 8, 19][18, 22, 12, 19, 8, 26, 0, 17, 11, 25, 7, 20, 23, 3, 24][5, 21, 2, 15, 6, 13, 0, 19, 17, 11, 14, 20, 24, 7, 28][1, 9, 14, 7, 28, 25, 22, 19, 12, 18, 17, 11, 3, 24, 23][19, 18, 22, 0, 13, 6, 21, 10, 15, 16, 28, 17, 12, 8, 26][21, 5, 15, 10, 2, 6, 16, 7, 25, 0, 19, 18, 17, 12, 22][14, 11, 25, 7, 27, 29, 15, 21, 6, 13, 0, 12, 19, 8, 26] 
[14, 11, 25, 28, 7, 4, 20, 23, 9, 3, 1, 24][13, 6, 5, 21, 10, 2, 16, 27, 15, 29][17, 19, 22, 12, 8, 26, 0, 18][18, 0, 26, 8, 12, 19][1, 9][0, 25][17, 22][7, 16][17, 22][0, 25][17, 22][3, 24] 
[18, 13, 6, 5, 21, 10, 2, 16, 27, 15, 29][17, 19, 22, 12, 8, 26][4, 1, 3, 24, 20, 7][17, 28][0, 22][0, 25][16, 28][11, 25][3, 11][20, 23][14, 24][9, 14] 
[14, 24, 4, 7, 2, 29][8, 12, 22, 17, 11, 14][9, 14, 1, 24, 4, 20][18, 22, 17, 0, 25, 28][16, 10, 29, 27][6, 5, 15, 10][6, 13, 0, 26][21, 15, 29][4, 23][3, 4][12, 19][12, 17] 
[11, 3, 14, 9, 23, 24, 4, 20, 7, 2, 6, 5, 21, 15, 29][5, 21, 15, 2, 6, 13, 18, 17, 12, 22, 19, 8, 26, 0, 28][9, 23, 14, 1, 24, 4, 3, 11, 17, 0, 25, 28, 16, 27, 10][2, 29, 10, 6, 5, 21, 15, 27, 16, 28, 17, 19, 12, 18, 13][12, 22, 18, 17, 19, 8, 26, 0, 25, 11, 14, 20, 4, 3, 24][7, 4, 20, 23, 14, 11, 17, 19, 22, 12, 8, 26][17, 19, 22, 12, 8, 26][17, 19, 22, 12, 8, 26][11, 25, 22][16, 28][3, 4][16, 28] 
[2, 29, 10, 6, 5, 21, 15, 27, 16, 28, 17, 19, 12, 18, 13][4, 20, 14, 11, 25, 0, 26, 8, 19, 17, 18, 22, 12][2, 16, 27, 7, 20, 14, 23, 3][1, 9][0, 18][0, 25][10, 21][2, 27][1, 23][1, 24][3, 4][18, 19] 
[1, 4, 24, 20, 14, 11, 17, 19, 0, 13, 6, 15, 2, 21, 5][18, 0, 26, 8, 12, 19, 17, 22, 25, 11, 3, 14, 1, 24, 20][9, 1, 3, 24, 4, 20, 23, 14, 7, 2, 21, 6, 15, 10, 29][18, 0, 26, 8, 12, 22, 19, 17, 11, 3, 1, 9, 14, 7, 24][16, 7, 14, 1, 24, 4, 23, 3, 11, 25, 0, 26, 8, 12, 22][16, 7, 2, 29, 10, 15, 21, 5, 6, 13, 18, 12, 22, 25, 28][13, 6, 16, 10, 2, 7, 25, 0, 22, 17, 19, 18, 12, 8, 26][1, 14, 20, 7, 27, 29, 10, 16, 28, 17, 22, 25, 11, 3][19, 18, 0, 13, 6, 21, 10, 15, 16, 28, 17, 12, 8, 26][9, 14, 23, 1, 4, 24, 7, 2, 10, 21, 5, 6, 16, 28][12, 8, 26, 0, 25, 11, 3, 4, 24, 1, 14, 7, 16][0, 25] 
[0, 26, 8, 12, 22, 19, 17, 28, 16, 7, 2, 29, 15, 5][13, 18, 12, 19, 17, 28, 16, 27, 15, 21, 5, 6, 10, 29][5, 21, 6, 13, 18, 22, 17, 11, 25, 7, 20, 23][25, 0, 26, 8, 19, 18, 13, 6, 10, 2, 27, 29][4, 24, 23, 9, 14, 3, 11][1, 24, 14, 4, 3, 9][12, 17, 28][2, 15][12, 18][13, 18][8, 26][13, 18] 
[25, 0, 26, 8, 19, 18, 13, 6, 10, 21, 5, 15, 2, 27, 29][16, 7, 14, 9, 1, 24, 23, 20][4, 24, 23, 9, 14, 3, 11][12, 17, 28][8, 26][0, 26][16, 28][19, 22][8, 26][0, 26][12, 18][2, 15] 
[14, 11, 25, 28, 7, 4, 20, 23, 9, 3, 1, 24][6, 5, 21, 10, 2, 16, 27, 15, 29][17, 19, 22, 12, 8, 26, 0, 18][3, 9, 1, 4, 24, 14, 7][3, 24][7, 16][7, 10][0, 13][25, 28][8, 26][0, 25][7, 24] 
[18, 0, 26, 8, 12, 19, 17, 28][13, 6, 10, 21, 5, 15, 2, 29][11, 25, 7, 20, 23, 3, 24][13, 18, 22, 25, 28, 16, 27][13, 6, 2, 29, 27, 7, 28][1, 9, 14, 7, 25, 22][27, 7, 28][1, 4][20, 23][20, 23][16, 27][8, 26] 
[2, 29, 10, 6, 5, 21, 15, 27, 16, 28, 17, 19, 12, 18][3, 9, 23, 20, 4, 7, 28, 25, 11, 14][7, 28][8, 12][22, 25][8, 26][0, 25][0, 25][0, 26][1, 24][1, 23][0, 13] 
[3, 9, 1, 4, 20, 24, 14, 7][0, 26, 8, 19, 12, 17, 11, 14][6, 10, 21, 5, 15][6, 2, 29, 27, 7][7, 28, 25][3, 23][0, 18][22, 25][16, 28][5, 21][0, 13][12, 19] 
[19, 18, 22, 12, 8, 26, 0, 17, 11, 25, 7, 20, 23, 24][1, 9, 14, 7, 28, 25, 22, 19, 12, 18, 17, 11, 3, 23][3, 23, 14, 4, 7, 25, 28, 17, 19, 8, 26, 0, 18][13, 6, 10, 21, 5, 15, 2, 27, 29][4, 1, 3, 24, 20][4, 24, 20][16, 7, 25][13, 18][7, 28][16, 27][9, 14][13, 18] 
[14, 11, 25, 7, 27, 29, 15, 21, 6, 13, 0, 12, 19, 8, 26][8, 26, 0, 25, 11, 3, 23, 4, 24, 1, 9, 14, 7, 16][1, 3, 4, 20, 24, 14, 11, 25, 0, 18, 12, 19, 8, 26][14, 23, 1, 4, 24, 7, 2, 27, 10, 21, 5, 6, 16, 28][22, 0, 13, 6, 21, 10, 15, 16, 28, 17, 12, 8, 26][18, 22, 12, 8, 26, 0, 28, 16, 15, 5, 6, 2, 29][6, 16, 27, 10, 7, 4, 23, 24, 3, 11, 17, 18, 13][11, 25, 22, 18, 13, 6, 10, 15, 29, 2, 16, 28, 17][5, 21, 2, 15, 6, 13, 0, 19, 17, 11, 14, 20, 24][7, 20, 23, 9, 3, 11, 17, 28, 25, 22, 19, 18][3, 11, 25, 22, 17, 28, 16, 10, 29, 27, 7][17, 0, 28, 16, 2, 10, 15, 27, 7, 20] 
[14, 11, 25, 7, 27, 29, 15, 21, 6, 13, 0, 12, 19, 8, 26][8, 26, 0, 25, 11, 3, 23, 4, 24, 1, 9, 14, 7, 16][1, 3, 4, 20, 24, 14, 11, 25, 0, 18, 12, 8, 26][7, 20, 23, 9, 3, 11, 17, 28, 25, 22, 19, 18][3, 11, 25, 22, 17, 28, 16, 10, 29, 27, 7][17, 0, 28, 16, 2, 10, 15, 27, 7, 20][13, 6, 10, 21, 5, 15, 2, 29][18, 0, 26, 8, 12, 19, 17, 28][13, 6, 10, 21, 5, 15, 2, 29][13, 18, 22, 25, 28, 16, 27][1, 14, 7, 25, 22][1, 4] 
[14, 11, 25, 28, 7, 4, 20, 23, 9, 3, 1, 24][13, 6, 5, 21, 10, 2, 16, 27, 15, 29][11, 3, 14, 4, 23, 9, 1, 24, 20][17, 19, 22, 12, 8, 26, 0, 18][13, 6, 5, 21, 10, 16, 27, 29][13, 6, 21, 2, 29][16, 28][17, 28][0, 22][9, 14][12, 18][0, 25] 
[21, 2, 16, 7, 20, 14, 4, 23][19, 18, 22, 17, 0, 25, 28][6, 10, 2, 27, 15, 5, 21][13, 6, 21, 5, 15, 2, 29][13, 6, 2, 29, 27, 7, 28][8, 12, 22, 17, 11, 14][4, 1, 3, 14, 24, 20][14, 9, 3, 11, 25][10, 6, 13, 0, 26][2, 29, 15, 21][1, 9][12, 17] 
[18, 12, 19, 22, 0, 17, 11, 14, 7, 10, 2, 27, 15, 5, 21][4, 20, 14, 11, 25, 0, 26, 8, 19, 17, 18, 22, 12][2, 21, 15, 10, 16, 6, 13, 0, 26, 8, 19, 12, 18][19, 12, 17, 28][2, 15][3, 23][27, 29][3, 4][1, 23][1, 9][1, 24][18, 19] 
[23, 14, 20, 7, 27, 16, 2, 29, 15, 6, 13, 18, 17, 28][4, 20, 14, 11, 25, 0, 26, 8, 19, 17, 22, 12][5, 21, 15][1, 9][0, 18][0, 25][10, 21][2, 27][1, 23][1, 24][3, 4][18, 19] 
[14, 11, 25, 7, 27, 29, 15, 21, 6, 13, 0, 12, 19, 8, 26][8, 26, 0, 25, 11, 3, 23, 4, 24, 1, 9, 14, 7, 16][18, 22, 12, 8, 26, 0, 28, 16, 15, 5, 6, 2, 29][6, 16, 27, 10, 7, 4, 23, 24, 3, 11, 17, 18, 13][5, 21, 2, 15, 6, 13, 0, 19, 17, 11, 14, 20, 24][14, 23, 1, 4, 24, 7, 2, 10, 21, 5, 6, 16, 28][22, 0, 13, 6, 10, 15, 16, 28, 17, 12, 8, 26][7, 20, 23, 9, 3, 11, 17, 28, 25, 22, 19, 18][3, 11, 25, 22, 17, 28, 16, 10, 29, 27, 7][6, 13, 18, 22, 25, 11][0, 17][1, 3] 
[18, 0, 26, 8, 12, 19, 17, 28][11, 25, 7, 20, 23, 3, 24][1, 9, 14, 7, 28, 25, 22][10, 21, 5, 15, 2, 29][7, 27, 2, 6, 13][16, 27][1, 4][20, 23][20, 23][7, 28][16, 27][8, 26] 
[4, 3, 9, 1, 14, 11, 25, 28, 17, 19, 12, 8, 26, 0, 18][20, 14, 23, 1, 4, 24, 7, 2, 27, 10, 21, 5, 6, 16, 28][1, 24, 23, 9, 14, 11, 3, 4, 20, 7, 27, 29, 2, 15, 10][7, 20, 23, 9, 3, 11, 17, 28, 25, 22, 19, 18, 13, 0, 26][20, 7, 4, 1, 24, 23, 14, 11, 17, 22, 12, 18, 13, 0, 28][16, 7, 14, 9, 1, 24, 4, 23, 3, 11, 25, 0, 26, 8, 19][18, 22, 12, 19, 8, 26, 0, 17, 11, 25, 7, 20, 23, 3, 24][5, 21, 2, 15, 6, 13, 0, 19, 17, 11, 14, 20, 24, 7, 28][1, 9, 14, 7, 28, 25, 22, 19, 12, 18, 17, 11, 3, 24, 23][19, 18, 22, 0, 13, 6, 21, 10, 15, 16, 28, 17, 12, 8, 26][21, 5, 15, 10, 2, 6, 16, 7, 25, 0, 19, 18, 17, 12, 22][14, 11, 25, 7, 27, 29, 15, 21, 6, 13, 0, 12, 19, 8, 26] 
[14, 11, 25, 28, 7, 4, 20, 23, 9, 3, 1, 24][13, 6, 5, 21, 10, 2, 16, 27, 15, 29][17, 19, 22, 12, 8, 26, 0, 18][18, 0, 26, 8, 12, 19][1, 9][0, 25][17, 22][7, 16][17, 22][0, 25][17, 22][3, 24] 
[18, 13, 6, 5, 21, 10, 2, 16, 27, 15, 29][4, 1, 3, 24, 20, 7][17, 19, 22, 12, 8, 26][11, 25][0, 25][3, 11][0, 22][17, 28][20, 23][16, 28][14, 24][9, 14] 
[18, 22, 17, 0, 25, 28][14, 24, 4, 7, 2, 29][9, 14, 1, 24, 4, 20][8, 12, 22, 17, 11, 14][6, 13, 0, 26][6, 5, 15, 10][16, 10, 29, 27][21, 15, 29][12, 17][3, 4][4, 23][12, 19] 
[21, 5, 15, 27, 2, 29, 10, 6, 13, 18, 22, 17, 0, 25, 28][2, 21, 15, 10, 16, 6, 13, 0, 26, 8, 19, 17, 12, 18][6, 21, 10, 16, 7, 25, 11, 3, 23, 20, 24, 1, 14, 9][4, 20, 14, 11, 25, 0, 26, 8, 19, 18, 22, 12][9, 1, 4, 23, 3, 11, 17, 19, 12, 18, 0, 26][14, 24, 4, 7, 2, 29, 27, 10, 15, 16, 28][3, 4][1, 24][4, 23][1, 9][27, 29][3, 4] 
[2, 29, 10, 6, 5, 21, 15, 27, 16, 28, 17, 19, 12, 18, 13][4, 20, 14, 11, 25, 0, 26, 8, 19, 17, 18, 22, 12][2, 16, 27, 7, 20, 14, 23, 3][1, 9][0, 18][0, 25][10, 21][2, 27][1, 23][1, 24][3, 4][18, 19] 
[16, 7, 14, 9, 1, 24, 4, 23, 3, 11, 25, 0, 26, 8, 19][3, 11, 25, 22, 17, 28, 16, 10, 29, 27, 7, 4, 20, 23, 14][18, 19, 22, 0, 13, 6, 21, 10, 15, 16, 28, 17, 12, 8, 26][7, 20, 23, 9, 3, 11, 17, 28, 25, 22, 19, 18, 12, 0, 26][7, 10, 29, 2, 6, 5, 15, 16, 28, 0, 26, 8, 12, 22, 18][13, 18, 17, 11, 3, 24, 23, 4, 7, 10, 27, 16, 6, 21, 15][3, 11, 14, 23, 20, 7, 27, 15, 10, 2, 16, 28, 25, 0, 17][23, 1, 3, 4, 20, 24, 14, 11, 25, 0, 18, 12, 19, 8, 26][8, 19, 17, 28, 16, 2, 29, 15, 10, 6, 13, 18, 22, 25, 11][4, 1, 24, 20, 14, 11, 17, 19, 0, 13, 6, 15, 2, 21, 5][9, 14, 23, 1, 4, 24, 7, 2, 27, 10, 21, 5, 6, 16, 28][0, 12, 19, 8, 26] 
[25, 0, 26, 8, 19, 18, 13, 6, 10, 21, 5, 15, 2, 27, 29][13, 18, 12, 19, 17, 28, 16, 27, 15, 21, 5, 6, 10, 29][5, 21, 6, 13, 18, 22, 17, 11, 25, 7, 20, 23][0, 26, 8, 12, 22, 19, 17, 28, 16, 7, 2][4, 24, 23, 9, 14, 3, 11][12, 17, 28][1, 24][2, 15][12, 18][13, 18][8, 26][13, 18] 
[25, 0, 26, 8, 19, 18, 13, 6, 10, 21, 5, 15, 2, 27, 29][16, 7, 14, 9, 1, 24, 23, 20][4, 24, 23, 9, 14, 3, 11][12, 17, 28][8, 26][0, 26][16, 28][19, 22][8, 26][0, 26][12, 18][2, 15] 
[14, 11, 25, 28, 7, 4, 20, 23, 9, 3, 1, 24][6, 5, 21, 10, 2, 16, 27, 15, 29][17, 19, 22, 12, 8, 26, 0, 18][3, 9, 1, 4, 24, 14, 7][3, 24][7, 16][7, 10][0, 13][25, 28][8, 26][0, 25][7, 24] 
[18, 0, 26, 8, 12, 19, 17, 28][13, 6, 10, 21, 5, 15, 2, 29][11, 25, 7, 20, 23, 3, 24][13, 18, 22, 25, 28, 16, 27][13, 6, 2, 29, 27, 7, 28][1, 9, 14, 7, 25, 22][27, 7, 28][1, 4][20, 23][20, 23][16, 27][8, 26] 
[25, 0, 26, 8, 19, 18, 13, 6, 10, 21, 5, 15, 2, 27, 29][1, 24, 4, 20, 23, 3, 11, 17, 19, 12][14, 7, 16][3, 4][3, 11][4, 20][1, 9][17, 28][14, 24][8, 26][17, 22][17, 28] 
[3, 9, 1, 4, 20, 24, 14, 7][0, 26, 8, 19, 12, 17, 11, 14][6, 10, 21, 5, 15][6, 2, 29, 27, 7][7, 28, 25][3, 23][0, 18][22, 25][16, 28][5, 21][0, 13][12, 19] 
[19, 18, 22, 12, 8, 26, 0, 17, 11, 25, 7, 20, 23, 24][1, 9, 14, 7, 28, 25, 22, 19, 12, 18, 17, 11, 3, 23][3, 23, 14, 4, 7, 25, 28, 17, 19, 8, 26, 0, 18][13, 6, 10, 21, 5, 15, 2, 27, 29][4, 1, 3, 24, 20][4, 24, 20][16, 7, 25][13, 18][7, 28][16, 27][9, 14][13, 18] 
[14, 11, 25, 7, 27, 29, 15, 21, 6, 13, 0, 12, 19, 8, 26][8, 26, 0, 25, 11, 3, 23, 4, 24, 1, 9, 14, 7, 16][1, 3, 4, 20, 24, 14, 11, 25, 0, 18, 12, 19, 8, 26][14, 23, 1, 4, 24, 7, 2, 27, 10, 21, 5, 6, 16, 28][22, 0, 13, 6, 21, 10, 15, 16, 28, 17, 12, 8, 26][18, 22, 12, 8, 26, 0, 28, 16, 15, 5, 6, 2, 29][6, 16, 27, 10, 7, 4, 23, 24, 3, 11, 17, 18, 13][11, 25, 22, 18, 13, 6, 10, 15, 29, 2, 16, 28, 17][5, 21, 2, 15, 6, 13, 0, 19, 17, 11, 14, 20, 24][7, 20, 23, 9, 3, 11, 17, 28, 25, 22, 19, 18][3, 11, 25, 22, 17, 28, 16, 10, 29, 27, 7][17, 0, 28, 16, 2, 10, 15, 27, 7, 20] 
[14, 11, 25, 28, 7, 4, 20, 23, 9, 3, 1, 24][13, 6, 5, 21, 10, 2, 16, 27, 15, 29][11, 3, 14, 4, 23, 9, 1, 24, 20][17, 19, 22, 12, 8, 26, 0, 18][13, 6, 5, 21, 10, 16, 27, 29][13, 6, 21, 2, 29][16, 28][17, 28][0, 22][9, 14][12, 18][0, 25] 
[21, 2, 16, 7, 20, 14, 4, 23][19, 18, 22, 17, 0, 25, 28][6, 10, 2, 27, 15, 5, 21][13, 6, 21, 5, 15, 2, 29][13, 6, 2, 29, 27, 7, 28][8, 12, 22, 17, 11, 14][4, 1, 3, 14, 24, 20][14, 9, 3, 11, 25][10, 6, 13, 0, 26][2, 29, 15, 21][1, 9][12, 17] 
[18, 12, 19, 22, 0, 17, 11, 14, 7, 10, 2, 27, 15, 5, 21][4, 20, 14, 11, 25, 0, 26, 8, 19, 17, 18, 22, 12][2, 21, 15, 10, 16, 6, 13, 0, 26, 8, 19, 12, 18][19, 12, 17, 28][2, 15][3, 23][27, 29][3, 4][1, 23][1, 9][1, 24][18, 19] 
[23, 14, 20, 7, 27, 16, 2, 29, 15, 6, 13, 18, 17, 28][4, 20, 14, 11, 25, 0, 26, 8, 19, 17, 22, 12][5, 21, 15][1, 9][0, 18][0, 25][10, 21][2, 27][1, 23][1, 24][3, 4][18, 19] 
[18, 0, 26, 8, 12, 19, 17, 28][11, 25, 7, 20, 23, 3, 24][1, 9, 14, 7, 28, 25, 22][10, 21, 5, 15, 2, 29][7, 27, 2, 6, 13][16, 27][1, 4][20, 23][20, 23][7, 28][16, 27][8, 26] 
[14, 11, 25, 7, 27, 29, 15, 21, 6, 13, 0, 12, 19, 8, 26][12, 8, 26, 0, 25, 11, 3, 23, 4, 24, 1, 9, 14, 7, 16][7, 20, 23, 9, 3, 11, 17, 28, 25, 22, 19, 18, 13, 6, 15][10, 27, 29, 2, 6, 5, 15, 16, 28, 0, 26, 8, 12, 22, 18][13, 18, 17, 11, 3, 24, 23, 4, 7, 10, 27, 16, 6, 21, 15][15, 2, 7, 20, 24, 4, 3, 1, 23, 14, 11, 25, 28, 0, 17][1, 3, 23, 9, 14, 24, 20, 4, 7, 16, 27, 29, 10, 6, 13][7, 10, 29, 27, 2, 21, 5, 15, 16, 6, 13, 18, 22, 25, 11][5, 21, 2, 15, 6, 13, 0, 19, 17, 11, 14, 20, 24, 7, 25][12, 8, 19, 18, 22, 17, 0, 13, 6, 10, 16, 28, 7, 20, 24][19, 18, 22, 0, 13, 6, 10, 15, 16, 28, 17, 12, 8, 26][3, 11, 25, 28, 7, 24, 23, 20, 4, 1, 9, 14] 
[14, 11, 25, 28, 7, 4, 20, 23, 9, 3, 1, 24][13, 6, 5, 21, 10, 2, 16, 27, 15, 29][17, 19, 22, 12, 8, 26, 0, 18][18, 0, 26, 8, 12, 19][1, 9][0, 25][17, 22][7, 16][17, 22][0, 25][17, 22][3, 24] 
[18, 13, 6, 5, 21, 10, 2, 16, 27, 15, 29][4, 1, 3, 24, 20, 7][17, 19, 22, 12, 8, 26][3, 11][11, 25][0, 25][0, 22][14, 24][17, 28][16, 28][9, 14][20, 23] 
[18, 22, 17, 0, 25, 28][14, 24, 4, 7, 2, 29][9, 14, 1, 24, 4, 20][8, 12, 22, 17, 11, 14][6, 13, 0, 26][6, 5, 15, 10][16, 10, 29, 27][21, 15, 29][12, 17][3, 4][4, 23][12, 19] 
[9, 3, 24, 20, 4, 23, 1, 14, 7, 16, 27, 10, 6, 15, 29][18, 0, 26, 8, 12, 19, 22, 17, 11, 14, 4, 1, 9, 3, 23][14, 11, 25, 7, 27, 29, 15, 21, 6, 13, 0, 12, 19, 8, 26][13, 6, 10, 21, 5, 15, 2, 29][18, 0, 26, 8, 12, 19, 17, 28][1, 4, 24][0, 18][16, 27][16, 27][8, 26][1, 4][0, 18] 
[2, 29, 10, 6, 5, 21, 15, 27, 16, 28, 17, 19, 12, 18, 13][4, 20, 14, 11, 25, 0, 26, 8, 19, 17, 18, 22, 12][2, 16, 27, 7, 20, 14, 23, 3][1, 9][0, 18][0, 25][10, 21][2, 27][1, 23][1, 24][3, 4][18, 19] 
[2, 29, 10, 6, 5, 21, 15, 27, 16, 28, 17, 19, 12, 18, 13][5, 21, 6, 13, 18, 22, 17, 11, 25, 7, 20, 23, 4, 3, 24][18, 0, 25, 22, 17, 28, 7, 16, 6, 10, 2, 27, 15, 5, 21][1, 4, 24, 23, 9, 14, 3, 11, 25, 0, 12, 8, 19, 22, 17][12, 18, 17, 28, 0, 25, 7, 2, 27, 15, 6, 5, 21, 10, 29][3, 1, 9, 23, 4, 14, 24, 7, 28, 0, 22, 17, 19, 12, 18][20, 4, 14, 9, 23, 3, 1, 24, 7, 28, 16, 27, 2, 15, 21][2, 29, 10, 6, 5, 21, 15, 27, 16, 28, 17, 19, 12, 18, 13][3, 23, 14, 20, 7, 27, 16, 2, 15, 21, 5, 6, 13, 18, 19][5, 21, 6, 13, 18, 22, 17, 11, 25, 7, 20, 23, 1, 14, 9][25, 0, 26, 8, 19, 18, 13, 6, 10, 15, 2, 27, 29][1, 24, 4, 14, 20, 23, 3, 11, 17, 28, 0, 13] 
[25, 0, 26, 8, 19, 18, 13, 6, 10, 21, 5, 15, 2, 27, 29][13, 18, 12, 19, 17, 28, 16, 27, 15, 21, 5, 6, 10, 29][5, 21, 6, 13, 18, 22, 17, 11, 25, 7, 20, 23][0, 26, 8, 12, 22, 19, 17, 28, 16, 7, 2][4, 24, 23, 9, 14, 3, 11][12, 17, 28][1, 24][2, 15][12, 18][13, 18][8, 26][13, 18] 
[25, 0, 26, 8, 19, 18, 13, 6, 10, 21, 5, 15, 2, 27, 29][16, 7, 14, 9, 1, 24, 23, 20][4, 24, 23, 9, 14, 3, 11][12, 17, 28][8, 26][0, 26][16, 28][19, 22][8, 26][0, 26][12, 18][2, 15] 
[14, 11, 25, 28, 7, 4, 20, 23, 9, 3, 1, 24][6, 5, 21, 10, 2, 16, 27, 15, 29][17, 19, 22, 12, 8, 26, 0, 18][3, 9, 1, 4, 24, 14, 7][3, 24][7, 16][7, 10][0, 13][25, 28][8, 26][0, 25][7, 24] 
[14, 11, 25, 28, 7, 4, 20, 23, 9, 3, 1, 24][13, 6, 10, 21, 5, 15, 2, 29][18, 0, 26, 8, 12, 19, 17, 28][13, 18, 22, 25, 28, 16, 27][1, 9, 14, 7, 25, 22][18, 0, 26][8, 26][19, 22][0, 18][1, 24][1, 24][1, 24] 
[1, 9, 14, 7, 28, 25, 22, 19, 12, 18, 17, 11, 3, 24, 23][4, 24, 7, 2, 27, 10, 21, 5, 6, 16, 28][13, 6, 15, 29][19, 8, 26][0, 18][4, 20][7, 28][1, 9][1, 9][2, 27][5, 21][3, 11] 
[3, 9, 1, 4, 20, 24, 14, 7][0, 26, 8, 19, 12, 17, 11, 14][6, 10, 21, 5, 15][6, 2, 29, 27, 7][7, 28, 25][3, 23][0, 18][22, 25][16, 28][5, 21][0, 13][12, 19] 
[19, 18, 22, 12, 8, 26, 0, 17, 11, 25, 7, 20, 23, 24][1, 9, 14, 7, 28, 25, 22, 19, 12, 18, 17, 11, 3, 23][3, 23, 14, 4, 7, 25, 28, 17, 19, 8, 26, 0, 18][13, 6, 10, 21, 5, 15, 2, 27, 29][4, 1, 3, 24, 20][7, 4, 23, 9, 14][4, 24, 20][16, 7, 25][13, 18][7, 28][16, 27][13, 18] 
[14, 11, 25, 7, 27, 29, 15, 21, 6, 13, 0, 12, 19, 8, 26][12, 8, 26, 0, 25, 11, 3, 23, 4, 24, 1, 9, 14, 7, 16][7, 20, 23, 9, 3, 11, 17, 28, 25, 22, 19, 18, 13, 6, 15][7, 27, 29, 2, 6, 5, 15, 16, 28, 0, 26, 8, 12, 22, 18][13, 18, 17, 11, 3, 24, 23, 4, 7, 10, 27, 16, 6, 2, 15][11, 25, 22, 18, 13, 6, 5, 21, 10, 29, 15, 27, 2, 16, 28][5, 21, 2, 15, 6, 13, 0, 19, 17, 11, 14, 20, 24, 1, 9][17, 28, 16, 6, 5, 21, 10, 2, 7, 24, 4, 1, 23, 14, 20][22, 0, 13, 6, 10, 15, 16, 28, 17, 12, 8, 26][3, 11, 25, 22, 17, 28, 16, 10, 29, 27, 7][12, 17, 0, 19, 8, 26][1, 3] 
[14, 11, 25, 28, 7, 4, 20, 23, 9, 3, 1, 24][13, 6, 5, 21, 10, 2, 16, 27, 15, 29][11, 3, 14, 4, 23, 9, 1, 24, 20][17, 19, 22, 12, 8, 26, 0, 18][13, 6, 5, 21, 10, 16, 27, 29][13, 6, 21, 2, 29][16, 28][17, 28][0, 22][9, 14][12, 18][0, 25] 
[21, 2, 16, 7, 20, 14, 4, 23][19, 18, 22, 17, 0, 25, 28][6, 10, 2, 27, 15, 5, 21][13, 6, 21, 5, 15, 2, 29][13, 6, 2, 29, 27, 7, 28][8, 12, 22, 17, 11, 14][4, 1, 3, 14, 24, 20][14, 9, 3, 11, 25][10, 6, 13, 0, 26][2, 29, 15, 21][1, 9][12, 17] 
[18, 12, 19, 22, 0, 17, 11, 14, 7, 10, 2, 27, 15, 5, 21][4, 20, 14, 11, 25, 0, 26, 8, 19, 17, 18, 22, 12][2, 21, 15, 10, 16, 6, 13, 0, 26, 8, 19, 12, 18][19, 12, 17, 28][2, 15][3, 23][27, 29][3, 4][1, 23][1, 9][1, 24][18, 19] 
[23, 14, 20, 7, 27, 16, 2, 29, 15, 6, 13, 18, 17, 28][4, 20, 14, 11, 25, 0, 26, 8, 19, 17, 22, 12][5, 21, 15][1, 9][0, 18][0, 25][10, 21][2, 27][1, 23][1, 24][3, 4][18, 19] 
[25, 0, 26, 8, 19, 18, 13, 6, 10, 21, 5, 15, 2, 27, 29][13, 18, 12, 19, 17, 28, 16, 27, 15, 21, 5, 6, 10, 29][5, 21, 6, 13, 18, 22, 17, 11, 25, 7, 20, 23][0, 26, 8, 12, 22, 19, 17, 28, 16, 7, 2][4, 24, 23, 9, 14, 3, 11][12, 17, 28][1, 24][2, 15][12, 18][13, 18][8, 26][13, 18] 
[14, 11, 25, 28, 7, 4, 20, 23, 9, 3, 1, 24][13, 6, 5, 21, 10, 2, 16, 27, 15, 29][13, 6, 5, 21, 10, 16, 27, 29][0, 26, 8, 12, 19, 17, 28][10, 21, 5, 15, 2, 29][7, 27, 2, 6, 13][1, 24][0, 18][0, 22][10, 21][7, 28][0, 22] 
[2, 29, 10, 6, 5, 21, 15, 27, 16, 28, 17, 19, 12, 18, 13][4, 20, 14, 11, 25, 0, 26, 8, 19, 17, 18, 22, 12][3, 4, 14, 9, 23, 20, 7, 27, 29][2, 16, 27, 7, 20, 14, 23, 3][1, 9][0, 18][0, 25][10, 21][2, 27][1, 23][1, 24][18, 19] 
[25, 0, 26, 8, 19, 18, 13, 6, 10, 2, 27, 29][5, 21, 6, 13, 18, 22, 17, 11, 25, 7, 20, 23][17, 19, 22, 12, 8, 26][1, 24, 14, 4, 3, 9][1, 14, 3, 9][12, 17, 28][11, 25][3, 11][2, 15][17, 28][16, 28][17, 28] 
[3, 9, 1, 4, 20, 24, 14, 7][0, 26, 8, 19, 12, 17, 11, 14][6, 10, 21, 5, 15][6, 2, 29, 27, 7][7, 28, 25][3, 23][0, 18][22, 25][16, 28][5, 21][0, 13][12, 19] 
