[15, 5, 21, 10, 2, 29, 27, 16, 6, 13, 0, 18, 12, 8, 26][11, 14, 23, 1, 3, 24, 4, 20][7, 28, 17, 22, 19][7, 28, 17, 19][22, 25, 28][16, 28][11, 25][3, 9][16, 28][16, 28][11, 25][11, 25] 
[10, 6, 21, 5, 15, 16, 7, 27, 2, 29][20, 4, 24, 3, 1, 23, 14, 11, 25][18, 17, 22][12, 8, 26][0, 18][12, 18][0, 13][17, 28][11, 17][3, 9][0, 19][6, 13] 
[17, 0, 28, 7, 14, 23][2, 7, 25, 22, 18][7, 20, 24, 3, 9][7, 27, 15, 21][0, 19, 8, 26][5, 21, 6][1, 24, 4][16, 27, 29][0, 13][0, 12][11, 25][10, 15] 
[9, 1, 4, 24, 3, 23, 14, 11, 25, 0, 22, 19, 17, 18, 12][15, 6, 5, 21, 10, 29, 2, 16, 27, 7, 25, 28, 17, 22, 18][1, 24, 20, 14, 4, 7, 28, 0, 18, 17, 22, 12, 19, 8, 26][21, 6, 5, 15, 10, 2, 7, 14, 4, 24, 23, 9, 3, 11, 25][13, 6, 16, 27, 29, 2, 10, 21, 5, 15][9, 3, 24, 7, 4, 23, 1, 14, 20][11, 14][3, 9][11, 25][4, 14][7, 28][11, 25] 
[9, 23, 20, 14, 1, 24, 4, 7, 27, 29, 2, 16, 15, 6, 13][14, 4, 3, 1, 9, 23, 20, 7, 25, 11, 17, 0, 18][9, 23, 14, 11, 17, 22, 19, 12, 8, 26][21, 15, 29][6, 10, 29][17, 19][17, 28][9, 14][3, 23][1, 4][5, 21][1, 23] 
[15, 6, 5, 21, 10, 29, 2, 16, 27, 7, 25, 28, 17, 22, 18][11, 14, 23, 1, 3, 24, 4, 20, 7, 16, 15, 6, 2, 10, 29][3, 9, 23, 20, 24, 14, 11, 17, 18, 0, 25, 22, 19, 8, 26][1, 24, 20, 14, 4, 7, 28, 0, 18, 17, 22, 12, 19, 8, 26][21, 6, 5, 15, 10, 2, 7, 14, 4, 24, 23, 9, 3, 11, 25][6, 13, 18, 0, 17, 11, 25, 7, 20, 23, 9, 1, 3, 14][2, 15, 10, 27, 7, 28, 0, 26, 8, 19, 17, 11, 25][7, 28, 17, 19, 12, 8, 26, 0, 25, 11, 3, 14, 23][15, 21, 2, 29, 27, 16, 6, 13, 0, 12, 8, 26][5, 21, 15, 27, 7, 20, 4, 3, 23, 14, 11, 25][9, 1, 4, 3, 14, 11, 25, 0, 22, 17, 12][9, 3, 24, 7, 4, 23, 1, 14, 20] 
[1, 24, 20, 14, 4, 7, 28, 0, 18, 17, 22, 12, 19, 8, 26][21, 2, 27, 16, 6, 13, 0, 12, 8, 26][13, 6, 16, 27, 29, 2, 10, 21, 5, 15][24, 3, 1, 23, 14, 11, 25, 28][24, 3, 1, 14, 11, 25, 28][24, 14, 11, 25, 28][7, 28][3, 9][5, 21][11, 25][19, 22][11, 25] 
[15, 5, 21, 10, 2, 29, 27, 16, 6, 13, 0, 18, 12, 8, 26][13, 6, 16, 27, 29, 2, 10, 21, 5, 15][20, 4, 24, 3, 1, 23, 14, 11, 25][7, 28, 17, 19][22, 25, 28][18, 17, 22][11, 25][3, 9][11, 25][0, 13][11, 25][6, 13] 
[15, 5, 21, 10, 2, 29, 27, 16, 6, 13, 0, 18, 12, 8, 26][11, 14, 23, 1, 3, 24, 4, 20][17, 22, 19][17, 28][8, 12][25, 28][3, 9][12, 18][0, 13][11, 25][7, 16][16, 28] 
[22, 17, 28, 7, 4, 14, 1, 3, 9, 23, 24][8, 12, 19, 0, 13, 6, 10, 15, 2, 29][5, 21, 10, 27, 7, 25][18, 13, 6, 16, 7, 20][7, 28][3, 9][10, 21][1, 3][11, 25][8, 26][11, 25][11, 25] 
[25, 11, 14, 23, 1, 3, 24, 20, 7, 10, 29][8, 26, 0, 28, 17, 18, 19, 22][6, 21, 5, 15, 16, 7, 27][5, 21][11, 17][1, 23][2, 7][0, 13][12, 18][4, 24][3, 9][0, 19] 
[2, 29, 10, 21, 5, 6, 13, 0, 25, 28, 17, 12, 18][15, 21, 10, 2, 29, 27, 16, 6, 13, 0, 12, 8, 26][5, 21, 2, 27, 16, 28, 0, 18, 22, 12, 8, 26][11, 14, 23, 1, 3, 24, 4, 20][7, 28, 17, 22, 19][25, 7, 10, 15, 27][3, 9][7, 14][16, 28][16, 28][3, 9][3, 9] 
[0, 25, 11, 3, 24, 14, 7, 27, 2, 10, 15, 16, 6, 5][4, 3, 1, 9, 14, 7, 25, 22, 0, 26, 8, 19, 17, 11][3, 14, 7, 25, 22, 19, 0, 26, 8, 12, 17, 18, 13, 6][16, 27, 29, 2, 15, 10, 6, 13, 0, 19, 12, 8, 26][17, 11, 3, 9, 1, 24, 7, 10, 29, 15, 2, 6, 21][0, 26, 8, 19, 18, 13, 6, 16, 7, 20, 23, 1, 3][15, 21, 10, 27, 7, 25, 11, 3, 1, 4, 23, 14, 20][5, 15, 10, 2, 16, 28, 25, 11, 14, 1, 23, 9][20, 14, 9, 23, 3, 11, 25, 0, 22, 12, 8, 26][0, 18, 22, 17, 28, 7, 4, 14, 23, 24, 20][5, 21, 10, 16, 28, 17, 0, 18, 12, 8, 26][5, 21, 2, 29, 27, 15, 6, 13] 
[5, 21, 10, 2, 29, 27, 16, 6, 13, 0, 12, 8, 26][10, 6, 21, 5, 15, 16, 7, 27, 2, 29][20, 4, 24, 3, 1, 23, 14, 11, 25, 28][20, 24, 1, 14, 11, 25, 28][18, 17, 22][0, 18][18, 22][0, 19][17, 28][11, 17][3, 9][15, 29] 
[12, 19, 22, 17, 28, 7, 14, 23][16, 15, 2, 7, 25, 22, 18][12, 0, 25, 7, 27, 15, 21][26, 0, 28, 16, 27, 29][17, 0, 28, 7, 14, 23][7, 20, 24, 3, 9][13, 0, 19, 8, 26][5, 21, 6, 13][1, 24, 4][11, 25][5, 15][10, 15] 
[15, 5, 21, 10, 2, 29, 27, 16, 6, 13, 0, 18, 12, 8, 26][7, 28, 17, 22, 19, 12, 0, 13, 6, 2, 21, 15, 27, 16][7, 28, 0, 26, 8, 19, 18, 17, 11, 25][11, 14, 23, 1, 3, 24, 4, 20][7, 28, 17, 19][16, 28][25, 28][3, 9][16, 28][16, 28][11, 25][11, 25] 
[3, 9, 23, 24, 14, 11, 17, 0, 28, 25, 7, 27, 10, 21, 5][3, 9, 23, 14, 11, 17, 22, 19, 12, 8, 26, 0, 25, 28, 7][4, 20, 7, 16, 6, 13, 18, 19, 8, 12, 22, 17, 0, 25, 28][4, 20, 24, 14, 11, 17, 22, 25, 28, 16, 7, 10, 21, 15, 29][3, 1, 9, 14, 4, 20, 23, 24, 7, 27, 2, 15, 5, 6, 21][20, 4, 7, 27, 29, 2, 15, 10, 6, 13, 0, 19, 12, 8, 26][9, 23, 20, 14, 1, 24, 4, 7, 27, 29, 2, 16, 15, 6, 13][22, 18, 17, 19, 12, 0, 25, 28, 7, 14, 1, 3, 9, 23, 24][1, 23, 9, 3, 24, 14, 4, 20, 7, 2, 21, 6, 5, 15, 27][12, 22, 18, 0, 17, 11, 25, 7, 20, 23, 9, 1, 3, 4, 14][13, 6, 2, 15, 27, 7, 10, 21][1, 4] 
[9, 23, 20, 14, 1, 24, 4, 7, 27, 29, 2, 16, 15, 6, 13][12, 22, 18, 0, 17, 11, 25, 7, 20, 23, 9, 1, 3, 4, 14][3, 9, 23, 14, 11, 17, 22, 19, 12, 8, 26, 0, 25, 28][15, 27, 29, 10, 6, 13, 18, 22, 0, 26, 8, 19, 17][6, 10, 15, 29][21, 15, 29][17, 28][9, 14][3, 23][1, 4][5, 21][1, 23] 
[5, 15, 16, 28, 25, 22, 12, 17, 18, 0, 26, 8, 19][5, 21, 10, 2, 29, 27, 16, 6, 13, 0, 12, 8, 26][20, 4, 24, 3, 1, 23, 14, 11, 25, 28][7, 28, 0, 17, 22, 19][1, 4][3, 9][9, 14][0, 19][15, 29][0, 18][17, 28][25, 28] 
[15, 21, 2, 7, 20, 24, 3, 11, 25, 0, 18, 12, 8, 26][5, 15, 27, 29, 10, 6, 13, 18, 22, 0, 26, 8, 19, 17][5, 15, 16, 28, 25, 22, 12, 17, 18, 0, 26, 8, 19][5, 21, 10, 2, 29, 27, 16, 6, 13, 0, 12, 8][2, 27, 10, 16, 7, 28, 25, 11, 3, 24][3, 23][15, 29][17, 28][1, 23][1, 4][4, 14][9, 14] 
[15, 5, 21, 10, 2, 29, 27, 16, 6, 13, 0, 18, 12, 8, 26][11, 14, 23, 1, 3, 24, 4, 20][7, 28, 17, 22, 19][7, 28, 17, 19][22, 25, 28][11, 25][16, 28][3, 9][16, 28][16, 28][11, 25][16, 28] 
[10, 6, 21, 5, 15, 16, 7, 27, 2, 29][20, 4, 24, 3, 1, 23, 14, 11, 25][12, 8, 26][18, 17, 22][0, 13][0, 19][6, 13][0, 18][11, 17][3, 9][17, 28][12, 18] 
[17, 0, 28, 7, 14, 23][13, 0, 19, 8, 26][7, 20, 24, 3, 9][2, 7, 25, 22, 18][7, 27, 15, 21][1, 24, 4][5, 21, 6][16, 27][0, 12][11, 25][10, 15][27, 29] 
[1, 9, 23, 14, 3, 11, 25, 22, 18, 0, 28, 7, 4, 24, 20][7, 20, 14, 3, 11, 25, 28, 17, 22, 19, 8, 26, 0, 18, 12][1, 9, 23, 3, 24, 4, 14, 7, 25, 0, 22, 19, 17, 18, 12][15, 5, 21, 10, 2, 29, 27, 16, 6, 13, 0, 18, 12, 8, 26][0, 19, 8, 12, 18, 13, 6, 2, 29, 27, 10, 7, 14, 4, 24][7, 20, 24, 3, 1, 23, 14, 11, 25, 28][3, 9, 23][0, 13][5, 21][6, 13][11, 25][11, 25] 
[9, 23, 20, 14, 1, 24, 4, 7, 27, 29, 2, 16, 15, 6, 13][14, 4, 3, 1, 9, 23, 20, 7, 25, 11, 17, 0, 18][9, 23, 14, 11, 17, 22, 19, 12, 8, 26][21, 15, 29][6, 10, 29][17, 19][17, 28][9, 14][3, 23][1, 4][5, 21][1, 23] 
[9, 1, 4, 24, 3, 23, 14, 11, 25, 0, 22, 19, 17, 18, 12][15, 6, 5, 21, 10, 29, 2, 16, 27, 7, 25, 28, 17, 22, 18][11, 14, 23, 1, 3, 24, 4, 20, 7, 16, 15, 6, 2, 10, 29][3, 9, 23, 20, 24, 14, 11, 17, 18, 0, 25, 22, 19, 8, 26][1, 24, 20, 14, 4, 7, 28, 0, 18, 17, 22, 12, 19, 8, 26][2, 15, 6, 10, 27, 7, 28, 0, 26, 8, 19, 18, 17, 11, 25][6, 13, 18, 0, 17, 11, 25, 7, 20, 23, 9, 1, 3, 4, 14][7, 28, 17, 19, 22, 12, 8, 26, 0, 25, 11, 3, 24, 14, 23][21, 6, 5, 15, 10, 2, 7, 14, 4, 24, 23, 9, 3, 11, 25][5, 21, 6, 15, 27, 7, 20, 4, 24, 3, 1, 23, 14, 11, 25][15, 5, 21, 10, 2, 29, 27, 16, 6, 13, 0, 12, 8, 26][9, 3, 24, 7, 4, 23, 1, 14, 20] 
[15, 5, 21, 10, 2, 29, 27, 16, 6, 13, 0, 18, 12, 8, 26][7, 20, 24, 3, 1, 23, 14, 11, 25, 28][19, 22, 17, 28, 7, 14, 23][4, 24][17, 18][3, 9][0, 13][5, 21][6, 13][11, 25][4, 24][11, 25] 
[15, 5, 21, 10, 2, 29, 27, 16, 6, 13, 0, 18, 12, 8, 26][11, 14, 23, 1, 3, 24, 4, 20][22, 25, 28][0, 19][11, 25][3, 9][7, 28][4, 24][17, 28][1, 23][4, 24][16, 28] 
[5, 21, 10, 2, 29, 27, 16, 6, 13, 0, 12, 8, 26][20, 4, 24, 3, 1, 23, 14, 11, 25, 28][7, 28, 0, 18, 17, 22, 12][7, 28, 0, 17, 22, 19][16, 28][15, 27][3, 9][17, 28][7, 28][17, 28][3, 9][17, 28] 
[12, 0, 25, 7, 27, 15, 21][4, 14, 1, 3, 9, 23, 24][18, 13, 6, 16, 7, 20][14, 7, 28, 17, 22, 19][19, 8, 26][10, 2, 29][17, 22][11, 25][10, 15][5, 15][7, 28][6, 13] 
[15, 5, 21, 10, 2, 29, 27, 16, 6, 13, 0, 18, 12, 8, 26][15, 21, 2, 27, 16, 6, 13, 18, 12, 8, 26][3, 4, 20, 7, 24, 1, 23, 9, 14, 11, 25][5, 21, 10, 16, 28, 17, 0, 12, 8, 26][7, 28, 17, 22, 19][10, 21][25, 28][22, 25][11, 17][25, 28][11, 17][3, 9] 
[0, 25, 11, 3, 24, 14, 7, 27, 2, 10, 15, 16, 6, 5][4, 3, 1, 9, 14, 7, 25, 22, 0, 26, 8, 19, 17, 11][3, 14, 7, 25, 22, 19, 0, 26, 8, 12, 17, 18, 13, 6][16, 27, 29, 2, 15, 10, 6, 13, 0, 19, 12, 8, 26][17, 11, 3, 9, 1, 24, 7, 10, 29, 15, 2, 6, 21][0, 26, 8, 19, 18, 13, 6, 16, 7, 20, 23, 1, 3][15, 21, 10, 27, 7, 25, 11, 3, 1, 4, 23, 14, 20][7, 20, 14, 9, 23, 3, 11, 25, 0, 22, 12, 8, 26][0, 18, 22, 17, 28, 7, 4, 14, 23, 24, 20][5, 21, 10, 16, 28, 17, 0, 18, 12, 8, 26][5, 15, 10, 2, 16, 28, 25, 11, 14, 1, 23][5, 21, 2, 29, 27, 15, 6, 13] 
[5, 21, 10, 2, 29, 27, 16, 6, 13, 0, 12, 8, 26][10, 6, 21, 5, 15, 16, 7, 27, 2, 29][20, 4, 24, 3, 1, 23, 14, 11, 25, 28][20, 24, 1, 14, 11, 25, 28][18, 17, 22][0, 18][18, 22][0, 19][17, 28][11, 17][3, 9][15, 29] 
[16, 15, 2, 7, 25, 22, 18][19, 22, 17, 28, 7, 14, 23][12, 0, 25, 7, 27, 15, 21][26, 0, 28, 16, 27, 29][17, 0, 28, 7, 14, 23][7, 20, 24, 3, 9][13, 0, 19, 8, 26][5, 21, 6, 13][1, 24, 4][11, 25][5, 15][10, 15] 
[15, 5, 21, 10, 2, 29, 27, 16, 6, 13, 0, 18, 12, 8, 26][7, 28, 17, 22, 19, 12, 0, 13, 6, 2, 21, 15, 27, 16][7, 28, 0, 26, 8, 19, 18, 17, 11, 25][11, 14, 23, 1, 3, 24, 4, 20][7, 28, 17, 19][16, 28][25, 28][3, 9][16, 28][16, 28][11, 25][11, 25] 
[9, 23, 20, 14, 1, 24, 4, 7, 27, 29, 2, 16, 15, 6, 13][12, 22, 18, 0, 17, 11, 25, 7, 20, 23, 9, 1, 3, 4, 14][3, 9, 23, 14, 11, 17, 22, 19, 12, 8, 26, 0, 25, 28][15, 27, 29, 10, 6, 13, 18, 22, 0, 26, 8, 19, 17][6, 10, 15, 29][21, 15, 29][17, 28][9, 14][3, 23][1, 4][5, 21][1, 23] 
[5, 15, 16, 28, 25, 22, 12, 17, 18, 0, 26, 8, 19][5, 21, 10, 2, 29, 27, 16, 6, 13, 0, 12, 8, 26][20, 4, 24, 3, 1, 23, 14, 11, 25, 28][7, 28, 0, 17, 22, 19][1, 4][3, 9][9, 14][0, 19][15, 29][0, 18][17, 28][25, 28] 
[15, 21, 2, 7, 20, 24, 3, 11, 25, 0, 18, 12, 8, 26][5, 15, 27, 29, 10, 6, 13, 18, 22, 0, 26, 8, 19, 17][5, 15, 16, 28, 25, 22, 12, 17, 18, 0, 26, 8, 19][5, 21, 10, 2, 29, 27, 16, 6, 13, 0, 12, 8][2, 27, 10, 16, 7, 28, 25, 11, 3, 24][3, 23][15, 29][17, 28][1, 23][1, 4][4, 14][9, 14] 
[15, 5, 21, 10, 2, 29, 27, 16, 6, 13, 0, 18, 12, 8, 26][11, 14, 23, 1, 3, 24, 4, 20][7, 28, 17, 22, 19][7, 28, 17, 19][22, 25, 28][16, 28][11, 25][3, 9][16, 28][16, 28][11, 25][11, 25] 
[10, 6, 21, 5, 15, 16, 7, 27, 2, 29][20, 4, 24, 3, 1, 23, 14, 11, 25][18, 17, 22][12, 8, 26][17, 28][12, 18][0, 18][11, 17][0, 19][0, 13][6, 13][3, 9] 
[17, 0, 28, 7, 14, 23][2, 7, 25, 22, 18][13, 0, 19, 8, 26][7, 20, 24, 3, 9][7, 27, 15, 21][1, 24, 4][6, 15, 10][16, 27][5, 21][27, 29][11, 25][0, 12] 
[7, 28, 17, 19, 22, 12, 8, 26, 0, 25, 11, 3, 24, 14, 23][15, 5, 21, 10, 2, 29, 27, 16, 6, 13, 0, 12, 8, 26][3, 24, 4, 1, 9][14, 20][7, 28][19, 22][7, 28][19, 22][18, 22][5, 15][18, 22][19, 22] 
[9, 23, 20, 14, 1, 24, 4, 7, 27, 29, 2, 16, 15, 6, 13][14, 4, 3, 1, 9, 23, 20, 7, 25, 11, 17, 0, 18][9, 23, 14, 11, 17, 22, 19, 12, 8, 26][21, 15, 29][6, 10, 29][17, 19][17, 28][9, 14][3, 23][1, 4][5, 21][1, 23] 
[9, 1, 4, 24, 3, 23, 14, 11, 25, 0, 22, 19, 17, 18, 12][15, 6, 5, 21, 10, 29, 2, 16, 27, 7, 25, 28, 17, 22, 18][11, 14, 23, 1, 3, 24, 4, 20, 7, 16, 15, 6, 2, 10, 29][3, 9, 23, 20, 24, 14, 11, 17, 18, 0, 25, 22, 19, 8, 26][1, 24, 20, 14, 4, 7, 28, 0, 18, 17, 22, 12, 19, 8, 26][2, 15, 6, 10, 27, 7, 28, 0, 26, 8, 19, 18, 17, 11, 25][6, 13, 18, 0, 17, 11, 25, 7, 20, 23, 9, 1, 3, 4, 14][7, 28, 17, 19, 22, 12, 8, 26, 0, 25, 11, 3, 24, 14, 23][21, 6, 5, 15, 10, 2, 7, 14, 4, 24, 23, 9, 3, 11, 25][5, 21, 6, 15, 27, 7, 20, 4, 24, 3, 1, 23, 14, 11, 25][15, 5, 21, 10, 2, 29, 27, 16, 6, 13, 0, 12, 8, 26][9, 3, 24, 7, 4, 23, 1, 14, 20] 
[15, 5, 21, 10, 2, 29, 27, 16, 6, 13, 0, 18, 12, 8, 26][17, 28, 7, 4, 14, 1, 3, 9, 23, 24, 20][17, 22, 19][11, 17][7, 28][11, 25][5, 21][12, 18][16, 28][5, 21][4, 14][3, 9] 
[5, 21, 10, 2, 29, 27, 16, 6, 13, 0, 12, 8, 26][20, 4, 24, 3, 1, 23, 14, 11, 25, 28][7, 28, 0, 18, 17, 22, 12, 19][7, 28, 0, 17, 22, 19][16, 28][15, 27][3, 9][17, 28][7, 28][17, 28][3, 9][17, 28] 
[20, 4, 24, 3, 1, 23, 14, 11, 25][12, 0, 13, 6, 15, 2, 27, 16][7, 25, 22, 0, 26, 8, 19][2, 10, 21, 5][11, 14][25, 28][0, 18][8, 26][15, 29][11, 17][3, 9][11, 14] 
[15, 5, 21, 10, 2, 29, 27, 16, 6, 13, 0, 18, 12, 8, 26][15, 21, 2, 27, 16, 6, 13, 18, 12, 8, 26][3, 4, 20, 7, 24, 1, 23, 9, 14, 11, 25][5, 21, 10, 16, 28, 17, 0, 12, 8, 26][7, 28, 17, 22, 19][10, 21][25, 28][22, 25][11, 17][25, 28][11, 17][3, 9] 
[0, 25, 11, 3, 24, 14, 7, 27, 2, 10, 15, 16, 6, 5][4, 3, 1, 9, 14, 7, 25, 22, 0, 26, 8, 19, 17, 11][3, 14, 7, 25, 22, 19, 0, 26, 8, 12, 17, 18, 13, 6][16, 27, 29, 2, 15, 10, 6, 13, 0, 19, 12, 8, 26][17, 11, 3, 9, 1, 24, 7, 10, 29, 15, 2, 6, 21][0, 26, 8, 19, 18, 13, 6, 16, 7, 20, 23, 1, 3][15, 21, 10, 27, 7, 25, 11, 3, 1, 4, 23, 14, 20][7, 20, 14, 9, 23, 3, 11, 25, 0, 22, 12, 8, 26][0, 18, 22, 17, 28, 7, 4, 14, 23, 24, 20][5, 21, 10, 16, 28, 17, 0, 18, 12, 8, 26][5, 15, 10, 2, 16, 28, 25, 11, 14, 1, 23][5, 21, 2, 29, 27, 15, 6, 13] 
[5, 21, 10, 2, 29, 27, 16, 6, 13, 0, 18, 12, 8, 26][10, 6, 21, 5, 15, 16, 7, 27, 2, 29][20, 4, 3, 1, 23, 14, 11, 25][20, 4, 24, 1, 14, 11, 25][9, 3, 24, 20][18, 17, 22][11, 17, 19][0, 12, 8][17, 28][2, 15][12, 22][15, 29] 
[16, 15, 2, 7, 25, 22, 18][19, 22, 17, 28, 7, 14, 23][12, 0, 25, 7, 27, 15, 21][26, 0, 28, 16, 27, 29][17, 0, 28, 7, 14, 23][7, 20, 24, 3, 9][13, 0, 19, 8, 26][5, 21, 6, 13][1, 24, 4][11, 25][5, 15][10, 15] 
[15, 5, 21, 10, 2, 29, 27, 16, 6, 13, 0, 18, 12, 8, 26][7, 28, 17, 22, 19, 12, 0, 13, 6, 2, 21, 15, 27, 16][7, 28, 0, 26, 8, 19, 18, 17, 11, 25][11, 14, 23, 1, 3, 24, 4, 20][7, 28, 17, 19][16, 28][25, 28][3, 9][16, 28][16, 28][11, 25][11, 25] 
[9, 23, 20, 14, 1, 24, 4, 7, 27, 29, 2, 16, 15, 6, 13][3, 9, 23, 14, 11, 17, 22, 19, 12, 8, 26, 0, 25, 28, 7][15, 27, 29, 10, 6, 13, 18, 22, 0, 26, 8, 19, 17][14, 4, 3, 1, 9, 23, 20, 7, 25, 11, 17, 0, 18][25, 22, 12, 17, 18, 13, 6, 10, 15, 29][21, 15, 29][17, 28][9, 14][3, 23][1, 4][5, 21][1, 23] 
[5, 15, 16, 28, 25, 22, 12, 17, 18, 0, 26, 8, 19][5, 21, 10, 2, 29, 27, 16, 6, 13, 0, 12, 8, 26][20, 4, 24, 3, 1, 23, 14, 11, 25, 28][7, 28, 0, 17, 22, 19][1, 4][3, 9][9, 14][0, 19][15, 29][0, 18][17, 28][25, 28] 
[15, 21, 2, 7, 20, 24, 3, 11, 25, 0, 18, 12, 8, 26][5, 15, 27, 29, 10, 6, 13, 18, 22, 0, 26, 8, 19, 17][5, 15, 16, 28, 25, 22, 12, 17, 18, 0, 26, 8, 19][5, 21, 10, 2, 29, 27, 16, 6, 13, 0, 12, 8][2, 27, 10, 16, 7, 28, 25, 11, 3, 24][3, 23][15, 29][17, 28][1, 23][1, 4][4, 14][9, 14] 
[15, 5, 21, 10, 2, 29, 27, 16, 6, 13, 0, 18, 12, 8, 26][11, 14, 23, 1, 3, 24, 4, 20][7, 28, 17, 22, 19][7, 28, 17, 19][22, 25, 28][16, 28][11, 25][3, 9][16, 28][16, 28][11, 25][11, 25] 
[10, 6, 21, 5, 15, 16, 7, 27, 2, 29][20, 4, 24, 3, 1, 23, 14, 11, 25][18, 17, 22][12, 8, 26][0, 13][6, 13][0, 19][0, 18][11, 17][17, 28][3, 9][12, 18] 
[19, 22, 17, 28, 7, 14, 23][13, 0, 19, 8, 26][7, 20, 24, 3, 9][2, 7, 25, 22, 18][7, 27, 15, 21][16, 27, 29][1, 24, 4][5, 15][11, 25][6, 13][10, 15][0, 12] 
[9, 23, 20, 14, 1, 24, 4, 7, 27, 29, 2, 16, 15, 6, 13][14, 4, 3, 1, 9, 23, 20, 7, 25, 11, 17, 0, 18][9, 23, 14, 11, 17, 22, 19, 12, 8, 26][21, 15, 29][6, 10, 29][17, 19][17, 28][9, 14][3, 23][1, 4][5, 21][1, 23] 
[9, 1, 4, 24, 3, 23, 14, 11, 25, 0, 22, 19, 17, 18, 12][15, 6, 5, 21, 10, 29, 2, 16, 27, 7, 25, 28, 17, 22, 18][11, 14, 23, 1, 3, 24, 4, 20, 7, 16, 15, 6, 2, 10, 29][3, 9, 23, 20, 24, 14, 11, 17, 18, 0, 25, 22, 19, 8, 26][1, 24, 20, 14, 4, 7, 28, 0, 18, 17, 22, 12, 19, 8, 26][2, 15, 6, 10, 27, 7, 28, 0, 26, 8, 19, 18, 17, 11, 25][6, 13, 18, 0, 17, 11, 25, 7, 20, 23, 9, 1, 3, 4, 14][7, 28, 17, 19, 22, 12, 8, 26, 0, 25, 11, 3, 24, 14, 23][21, 6, 5, 15, 10, 2, 7, 14, 4, 24, 23, 9, 3, 11, 25][5, 21, 6, 15, 27, 7, 20, 4, 24, 3, 1, 23, 14, 11, 25][15, 5, 21, 10, 2, 29, 27, 16, 6, 13, 0, 12, 8, 26][9, 3, 24, 7, 4, 23, 1, 14, 20] 
[15, 5, 21, 10, 2, 29, 27, 16, 6, 13, 0, 18, 12, 8, 26][7, 20, 24, 3, 1, 23, 14, 11, 25, 28][19, 22, 17, 28][6, 13][17, 18][3, 9][4, 24][11, 25][17, 18][11, 25][0, 13][11, 25] 
[5, 21, 10, 2, 29, 27, 16, 6, 13, 0, 12, 8, 26][20, 4, 24, 3, 1, 23, 14, 11, 25, 28][7, 28, 0, 18, 17, 22, 12, 19][7, 28, 0, 17, 22, 19][16, 28][15, 27][3, 9][17, 28][7, 28][17, 28][3, 9][17, 28] 
[7, 20, 24, 3, 1, 23, 14, 11, 25, 28][10, 6, 21, 5, 15, 16, 7, 27, 2, 29][0, 12, 8, 26][17, 22, 19][11, 25][12, 22][6, 13][17, 18][3, 9][17, 28][3, 4][5, 21] 
[15, 5, 21, 10, 2, 29, 27, 16, 6, 13, 0, 18, 12, 8, 26][15, 21, 2, 27, 16, 6, 13, 18, 12, 8, 26][3, 4, 20, 7, 24, 1, 23, 9, 14, 11, 25][5, 21, 10, 16, 28, 17, 0, 12, 8, 26][7, 28, 17, 22, 19][10, 21][25, 28][22, 25][11, 17][25, 28][11, 17][3, 9] 
[5, 21, 6, 2, 15, 29, 10, 7, 24, 1, 9, 3, 11, 17, 22][6, 15, 21, 10, 27, 7, 25, 11, 3, 1, 4, 23, 14, 20, 24][1, 3, 14, 7, 25, 22, 19, 0, 26, 8, 12, 17, 18, 13, 6][5, 21, 2, 29, 27, 15, 6, 13, 0, 19, 22, 25, 28, 7, 20][1, 3, 11, 25, 0, 18, 22, 17, 28, 7, 4, 14, 24, 20][3, 23, 20, 7, 16, 6, 13, 18, 19, 8, 26, 0, 17, 22][5, 15, 10, 2, 16, 28, 25, 11, 14, 1, 23, 24, 4, 7][2, 7, 20, 14, 9, 23, 3, 11, 25, 0, 22, 12, 8, 26][14, 7, 16, 27, 29, 2, 10, 6, 13, 0, 12, 8, 26][5, 6, 16, 15, 10, 27, 7, 24, 3, 11, 25, 0, 22][11, 17, 19, 8, 26, 0, 22, 25, 7, 14, 9, 3, 23][26, 8, 12, 18, 0, 28, 16, 10, 21, 6, 2, 27] 
[5, 21, 10, 2, 29, 27, 16, 6, 13, 0, 12, 8, 26][10, 6, 21, 5, 15, 16, 7, 27, 2, 29][20, 4, 24, 3, 1, 23, 14, 11, 25][20, 24, 1, 14, 11, 25, 28][18, 17, 22][11, 17][3, 9][0, 18][0, 19][15, 29][17, 28][0, 13] 
[16, 15, 2, 7, 25, 22, 18][19, 22, 17, 28, 7, 14, 23][12, 0, 25, 7, 27, 15, 21][26, 0, 28, 16, 27, 29][17, 0, 28, 7, 14, 23][7, 20, 24, 3, 9][13, 0, 19, 8, 26][5, 21, 6, 13][1, 24, 4][11, 25][5, 15][10, 15] 
[15, 5, 21, 10, 2, 29, 27, 16, 6, 13, 0, 18, 12, 8, 26][7, 28, 17, 22, 19, 12, 0, 13, 6, 2, 21, 15, 27, 16][7, 28, 0, 26, 8, 19, 18, 17, 11, 25][11, 14, 23, 1, 3, 24, 4, 20][7, 28, 17, 19][16, 28][25, 28][3, 9][16, 28][16, 28][11, 25][11, 25] 
[9, 23, 20, 14, 1, 24, 4, 7, 27, 29, 2, 16, 15, 6, 13][3, 9, 23, 14, 11, 17, 22, 19, 12, 8, 26, 0, 25, 28, 7][15, 27, 29, 10, 6, 13, 18, 22, 0, 26, 8, 19, 17][14, 4, 3, 1, 9, 23, 20, 7, 25, 11, 17, 0, 18][25, 22, 12, 17, 18, 13, 6, 10, 15, 29][21, 15, 29][17, 28][9, 14][3, 23][1, 4][5, 21][1, 23] 
[5, 15, 16, 28, 25, 22, 12, 17, 18, 0, 26, 8, 19][5, 21, 10, 2, 29, 27, 16, 6, 13, 0, 12, 8, 26][20, 4, 24, 3, 1, 23, 14, 11, 25, 28][7, 28, 0, 17, 22, 19][1, 4][3, 9][9, 14][0, 19][15, 29][0, 18][17, 28][25, 28] 
[15, 21, 2, 7, 20, 24, 3, 11, 25, 0, 18, 12, 8, 26][5, 15, 27, 29, 10, 6, 13, 18, 22, 0, 26, 8, 19, 17][5, 15, 16, 28, 25, 22, 12, 17, 18, 0, 26, 8, 19][5, 21, 10, 2, 29, 27, 16, 6, 13, 0, 12, 8][2, 27, 10, 16, 7, 28, 25, 11, 3, 24][3, 23][15, 29][17, 28][1, 23][1, 4][4, 14][9, 14] 
[15, 5, 21, 10, 2, 29, 27, 16, 6, 13, 0, 18, 12, 8, 26][11, 14, 23, 1, 3, 24, 4, 20][7, 28, 17, 22, 19][7, 28, 17, 19][22, 25, 28][11, 25][16, 28][3, 9][16, 28][16, 28][11, 25][16, 28] 
[10, 6, 21, 5, 15, 16, 7, 27, 2, 29][20, 4, 24, 3, 1, 23, 14, 11, 25][18, 17, 22][12, 8, 26][0, 13][6, 13][0, 19][0, 18][17, 28][11, 17][12, 18][3, 9] 
[17, 0, 28, 7, 14, 23][7, 20, 24, 3, 9][2, 7, 25, 22, 18][7, 27, 15, 21][0, 19, 8, 26][5, 21, 6, 13][1, 24, 4][27, 29][10, 15][11, 25][0, 12][15, 16] 
[9, 23, 20, 14, 1, 24, 4, 7, 27, 29, 2, 16, 15, 6, 13][14, 4, 3, 1, 9, 23, 20, 7, 25, 11, 17, 0, 18][9, 23, 14, 11, 17, 22, 19, 12, 8, 26][21, 15, 29][6, 10, 29][17, 19][17, 28][9, 14][3, 23][1, 4][5, 21][1, 23] 
[9, 1, 4, 24, 3, 23, 14, 11, 25, 0, 22, 19, 17, 18, 12][15, 6, 5, 21, 10, 29, 2, 16, 27, 7, 25, 28, 17, 22, 18][11, 14, 23, 1, 3, 24, 4, 20, 7, 16, 15, 6, 2, 10, 29][3, 9, 23, 20, 24, 14, 11, 17, 18, 0, 25, 22, 19, 8, 26][1, 24, 20, 14, 4, 7, 28, 0, 18, 17, 22, 12, 19, 8, 26][2, 15, 6, 10, 27, 7, 28, 0, 26, 8, 19, 18, 17, 11, 25][6, 13, 18, 0, 17, 11, 25, 7, 20, 23, 9, 1, 3, 4, 14][7, 28, 17, 19, 22, 12, 8, 26, 0, 25, 11, 3, 24, 14, 23][21, 6, 5, 15, 10, 2, 7, 14, 4, 24, 23, 9, 3, 11, 25][5, 21, 6, 15, 27, 7, 20, 4, 24, 3, 1, 23, 14, 11, 25][15, 5, 21, 10, 2, 29, 27, 16, 6, 13, 0, 12, 8, 26][9, 3, 24, 7, 4, 23, 1, 14, 20] 
[15, 5, 21, 10, 2, 29, 27, 16, 6, 13, 0, 18, 12, 8, 26][7, 20, 24, 3, 1, 23, 14, 11, 25, 28][19, 22, 17, 28][4, 24][17, 18][3, 9][0, 13][5, 21][6, 13][11, 25][4, 24][11, 25] 
[5, 21, 10, 2, 29, 27, 16, 6, 13, 0, 12, 8, 26][20, 4, 24, 3, 1, 23, 14, 11, 25, 28][7, 28, 0, 18, 17, 22, 12, 19][7, 28, 0, 17, 22, 19][16, 28][15, 27][3, 9][17, 28][7, 28][17, 28][3, 9][17, 28] 
[21, 10, 2, 29, 27, 16, 6, 13, 0, 12, 8, 26][24, 3, 1, 23, 14, 11, 25, 28][7, 28, 0, 18, 17, 22][3, 4, 20][0, 12][19, 22][5, 15][17, 18][3, 9][5, 21][16, 28][11, 25] 
[15, 5, 21, 10, 2, 29, 27, 16, 6, 13, 0, 18, 12, 8, 26][15, 21, 2, 27, 16, 6, 13, 18, 12, 8, 26][3, 4, 20, 7, 24, 1, 23, 9, 14, 11, 25][5, 21, 10, 16, 28, 17, 0, 12, 8, 26][7, 28, 17, 22, 19][10, 21][25, 28][22, 25][11, 17][25, 28][11, 17][3, 9] 
[1, 3, 11, 25, 0, 18, 22, 17, 28, 7, 4, 14, 23, 24, 20][17, 28, 16, 27, 29, 2, 15, 10, 6, 13, 0, 19, 12, 8, 26][5, 21, 6, 2, 15, 29, 10, 7, 24, 1, 9, 3, 11, 17, 18][5, 6, 16, 15, 10, 2, 27, 7, 14, 24, 3, 11, 25, 0, 17][6, 15, 21, 10, 27, 7, 25, 11, 3, 1, 4, 23, 14, 20, 24][1, 3, 14, 7, 25, 22, 19, 0, 26, 8, 12, 17, 18, 13, 6][5, 21, 2, 29, 27, 15, 6, 13, 18, 19, 17, 22, 12, 0, 26][15, 27, 7, 20, 14, 9, 23, 3, 11, 25, 0, 22, 12, 8, 26][3, 1, 23, 20, 7, 16, 6, 13, 18, 19, 8, 26, 0, 28][4, 23, 3, 9, 14, 7, 25, 22, 0, 26, 8, 19, 17, 11][5, 15, 10, 2, 16, 28, 25, 11, 14, 1, 23, 20, 4, 24][13, 6, 5, 21, 10, 16, 28, 0, 18, 12, 8, 26] 
[5, 21, 10, 2, 29, 27, 16, 6, 13, 0, 12, 8, 26][20, 4, 24, 3, 1, 23, 14, 11, 25, 28][10, 6, 5, 15, 16, 7, 27, 2, 29][10, 6, 21, 15, 16, 7, 2, 29][18, 17, 22][0, 19][0, 13][12, 18][11, 17][3, 9][15, 29][18, 22] 
[16, 15, 2, 7, 25, 22, 18][19, 22, 17, 28, 7, 14, 23][12, 0, 25, 7, 27, 15, 21][26, 0, 28, 16, 27, 29][17, 0, 28, 7, 14, 23][7, 20, 24, 3, 9][13, 0, 19, 8, 26][5, 21, 6, 13][1, 24, 4][11, 25][5, 15][10, 15] 
[15, 5, 21, 10, 2, 29, 27, 16, 6, 13, 0, 18, 12, 8, 26][7, 28, 17, 22, 19, 12, 0, 13, 6, 2, 21, 15, 27, 16][7, 28, 0, 26, 8, 19, 18, 17, 11, 25][11, 14, 23, 1, 3, 24, 4, 20][7, 28, 17, 19][16, 28][25, 28][3, 9][16, 28][16, 28][11, 25][11, 25] 
[9, 23, 20, 14, 1, 24, 4, 7, 27, 29, 2, 16, 15, 6, 13][3, 9, 23, 14, 11, 17, 22, 19, 12, 8, 26, 0, 25, 28, 7][15, 27, 29, 10, 6, 13, 18, 22, 0, 26, 8, 19, 17][14, 4, 3, 1, 9, 23, 20, 7, 25, 11, 17, 0, 18][25, 22, 12, 17, 18, 13, 6, 10, 15, 29][21, 15, 29][17, 28][9, 14][3, 23][1, 4][5, 21][1, 23] 
[5, 15, 16, 28, 25, 22, 12, 17, 18, 0, 26, 8, 19][5, 21, 10, 2, 29, 27, 16, 6, 13, 0, 12, 8, 26][20, 4, 24, 3, 1, 23, 14, 11, 25, 28][7, 28, 0, 17, 22, 19][1, 4][3, 9][9, 14][0, 19][15, 29][0, 18][17, 28][25, 28] 
[15, 21, 2, 7, 20, 24, 3, 11, 25, 0, 18, 12, 8, 26][5, 15, 27, 29, 10, 6, 13, 18, 22, 0, 26, 8, 19, 17][5, 15, 16, 28, 25, 22, 12, 17, 18, 0, 26, 8, 19][5, 21, 10, 2, 29, 27, 16, 6, 13, 0, 12, 8][2, 27, 10, 16, 7, 28, 25, 11, 3, 24][3, 23][15, 29][17, 28][1, 23][1, 4][4, 14][9, 14] 
[15, 5, 21, 10, 2, 29, 27, 16, 6, 13, 0, 18, 12, 8, 26][11, 14, 23, 1, 3, 24, 4, 20][3, 9, 14, 1, 4, 20][7, 28, 17, 22, 19][7, 28, 17, 19][22, 25, 28][16, 28][11, 25][16, 28][16, 28][11, 25][11, 25] 
[10, 6, 21, 5, 15, 16, 7, 27, 2, 29][20, 4, 24, 3, 1, 23, 14, 11, 25][18, 17, 22][12, 8, 26][3, 9][11, 17][17, 28][0, 18][0, 13][0, 19][6, 13][12, 18] 
[17, 0, 28, 7, 14, 23][2, 7, 25, 22, 18][7, 20, 24, 3, 9][13, 0, 19, 8, 26][7, 27, 15, 21][1, 24, 4][16, 27, 29][6, 13][11, 25][10, 15][0, 12][5, 21] 
[9, 23, 20, 14, 1, 24, 4, 7, 27, 29, 2, 16, 15, 6, 13][14, 4, 3, 1, 9, 23, 20, 7, 25, 11, 17, 0, 18][9, 23, 14, 11, 17, 22, 19, 12, 8, 26][21, 15, 29][6, 10, 29][17, 19][17, 28][9, 14][3, 23][1, 4][5, 21][1, 23] 
[9, 1, 4, 24, 3, 23, 14, 11, 25, 0, 22, 19, 17, 18, 12][15, 6, 5, 21, 10, 29, 2, 16, 27, 7, 25, 28, 17, 22, 18][11, 14, 23, 1, 3, 24, 4, 20, 7, 16, 15, 6, 2, 10, 29][3, 9, 23, 20, 24, 14, 11, 17, 18, 0, 25, 22, 19, 8, 26][1, 24, 20, 14, 4, 7, 28, 0, 18, 17, 22, 12, 19, 8, 26][2, 15, 6, 10, 27, 7, 28, 0, 26, 8, 19, 18, 17, 11, 25][6, 13, 18, 0, 17, 11, 25, 7, 20, 23, 9, 1, 3, 4, 14][7, 28, 17, 19, 22, 12, 8, 26, 0, 25, 11, 3, 24, 14, 23][21, 6, 5, 15, 10, 2, 7, 14, 4, 24, 23, 9, 3, 11, 25][5, 21, 6, 15, 27, 7, 20, 4, 24, 3, 1, 23, 14, 11, 25][15, 5, 21, 10, 2, 29, 27, 16, 6, 13, 0, 12, 8, 26][9, 3, 24, 7, 4, 23, 1, 14, 20] 
[15, 5, 21, 10, 2, 29, 27, 16, 6, 13, 0, 18, 12, 8, 26][7, 20, 24, 3, 1, 23, 14, 11, 25, 28][19, 22, 17, 28][4, 24][17, 18][3, 9][0, 13][5, 21][6, 13][11, 25][4, 24][11, 25] 
[5, 21, 10, 2, 29, 27, 16, 6, 13, 0, 12, 8, 26][20, 4, 24, 3, 1, 23, 14, 11, 25, 28][7, 28, 0, 18, 17, 22, 12, 19][7, 28, 0, 17, 22, 19][16, 28][15, 27][3, 9][17, 28][7, 28][17, 28][3, 9][17, 28] 
[21, 10, 2, 29, 27, 16, 6, 13, 0, 12, 8, 26][24, 3, 1, 23, 14, 11, 25, 28][7, 28, 0, 18, 17, 22][3, 4, 20][0, 12][19, 22][5, 15][17, 18][3, 9][5, 21][16, 28][11, 25] 
[15, 5, 21, 10, 2, 29, 27, 16, 6, 13, 0, 18, 12, 8, 26][15, 21, 2, 27, 16, 6, 13, 18, 12, 8, 26][3, 4, 20, 7, 24, 1, 23, 9, 14, 11, 25][5, 21, 10, 16, 28, 17, 0, 12, 8, 26][7, 28, 17, 22, 19][10, 21][25, 28][22, 25][11, 17][25, 28][11, 17][3, 9] 
[12, 22, 18, 0, 17, 11, 25, 7, 20, 23, 9, 1, 3, 4, 14][9, 23, 20, 14, 1, 24, 4, 7, 27, 29, 2, 16, 15, 6, 13][3, 9, 23, 14, 11, 17, 22, 19, 12, 8, 26, 0, 25, 28, 7][4, 1, 3, 23, 20, 24, 7, 2, 15, 21, 5, 6, 13, 0, 22][14, 9, 3, 23, 20, 4, 1, 24, 7, 16, 27, 2, 6, 10, 21][13, 18, 17, 22, 25, 28, 16, 10, 29, 27, 7, 20, 24, 3, 23][7, 2, 15, 27, 29, 10, 6, 13, 18, 22, 0, 26, 8, 19, 17][15, 5, 21, 10, 2, 29, 27, 16, 6, 13, 0, 12, 8, 26][5, 15, 27, 29, 10, 6, 13, 18, 22, 0, 26, 8, 19, 17][5, 15, 16, 28, 25, 22, 12, 17, 18, 0, 26, 8, 19][17, 28, 25][21, 15, 29] 
[5, 21, 10, 2, 29, 27, 16, 6, 13, 0, 12, 8, 26][20, 4, 24, 3, 1, 23, 14, 11, 25, 28][10, 6, 5, 15, 16, 7, 27, 2, 29][10, 6, 21, 15, 16, 7, 2, 29][18, 17, 22][0, 19][0, 13][12, 18][11, 17][3, 9][15, 29][18, 22] 
[16, 15, 2, 7, 25, 22, 18][19, 22, 17, 28, 7, 14, 23][12, 0, 25, 7, 27, 15, 21][26, 0, 28, 16, 27, 29][17, 0, 28, 7, 14, 23][7, 20, 24, 3, 9][13, 0, 19, 8, 26][5, 21, 6, 13][1, 24, 4][11, 25][5, 15][10, 15] 
[15, 5, 21, 10, 2, 29, 27, 16, 6, 13, 0, 18, 12, 8, 26][7, 28, 17, 22, 19, 12, 0, 13, 6, 2, 21, 15, 27, 16][7, 28, 0, 26, 8, 19, 18, 17, 11, 25][11, 14, 23, 1, 3, 24, 4, 20][7, 28, 17, 19][16, 28][25, 28][3, 9][16, 28][16, 28][11, 25][11, 25] 
[9, 23, 20, 14, 1, 24, 4, 7, 27, 29, 2, 16, 15, 6, 13][3, 9, 23, 14, 11, 17, 22, 19, 12, 8, 26, 0, 25, 28, 7][15, 27, 29, 10, 6, 13, 18, 22, 0, 26, 8, 19, 17][14, 4, 3, 1, 9, 23, 20, 7, 25, 11, 17, 0, 18][25, 22, 12, 17, 18, 13, 6, 10, 15, 29][21, 15, 29][17, 28][9, 14][3, 23][1, 4][5, 21][1, 23] 
[5, 15, 16, 28, 25, 22, 12, 17, 18, 0, 26, 8, 19][5, 21, 10, 2, 29, 27, 16, 6, 13, 0, 12, 8, 26][20, 4, 24, 3, 1, 23, 14, 11, 25, 28][7, 28, 0, 17, 22, 19][1, 4][3, 9][9, 14][0, 19][15, 29][0, 18][17, 28][25, 28] 
[15, 21, 2, 7, 20, 24, 3, 11, 25, 0, 18, 12, 8, 26][5, 15, 27, 29, 10, 6, 13, 18, 22, 0, 26, 8, 19, 17][5, 15, 16, 28, 25, 22, 12, 17, 18, 0, 26, 8, 19][5, 21, 10, 2, 29, 27, 16, 6, 13, 0, 12, 8][2, 27, 10, 16, 7, 28, 25, 11, 3, 24][3, 23][15, 29][17, 28][1, 23][1, 4][4, 14][9, 14] 
[21, 10, 2, 29, 27, 16, 6, 13, 0, 12, 8, 26][20, 24, 1, 14, 11, 25][7, 28, 0, 18][3, 4, 20][25, 28][3, 9][5, 15][0, 19][14, 23][17, 18][15, 29][19, 22] 
[15, 5, 21, 10, 2, 29, 27, 16, 6, 13, 18, 12, 8, 26][7, 28, 17, 22, 19, 12, 0, 13, 6, 2, 21, 15, 27, 16][15, 5, 21, 10, 29, 27, 16, 6, 13, 18, 12, 8, 26][7, 28, 0, 26, 8, 19, 18, 17, 11, 25][11, 14, 23, 1, 3, 24, 4, 20][20, 24, 1, 14, 11, 25][22, 25, 28][3, 9][6, 13][0, 13][0, 13][3, 9] 
[5, 21, 10, 2, 29, 27, 16, 6, 13, 0, 12, 8, 26][20, 4, 24, 3, 1, 23, 14, 11, 25, 28][7, 28, 0, 18, 17, 22, 12, 19][7, 28, 0, 17, 22, 19][16, 28][15, 27][3, 9][17, 28][7, 28][17, 28][3, 9][17, 28] 
[5, 21, 10, 2, 29, 27, 16, 6, 13, 0, 12, 8, 26][20, 4, 24, 3, 1, 23, 14, 11, 25, 28][8, 26, 0, 28, 17, 18, 22][7, 28, 0, 17, 22, 19][6, 5, 15, 16, 7, 27][0, 19][0, 13][3, 9][15, 29][2, 7][1, 4][5, 21] 
[5, 15, 16, 28, 25, 22, 12, 17, 18, 0, 26, 8, 19][5, 21, 10, 2, 29, 27, 16, 6, 13, 0, 12, 8, 26][11, 14, 23, 1, 3, 24, 4, 20][7, 28, 0, 17, 22, 19][11, 14, 1, 24, 20][7, 28, 0, 22, 19][11, 25][3, 9][11, 25][3, 9][3, 9][17, 28] 
[5, 6, 16, 15, 10, 27, 7, 24, 3, 11, 25, 0, 22, 12, 18][9, 23, 14, 11, 17, 22, 19, 12, 8, 26, 0, 18, 13, 6, 16][5, 21, 2, 29, 27, 15, 6, 13, 0, 19, 22, 25, 28, 7, 20][1, 3, 11, 25, 0, 18, 22, 17, 28, 7, 4, 14, 24, 20, 23][12, 0, 25, 11, 3, 4, 20, 7, 27, 16, 15, 2, 6, 10, 29][23, 20, 7, 27, 2, 6, 21, 10, 16, 28, 0, 18, 12, 8, 26][20, 4, 1, 24, 3, 11, 25, 0, 13, 6, 10, 2, 21, 15, 29][11, 17, 19, 8, 26, 0, 22, 25, 7, 14, 9, 3, 23, 1, 24][14, 4, 3, 1, 9, 23, 20, 7, 25, 11, 17, 0, 18, 12, 19][24, 4, 14, 7, 16, 27, 29, 2, 10, 6, 13, 0, 12, 8, 26][6, 13, 18, 0, 17, 11, 25, 7, 20, 23, 9, 1, 3, 4, 14][1, 23, 4, 24, 14, 11, 3, 9] 
[10, 6, 21, 5, 15, 16, 7, 27, 2, 29][20, 4, 24, 3, 1, 23, 14, 11, 25][17, 0, 19, 22, 12, 8, 26][18, 17, 22][12, 8, 26][0, 18][12, 18][0, 13][17, 28][11, 17][3, 9][6, 13] 
[9, 23, 20, 14, 1, 24, 4, 7, 27, 29, 2, 16, 15, 6, 13][3, 9, 23, 14, 11, 17, 22, 19, 12, 8, 26, 0, 25, 28, 7][15, 27, 29, 10, 6, 13, 18, 22, 0, 26, 8, 19, 17][14, 4, 3, 1, 9, 23, 20, 7, 25, 11, 17, 0, 18][25, 22, 12, 17, 18, 13, 6, 10, 15, 29][21, 15, 29][17, 28][9, 14][3, 23][1, 4][5, 21][1, 23] 
[1, 9, 23, 20, 7, 25, 11, 17, 0, 18][16, 2, 29, 27, 7, 4, 24][17, 22, 19, 12, 8, 26][10, 6, 13, 18][5, 21][15, 21][3, 23][17, 28][15, 29][3, 23][9, 14][6, 13] 
