573710.0 23149.09735533608 0.09843348141220482 0.7439501987374327 487.0 125.0 0.0 
2266881.178227925 22382.784292606855 0.2179106361109251 0.4302413933391777 2623.0 209.0 3.8422802259782958 
1565044.4808133398 23193.05913797654 0.19727733797240793 0.48381145660827124 1536.0 191.0 1.7170505629152246 
3453263.918090394 25175.32316040318 0.31868290315649456 0.23942129394006767 3155.0 284.0 6.0020865821140985 
1594155.0 19465.290170988108 0.36751812017769464 0.48617605798456864 1605.0 139.0 1.1875 
906605.0 15363.307996402225 0.09103982944172863 0.6660957803120195 849.0 149.0 4.267857142857142 
4969092.062255645 15623.856472304167 0.18237188667331958 0.0 4925.0 340.0 8.547980706048856 
1439102.868031066 26023.101377683033 0.3609422492401216 0.4541734860883797 1194.0 169.0 0.48951048951048953 
988602.1109456441 18556.366112388292 0.10898478553682141 0.63923684379731 943.0 157.0 2.0697674418604652 
1024715.0 20967.536440189026 0.25365474429941726 0.6028501452545315 902.0 136.0 0.0 
3804230.0242311116 37530.46033622223 0.03571459287364084 0.0 3722.0 765.0 9.70441991477258 
1961942.3894219433 30493.909458878672 0.2623645554854861 0.399493801109429 1884.0 309.0 7.985843163262518 
1378960.68250861 19420.732754531946 0.1519765648758586 0.5620502723035475 1481.0 243.0 8.030455556771347 
4158800.014570379 27528.524924710204 0.1024666822539163 0.0 4200.0 596.0 9.404767797561284 
2297260.0 18431.522304968617 0.19467614376983738 0.44874005576371145 2029.0 155.0 2.141967213114754 
4860106.167757011 20063.448631893254 0.26607676077883186 7.849771895707852E-7 5094.0 296.0 2.8827868092588678 
1479100.0 15415.269023899993 0.2556711764444093 0.5391660036641504 1350.0 145.0 4.299107142857142 
2530399.253854443 22312.24619829107 0.4532115437778584 0.2781170919740843 2976.0 223.0 3.481056367204375 
4349797.267319488 17966.598757425654 0.4968743633198549 0.13505377601581117 4970.0 146.0 1.0327868852459017 
2388650.1230191477 29195.59679282381 0.5114887659221078 0.19710187088483688 2034.0 241.0 2.488056835637481 
2978263.0198926227 18821.54273284882 0.15738356942386608 0.2831148604963779 3033.0 276.0 7.181464721759104 
2266058.390071976 19273.85561855629 0.4130256174948316 0.3008259342182382 2332.0 224.0 7.651600016111308 
3235535.8784035076 19603.642144467995 0.44864975450081834 0.23670212765957446 2771.0 174.0 2.3470588235294114 
3426658.0564572103 29251.914321979177 0.347061876516351 0.09405016349102481 3316.0 387.0 5.353136356615642 
1033585.0000000001 17939.175819423446 0.12999766191255552 0.6415419686696282 955.0 153.0 5.2 
721985.0 23419.039245002885 0.18438953087590157 0.6736640996813543 578.0 129.0 0.0 
2102347.7868852457 17427.082329567867 0.3296138041489604 0.42094587880452894 1933.0 146.0 5.678571428571429 
1343115.0 19520.943384347247 0.20598665698701177 0.5703208078761784 1223.0 140.0 1.1666666666666667 
1478925.0 19615.94073866202 0.21846641260528235 0.5388152972044798 1450.0 136.0 6.166666666666667 
4418857.2231015405 27010.41227101187 0.44593404741577924 0.0 4329.0 347.0 8.934273867089674 
2806850.0 19608.27443132516 0.26031681084872577 0.3807575403320084 2764.0 171.0 4.285153181461116 
4232703.82656841 29688.781576110894 0.03983560661528318 0.0 4460.0 753.0 9.873494910251436 
1396042.1900273745 24172.4785531499 0.23585594959038822 0.529901390585451 1166.0 194.0 3.8728451954258403 
4200372.651827309 24252.495985313642 0.36971007715688564 0.0 4887.0 465.0 8.740051020408162 
2346310.0 19170.37750687634 0.4070926792484052 0.37526490443279403 2331.0 153.0 1.718475073313783 
1990760.1569149515 27420.913939574504 0.37438625204582654 0.352291325695581 1874.0 253.0 5.089053351994528 
4201366.425426707 25890.2027834101 0.1595452419920505 0.0 4082.0 478.0 7.211784930045799 
1056730.0 23773.859367099118 0.2944546086969681 0.5723963782685562 885.0 134.0 0.0 
2863185.0 18872.040090739163 0.25569908814589665 0.3874795417348609 3159.0 153.0 4.324460916442048 
3406920.0 18701.32227450413 0.4188099134907646 0.28626958148234743 3050.0 152.0 3.2 
4290165.704495785 17776.493959670894 0.39703647416413373 0.05661094224924012 4013.0 250.0 5.518998682476943 
3140008.246329522 24817.14955101188 0.5050853401917231 0.12190203413607668 3119.0 272.0 7.0282587782587775 
3259393.3439670573 20685.55750853781 0.44534720598550387 0.20437806873977088 3596.0 163.0 3.4095238095238094 
1848018.2875417904 30323.106773012096 0.317862988075754 0.3994914659808277 1761.0 287.0 6.92870635612571 
3880314.770300848 35720.39408227481 0.05681586349298393 0.0 3832.0 741.0 10.460696273512543 
1416715.0 20749.911556857118 0.2403846153846154 0.5699964928688332 1401.0 132.0 0.0 
4886101.814632776 17408.871753774107 0.3206121674877493 2.460520685086094E-6 5010.0 319.0 8.78698927516728 
4260626.387520145 32333.133200909982 0.060877951835398646 0.0 4368.0 752.0 10.48962818327203 
4134204.7510889433 26683.529448988276 0.47507014262333414 0.028670797287818565 4570.0 330.0 8.164259974259974 
856175.0 20832.131858104425 0.14782621571653926 0.6658325884781611 813.0 136.0 2.0 
2667720.0 18314.717188709277 0.36605681552490066 0.33060556464811786 2697.0 177.0 4.761945031712473 
2233376.090960358 17327.65161573146 0.16442723585713684 0.4643465337181854 2184.0 177.0 3.1655172413793102 
3737580.0 17951.229618169113 0.4760952495455981 0.23337055207153617 3641.0 143.0 1.1071428571428572 
3765987.5727778473 36626.6842807445 0.040098434056780784 0.0 3843.0 755.0 10.009806144306111 
683785.0 23255.38660860289 0.19938211122708918 0.6693976615312566 654.0 127.0 0.0 
1028625.0 22318.55862430942 0.2528057049333645 0.595686228664952 929.0 126.0 0.0 
2868770.000000001 20744.814191558373 0.5184449541058089 0.23065256077975024 2740.0 165.0 3.9123675347079603 
843325.0 19068.05655754112 0.12900473102979187 0.673986765303504 766.0 143.0 4.172413793103448 
1175807.7165204887 25436.96981963143 0.22393032499415477 0.5547112462006079 1125.0 206.0 3.4810097239764763 
2456513.362738105 25855.376841036043 0.4735503857844283 0.25736497545008186 2312.0 232.0 3.843421938421938 
3383564.7768581756 28576.27169524273 0.34358397861746853 0.10197038841573235 3279.0 373.0 6.14992780046591 
1527895.0 19595.36090025386 0.22498246434416647 0.505611409866729 1547.0 145.0 6.166666666666667 
4498281.168787225 22737.21199260313 0.07557974264605256 0.0 4409.0 552.0 9.55835452529371 
4272385.68084541 28450.23066092658 0.36038695347205985 0.0 4546.0 381.0 8.377278200651684 
1542219.521281871 26441.107176938505 0.3551283323417736 0.43488677676933823 1351.0 167.0 1.2205387205387206 
3044225.0 20045.34005346758 0.30123334112695815 0.3404255319148936 3312.0 150.0 2.1101752021563343 
4882459.685524262 25686.248995312995 0.20189580396260173 2.660551632290622E-6 4755.0 487.0 9.543735396413851 
1888490.0000000007 17970.800948194148 0.33414192190787934 0.4551671732522796 1639.0 147.0 5.5769230769230775 
2369277.0144058876 21851.051906736004 0.4155658171615618 0.3198503624035539 2404.0 201.0 3.359893869571289 
3807266.5991888405 36186.12562661339 0.040098434056780784 0.0 3888.0 757.0 10.02250771735251 
1905848.9117715338 22031.12114769286 0.30418517652560206 0.40901917231704465 2003.0 230.0 5.305314811400004 
918625.0 15448.934620122354 0.09402087350847231 0.6660957803120195 844.0 147.0 4.267857142857142 
4537892.591361293 28754.971361393436 0.10422024783726912 0.0 4792.0 682.0 9.38922897147273 
1849008.7211473396 30125.146907721693 0.3260189260278587 0.4063619329775609 1721.0 263.0 6.884847371090256 
1027390.6332151667 23804.821328634556 0.2645253682487725 0.5744388590133271 912.0 145.0 0.0 
2703228.893545624 20690.334556959515 0.38028992284311436 0.3382043488426467 2903.0 188.0 3.9380341880341883 
3810475.1468930887 24684.639380613757 0.217939308018842 0.09361117605798457 3700.0 319.0 5.729441085908658 
666705.0 23176.99474183888 0.15162585706018858 0.6975724665213148 615.0 130.0 2.0 
1008555.0 23797.436838730115 0.23196750058452187 0.604249473930325 863.0 149.0 2.9453781512605044 
2111291.29590678 23519.841575494487 0.21039957614443425 0.41665092111188 2195.0 203.0 2.8414449112978524 
2183280.0 19234.106089995592 0.20537356485889924 0.4870534453697541 1974.0 174.0 1.8129466162253047 
3702196.8105767565 29286.248434652032 0.3355165466289912 0.0 3992.0 471.0 8.853806760165869 
4614194.116752278 19844.040719545595 0.4651624970773907 0.04892447977554361 4400.0 209.0 2.849739965182244 
3833999.2189516914 23349.49650255211 0.45262588333291776 0.17331432751904807 3457.0 224.0 2.6168981481481484 
3927786.916652064 25781.016998966094 0.44032031797989246 0.06505728314238952 3963.0 365.0 8.31994425561788 
2093085.6749753698 18234.168177000476 0.3296430567098545 0.4192801915312909 1894.0 169.0 5.834065934065935 
1853874.699920023 26980.599466726333 0.3849368716389993 0.35015782090250175 1670.0 232.0 4.861165009297437 
2099143.5362835447 21521.44071206667 0.35673561867580494 0.41927998176403747 1857.0 159.0 5.1923076923076925 
901980.0 21131.437252397605 0.2427227028290858 0.6112345101706804 809.0 131.0 1.4444444444444444 
4659486.937116661 30267.469412661205 0.1469487958849661 0.0 4779.0 577.0 9.086170250345795 
4610831.629475428 21488.04104613003 0.23018607592069035 3.045626270805803E-6 4573.0 410.0 8.457500501762796 
713890.0 21844.911508520985 0.1186287117138181 0.7069791910217442 595.0 128.0 0.0 
2849271.186524725 28362.83095399073 0.4843376250252263 0.23015682812954413 2582.0 211.0 5.372794978773239 
3616515.5302752987 21679.42546109913 0.4259703062894552 0.1616495206920739 3677.0 227.0 3.92387041773231 
1848048.3074908727 30327.353988002247 0.31786484605440773 0.39949380109577964 1760.0 287.0 6.92870635612571 
4492840.631976266 27658.46779803236 0.10422085702740144 0.0 4779.0 634.0 9.055895638139399 
2145133.6698385165 23941.60037920135 0.402589431844751 0.34527706336216973 2228.0 225.0 3.0486694677871147 
3916161.326305096 25795.127925098644 0.43099841900523955 2.6819986426396013E-17 4276.0 344.0 5.032385053045748 
1396009.6714999652 24172.233583938352 0.23585592361588037 0.5299013589634439 1167.0 194.0 3.8728451954258403 
4068377.4613072844 20947.740692075895 0.5140300799436566 0.03194411971466552 4669.0 240.0 3.4377454045423725 
2438798.627577381 23551.139817531417 0.22191372457329905 0.3587502922609306 2256.0 264.0 5.4415321194916375 
954015.0 17649.041775752346 0.1437060054063488 0.6539368434192406 900.0 151.0 5.512121212121212 
1293190.0 20111.15098635448 0.16407624547837002 0.5837946211949777 1177.0 140.0 1.1666666666666667 
1056090.0 24090.63356781629 0.2875555295768062 0.5773614683189151 881.0 136.0 0.0 
3849032.5880821925 29938.94556714058 0.3740957705137298 0.0 3885.0 455.0 8.65171931862643 
3852104.390114378 35497.25539555947 0.04503767265415393 0.0 3788.0 743.0 10.10876561704968 
3915956.0942931385 21964.36426025508 0.36012391863455695 0.2680909516015899 3689.0 207.0 5.136233668879846 
3307548.1320387814 25388.92455232067 0.5076280102875848 0.10080079494973113 3546.0 261.0 6.268326708752241 
4292051.661319142 30797.02299498898 0.09454641103577274 0.0 4380.0 714.0 9.723807740647969 
4677606.725758973 23485.218183342764 0.2333424908880463 0.0 4459.0 378.0 8.238745315690098 
4296048.050695289 26084.20876614086 0.3235643957908085 0.0 4567.0 450.0 8.725546234427037 
929375.0 21149.95899931597 0.19754053714456712 0.6460166194994743 789.0 126.0 0.0 
