4064118.085768035 34513.905129748186 0.06032314892207364 0.0 3991.0 697.0 8.33027516290988 
3728883.4931287393 36218.664960657115 0.026157506181096184 0.0 3755.0 748.0 10.205639494649947 
1409704.9747348297 25513.16766258043 0.3530512041150339 0.4801262567220014 1188.0 154.0 0.0 
2598415.0 21140.361619494903 0.21621463642740238 0.45019873743278 2752.0 183.0 3.3712839974699556 
4720980.0 15034.644952885441 0.5004676174888941 0.07353285012859481 4447.0 202.0 8.162900188323917 
3025379.4655523663 18307.739172792626 0.20049226286848723 0.2540624269347674 2982.0 219.0 6.1545215239356255 
3240843.6505637085 19996.30807101988 0.24842326510135967 0.4077635617597646 3291.0 154.0 0.1766304347826087 
1450090.0 16367.585905400641 0.2981379765501328 0.5087404724549309 1396.0 165.0 5.4530791788856305 
1485981.4496001473 19197.067913158804 0.35062748788571363 0.4705720748893786 1445.0 132.0 1.2941176470588236 
1364885.0 19268.568328885238 0.12517535655833528 0.571311667056348 1360.0 143.0 7.076923076923077 
5083918.784720864 15828.46533243439 0.23494856207622164 0.0 5051.0 321.0 9.093690444813884 
2740990.602625819 19166.54643696482 0.4182570625266689 0.25587594035504063 3192.0 158.0 2.0519727891156463 
4280980.38562296 19902.94302943496 0.24851094338052732 0.1985339615727176 4669.0 236.0 1.7661977834612106 
2891960.0 19482.06180159086 0.22381342062193127 0.42138180967968203 2781.0 186.0 2.109375 
3287670.0 17571.321120023455 0.33177460837035305 0.2767126490530746 3834.0 187.0 7.000932835820896 
4142859.367272724 30422.06219242558 0.2556412388302681 0.0 4088.0 506.0 6.924578888641608 
3373858.362306632 18625.849991404033 0.44549577509819027 0.21148118177856348 3115.0 163.0 2.4192277383766747 
4083315.001441699 16853.740094206136 0.45081512048448324 0.09068909684689473 4592.0 159.0 2.402116402116402 
597680.0 22239.025324971786 0.08995791442599953 0.7426057984568623 502.0 135.0 0.0 
2391504.403961511 26863.91882090226 0.4802459682379279 0.24649430964475608 1987.0 211.0 2.0346715144170076 
1522975.8679271701 27637.51905545651 0.2032979551679498 0.48071358965511995 1384.0 257.0 2.329392764857881 
1309095.0 19556.189908144515 0.09442950666354921 0.6359305588028993 1228.0 135.0 1.0461538461538462 
4311069.972875254 27459.690100322103 0.09679682020107552 0.0 4537.0 630.0 7.776899601766712 
2849287.213589267 28776.716540778772 0.31622821166404425 0.2671572782073686 2548.0 302.0 7.636689291101056 
2434199.1621136307 17498.910508755795 0.4450281967223152 0.3200275895821777 2253.0 203.0 6.760438486244938 
4174238.2118292283 26053.80789749981 0.06575870937573065 0.0 4489.0 635.0 9.774338482327003 
4293521.717743767 29472.325006679148 0.08431758835891219 0.0 4103.0 598.0 7.174664675732859 
1011560.0 21078.83846971159 0.23582534486789805 0.6204699555763385 912.0 134.0 0.0 
2982281.6580724483 21957.087182060826 0.4542903904606032 0.22045241992050502 3115.0 179.0 2.1812244897959183 
4066175.5616698256 35534.73159890691 0.026683622836023116 0.0 3856.0 759.0 9.49568548128673 
4650900.0 15132.860889689204 0.4374269347673603 0.19683773673135374 4344.0 164.0 4.930938852813853 
1111315.0 20401.20296439982 0.17415828851999066 0.627688800561141 895.0 142.0 3.108108108108108 
3024895.0 19956.994144266744 0.34299742810381106 0.3446340893149404 2721.0 131.0 0.0 
2797338.553611657 21634.493959208106 0.2965279401449614 0.33987023614683187 2721.0 175.0 4.643836683808633 
4547589.371146255 20709.223930748285 0.2587994988137861 0.01780018632183981 4594.0 411.0 6.3585524867432754 
4169977.8422892094 33958.63847518628 0.18389073040368212 0.0 3902.0 620.0 8.719382121714975 
1503098.4466856744 21241.136980710722 0.2618365676876315 0.5201952303016133 1520.0 200.0 5.087878787878788 
2305940.8297280315 13890.147984354042 0.35834322155261605 0.39905540715108223 2165.0 157.0 5.465079365079365 
906525.0 22153.446334190274 0.18716389992985738 0.6561550151975684 797.0 129.0 0.0 
1335542.5914846268 23844.058006055122 0.24427293763229396 0.5110502742471237 1259.0 209.0 2.447500374868796 
4305401.061034943 27092.09163692449 0.11524013943600214 0.0 4519.0 609.0 9.370208940728073 
4676761.390921114 26766.675910863418 0.14838087444470424 0.0 4568.0 484.0 8.479794842357155 
3239268.6505637085 20024.463516291264 0.2559635750716922 0.4088461992258695 3182.0 149.0 0.0 
1162155.0 20989.640761882427 0.23246434416647183 0.5823883563245266 1093.0 128.0 0.0 
924345.0 21938.68884881986 0.2518120177694646 0.6029927519289221 799.0 121.0 0.0 
4328660.471229624 30528.51926214732 0.31751287782956666 0.0 4109.0 495.0 7.603799168526686 
1926715.3681725478 25578.461356297128 0.4009843405696323 0.37032598974527076 1796.0 211.0 3.982813911472448 
4184567.2402321966 28162.574305645518 0.10538968669739311 0.0 4309.0 611.0 8.647263824706847 
4571107.954087275 19420.921317405086 0.28305471124620063 0.0 4686.0 335.0 8.383645357027074 
4135862.779818525 33541.98703271147 0.06760019001471579 0.0 4134.0 693.0 8.795859829417331 
3968719.9268104048 30099.326823809857 0.4165887304185176 0.0 4054.0 388.0 8.307749604622146 
2196390.0 20768.68338157447 0.19046644844517185 0.509995323825111 1983.0 146.0 4.0 
2758700.0 20221.55740011479 0.29220393046098375 0.41656188779262193 2688.0 123.0 0.0 
3692630.8719911654 18662.67656680519 0.5391337386018237 0.13306640168342296 3978.0 201.0 4.796318527410964 
988830.0 19947.340408408432 0.23126607435118074 0.6024374561608604 938.0 142.0 1.8055555555555556 
4311742.241441174 31575.364450939134 0.22533414130360005 0.0 3923.0 534.0 7.6013008024698205 
1226205.0 19811.006259341397 0.22574387325559792 0.6066198281226929 1155.0 147.0 1.2083333333333333 
4272849.094653939 35158.40862475969 0.21808525927932068 0.0 3869.0 605.0 9.202040195428074 
1002070.0 23445.033617190697 0.2512874169278219 0.6065034282364364 848.0 135.0 0.0 
4234520.0 17850.17227055966 0.4400280570493336 0.22147533317746085 3930.0 158.0 4.2 
4231645.977808355 23222.428196816538 0.436552033531513 0.04278706224615256 4229.0 290.0 6.76265574165025 
4439325.727723432 18621.948725956423 0.33101472995090014 0.04155950432546177 4546.0 271.0 7.483933192842354 
4082792.995349135 34897.675041575654 0.03419478683450449 0.0 3914.0 748.0 9.581399767001015 
4364308.167660957 29872.630358923758 0.07616319850362403 0.0 4552.0 706.0 9.544993787545964 
4578429.404629939 27627.11495629671 0.24915244330137948 0.0 4301.0 398.0 6.459218672741118 
4009754.6221011193 35502.231008130795 0.04912941502892753 0.0 3990.0 740.0 8.911063805336942 
1215684.893233143 24735.048315626827 0.23752045826513912 0.5536006546644845 1170.0 212.0 2.0490713587487783 
4252500.110506852 29171.13259362062 0.13183890577507598 0.0 4178.0 527.0 7.82931876771423 
4508337.230770197 25421.68996994269 0.20659925181201777 0.0 4901.0 518.0 8.752082811784728 
2305940.8297280315 13890.147984354042 0.35834322155261605 0.39905540715108223 2165.0 157.0 5.465079365079365 
971800.0 21492.242528551673 0.18482724031410822 0.6359335460034735 831.0 135.0 0.0 
2668698.114439793 24455.279757459346 0.3973579611877484 0.31692775309796584 2478.0 256.0 6.993900498114989 
2472451.19950483 23745.186076792295 0.4377191956979191 0.2854804769698387 2601.0 202.0 3.7600912600912597 
2621187.3316151504 25444.13687219343 0.42044657470189384 0.3109948562076222 2357.0 218.0 3.9831582266364878 
1002070.0 23445.033617190697 0.25128801176799026 0.6065026895549636 848.0 135.0 0.0 
4512872.3825131515 16190.75423029175 0.41132932601937083 0.04442366144493804 5037.0 267.0 7.541922541554082 
4076968.8494195635 31138.013233720147 0.055529732777781365 0.0 3974.0 669.0 8.976378232994774 
1266926.7636695476 23786.997692141693 0.24915387113010073 0.5256050447175254 1210.0 200.0 2.1469712743396956 
4009673.1572129987 35939.73892098399 0.040507601751914764 0.0 4006.0 751.0 8.819939468743318 
956450.0 21651.27652701464 0.20309330777150147 0.6396167852234845 863.0 138.0 0.0 
3745942.5670046387 35664.66205444255 0.026157506181096184 0.0 3779.0 745.0 10.239878024224296 
865385.0 22676.88503162426 0.1974526388393666 0.6525347938671607 725.0 136.0 0.3602941176470588 
3946702.6525789048 29321.681455582813 0.3667290156651859 0.035509703062894554 3940.0 442.0 6.883539202660144 
1109490.0 20920.297989929153 0.23684825812485388 0.5773614683189151 1041.0 126.0 0.0 
2305940.8297286388 13890.147984322917 0.3583432215403727 0.39905540713744797 2165.0 157.0 5.465079365079365 
4900759.023310173 26691.99946154273 0.24447626841243864 0.0 4659.0 475.0 8.39815357151594 
4596835.407106011 21326.009055138897 0.12701805250914835 2.383467160157614E-6 4756.0 501.0 7.533485285212052 
2330987.9345480674 15904.592883237161 0.3254930929578066 0.36106148617843786 2319.0 200.0 6.469047619047619 
3727874.5489450465 22325.868680270058 0.46223988777180264 0.12184358194996493 3897.0 258.0 3.9679707003021942 
2220190.0 20847.449044385023 0.37731130615538067 0.3385273315170701 2415.0 138.0 2.1969230769230768 
4127760.216582487 26908.338316684065 0.3074882785395225 0.004646948795884966 4557.0 499.0 8.854701473462288 
4590819.450331506 23687.204136488643 0.12573271599992855 2.806459335778191E-6 4617.0 495.0 6.633599417977205 
4221539.539002571 25269.90197010632 0.45870353051204116 0.06385901332709844 4085.0 296.0 7.175436014979953 
4201493.520285806 35651.56013481345 0.09457579310043744 0.0 3859.0 683.0 9.51071544935132 
1266770.0 19574.481141050514 0.28028083369298995 0.5399539398386111 1134.0 154.0 5.100806451612903 
3756901.3825284312 35289.78704968069 0.026157461935374295 0.0 3754.0 735.0 10.147788652243621 
4891552.865576965 24005.093128408884 0.2089109203061038 1.4408131262845224E-6 5063.0 497.0 8.924506992337191 
5282791.076248334 20273.535988207954 0.3321253214870236 0.03708791208791209 5072.0 394.0 8.2336815084656 
1926719.3763610395 25560.513402702745 0.40098465268134603 0.3703256209170329 1796.0 211.0 3.982813911472448 
2665830.4349434674 21483.561771775458 0.4453498475746839 0.3037191153244549 2718.0 153.0 1.7277777777777779 
1243545.0 21818.8115377064 0.26665887304185176 0.569324292728548 1092.0 130.0 0.0 
1521819.5867443606 28020.016359268186 0.21417013285058886 0.4809181979313238 1338.0 246.0 2.110503875968992 
3923348.087939181 33567.626158635474 0.1095402307808404 0.0 3846.0 650.0 9.460415023689697 
4339385.016738923 24744.172823536763 0.3289415021810032 0.018558615557033618 4250.0 397.0 9.052125447016751 
3998062.4290667637 26246.755083056498 0.45259527706336217 0.0 4461.0 398.0 9.412077181902937 
1700790.0 21525.99245322537 0.30775075987841943 0.45478723404255317 1589.0 145.0 2.0 
3538467.8073146925 19209.5285658004 0.3958109131092468 0.24924036450493525 3424.0 154.0 5.30513495720869 
4353937.538217382 28818.916735066276 0.24146598082768295 0.0 4555.0 499.0 9.04054083540624 
4466777.332816299 22986.519599784107 0.4496153095855736 0.021017396276684575 4642.0 270.0 3.6233746898263024 
918640.0 22011.51132320433 0.2262684124386252 0.636252045826514 760.0 127.0 0.0 
1277125.0 19749.378486934747 0.2156008884732289 0.5867138180967968 1119.0 137.0 3.185185185185185 
4257762.573906873 27128.027994146003 0.06120206695878879 1.2285127587493907E-7 4599.0 656.0 9.594303080038852 
