92635.0 10622.504953592661 0.2614150625864304 0.032113037893416026 98.0 73.0 0.0 
108988.67626733628 13989.829433329085 0.18755507543164554 6.422607578990037E-4 103.0 152.0 4.072380952380952 
140710.0 10157.07230825509 0.28966678017972614 0.1496656514590144 141.0 85.0 0.0 
102708.90288220547 13835.02891968841 0.14390626227341827 4.260872544138365E-68 111.0 169.0 3.3121732026143786 
55535.0 9719.680149817135 0.19783529061869096 0.35585082640930965 54.0 78.0 0.0 
80260.0 9792.181046547355 0.31346549293624554 0.09763262767149744 87.0 80.0 0.0 
121573.60335148465 13028.122975361697 0.23509763589080576 5.473182458751913E-72 127.0 151.0 3.47280701754386 
85066.01189735261 15465.030107167147 0.15865144418219762 0.0012845215157353885 78.0 124.0 2.630505583126551 
122285.0 9019.04188733751 0.4175149521633163 0.12203441148165885 102.0 78.0 0.0 
135395.96633510932 10419.792468323292 0.4502826285683623 0.024409049078516494 129.0 93.0 2.095698924731183 
112555.0 8046.0559949877725 0.15479086790658536 0.0186255653168748 122.0 100.0 4.413536076326774 
97570.0 9960.946087615222 0.31730718119340257 6.253194651373007E-10 122.0 112.0 4.46060606060606 
147708.81202369736 11981.84355910869 0.20426515930113054 0.00835046248715314 144.0 100.0 0.9700734048560136 
62835.0 8973.287149268755 0.1503083247687564 0.2723535457348407 75.0 99.0 2.602892102335929 
151676.46744306572 13347.595398360061 0.14645261507925178 5.1013997914188056E-79 154.0 215.0 5.2489852489852495 
98704.27737104756 12676.80268070322 0.20426515930113054 0.00835046248715314 107.0 112.0 2.4187841144362885 
101932.8236520465 20436.786667182765 0.11690870207033319 0.0 119.0 242.0 4.199841047680908 
95734.7036141712 18412.406574241748 0.07323150506779019 1.6499955243871407E-7 106.0 230.0 5.016142832499568 
104373.94148428492 15834.094066443642 0.13360839197508365 3.97143973761954E-75 115.0 228.0 4.938931457815633 
112057.5442645805 12910.473116702782 0.0674437328749717 1.3208436681972215E-20 132.0 184.0 4.99399585921325 
90711.387555907 13412.416820258271 0.23122426952110348 0.00449582530507386 84.0 101.0 1.6903801843317972 
97979.73106495189 15402.843594544374 0.046906652766989056 2.5991870337236704E-5 119.0 217.0 5.399423573842179 
106709.35677497814 11441.00138329981 0.11373675587772787 1.320167055493939E-6 134.0 178.0 4.84168428470754 
57886.410252282396 11632.864550209351 0.3545734806571251 0.30639774272463155 61.0 100.0 2.8023529411764705 
52355.0 8563.483227299013 0.13874614877022615 0.3815518950404847 61.0 86.0 1.2333333333333334 
107760.0 8583.94584139265 0.33591929019702943 0.07450224791266072 107.0 84.0 0.0 
49460.0 9838.617832972754 0.14453144139114765 0.37253872181367853 46.0 74.0 0.0 
80492.19765153565 13224.441471990642 0.055883699168001094 0.14709660842723193 89.0 131.0 1.6392586381581244 
137441.04265716014 15000.60508347359 0.06680700390515659 5.473182458751913E-72 131.0 195.0 5.4532404388215 
98820.46567352644 18427.605613879212 0.13424561754394998 0.0 119.0 227.0 4.359140752489743 
116660.0 8859.330712815 0.3134560889686269 0.12845941248652606 125.0 91.0 2.4 
119336.54958693057 15800.767083015717 0.10148784374089298 7.030420627812348E-76 124.0 208.0 5.102130325814536 
86565.0 11247.239891044956 0.32886250867184036 0.07000642260757868 100.0 92.0 0.8106617647058824 
184635.0 6796.942173949148 0.3539025914173249 0.03789338471420213 165.0 96.0 1.6465277777777778 
76205.0 11803.676887222588 0.3866798372240846 0.2947988428581388 74.0 77.0 0.0 
85542.53169811831 18870.67233817595 0.10726695274663564 0.0012845215157353891 83.0 182.0 4.029062219115151 
192295.0 8780.853966562452 0.38540249128092996 0.00642319472186849 159.0 98.0 1.7134920634920636 
70420.0 11012.265579464127 0.2524312487129203 0.28005317268073054 65.0 81.0 0.0 
95776.34504652528 11883.15290532296 0.1535410782243474 0.0012931839922384213 129.0 166.0 4.361848692378549 
158370.0 7919.905809756158 0.4072102343203435 0.006422607578685111 160.0 90.0 1.2058823529411764 
99555.0 7878.204491680604 0.17279001259215301 1.0915981594635718E-9 136.0 125.0 4.586468784838351 
66415.0 10774.13778861987 0.3558486793060663 0.2646114322422374 90.0 92.0 0.9761904761904762 
115836.92426036877 14649.101113285751 0.19463001027743917 1.4900658407770587E-87 119.0 159.0 4.218620883760202 
143236.5827678126 13352.764007654623 0.19206220490164436 1.072634873114366E-6 131.0 120.0 2.997247317899492 
114303.74130325795 10932.215601652088 0.34813033140781807 1.4900658407770587E-87 130.0 118.0 3.5843899521531095 
88264.82669784594 15168.861787086094 0.1548081087912526 0.005138911060703748 89.0 144.0 2.604370728309608 
81809.1739481211 21153.597827198562 0.08093822179050505 0.0 86.0 225.0 5.692165898617512 
133591.5226371812 13559.433782129581 0.11112538535293516 9.030726561094859E-80 124.0 168.0 5.127427944862156 
89865.0 10466.344436016141 0.22546248720577247 0.07322713203903441 88.0 78.0 0.5303030303030303 
105244.16796726099 18887.582130134993 0.10213257965056526 0.0 130.0 251.0 4.63104776393316 
95121.28689540601 14878.065501410463 0.14133152602608254 3.0917658357368117E-71 117.0 193.0 4.531130039375917 
188445.0 8257.907384860251 0.27104187830577825 0.07193320488118175 166.0 108.0 1.6024844720496894 
145910.0 9273.651385378127 0.5042394655698509 0.037255909558812424 125.0 78.0 1.1176470588235294 
179140.0 7661.843374997245 0.296120246659815 0.03789825282631038 171.0 96.0 2.0383651436283015 
32760.0 13553.591067828156 0.06808690124696279 0.5492094350943688 29.0 88.0 0.4182692307692308 
82871.73804817177 18044.669686965 0.11884142562085757 4.1255187427267096E-7 101.0 224.0 5.266666666666667 
45560.0 10758.884147375498 0.14518294530354245 0.3879363066111933 52.0 78.0 1.1363636363636362 
37030.0 11986.927077323415 0.17278390301954458 0.5170839380284858 38.0 77.0 0.0 
117887.66279034759 12069.668998104067 0.13167418387409213 6.359725673296921E-11 132.0 166.0 4.27593837535014 
82635.0 7539.157445442143 0.21325004703860279 0.17597994296218386 103.0 95.0 2.5386766076421248 
173110.0 11648.189475223464 0.3609955142561167 0.021838516123379587 144.0 97.0 0.4605263157894737 
83987.5 10925.719572200991 0.16829179100980157 0.20234671057538775 91.0 125.0 4.362962962962963 
92169.12700479121 17720.646508589154 0.039835431947675505 2.87136104493174E-5 103.0 205.0 4.809563021519543 
110800.0 9857.720287947323 0.23640559063898464 4.868112036093886E-6 131.0 125.0 3.600043917435222 
103380.0 10488.743995093862 0.24921903885688917 0.03532434168383942 101.0 80.0 0.0 
132870.0 8060.107507165538 0.3731914550935635 0.06294642238315046 128.0 78.0 0.0 
61210.0 11994.358611913913 0.30060559596651926 0.3204886132806231 49.0 70.0 0.0 
138285.0 8178.576995249192 0.34236302122628903 0.04367859964711963 148.0 80.0 2.0 
40309.99999999999 11764.245716413807 0.12268500715460944 0.4984575517623996 46.0 103.0 2.4564393939393936 
88059.02779571964 19977.95329013349 0.06937307297019527 3.714149009229248E-107 89.0 198.0 4.7409584820882404 
82501.42740811761 14798.9636943221 0.16894345544912479 0.01670273969381858 86.0 162.0 3.9961757407677716 
30515.0 10795.1896192789 0.10534429599179843 0.5479188078103919 31.0 71.0 1.2 
42209.14737814384 14779.337087443007 0.10470195272353545 0.49974306269270297 42.0 133.0 2.617948717948718 
124876.32082431248 12682.676311725101 0.3025327894989632 0.00899165061014772 112.0 120.0 1.6825396825396826 
175465.0 8187.727328229489 0.3385177902269186 0.05716401280296986 149.0 92.0 0.4605263157894737 
152745.0 10496.150438422295 0.489459299230329 0.04239053018632332 129.0 78.0 0.0 
166919.05238576728 11204.961060827105 0.3686969489900115 1.3942928521019129E-5 167.0 102.0 1.9047619047619047 
125710.0 7695.059672135998 0.38091285848225925 0.06615764366203511 149.0 86.0 2.3402777777777777 
170216.36122166115 10103.127764605919 0.2659301130524152 2.4069397031211078E-67 159.0 98.0 2.199738476626348 
68105.0 7371.396041801847 0.17792710505418952 0.2864828698560557 79.0 98.0 3.1168091168091165 
161105.74029114208 11430.50875788755 0.2473021582733813 0.028263103802672145 152.0 90.0 0.9700734048560136 
118480.0 6907.949407117033 0.20811921891050142 6.507575612978263E-13 141.0 105.0 3.6403726708074533 
52560.0 13111.872586872587 0.2363843029622545 0.3449327243407586 45.0 79.0 0.0 
153489.1229449351 7677.202256508115 0.3102517985611511 3.317089275611717E-64 168.0 127.0 3.3781454248366014 
141995.0 6451.543495692432 0.2556526207605344 0.05652620760534429 154.0 94.0 2.357142857142857 
102990.0 6777.005619652658 0.24215813146345022 0.038535645472061654 129.0 93.0 3.3397745571658617 
156185.0 5742.772365948833 0.22609534204622794 0.021838846122484466 175.0 94.0 3.327536231884058 
176796.9203290522 11701.902200727356 0.3500784838685371 0.012848020510098949 147.0 106.0 1.7399380804953561 
65730.0 13517.277327116342 0.15159301007594553 0.2235354536812861 69.0 125.0 3.948253687830342 
76985.0 7125.208890669444 0.21903583736090032 0.1496467572190092 97.0 85.0 3.1768115942028987 
150865.0 6084.576726583771 0.417523124495439 0.037898252200990905 155.0 87.0 2.268686868686869 
73902.60274517699 13148.259004257838 0.19141936624259906 0.07965073028275906 75.0 109.0 1.5467822033039424 
159070.0 5214.750204604879 0.42587358684480986 0.0 187.0 97.0 3.4902777777777776 
161385.0 7677.621393399378 0.44064450811154826 0.010277500527020315 135.0 79.0 2.2 
74450.0 8444.019988710472 0.14773746650907152 0.29868359647545756 74.0 96.0 1.962091503267974 
85066.09674117254 22694.40948133329 0.0732271325585064 2.7224852304975932E-15 80.0 225.0 5.456246414544813 
129245.0 6496.387086215313 0.19013187521159156 0.10212432912166863 138.0 84.0 1.1 
49270.0 12874.633008343353 0.1933453237410072 0.3776978417266187 47.0 107.0 1.7923688531674014 
71485.0 6976.867070695868 0.16251284686536485 0.2691418293936279 85.0 100.0 3.2216524216524216 
60905.0 14588.803652969318 0.2517985611510791 0.3012589928057554 50.0 92.0 1.5772058823529411 
147580.0 6053.775652416696 0.283273381294964 0.0 178.0 100.0 3.215686274509804 
87220.0 7403.350250746853 0.1811422050202431 0.10405573146759986 108.0 93.0 3.407114624505929 
167240.0 5593.040528960848 0.29547790339163776 0.03789825282624095 176.0 94.0 2.448717948717949 
135665.0 6137.528077890443 0.40660328438846444 0.03725590894334699 162.0 88.0 3.3782894736842106 
26310.0 13087.612575394533 0.05652620760534429 0.5954522096608428 23.0 75.0 0.0 
38975.0 15682.21959265165 0.10020282700346742 0.5106614955764538 36.0 122.0 3.1451612903225805 
45655.0 13609.066490873753 0.14709660842754368 0.45092497430626927 42.0 101.0 1.5010101010101011 
90705.0 7732.375548929247 0.24922918807808714 0.08414696813977389 119.0 97.0 1.9873015873015871 
94150.0 7177.36998625373 0.19206608259255514 0.07386947526496818 120.0 96.0 3.714247491638796 
79965.0 6707.10779596614 0.15159301130524153 0.2691418293936279 89.0 106.0 3.2148148148148143 
60025.0 7435.586735842811 0.16829393627954778 0.30704008221993834 84.0 97.0 3.7090225563909773 
115270.0 5516.238436803018 0.20105344295991778 0.0 152.0 101.0 4.500621118012423 
