100354.79943688413 14439.755314936698 0.03597988490456219 4.12498881096785E-7 126.0 223.0 5.550050556117291 
85580.7243241377 21145.92199671656 0.062307462018947615 0.0 85.0 219.0 5.020203488372093 
31725.0 11704.84079810786 0.06037251123956326 0.464354527938343 33.0 64.0 0.0 
51265.0 11899.954640947288 0.21775287934531476 0.25499723831999105 45.0 73.0 0.0 
77565.0 9017.38737632132 0.12975334014260032 0.09378211716341213 94.0 92.0 3.368652037617555 
78020.0 8487.13554688052 0.19845857418111754 0.06358381502890173 82.0 70.0 0.0 
60565.0 9481.716586833898 0.18627954779033915 0.17985611510791366 57.0 70.0 0.0 
65515.0 12004.513243709802 0.21644187540141296 0.14322414900449582 54.0 73.0 0.0 
80355.81326653807 15184.686350520988 0.15737566669963177 0.04496171804133981 87.0 166.0 4.047141108585417 
77374.58986251555 10825.263614712565 0.11819264654337092 0.09378211716341213 94.0 114.0 3.911180773249739 
76599.58100779775 14653.472815613348 0.16443005825321652 0.035324836744964144 88.0 163.0 2.7976480836236934 
54870.0 9476.996595967536 0.07322713257965056 0.3237410071942446 58.0 93.0 2.734632683658171 
64040.0 8438.837282120863 0.17085183906438653 0.2813102119460501 77.0 82.0 2.068965517241379 
51515.0 10151.113205905373 0.07258487182178287 0.3468623944774816 49.0 83.0 0.4805491990846682 
61085.0 11609.014867072725 0.3031680353487647 0.20296644600092015 76.0 67.0 2.0 
50080.0 10867.071428571431 0.1907514450867052 0.2594733461785485 48.0 71.0 0.0 
71299.11004380013 15231.719433373411 0.16313423249839434 0.09377007064868337 66.0 105.0 2.975393028024607 
88375.50008364003 19098.00820878771 0.057803468208092484 0.0 89.0 211.0 4.768484042553192 
67165.58182849456 13037.656075311234 0.09634728218593541 0.1676300578034682 83.0 113.0 1.9940199335548172 
53930.0 12308.357210003524 0.09633911368015415 0.31920359666024406 50.0 86.0 0.4805491990846682 
62505.0 12440.263354176192 0.20680796403339757 0.15928066795118817 54.0 80.0 0.34285714285714286 
66980.0 9168.982466351319 0.18368657675016056 0.1348747591522158 71.0 80.0 2.4761904761904763 
82990.21158546142 15668.721138212055 0.1695652566333892 0.02697495183044316 91.0 177.0 3.1419458287190847 
102893.50759216367 8636.079158856279 0.10084789311408016 0.03789825282631038 117.0 92.0 1.0692307692307692 
55530.0 9490.139116202949 0.0847913741673878 0.3288423761403759 57.0 74.0 0.0 
68275.0 10233.431252098517 0.19013170965057416 0.11883350462487154 62.0 81.0 0.5115089514066496 
80600.0 13128.039517531242 0.1657245632065776 0.052672147995889006 67.0 91.0 1.1944444444444444 
38780.0 11996.155310513439 0.04816955684007707 0.41490044958253053 36.0 71.0 0.0 
52370.0 11706.131670195466 0.2254510159641192 0.244729728670611 49.0 69.0 0.0 
77565.0 9017.38737632132 0.12975301014348595 0.09378211716341216 97.0 94.0 3.4751175548589344 
78020.0 8487.13554688052 0.19845857418111754 0.06358381502890173 82.0 70.0 0.0 
60565.0 9481.716586833898 0.18627954779033915 0.17985611510791366 57.0 70.0 0.0 
86668.37044780025 15093.479715366475 0.0719413732387142 0.0 97.0 192.0 5.14937015503876 
80193.45895571439 11018.279889582316 0.1348747591522158 0.1014771997430957 93.0 112.0 3.768421052631579 
54870.0 9476.997041103697 0.0732271325796492 0.3237410071942936 58.0 93.0 2.734632683658171 
51515.0 10151.141286734815 0.07258478932200665 0.34686536446942545 49.0 83.0 0.4805491990846682 
63960.0 10545.474137931038 0.41168914579319205 0.1676300578034682 75.0 68.0 0.0 
48935.0 11992.505877742948 0.26141531055190026 0.2967365166496035 53.0 70.0 0.0 
71299.07816144131 15232.471775322028 0.16315518744155405 0.0937821156160114 66.0 105.0 2.975393028024607 
67165.58189582617 13037.653531437287 0.09635148969584918 0.16765159024506146 83.0 113.0 1.9940199335548172 
55105.0 12787.286870768938 0.1111111111111111 0.30057803468208094 53.0 93.0 0.8932476117830809 
63125.67486746534 12903.66962029112 0.2119460500963391 0.15221579961464354 57.0 81.0 0.7486631016042781 
64570.0 10720.121325866343 0.19013360739979443 0.15352004110996917 59.0 90.0 2.54066985645933 
102893.50759216367 8636.079158856279 0.10084789311408016 0.03789825282631038 117.0 92.0 1.0692307692307692 
55530.0 9490.139116202949 0.0847913741673878 0.3288423761403759 57.0 74.0 0.0 
68505.0 9578.110579536211 0.1811175337186898 0.11881824020552344 63.0 73.0 0.0 
80600.0 13128.039517531242 0.1657245632065776 0.052672147995889006 67.0 91.0 1.1944444444444444 
38780.0 11160.044199402328 0.04816955684007707 0.41490044958253053 39.0 71.0 0.0 
52370.0 11706.131670195466 0.2254510159641192 0.244729728670611 49.0 69.0 0.0 
83055.0 9429.973648066423 0.16441875401412973 0.07321772639691715 98.0 91.0 3.8270935960591133 
78020.0 8487.13554688052 0.19845857418111754 0.06358381502890173 82.0 70.0 0.0 
60565.0 9481.716586833898 0.18627954779033915 0.17985611510791366 57.0 70.0 0.0 
86667.49299248483 15094.284092808603 0.07194244590536143 0.0 97.0 192.0 5.14937015503876 
89698.18752277935 14630.04612911721 0.07966426198430189 2.3102904959269576E-5 109.0 175.0 4.696755319148935 
54870.0 9476.997041103697 0.0732271325796492 0.3237410071942936 58.0 93.0 2.734632683658171 
51515.0 10151.141286734815 0.07258478932200665 0.34686536446942545 49.0 83.0 0.4805491990846682 
69265.0 10029.917024903822 0.4329047084376932 0.1458052385504966 80.0 68.0 1.2727272727272727 
64910.0 9270.191637293561 0.22223616647534256 0.27427777018628824 61.0 75.0 0.0 
71299.07816144131 15232.471775322028 0.16315518744155405 0.0937821156160114 66.0 105.0 2.975393028024607 
54335.0 10950.44376069749 0.09313721607354909 0.3263100502257154 51.0 85.0 1.5507246376811594 
62835.0 12616.268199082713 0.2087567785906083 0.1573676658534412 63.0 86.0 0.9777777777777777 
64570.0 10720.305954170713 0.19013360739979437 0.15352004110996914 59.0 90.0 2.54066985645933 
102893.50759216367 8636.079158856279 0.10084789311408016 0.03789825282631038 117.0 92.0 1.0692307692307692 
55530.0 9490.139116202949 0.0847913741673878 0.3288423761403759 57.0 74.0 0.0 
70885.0 10178.110579536211 0.19717405266538215 0.10083493898522801 64.0 75.0 1.2 
80600.0 13128.039517531242 0.1657245632065776 0.052672147995889006 67.0 91.0 1.1944444444444444 
38780.0 11160.044199402328 0.04816955684007707 0.41490044958253053 39.0 71.0 0.0 
52370.0 11706.131670195466 0.2254510159641192 0.244729728670611 49.0 69.0 0.0 
108277.3183791971 8782.658647004217 0.10340398201669879 0.0032113037893384713 125.0 119.0 3.792307692307692 
78020.0 8487.13554688052 0.19845857418111754 0.06358381502890173 82.0 70.0 0.0 
60565.0 9481.716586833898 0.18627954779033915 0.17985611510791366 57.0 70.0 0.0 
86667.36840932717 15095.246396008934 0.07194244604314777 0.0 97.0 192.0 5.14937015503876 
54870.0 9476.997041103697 0.0732271325796492 0.3237410071942936 58.0 93.0 2.734632683658171 
51515.0 10151.141286734815 0.07258478932200665 0.34686536446942545 49.0 83.0 0.4805491990846682 
60080.0 11835.322730706495 0.2678227360308285 0.22671804752729607 64.0 68.0 2.0 
71299.07816144131 15232.471775322028 0.16315518744155405 0.0937821156160114 66.0 105.0 2.975393028024607 
54335.0 10950.44376069749 0.09313721607354909 0.3263100502257154 51.0 85.0 1.5507246376811594 
61375.0 12396.019412391051 0.3038188733913059 0.1644493614311071 59.0 75.0 0.0 
64570.0 10720.305954170713 0.19013360739979437 0.15352004110996914 59.0 90.0 2.54066985645933 
102893.50759216367 8636.079158856279 0.10084789311408016 0.03789825282631038 117.0 92.0 1.0692307692307692 
56950.0 10691.851617851882 0.09506391583677869 0.3192481522626165 54.0 93.0 1.4153318077803203 
65795.0 10001.99497359321 0.19845857418111754 0.14065510597302505 62.0 72.0 1.0952380952380953 
80600.0 13128.039517531242 0.1657245632065776 0.052672147995889006 67.0 91.0 1.1944444444444444 
38780.0 11160.044199402328 0.04816955684007707 0.41490044958253053 39.0 71.0 0.0 
53845.0 12145.499051069703 0.22992935131663456 0.2382787411689146 49.0 73.0 0.0 
108277.43851458782 8782.491188270327 0.10341726618683117 0.003211716341205937 125.0 119.0 3.792307692307692 
78020.0 8487.13554688052 0.19845857418111754 0.06358381502890173 82.0 70.0 0.0 
60565.0 9481.716586833898 0.18627954779033915 0.17985611510791366 57.0 70.0 0.0 
86934.33941073288 16398.810716025844 0.0693721653772664 0.0 99.0 190.0 4.905917774086379 
54870.0 9476.997041103697 0.0732271325796492 0.3237410071942936 58.0 93.0 2.734632683658171 
51515.0 10151.141286734815 0.07258478932200665 0.34686536446942545 49.0 83.0 0.4805491990846682 
59565.0 11552.160487494613 0.38088158705041 0.21581166115807526 66.0 65.0 0.0 
71299.07605723114 15232.701442220394 0.1631551901332616 0.09378211716321336 66.0 105.0 2.975393028024607 
69143.65641829025 13654.68257623162 0.2350674373795761 0.10211946050096339 73.0 104.0 2.8395721925133692 
90805.04783934997 12488.039647483787 0.14965401775050952 0.006422607578676943 83.0 105.0 3.779166666666667 
102893.50759216373 8636.079158856277 0.10084789311408016 0.03789825282631038 117.0 92.0 1.0692307692307692 
81205.0 9855.425201581309 0.10855601054182142 0.2524409002540581 81.0 109.0 2.4333333333333336 
65275.0 11084.013885180537 0.21579961464354527 0.14836223506743737 57.0 71.0 0.0 
80600.0 13128.039517531242 0.1657245632065776 0.052672147995889006 67.0 91.0 1.1944444444444444 
38780.0 11160.044199402328 0.04816955684007707 0.41490044958253053 39.0 71.0 0.0 
108277.432289373 8782.49817800652 0.1034172644806701 0.0032117162882195683 125.0 119.0 3.792307692307692 
80005.0 9063.433795243487 0.24857232298402537 0.057161207450359554 94.0 72.0 0.0 
90119.9486300059 16492.175374464598 0.04946554701173639 0.0 98.0 218.0 4.870037246153643 
51515.0 10151.141286734815 0.07258478932200665 0.34686536446942545 49.0 83.0 0.4805491990846682 
71299.07605723114 15232.701442220394 0.1631551901332616 0.09378211716321336 66.0 105.0 2.975393028024607 
90805.03128648992 12487.897919444562 0.14966597996374445 0.006423432576439137 83.0 105.0 3.779166666666667 
73140.0 8470.474458972565 0.16120745022479127 0.10725754656390495 78.0 70.0 0.0 
81205.0 9856.801535403667 0.10854206807964033 0.2524084778420039 81.0 109.0 2.4333333333333336 
74285.0 9781.268730750427 0.21772639691714837 0.09633911368015415 74.0 72.0 1.0869565217391304 
80600.0 13128.039517531242 0.1657245632065776 0.052672147995889006 67.0 91.0 1.1944444444444444 
71465.0 9023.928732996708 0.19717405266538215 0.11689145793192036 72.0 70.0 0.0 
90805.03128648992 12487.897919444562 0.14966597996374445 0.006423432576439137 83.0 105.0 3.779166666666667 
