98355.65750979025 10436.130239361039 0.09184328837508028 0.0 117.0 143.0 2.3229166666666665 
66010.0 8304.979206474094 0.20616570327552985 0.2588310854206808 74.0 75.0 0.0 
95048.08712460351 9789.142541099865 0.08028259473346179 0.0 116.0 141.0 2.764835164835165 
86405.06053112904 13129.063692833915 0.0674373795761079 0.0 87.0 138.0 2.5767486899065846 
120760.0 7785.670693473476 0.37636480411046885 0.0 128.0 103.0 1.9256038647342995 
98795.0 8012.094625244334 0.31920359666024406 0.1811175337186898 122.0 90.0 0.7076923076923077 
104315.0 6825.239358308267 0.36287732819524726 0.22864482980089917 106.0 83.0 1.1395348837209303 
111052.5 10315.792952759688 0.0680796403339756 0.0 118.0 154.0 2.987012987012987 
85600.0 8991.791997946086 0.2350674373795761 0.05073859987154785 94.0 74.0 0.0 
108682.54597102354 9871.94139976685 0.12074502247912652 0.0 126.0 122.0 2.08355629877369 
92285.04261984669 12167.897290959832 0.054592164418754016 0.0 100.0 148.0 2.440427154843631 
96392.07246798431 11523.191302736368 0.0674373795761079 0.0 103.0 147.0 2.6227543290043287 
126260.0 7882.810727046051 0.3596660244059088 0.11046885035324341 126.0 75.0 0.0 
89875.31301553248 10653.559278719284 0.2138728323699422 0.00449582530507386 106.0 108.0 0.9391464554803939 
151650.0 7445.786364421204 0.5170199100834939 0.037251123956326265 139.0 72.0 0.0 
164640.0 6270.933929426518 0.22736030828516376 0.0 176.0 123.0 2.924972129319955 
109879.99999999999 7841.208506160239 0.24855491329479767 0.016698779704560053 124.0 84.0 0.7003676470588236 
105944.51764705882 7864.418172210325 0.18689788053949905 0.029543994861913937 141.0 122.0 1.8500298151460943 
189680.0 7488.115026888467 0.37700706486833657 0.0 169.0 100.0 1.4941578682755154 
147840.0 7129.349629408056 0.41490044958253053 0.037251123956326265 139.0 77.0 0.0 
104867.49999999999 9946.238741138206 0.12716763005780346 0.0 123.0 142.0 2.702724358974359 
77545.0 8469.328509975403 0.3153500321130379 0.13230571612074501 86.0 76.0 0.0 
197760.0 5783.859146330878 0.34425176621708414 0.006422607578676943 179.0 94.0 2.2071895424836603 
123685.0 7996.430976970942 0.40141297366730894 0.1014771997430957 106.0 79.0 0.0 
57420.0 9169.755351129794 0.2241490044958253 0.3134232498394348 63.0 70.0 0.0 
63685.0 9028.121575040517 0.33911368015414256 0.3063583815028902 69.0 76.0 0.0 
128270.0 7004.408450704224 0.43159922928709055 0.030828516377649325 152.0 77.0 0.0 
69650.0 7823.366678670596 0.12074502247912652 0.2774566473988439 74.0 85.0 0.3939393939393939 
91795.0 8598.470608330157 0.24855491329479767 0.17533718689788053 105.0 88.0 0.7478260869565218 
111506.06202249037 12352.475891499522 0.05330764290301863 0.0 102.0 135.0 2.5305390448862473 
146090.00000000003 8751.357088941362 0.12395632626846499 0.0 126.0 110.0 1.5095545827253143 
131347.88210009117 7893.240827050504 0.17212588310854207 0.0 146.0 102.0 2.1466666666666665 
159070.0 4558.469236471458 0.4258188824662813 0.0 185.0 81.0 1.0625 
117545.0 8908.730275310709 0.15863840719332048 0.0032113037893384713 127.0 119.0 2.0368055555555555 
113200.34986918936 10963.472509951896 0.0680796403339756 0.0 111.0 136.0 2.2057906745075355 
138580.0 7716.369677719497 0.3436095054592164 0.0 150.0 105.0 1.1695075757575757 
79565.0 8368.514985156473 0.2658959537572254 0.1926782273603083 72.0 80.0 0.0 
131150.0 5793.590874506965 0.170199100834939 0.006422607578676943 145.0 81.0 1.0666666666666667 
83994.93929887035 12498.341425830557 0.08798972382787412 0.0 91.0 155.0 2.6565656565656566 
82580.0 10521.032684657564 0.19974309569685292 0.026332691072575465 73.0 76.0 0.0 
134550.0 6977.727518336546 0.15093127809890816 0.0 144.0 101.0 1.3333333333333333 
54320.0 8420.38108638935 0.15542710340398203 0.35260115606936415 69.0 76.0 0.0 
112870.0 7526.354453627178 0.1676300578034682 0.010918432883750802 117.0 77.0 0.0 
127716.2427137419 9355.227778195735 0.07193320488118175 0.0 131.0 118.0 2.0241695177132764 
142110.0 7592.535307533211 0.11753371868978806 0.0 139.0 107.0 1.3571496891439503 
114912.22198812047 6659.514983710298 0.1894669235709698 0.0 129.0 95.0 1.5333333333333334 
107855.0 7899.939310456778 0.12973667308927425 0.12267180475272961 120.0 117.0 1.4180083482409063 
50005.0 8628.061224489793 0.13872832369942195 0.3815028901734104 57.0 76.0 0.0 
174220.0 7835.366902347427 0.37700706486833657 0.0032113037893384713 156.0 92.0 0.5928509154315607 
100640.0 7556.6562232467795 0.2742453436095055 0.06101477199743096 125.0 85.0 0.12512218963831867 
154138.33445224163 7412.349392184201 0.3583815028901734 0.0 177.0 98.0 1.2788807189542484 
106885.0 5633.134649002715 0.14065510597302505 0.03789338471419396 125.0 79.0 0.0 
115690.0 9179.802761938447 0.13037893384714194 0.006422607578676943 123.0 134.0 1.7886473429951693 
75330.0 11099.259230430527 0.22736030828516376 0.1926782273603083 77.0 118.0 1.698830409356725 
61245.0 8820.841630961719 0.14322414900449582 0.28644829800899163 66.0 79.0 0.0 
100584.85864397835 9661.517167783104 0.07321772639691715 0.0 129.0 132.0 2.313431013431013 
87455.90643033876 10414.094151352661 0.10340398201669879 0.0 98.0 114.0 1.4043189368770765 
107251.24524009632 11909.602606301754 0.07771355170199101 0.0 106.0 131.0 2.2283823198613293 
59850.0 7245.102142147819 0.1682723185613359 0.3301220295439949 71.0 79.0 0.0 
83150.0 7503.5538397004675 0.2691072575465639 0.23185613359023763 98.0 83.0 0.0 
91630.0 6638.221410364298 0.26011560693641617 0.2113037893384714 110.0 91.0 1.2666666666666666 
156185.0 5709.231825408293 0.22607578676942838 0.021836865767501604 173.0 82.0 1.0666666666666667 
86075.0 6427.723874295473 0.15285806037251123 0.08670520231213873 110.0 86.0 1.5999999999999999 
129563.5653739333 10051.222751031415 0.06294155427103404 0.0 134.0 137.0 3.0910986032937253 
134209.4624950408 9254.042198292904 0.08349389852280026 0.0 127.0 117.0 2.329480843828046 
144380.0 5940.317024422745 0.15285806037251123 0.006422607578676943 160.0 117.0 2.0594202898550726 
131854.8375952674 10532.225652789703 0.06229929351316635 0.0 122.0 122.0 2.709110473457676 
137209.54384970694 9883.524895939847 0.1355170199100835 0.0 124.0 98.0 0.7004377736085053 
118890.0 10179.06620590489 0.10211946050096339 0.0 121.0 127.0 1.5618297101449277 
72710.0 9373.051184408438 0.34938985228002567 0.18754014129736674 74.0 72.0 0.0 
59300.0 9375.529453087871 0.13680154142581888 0.29543994861913936 59.0 79.0 0.0 
123341.17080403963 10089.63397468157 0.08863198458574181 0.0 120.0 123.0 2.069167399453881 
89600.0 7174.34694787749 0.27488760436737314 0.010276172125883108 112.0 77.0 1.2 
98400.0 6188.362723132753 0.2543352601156069 0.10404624277456648 119.0 81.0 1.08 
139480.84679078034 11173.15265585254 0.08156711624919717 0.0 118.0 119.0 1.891036064206796 
88679.70838490422 12854.107704180744 0.05394990366088632 0.0 90.0 145.0 2.698051948051948 
63775.0 6742.245948734054 0.1464354527938343 0.30700064226075785 84.0 88.0 1.0515151515151515 
56400.0 7175.910957353941 0.1123956326268465 0.371868978805395 68.0 81.0 0.0 
68710.0 9883.883733902501 0.13423249839434812 0.24084778420038536 68.0 101.0 2.0498655913978494 
194060.0 5814.557432602331 0.36287732819524726 0.0 187.0 118.0 2.5236111111111112 
182365.0 8200.644558486032 0.35067437379576105 0.00449582530507386 165.0 97.0 0.4277777777777778 
95910.0 6407.889943139482 0.2119460500963391 0.023121387283236993 117.0 81.0 1.2285714285714286 
51920.0 11315.70717479938 0.1123956326268465 0.371868978805395 64.0 115.0 1.65 
44875.0 8411.140395177075 0.17726396917148363 0.5028901734104047 54.0 71.0 0.0 
118455.0 6264.545060608507 0.12909441233140656 0.12267180475272961 145.0 116.0 1.4837606837606838 
133045.0 5314.305048044389 0.3622350674373796 0.03789338471419396 150.0 76.0 0.0 
158015.0 7677.287328731278 0.3737957610789981 0.0 170.0 89.0 0.530448717948718 
47315.0 8152.990339737324 0.09826589595375723 0.42324983943481054 58.0 77.0 0.0 
81553.91791304448 13091.868018290554 0.10533076429030186 0.0 83.0 130.0 2.052624458874459 
179190.0 7140.559106822698 0.45536287732819525 0.0 160.0 86.0 1.0246439628482973 
84147.94635268197 14564.029488019156 0.12973667308927425 0.0 82.0 140.0 3.184657203261854 
91462.57596293518 14622.235657118272 0.09633911368015415 0.0 80.0 133.0 2.7811766348768248 
114800.48924966015 12855.902885961663 0.05009633911368015 0.0 100.0 140.0 2.5939817296524614 
122615.0 5737.868846381973 0.20423892100192678 0.029543994861913937 143.0 81.0 0.0 
52355.0 6920.783132530118 0.10918432883750803 0.3815028901734104 66.0 79.0 0.0 
79965.0 6381.174289702361 0.13230571612074501 0.2691072575465639 92.0 92.0 1.2111111111111112 
192065.0 5066.794906833013 0.33269107257546565 0.03789338471419396 175.0 85.0 0.4444444444444444 
74425.0 6660.283431308721 0.1361592806679512 0.28644829800899163 85.0 90.0 1.123931623931624 
71485.0 6879.1875503869105 0.1811175337186898 0.2691072575465639 82.0 86.0 1.4666666666666668 
142025.0 10077.023222475675 0.08670520231213873 0.0 121.0 112.0 1.4465916197623514 
68105.0 6746.707025136497 0.16570327552986513 0.28644829800899163 80.0 82.0 0.3307692307692308 
103887.08326619999 12602.36185038064 0.046242774566473986 0.0 97.0 145.0 2.567903798233029 
126665.0 5179.047184458455 0.14065510597302505 0.03789338471419396 141.0 79.0 0.0 
150865.0 5077.755860447564 0.3436095054592164 0.03789338471419396 163.0 79.0 0.11794871794871795 
41080.0 11174.962948477802 0.19460500963391136 0.46692357096981374 52.0 79.0 0.0 
120361.10550573433 11753.178486731367 0.05202312138728324 0.0 114.0 148.0 2.3558864915572233 
42400.0 8970.258243773094 0.25112395632626844 0.46692357096981374 54.0 71.0 0.0 
44310.0 11178.27206198881 0.1817597944765575 0.4733461785484907 51.0 80.0 0.0 
79471.0278616058 11790.667474515927 0.11689145793192036 0.009633911368015413 83.0 114.0 1.1150603782182729 
60705.0 11012.774047339926 0.07257546563904946 0.31920359666024406 57.0 99.0 1.4208333333333334 
66510.0 11629.10808847206 0.11303789338471419 0.23314065510597304 66.0 97.0 0.9543589743589744 
38960.0 9557.49147634991 0.15350032113037893 0.5080282594733462 50.0 77.0 0.0 
