139035.0 7221.303786339348 0.3853564547206166 0.11946050096339114 133.0 73.0 0.0 
87111.17549165335 11955.337745268413 0.13872832369942195 0.0 98.0 136.0 2.088602150537634 
134550.0 5501.747722078693 0.21066152858060372 0.0 144.0 81.0 1.0512820512820513 
71585.28492944664 10064.664899829868 0.38856775850995506 0.262684649967887 77.0 95.0 1.7149999999999999 
117462.96421131588 9816.345399723014 0.10982658959537572 0.0 133.0 129.0 2.3750585284280934 
95270.0 7021.1541665818095 0.14836223506743737 0.12267180475272961 125.0 107.0 2.3913151364764267 
55505.0 8653.585076572745 0.1817597944765575 0.3371868978805395 60.0 77.0 0.0 
112413.8422343739 8407.239486045039 0.2023121387283237 0.0 130.0 126.0 2.4114158305462654 
90015.49464438812 11453.598992790477 0.23442517662170842 0.020552344251766216 87.0 99.0 0.6962649753347427 
115088.99831207181 9184.067859879315 0.11368015414258188 0.0 132.0 105.0 1.0112384069830878 
100732.29304887854 9622.792471492998 0.14258188824662812 0.0 121.0 130.0 2.336677115987461 
71275.0 7992.981559869606 0.24534360950545922 0.18432883750802825 86.0 74.0 0.0 
95130.0 8894.555691206544 0.17790622992935132 0.010276172125883108 120.0 114.0 1.7974358974358975 
158125.0 6770.868231265475 0.34296724470134876 0.10982658959537572 139.0 72.0 0.0 
76370.0 8755.591813204614 0.09762363519588953 0.287732819524727 80.0 100.0 1.274062968515742 
78890.0 8353.669136385884 0.3943481053307643 0.287732819524727 85.0 71.0 0.0 
98452.31199999349 9666.01115671036 0.19653179190751446 0.023121387283236993 107.0 108.0 0.7665770609318997 
181840.0 7192.233899641027 0.3346178548490687 0.035324341682723186 170.0 88.0 0.436046511627907 
105691.77929258844 10864.971504685693 0.35260115606936415 0.0 98.0 97.0 0.6791834536399753 
132327.6550924765 8756.126723995041 0.13102119460500963 0.0 148.0 114.0 1.5730072463768114 
146565.0 7890.621340382104 0.2691072575465639 0.09890815671162492 130.0 70.0 0.0 
86226.02591998182 8940.315972049319 0.2491971740526654 0.010276172125883108 123.0 107.0 2.0789743589743592 
107532.20892580412 10983.981772125659 0.08028259473346179 0.0 108.0 132.0 2.351406350741457 
135110.44600782963 8536.081473294125 0.13937058445728967 0.0 163.0 136.0 2.5987648221343873 
72526.89273991674 11986.545493247739 0.12716763005780346 0.17790622992935132 74.0 108.0 1.5552884615384615 
119000.0 7480.5207569162785 0.31213872832369943 0.17662170841361594 118.0 74.0 0.4583333333333333 
53715.0 8567.961825002358 0.2729608220937701 0.3956326268464997 62.0 78.0 0.0 
84233.84544473985 12133.471139672545 0.09312780989081568 0.0 87.0 132.0 2.025174825174825 
105140.0 7147.568395873055 0.3686576750160565 0.262684649967887 89.0 82.0 1.9105882352941177 
92988.60119448142 9543.674355630199 0.05073859987154785 0.0 132.0 158.0 2.8461388568805446 
126350.0 8060.142332326609 0.2035966602440591 0.0 126.0 99.0 1.6521739130434783 
102720.0 8375.875641653518 0.1464354527938343 0.006422607578676943 99.0 89.0 1.325 
94215.29662001427 11366.990415924738 0.08156711624919717 0.0 113.0 146.0 1.7133287423274008 
92615.0 6330.663324602867 0.3018625561978163 0.12138728323699421 109.0 76.0 1.1764705882352942 
88135.0 8165.843991767592 0.20745022479126526 0.09120102761721259 93.0 77.0 0.3125 
84605.0 8043.9790390464295 0.24405908798972384 0.21644187540141296 116.0 97.0 1.2737799834574028 
89960.81692182744 9203.145885896549 0.18368657675016056 0.0 107.0 103.0 0.9217391304347826 
104698.64171826016 9140.680405854673 0.24791265253692998 0.0032113037893384713 116.0 97.0 0.34448160535117056 
92109.73977149095 11208.098426244691 0.06872190109184328 0.0 99.0 137.0 2.069230769230769 
103024.8733621584 10611.486654258168 0.3500321130378934 0.006422607578676943 94.0 92.0 0.1492921492921493 
74045.0 8469.97406255464 0.1920359666024406 0.2928709055876686 80.0 71.0 0.0 
124150.0 8070.496894409937 0.3333333333333333 0.17212588310854207 129.0 72.0 0.0 
65915.0 9138.045403250384 0.22157996146435452 0.2780989081567116 65.0 77.0 0.0 
107482.64811391177 8793.7557692073 0.09569685292228645 0.0 141.0 158.0 2.881909256837746 
149705.0 7092.022746062792 0.3416827231856134 0.1361592806679512 152.0 78.0 0.0 
59975.0 8708.012264204926 0.13680154142581888 0.3037893384714194 58.0 74.0 0.0 
109265.0 7466.20230410136 0.21066152858060372 0.01991008349389852 117.0 79.0 0.0 
81525.42887224618 9330.59645845141 0.16506101477199744 0.05908798972382787 108.0 111.0 1.1206349206349207 
46300.0 7993.559000212788 0.1579961464354528 0.4932562620423892 55.0 71.0 0.0 
83690.0 9758.986846068883 0.22992935131663456 0.035324341682723186 82.0 78.0 0.0 
111559.23422502846 10797.842251103082 0.0905587668593449 0.0 128.0 129.0 2.5313238770685578 
109254.80947119996 9839.283082365666 0.07642903018625562 0.0 130.0 139.0 2.6481145676624402 
116285.0 7766.904824636175 0.32755298651252407 0.09826589595375723 125.0 74.0 0.0 
96089.03492743241 11892.791007935204 0.08092485549132948 0.0 92.0 133.0 2.195238095238095 
121590.0 5894.44551402031 0.13872832369942195 0.05330764290301863 149.0 99.0 2.152173913043478 
62560.0 7450.332030647339 0.17597944765574824 0.31856133590237634 69.0 79.0 1.0666666666666667 
141170.0 7182.785602503916 0.4746307000642261 0.010276172125883108 126.0 70.0 0.0 
192065.0 5066.794906833013 0.33269107257546565 0.03789338471419396 175.0 85.0 0.4444444444444444 
92954.36584018145 13854.016434222198 0.09120102761721259 0.0 86.0 135.0 2.235092864125122 
128000.0 6674.985084935796 0.15157353885677585 0.0 137.0 105.0 1.9104895104895105 
98400.0 6471.709775205885 0.2543352601156069 0.10404624277456648 119.0 87.0 1.5333333333333332 
147780.0 5792.469437026222 0.14129736673089274 0.0 166.0 97.0 2.0253356777493607 
62875.0 9594.182486836711 0.07514450867052024 0.3281952472703918 66.0 92.0 0.7871064467766118 
68830.0 7758.948667559717 0.1901091843288375 0.28580603725112397 75.0 82.0 0.5846153846153846 
143275.0 7917.540189385597 0.271034039820167 0.10083493898522801 128.0 72.0 0.0 
131570.0 5775.605073206494 0.1682723185613359 0.006422607578676943 145.0 90.0 1.2564102564102564 
114270.0 6110.795079459628 0.21066152858060372 0.0 127.0 87.0 1.3478260869565217 
99104.29945185348 11876.583204052089 0.0905587668593449 0.0 107.0 130.0 2.1932896890343696 
82255.32495003115 12364.119217029694 0.15093127809890816 0.0 76.0 106.0 0.5488721804511278 
68263.53478324544 9447.977090521568 0.394990366088632 0.2254335260115607 88.0 85.0 0.0 
130305.0 7417.61526023384 0.2222222222222222 0.006422607578676943 133.0 81.0 0.0 
164310.0 5725.238926810833 0.3937058445728966 0.006422607578676943 172.0 80.0 1.0606060606060606 
112766.3080752629 12487.744831809787 0.05908798972382787 0.0 113.0 175.0 2.3813157207845475 
161240.0 6642.675233216948 0.38856775850995506 0.0 168.0 93.0 0.975 
196263.10847350178 7233.6218797775255 0.34617854849068724 0.0 174.0 103.0 0.7521367521367521 
50005.0 8628.061224489793 0.13872832369942195 0.3815028901734104 57.0 76.0 0.0 
105409.39076031552 12926.93104250126 0.08413615928066795 0.0 99.0 152.0 2.063464837049743 
120697.847159572 10648.995584891005 0.10918432883750803 0.0 124.0 126.0 1.3704004098010756 
90425.0 6609.076125139693 0.3018625561978163 0.12780989081567115 106.0 75.0 1.08 
79965.0 6672.261199758195 0.13230571612074501 0.2691072575465639 92.0 97.0 2.4444444444444446 
86895.0 6348.803470763789 0.19781631342324985 0.1579961464354528 107.0 82.0 0.0 
102190.0 6178.444694506123 0.12716763005780346 0.24470134874759153 133.0 117.0 3.148009153318078 
137100.0 5784.614771348322 0.17212588310854207 0.006422607578676943 151.0 82.0 1.0606060606060606 
74990.0 11562.116929381755 0.13230571612074501 0.17790622992935132 72.0 101.0 1.141025641025641 
87242.2230244984 14570.814354789425 0.09955041746949261 0.0 85.0 167.0 2.3140587878077623 
187525.0 6883.175301859421 0.44315992292870904 0.028259473346178548 154.0 72.0 0.0 
167970.0 7042.22871552656 0.3821451509312781 0.0783558124598587 155.0 77.0 0.0 
57430.0 9896.114426569797 0.19910083493898523 0.3012202954399486 53.0 71.0 0.0 
145590.0 5779.478277643052 0.15478484264611433 0.006422607578676943 162.0 88.0 1.4144021739130435 
73340.0 6509.581470495238 0.07064868336544637 0.3262684649967887 90.0 84.0 1.2173913043478262 
171660.0 7341.97187704382 0.3872832369942196 0.014129736673089274 174.0 78.0 0.0 
51985.0 9496.058473393983 0.22992935131663456 0.27874116891457934 56.0 65.0 0.0 
128029.95522424899 10834.320787865903 0.08413615928066795 0.0 118.0 124.0 2.2525319396051104 
38960.0 9557.49147634991 0.15350032113037893 0.5080282594733462 50.0 77.0 0.0 
106885.0 5633.134649002715 0.14065510597302505 0.03789338471419396 125.0 79.0 0.0 
79471.03053054068 11790.759363741468 0.11689145793192036 0.009633911368015413 83.0 114.0 1.1150603782182729 
52355.0 6920.783132530118 0.10918432883750803 0.3815028901734104 66.0 79.0 1.0666666666666667 
66965.0 6879.4854392795605 0.16184971098265896 0.2691072575465639 83.0 83.0 1.5666666666666667 
150865.0 5077.755860447564 0.3436095054592164 0.03789338471419396 163.0 79.0 0.11794871794871795 
177915.0 5759.816131515782 0.40783558124598585 0.002569043031470777 201.0 81.0 0.0 
60325.0 10943.896714117622 0.07321772639691715 0.32048811817597944 56.0 97.0 1.3333333333333333 
139895.0 5112.209040081348 0.1233140655105973 0.03789338471419396 155.0 86.0 0.3855072463768116 
81102.57287585895 14561.216962255117 0.10468850353243417 0.0 85.0 155.0 2.3096496526729084 
126665.0 5179.047184458455 0.14065510597302505 0.03789338471419396 141.0 79.0 0.0 
41500.0 8401.08771521638 0.1579961464354528 0.4932562620423892 51.0 70.0 0.0 
43940.0 9454.155610083219 0.13423249839434812 0.5016056518946692 48.0 78.0 0.0 
64545.0 6518.277110285094 0.05394990366088632 0.3583815028901734 83.0 83.0 1.2173913043478262 
174850.0 6920.504345136143 0.42196531791907516 0.06679511881824021 146.0 72.0 0.0 
82325.0 6443.290614539954 0.10404624277456648 0.28901734104046245 104.0 93.0 2.0478260869565217 
56830.0 6802.185318242135 0.13102119460500963 0.3519588953114965 75.0 89.0 1.8833333333333333 
159070.0 4582.341873160268 0.4258188824662813 0.0 185.0 83.0 2.1513888888888886 
66749.96352272859 11355.305528672206 0.10597302504816955 0.2543352601156069 67.0 106.0 2.1333333333333333 
