99003.72855028899 8690.168049722008 0.08798972382787412 0.0 124.0 140.0 3.0562795525314264 
45105.0 8892.786744954527 0.12461459403908443 0.3635662898252826 50.0 68.0 0.22424242424242424 
82445.0 8456.18369196412 0.24663704197210073 0.03147077713551702 89.0 67.0 0.1719298245614035 
56670.0 9083.343778082331 0.2382787411689146 0.20745022479126526 62.0 71.0 0.0 
116360.0 6318.840513386228 0.16121768151136306 1.9465769398057794E-13 118.0 88.0 2.1392572944297084 
95200.0 7484.983192805806 0.23121387283236994 0.035324341682723186 90.0 66.0 0.0 
84165.0 8605.413239101223 0.12909441233140656 0.03018625561978163 95.0 74.0 0.13247863247863248 
87548.28912796786 8713.744185415495 0.09955041746949261 0.0 98.0 116.0 2.3984392419175027 
86515.0 6241.718764887179 0.15285806037251123 0.08670520231213873 106.0 83.0 1.8231653404067196 
92608.61856901117 8712.93060744764 0.10984070282219903 1.7697447178718844E-9 121.0 120.0 1.5753506550920344 
69555.0 7858.632620743771 0.12267180475272961 0.2581888246628131 68.0 78.0 1.4554655870445343 
85830.0 7105.316667038846 0.22286448298008993 0.2594733461785485 91.0 78.0 1.0625 
66260.0 7600.413602941177 0.07515498747758799 0.35328731238898353 74.0 72.0 0.0 
71545.0 7228.333492799951 0.2980089916506101 0.12780989081567115 83.0 79.0 1.513157894736842 
81530.0 8223.903519688985 0.3494003297516055 0.10725754656390495 95.0 72.0 0.17422867513611615 
65695.0 8005.852978995481 0.2697495183044316 0.16249197174052665 69.0 75.0 0.402046783625731 
77891.99524091043 10013.922438957617 0.13359023763648042 0.09184328837508028 71.0 83.0 1.4595141700404857 
83378.6090823988 10840.781923615245 0.10211946050096339 6.422607578676942E-4 91.0 113.0 0.6898601398601398 
77375.0 8891.74997330889 0.2003853564547206 0.07321772639691715 81.0 75.0 0.3485576923076923 
64400.0 9656.117880290414 0.11046885035324341 0.2806679511881824 61.0 76.0 0.45546558704453444 
70935.0 9241.030817161723 0.22286448298008993 0.10276172125883108 71.0 75.0 0.3835227272727273 
112409.08101571948 8361.159724126246 0.17533718689788053 0.03275529865125241 101.0 95.0 1.843972204266322 
105620.0 9170.967729821092 0.08352359844223922 4.537487692064635E-6 99.0 118.0 1.6796887598774393 
100643.5132098087 7362.507920042328 0.16056518946692358 0.018625561978163133 102.0 80.0 0.4096989966555184 
100775.0 7609.73988752181 0.22992935131663456 0.21901091843288376 95.0 70.0 0.0 
78335.0 8340.698576237019 0.14129736673089274 0.1014771997430957 75.0 71.0 0.45546558704453444 
45105.0 8794.934994582882 0.13874614594039053 0.3635662898252826 50.0 66.0 0.0 
81800.0 8743.745360144441 0.24470134874759153 0.06551059730250482 96.0 70.0 0.0 
56670.0 9083.343778082331 0.2382787411689146 0.20745022479126526 62.0 71.0 0.0 
116360.0 6318.849466805418 0.1612281589828531 2.500419961214874E-17 118.0 88.0 2.1392572944297084 
95200.0 7484.983192805806 0.23121387283236994 0.035324341682723186 90.0 66.0 0.0 
85880.0 8632.910518795907 0.17148362235067438 0.01348747591522158 90.0 74.0 0.14358974358974358 
87548.28843094825 8713.771678470132 0.09956320493480661 0.0 98.0 116.0 2.3984392419175027 
80795.0 7804.373422796292 0.1361592806679512 0.07064868336544637 92.0 81.0 1.8845206517620308 
93770.0 9777.448700089099 0.14836223506743737 0.006422607578676943 107.0 124.0 1.3768485466598674 
74555.0 7257.331462444191 0.14195654286773296 0.22607578700256842 75.0 78.0 1.4837730707295926 
66260.0 7600.413602941177 0.07515416249036322 0.35328879734263186 74.0 72.0 0.0 
71545.0 7228.333492799951 0.2980089916506101 0.12780989081567115 83.0 79.0 1.513157894736842 
74755.0 7205.857010159086 0.38024039834454765 0.12203375264914922 88.0 70.0 1.2 
58990.0 8635.003468419987 0.29030186255619783 0.29030186255619783 62.0 77.0 0.4805491990846682 
77890.47243016108 10017.397800561683 0.13359023763648042 0.09184328837508028 71.0 83.0 1.4595141700404857 
86786.89418401045 11493.759923431948 0.09378211716339305 0.0 89.0 124.0 0.8385324820107429 
82720.0 9131.244880069604 0.14773276341767214 0.019267822736030827 95.0 86.0 0.8445328617742411 
64400.0 9656.117880290414 0.11046885035324341 0.2806679511881824 61.0 76.0 0.45546558704453444 
67455.0 9497.289037224424 0.3114964675658317 0.12780989081567115 74.0 76.0 0.4355716878402904 
112409.08101571948 8361.159724126246 0.17533718689788053 0.03275529865125241 101.0 95.0 1.843972204266322 
100643.48564601585 7363.1638711047935 0.16056518946692358 0.018625561978163133 102.0 80.0 0.4096989966555184 
88709.44205963479 9888.278604126037 0.16057607943738456 0.00449582530507386 85.0 85.0 0.5635451505016722 
45105.0 8794.934994582882 0.13874614594039053 0.3635662898252826 50.0 66.0 0.0 
56670.0 9083.343778082331 0.2382787411689146 0.20745022479126526 62.0 71.0 0.0 
116360.0 6318.849466805418 0.1612281589828531 2.500419961214874E-17 118.0 88.0 2.1392572944297084 
95200.0 7484.983192805806 0.23121387283236994 0.035324341682723186 90.0 66.0 0.0 
83275.0 8768.595041322318 0.16634553628773283 0.03211303789338472 94.0 73.0 0.0 
88089.84818257712 10359.330445969985 0.0693717528041976 0.0 96.0 133.0 2.614589851476247 
84495.0 7847.896333598394 0.13937058445728967 0.056518946692357096 103.0 92.0 2.1495131555101565 
89687.3288675761 9734.757593928154 0.09058830177923143 9.734973593884127E-6 117.0 134.0 1.965042214940795 
68375.0 8058.280858474418 0.08156711624919717 0.3416827231856134 79.0 87.0 1.6012989203778678 
66440.0 7862.994551867552 0.07322713257965056 0.35328879753340187 74.0 75.0 0.3721804511278195 
71545.0 8458.385831579759 0.2980089916506101 0.12780989081567115 82.0 83.0 1.8020467836257308 
74755.0 7168.90652100237 0.380218368657675 0.12202954399486192 88.0 74.0 1.2758620689655173 
81375.0 8106.481737610652 0.23830382238337183 0.32309865859490217 86.0 77.0 0.0 
77890.67407965838 10016.937506373051 0.13360739758993403 0.09185508584307964 71.0 83.0 1.4595141700404857 
86787.11789364021 11493.803728025609 0.09378211701485152 0.0 89.0 124.0 0.8385324820107429 
75865.0 8231.312182277645 0.1901091843288375 0.11881824020552344 92.0 67.0 0.17320261437908496 
64400.0 9656.117880290414 0.11046885035324341 0.2806679511881824 61.0 76.0 0.45546558704453444 
67430.0 10171.892846172286 0.30892742453436095 0.12780989081567115 75.0 82.0 0.4355716878402904 
102603.83623079892 9750.997346994012 0.1920359666024406 0.0 95.0 103.0 2.103790412486065 
100643.48564601585 7363.1638711047935 0.16056518946692358 0.018625561978163133 102.0 80.0 0.4096989966555184 
106925.0 9506.002812798388 0.1201324616406978 0.006427145066369008 89.0 99.0 0.9696419932268989 
45105.0 8794.934994582882 0.13874614594039056 0.36356628982528255 50.0 66.0 0.0 
56670.0 9083.343778082331 0.2382787411689146 0.20745022479126526 62.0 71.0 0.0 
116360.0 6318.849466805418 0.1612281589828531 2.500419961214874E-17 118.0 88.0 2.1392572944297084 
95200.0 7484.983192805806 0.23121387283236994 0.035324341682723186 90.0 66.0 0.0 
83425.0 8818.078627129917 0.16507413223641632 0.007707211594188551 88.0 79.0 0.29743589743589743 
93925.29885333256 9495.573082893041 0.0867259124162272 4.125681745092809E-25 106.0 126.0 2.3792226963441356 
89455.0 7067.560302597987 0.20488118175979447 0.03275529865125241 102.0 91.0 1.9323607427055702 
68375.0 8058.117252202005 0.08157751302253735 0.3417269482371365 79.0 87.0 1.6012989203778678 
66440.0 7862.994551867552 0.07322713257965056 0.35328879753340187 74.0 75.0 0.3721804511278195 
75665.0 7738.584877011012 0.37700706486833657 0.1361592806679512 82.0 70.0 0.0 
77890.67407965838 10016.937506373051 0.13360739758993403 0.09185508584307964 71.0 83.0 1.4595141700404857 
86787.11789364021 11493.803728025609 0.09378211701485152 0.0 89.0 124.0 0.8385324820107429 
87585.0 9049.837861369324 0.1676300578034682 0.007707129094412331 93.0 86.0 1.067445054945055 
64400.0 9656.117880290414 0.11046885035324341 0.2806679511881824 61.0 76.0 0.45546558704453444 
71835.0 8807.516349919846 0.3346178548490687 0.09184328837508028 77.0 72.0 0.4805491990846682 
99393.3106248174 9477.94366710736 0.10982658959537572 6.422607578676942E-4 100.0 114.0 2.1468414626309364 
100643.48564601585 7363.1638711047935 0.16056518946692358 0.018625561978163133 102.0 80.0 0.4096989966555184 
102870.0 9347.415962910716 0.12397447621923326 0.026986996797771185 96.0 101.0 1.6277472527472527 
45105.0 8794.934994582882 0.13874614594039056 0.36356628982528255 50.0 66.0 0.0 
56670.0 9083.343778082331 0.2382787411689146 0.20745022479126526 62.0 71.0 0.0 
116360.0 6318.851134650262 0.16122816032870685 3.2118432385547517E-21 118.0 88.0 2.1392572944297084 
95200.0 7484.983192805806 0.23121387283236994 0.035324341682723186 90.0 66.0 0.0 
87435.0 8428.948802096893 0.17342393632572908 0.007707129094412331 94.0 77.0 0.14358974358974358 
92257.77850617161 10020.04860896113 0.07193320488118175 0.0 107.0 141.0 2.438907469342252 
88889.15615506837 8131.591826516216 0.1785714285710501 0.004496402877688313 110.0 98.0 1.6898858263176102 
66440.0 7862.994675014386 0.07322713257966826 0.35328879753337733 74.0 75.0 0.3721804511278195 
72000.0 8018.548519876322 0.38026192853951885 0.12204381645614786 86.0 70.0 1.1724137931034484 
77890.67407965838 10016.937506373051 0.13360739758993403 0.09185508584307964 71.0 83.0 1.4595141700404857 
86787.11789364021 11493.803728025609 0.09378211701485152 0.0 89.0 124.0 0.8385324820107429 
83402.5 10173.857653558605 0.1438664097623635 0.005780346820809248 89.0 98.0 1.2230769230769232 
64400.0 9656.117880290414 0.11046885035324341 0.2806679511881824 61.0 76.0 0.45546558704453444 
75150.0 8699.314652154764 0.3346178548490687 0.09184328837508028 76.0 71.0 0.4805491990846682 
100643.46316049874 7363.699444872589 0.16056518946692358 0.018625561978163133 102.0 80.0 0.4096989966555184 
115565.73577103509 7959.802462852282 0.1355170199100835 0.0 122.0 95.0 2.034412955465587 
88595.0 7962.272430706662 0.23121387283236994 0.035324341682723186 85.0 65.0 0.0 
110413.0916699307 9418.624967234557 0.09507199961720104 0.0 117.0 146.0 2.782051282051282 
45105.0 8794.934994582882 0.13874614594039053 0.3635662898252826 50.0 66.0 0.0 
81110.0 8452.71707901102 0.40143368242537075 0.10725754656390497 92.0 70.0 0.0 
66200.0 7635.569852941177 0.0789980732177264 0.35324341682723187 74.0 69.0 0.0 
94021.12822747699 12955.043460099743 0.14258188824662812 0.0 80.0 113.0 2.4530756599722117 
62120.0 9261.036049909864 0.3012374575976352 0.19975489468026242 68.0 69.0 0.5964912280701754 
100643.4634539876 7363.69245164539 0.1605858144109784 0.018627954471673494 102.0 80.0 0.4096989966555184 
91633.75 10092.384271641427 0.24152065237523043 0.0 100.0 87.0 1.1536483253588516 
