5.485098553139079E7 37099.69121063485 0.22248346637068642 2.5610963059473977E-8 58606.0 1573.0 12.514604084188463 
6.124672639068695E7 33375.20892584637 0.39232804825361706 0.009241136555963389 62014.0 1048.0 9.475412407211904 
1.8336118041287042E7 36666.13827538484 0.42801547572161175 0.34942917811026847 17814.0 619.0 5.828871919810249 
5.544244741164538E7 36375.53569991926 0.23098185547170447 4.6177513870323284E-15 59296.0 1448.0 12.16788103543119 
5.129715860185625E7 35879.361402941875 0.3558828005421492 4.139692993847373E-7 58514.0 1355.0 11.00104887686879 
4.567175514447277E7 37965.41628727214 0.3877489899775805 0.030853974467466527 46390.0 1085.0 8.369207275416166 
2.2237272829733964E7 35614.10825983157 0.3945814736653928 0.3553530993400659 20707.0 680.0 6.082494925368811 
4.86814951751986E7 42538.484824682106 0.2143324873543637 3.5690335997656344E-9 50847.0 1646.0 12.138562339212053 
4.819498135950707E7 36384.29896492459 0.3204758471643891 0.004189717341759961 50962.0 1165.0 10.06561485607866 
1.6829513357242197E7 35170.134441690214 0.36393505749898747 0.42552877595081895 16474.0 631.0 5.8383673571887655 
6.414557379500765E7 32784.99695139059 0.4179177977192872 6.593395183187361E-4 68140.0 1082.0 10.083052217326927 
4.7834818476794384E7 40675.71194486938 0.1290594662076121 2.8386684726811283E-26 50374.0 1756.0 11.80761901760422 
2.0125639042570658E7 35724.927623452524 0.44239141430302875 0.32200180215607266 19967.0 660.0 5.738403153283033 
5.0553837453019924E7 35360.66975597607 0.3717019146688708 0.005378780114691714 56558.0 1087.0 9.769481642065827 
1.3357918618660416E7 35033.945780735485 0.27251532041544313 0.5149078493898197 13449.0 600.0 5.101834092508957 
2.0574032026294872E7 36783.2538517212 0.45741077621474346 0.30926689676082253 20098.0 638.0 5.50968001451142 
2.5341293993559223E7 33568.365388073085 0.29619438537138687 0.3581256143759544 24601.0 749.0 5.93483715608536 
4.734918040818979E7 36898.72718147938 0.33598829990358386 2.5915380511511E-15 50402.0 1211.0 8.927804839803917 
5.7801596031092286E7 35578.78252569196 0.20337286500764654 3.934883909195312E-15 64179.0 1780.0 12.735586726643692 
4.5146858661372684E7 38456.21857871713 0.2549517706314771 6.892815741603647E-21 46040.0 1399.0 10.356968156268493 
3.546069247881945E7 35375.33962722132 0.4751299023326826 0.13793721219132385 37476.0 818.0 7.492177365423993 
5.429380329107709E7 37244.73618803306 0.16853694693707794 7.157017025092364E-27 58619.0 1735.0 12.71751460343727 
4.950127079767855E7 39753.072883045716 0.10827215217369891 2.359809140114255E-14 53966.0 1984.0 13.343668759034848 
5.83125326859114E7 33916.83637403031 0.27750962901378573 0.0036186088346744677 60466.0 1302.0 11.129768392971977 
2.46052256297511E7 33774.06217274609 0.3771218072090099 0.3392691195481227 25681.0 707.0 6.734963956485712 
4.900817579120132E7 41276.3659639899 0.10733249473737677 5.051560219921695E-9 51324.0 1933.0 13.00253048865253 
5.588972020709441E7 36216.55493466785 0.342929613239941 0.0029335514421528937 57987.0 1152.0 9.287694195947942 
6.0304750903373316E7 33563.55393555885 0.30442317465645274 0.0122938660041235 63201.0 1230.0 11.839398554312814 
5.3326464528738E7 35279.11657932323 0.4082922634343708 0.008446814144130581 56067.0 1038.0 9.446883279919424 
1.6493032169562194E7 36011.62010217372 0.35577381325447505 0.4341101835843181 16295.0 632.0 5.390873184694593 
3.750679970216581E7 36459.81489160078 0.5422216546012353 0.09045420752491824 36055.0 720.0 5.730194329747658 
2.415579872876636E7 37216.95178636814 0.41352573570446133 0.3238813410798226 22936.0 682.0 5.0752566841145486 
2.322331243706564E7 34072.78139014211 0.3805587051596746 0.3596778681817993 24906.0 688.0 6.875448123639368 
1.889659525964907E7 37332.54316399546 0.4077525947892396 0.3640284751901184 18332.0 635.0 5.570636000204248 
4.684894553815379E7 37966.02025379233 0.2260186161169868 6.638367448502349E-15 48271.0 1502.0 11.434603202506628 
6.241249355021861E7 33404.173624995055 0.3701338992629019 0.015112917781447934 66347.0 1196.0 10.478623716027014 
7.124126767499931E7 32858.91988305143 0.36221647970047793 6.892815741603647E-21 69685.0 1198.0 10.847121071177344 
5.244709283624867E7 36346.32251811438 0.31569414651630656 0.004865081874403286 54576.0 1233.0 9.906138868179525 
6.339743618376473E7 34364.475244684916 0.23920030109983517 7.431345130580008E-33 63578.0 1472.0 11.532915397223755 
3.981512785083395E7 36111.43366575594 0.39586896007182776 0.11019827872606962 42407.0 924.0 8.585043089014563 
4.2545045979530364E7 35491.67380391991 0.5222649239045706 0.06235714981922872 43220.0 803.0 6.83325087315066 
2.5951679874486823E7 35122.14823620953 0.4819880716531655 0.26000328112602733 25139.0 686.0 6.160987780374982 
1.7662441782559514E7 34853.41512329769 0.38696013578818406 0.3986876226979497 17306.0 637.0 6.432679056415553 
7.185951404991795E7 32507.234093337607 0.4229381860772307 0.0061573029974540125 73969.0 1070.0 10.273984178764671 
3.1528877778719466E7 37895.04919370672 0.5607556536998834 0.11989596087542222 31468.0 720.0 4.767774829925114 
4.3356300433121234E7 33327.25358721003 0.4812663156786806 0.053926088892741614 47232.0 810.0 6.6931607385798095 
5.020264997757676E7 35352.91818545165 0.2434471429868884 5.210010307928065E-7 53502.0 1314.0 11.383396946333255 
1.7220311174735453E7 34514.5835141486 0.36671256089811477 0.42630237860871945 16802.0 640.0 6.225163656532671 
2.277390824929528E7 34825.317597085246 0.3990980661714613 0.3411018008686071 22766.0 691.0 6.7646067299023995 
3.2627808766701512E7 34393.98418673146 0.3665671885974655 0.25939066581937864 33555.0 822.0 7.439269221636742 
2.158568005440546E7 34864.60649974256 0.4948478014378808 0.28093084300019516 21112.0 629.0 4.850332054037001 
1.3994780924383748E7 35515.5398303475 0.2970976571098679 0.48737700968970515 14499.0 649.0 6.310322182661384 
4.42335499398013E7 36264.138984731624 0.47673921721950846 0.017168793023975996 47212.0 914.0 8.299875727176849 
5.292498593364089E7 33831.60675607763 0.5119023650141084 0.025542942383625908 56779.0 887.0 7.692628740831903 
3.849637312355663E7 36062.80524701625 0.5212678174594984 0.06235690515375071 41192.0 859.0 8.094320171144481 
4.10814425689386E7 37399.2470460721 0.4533923710460057 0.08894890969689119 41068.0 953.0 8.267036633803977 
1.4619503219602017E7 36249.2619211746 0.3074291235498102 0.468193379091549 14727.0 614.0 5.908593058996081 
5.649054511051335E7 37316.52363363153 0.14719902009358293 7.157017025084647E-27 61291.0 1934.0 12.718255073230335 
6.166256540712043E7 32615.417301215075 0.44822145581469325 0.05874352137466111 64015.0 998.0 10.34760497918666 
1.6148604371974606E7 36140.58770421592 0.3696354020709734 0.40732126606317115 15835.0 603.0 3.9333429419521164 
2.788617992805057E7 33234.25281553675 0.4133284324109041 0.31282837218755766 28409.0 729.0 7.785142100281069 
4.384607113540113E7 35708.60165524115 0.5019291181534787 0.055540284119707885 43358.0 816.0 7.608350178221412 
4.203892958671549E7 35014.573285389844 0.45623711183624976 0.09038143050718173 43963.0 876.0 7.705556397605144 
5.932697359444863E7 34347.204971442996 0.2609327631962269 6.393312114147778E-9 61913.0 1359.0 11.103099041148482 
4.646441746013806E7 36128.692895566295 0.40358367736652767 0.003437282724430286 50719.0 1096.0 10.193539545631326 
1.5760058723221032E7 34608.373254306534 0.33658556652265975 0.4505885444886771 15748.0 632.0 5.4469886537810535 
1.9695313482460737E7 37631.208275209305 0.39166884244501576 0.3606954304655708 18888.0 674.0 6.009877099358227 
5.70550597471379E7 33551.283605511475 0.49223115270409856 0.024665534358133494 60533.0 913.0 8.40176565442783 
5.7403058787660025E7 33581.684674854805 0.4892096125492836 0.024665534358133494 60615.0 920.0 8.271583987608537 
3.2027879193027686E7 34825.387382483284 0.49820161092323734 0.22676110358076534 30813.0 666.0 5.2071443753295865 
6.078920723794697E7 31284.058835380878 0.3931640098058812 0.03794058128244726 65740.0 1049.0 11.232899171855617 
1.9251250643667858E7 34879.96513051042 0.39485141233199456 0.3811865945039642 19553.0 654.0 6.159739345633925 
5.981039158044412E7 33369.94997256804 0.36105874180610725 0.027889542459907483 60752.0 1082.0 10.119073506320193 
2.9109453873266887E7 33007.21175218082 0.41620980101423016 0.3111410842666155 28220.0 707.0 7.260105641727876 
2.6375700055159125E7 37348.0980034192 0.5137921154104819 0.20790486939048003 24857.0 686.0 4.438512514902327 
5.18806953995039E7 36055.63468896278 0.35874355221781 0.0014797059980685484 50348.0 1024.0 8.171452374102325 
3.6919594028019756E7 35198.5902198166 0.5436908274235572 0.08718363584757044 38543.0 734.0 6.8105585926092225 
4.4579214564729534E7 34196.13775109775 0.4260946371820642 0.010269091481482895 48572.0 995.0 8.829199406270268 
3.923996884252238E7 36928.56140575341 0.4794701040153748 0.06113693044676379 41634.0 871.0 6.2332012564045 
4.057661817752701E7 36225.736287256244 0.5070170423394071 0.05351557319567776 43978.0 891.0 7.278730147226056 
2.3794866103942174E7 35238.063347249416 0.5384888694490575 0.2224467578699914 23542.0 653.0 5.343501390550036 
2.8603877398038022E7 35768.56042332042 0.4523177748927708 0.20221483817462588 28822.0 761.0 5.670695600899159 
5.887288498829733E7 32948.99610861058 0.28567620681689615 2.2726967857069373E-8 65434.0 1416.0 11.883850041454497 
2.9866978631716244E7 39530.18391348456 0.5112222756940764 0.1890021804293531 29568.0 714.0 5.951681505129317 
3.0401092346055217E7 35458.44679989892 0.5528333455013487 0.13580322068518974 30341.0 727.0 6.493513013796596 
4.2953422338990934E7 33101.24578757284 0.4453193709825866 0.10029786274676511 44395.0 812.0 7.928935320799091 
1.5269635748386621E7 35299.58476397513 0.3185548761928488 0.4727308660785943 15055.0 631.0 5.6035587447485735 
3.0943659603265174E7 36537.07472777007 0.39354302550365233 0.2576514511048351 31561.0 770.0 7.004693799291624 
3.882901135493445E7 35338.75058130976 0.43565745429925173 0.19896478503994586 43599.0 848.0 8.965065042285286 
4.168681541460435E7 36401.63357870628 0.5082214479137726 0.04581115931673925 45216.0 898.0 7.448549774105934 
3.3192949103788447E7 34891.48024189442 0.4984560060678734 0.21744208140596996 31490.0 670.0 5.389582121070084 
2.1033636451362778E7 37255.48093273994 0.387126157964148 0.35864993424195085 19737.0 696.0 7.00474068949715 
3.4711157637804046E7 32812.21362472085 0.4612629493387686 0.22586791404704673 37366.0 719.0 6.748920637042326 
1.2309233607594235E7 37170.19903848696 0.25572561363106877 0.5389505671574872 12400.0 606.0 4.819687929336554 
2.6944148644323807E7 36471.489571882645 0.4331709311262686 0.2613738609194911 27764.0 725.0 5.7407410087370465 
3.4075057816769004E7 34968.5463532931 0.5026038778771938 0.20697086856395008 32539.0 672.0 5.565319972529573 
1.271952961562493E7 33688.44241914226 0.2731900851846776 0.5145189827678582 13671.0 611.0 6.5811979497660875 
3.8073055027961664E7 37212.381427438515 0.563237447351988 0.058478793634664746 39998.0 811.0 7.094402294159719 
3.5857120511611514E7 36184.93374796588 0.5593489396876707 0.14883951113700636 33780.0 714.0 6.407657460874819 
3.624380567926932E7 36135.739936689366 0.5352440324593629 0.10562948125246811 36598.0 760.0 6.800644905476676 
6.480590096175949E7 32157.221629620606 0.2583523347913456 6.638367448502349E-15 66385.0 1373.0 11.653280716086211 
6.5417993227203935E7 32101.940521446595 0.4275639279408315 7.157017025092364E-27 69059.0 1055.0 10.343872023576841 
6.803837262638012E7 31717.158585933037 0.4063716118802607 0.02442154578414203 72070.0 1076.0 10.134025348919375 
6.969275445035094E7 31790.732733969126 0.4302428381710894 0.0061573029974540125 69695.0 1046.0 9.883402071511677 
6.7041013892672025E7 31452.79980138321 0.4068025186423866 0.0062507527899913025 71636.0 1037.0 10.492952016196314 
2.7477243262533613E7 34914.37289006468 0.49856503479332415 0.23967792741058908 26406.0 690.0 6.023691743078945 
6.6051544434371054E7 32203.887096770984 0.35569588927000984 3.789627669687367E-9 70407.0 1233.0 10.993170306169208 
6.648505732552074E7 32312.44267212456 0.4785719030089456 0.04046372454903045 69731.0 930.0 9.606551798848585 
6.909878301703332E7 32485.211272026223 0.36038389705047674 0.004724405720279614 71901.0 1173.0 11.476568726938218 
6.867997635879652E7 31612.648645269095 0.40554089570630686 6.89281574161108E-21 71302.0 1094.0 10.475237919224611 
7.02837501236131E7 32348.089654879062 0.423800003628174 0.006157302997447374 71200.0 1059.0 10.028040367843253 
7.090207545127146E7 32282.521094471085 0.43970202681408177 0.006157302997447374 72208.0 1014.0 9.772612895037796 
