88780.65766698794 18854.29199713443 0.03468208092485549 0.0 88.0 212.0 5.724137931034483 
33040.0 11481.96672608437 0.047527296082209375 0.47398843930635837 37.0 65.0 0.0 
51500.0 11675.999999999996 0.20166987797045602 0.24855491329479767 46.0 71.0 0.0 
91345.0 8007.872414911331 0.11560693641618497 0.03789338471419396 92.0 95.0 3.237631184407796 
78835.0 8298.46955326985 0.18882466281310212 0.06165703275529865 82.0 69.0 0.0 
87091.22755673988 14227.277491542245 0.05073859987154785 0.0 102.0 182.0 4.715030946065429 
74235.0 9931.316079818793 0.12138728323699421 0.12010276172125883 85.0 85.0 4.3707843880257675 
89366.65370534897 12385.870434737275 0.09312780989081568 0.03789338471419396 101.0 176.0 3.238886071670047 
49250.0 8528.409593641272 0.08863198458574181 0.35581245985870263 60.0 95.0 3.267919799498747 
63660.0 9324.872216928006 0.12202954399486192 0.340398201669878 76.0 77.0 1.0476190476190477 
41415.0 8628.456620106235 0.12716763005780346 0.3917790622992935 53.0 74.0 0.3571428571428571 
62555.0 8628.392739248853 0.20423892100192678 0.16506101477199744 72.0 79.0 2.63423645320197 
72884.33015683488 9995.5351305507 0.2813102119460501 0.08798972382787412 97.0 96.0 1.1710253895608587 
58550.0 8649.58264819872 0.2003853564547206 0.1913937058445729 62.0 72.0 0.39285714285714285 
68287.5 13388.007137175462 0.09377007064868337 0.14322414900449582 66.0 103.0 3.7835784904750422 
86664.82741137735 17541.622189818117 0.06872190109184328 0.0012845215157353885 90.0 185.0 3.864779148887095 
84697.6812204767 15172.588875640738 0.07771355170199101 0.002569043031470777 99.0 158.0 3.587524936924251 
45435.0 12768.743017349812 0.07129094412331406 0.34938985228002567 45.0 78.0 0.4805491990846682 
61595.0 12753.847581230428 0.24791265253692998 0.14193962748876043 59.0 84.0 0.9592476489028212 
74235.0 9789.731133041489 0.14193962748876043 0.12010276172125883 75.0 82.0 2.6288606130711396 
79075.0 8239.178041755444 0.12588310854206808 0.06165703275529865 92.0 82.0 0.7389162561576355 
67040.0 9183.37271337614 0.21258831085420682 0.12202954399486192 65.0 70.0 0.0 
73375.0 10399.332472006892 0.14964675658317278 0.12267180475272961 68.0 63.0 0.0 
84364.7072496643 16811.091320113916 0.038535645472061654 0.0 96.0 200.0 5.923076923076923 
33040.0 11481.96672608437 0.047527296082209375 0.47398843930635837 37.0 65.0 0.0 
50940.0 11033.00686471772 0.19845857418111754 0.25369299935773926 48.0 70.0 0.0 
91345.0 8007.872414911331 0.11560693641618497 0.03789338471419396 92.0 95.0 3.237631184407796 
78835.0 8298.46955326985 0.18882466281310212 0.06165703275529865 82.0 69.0 0.0 
92163.21415534797 13635.168363597177 0.05523442517662171 0.0 105.0 183.0 5.058960763520679 
68160.0 10756.708196087091 0.20873474630700065 0.12780989081567115 79.0 89.0 3.7666666666666666 
89449.85538347549 12896.274316090345 0.07642903018625562 0.0 124.0 187.0 4.534286478188917 
49250.0 9291.504996452917 0.08863198458574181 0.35581245985870263 59.0 103.0 3.7155388471177946 
76690.0 9553.054096674632 0.1233140655105973 0.3159922928709056 91.0 86.0 1.2083333333333333 
41415.0 8628.456620106235 0.12716763005780346 0.3917790622992935 53.0 74.0 0.3571428571428571 
62554.99999999999 8484.016977395542 0.20423892100192678 0.16506101477199744 73.0 81.0 2.7032019704433496 
65685.0 9822.146002092242 0.30892742453436095 0.14065510597302505 86.0 81.0 1.6428571428571428 
58550.0 8649.58264819872 0.2003853564547206 0.1913937058445729 62.0 72.0 0.39285714285714285 
69517.5 13636.607374522846 0.10404624277456648 0.12010276172125883 69.0 97.0 3.7835784904750422 
86731.15820725184 15759.848845962968 0.05202312138728324 0.0 94.0 181.0 4.250113031091292 
84342.33442661066 14030.000324872934 0.10211946050096339 0.0789980732177264 99.0 163.0 3.6515596368482424 
53880.0 12292.781292376398 0.09184328837508028 0.325626204238921 49.0 86.0 0.4805491990846682 
61423.689367227926 11474.08334072385 0.22736030828516376 0.13102119460500963 63.0 79.0 0.5727272727272728 
74235.0 9789.731133041489 0.14193962748876043 0.12010276172125883 75.0 82.0 2.6288606130711396 
79075.0 8239.178041755444 0.12588310854206808 0.06165703275529865 92.0 82.0 0.7389162561576355 
62975.0 9226.402658084768 0.1798330122029544 0.16120745022479127 60.0 70.0 0.0 
81025.56408448941 13606.022097961486 0.2350674373795761 0.01605651894669236 76.0 108.0 2.513939393939394 
33040.0 11481.96672608437 0.047527296082209375 0.47398843930635837 37.0 65.0 0.0 
50940.0 11033.00686471772 0.19845857418111754 0.25369299935773926 48.0 70.0 0.0 
88972.09001633641 8672.010423793372 0.09955041746949261 0.03789338471419396 94.0 94.0 3.4174603174603173 
78835.0 8298.46955326985 0.18882466281310212 0.06165703275529865 82.0 69.0 0.0 
97797.60082696669 16830.95902477532 0.03917790622992935 0.0 98.0 202.0 5.44683908045977 
87990.7694966103 10983.04268485359 0.17341040462427745 0.015414258188824663 109.0 103.0 3.9077202289543487 
40205.0 8926.963395007126 0.07514450867052024 0.38792549775208734 54.0 89.0 3.106516290726817 
72325.0 10181.54829869833 0.16634553628773283 0.34296724470134876 89.0 77.0 0.0 
41415.0 8628.456620106235 0.12716763005780346 0.3917790622992935 53.0 74.0 0.3571428571428571 
62554.99999999999 8484.016977395542 0.20423892100192678 0.16506101477199744 73.0 81.0 2.7032019704433496 
69205.0 8866.320191427092 0.2466281310211946 0.11368015414258188 104.0 106.0 2.2186444371799063 
58550.0 8649.58264819872 0.2003853564547206 0.1913937058445729 62.0 72.0 0.39285714285714285 
68287.5 13210.323377864384 0.09377007064868337 0.14322414900449582 67.0 101.0 3.069292776189328 
87979.26298162964 15081.257182502686 0.04431599229287091 0.0 100.0 179.0 4.211796932547617 
52500.0 12149.336487471974 0.08156711624919717 0.33397559409120103 49.0 87.0 0.4805491990846682 
61423.698720651104 11473.81078831858 0.22736030828516376 0.13102119460500963 63.0 79.0 0.5727272727272728 
79602.48425419764 11964.696152435086 0.15093127809890816 0.055876685934489405 82.0 115.0 3.583809523809524 
79075.0 8239.178041755444 0.12588310854206808 0.06165703275529865 92.0 82.0 0.7389162561576355 
68200.0 9314.617715394383 0.19653179190751446 0.13359023763648042 67.0 70.0 0.0 
94912.4348467511 14167.664146523352 0.14964675658317278 0.009633911368015413 92.0 133.0 2.4082089724368583 
33040.0 11481.96672608437 0.047527296082209375 0.47398843930635837 37.0 65.0 0.0 
50940.0 11033.00686471772 0.19845857418111754 0.25369299935773926 48.0 70.0 0.0 
80995.0 7871.8057819671885 0.12973667308927425 0.06936416184971098 96.0 85.0 3.711443728685108 
78835.0 8298.46955326985 0.18882466281310212 0.06165703275529865 82.0 69.0 0.0 
92942.84612147829 17062.51470920804 0.029543994861913937 0.0 104.0 222.0 5.4082370579416175 
87807.3657273872 11767.983929082742 0.11175337186897881 0.002569043031470777 102.0 122.0 4.37948717948718 
40205.0 9970.520510130065 0.07514450867052024 0.38792549775208734 54.0 84.0 3.738095238095238 
41415.0 8628.456620106235 0.12716763005780346 0.3917790622992935 53.0 74.0 0.3571428571428571 
75360.0 11197.296493731921 0.224791265253693 0.09505459216441875 72.0 92.0 2.8923076923076922 
65825.0 9326.778381963808 0.32113037893384716 0.15414258188824662 90.0 92.0 2.3857142857142857 
58550.0 8649.58264819872 0.2003853564547206 0.1913937058445729 62.0 72.0 0.39285714285714285 
70207.5 13935.845964298085 0.10789980732177264 0.1111111111111111 70.0 110.0 4.260501567398119 
87906.14606099014 17295.437742014663 0.07193320488118175 0.0 92.0 202.0 4.698481440283443 
45335.0 12861.41559627609 0.056518946692357096 0.36416184971098264 43.0 95.0 1.4279176201372996 
61423.71760548343 11473.6232464899 0.22736030828516376 0.13102119460500963 63.0 79.0 0.5727272727272728 
87242.17791411043 12384.946752534079 0.1233140655105973 0.03018625561978163 87.0 116.0 3.3013493253373314 
79075.0 8239.178041755444 0.12588310854206808 0.06165703275529865 92.0 82.0 0.7389162561576355 
69920.0 10057.154798237325 0.23249839434810532 0.1001926782273603 67.0 72.0 1.2 
87009.84502780116 12950.593859593513 0.1920359666024406 0.012845215157353885 87.0 102.0 3.137733990147783 
33040.0 11481.96672608437 0.047527296082209375 0.47398843930635837 37.0 65.0 0.0 
50940.0 11033.00686471772 0.19845857418111754 0.25369299935773926 48.0 70.0 0.0 
91345.0 7947.803508575279 0.11560693641618497 0.03789338471419396 92.0 95.0 4.168665667166417 
78835.0 8298.46955326985 0.18882466281310212 0.06165703275529865 82.0 69.0 0.0 
88824.18328348303 12171.838510547548 0.13359023763648042 0.03147077713551702 100.0 122.0 4.206896551724138 
54335.0 8684.749685697985 0.07578676942838793 0.348747591522158 63.0 88.0 3.1703703703703705 
41415.0 8628.456620106235 0.12716763005780346 0.3917790622992935 53.0 74.0 0.3571428571428571 
75730.0 9853.851569455588 0.23892100192678228 0.11689145793192036 83.0 89.0 3.5195402298850578 
71610.0 10038.378537890827 0.3352601156069364 0.10276172125883108 80.0 77.0 1.6948349133703824 
58550.0 8649.58264819872 0.2003853564547206 0.1913937058445729 62.0 72.0 0.39285714285714285 
69056.68947368421 13092.981081094207 0.1001926782273603 0.12010276172125883 69.0 105.0 2.7867132867132867 
96241.93854829863 15507.657016533576 0.07964033397559409 0.0012845215157353885 104.0 181.0 3.7967500864952135 
45335.0 12135.192763029403 0.06294155427103404 0.36416184971098264 40.0 76.0 0.6340579710144928 
61423.718490817424 11473.610582585565 0.22736030828516376 0.13102119460500963 63.0 79.0 0.5727272727272728 
91194.38457393978 13153.557726700921 0.1791907514450867 0.0019267822736030828 86.0 117.0 4.346986346986347 
79075.0 8239.178041755444 0.12588310854206808 0.06165703275529865 92.0 82.0 0.7389162561576355 
79515.0 9302.386800160775 0.19332048811817598 0.07642903018625562 73.0 70.0 1.2692307692307692 
89597.42911247739 14811.207161790877 0.21836865767501606 0.00899165061014772 87.0 111.0 2.7880005052418846 
50180.0 10719.030572755419 0.19653179190751446 0.2575465639049454 51.0 70.0 0.0 
33040.0 11481.96672608437 0.047527296082209375 0.47398843930635837 37.0 65.0 0.0 
70680.0 8752.628800069735 0.20937700706486834 0.11881824020552344 70.0 70.0 0.0 
58550.0 8649.58264819872 0.2003853564547206 0.1913937058445729 62.0 72.0 0.39285714285714285 
53520.0 11573.228276002685 0.15350032113037893 0.2382787411689146 49.0 70.0 0.0 
103340.21953029705 15489.934537684961 0.13359023763648042 0.0 91.0 148.0 3.3493589743589745 
68805.0 10289.012069180691 0.2010276172125883 0.13102119460500963 76.0 86.0 2.0282131661442007 
85299.17541482486 13299.631448299795 0.13423249839434812 0.0032113037893384713 92.0 120.0 4.024878671775224 
39155.0 10331.653179908992 0.08220937700706486 0.3930635838150289 48.0 79.0 1.8337890179995444 
