4116503.011219352 26043.61481923872 0.07484802431610943 0.0 4458.0 623.0 10.143808448566958 
1697875.0 16469.2876040961 0.3238543371522095 0.4450257189618892 1617.0 151.0 6.892857142857142 
983985.0 19343.844265581476 0.11582300678045358 0.6465396305821838 906.0 137.0 1.0943396226415094 
4031922.393344998 14400.426425569627 0.40910924192236203 0.13862016962739826 4279.0 189.0 1.834814814814815 
3861030.0 16781.245286293663 0.4393266308159925 0.22667757774140754 3245.0 146.0 3.1475409836065573 
3733742.449343622 32690.100271405245 0.11047525580558785 0.0 3795.0 649.0 7.734532244799491 
1795850.0 17585.37953042423 0.3347582911221174 0.4712416619535007 1640.0 144.0 2.5 
846841.4750332768 23838.835977054157 0.07706920738835632 0.6625263034837503 716.0 193.0 6.7368421052631575 
2064226.1691968206 27211.780944770144 0.4251252476949781 0.26981686823046663 1827.0 213.0 1.6696969696969697 
4086078.4553530626 29200.636617917335 0.19768628101973004 1.4206498696004628E-22 4072.0 517.0 7.289468358926123 
3814617.5601773136 20052.290798676146 0.3328869640978664 0.10945186831472767 3705.0 256.0 6.905544198785377 
4894922.868499187 12066.79549125396 0.5003828640576932 0.051818165874812895 4076.0 200.0 7.934978793018556 
2410815.1062804563 27420.812851396793 0.18587903833917174 0.28600821842517316 2372.0 337.0 7.198319985994599 
4027345.0 16024.958861289244 0.4862052840776245 0.09957329904138415 4460.0 163.0 8.212413793103448 
710130.0 21130.453860842725 0.08791260178046398 0.6989461009241342 669.0 132.0 0.0 
2474125.0 18227.838355796477 0.21504559270516718 0.47188449848024316 2205.0 136.0 1.0294117647058822 
3061580.0 18161.69738326615 0.41597498246434417 0.27454991816693947 3587.0 145.0 3.087719298245614 
3148126.9950599074 17405.123942536702 0.30520982033091393 0.16486535460225973 3899.0 297.0 7.056152126561963 
1263557.7724376116 25092.118058935088 0.31175473462707504 0.4767068038344634 1058.0 148.0 0.5361305361305362 
1366245.8815574108 25408.117164882337 0.20774028372856987 0.5093845533350089 1451.0 191.0 0.9911051480818922 
5138312.036045055 15758.717149231774 0.19429620233263173 0.0 5258.0 326.0 9.496075308068406 
4008737.1730181505 29321.373941278027 0.13882451141195323 4.158010090957857E-12 4098.0 581.0 7.643999693792553 
4542325.796167671 19638.090969190085 0.20993214230743354 0.08484381229693119 4380.0 280.0 2.237715617715618 
1186725.0 13963.29655046111 0.06596329202712181 0.6175765723638064 1131.0 167.0 5.315789473684211 
2556258.2372771883 19552.551684220583 0.22892931035678743 0.337651001947539 2857.0 222.0 3.7472271736977616 
1390536.9414316702 15652.310387780743 0.13560986444858808 0.5587477130448506 1356.0 196.0 6.695804195804196 
2703515.9942512475 18369.20215815526 0.4478046660105512 0.26645617622494894 2537.0 200.0 8.071410256410257 
4371431.066077047 29454.415727838747 0.17070960953939676 0.0 4287.0 519.0 8.301802959172882 
807725.0 17968.541374020973 0.11748958083692329 0.6597536810479369 744.0 151.0 5.363553113553113 
4678988.616936575 16562.20313977946 0.5003799392097265 0.05181786298807575 4173.0 242.0 9.283608089254235 
4150205.4995034197 27994.089590371183 0.07107842325631128 0.0 4605.0 707.0 10.414718658800531 
1927156.8493652702 23445.293510954398 0.27571896188917466 0.47603460369417816 1650.0 218.0 4.0 
1325640.0 22358.571117019535 0.25558380890707993 0.5551525742140498 1214.0 126.0 0.0 
4313462.362368377 18605.770690409245 0.3018178629880758 0.025631283610007015 4441.0 299.0 8.491486687683365 
1553655.0 18741.88902015075 0.19148936170212766 0.5751987374327799 1437.0 131.0 1.1282051282051282 
2880030.0000000005 20424.131053621655 0.4615969137245733 0.25251344400280573 3031.0 141.0 3.0 
1839260.0 18064.550788545443 0.34796586392331075 0.4627951835398644 1660.0 146.0 4.312805474095796 
749903.6600478375 22361.211677840613 0.08574985824969035 0.6705089461364676 647.0 149.0 4.0 
4555990.378732101 26322.720819591566 0.11968132512513578 3.96178585491536E-6 4904.0 547.0 9.590918972069307 
1181949.9999999998 16940.198895652036 0.07245302901497092 0.6199170362647913 1099.0 161.0 7.389360498019242 
4670209.79480594 23922.091152252324 0.5206336216974515 0.03889992985737666 4032.0 306.0 7.539107231215098 
846846.8924910671 23837.370603787884 0.07706965787472171 0.6625301760948298 716.0 193.0 6.7368421052631575 
3871459.7493337514 31115.1335485218 0.1601014735882253 0.0 4013.0 571.0 8.265408443431362 
4453656.064361301 25520.531554449553 0.45484568622866495 0.04278700023380874 4384.0 266.0 2.9545787545787547 
3906562.7903215555 25286.89332565395 0.4948562076221651 0.05018120177694646 3888.0 306.0 7.7507102858826995 
4849265.724927032 23975.12110552622 0.2062800063000263 1.9662982076492432E-6 5007.0 486.0 7.668104411340196 
2587745.586549691 19566.959458574263 0.22641586635398173 0.33341321845443633 2911.0 227.0 3.725256050031723 
3727816.1183374836 32919.7009201638 0.06245633664850097 0.0 3953.0 693.0 8.40123574076684 
2697341.342638061 20472.74509311221 0.19672083235913024 0.3789455225625438 2770.0 203.0 3.034970238095238 
2589849.7363961376 23959.08740879724 0.49500523148432357 0.22542217337418602 2316.0 193.0 3.0745480326125487 
3515526.502013969 18963.735730795546 0.3792962356792144 0.2357376665887304 3610.0 159.0 1.2889812889812888 
4894931.17594482 12066.549757391933 0.5003828640569562 0.05181816587658333 4077.0 200.0 7.934978793018556 
2587745.5197019507 19566.95966502542 0.2264158391915501 0.33341318497118727 2911.0 227.0 3.725256050031723 
4113837.6607400724 29870.81211234684 0.13446969848648607 0.0 4140.0 608.0 9.164020612185086 
674880.0 19219.902827908427 0.0969721767594108 0.6913432312368483 603.0 136.0 4.285714285714286 
2410808.998772742 27420.36163304397 0.18587903833901298 0.2860082184254058 2372.0 337.0 7.198319985994599 
1330330.0 22982.857816970736 0.2751636661211129 0.5638882394201543 1195.0 134.0 2.0 
3801973.0917667914 33684.73139888622 0.030073825545332628 0.0 4043.0 742.0 9.277833610943247 
2488155.0 15970.602571708567 0.28062894552256257 0.42325227963525835 2506.0 150.0 7.2631578947368425 
2545404.5868456764 19503.78711147775 0.4382478828890929 0.2841960863699802 2368.0 189.0 6.70500814000814 
4055279.180133833 30031.585429127925 0.026626255955609364 8.304009057753466E-28 4418.0 736.0 9.72663762204919 
3173466.1699628024 23200.384927071373 0.5224164133738601 0.15019289221416882 3385.0 210.0 4.899140806772628 
1086140.0 16624.353011322386 0.1027589431844751 0.6291208791208791 987.0 142.0 3.3529411764705883 
1537020.0 21399.469260607595 0.15399228431143325 0.5739420154313771 1488.0 136.0 0.0 
2589835.264238563 23959.30585131572 0.4950023380874445 0.22542085574000467 2317.0 193.0 3.0745480326125487 
4172132.201865429 21664.21898871287 0.3384393074633643 0.06251682806594905 4260.0 358.0 5.86042846042846 
4565874.886931714 20708.725123055214 0.1963116670563479 0.0 5225.0 488.0 9.392262828400218 
510590.0 23611.014963907095 0.1540516369630405 0.7031254566603733 440.0 116.0 0.0 
4056031.1207575966 26776.27024316234 0.18690086509235446 0.0 4415.0 507.0 9.774665135859166 
4197857.256123491 18136.652997753277 0.4719721767594108 0.12523380874444703 3676.0 189.0 7.9627579326551565 
846846.8924910671 23837.370603787884 0.07706965787472171 0.6625301760948298 716.0 193.0 6.7368421052631575 
1483045.0000000002 20440.746609335936 0.27811550151975684 0.5137654898293196 1451.0 136.0 3.0 
2912400.0 19652.599501536293 0.2522504091653028 0.3828325929389759 2949.0 170.0 3.167461579226285 
1027290.0 20639.72088566616 0.11471241524433014 0.653816927753098 919.0 126.0 0.0 
2573230.0 21278.81757927343 0.40308941994794756 0.3824532948651347 2300.0 146.0 1.375 
2471440.730450074 23695.522228450878 0.2879656927145753 0.3446048632218845 2220.0 235.0 3.194459706959707 
846849.4463379264 23836.651201385335 0.0770696578773549 0.6625301761174661 716.0 193.0 6.7368421052631575 
1223695.0 23512.005319755302 0.27195038549965417 0.5406858819517107 1096.0 125.0 0.0 
1303111.6661361055 22985.725682313772 0.26858779518353987 0.5026011222819734 1177.0 170.0 2.844133644133644 
3200099.0435804916 21432.327888337906 0.33677227028290857 0.23982931961655365 3294.0 269.0 6.0210084033613445 
1300400.0 19840.5160875568 0.22632686462473697 0.5732990413841478 1148.0 136.0 1.05 
3986572.7895795763 26924.32917367808 0.21986888564914317 1.4206498696004628E-22 4096.0 450.0 7.66347709579758 
1552580.0 18115.734939676495 0.2605240110162848 0.5067820110835646 1604.0 153.0 5.0575213675213675 
4476715.876017021 24249.731547315183 0.1355805324385132 3.856404495253314E-6 4755.0 501.0 9.490368540143255 
2587745.586549691 19566.959458574263 0.22641586635398173 0.33341321845443633 2911.0 227.0 3.725256050031723 
807725.0 17968.541374020973 0.11748958083692329 0.6597536810479369 744.0 151.0 5.363553113553113 
4508792.525709526 20682.183396381733 0.46980944587327567 0.12093757306523265 4206.0 187.0 3.478125 
4894930.732289979 12066.562871957882 0.5003828640569562 0.05181816587658333 4077.0 200.0 7.934978793018556 
2451473.347868754 26060.01589867021 0.46586392331073184 0.25359480944587326 2293.0 242.0 6.636644495855022 
3018220.050014059 26207.21751376317 0.2762742576572364 0.2191664718260463 3280.0 312.0 7.33930735930736 
4239032.679973784 31014.407181626062 0.05848141220481646 0.0 4537.0 751.0 10.55109610044219 
3852548.172909095 32483.637298657435 0.0538639150038569 0.0 4058.0 665.0 8.616804817248614 
2912400.0 19651.200994417013 0.25225188362408907 0.3828348306791731 2949.0 170.0 3.167461579226285 
4574940.911979911 20503.200589450036 0.3265431377133505 0.0 4779.0 331.0 8.332819303338171 
4301107.65007661 25070.083907920696 0.32987491232172084 0.0 4803.0 420.0 9.859586600142551 
3146235.0 18885.910552917383 0.44417816226326867 0.2142564881926584 3329.0 138.0 3.0408163265306123 
3586052.3246340035 22766.602102837624 0.4219663315407996 0.1235094692541501 3830.0 221.0 3.464060785537431 
510980.0 23312.00808679076 0.15253097965863924 0.706306990881459 445.0 116.0 0.0 
4234737.049603147 24923.268944656993 0.20028641571194764 0.0 4758.0 477.0 9.160579322638146 
2773950.0 20161.54167613571 0.27589431844750995 0.4207096095393968 2731.0 142.0 2.0 
1779175.0 21613.28534183506 0.19584404956745383 0.5478138882394201 1668.0 138.0 2.0 
1926705.0 21197.46042407617 0.25768761234996707 0.49523836185131265 1707.0 139.0 0.0 
2447735.3415167937 22422.621862163942 0.34966256693000647 0.3071986245375377 2642.0 199.0 3.198518872431916 
3999865.003580636 30457.047114007655 0.12999864950231127 1.4206498696004628E-22 4044.0 604.0 8.048579403964418 
2443319.113159032 21426.53745145652 0.3496317512274959 0.39060673369184007 2272.0 199.0 6.311558811558812 
4325295.711572453 27327.493815141024 0.2732347439794248 0.0 4984.0 562.0 8.495673554611416 
4370921.506061195 29935.278139904447 0.07601706803834464 0.0 4510.0 699.0 9.937379867654768 
1445991.3250881275 22495.342063597982 0.2780278232405892 0.5023965396305822 1337.0 139.0 0.0 
1678315.0 16982.138882837033 0.10512687121154554 0.5509735268501685 1672.0 153.0 2.1470588235294117 
778455.0 17225.271023994177 0.0811024082300678 0.6777823240589198 691.0 138.0 5.252645502645503 
4869900.988594692 21742.408149758994 0.5111643675473463 0.014233107318213702 4627.0 212.0 1.9815527208234078 
4346655.246968684 20672.253073153843 0.2794599018003273 0.0 4696.0 283.0 8.305160365428224 
