1416335.0 19511.672090827717 0.34598146995811274 0.4898598426888348 1210.0 139.0 2.5625 
1149882.3963505637 25055.958206860923 0.22691138648585457 0.504646948795885 1056.0 172.0 1.7707282913165265 
3933607.129923426 25854.134801761254 0.3000058452186112 0.007131166705634791 4619.0 410.0 5.475614276762019 
4140154.0416639172 18290.685198728494 0.2195183821397015 0.18789565054098817 4279.0 290.0 4.026542063307794 
3675368.0065278285 32861.72350133292 0.03197359727063623 0.0 3803.0 690.0 9.318943346236518 
4937174.139784197 17414.294345200615 0.1910518642813858 0.0 5009.0 321.0 8.779886352906496 
956525.0 20044.047648627813 0.2286357259761515 0.6041325695581015 804.0 115.0 1.25 
4305672.44263236 17765.471277979654 0.35705565702498515 0.1300307141501413 4278.0 257.0 7.770735785953178 
1129667.4432077988 26472.375919153736 0.289632275137843 0.5031301328454054 963.0 164.0 0.25882352941176473 
637390.0 21412.144305114078 0.09644674736942088 0.689037321389042 612.0 116.0 0.0 
2409414.701561479 26071.98786318818 0.4603428563747924 0.23366403138235964 2134.0 227.0 2.2032340565959903 
4030425.875322673 28733.493362056503 0.22317175106237466 0.0 3830.0 421.0 3.8695834358362617 
3947596.06047084 27676.987690969854 0.04731739179195829 0.0 4234.0 678.0 10.500910957334822 
4152272.29609411 30081.42853841409 0.11518055668536292 0.0 4027.0 580.0 6.8104946190496065 
2379802.5666182414 26594.489733296577 0.24257756986295795 0.2796959108854273 2365.0 310.0 8.010249945914222 
2862963.7074229885 16762.596567288187 0.2079156413119085 0.39680498483156906 2802.0 172.0 1.1111111111111112 
4019062.3695923854 19821.095276307562 0.26432078559738137 0.02715104044891279 4356.0 349.0 7.878083028083028 
1597805.0 17633.861926686193 0.34463706967754226 0.4631764197288161 1439.0 145.0 5.756048387096774 
3346709.277837143 19048.62355363921 0.4339782557867664 0.16392915595043256 3055.0 211.0 2.5798354409575857 
1344385.0 17536.854501750113 0.12289643965233399 0.545274405373031 1401.0 170.0 6.801742919389978 
1319935.0 17874.12154095404 0.10632452653729249 0.609130231470657 1280.0 136.0 2.086206896551724 
777974.9999999995 24835.12360360885 0.0853986439092822 0.6475917699321955 750.0 200.0 6.94981684981685 
3030600.550446973 19226.61503050075 0.4426609928595127 0.19914776213816976 3463.0 197.0 2.4206210123903915 
823624.9999999997 16198.310355562771 0.08180383446340893 0.6545768061725509 774.0 153.0 4.742857142857143 
4449932.012738315 17705.23756493162 0.44529135030386285 0.12865375090027928 4747.0 162.0 1.4851116625310175 
2770477.273346477 18151.80459402324 0.5098813998154894 0.22188579545946843 2639.0 209.0 7.375403263042189 
1378869.328812623 23615.720833448446 0.16620927313122769 0.5252844282645027 1376.0 179.0 5.813834227787716 
4554064.571057095 16639.05502157633 0.41208791208791207 0.0 4945.0 249.0 8.513014808045234 
1889035.0 17541.084028661182 0.32169458663432204 0.46086755836915744 1730.0 152.0 6.848310291858679 
1396120.0 20709.692981594417 0.12730886135141453 0.5839081131634323 1161.0 123.0 2.0 
3911858.94867424 26510.337570660642 0.34723521159691373 0.03553892915595043 4489.0 403.0 5.158146355560149 
3995888.0906527815 30377.21773904595 0.11331022510068448 0.0 4028.0 608.0 7.3848605576804305 
2862963.7074229885 16762.596567288187 0.2079156413119085 0.39680498483156906 2802.0 172.0 1.1111111111111112 
4014003.41064328 29851.56955810257 0.05853986439092822 0.0 4363.0 614.0 9.96245601945229 
4445219.096192929 21654.347105126893 0.3101765256020575 0.013327098433481413 4458.0 351.0 6.029681950323553 
2361390.0 20014.051045715732 0.27992751928922144 0.3986146831891513 2234.0 138.0 3.2454545454545456 
3985400.0 15418.86576754164 0.43175759069338815 0.18672550854446512 4413.0 154.0 5.2201138519924095 
739668.3333333334 21575.24273019004 0.08244729043025784 0.6599874911365057 693.0 141.0 4.551282051282051 
4356940.355884901 24564.23447825449 0.3920680383446341 0.0 4420.0 393.0 8.215270091564424 
609870.0 22115.628869511143 0.16959901800327332 0.6755903670797287 495.0 109.0 0.0 
3833634.805285427 32733.993441827195 0.0030396541030470185 0.0 4049.0 751.0 9.809880335929194 
1613406.0797529882 24517.70078428772 0.3891454290390461 0.3882101940612579 1375.0 164.0 1.509746588693957 
3991648.831055051 23430.823281390614 0.09326056373331597 0.0 4372.0 550.0 9.279769964694186 
2940330.548192782 17821.657924499374 0.43365676876315173 0.28013210194061255 2964.0 155.0 2.3550616050616053 
1139662.8952400384 22595.25638528793 0.18172784662146363 0.5477554360533083 1168.0 181.0 4.208467538208918 
2386374.293449089 25340.747486457298 0.4672110143959339 0.2336639797991079 2140.0 219.0 1.8245524296675193 
3885215.5541027305 27228.166117858847 0.0265081427659912 0.0 4326.0 638.0 9.506468404162005 
3423435.0 18343.834725356526 0.376259116737038 0.2674772036474164 3574.0 147.0 5.016129032258064 
1920864.6813300909 21341.720814572273 0.15861050619092287 0.46049010752604186 2123.0 224.0 4.994368131868132 
3262186.985977482 22281.841845691313 0.30038578442833763 0.2765665185877952 2965.0 251.0 6.084419817470665 
4076527.406272917 30350.831215866972 0.19143180331770004 0.0 4018.0 527.0 6.079955531897247 
4516017.65649442 25133.841929662085 0.07207154547580079 0.0 5027.0 675.0 10.090783352408373 
724550.0 21216.957466699005 0.1463350479307926 0.6635199906476502 697.0 123.0 2.0 
676975.1197021547 24533.037495866407 0.11652493218753747 0.6475955552476615 674.0 160.0 3.809095795508839 
4644893.268433995 16661.289623435336 0.4180506973943483 0.08083937339256488 4603.0 220.0 5.035822021116139 
3335311.404596997 17270.402470386307 0.43322078133551645 0.2265320583465807 3064.0 153.0 5.430059523809524 
1597805.0 17634.56074047069 0.34463610378830833 0.46317783012526376 1439.0 145.0 5.756048387096774 
1946730.0 17933.64619511641 0.22416608739545626 0.4350888473387151 1799.0 159.0 4.8839746624287095 
4818135.537638421 21063.81174175595 0.23141220481646013 0.0 5408.0 407.0 8.712406911959679 
4530199.181450849 23313.036761893145 0.3072246902034136 0.0 4811.0 360.0 7.3337409217469185 
766640.5720034025 25130.628499146398 0.08858478722903369 0.6375125531655088 747.0 195.0 5.208058608058608 
1944510.0627383422 20524.761022714312 0.3577566050970306 0.43953121346738366 1717.0 141.0 3.193548387096774 
3976943.5702898744 28209.935209862204 0.2938975917699322 0.020692073883563245 3975.0 427.0 8.104770108621658 
4666650.5226992285 22620.40319810345 0.38087444470423193 0.004091653027823241 4391.0 378.0 7.7781341758756035 
3012013.18713072 24398.264279302613 0.5262158054711246 0.15364157119476268 3076.0 223.0 3.118279569892473 
1170965.0 22971.179886313203 0.3024631116754094 0.5280593185070965 984.0 130.0 0.0 
4059966.566458743 31128.333749568057 0.01654327315730104 0.0 4371.0 769.0 9.910074648481594 
1684460.0 20163.06845207106 0.1639876081365443 0.5389291559504326 1522.0 144.0 0.0 
2862963.7074229885 16762.596567288187 0.2079156413119085 0.39680498483156906 2802.0 172.0 1.1111111111111112 
3534063.7745689964 20235.225311411243 0.3830371755903671 0.18649169978957214 3733.0 267.0 4.578481862964622 
4144928.6545906304 29941.837734635254 0.11518070598875779 0.0 4033.0 578.0 6.880595386629365 
4216871.660420589 26711.101180873706 0.2845160158989946 0.0 4153.0 369.0 4.632739482739483 
4219425.739812839 19336.915407576264 0.41127088015407653 0.10454193302705134 4411.0 215.0 7.354761904761906 
772620.0000000001 21002.16010733815 0.08449311694416946 0.6660957445851846 726.0 133.0 5.0 
4418483.05702456 20841.843264259267 0.29024433013794715 0.0043254617722702825 4711.0 357.0 8.483342376120564 
3853285.6624322766 25947.704414524138 0.28393149403787704 0.027560205751695113 4427.0 458.0 6.5335304638360165 
1558109.4063824965 24752.100845515433 0.3637479541734861 0.4220247837269114 1388.0 163.0 2.229166666666667 
4974752.448399729 27373.54381192435 0.23123684825812485 0.0 4648.0 500.0 7.95485288463743 
1176920.923431722 22755.895034969104 0.16582885199906477 0.5375263034837503 1128.0 162.0 4.552083333333333 
3853239.5036256667 31724.34535655365 0.01724349569585206 0.0 4090.0 740.0 9.683955391707347 
1121705.0 21524.373850710395 0.2073299041384148 0.6235679214402619 1046.0 141.0 0.3472222222222222 
1597805.0 17634.545107219445 0.34463610379395415 0.4631778301170197 1439.0 145.0 5.756048387096774 
4113130.5246188506 26630.842845162228 0.2519289221416881 0.01633738601823708 4244.0 438.0 6.224361386842981 
4459313.565931964 21357.642442857996 0.4052197802197802 0.013648585457096095 5015.0 264.0 4.763314472794563 
4388525.771513003 29070.91677924029 0.20247837269113864 0.0 4193.0 477.0 7.539863132396674 
4365117.3589127725 29755.305996924253 0.14110469623452956 0.0 4421.0 631.0 8.252587189735527 
5709016.528608914 19067.345670594605 0.4096913724573299 0.0 6094.0 294.0 10.069175627240144 
5040195.694567045 26201.52425533327 0.25984919335983164 0.0 4938.0 426.0 7.114587807318649 
4095681.067844267 29359.130379009654 0.13335951798293497 5.581926163886304E-13 4099.0 560.0 10.191001078438 
2862963.7074229885 16762.596567288187 0.2079156413119085 0.39680498483156906 2802.0 172.0 1.1111111111111112 
4181849.7936488762 21356.44443084184 0.3971826046294131 0.09895955108721066 4732.0 214.0 6.9637346580946815 
1768405.0 19519.822722865734 0.3410125904737888 0.45832454950406804 1640.0 135.0 1.1304347826086956 
1720345.0 19891.807138721404 0.1779576806172551 0.5313011456628478 1546.0 142.0 1.0363636363636364 
1884509.9956934426 16038.764980290742 0.22884030862754268 0.4502571896188918 1888.0 133.0 5.0754716981132075 
4100398.3619610886 29362.473978004127 0.019698483418711464 0.0 4418.0 728.0 9.52769587616161 
765989.7942567096 21380.760837031383 0.08449312890247268 0.6660957802892614 728.0 142.0 4.857142857142857 
4206358.636339366 20724.88193805713 0.35801963993453356 0.16673486088379705 3856.0 298.0 5.437231751771173 
2147090.2565352228 24435.567894064883 0.3139466916062661 0.37044072948328266 1966.0 195.0 3.518985792777689 
4668561.728698429 20578.638093443093 0.1829553425298106 0.0 5327.0 469.0 9.641484610803502 
796000.0 21981.35399705276 0.08180383446340893 0.6545768061725509 753.0 149.0 5.728744939271255 
2196167.2701956965 22533.89529563153 0.31535138735997237 0.3061451142350056 2186.0 230.0 7.136095710314778 
1235715.0 22790.779178725228 0.3241758241758242 0.5154898293196165 1079.0 126.0 2.1143790849673203 
4234701.428405106 28999.02209299396 0.1613581535631992 0.0 4211.0 543.0 6.352856905885577 
3699318.9886703216 26741.24268079548 0.1501060458912391 0.0 3889.0 526.0 7.993057909917319 
731340.0 19532.510499964825 0.13674936756975953 0.6763248455506558 674.0 127.0 3.1904761904761907 
1559130.0 19842.468899000138 0.25555480096764127 0.5198170805665464 1302.0 131.0 3.0689655172413794 
4986497.842294302 16563.588770400103 0.33423161466041496 2.707375672884146E-6 5505.0 333.0 8.045314119146086 
2196166.4994310597 22535.98325367662 0.31534954407294835 0.30614332476034606 2186.0 230.0 7.136095710314778 
1597805.0 17634.545107219445 0.34463610379395415 0.4631778301170197 1439.0 145.0 5.756048387096774 
4421890.020772034 25298.563552976655 0.09796586392331073 0.0 4818.0 624.0 9.09563090433995 
4535819.2998639215 27075.060561388946 0.1465104044891279 0.0 4680.0 514.0 8.813170929458833 
3227120.0 18815.01725616949 0.4185761047463175 0.3026069675005845 2866.0 146.0 5.133333333333334 
