57820.0 9490.129831496492 0.206832799655819 0.2248176671955652 57.0 67.0 0.0 
49390.0 8656.015944671766 0.25305073859987154 0.40783558124598585 51.0 71.0 0.0 
81630.0 8069.540758884407 0.3140655105973025 0.04303147077713552 97.0 70.0 0.0 
80652.75949941027 12002.546112232127 0.12846865364849477 0.012846865364850977 79.0 109.0 0.879585326953748 
98340.0 6561.136327715077 0.18368657675016056 0.018625561978163133 101.0 74.0 1.4692307692307693 
88263.94797080892 8970.096263674779 0.1310418195490645 0.09122297255768694 110.0 115.0 1.0433066933066932 
89628.10819093253 8621.394674002582 0.10341932894637407 0.016732361427176216 128.0 128.0 2.1030282201092145 
89280.54756193772 10131.961311034935 0.19270298047276466 0.01413155190133607 82.0 88.0 0.7547619047619047 
59015.0 10117.458688049424 0.15028901734104047 0.23956326268464997 62.0 84.0 0.3367003367003367 
59815.0 7726.094875252649 0.11175337186897881 0.35645472061657035 62.0 74.0 0.4105263157894737 
72000.0 7743.226506661393 0.380218368657675 0.12202954399486192 86.0 75.0 1.526315789473684 
83640.05975209853 15775.69797116141 0.08157759506683501 3.179707556232316E-37 79.0 150.0 2.7954741927281974 
76260.1643898068 10221.981571271244 0.2723185613359024 0.09184328837508028 73.0 73.0 0.5083333333333333 
90140.0 9475.20530063365 0.18304431599229287 0.011560693641618497 89.0 92.0 0.4794486215538847 
78940.06796750614 9220.915411341022 0.1920359666024406 0.06422607578676943 86.0 103.0 1.687290138042532 
65570.0 8909.349130401766 0.12780989081567115 0.2691072575465639 63.0 75.0 1.4807692307692308 
42350.0 9367.212222305654 0.13872832369942195 0.363519588953115 48.0 65.0 0.0 
106990.0 7576.973309324272 0.13102119460500963 0.03789338471419396 115.0 79.0 0.33699633699633696 
69165.0 7756.188598277769 0.16056518946692358 0.1708413615928067 88.0 70.0 0.0 
102280.0 7484.983192805806 0.23121387283236994 0.035324341682723186 94.0 69.0 0.0 
89995.0 8019.131639230743 0.1682891506775285 0.029546140131624758 112.0 82.0 1.6071428571428572 
75799.73719844414 11057.60535168237 0.1336065768522759 0.09185509025154553 66.0 84.0 1.1730769230769231 
73560.0 9587.733349148872 0.5080935251798562 0.09892086330935251 81.0 74.0 0.0 
70085.0 9529.364166059426 0.09248554913294797 0.28516377649325625 73.0 100.0 0.6006066734074823 
60985.0 8233.220174798336 0.3462197217711049 0.29804727646391094 69.0 75.0 0.3534090909090909 
82907.89026516839 9028.17090388785 0.14837906767110456 0.09699309222511981 101.0 102.0 1.0128973328461819 
102195.0 7706.400203607175 0.22029543994861914 0.2607578676942839 106.0 71.0 0.0 
78865.0 9469.397355110295 0.12139998972853942 0.2614367630579825 80.0 100.0 0.7246954595791806 
65570.0 8909.349130401766 0.12780989081567115 0.2691072575465639 63.0 75.0 1.4807692307692308 
109830.0 8326.091105738644 0.14771997430956968 0.00899165061014772 114.0 91.0 0.8227106227106227 
45805.0 9503.243737686462 0.2511400437826312 0.41878998403216827 44.0 70.0 0.0 
91318.0826377646 10356.475249081268 0.17212588310854207 0.00899165061014772 91.0 93.0 1.2546218487394958 
97868.33333333334 10365.881159052311 0.19781631342324985 0.0 100.0 129.0 1.8669047619047618 
129854.71436150595 8595.754504973016 0.15028901734104047 0.0 142.0 154.0 3.1307692307692307 
90273.91093199328 11677.925873020313 0.13488829397966445 6.358364255827129E-10 91.0 124.0 1.6236622636622637 
85470.0 9467.037268044627 0.3140655105973025 0.056518946692357096 85.0 77.0 0.43956043956043955 
104980.0 7010.1677617244595 0.16123104516079 2.392493510361353E-6 110.0 84.0 1.4692307692307693 
89925.0 9469.57974025202 0.13296811314106227 0.11303789842922617 92.0 91.0 0.7575757575757576 
61510.0 9007.180615997664 0.29739742080949605 0.18433304499661543 66.0 64.0 0.0 
73560.0 9587.733349148872 0.5080935251798562 0.09892086330935251 81.0 74.0 0.0 
43070.0 9381.374798274986 0.08928571428571429 0.3635662898252826 50.0 72.0 0.4880952380952381 
55500.0 8049.904112384028 0.15542710340398203 0.33590237636480413 70.0 72.0 0.0 
78335.0 9315.394463572413 0.25176621708413616 0.13166345536287732 91.0 97.0 1.4091041557381825 
80650.0 8442.429538999344 0.29929351316634556 0.06551059730250482 80.0 71.0 0.0 
55320.0 8823.319900795548 0.19460500963391136 0.2556197816313423 58.0 65.0 0.0 
91195.50792901644 13537.015534137314 0.08415299188433514 1.1717787097968779E-5 95.0 151.0 2.1045980335454018 
89280.54208588196 10131.891175923402 0.19270463068023316 0.014129736673089277 82.0 88.0 0.7547619047619047 
148135.0 7007.521541761977 0.39627488760436735 0.10597302504816955 146.0 73.0 0.0 
58685.0 9262.80363861732 0.14966598151079394 0.24152106882689464 64.0 79.0 0.0 
103967.22518676629 6612.436449439716 0.15221579961464354 0.023121387283236993 147.0 109.0 2.9149501661129564 
129852.92891983147 8596.617008413665 0.1503083222886758 0.0 142.0 154.0 3.1307692307692307 
81856.44270666654 9444.877914228347 0.14323933017156462 0.22675171274590974 96.0 122.0 1.4434643143544508 
188275.0 6062.538733058496 0.3827874116891458 0.024405908798972382 167.0 80.0 1.4210526315789473 
43070.0 9381.383874543055 0.08928571428571426 0.36356628982528255 50.0 72.0 0.4880952380952381 
95485.0 10333.056738526508 0.33269107257546565 0.0 92.0 85.0 2.0811904761904763 
98769.36011503133 11978.669904072374 0.10468850353243417 0.0012845215157353885 97.0 124.0 1.9395255379828884 
89280.54756182063 10131.961309535249 0.19270298047279188 0.014131551901306121 82.0 88.0 0.7547619047619047 
128910.0 6274.4201307326575 0.29995648439886463 0.1303789341544629 131.0 77.0 1.568421052631579 
69590.0 8955.7461299677 0.21066152858060372 0.14065510597302505 68.0 66.0 0.0 
99137.16080874982 11226.99611391187 0.06295030322129096 6.888227943812724E-10 103.0 138.0 2.767159277504105 
51380.0 9087.152599495015 0.2909441233140655 0.37636480411046885 50.0 70.0 0.0 
94138.47700464231 8722.646277422911 0.13937058445728967 0.0 112.0 98.0 0.6171428571428571 
106855.0 8965.907260014605 0.2222222222222222 0.11432241490044959 99.0 90.0 1.6389284349421929 
90382.85435522627 9052.296675326315 0.27941932170611106 1.9075092767481388E-10 90.0 85.0 0.8142857142857142 
64450.0 8648.507201524979 0.12395632626846499 0.2845215157353886 69.0 88.0 1.4843231978781852 
58685.0 9262.80363861732 0.1496660615308081 0.24152081737478287 64.0 79.0 0.0 
88125.25059329355 10031.134197660493 0.21579961464354527 0.017341040462427744 78.0 79.0 0.3727272727272727 
69165.0 7756.188598277769 0.16056518946692358 0.1708413615928067 88.0 70.0 0.0 
89713.98617714286 10753.804722580084 0.10276172125883108 0.0 98.0 124.0 1.4572032618544246 
59055.0 8274.271258955387 0.127823175643085 0.30189729234499774 70.0 78.0 0.0 
104980.0 7010.1677617244595 0.16123104516079 2.392493510361353E-6 110.0 84.0 1.4692307692307693 
93620.00000000001 10800.721252611633 0.24020552344251767 0.0 103.0 102.0 0.9134939134939135 
71960.0 8146.256038647342 0.34298654964898406 0.2697495183044316 68.0 71.0 0.0 
70950.0 9333.796279310942 0.5016709176011792 0.11561964301391256 76.0 64.0 0.0 
89855.69880604853 11090.861453396048 0.2466281310211946 0.0 93.0 111.0 1.8593650793650793 
60248.06644004205 10508.139936219399 0.15865878463804667 0.22353545366008196 65.0 90.0 0.6006066734074823 
51380.0 9087.152599495015 0.2909441233140655 0.37636480411046885 50.0 70.0 0.0 
67903.30744797271 9552.608922428031 0.08477842003853564 0.29672447013487474 74.0 107.0 1.3422690648031466 
86948.0847168864 11696.067213586823 0.09189188708116057 3.5477871324062036E-6 93.0 144.0 2.3390942390942393 
99258.61974323759 9265.451138170976 0.08413615928066795 0.00449582530507386 131.0 131.0 2.7098560354374306 
97139.10908718925 10768.2874253965 0.1791907514450867 0.0 96.0 104.0 1.5382186234817814 
189803.97305349185 8099.421110208368 0.3308084276821399 0.0 154.0 118.0 2.1953748006379588 
89280.54756182063 10131.961309535249 0.19270298047279188 0.014131551901306121 82.0 88.0 0.7547619047619047 
43940.0 9767.373996403614 0.1708413615928067 0.3519588953114965 44.0 65.0 0.0 
83395.0 9487.07557148269 0.2491971740526654 0.01991008349389852 97.0 87.0 0.36236559139784946 
142037.9576628513 8092.97487763857 0.365446371226718 0.0 132.0 94.0 1.687062937062937 
56685.0 8547.542899295739 0.2909441233140655 0.2350674373795761 70.0 68.0 0.0 
99756.74174230758 10625.875490157816 0.4290301862556198 0.0 90.0 95.0 1.4473684210526316 
69852.78727054098 9618.180869502412 0.10341726684411263 0.27042651520948074 80.0 117.0 1.872446251957078 
64215.0 8280.066817895759 0.14902363823227135 0.24922918807810893 73.0 74.0 0.0 
93750.25535999924 11460.986994681247 0.10854206807964033 0.0 89.0 115.0 2.14375 
82907.89026516839 9028.17090388785 0.14837906767110456 0.09699309222511981 101.0 102.0 1.0128973328461819 
73560.0 9587.733349148872 0.5080935251798562 0.09892086330935251 81.0 74.0 0.0 
83474.99999999999 8801.8752320703 0.23892100192678228 0.03275529865125241 85.0 85.0 1.9136804146946136 
94980.0 8855.190757802777 0.2138728323699422 0.0 110.0 103.0 2.0081986978538704 
53665.0 9574.34077793941 0.2581888246628131 0.26718047527296085 56.0 65.0 0.0 
85430.64090168712 12001.379035399501 0.19206278208217595 0.0 95.0 121.0 1.2623080623080623 
69165.0 7756.188598277769 0.16056518946692358 0.1708413615928067 88.0 70.0 0.0 
67225.0 8173.014705882354 0.0719487989710634 0.319879439532827 79.0 81.0 0.0 
93750.08049824391 11460.884049456843 0.10855601054182142 0.0 89.0 115.0 2.14375 
92772.59018806886 8980.577207542212 0.178548490687219 0.01348747591522158 110.0 105.0 1.8554376657824934 
67085.0 8650.690305250291 0.18754014129736674 0.19781631342324985 68.0 73.0 0.0 
87185.0 9880.316223259537 0.27552986512524086 0.011560693641618497 83.0 88.0 1.3232926020649804 
43070.0 9381.383874543055 0.08928571428571426 0.36356628982528255 50.0 72.0 0.4880952380952381 
112040.0 7950.002094679514 0.3924213230571612 0.023763648041104687 116.0 76.0 0.3727272727272727 
100605.0 10373.719938759805 0.15676080316986457 3.927152567023122E-5 110.0 114.0 1.1614973262032087 
109068.50269559678 10217.461963331325 0.07707129094412331 0.0 129.0 143.0 2.914969332992589 
81335.0 10147.18974116203 0.2517941845082745 0.03853572797183788 84.0 77.0 0.3689064558629776 
69852.75499339483 9618.266840049451 0.10341726618713476 0.27042651593002054 80.0 117.0 1.872446251957078 
97170.97569537845 8529.278061362114 0.09441233140655106 0.0038535645472061657 127.0 129.0 1.7752649649201373 
80905.0 7692.472380923513 0.2581888246628131 0.10854206807964033 90.0 76.0 0.0 
68065.0 9078.823823980469 0.15865878463804667 0.23638066881743583 71.0 74.0 0.0 
