123175.0 8094.746745719493 0.47719974309569685 0.07771355170199101 105.0 70.0 0.0 
88248.47967305043 10532.375647084624 0.12846865152878273 0.0 94.0 116.0 1.7338661338661339 
73340.0 6515.917917221885 0.07064868336544637 0.3262684649967887 90.0 76.0 1.0434782608695652 
117215.0 7616.1420011305845 0.28901734104046245 0.19653179190751446 115.0 71.0 0.0 
145590.0 7422.67810391713 0.4508670520231214 0.046885035324341684 132.0 77.0 0.0 
104875.0 6292.653214683872 0.19717405266538215 0.0783558124598587 118.0 85.0 1.1282051282051282 
103394.53988862329 8336.784347900903 0.2023121387283237 0.0 117.0 116.0 1.9198369565217392 
62560.0 7450.332030647339 0.17597944765574824 0.31856133590237634 69.0 79.0 1.0666666666666667 
109478.60322510451 9062.29054379961 0.1111111111111111 0.0 126.0 114.0 2.1466346153846154 
119045.31665626407 8185.850088583776 0.16441875401412973 0.0 137.0 95.0 0.26666666666666666 
143105.0 7417.31406614502 0.3262684649967887 0.15414258188824662 140.0 73.0 0.0 
84198.2160338551 13537.734050394085 0.08734746307000642 0.0 89.0 143.0 2.290591060985798 
108080.42258365807 11514.723473802766 0.09636683605293409 2.970044930265651E-6 105.0 150.0 2.942760942760943 
56400.0 9479.210449739723 0.1123956326268465 0.371868978805395 67.0 109.0 2.0 
111616.40595253339 10693.94368205607 0.09185384834643637 0.0 120.0 136.0 2.2975115283267455 
95043.46274457079 9299.472014306277 0.2029543994861914 0.0 133.0 128.0 2.1504901960784313 
149005.0 7306.032397444236 0.3153905454058431 0.10598663798812306 155.0 75.0 0.0 
91445.36129763517 11881.631660766569 0.09890815671162492 0.0 94.0 131.0 2.2541666666666664 
98108.83317584383 12593.582220360428 0.10340398201669879 0.0 103.0 155.0 2.1462416013437853 
101510.0 8640.249943177752 0.12973667308927425 0.0032113037893384713 112.0 95.0 0.6555555555555556 
97258.76435724841 9620.135203948044 0.24791265253692998 0.006422607578676943 100.0 93.0 0.8125 
66105.0 7552.156986902123 0.3243416827231856 0.2928709055876686 77.0 79.0 1.1176470588235294 
127330.0 7608.019362306642 0.28709055876685935 0.1920359666024406 117.0 74.0 0.0 
101019.39176184413 10428.991576644377 0.08606294155427104 0.0 120.0 167.0 2.9979166666666663 
68090.0 7780.954264148995 0.3346178548490687 0.3147077713551702 80.0 74.0 0.0 
177790.0 5720.591506385442 0.3904945407835581 0.0 184.0 78.0 1.0444444444444445 
89705.0 8459.592127910131 0.17148362235067438 0.2543352601156069 92.0 80.0 0.0 
172890.0 7418.179830744419 0.37636480411046885 0.006422607578676943 160.0 86.0 0.7938596491228069 
59850.0 6966.682330827064 0.13744380218368657 0.3301220295439949 76.0 85.0 0.475 
170745.0 7692.507459340578 0.34296724470134876 0.0 160.0 97.0 0.617933723196881 
62250.0 10280.498212834822 0.364181154658618 0.3301220295439949 57.0 71.0 0.0 
85272.5 10467.001441123071 0.13937058445728967 0.030828516377649325 84.0 96.0 0.27056277056277056 
60210.0 8854.668765341214 0.18754014129736674 0.31856133590237634 65.0 76.0 0.0 
64545.0 6564.113914312436 0.05394990366088632 0.3583815028901734 83.0 75.0 1.08 
92165.30739857504 13656.083121503743 0.06616193427563766 0.0 87.0 142.0 2.548611111111111 
121175.0 7796.640605520848 0.12074502247912652 0.029543994861913937 161.0 149.0 3.4166666666666665 
84695.0 8495.376011857259 0.29030186255619783 0.035324341682723186 99.0 76.0 0.0 
140970.0 5710.265241081527 0.45536287732819525 0.0 166.0 78.0 0.0 
81615.0 9345.623715138592 0.33140655105973027 0.035324341682723186 99.0 76.0 0.8513931888544892 
106390.0 7856.975063896305 0.21518350631473912 0.0 118.0 97.0 1.677142857142857 
110000.0 6862.889357408195 0.12267180475272961 0.14450867052023122 133.0 114.0 2.4603174603174605 
75495.0 6660.469788329477 0.13680154142581888 0.2800256904303147 97.0 101.0 1.336111111111111 
129950.0 7483.519271643444 0.2010276172125883 0.006422607578676943 144.0 85.0 0.3447204968944099 
94654.30438702268 12414.589494899888 0.07065833583926404 0.0 93.0 136.0 2.565705128205128 
70710.0 7667.58672792049 0.21772639691714837 0.2543352601156069 79.0 78.0 1.0666666666666667 
114612.73513388229 10504.418102075279 0.11753371868978806 0.0 119.0 119.0 1.5590277777777777 
81460.0 7352.758434025775 0.3590237636480411 0.262684649967887 82.0 81.0 1.7200000000000002 
92075.87419148957 9400.44024494606 0.19396274887604367 0.010276172125883108 123.0 115.0 1.264692218350755 
77630.0 8528.291833282416 0.371868978805395 0.12973667308927425 95.0 71.0 0.5057471264367817 
132075.0 7910.968379446642 0.3365446371226718 0.1599229287090559 132.0 72.0 0.0 
87180.0 8388.666200696278 0.3063583815028902 0.027617212588310854 104.0 72.0 0.0 
58195.0 8600.132054974087 0.05394990366088632 0.3583815028901734 67.0 92.0 1.0411899313501145 
134250.0 7516.325562077717 0.35131663455362877 0.15542710340398203 129.0 72.0 0.0 
99203.21982985691 9732.965952848748 0.15028901734104047 0.0 125.0 132.0 2.3075541556145005 
177790.0 7666.199593439987 0.4040339090580217 0.0 170.0 84.0 0.6066176470588236 
170155.0 5838.6469019714605 0.371868978805395 0.07385998715478484 165.0 74.0 1.0444444444444445 
88106.08549440125 12871.796316977541 0.1014771997430957 0.0 84.0 122.0 2.1795008912655973 
138210.0 7996.944590219904 0.363519588953115 0.11303789338471419 133.0 72.0 0.0 
136265.0 7276.825316035838 0.41168914579319205 0.09505459216441875 158.0 75.0 0.0 
152530.0 7332.279737607014 0.3448940269749518 0.08028259473346179 158.0 77.0 0.0 
72080.0 9508.953540331482 0.2010276172125883 0.2145150931278099 91.0 100.0 1.368859649122807 
156145.0 7369.932235838925 0.3179190751445087 0.13744380218368657 137.0 73.0 0.0 
105948.15633418364 10983.332065019498 0.08156711624919717 0.0 114.0 138.0 2.6024844720496896 
120287.1960214465 9693.602544410598 0.0783558124598587 0.0 146.0 156.0 3.44645390070922 
102874.91811548531 11001.367990164861 0.09184328837508028 0.0 107.0 137.0 2.508499874308698 
64565.0 9272.688941099794 0.31085420680796405 0.2915863840719332 71.0 72.0 0.0 
125575.0 5819.050553402305 0.16120745022479127 0.029543994861913937 154.0 91.0 0.6827127659574468 
50935.0 9276.987005157524 0.11817597944765575 0.5016056518946692 58.0 89.0 0.5925925925925926 
49175.0 8221.987951807227 0.11946050096339114 0.3892100192678227 63.0 74.0 0.0 
81575.9594599113 14132.481347276349 0.10404624277456648 0.0 90.0 152.0 2.3898635477582846 
95065.0 6227.054194393977 0.2357096981374438 0.14193962748876043 111.0 88.0 1.2758620689655173 
143940.0 5716.412022256681 0.3134232498394348 0.00899165061014772 173.0 82.0 0.0 
132360.0 5811.348654141888 0.170199100834939 0.006422607578676943 144.0 87.0 1.8 
69715.0 9696.060000459267 0.4271034039820167 0.1567116249197174 75.0 71.0 0.0 
79565.0 7392.203623022243 0.22736030828516376 0.1926782273603083 82.0 82.0 0.0 
150865.0 5077.755860447564 0.3436095054592164 0.03789338471419396 163.0 79.0 0.11794871794871795 
54355.0 9135.050786194062 0.14900449582530506 0.35388567758509953 60.0 74.0 0.0 
88590.0 6554.364200682556 0.17341040462427745 0.2742453436095055 100.0 76.0 1.0434782608695652 
167680.0 7248.371279552766 0.37572254335260113 0.026332691072575465 157.0 76.0 0.0 
85195.0 6725.804524722691 0.3352601156069364 0.23699421965317918 104.0 90.0 1.6507936507936507 
100000.0 6757.297926053728 0.21516973044170157 0.028259473346178548 108.0 77.0 1.0869565217391304 
161465.0 6643.853626105598 0.38856775850995506 0.0 173.0 95.0 0.9479166666666666 
114270.0 5947.326887836039 0.21066152858060372 0.0 127.0 81.0 1.0869565217391304 
134550.0 5480.262349058764 0.21066152858060372 0.0 144.0 81.0 1.1176470588235294 
122615.0 5645.443888363501 0.178548490687219 0.029543994861913937 145.0 83.0 1.325 
124835.78421318642 9615.659146384405 0.0899165061014772 0.0 135.0 137.0 2.2890354090354093 
56400.0 7175.910957353941 0.1123956326268465 0.371868978805395 68.0 81.0 0.0 
83051.13399261073 11126.97365424346 0.22864482980089917 0.0012845215157353885 97.0 118.0 1.7788461538461537 
80510.0 11851.52902707778 0.12460980849030608 0.012845215157353885 78.0 105.0 0.26515151515151514 
88283.69583432004 14919.641643628796 0.09184328837508028 0.0 84.0 142.0 2.8174185463659147 
159715.0 7363.792721635786 0.36095054592164416 0.09826589595375723 142.0 72.0 0.0 
173930.0 5733.091956988927 0.35773924213230573 0.028901734104046242 180.0 76.0 1.08 
43940.0 9454.155610083219 0.13423249839434812 0.5016056518946692 48.0 78.0 0.0 
193865.0 6121.634275057998 0.36287732819524726 0.0 187.0 93.0 0.9236111111111112 
192065.0 5066.794906833013 0.33269107257546565 0.03789338471419396 175.0 85.0 0.4444444444444444 
138730.0 5885.490942089397 0.40655105973025046 0.0 177.0 94.0 0.9479166666666666 
90117.69047970638 14144.767029980232 0.07515416238445442 0.0 89.0 145.0 2.206123737373737 
51885.0 10848.874636432847 0.1123956326268465 0.371868978805395 65.0 117.0 1.698830409356725 
106885.0 5633.134649002715 0.14065510597302505 0.03789338471419396 125.0 79.0 0.0 
46300.0 7897.016541030263 0.13937058445728967 0.4932562620423892 56.0 73.0 0.13128205128205128 
197535.0 6148.390555037013 0.3622350674373796 0.006422607578676943 177.0 87.0 0.4444444444444444 
92870.0 6418.865546218488 0.2241490044958253 0.20873474630700065 103.0 87.0 0.0 
128825.0 5345.329872770434 0.1233140655105973 0.03789338471419396 151.0 87.0 0.43687943262411344 
175820.0 5679.806767372676 0.24020552344251767 0.0032113037893384713 197.0 87.0 0.0 
97445.0 6077.29166769716 0.1791907514450867 0.14193962748876043 139.0 106.0 2.549808429118774 
66985.0 10629.580754032517 0.4527938342967245 0.16184971098265896 65.0 65.0 0.0 
78312.52966042052 12133.482532430316 0.11560693641618497 0.012845215157353885 84.0 114.0 1.0666666666666667 
179770.0 5430.42754217747 0.3725112395632627 0.0 223.0 120.0 2.0128019323671498 
41370.0 8369.682866661578 0.15285806037251123 0.3956326268464997 54.0 66.0 0.0 
52355.0 6920.783132530118 0.10918432883750803 0.3815028901734104 66.0 79.0 0.0 
159070.0 4558.469236471458 0.4258188824662813 0.0 185.0 81.0 1.0625 
38960.0 9557.49147634991 0.15350032113037893 0.5080282594733462 50.0 77.0 0.0 
