91355.0 7595.793727672285 0.2350674373795761 0.13166345536287732 104.0 82.0 0.0 
132545.0 9704.856235082634 0.6358381502890174 0.016698779704560053 124.0 88.0 0.6533333333333333 
181870.0 7529.562557487319 0.3519588953114965 0.0 165.0 92.0 0.4444444444444444 
134550.0 8886.620410807303 0.15542710340398203 0.0 145.0 141.0 3.210685483870968 
87980.0 8102.940160524104 0.2023121387283237 0.030828516377649325 104.0 87.0 0.5476190476190476 
112205.29346990303 10262.60281018103 0.13037893384714194 0.0 104.0 113.0 1.5084554752133412 
67085.0 8558.134990550021 0.16570327552986513 0.24405908798972384 61.0 69.0 0.0 
100310.0 10338.826308207323 0.07450224791265253 0.0 107.0 145.0 3.156498673740053 
103948.12638843471 8921.192802707576 0.178548490687219 0.0 119.0 120.0 2.003968253968254 
88062.82815683387 13625.483690185923 0.147077713551702 0.0 88.0 121.0 2.594685773996119 
136416.002845415 7403.488758227353 0.394990366088632 0.0 161.0 97.0 1.3456439393939392 
97596.83941963641 12613.952825236633 0.08478823877314333 0.0 96.0 136.0 2.4459942084942083 
95975.0 9733.409317967937 0.07708119392689537 0.0 102.0 122.0 2.3420329670329667 
75495.0 6660.469788329477 0.13680154142581888 0.2800256904303147 97.0 101.0 1.336111111111111 
147050.0 7601.315584883465 0.3468208092485549 0.006422607578676943 133.0 87.0 1.395970695970696 
84718.77049408664 13197.931011006225 0.10468850353243417 0.0 89.0 142.0 2.778954378954379 
82130.0 9384.10577591931 0.4605009633911368 0.10661528580603725 86.0 76.0 0.0 
117988.36505531456 12224.559577927734 0.06101477199743096 0.0 116.0 153.0 3.1047539417104635 
70620.0 9178.35391245476 0.170199100834939 0.2010276172125883 79.0 82.0 0.18214285714285713 
92786.13460006141 11466.596708172601 0.12845215157353887 0.0 95.0 122.0 2.457142857142857 
125895.0 7163.409025582064 0.38152434011522746 0.061022609476171795 146.0 76.0 0.0 
97929.28058287565 10176.252894765803 0.2254335260115607 0.008349389852280027 104.0 108.0 1.829128919860627 
123665.00000000001 7235.4733876772925 0.1573538856775851 0.029543994861913937 130.0 98.0 2.319444444444444 
89987.29172305083 9910.54002909061 0.2305866270337742 0.0 117.0 110.0 1.6463203463203464 
110444.04072625558 12515.986052235567 0.06936416184971098 0.0 106.0 143.0 2.283791208791209 
141170.0 7605.0078247261345 0.46692357096981374 0.010276172125883108 125.0 70.0 0.0 
114920.0 9213.011209163811 0.15606936416184972 0.0 112.0 119.0 1.5702982349360926 
109180.0 10135.682395736876 0.1464354527938343 0.006422607578676943 109.0 100.0 1.5 
53725.0 8542.103990618847 0.23763648041104687 0.36095054592164416 63.0 72.0 0.0 
90923.30301410581 11550.340700926956 0.0680796403339756 0.0 100.0 145.0 2.4346972880061117 
61965.0 9017.876951016 0.13359023763648042 0.2832369942196532 66.0 76.0 0.0 
84304.57169883205 11054.349001011147 0.11689145793192036 0.0 109.0 135.0 2.2100108225108226 
117404.32602313973 8970.809612279943 0.14065510597302505 0.0 138.0 119.0 2.693650793650794 
89880.83611233057 13028.766220741896 0.0892742453436095 0.0 88.0 143.0 2.548196248196248 
106676.26089780859 7989.595140338476 0.15416238183453926 0.0032117162882195683 114.0 86.0 0.7431235431235432 
88098.06522103638 10284.686570449312 0.17597944765574824 0.009633911368015413 87.0 102.0 0.9833333333333334 
107149.9569515409 11115.648715462545 0.06165703275529865 0.0 110.0 169.0 2.7246754476040778 
134130.0 5665.448502846802 0.17212588310854207 0.006422607578676943 139.0 75.0 1.0769230769230769 
91968.28078989369 9730.19907791479 0.09569685292228645 0.0 133.0 150.0 2.5156521739130433 
60835.0 6986.020817719795 0.17405266538214514 0.2980089916506101 90.0 92.0 0.8666666666666667 
107855.0 6140.967188767675 0.1894669235709698 0.07193320488118175 125.0 81.0 0.0 
158990.0 6996.349333458952 0.4746307000642261 0.010276172125883108 135.0 71.0 0.0 
122615.0 5737.868846381973 0.20423892100192678 0.029543994861913937 143.0 81.0 1.0625 
168920.0 5769.045060842984 0.3828360865571152 0.024409043790468717 164.0 73.0 1.1052631578947367 
102280.0 7484.983192805806 0.23121387283236994 0.035324341682723186 94.0 69.0 0.0 
78785.0 8600.81295593814 0.363519588953115 0.1111111111111111 79.0 71.0 0.0 
72735.0 8570.252479336697 0.31213872832369943 0.19717405266538215 83.0 68.0 0.0 
86045.0 8596.079840791985 0.35452793834296725 0.01991008349389852 98.0 65.0 0.0 
57940.0 8617.79207280159 0.2183910151143715 0.3198841373142775 66.0 77.0 0.0 
143776.52630078438 7513.448649462709 0.4168272318561336 0.0 125.0 83.0 0.8838383838383839 
77050.0 7941.347731317182 0.3551701991008349 0.1464354527938343 94.0 75.0 0.0 
50005.0 8445.494221785098 0.14002687017711465 0.3815518950404847 58.0 76.0 0.0 
92037.81741296861 13250.748604882445 0.08413615928066795 0.0 87.0 138.0 1.7032356532356534 
128338.46008951296 7853.399246333743 0.2029543994861914 0.008349389852280027 132.0 89.0 0.691764705882353 
140970.0 5744.659541921368 0.45536287732819525 0.0 166.0 78.0 1.0625 
120295.0 7463.602992751929 0.3737957610789981 0.05138086062941554 116.0 74.0 0.0 
104875.0 6285.761380083193 0.19717405266538215 0.0783558124598587 118.0 82.0 1.0833333333333333 
112730.0 6526.825987289691 0.17148362235067438 0.05330764290301863 143.0 95.0 1.9083333333333332 
94330.0 7582.0080521797845 0.16056518946692358 0.10404624277456648 89.0 80.0 0.0 
84115.0 8681.576155253393 0.19588953114964675 0.09826589595375723 93.0 81.0 0.0 
93035.0 5993.627316053313 0.24983943481053308 0.12138728323699421 112.0 77.0 1.328173374613003 
81102.12014506552 13835.805088367986 0.11370515157477636 0.0 85.0 141.0 2.28106433796089 
85178.40000427111 15188.575970620599 0.07066122449713183 0.0 80.0 144.0 2.534199134199134 
95444.75106958697 12097.412833889477 0.09248554913294797 0.0 91.0 139.0 2.1176738862160853 
68105.0 6951.992408112499 0.19653179190751446 0.28644829800899163 75.0 79.0 0.0 
156830.0 5695.865990110914 0.40655105973025046 0.0 186.0 95.0 0.9479166666666666 
103424.35137159957 11221.683356557518 0.06553476973693709 1.4519960614606833E-5 124.0 167.0 2.880952380952381 
191500.0 7036.610105943792 0.43159922928709055 0.033397559409120106 164.0 77.0 0.6070991432068543 
81815.71121967188 11622.839446284042 0.16570327552986513 0.009633911368015413 81.0 107.0 1.4587906716938974 
138590.03428011754 8109.045610842961 0.44701348747591524 0.007064868336544637 116.0 75.0 0.0 
93978.01686992885 14181.262469644256 0.06165703275529865 0.0 85.0 146.0 2.4555567074435 
153720.0 6181.470514504515 0.4829800899165061 0.023763648041104687 149.0 74.0 1.08 
71485.0 6588.100640331077 0.1811175337186898 0.2691072575465639 82.0 81.0 0.2074074074074074 
171795.0 6786.672999280337 0.3853564547206166 0.05202312138728324 146.0 77.0 0.0 
83320.19635506594 14864.186941693657 0.09763271017127366 0.0 77.0 139.0 2.3363876863876865 
63915.0 10080.302548932903 0.19781631342324985 0.224791265253693 67.0 74.0 0.0 
99193.44889656352 13578.456062984429 0.07643884892081428 0.0 93.0 141.0 2.616964285714286 
130775.0 7001.286748089819 0.22029543994861914 0.008349389852280027 134.0 79.0 0.0 
79813.99204892272 11867.060917897721 0.12973667308927425 0.009633911368015413 79.0 108.0 1.0034632034632034 
137530.0 5954.610869652045 0.3917790622992935 0.006422607578676943 154.0 78.0 1.0666666666666667 
121895.0 9214.702004997549 0.11368015414258188 0.0 121.0 110.0 0.9309433962264151 
161640.7405244751 6320.078898810577 0.3481500513874614 0.0 182.0 98.0 1.0013071895424837 
43940.0 9454.155610083219 0.13423249839434812 0.5016056518946692 48.0 78.0 0.0 
99560.0 7271.149318540205 0.25497752087347464 0.04367373153500321 96.0 75.0 0.0 
52355.0 6920.783132530118 0.10918432883750803 0.3815028901734104 66.0 79.0 0.0 
100939.33911924445 14339.947985237159 0.05330764290301863 0.0 88.0 148.0 2.632270408163265 
188275.0 5742.948045257447 0.3827874116891458 0.024405908798972382 167.0 74.0 1.0444444444444445 
150720.0 7551.251284531221 0.3815028901734104 0.0 153.0 84.0 0.0 
116460.0 6383.078045654241 0.18240205523442518 0.0 121.0 85.0 1.794871794871795 
70430.0 12191.648264974632 0.10725754656390495 0.1791907514450867 64.0 105.0 1.2455357142857142 
65145.0 7036.1050762343475 0.22029543994861914 0.2742453436095055 81.0 86.0 1.5524296675191815 
67686.7198335645 10252.685617577856 0.22350674373795762 0.19717405266538215 70.0 76.0 0.0 
77710.0 10605.268685593444 0.25176621708413616 0.14515093127809892 80.0 88.0 0.8484848484848484 
166859.83965014576 7566.052431271589 0.36608863198458574 0.0032113037893384713 137.0 83.0 0.5182186234817814 
48050.0 9577.591327591328 0.2845215157353886 0.42517662170841364 54.0 71.0 0.0 
83645.0 6701.792132667405 0.33911368015414256 0.10789980732177264 104.0 76.0 1.1764705882352942 
46345.0 8040.1493930905735 0.16249197174052665 0.48233782915863843 50.0 71.0 0.0 
40500.0 8363.10105664944 0.18368657675016056 0.49967886962106617 55.0 70.0 0.0 
51885.0 10841.938041367714 0.1123956326268465 0.371868978805395 65.0 117.0 1.698830409356725 
86075.0 6400.364479393105 0.15285806037251123 0.08670520231213873 110.0 86.0 1.5999999999999999 
72825.0 12634.655447331852 0.10083493898522801 0.17341040462427745 69.0 111.0 1.688392857142857 
79965.0 6381.174289702361 0.13230571612074501 0.2691072575465639 92.0 92.0 1.2111111111111112 
55650.0 10316.710600305718 0.1682723185613359 0.3301220295439949 67.0 115.0 1.698830409356725 
176580.0 5356.959638482645 0.2594733461785485 0.0 190.0 95.0 1.0754716981132075 
97240.0 6104.667070958841 0.2543352601156069 0.10404624277456648 120.0 81.0 1.08 
56400.0 7175.910957353941 0.1123956326268465 0.371868978805395 68.0 81.0 0.0 
126665.0 5179.047184458455 0.14065510597302505 0.03789338471419396 141.0 79.0 0.0 
159070.0 4558.469236471458 0.4258188824662813 0.0 185.0 81.0 1.0625 
38960.0 9557.49147634991 0.15350032113037893 0.5080282594733462 50.0 77.0 0.0 
78741.5468434036 13383.089433711408 0.12845215157353887 0.009633911368015413 85.0 122.0 0.6155844155844156 
150865.0 5127.868778999426 0.3622350674373796 0.03789338471419396 159.0 77.0 0.0 
192065.0 5066.794906833013 0.33269107257546565 0.03789338471419396 175.0 85.0 0.4444444444444444 
