117185.0 7322.357079448424 0.11496467565831728 0.0 131.0 112.0 1.8859722222222222 
113326.09288919187 10384.717409828474 0.11046885035324341 0.0 127.0 166.0 2.5735310639254014 
92357.65992145127 10661.009957313143 0.17212588310854207 0.0 101.0 115.0 1.6153846153846154 
100282.77345574218 10967.53126196331 0.19781631342324985 0.0 93.0 95.0 0.8310276679841897 
105868.24174421087 9083.88044936664 0.1252408477842004 0.0 121.0 113.0 1.232943469785575 
111473.19919707501 8682.878119621431 0.14001284521515736 0.0 130.0 99.0 0.37092391304347827 
64835.0 8471.588517003805 0.08156711624919717 0.35581245985870263 70.0 81.0 0.8649885583524027 
92396.97113314652 13403.040609338417 0.08414473925739477 0.0 85.0 145.0 2.030804943848422 
104209.74325349303 11034.414761296399 0.06936416184971098 0.0 115.0 142.0 2.790870885407499 
134550.0 6277.922997983607 0.1567116249197174 0.0 148.0 96.0 1.1 
117300.77888126718 10311.902767772612 0.10276172125883108 0.0 120.0 134.0 2.507260101010101 
114270.0 8079.545886857557 0.14900449582530506 0.0 128.0 114.0 2.6875 
122297.93977409553 10058.314965932275 0.10599085062698531 2.7552911775250896E-10 131.0 142.0 2.320938215102975 
188274.13101352248 6507.119468869234 0.3827874116891458 0.024405908798972382 167.0 80.0 0.888157894736842 
73040.0 7984.981078524123 0.08028259473346179 0.3281952472703918 83.0 74.0 0.0 
132625.0 5611.057032639774 0.13230571612074501 0.029543994861913937 161.0 95.0 2.118840579710145 
119452.46246718393 9912.343282128906 0.11368015414258188 0.0 137.0 136.0 2.459866220735786 
95290.0 10628.315998771563 0.1573538856775851 0.0 105.0 105.0 0.9143049932523616 
123960.0 8719.86158355271 0.13359023763648042 0.0038535645472061657 125.0 111.0 1.8669301712779975 
178370.0 7188.1073761197185 0.4059087989723828 0.0 156.0 88.0 1.4899885583524026 
98350.6403676465 9776.570651090777 0.1926782273603083 0.0 136.0 138.0 1.9680352131626497 
90499.20314433001 12169.255981208142 0.10468850353243417 0.0 99.0 139.0 1.9181391085833601 
109840.0 10035.93952658374 0.1689145793192036 0.015414258188824663 100.0 111.0 1.4780701754385965 
156830.0 5695.865990110914 0.40655105973025046 0.0 186.0 95.0 0.9479166666666666 
158279.85135826154 7409.06528846467 0.37572254335260113 0.006422607578676943 145.0 80.0 0.7478632478632479 
97816.4242057587 11839.61752268665 0.05334097281261124 7.094980754864702E-6 111.0 151.0 2.7441829004329006 
83975.0 9193.532592679909 0.37829158638407195 0.027617212588310854 82.0 65.0 0.0 
59380.0 9197.336653401857 0.37508028259473347 0.2980089916506101 58.0 69.0 0.0 
51535.0 9799.209758974739 0.2530677335537727 0.3506972262337738 55.0 75.0 0.0 
94348.06755941111 12662.147011687766 0.06679511881824021 0.0 89.0 152.0 2.378285965242487 
126900.0 9931.758543179361 0.10982658959537572 0.0 130.0 143.0 2.8669301712779975 
89510.0 6309.980950431145 0.19974309569685292 0.14964675658317278 112.0 81.0 1.0434782608695652 
82055.59573450105 9800.215969067327 0.1959067736028766 0.05331143789272472 90.0 93.0 0.9840579710144928 
137010.0 6232.058411308271 0.43031470777135516 0.00899165061014772 152.0 79.0 1.1071428571428572 
50005.0 8276.204819277107 0.13102119460500963 0.3815028901734104 63.0 76.0 0.0 
63775.0 6742.245948734054 0.1464354527938343 0.30700064226075785 84.0 88.0 2.118181818181818 
107442.03578840036 11005.15413039302 0.08349389852280026 0.0 116.0 142.0 2.483178577715191 
77585.0 9669.133484300777 0.14836223506743737 0.21772639691714837 85.0 106.0 1.797921146953405 
109035.0 7287.858801884339 0.34104046242774566 0.016698779704560053 105.0 78.0 1.0714285714285714 
89285.0 8655.014405268214 0.29865125240847784 0.01605651894669236 102.0 76.0 0.0 
102745.0 7612.4797429767095 0.13680154142581888 0.008349389852280027 145.0 127.0 2.0808531746031744 
57370.0 8118.587885260909 0.2138728323699422 0.35645472061657035 59.0 72.0 0.0 
112355.0 6727.918651970307 0.17212588310854207 0.006422607578676943 132.0 81.0 0.0 
100635.0 7623.490643756617 0.22157996146435452 0.03982016698779704 108.0 79.0 0.0 
147780.0 5853.186193914984 0.14129736673089274 0.0 166.0 98.0 2.0565856777493607 
104285.0 6105.790163704376 0.178548490687219 0.029543994861913937 129.0 83.0 0.2625 
84451.14645574335 11511.733472285172 0.1567116249197174 0.0 87.0 116.0 2.3037184992842636 
79675.0 8888.84182365376 0.2594733461785485 0.05523442517662171 88.0 76.0 0.21333333333333332 
95270.0 6651.201641035002 0.15928066795118817 0.12267180475272961 114.0 82.0 0.0 
93665.0 8347.470752600584 0.28387925497752087 0.01605651894669236 106.0 78.0 0.32388663967611336 
181795.0 6788.365374388726 0.3519588953114965 0.0 165.0 92.0 0.4444444444444444 
62280.0 10453.122573062808 0.17469492614001284 0.2581888246628131 59.0 82.0 0.4805491990846682 
167125.0 7044.177785479121 0.39755940912010274 0.0 182.0 82.0 0.0 
128710.0 8305.081813576096 0.3686576750160565 0.16698779704560052 129.0 72.0 0.0 
171375.6853215051 6749.065726656313 0.3737957610789981 0.0 167.0 83.0 1.2105263157894737 
86762.17277629237 11446.798787689733 0.20490750564246943 0.0077081200560788765 96.0 120.0 1.876159809183065 
72190.0 10014.625558364822 0.17664192085878966 0.11497762812318373 76.0 79.0 0.0 
139565.0 7619.998961995514 0.42517662170841364 0.0 158.0 96.0 0.90625 
160740.0 6866.576086956523 0.37315350032113037 0.09377007064868337 149.0 77.0 0.0 
131410.0 8698.522589053575 0.36614365933532406 0.1477203868084508 127.0 72.0 0.0 
164005.0 7218.095556166752 0.34232498394348104 0.05394990366088632 154.0 75.0 0.0 
68375.0 6749.053150668495 0.16634553628773283 0.2800256904303147 93.0 93.0 0.825 
54310.0 9216.467670922115 0.3269107257546564 0.37764932562620424 61.0 72.0 0.0 
83599.88018359881 13717.795621285391 0.11624919717405266 0.0 88.0 132.0 2.023125996810207 
69220.0 9052.281058614752 0.28516377649325625 0.13037893384714194 70.0 74.0 0.0 
85915.86509892633 14958.972654590229 0.071942446043013 0.0 83.0 144.0 2.5137161084529502 
66900.0 8894.69146303743 0.16377649325626203 0.2504816955684008 69.0 78.0 0.0 
159070.0 4558.469236471458 0.4258188824662813 0.0 185.0 81.0 2.0 
46345.0 8040.1493930905735 0.16249197174052665 0.48233782915863843 50.0 71.0 0.0 
168920.0 5830.862640185317 0.3828365878717477 0.02440904419316512 164.0 73.0 1.1052631578947367 
119165.0 6872.823151648778 0.24277456647398843 0.04303147077713552 122.0 79.0 0.0 
96060.82116932621 8574.273920841662 0.20873474630700065 0.0 113.0 102.0 0.8794956140350877 
123700.0 6551.744486582594 0.17212588310854207 0.0 146.0 110.0 2.260620782726046 
75495.0 6660.469788329477 0.13680154142581888 0.2800256904303147 97.0 101.0 1.336111111111111 
173930.0 6790.024063981885 0.4161849710982659 0.028901734104046242 170.0 74.0 0.0 
153845.0 7149.387802215656 0.35324341682723187 0.056518946692357096 136.0 76.0 0.0 
44650.0 10745.251198792406 0.1779312273615458 0.45156929011830055 68.0 93.0 0.5409356725146199 
176860.0 5788.458830505814 0.4039820166987797 0.0 208.0 106.0 2.626430205949657 
143355.0 6658.116718690484 0.4489402697495183 0.05330764290301863 137.0 72.0 0.0 
197535.0 6153.754083046548 0.36416184971098264 0.006422607578676943 183.0 87.0 0.4277777777777778 
41825.0 8447.242647058825 0.16249197174052665 0.48233782915863843 46.0 70.0 0.0 
146555.0 7639.914741271128 0.38599871547848424 0.09826589595375723 131.0 72.0 0.0 
192065.0 5066.85922283034 0.33269107257546565 0.03789338471419396 175.0 85.0 0.4444444444444444 
91630.0 6243.9362662882195 0.26011560693641617 0.2113037893384714 110.0 85.0 0.0 
80665.87266899378 11722.96638879507 0.1406706159309543 0.010277492122302619 86.0 115.0 1.348582995951417 
98400.0 6188.362723132753 0.2543352601156069 0.10404624277456648 119.0 81.0 1.08 
54480.0 7009.621588219681 0.15285806037251123 0.3519588953114965 72.0 78.0 0.0 
121590.0 6231.820227681002 0.13872832369942195 0.05330764290301863 149.0 93.0 2.018840579710145 
151065.0 8162.156357388316 0.42838792549775206 0.0032113037893384713 151.0 79.0 0.0 
114270.0 5938.842793733709 0.21066152858060372 0.0 127.0 89.0 1.2564102564102564 
66240.0 6703.532754707918 0.15285806037251123 0.3262684649967887 81.0 84.0 0.5285714285714286 
85320.0 6754.572166551377 0.2543352601156069 0.10404624277456648 106.0 81.0 0.0 
145590.0 5781.904126965354 0.1548047250921832 0.006423432576439137 162.0 90.0 1.4578804347826086 
56680.0 10557.36549636664 0.1708413615928067 0.2800256904303147 54.0 80.0 0.0 
71485.0 6472.392185311309 0.16184971098265896 0.2691072575465639 87.0 84.0 0.5 
66385.0 11275.281397230034 0.10276172125883108 0.24983943481053308 71.0 117.0 2.482051282051282 
140970.0 5676.019443716693 0.4296724470134875 0.0 167.0 80.0 0.2625 
64180.0 11878.787659318465 0.178548490687219 0.23185613359023763 55.0 91.0 0.2408026755852843 
41080.0 11174.962948477802 0.19460500963391136 0.46692357096981374 52.0 79.0 0.0 
106885.0 5633.134649002715 0.14065510597302505 0.03789338471419396 125.0 79.0 0.0 
60990.0 6763.566195709056 0.13744380218368657 0.3236994219653179 77.0 84.0 0.0 
81429.59254058325 15025.96358161972 0.11560693641618497 0.0 86.0 138.0 1.4542036910457963 
74990.0 11562.116929381755 0.13230571612074501 0.17790622992935132 72.0 101.0 1.141025641025641 
69707.15282390005 12071.326645722691 0.1573538856775851 0.10083493898522801 64.0 87.0 0.2777777777777778 
150865.0 5127.868778999426 0.3622350674373796 0.03789338471419396 159.0 77.0 0.0 
180023.70967741936 5417.046420900559 0.36287732819524726 0.0 226.0 119.0 2.8666666666666667 
79965.0 6381.174289702361 0.13230571612074501 0.2691072575465639 92.0 92.0 1.2111111111111112 
79006.99452971846 13585.147495517875 0.12074502247912652 0.010276172125883108 82.0 120.0 1.0689792663476874 
59362.48587728655 11155.700476439191 0.15350032113037893 0.2594733461785485 57.0 90.0 0.5913043478260869 
52355.0 6920.783132530118 0.10918432883750803 0.3815028901734104 66.0 79.0 0.0 
38960.0 9557.49147634991 0.15350032113037893 0.5080282594733462 50.0 77.0 0.0 
126665.0 5179.047184458455 0.14065510597302505 0.03789338471419396 141.0 79.0 0.0 
