2662575.0 20839.375203025214 0.34606616787467853 0.38037760112228197 2661.0 149.0 2.0 
4759364.684548148 21948.84577110396 0.17237802740635236 1.503675765168713E-6 4756.0 408.0 9.931256646579227 
4382230.000000002 17738.4979134721 0.4679707279600826 0.17328223826296799 4455.0 145.0 4.041666666666666 
5042969.759059323 16166.188474689621 0.40381826521929376 0.046209842115027426 5098.0 250.0 5.21133069828722 
4480645.744241885 21650.008877383374 0.28805237315875615 0.0 4498.0 366.0 5.912936637192931 
3746045.0 17663.058329755604 0.41521510404489126 0.2742868833294365 3908.0 164.0 2.6414141414141414 
2280335.0 20317.039311993634 0.2593252085448937 0.4844535607562983 2247.0 128.0 0.0 
4912530.078566395 20130.712994417696 0.2649953562311691 2.2421843860270273E-6 5126.0 341.0 7.379926338647772 
2800180.0 18574.530823834284 0.3314531213467384 0.3585749357025953 2972.0 143.0 1.2665056360708533 
4631286.375938778 21774.443919964524 0.4869382544356831 0.111000950500606 4746.0 235.0 5.695968169761273 
4852660.782110011 17330.821890932595 0.4600210013882246 0.13172200140285248 4104.0 186.0 4.231606606606607 
6055194.451843296 19248.1897928199 0.3505085340191723 0.03887070376432079 5859.0 427.0 8.998975516412196 
3181362.9007710586 23968.218914897352 0.432080794247238 0.23068155249006314 2739.0 190.0 1.080751273344652 
2971327.526835641 19245.572079950038 0.43687384957706416 0.2886974776631196 2854.0 155.0 1.3764705882352941 
1863130.0 19394.088868695748 0.2927577741407529 0.4789572129997662 1843.0 146.0 3.0952380952380953 
1641150.4876785537 21709.10301782075 0.35308043020808977 0.45794365209258825 1433.0 140.0 2.0304347826086957 
5585377.157936341 20414.085785808657 0.33665536591068507 0.0 6040.0 395.0 7.477757649721417 
4714033.97066832 16463.532455250006 0.4963199480204576 0.15983772893454004 4382.0 186.0 3.876804915514593 
3030417.5 22101.200850378846 0.4032349364547507 0.3034560278749702 2565.0 160.0 4.0 
1920810.0 18308.632952344033 0.25467617488894084 0.5211304652794014 1853.0 156.0 4.6240721102863205 
2704258.163404354 24442.82052303644 0.3036903586802166 0.3625805907636854 2577.0 191.0 4.237310213940649 
3504140.0 19832.97355630477 0.39265476516083025 0.2922024783740192 3352.0 180.0 2.0300239755884917 
1304164.766895872 21293.171838050017 0.20689283567257785 0.5928541988937244 1083.0 142.0 0.0 
5880554.101274624 16986.913206566318 0.4879003974748656 0.11874561608604162 4988.0 220.0 7.396825396825397 
4964830.550278658 19789.924759582493 0.16401832611334263 0.0 5364.0 497.0 9.711092080082738 
2598648.360177436 19447.195423175635 0.3024918312489077 0.38707263894304667 2696.0 143.0 3.0952380952380953 
4565731.07941488 19830.965980438457 0.48895253682487727 0.11260813654430676 4625.0 279.0 4.980002453686664 
3356130.0 19278.50646163249 0.38362169745148467 0.3367430441898527 3080.0 158.0 3.896358543417367 
3396115.4914292567 18913.780517151466 0.4329286787594678 0.2572488499050634 2855.0 163.0 4.068965517241379 
3298041.186353423 22154.860483595767 0.4794566189044292 0.1737206759513575 3227.0 164.0 5.466594827586206 
2455320.0 20707.76257537129 0.38341930129041984 0.390228961497489 2377.0 141.0 2.0 
2397650.0 22420.254404607735 0.40554402841560705 0.3835929047615039 2133.0 167.0 3.05839624799817 
4294740.189644007 23733.202089965802 0.4446181114980651 0.056961655373007423 3998.0 277.0 4.428263328263328 
3583949.998966588 25624.688545581077 0.5216273088613514 0.11073766658873042 3633.0 314.0 5.077949183303085 
5411481.01508785 21355.397902648318 0.4463701192424597 0.015752864157119476 5471.0 277.0 7.3743483219289665 
1512304.2337617716 21075.20916476581 0.20820790395879984 0.5493368560535719 1308.0 155.0 4.0 
4158634.0977120646 23210.92514799309 0.32625343910550475 0.09688527730744823 4047.0 306.0 7.570400356470271 
3651920.1422885116 18701.977476352182 0.38277634570794267 0.28945522562676645 3674.0 182.0 1.5181451612903225 
3891771.920620559 21596.745633200495 0.431640168342296 0.2075929389759177 3568.0 207.0 4.706907787552948 
5525176.385772538 17503.469215505043 0.39656885667523967 0.04261164367547346 6104.0 329.0 8.108365603294608 
2550765.0 20313.298844127043 0.25865092354454056 0.44552256254383915 2298.0 141.0 3.0606060606060606 
5471776.773536302 15837.762954504704 0.2552314706570026 0.0 5729.0 406.0 9.848254605728808 
4423250.0 17647.44223370717 0.4702795893114971 0.1602181746669895 4756.0 147.0 4.0476190476190474 
5289035.552176799 18304.885426845645 0.4001953001039375 0.10813775653703721 5532.0 288.0 5.768399493357048 
2061255.0000000002 19274.08080461982 0.28095043254617724 0.4796001870469956 1997.0 147.0 2.1875 
2148719.33085805 24155.15149882786 0.2085301996902704 0.46206621152590194 2065.0 185.0 4.5125 
2204644.378809605 21608.279991918847 0.3641307903793667 0.34858021594262956 2387.0 171.0 3.09828349944629 
4231070.605977435 26270.513420594107 0.4492364076893314 0.05845242152087701 3850.0 304.0 5.912475619141617 
5640197.832332467 22140.322236055716 0.38227981748162154 7.762912284462829E-18 4957.0 271.0 4.418876118161016 
3113275.0 19914.02749529996 0.3827182104020674 0.3447817788012931 2991.0 135.0 2.0 
1581500.0407270398 22878.741775051883 0.3286788474615082 0.47112462006211836 1535.0 148.0 3.593137254901961 
6742694.704788625 16468.284862033277 0.423339957914426 0.03887070376432079 6286.0 225.0 5.976778437704225 
7016656.157823471 15719.507005187217 0.3471500659299651 1.3280790336259008E-12 6416.0 369.0 6.573781291172596 
3451847.120726302 21177.91196432162 0.3747077390694412 0.3314238952536825 3017.0 157.0 2.0 
1251990.0 20365.086565277874 0.22887087252445404 0.5960111994849076 1133.0 130.0 0.0 
4340927.347495364 20981.419956403235 0.4119417816226327 0.20738835632452654 4530.0 227.0 5.336381949497399 
5360936.8750941185 16707.880408707195 0.5172451348360871 0.0 5590.0 231.0 4.926596591813984 
5161134.468560844 22079.387152930234 0.2303016132803367 0.0 4810.0 364.0 7.657393724651542 
2887693.088340532 19054.156156162055 0.2681201776946458 0.4064472761281272 2817.0 154.0 2.7184782608695652 
1371940.0 21068.63486501396 0.22881371677785203 0.579789038892174 1269.0 137.0 0.0 
6149707.507091084 20726.267758874823 0.41688099134907647 0.0 6118.0 284.0 6.618919284025667 
3946908.6748740375 23572.11502507459 0.4723813420621931 0.0741465980827683 4186.0 285.0 5.345290858830628 
1441850.0 20351.153462933507 0.1930117393039182 0.553220715454758 1360.0 151.0 3.0888888888888886 
2338065.6818672335 18891.971439667235 0.32034720598550387 0.3980009352349778 2404.0 136.0 1.3333333333333333 
3238707.258444697 23495.10749975477 0.3465630114566285 0.2874678512976385 3217.0 211.0 3.566701680672269 
6644257.608322771 15696.59316210742 0.31958986017827 1.3280790336259008E-12 6734.0 406.0 7.878669891648477 
2745720.0 20608.449209484937 0.3740647650222118 0.3707329904138415 2756.0 152.0 2.276470588235294 
1002685.0 21911.03734136275 0.1921615618424129 0.631079027355623 842.0 129.0 2.0 
1789995.0 19088.385714513475 0.2897491801933982 0.5132424201509245 1590.0 126.0 3.071428571428571 
5771064.333126313 21613.700394651067 0.34051463955296113 0.0 5629.0 327.0 6.3480311905170375 
6335411.484293046 19200.323073520303 0.43117475580848047 1.3280790336259008E-12 5334.0 239.0 4.087137681159421 
3816014.1117150593 21902.84034969041 0.3895545943418284 0.21177227028290857 3962.0 224.0 5.573950204384987 
851720.0 21457.254758443894 0.1472711616784643 0.6731099997655413 768.0 130.0 0.0 
4062779.2178053376 24336.46531988647 0.5228870872492751 0.08434699758483115 3825.0 315.0 7.10267786583576 
5684103.829549797 15173.166342921735 0.4421642171148661 0.0 6191.0 325.0 6.990951746349047 
7759789.673840493 17468.94986808298 0.4483601143331443 4.537591936206938E-23 7084.0 227.0 4.27833618155957 
1196830.0 20786.05081579596 0.2255085340191723 0.5779167640869769 1083.0 127.0 2.0 
1141937.947052387 22706.525766502924 0.18833365687946288 0.6098945870788334 1047.0 146.0 0.4236111111111111 
2503042.0092239254 21747.98162987012 0.4023263970072481 0.3526128127191957 2620.0 162.0 6.115118577075099 
5093906.271686067 23658.815601974387 0.209347797090076 3.539675817423105E-6 5245.0 465.0 6.7225921123028485 
4011957.2676658863 21813.362715100204 0.43836216974514847 0.13324175824175824 3594.0 182.0 5.738636363636363 
937900.0 21652.415444851285 0.18380289922843115 0.6445230301613281 779.0 124.0 0.0 
6540000.0 13787.793188659329 0.41124035538929155 0.13444002805704933 5448.0 169.0 6.162071846282373 
1706861.2102241858 22507.04988956345 0.22632686462473697 0.49634673836801496 1609.0 202.0 5.906417112299465 
6398925.000000002 13125.186324388407 0.4321394109307037 0.1253220285639174 5519.0 166.0 4.855072463768115 
1991560.0 20447.785858600673 0.2708689582005506 0.4255903670797288 2004.0 136.0 4.524081632653061 
1076695.0 21106.248286742466 0.2212430745707762 0.5970921718405166 963.0 112.0 0.0 
6879412.194444414 13069.501164318313 0.4499382343536992 0.07002594617097832 5948.0 174.0 5.2614492753623185 
7408270.5356154675 16383.558202163229 0.4331332308470882 0.03887093097208186 6782.0 209.0 4.693403298350825 
6471113.014786415 18651.39361528081 0.3772237148311892 2.2720776107271911E-7 5750.0 255.0 4.5992003998001 
6255356.839654448 18185.516397454336 0.36959547834552187 5.449569607684015E-8 6388.0 346.0 6.049075608823155 
7148294.598605651 13884.522414664238 0.4398234743979425 0.043693009118541036 6127.0 252.0 7.37400654511454 
7545810.133151852 12687.225984269413 0.4764729950900164 0.027910918868365678 6792.0 176.0 7.284857571214393 
793130.0 21695.682930198956 0.1286540136551651 0.6773186656273192 690.0 128.0 0.0 
5956622.465980464 12782.336413301611 0.45426401129787686 0.0 6261.0 280.0 7.188012937975456 
6961443.839264874 17490.148770208816 0.41670733988162767 0.038666121112929636 6107.0 260.0 3.079810339209672 
7991111.483674314 12920.890670130457 0.448360114332629 7.762912284462829E-18 6964.0 276.0 4.8086685266992175 
728490.0 23059.002849184933 0.18321837736731353 0.6761456628477905 622.0 126.0 0.0 
7068517.605698152 17975.655184898602 0.3897902890925493 0.0 6828.0 263.0 4.535931267408795 
7282575.0 12738.492016984635 0.4104220247837269 0.09264671498714051 6278.0 176.0 4.847888555722139 
659100.0 22755.4609676488 0.18584872574234276 0.6981529109188683 568.0 124.0 0.0 
7475364.999999999 17232.420154049832 0.48705284077624506 0.0 7015.0 184.0 6.086206896551724 
7349105.996256273 14019.125109716124 0.4228745165077708 0.06406364944950081 6277.0 188.0 4.531927584594799 
7215471.6061052065 17488.144120343408 0.44722029670396496 4.537591936206938E-23 6687.0 233.0 4.880367770660125 
506275.0 23951.66666622359 0.15840542436287117 0.7314998830956277 427.0 120.0 0.0 
584145.0 23159.963232094546 0.17301847089081132 0.7254500818330606 468.0 131.0 0.0 
7932457.351184379 14685.46298010925 0.44564202600598873 0.03887093097208186 6811.0 203.0 3.533626044120797 
429650.0 24061.60046406083 0.15334931026420387 0.7436287117138181 370.0 116.0 0.0 
7820881.019331655 15320.809117536866 0.39291749745436816 0.0 6803.0 241.0 5.008988362961376 
7685576.253423165 15179.266802583054 0.4623302684715694 0.0 6951.0 228.0 4.08876228321105 
348835.0 23985.69480502471 0.12201893850830021 0.7659574468085106 306.0 113.0 0.0 
7607217.496891598 14621.33245444955 0.43327929843054036 2.2720776107271911E-7 6772.0 297.0 5.396903820816864 
