7296364.502760184 14762.52477019066 0.503042408441354 0.0 7775.0 217.0 6.168097377774798 
2984297.9673181423 22942.16462307605 0.4522445639466916 0.25020458265139117 2733.0 220.0 4.2248787248787245 
4927363.620185309 22481.410577878414 0.2842529810614917 0.0 5123.0 451.0 8.49403221380952 
4859883.843898537 18084.211094207178 0.3766091079138602 0.08984398476711702 5189.0 248.0 4.240649692712906 
5367751.203153235 19756.18469952064 0.540598524162135 0.10611994388590133 5183.0 201.0 6.233821733821734 
5310175.54330896 25176.519200319744 0.4311725508534019 0.0 5118.0 355.0 6.696750882191856 
5924096.825721045 18142.411904129665 0.434945496821442 0.09191606266074351 5535.0 234.0 5.80400185966669 
5261712.317211648 17145.732458326143 0.3884448638159096 0.11757657236380643 5702.0 205.0 7.626370982666091 
3693790.430707655 21229.890846127702 0.41705634790741175 0.23094458732756606 3618.0 226.0 1.8716699749412335 
722240.0 24200.33627506996 0.17851445341192398 0.6874889042570002 588.0 134.0 0.0 
4247850.0 18240.650488019295 0.3772211830722469 0.281505728314239 4484.0 161.0 3.101449275362319 
2938908.292388758 18947.071928400677 0.2581833060556465 0.4280453588964227 2717.0 218.0 5.975072463768116 
5019617.332339312 19793.000073435276 0.2059873406650031 2.45641836070539E-6 5241.0 412.0 5.629806422270332 
4729125.071467167 20861.865087376413 0.5206651272303763 0.034340659340659344 4557.0 279.0 5.734030297008912 
5188722.4918562975 24402.426305231467 0.16030512041150338 0.0 5565.0 527.0 10.127218809816302 
4645774.607347219 28697.358194378216 0.08095905772861993 0.0 4766.0 668.0 9.786837592348586 
5595439.831376556 21891.967939797363 0.5297521627308861 0.04123801730184709 5301.0 268.0 6.8245277303859755 
4519748.373449377 19784.393841902693 0.4645487491232172 0.030687397708674305 4503.0 244.0 7.282709965867026 
1578215.0 20176.254655550474 0.1321019406125789 0.5813362169745149 1494.0 149.0 2.0 
3378693.736704055 23115.128688187364 0.4185192835019313 0.18865443067570728 3221.0 264.0 7.55309788985708 
4586063.50688539 20737.780072395934 0.44625321487023617 0.08750292260930559 4168.0 239.0 4.656649277569254 
2371225.0 20866.68310287663 0.31313043696213944 0.41603514981280265 2287.0 170.0 4.249240121580547 
5082821.33217202 21874.01261590221 0.5555912083766481 0.06444370892527845 4924.0 242.0 6.44191670398567 
2256275.197093307 20521.665570802357 0.2336626139817629 0.43555646481178395 2133.0 200.0 6.351045883940621 
2694410.0 19657.371166129084 0.37476619125555294 0.34629997661912554 2447.0 162.0 1.4509803921568627 
5981915.679530446 22989.019105404594 0.36947938988495954 0.0 6472.0 279.0 7.540481649423405 
1469997.5687664852 21014.219015668354 0.18912446186268872 0.5644451369175152 1457.0 152.0 2.0 
4974983.897812515 19203.38022435147 0.3974456394669161 0.07584171148000936 4738.0 204.0 5.36911588534785 
5549302.328184842 20053.674988711744 0.28811352913308874 1.06941976778786E-6 5752.0 447.0 9.516873507806327 
5132942.9154494265 19781.740004936884 0.37125906008884735 0.11778115501519756 4948.0 283.0 4.912195840064464 
2002435.0 19294.930773146625 0.3293780687397709 0.45572246902034136 1763.0 145.0 4.1 
4371367.359499402 27159.043782122382 0.31701797679367416 0.0034194858582882867 4627.0 405.0 6.995154333143007 
2888370.0 19391.360302784986 0.314240968723963 0.4202440531494781 2960.0 145.0 0.0 
6458837.300162934 20894.0151916212 0.5030132218306479 2.7959722033338126E-13 6495.0 230.0 6.462955884695015 
1399260.0 19199.79197033493 0.25865280338980584 0.5623127654299148 1387.0 146.0 3.125 
2119819.999999999 20037.53747615588 0.18687163899929857 0.47816810848725744 2128.0 189.0 7.657608520511746 
1313012.5 21971.899992823444 0.223141220481646 0.5535129763853168 1187.0 144.0 3.4166666666666665 
2831917.4502960998 25248.002586772232 0.43424129062426936 0.24660977320551788 2618.0 236.0 5.528582660047191 
4313838.912146611 17311.12582885092 0.4174070610240823 0.2464051905541267 4366.0 167.0 2.3629032258064515 
3097396.8598009176 24478.844305009567 0.484130231470657 0.21253214870236148 2964.0 240.0 5.311107723577236 
1523635.0 20097.73881712539 0.10369753265784297 0.5920624768794749 1464.0 151.0 3.0 
3737239.8286191253 25805.921110395502 0.4431552490063128 0.14379237783493104 3549.0 259.0 4.5866700768322 
2633481.5974591183 19813.990118840462 0.462447173512219 0.25762951617962526 2461.0 161.0 3.427409102466311 
2765330.0 20559.99706116082 0.30088569601632675 0.4473355586790583 2587.0 151.0 4.0 
4480531.018492417 20705.5774087534 0.46256408881774835 0.18295633387314708 4314.0 200.0 3.2632296697324845 
4772791.256056996 21169.52135707323 0.2624815671297596 2.4340272028301517E-6 4780.0 394.0 7.152920227920228 
2158645.0 20365.360386391338 0.27983984101005377 0.48202595277063365 2055.0 148.0 2.3331466965285554 
783675.0 21458.809650845535 0.18631634323123686 0.6631400514379238 696.0 135.0 0.0 
3887214.5768207074 22720.299112384237 0.3819274954477815 0.11693785598502004 4315.0 331.0 6.325713557130107 
3310466.9900931125 24318.237190385214 0.4889233107318214 0.186520925882628 3069.0 229.0 3.337107868124123 
2063096.631371935 21906.0363233484 0.3658835976236788 0.38061363462362563 2055.0 154.0 2.274024024024024 
1748244.3016219358 22141.990778253297 0.29851705937149664 0.49059206565194796 1536.0 154.0 0.7566370357068031 
5661615.690088215 17618.931730883665 0.45031838111060407 0.03562692262182422 5569.0 212.0 5.236832579185521 
3052761.9603840206 20000.311181980924 0.4129354687865326 0.2740238484919336 3525.0 167.0 2.0 
1693092.3722695708 22352.21093223674 0.28922141688099134 0.5143207855973814 1531.0 164.0 1.11133069828722 
879505.0 22440.199404475323 0.17269809940605363 0.6580583969660841 755.0 132.0 0.0 
5834498.063859258 15744.30441961162 0.512188256105789 0.019993757150723657 6419.0 230.0 5.715383016558509 
6206711.72524236 17759.82482918465 0.5172468484814581 0.10743516590690841 5928.0 173.0 6.486064659977703 
3548338.5046450575 18612.421598791138 0.3241173719897124 0.23237666588730418 3853.0 264.0 2.832611472041757 
4429797.973292987 26230.314686327463 0.46934315797686615 0.002776486015290556 4410.0 343.0 6.6812637554016865 
659385.0 22924.290604441387 0.15764554594341829 0.7004033200841712 538.0 133.0 0.0 
1640285.0 20169.240762497713 0.1422141688099135 0.5735328501285948 1580.0 150.0 3.0 
2200867.4556442345 22295.05310528064 0.3517960590721592 0.382396326362786 2078.0 173.0 6.05713873110619 
4093527.9595603365 20164.717908579194 0.38394318447509934 0.10582768295534253 4201.0 236.0 7.535104855406398 
6333091.973553808 16544.131418150926 0.46864040215104047 0.05392214168809913 6192.0 184.0 4.302564102564102 
5443833.532926582 16954.279168745357 0.3751169043722235 0.06356675239653962 5672.0 325.0 7.065160375686691 
1883129.7200269038 24069.75833702712 0.32160392798690673 0.46790974982464345 1634.0 184.0 5.25 
6387477.240048592 17801.592896288217 0.2837298567305055 0.0 6746.0 413.0 8.283613505520101 
1070965.0 25109.092351255193 0.2526897119546788 0.6017402875959623 866.0 145.0 0.0 
1829005.0 20946.540618119787 0.2474006989676062 0.5065782817315011 1781.0 172.0 2.378787878787879 
3160022.5 21750.430362771967 0.44549333645078326 0.2764496142155717 2878.0 164.0 2.833333333333333 
1133705.0 21430.98406891575 0.13151899570998948 0.6627914631409015 989.0 139.0 2.0 
3595855.0 16384.19028828901 0.3449292955895188 0.3526128127191957 3753.0 153.0 2.148148148148148 
1245550.0 20998.743482605532 0.2719487958849661 0.5511164367547347 1125.0 129.0 3.1724137931034484 
2304625.0 18966.61749911764 0.3465045592705167 0.41641337386018235 2288.0 142.0 1.1555555555555554 
1007770.0 20855.154041679492 0.19084638765489828 0.6305529576806173 870.0 142.0 1.9513888888888888 
3997535.0 15226.524867764807 0.3844984802431611 0.28074584989478607 4096.0 165.0 5.401666666666666 
4157146.6457702774 27193.629142762566 0.4354698617750951 0.005640635960064493 4219.0 337.0 5.6580150900940085 
4041267.2028067387 25351.26753123741 0.5471709141921908 0.08802899228431144 3510.0 261.0 6.524010263929618 
3800060.0 18280.80875399163 0.3892623334112696 0.2935761047463175 3798.0 152.0 1.1400000000000001 
2491246.3768781316 21423.996196019267 0.33975531771720285 0.3582555427607619 2334.0 213.0 3.8764822134387353 
3496244.1618229016 20145.563702557985 0.5055843781337405 0.11041641874659373 3468.0 218.0 3.0847331717099156 
5773156.395847742 21167.290340653748 0.49143950311261725 0.0797580079494973 5387.0 195.0 4.3366942995529065 
3442374.8697267445 25541.654891056725 0.46522094926350244 0.10445405658171615 3264.0 276.0 5.526666666666666 
6065810.6116789915 18815.027827588252 0.5955136580667512 1.6343068759257731E-18 5749.0 234.0 6.18501221001221 
6130552.4261879735 19682.374642008894 0.3486408440274275 0.0 6004.0 308.0 8.943287661380229 
1939020.0 21237.78373146554 0.2861819032031798 0.5089139583820435 1689.0 145.0 0.0 
3639810.0634400873 22384.63499750657 0.4544657470189385 0.16331540799625907 3369.0 224.0 2.825222396650968 
5708357.861809133 12903.341295668808 0.3491090944724144 4.783349245463487E-8 6017.0 281.0 9.074728971249776 
2554080.0 21215.639647350756 0.3716097732055179 0.37210661678746787 2463.0 137.0 4.0 
1201385.0 21730.009849486058 0.1764379237783493 0.6168166939443536 1057.0 145.0 3.1 
3223380.8301739777 21526.24906942547 0.41106499883095626 0.24608370353051204 3238.0 254.0 8.314857881136952 
2430300.0 20437.262434233526 0.2932269974683662 0.44862274923550227 2206.0 145.0 0.0 
585065.0 25199.598729463527 0.15592120645312135 0.7284019172317044 460.0 138.0 0.0 
958070.0 20092.392205349905 0.14583820434884265 0.6328910451250876 880.0 136.0 3.0454545454545454 
6793003.153982089 18444.073616421763 0.4812691334559759 0.0 6858.0 286.0 4.525131221046368 
6847755.0751172565 14635.58227501406 0.5245791442599953 0.0 7008.0 280.0 7.397258655323172 
6581970.496538467 17802.511920814657 0.5738871037775499 0.04854454056581716 6348.0 180.0 5.923564659977703 
6532697.745325823 21959.748051478593 0.5019907872477242 4.783349245463487E-8 6479.0 244.0 7.731047937569677 
7173288.073362802 21325.269713778798 0.5841450433804003 0.0 7086.0 180.0 5.319397993311037 
6261474.685620129 18358.587848579464 0.46335376119877614 2.9434537157338204E-7 6769.0 252.0 7.353503614197864 
7240472.323703693 14936.005407897905 0.47559621229834 0.0 6856.0 248.0 8.844976085158413 
6721036.048376581 19726.92289559061 0.470192506555523 0.0 6559.0 230.0 6.201583683964469 
832085.0 21433.251237530098 0.1840074818798223 0.6567687631517419 743.0 131.0 0.0 
6658184.891637337 21153.59383238559 0.5233516483516484 0.0 6659.0 252.0 4.2656615240766715 
7040058.152551822 19906.61882663331 0.5838823406488651 0.008183353889138933 6799.0 189.0 7.707636566332219 
6907495.606447041 19088.968055359506 0.6057142632528626 2.795972203238288E-13 6737.0 190.0 7.087026198439243 
7471843.028769795 14555.575692329814 0.4952361468318915 0.0 7873.0 224.0 6.352307904090587 
7102288.833274378 21611.504200399704 0.5340215188778011 0.0 7448.0 190.0 5.528868630201028 
6975939.200149258 18598.30363650543 0.5908382078502732 0.008183353888859348 6789.0 183.0 7.7383271034166174 
491340.0 23504.61177096014 0.11301730184708908 0.7519873743277998 405.0 134.0 0.0 
539805.0 23371.475784746206 0.1337678279167641 0.7306231003039514 434.0 133.0 0.0 
