[6, 13, 0, 26, 8, 12, 18, 19, 17, 22, 25, 7, 24, 20, 23][20, 7, 10, 29, 15, 5, 6, 13, 18, 19, 12, 17, 28, 0, 26][5, 21, 2, 29, 27, 15, 10, 6, 16, 28, 17, 0, 19, 8, 12][6, 10, 7, 4, 23, 9, 3, 11, 17, 12, 8, 26][11, 25, 28, 17, 19, 8, 26, 0, 18][23, 1, 14, 7, 16, 15, 10, 29][16, 28, 17, 11, 14, 24][20, 7, 28][2, 21, 5][10, 27][2, 29][0, 22] 
[17, 19, 8, 26, 0, 22, 18, 13, 6, 2, 10, 27][7, 4, 20, 23, 1, 3, 9, 14, 11, 25][10, 7, 24][7, 28][0, 22][15, 21][2, 29][5, 21][16, 27][8, 12][2, 21][0, 22] 
[7, 10, 2, 29, 27, 15, 5, 21, 6, 16][7, 24, 4, 20, 23, 1, 3, 9, 14][17, 19, 8, 26, 0, 22, 18][22, 25, 28][2, 29][11, 25][12, 18][3, 4][0, 13][2, 21][16, 28][2, 10] 
[15, 16, 28, 0, 25, 7, 10, 29, 27, 2, 21, 5, 6, 13, 18][23, 1, 9, 14, 11, 17, 0, 13, 6, 2, 21, 5, 15, 10, 29][7, 24, 14, 23, 20, 4, 1, 3, 11, 17, 19, 0, 26, 8, 12][10, 27, 16, 2, 7, 24, 3, 23, 14, 11, 17, 0, 12, 22, 19][23, 9, 1, 3, 14, 11, 25, 0, 28][4, 20, 23, 1, 3, 9, 14][3, 11, 25, 28][5, 21, 10][13, 18, 22][12, 18][16, 28][6, 16] 
[10, 29, 27, 2, 21, 5, 15, 6, 13, 0, 28, 17, 12, 19][2, 7, 24, 4, 20, 23, 1, 3, 9, 14, 11, 25][8, 26, 0, 22, 18][2, 21][5, 21][16, 28][15, 16][2, 29][16, 27][15, 27][16, 28][0, 28] 
[6, 10, 7, 4, 23, 9, 3, 11, 17, 12, 8, 26][1, 3, 4, 7, 10, 15, 2, 27, 29][16, 6, 21, 2, 27, 7, 10, 29][16, 28, 17, 11, 14, 24][11, 25, 22, 19, 8, 26][17, 22, 25, 28][2, 21, 5][0, 22][7, 20][12, 18][6, 13][7, 24] 
[12, 17, 19, 8, 26, 0, 22, 18, 13, 6, 16, 28, 7, 24, 14][12, 8, 19, 0, 13, 18, 22, 25, 11, 14, 4, 24, 20, 7, 28][4, 20, 24, 23, 14, 7, 27, 29, 2, 21, 10, 15, 5, 6, 16][9, 1, 3, 4, 14, 7, 2, 15, 21, 10, 29, 27, 16][2, 7, 14, 11, 25][2, 21, 15, 27][27, 16, 2, 29][3, 4][2, 29][2, 10][2, 29][16, 27] 
[9, 1, 3, 4, 14, 7, 2, 15, 21, 10, 29, 27, 16][17, 19, 8, 26, 0, 22, 18, 13, 6, 16, 28][14, 11, 25][7, 24, 20][5, 21][20, 23][6, 16][2, 29][5, 21][2, 29][8, 12][3, 4] 
[11, 3, 1, 4, 20, 24, 14, 7, 27, 2, 6, 16, 15, 29][6, 13, 18, 19, 8, 26, 0, 28, 7, 14, 11, 17, 12][20, 23, 3, 14, 7, 16, 6, 13, 18, 19, 8, 26][5, 21, 2, 27, 7, 16, 28, 17, 22, 18][9, 23, 20, 24, 4, 3, 11, 25, 0, 12][20, 4, 1, 14, 7, 16, 6, 15, 29][12, 0, 25, 11, 17, 19, 8, 26][12, 8, 26, 0, 22, 25, 7, 14][4, 7, 10, 29][0, 28][10, 21][6, 16] 
[14, 24, 4, 7, 25, 11, 17, 0, 26, 8, 19][5, 6, 13, 18, 12, 22, 25, 7, 27, 15][15, 27, 7, 28, 0, 18, 13, 6, 10, 29][5, 6, 13, 18, 22, 25, 7, 27, 15][11, 14, 9, 1, 23, 24][11, 14, 3, 23, 24][20, 23][5, 21][2, 15][16, 28][5, 6][5, 6] 
[14, 24, 4, 7, 25, 11, 17, 12, 18, 13, 0, 26, 8, 19][15, 27, 7, 16, 28, 0, 17, 22, 18, 13, 6, 10, 29][4, 23, 9, 3, 1, 24, 20][4, 23, 9, 3, 1, 24, 20][0, 13, 6][13, 18][17, 19][5, 6][5, 21][2, 21][11, 25][20, 23] 
[19, 12, 17, 28, 0, 13, 6, 15, 5, 21, 2, 27, 29][4, 23, 3, 9, 1, 14, 24, 7, 10][7, 25, 11][0, 26, 8][13, 18, 22][6, 10][7, 20][6, 16][15, 16][2, 16][6, 10][15, 16] 
[10, 7, 24, 4, 20, 23, 1, 9, 14, 11][12, 8, 26, 0, 19, 17][3, 11, 25, 28][5, 21, 10][7, 2, 16][0, 13, 6][0, 28][15, 16][15, 27][12, 18][2, 29][18, 22] 
[25, 11, 14, 20, 4, 7, 10, 16, 2, 21, 5, 6, 15, 27, 29][13, 6, 16, 2, 21, 10, 27, 7, 14, 9, 3, 1, 23, 20, 24][2, 6, 10, 16, 7, 28, 17, 11, 25, 0, 26, 8, 12, 19, 22][21, 10, 27, 16, 28, 17, 12, 8, 26, 0, 25][25, 11, 3, 24, 23, 4, 14, 20, 7, 28][4, 7, 10, 6, 13, 18, 22][5, 21, 15][2, 15][10, 29][16, 28][7, 20][6, 10] 
[12, 0, 22, 19, 17, 11, 3, 14, 9, 23, 24, 20, 7, 25, 28][19, 8, 26, 0, 18, 12, 17, 11, 25, 7, 4, 24][1, 9, 23, 3, 24, 4, 14, 7, 25, 11, 17][22, 18, 13, 6, 2, 29, 27][3, 1, 4, 14, 24, 7, 16][9, 23, 24, 20][15, 27][5, 6][10, 21][11, 25][10, 29][5, 21] 
[20, 4, 7, 10, 2, 29, 27, 15, 5, 21, 6, 16, 28][3, 1, 24, 7, 25, 22, 18, 0, 19, 12, 8, 26][13, 18, 22, 17][14, 11, 25][9, 14][2, 21][5, 21][0, 18][2, 29][6, 16][20, 23][20, 23] 
[4, 24, 7, 28, 17, 19, 8, 26, 0, 18, 13][10, 7, 20, 23, 1, 3, 9, 14, 11, 25][10, 6, 13, 0, 26, 8, 19, 12, 22, 25][28, 7, 10, 29][2, 21, 5][2, 29][16, 28][2, 15][10, 27][2, 15][4, 7][16, 28] 
[5, 21, 6, 15, 16, 10, 2, 29, 27, 7, 28, 0, 12, 8, 19][10, 27, 16, 2, 7, 24, 4, 20, 23, 1, 3, 9, 14, 11, 25][10, 27, 16, 2, 7, 24, 4, 20, 23, 1, 3, 9, 14, 11, 25][0, 25, 11, 14, 9, 3, 1, 23, 20, 4, 24, 7, 2][13, 18, 17, 0, 22][13, 18, 17, 0, 22][0, 26, 8][0, 26, 8][15, 21][16, 28][3, 4][15, 29] 
[12, 17, 19, 8, 26, 0, 22, 18, 13, 6, 15, 10, 21, 2, 29][4, 3, 24, 20, 14, 11, 17, 22, 18, 12, 8, 19, 0, 25, 28][2, 21, 10, 29, 15, 16, 7, 20, 4, 3, 1, 23, 24, 14, 9][9, 3, 1, 14, 23, 4, 7, 10, 2, 15, 21, 5, 6, 16, 28][20, 4, 7, 10, 2, 29, 27, 15, 5, 21, 6, 16, 28][4, 7, 20, 23, 3, 9, 14, 1, 24][0, 17, 28, 16, 27][11, 25, 28][2, 29][17, 28][2, 10][1, 9] 
[9, 1, 4, 7, 10, 29, 27, 16][17, 19, 8, 26, 0, 22, 18][0, 13, 6, 5, 21, 2, 10][7, 20, 23, 3, 14, 11, 25][4, 7, 27, 2, 15, 16][0, 13, 6, 2, 10][2, 7, 14, 11, 25][24, 7, 27][2, 15, 27][2, 10][8, 12][7, 28] 
[10, 27, 16, 2, 7, 24, 4, 20, 23, 1, 3, 9, 14, 11, 25][15, 16, 6, 5, 21, 2, 29, 27, 10, 7, 4, 20, 14, 3, 23][16, 10, 29, 27, 2, 21, 5, 15, 6, 13, 0, 28, 17, 12, 19][16, 10, 29, 27, 2, 21, 5, 15, 6, 13, 0, 22, 12, 17, 28][1, 14, 23, 4, 7, 10, 15, 21, 2, 29, 27, 16, 28][8, 26, 0, 13, 6, 10, 16, 28][5, 6, 2, 29, 10, 15, 21][10, 2, 6, 13, 18, 22][3, 4][16, 28][15, 29][16, 27] 
[2, 10, 15, 27, 16, 28, 7, 14, 4, 23, 3, 9, 1, 24, 20][11, 25, 22, 17, 18, 12, 19, 8, 26, 0, 13, 6, 10, 16, 28][13, 0, 18, 17, 11, 25, 28, 16, 6, 10, 15, 21, 2, 7, 20][14, 11, 25, 22, 17, 12, 8, 19, 18, 0, 28, 16, 6, 5, 21][16, 27, 29, 10, 21, 2, 7, 14, 1, 9, 3, 23, 4, 24, 20][18, 22, 12, 19, 8, 26, 0, 25, 11, 3, 14, 24, 1, 4, 23][11, 17, 22, 12, 0, 19, 18, 13, 6, 5, 21, 10, 15, 16, 28][24, 1, 3, 14, 4, 20, 7, 28, 16, 6, 5, 15, 21, 2, 29][24, 4, 20, 23, 3, 14, 11, 25][15, 16][15, 29][9, 23] 
[12, 17, 19, 8, 26, 0, 22, 18, 13, 6, 5, 15, 16, 27, 29][14, 9, 23, 1, 4, 20][4, 7, 16, 10][11, 25, 28][16, 28][7, 24][2, 29][17, 22][17, 22][3, 4][6, 13][2, 21] 
[6, 13, 18, 22, 0, 26, 8, 19, 17, 12][2, 6, 16, 7, 24, 4, 3, 11, 25][5, 15, 10, 21, 2, 29, 27][4, 20, 23][4, 14][9, 14][10, 21][2, 29][9, 14][1, 9][25, 28][9, 14] 
[7, 4, 20, 23, 1, 3, 9, 14, 11, 25][0, 13, 6, 21, 2, 27, 10][17, 19, 8, 26, 0, 18][2, 7, 24][10, 16][12, 19][0, 22][2, 29][7, 28][5, 15][12, 19][5, 21] 
[5, 21, 2, 29, 27, 15, 10, 6, 16, 28, 17, 0, 19, 8, 12][6, 10, 7, 4, 23, 9, 3, 11, 17, 12, 8, 26][11, 25, 28, 17, 19, 8, 26, 0, 18][23, 1, 14, 7, 16, 15, 10, 29][16, 28, 17, 11, 14, 24][2, 21, 5][6, 13][10, 27][7, 20][2, 29][7, 20][0, 22] 
[6, 21, 15, 2, 29, 27, 7, 10, 16, 28, 17][24, 4, 20, 23, 1, 3, 9, 14, 11, 25][13, 18, 22, 0, 26, 8, 19][10, 16][12, 19][12, 19][2, 29][17, 22][5, 21][7, 20][16, 27][10, 29] 
[12, 17, 19, 8, 26, 0, 22, 18, 13, 6, 16][3, 1, 23, 20, 4, 24, 7][2, 21, 10, 27][9, 14, 7, 27][25, 28][11, 14][0, 26][6, 10][16, 28][2, 29][15, 16][5, 21] 
[10, 7, 4, 23, 9, 3, 14, 11, 17, 12, 8, 19, 0, 28][1, 3, 11, 25, 22, 12, 0, 13][2, 27, 16, 10, 21, 15, 6][18, 0, 26][14, 24][10, 27][7, 20][5, 21][2, 29][7, 20][5, 21][0, 22] 
[5, 6, 13, 18, 12, 17, 0, 22, 25, 7, 27, 15][11, 14, 9, 3, 1, 23, 20, 24][8, 19, 0, 28][0, 26][5, 21][2, 29][16, 28][10, 27][2, 15][4, 7][16, 28][7, 24] 
[13, 18, 17, 11, 3, 24, 20, 14, 1, 23, 4, 7, 10, 2, 16][15, 6, 21, 2, 29, 10, 16, 28, 25][12, 18, 13, 0, 26, 8, 19][16, 28][3, 4][15, 27][2, 21][2, 21][18, 22][5, 6][5, 21][3, 9] 
[2, 6, 13, 18, 22, 0, 26, 8, 19, 17][16, 7, 4, 23, 3, 14, 11, 25][5, 6, 21, 15][3, 9, 1, 24][16, 27][12, 19][20, 23][27, 29][2, 10][0, 28][2, 29][0, 28] 
[5, 21, 10, 16, 28, 25, 11, 17, 0, 13][12, 18, 17, 0, 25, 28, 16, 7, 24][3, 1, 23, 20, 4, 24][9, 14, 7, 27, 29][2, 21, 6][19, 22, 25][8, 26][0, 26][15, 16][10, 15][16, 28][11, 14] 
[11, 3, 1, 23, 4, 14, 24, 7, 16, 28, 25, 0, 17][19, 8, 26, 0, 22][5, 21, 2, 27, 10][4, 20][0, 13][15, 16][7, 27][6, 10][9, 14][8, 12][2, 29][13, 18] 
[10, 6, 13, 18, 12, 8, 26, 0, 22, 17, 11, 25, 28][5, 21, 2, 7, 14, 11, 25, 0, 18][23, 4, 3, 9, 1, 24, 7, 25][20, 4, 23, 14, 7, 2, 15, 27][6, 13, 18, 0, 26, 8, 19, 12][20, 4, 23, 14, 7, 2, 27][5, 21, 10, 7, 4, 23][6, 13, 0, 26, 8, 12][2, 21][16, 28][2, 29][17, 22] 
[7, 24, 4, 20, 23, 1, 3, 9, 14, 11, 25][2, 6, 13, 18, 22, 0, 26, 8, 19, 17][16, 27, 10, 2, 6, 13, 18, 22, 0, 26][5, 21, 6, 15, 16, 10, 2, 29][13, 18, 17, 0, 22][0, 28][2, 7][12, 22][10, 27][3, 4][7, 28][2, 6] 
[3, 4, 20, 7, 25, 11, 17, 19, 8, 26, 0, 13, 18, 22, 12][7, 24, 4, 20, 23, 1, 3, 9][12, 8, 26, 0, 13, 6, 16][2, 7, 25, 11, 14][15, 5, 21][2, 6][10, 21][2, 29][27, 29][10, 27][0, 28][18, 22] 
[19, 8, 26, 0, 18, 12, 17, 11, 25, 7, 24, 23][17, 19, 8, 26, 0, 22, 18, 13, 6, 16, 28][17, 19, 8, 26, 0, 18, 13, 6, 16, 28][1, 9, 23, 14, 7, 16, 15, 21, 10, 27][9, 1, 4, 7, 2, 10, 29, 27, 16][1, 23, 4, 7, 16, 15, 21, 10, 27][17, 19, 8, 26, 0, 13, 6, 16, 28][3, 4][6, 16][5, 21][20, 23][16, 28] 
[13, 0, 26, 8, 12, 19, 17, 18, 22, 25, 11, 3, 23, 20, 14][10, 27, 16, 2, 7, 24, 4, 20, 23, 1, 3, 9, 14, 11, 25][16, 10, 29, 27, 2, 21, 5, 15, 6, 13, 0, 28, 17, 12, 19][3, 11, 17, 0, 25, 28, 16, 27, 29, 2, 6, 10, 15, 21, 5][7, 28, 0, 12, 18, 13, 6, 15, 5, 21, 2, 27, 29, 10, 16][9, 23, 1, 3, 14, 7, 27, 16, 6, 5, 21, 2, 10, 29, 15][19, 8, 12, 18, 17, 22, 0, 28, 7, 24, 14, 4, 3, 23, 20][4, 3, 1, 24, 14, 23, 20, 7, 16, 10, 15, 5, 21, 2, 6][5, 21, 6, 2, 29, 15, 16, 28, 17, 11, 25, 7, 27, 10][0, 22][13, 18][10, 27] 
[17, 19, 18, 0, 25, 28, 16, 10, 7, 2, 27, 15, 5, 6, 21][18, 17, 11, 14, 23, 20, 4, 3, 9, 1, 24, 7, 25, 22, 19][15, 5, 6, 13, 0, 26, 8, 12, 19, 17, 28, 7, 25, 22, 18][5, 6, 21, 15, 2, 16, 27, 10, 7, 20, 4, 24, 3, 1, 23][3, 1, 14, 11, 25, 7, 2, 6, 5, 21, 10, 29, 27, 16, 15][15, 16, 10, 2, 27, 29][2, 16, 27, 10][0, 26, 8][0, 22][2, 29][5, 21][10, 21] 
[4, 7, 10, 2, 16, 28, 0, 12, 22, 17, 11, 14, 9, 1, 23][17, 28, 16, 6, 5, 21, 15, 10, 7, 25, 0, 26, 8, 19, 22][20, 24, 3, 9, 23, 4, 7, 10, 6, 13, 18, 22][24, 1, 4, 14, 7, 16, 27, 15, 21, 2, 29][20, 24, 3, 4, 7, 10, 6, 13, 18, 22][17, 12, 8, 26, 0, 18][11, 25, 22, 18, 13][7, 20][5, 21][17, 28][5, 21][11, 17] 
[1, 3, 4, 7, 10, 15, 2, 27, 29][16, 28, 17, 11, 14, 24][6, 13, 0, 12, 18][25, 22, 19, 8, 26][4, 23, 9][7, 24][2, 21][7, 20][11, 25][6, 10][0, 13][5, 21] 
[12, 17, 19, 8, 26, 0, 22, 18, 13, 6, 16, 28][4, 20, 24, 23, 14, 7, 27, 2, 15, 5, 6, 16][9, 1, 4, 7, 10, 27, 16][2, 7, 14, 11, 25][2, 21, 15, 27][7, 27, 10][3, 4][2, 29][7, 28][2, 29][2, 29][16, 27] 
[2, 10, 15, 27, 16, 28, 7, 14, 11, 3, 24, 1, 23, 20, 4][15, 5, 6, 21, 10, 29, 2, 7, 14, 23, 20, 4, 3, 1, 24][9, 1, 24, 3, 23, 20, 14, 11, 17, 0, 25, 22, 18, 19, 12][1, 3, 14, 4, 20, 7, 28, 17, 12, 22, 25, 0, 18, 13, 6][19, 18, 12, 22, 17, 11, 25, 0, 28, 16, 6, 10, 15, 2, 29][24, 4, 20, 23, 3, 14, 11, 25][12, 17, 19, 8, 26, 0, 18, 13][1, 3, 14, 23, 9][6, 16][5, 21][18, 22][2, 29] 
[6, 13, 18, 22, 19, 8, 26, 0, 28, 7, 20, 14, 11, 17, 12][5, 6, 21, 15, 2, 29, 27, 7, 10, 16, 28, 17, 22][23, 20, 4, 3, 9, 1, 24][12, 19, 0, 18, 13, 6, 21][4, 14, 7, 27, 10, 29][11, 25][12, 19][27, 29][0, 28][10, 29][0, 28][6, 16] 
[10, 16, 2, 7, 4, 23, 1, 3, 9, 14, 11, 25][14, 24, 7, 25, 11, 17, 12, 18, 0, 26, 8, 19][15, 27, 7, 28, 0, 22, 18, 13, 6, 10, 29][5, 6][5, 21][16, 27][5, 21][17, 28][18, 22][7, 28][20, 23][27, 29] 
[10, 27, 16, 2, 7, 24, 4, 20, 23, 1, 3, 9, 14, 11, 25][16, 10, 29, 27, 2, 21, 5, 15, 6, 13, 0, 28, 17, 12, 19][11, 25, 22, 17, 18, 12, 19, 8, 26, 0, 13, 6, 10, 16, 28][3, 9, 1, 14, 7, 2, 21, 10, 29, 27, 16][15, 5, 21, 2, 27, 29, 10, 16][10, 2, 6, 13, 18, 22][3, 4][15, 16][16, 28][16, 28][15, 29][15, 21] 
[25, 0, 26, 8, 19, 18, 13, 6, 10, 21, 5, 15, 2, 16, 28][7, 24, 20, 23, 1, 3, 9, 14, 11][17, 18, 19, 22][7, 28][10, 16][2, 29][4, 23][14, 24][8, 12][2, 15][2, 27][2, 29] 
[16, 10, 29, 27, 2, 21, 5, 15, 6, 13, 0, 28, 17, 12, 19][14, 11, 25, 22, 17, 12, 19, 0, 13, 6, 2, 15, 10, 16, 28][0, 22, 25, 11, 14, 4, 24, 3, 23, 20, 7, 27, 10, 16, 28][16, 10, 29, 27, 2, 21, 5, 15, 6, 13, 18, 19, 8, 12, 22][16, 27, 29, 10, 7, 28, 25, 11, 3, 1, 24, 14, 23, 4, 20][10, 16, 2, 7, 24, 4, 20, 23, 1, 3, 9, 14, 11, 25][8, 26, 0, 13, 6, 10, 21, 2, 29, 15][8, 26, 0, 13, 6, 16][10, 6, 13, 18, 22][3, 4][15, 16][15, 21] 
[11, 25, 0, 28, 16, 27, 7, 4, 14, 3, 1, 9, 23, 24, 20][12, 22, 17, 0, 25, 11, 14, 7, 20, 4, 1, 3, 9, 23, 24][14, 24, 4, 7, 25, 11, 17, 12, 18, 0, 26, 8, 19][15, 27, 7, 28, 0, 22, 18, 13, 6, 10, 29][1, 3, 9, 14, 20][20, 23][3, 4][2, 21][18, 22][13, 18][5, 6][5, 21] 
[4, 20, 24, 23, 14, 7, 27, 29, 2, 21, 10, 15, 5, 6, 16][12, 17, 19, 8, 26, 0, 22, 18, 13, 6, 16, 28][15, 2, 6, 16, 7, 24, 4, 3, 11, 25, 28][9, 14, 7, 2, 10, 16][4, 23, 3, 14][5, 21, 10][5, 21, 10][7, 20][4, 14][12, 18][1, 9][1, 9] 
[20, 24, 3, 9, 23, 4, 7, 10, 6, 13, 18, 22][20, 24, 3, 4, 7, 10, 6, 13, 18, 22][14, 7, 16, 27, 15, 21, 2, 29][17, 12, 8, 26, 0, 18][11, 25, 22, 18, 13][8, 19, 22][7, 20][1, 23][5, 21][17, 28][5, 21][11, 17] 
[12, 17, 19, 8, 26, 0, 22, 18, 13, 6, 10, 27][1, 3, 4, 14, 7, 2, 10][3, 11, 25, 28][2, 21][1, 9][27, 29][7, 20][4, 24][5, 21][15, 21][14, 23][16, 27] 
[10, 2, 6, 13, 18, 22, 0, 26, 8, 19, 17][16, 7, 4, 23, 3, 14, 11, 25][9, 1, 23, 20][2, 21, 5, 15][16, 27][0, 28][4, 24][10, 16][2, 29][12, 19][16, 27][16, 27] 
[1, 3, 4, 7, 10, 15, 2, 27, 29][3, 9, 23, 4, 7, 10, 6][16, 28, 17, 11, 14, 24][11, 25, 22, 19, 8, 26][11, 25, 22, 19, 8, 26][6, 13, 0, 12, 18][2, 21, 5][7, 24][7, 20][6, 10][0, 13][5, 21] 
[10, 2, 6, 13, 18, 22, 0, 26, 8, 19, 17, 12][10, 7, 24, 4, 20, 23, 1, 3, 9, 14, 11, 25][6, 5, 15, 16, 10][6, 5, 15, 16, 10][2, 29][7, 16][16, 27][15, 27][17, 28][5, 15][15, 27][2, 21] 
[7, 27, 15, 21, 2, 10, 16, 28, 17, 11, 14][4, 23, 9, 3, 1, 24, 20][6, 13, 0, 26, 8, 12][11, 25, 22, 18, 13][2, 29][15, 27][5, 21][17, 19][14, 24][0, 13][0, 13][8, 26] 
[22, 19, 17, 18, 0, 28, 16, 6, 5, 21, 10, 27, 15, 2, 29][5, 21, 10, 16, 15, 6, 13, 0, 28, 17, 19, 8, 12, 18, 22][10, 7, 24, 4, 20, 23, 1, 3, 9, 14, 11, 25][6, 13, 18, 22, 0, 26, 8, 19, 17, 12][7, 2, 16][2, 21][2, 29][15, 27][5, 15][15, 27][11, 14][16, 28] 
[6, 13, 0, 25, 11, 3, 9, 14, 23, 1, 4, 24, 7, 10, 27][4, 20, 14, 1, 24, 7, 28, 17, 19, 0, 13, 18, 22, 25, 11][26, 8, 19, 17, 18, 22, 12, 0, 13, 6, 10, 21, 5, 15, 27][22, 19, 8, 12, 18, 13, 6, 21, 10, 16, 28, 25, 7, 24, 23][20, 4, 23, 1, 14, 7, 16, 6, 5, 15, 10, 27, 29, 2, 21][25, 22, 18, 19, 17, 11, 3, 9, 1, 14, 7, 16, 15, 2, 29][20, 24, 3, 9, 23, 4, 7, 10, 6, 13, 18, 22][21, 5, 6, 10, 29, 15, 16, 28, 17, 11, 14, 24][25, 0, 26, 8, 12, 17, 28, 16, 27, 29][5, 21, 15, 27, 7, 14, 23][8, 26][7, 20] 
[6, 13, 18, 22, 19, 8, 26, 0, 28, 7, 20, 14, 11, 17, 12][11, 3, 9, 1, 4, 20, 24, 14, 7, 27, 2, 6, 16, 15, 29][20, 23, 1, 3, 9, 14, 7, 16, 6, 13, 18, 17, 19, 8, 26][5, 6, 21, 15, 2, 29, 27, 7, 10, 16, 28, 17, 22, 0, 18][12, 8, 26, 0, 19, 17, 22, 25, 28, 7, 24, 23, 20, 4, 14][9, 23, 20, 7, 24, 14, 4, 1, 3, 11, 25, 28, 0, 19, 12][20, 4, 1, 9, 3, 24, 23, 14, 7, 16, 6, 5, 15, 27, 29][12, 18, 0, 25, 11, 17, 22, 19, 8, 26][4, 14, 7, 27, 10, 29][0, 28][10, 21][6, 16] 
[7, 4, 20, 23, 3, 9, 14, 11, 25][0, 13, 6, 5, 21, 2, 27, 10][16, 28, 17, 11, 14, 24][17, 19, 8, 26, 0, 18][6, 10, 7, 14][12, 0, 13][8, 19, 22][1, 23][2, 29][15, 21][2, 29][0, 22] 
[2, 7, 24, 4, 20, 23, 1, 3, 9, 14, 11, 25][2, 21, 5, 15, 6, 13, 0, 28, 17, 12, 19][13, 18, 22][0, 26, 8][3, 4][15, 16][16, 28][16, 28][10, 16][15, 29][15, 21][16, 27] 
[12, 17, 19, 8, 26, 0, 22, 18, 13, 6, 15][10, 7, 4, 23, 1, 3, 9, 14, 11, 25][8, 19, 0, 28, 16, 10, 2, 29][12, 8, 26, 0, 13, 6, 16][2, 21, 5][16, 28][10, 27][16, 28][14, 24][10, 16][5, 21][7, 20] 
[4, 20, 24, 23, 14, 7, 27, 29, 2, 21, 10, 15, 5, 6, 16][12, 17, 19, 8, 26, 0, 22, 18, 13, 6, 16, 28][7, 14, 4, 3, 1, 9][14, 11, 25][16, 27][2, 7][2, 29][6, 16][2, 21][2, 29][2, 29][1, 9] 
[2, 7, 24, 4, 20, 23, 1, 3, 9, 14, 11, 25][2, 6, 13, 18, 22, 0, 26, 8, 19, 17][10, 29, 2, 21, 5, 15][12, 19][16, 27][0, 28][16, 27][10, 16][10, 16][3, 4][10, 27][10, 16] 
[5, 21, 6, 15, 16, 10, 2, 29, 27, 7, 28, 0, 12, 8, 19][19, 22, 25, 28, 17, 0, 18, 13, 6, 16, 27, 15, 2, 10, 29][10, 27, 16, 2, 7, 24, 4, 20, 23, 1, 3, 9, 14, 11, 25][12, 17, 19, 8, 26, 0, 22, 18, 13, 6, 2, 10, 27, 16][16, 10, 27, 2, 21, 5, 15, 6, 13, 0, 22, 17, 18, 19][12, 22, 0, 13, 18, 17, 19, 8, 26][10, 27, 16, 2, 7, 24][13, 18, 17, 0, 22][5, 21, 10][7, 28][15, 21][8, 12] 
[6, 10, 7, 4, 23, 9, 3, 11, 17, 12][11, 25, 28, 17, 19, 8, 26, 0, 18][23, 1, 14, 7, 16, 15, 10, 2, 29][16, 28, 17, 11, 14, 24][2, 21, 5][2, 21, 5][6, 13][10, 27][7, 20][2, 29][7, 20][0, 22] 
[4, 24, 7, 27, 16, 28, 17, 12, 19, 8, 26, 0, 22, 18, 13][10, 16, 7, 24, 20, 23, 1, 3, 9, 14, 11, 25][10, 6, 13, 0, 26, 8, 19, 17, 12, 22, 25][28, 7, 10, 29][2, 21, 5][2, 29][16, 28][2, 15][10, 27][2, 15][4, 7][16, 28] 
[7, 4, 20, 23, 1, 3, 9, 14, 11, 25][0, 13, 6, 5, 21, 2, 27, 10][17, 19, 8, 26, 0, 22, 18][24, 7, 27][7, 28][0, 22][15, 21][2, 29][5, 21][16, 27][8, 12][0, 22] 
[15, 27, 16, 28, 17, 22, 18, 13, 6, 10, 29][15, 16, 28, 17, 22, 18, 13, 6, 10, 29][3, 24, 7, 25, 22, 0, 19, 8, 26][6, 10, 7, 4, 3, 14, 11, 17, 12][11, 3, 1, 24, 7, 25][14, 9, 23][2, 21, 5][5, 6][3, 4][7, 20][3, 4][3, 4] 
[12, 17, 19, 8, 26, 0, 22, 18, 13, 6, 16, 28][9, 14, 7, 2, 21, 10, 27, 16][4, 23, 14, 7, 2, 15, 6, 16][9, 3, 14, 7, 10, 16][3, 11, 25, 28][7, 20][4, 24][1, 9][2, 29][5, 21][2, 10][1, 9] 
[24, 4, 20, 23, 3, 14, 11, 25][2, 10, 15, 27, 16, 28, 7, 14][12, 17, 19, 8, 26, 0, 18, 13][9, 23][6, 16][5, 21][5, 15][18, 22][1, 9][2, 29][6, 13][2, 29] 
[12, 17, 19, 8, 26, 0, 22, 18, 13, 6, 10, 27][7, 25, 11, 14, 9, 3, 1, 23][10, 7, 24][7, 28][2, 29][2, 21][5, 21][20, 23][15, 21][4, 24][16, 27][27, 29] 
[15, 10, 29, 27, 2, 6, 13, 0, 17, 11, 25, 22, 12, 8, 26][0, 22, 25, 11, 17, 28, 16, 15, 2, 21, 6][12, 18, 17, 0, 25, 28, 16, 7, 24, 14][5, 21, 10, 16, 28, 25, 11, 17, 0, 13][7, 24, 4, 20, 23, 1, 3, 14][9, 14, 7, 27, 29][8, 19, 22, 25, 28][11, 17, 0, 26][8, 26][15, 16][16, 28][11, 14] 
[1, 3, 4, 7, 10, 15, 2, 27, 29][7, 24, 4, 20, 23, 1, 3, 9, 14][15, 10, 21, 6, 13, 0, 12, 18][6, 5, 21, 2, 7, 25][11, 25, 22, 19, 8, 26][17, 22, 25, 28][12, 0, 13][6, 16][0, 13][12, 18][18, 22][7, 24] 
[4, 20, 24, 23, 14, 7, 27, 29, 2, 21, 10, 15, 5, 6, 16][9, 1, 3, 4, 14, 7, 2, 15, 21, 10, 29, 27, 16][12, 17, 19, 8, 26, 0, 22, 18, 13, 6, 16, 28][2, 7, 14, 11, 25][7, 16, 27, 2, 10][2, 21, 15, 27][3, 4][2, 29][7, 28][2, 29][2, 29][16, 27] 
[10, 16, 2, 21, 15, 5, 6, 13, 0, 19, 17, 22, 12, 8, 26][18, 0, 28, 7, 20, 24, 3, 14, 1, 9, 23][10, 29][15, 27][4, 24][3, 4][5, 21][16, 28][15, 27][7, 25][11, 14][5, 15] 
[12, 17, 19, 8, 26, 0, 22, 18, 13, 6, 16][3, 9, 23, 4, 7, 10, 6][10, 7, 24, 14, 11, 25][18, 22, 25, 7, 2, 29][16, 28, 17, 11, 14, 24][10, 2, 15, 27][3, 23, 4][2, 21, 5][1, 23][16, 28][7, 20][5, 21] 
[4, 20, 24, 23, 14, 7, 27, 29, 2, 21, 10, 15, 5, 6, 16][9, 1, 3, 24, 7, 10, 21, 2, 27, 29, 15, 6, 16, 28, 17][9, 1, 3, 4, 14, 7, 2, 15, 21, 10, 29, 27, 16][12, 17, 19, 8, 26, 0, 22, 18, 13, 6, 10, 16, 28][9, 1, 3, 4, 14, 7, 2, 15, 21, 10, 27, 16][24, 4, 3, 11, 25, 28][7, 20][4, 24][2, 29][5, 21][2, 10][1, 9] 
[20, 4, 7, 10, 2, 29, 27, 15, 5, 21, 6, 16, 28][12, 17, 19, 8, 26, 0, 22, 18, 13][23, 3, 9, 14, 1, 24][11, 25, 28][2, 29][17, 28][2, 10][3, 4][2, 21][6, 16][1, 9][16, 27] 
[7, 24, 4, 20, 23, 1, 3, 9][17, 19, 8, 26, 0, 13, 18][12, 8, 26, 0, 13, 6, 16][2, 7, 25, 11, 14][15, 5, 21][2, 6][10, 21][2, 29][27, 29][10, 27][0, 28][18, 22] 
[12, 17, 19, 8, 26, 0, 22, 18, 13, 6, 16, 28][9, 3, 14, 7, 2, 15, 21, 10, 27, 16][10, 7, 4, 23, 3, 14, 11, 25][10, 7, 24, 20, 23, 1, 9, 14][10, 6, 13, 0, 26, 8, 12][14, 9, 23, 20][5, 21][2, 29][16, 28][7, 10][5, 21][15, 21] 
[5, 6, 16, 2, 27, 15, 21, 10, 7, 28, 17, 18, 12, 19, 22][10, 27, 16, 2, 7, 24, 4, 20, 23, 1, 3, 9, 14, 11, 25][12, 17, 19, 8, 26, 0, 22, 18, 13, 6, 10, 16][6, 15, 27, 7, 25, 11, 14, 9, 3, 1, 23][28, 16, 10, 6, 2, 29][10, 16, 7, 24][11, 25][27, 29][2, 21][5, 21][4, 24][17, 28] 
[2, 7, 24, 4, 20, 23, 1, 3, 9, 14, 11, 25][10, 2, 6, 13, 18, 22, 0, 26, 8, 19, 17][7, 28][10, 27][0, 22][15, 21][2, 29][5, 21][16, 27][8, 12][2, 21][0, 22] 
[3, 1, 24, 7, 25, 22, 18, 0, 19, 12, 8, 26][6, 10, 7, 4, 23, 3, 14, 11, 17, 18, 12][15, 27, 16, 28, 17, 22, 18, 13, 6, 10, 29][14, 24, 7, 25, 11, 17, 18, 0, 26, 8, 19][2, 21, 5][2, 21, 5][20, 23][2, 29][23, 24][7, 20][1, 9][16, 28] 
[6, 10, 7, 4, 23, 9, 3, 14, 11, 17, 12][11, 25, 28, 17, 19, 8, 26, 0, 18][23, 1, 14, 7, 16, 15, 10, 2, 29][16, 28, 17, 11, 14, 24][2, 21, 5][2, 21, 5][6, 13][10, 27][7, 20][2, 29][7, 20][0, 22] 
[7, 24, 14, 4, 1, 3, 11, 25, 28][27, 2, 6, 16, 15, 29][12, 8, 26, 0, 19, 17][9, 3, 1, 23, 20][13, 18, 22][0, 28][10, 21][10, 29][12, 18][16, 28][5, 15][6, 16] 
[12, 17, 19, 8, 26, 0, 22, 18, 13, 6, 10, 15][10, 7, 4, 23, 1, 3, 9, 14, 11, 25][12, 19, 8, 26, 0, 18, 13, 6, 10, 16][8, 19, 0, 28, 16, 10, 15, 2, 29][2, 21, 5][16, 28][10, 27][16, 28][14, 24][10, 16][5, 21][7, 20] 
[10, 7, 24, 4, 20, 23, 1, 3, 9, 14, 11, 25][6, 13, 18, 22, 0, 26, 8, 19, 17, 12][7, 2, 16][5, 21][2, 21][2, 29][0, 28][15, 27][5, 15][15, 27][11, 14][16, 28] 
[10, 7, 24, 4, 20, 23, 1, 9, 14, 11, 25][16, 2, 21, 5, 6, 13, 0, 17, 12, 19][15, 21, 2, 27, 10, 16][8, 26, 0, 13, 6, 16][10, 6, 13, 18, 22][13, 6, 16, 28][3, 4][15, 16][16, 28][15, 29][15, 21][16, 27] 
[10, 27, 16, 2, 7, 24, 4, 20, 23, 1, 3, 9, 14, 11, 25][16, 10, 29, 27, 2, 21, 5, 15, 6, 13, 0, 28, 17, 12, 19][15, 5, 21, 2, 27, 29, 10, 16][8, 26, 0, 13][0, 22][13, 18][16, 27][10, 27][15, 29][0, 22][3, 4][10, 27] 
[5, 21, 10, 27, 2, 6, 16, 28, 25, 11, 17, 18, 12, 0, 13][26, 8, 12, 22, 25, 11, 17, 18, 19, 0, 13, 6, 2, 29, 27][0, 12, 22, 25, 11, 17, 28, 16, 10, 15, 29, 2, 21, 5, 6][9, 1, 23, 20, 4, 3, 14, 24, 7, 27, 15, 2, 10, 29][7, 24, 4, 20, 23, 1, 3, 9, 14][8, 19, 22, 25, 28][11, 17, 0, 26][12, 18][8, 26][15, 16][16, 28][11, 14] 
[18, 22, 25, 7, 24, 1, 9, 3, 4, 20, 23][17, 0, 26, 8, 19, 22, 25, 11, 14, 3, 23][1, 3, 4, 7, 10, 15, 2, 27, 29][15, 10, 21, 6, 13, 0, 12, 18][18, 22, 25, 7, 24, 23][0, 28, 7, 2, 29][17, 22, 25, 28][10, 7, 14][5, 15, 27][11, 25][6, 16][11, 17] 
[7, 24, 4, 20, 23, 1, 3, 9, 14, 11, 25][13, 18, 22, 0, 26, 8, 19, 17][10, 2, 21, 15][10, 16][2, 29][11, 17][5, 21][16, 28][16, 27][6, 16][0, 12][6, 13] 
[10, 27, 16, 2, 7, 24, 4, 20, 23, 1, 3, 9, 14, 11, 25][16, 10, 27, 2, 21, 5, 15, 6, 13, 0, 22, 17, 18, 19][2, 16, 27, 10][0, 26, 8][7, 28][0, 22][15, 21][2, 29][5, 21][16, 27][8, 12][0, 22] 
[10, 27, 16, 2, 7, 24, 4, 20, 23, 1, 3, 9, 14, 11, 25][15, 5, 21, 6, 2, 29, 10, 7, 16, 28, 17, 19, 0, 13, 18][12, 17, 19, 8, 26, 0, 22, 18, 13, 6, 2, 10, 27, 16, 28][27, 16, 15, 5, 21, 6, 13, 18, 22, 19, 8, 12, 17, 0, 28][0, 19, 12, 17, 22, 18, 13, 6, 5, 15, 29, 2, 21, 10, 16][1, 4, 24, 3, 11, 14, 7, 2, 21, 5, 15, 6, 16, 27, 10][12, 19, 0, 18, 13, 6, 21][10, 27][12, 19][10, 16][11, 14][2, 10] 
[10, 27, 16, 2, 7, 24, 4, 20, 23, 1, 3, 9, 14, 11, 25][12, 17, 19, 8, 26, 0, 22, 18, 13, 6, 2, 10, 27, 16][12, 17, 19, 8, 26, 0, 22, 18, 13, 6, 2, 10, 27, 16][10, 16, 7, 4, 23, 3, 14, 11, 25][15, 5, 21, 2, 29, 10, 16][13, 6, 15, 21, 10, 16][12, 19][0, 28][16, 27][10, 16][3, 4][10, 27] 
[7, 16, 27, 10, 2, 6, 13, 18, 22, 0, 26, 8, 19, 17, 12][10, 27, 16, 2, 7, 24, 4, 20, 23, 1, 3, 9, 14, 11, 25][4, 3, 23, 9, 14, 24, 7, 27, 29, 15, 16, 10, 21, 2, 6][10, 27, 16, 2, 7, 24, 4, 20, 23, 1, 3, 9, 14, 11, 25][10, 27, 16, 2, 7, 24, 4, 14, 11, 25][23, 1, 9, 14, 20, 24, 3, 4, 7, 25][15, 5, 21, 2, 29, 10, 16][10, 16][16, 28][10, 16][16, 27][10, 16] 
[16, 10, 29, 27, 2, 21, 5, 15, 6, 13, 0, 28, 17, 12, 19][16, 10, 15, 29, 27, 2, 21, 5, 6, 13, 0, 19, 22, 18, 17][25, 11, 14, 9, 3, 1, 23, 20, 4, 24, 7, 2, 16, 27][8, 26, 0, 13, 6, 10, 16, 28][10, 2, 6, 13, 18, 22][3, 4][15, 16][16, 28][16, 28][15, 29][15, 21][16, 27] 
[14, 24, 4, 7, 25, 11, 17, 12, 18, 13, 0, 26, 8, 19][15, 27, 7, 16, 28, 0, 17, 22, 18, 13, 6, 10, 29][1, 3, 9][16, 28][20, 23][3, 4][2, 21][23, 24][18, 22][13, 18][5, 6][5, 21] 
[16, 6, 5, 15, 10, 21, 2, 29, 27, 7, 14, 23, 24, 20][9, 1, 3, 4, 14, 7, 2, 15, 21, 10, 29, 27, 16][12, 17, 19, 8, 26, 0, 22, 18, 13, 6, 16, 28][2, 7, 14, 11, 25][2, 21, 15, 27][3, 4][2, 29][7, 28][2, 10][2, 29][2, 29][16, 27] 
[10, 27, 16, 2, 7, 24, 4, 20, 23, 1, 3, 9, 14, 11, 25][12, 17, 19, 8, 26, 0, 22, 18, 13, 6, 2, 10, 27, 16][16, 27, 29, 15, 6, 13, 18, 0, 26, 8, 12, 17, 22][9, 1, 4, 7, 2, 21, 10, 29, 27][15, 5, 21, 2, 27, 10, 16][4, 7, 27, 15, 5, 6][3, 4][16, 28][5, 21][3, 24][0, 25][5, 21] 
[4, 20, 24, 23, 14, 7, 27, 29, 2, 21, 10, 15, 5, 6, 16][9, 1, 3, 4, 14, 7, 2, 15, 21, 10, 29, 27, 16][12, 17, 19, 8, 26, 0, 22, 18, 13, 6, 16, 28][2, 7, 14, 11, 25][2, 21, 15, 27][3, 4][2, 29][7, 28][2, 10][2, 29][2, 29][16, 27] 
[6, 10, 2, 21, 15, 29, 27, 7, 25, 11, 14, 9, 3, 1, 23][12, 17, 19, 8, 26, 0, 22, 18, 13, 6, 10, 27, 2, 21, 15][4, 24, 7, 10, 16, 2, 15, 5, 21, 6][20, 23][13, 18][4, 24][2, 21][27, 29][2, 21][17, 28][13, 18][27, 29] 
[4, 20, 23, 1, 3, 9, 14][12, 8, 26, 0, 19, 17][10, 27, 16, 2, 7, 24][3, 11, 25, 28][5, 21, 10][13, 18, 22][0, 28][15, 16][10, 29][12, 18][16, 28][6, 16] 
[10, 27, 16, 2, 7, 24, 4, 20, 23, 1, 3, 9, 14, 11, 25][4, 24, 14, 7, 28, 16, 10, 27, 2, 6, 21, 15, 29][12, 17, 19, 8, 26, 0, 22, 18, 13, 6, 10, 16][15, 5, 21, 2, 27, 16][15, 21, 2, 27, 16][10, 16, 7, 24][5, 21][7, 14][15, 29][11, 25][2, 29][7, 14] 
[10, 27, 16, 2, 7, 24, 4, 20, 23, 1, 3, 9, 14, 11, 25][12, 17, 19, 8, 26, 0, 22, 18, 13, 6, 2, 10, 27, 16][16, 10, 27, 2, 21, 5, 15, 6, 13, 0, 22, 17, 18, 19][10, 27, 16, 2, 7, 24][7, 28][0, 22][15, 21][2, 29][5, 21][16, 27][8, 12][0, 22] 
[16, 10, 29, 27, 2, 21, 5, 15, 6, 13, 0, 28, 17, 12, 19][10, 16, 2, 7, 24, 4, 20, 23, 1, 3, 9, 14, 11, 25][15, 5, 21, 2, 27, 29, 10, 16][13, 6, 2, 15, 10, 16, 28][8, 26, 0, 13, 6, 16][10, 6, 13, 18, 22][3, 4][15, 16][16, 28][15, 29][15, 21][16, 27] 
[7, 24, 4, 20, 23, 1, 3, 9, 14][8, 19, 22, 25, 28][11, 17, 0, 26][10, 2, 15, 27][2, 21, 5, 6][12, 0, 13][12, 18][8, 26][15, 16][2, 29][16, 28][11, 14] 
[10, 27, 16, 2, 7, 24, 4, 20, 23, 1, 3, 9, 14, 11, 25][12, 17, 19, 8, 26, 0, 22, 18, 13, 6, 2, 10, 27, 16][13, 6, 5, 15, 29, 2, 21, 10, 16][10, 27, 16][5, 15][0, 28][12, 19][10, 27][12, 19][10, 16][11, 14][2, 10] 
[4, 20, 24, 23, 14, 7, 27, 29, 2, 21, 10, 15, 5, 6, 16][12, 17, 19, 8, 26, 0, 22, 18, 13, 6, 10, 16, 28][9, 1, 3, 4, 14, 7, 2, 15, 21, 10, 29, 27, 16][2, 7, 14, 11, 25][2, 21, 15, 27][3, 4][2, 29][7, 28][2, 10][2, 29][2, 29][16, 27] 
[10, 27, 16, 2, 7, 24, 4, 20, 23, 1, 3, 9, 14, 11, 25][16, 10, 29, 27, 2, 21, 5, 15, 6, 13, 0, 28, 17, 12, 19][15, 5, 21, 2, 27, 29, 10, 16][8, 26, 0, 13, 6, 10, 16, 28][10, 2, 6, 13, 18, 22][3, 4][15, 16][16, 28][16, 28][15, 29][15, 21][16, 27] 
