2257380.0 21246.47999986015 0.3137733197971814 0.454670777255152 2113.0 147.0 1.5984848484848486 
5383414.390436732 16216.67763368891 0.40630352059574815 3.318013993751691E-27 5950.0 307.0 4.893784542466841 
2619061.6416609683 21993.731765161683 0.2833484276812667 0.3866939143763457 2621.0 203.0 2.7432037949279326 
1701925.0 19418.457356066687 0.21671332996967305 0.5223595383263282 1647.0 140.0 1.3559176672384219 
3781346.715710738 31300.962506563792 0.07657281139064145 3.356540596743981E-201 3920.0 651.0 8.876219250338313 
1550124.339164237 20070.4198365788 0.23936411464412213 0.5360078379774481 1464.0 150.0 1.108695652173913 
6393892.200406229 17485.387932473655 0.43386388744391535 1.1362415556442156E-54 6533.0 257.0 4.218915343915343 
4078902.190688884 31875.73773330422 0.08884784222493704 7.825231836699101E-238 4478.0 714.0 9.723759988016342 
4248867.0738614565 24037.242634360344 0.137656296568681 3.6071578326930367E-6 4648.0 469.0 9.369763431080331 
4809965.867897744 22325.118064921626 0.14791436652200124 2.9813932510348784E-6 5214.0 512.0 8.751401858630674 
2983366.0671265246 17813.560119734822 0.3319525967943338 0.33460953939677346 3169.0 182.0 2.15625 
4307307.62955951 23820.063848167745 0.19178380810887366 0.005175113744922659 4580.0 433.0 9.438116660851314 
4558737.671378541 21840.19643859689 0.15355644039102662 5.251462445125427E-7 5035.0 517.0 9.809017184733772 
5539715.852917356 16144.984199661947 0.3704427840978963 9.71128492894518E-17 5692.0 302.0 6.12002278074535 
6568750.467208822 17847.09810645709 0.44505754651331336 0.0044423921110950705 6330.0 242.0 4.518956456456456 
3314215.795484158 22019.45618053516 0.3720506169134283 0.30795603971627095 3039.0 186.0 3.652644230769231 
1162305.0 22647.792472824334 0.24693253208753016 0.565791696035463 1045.0 142.0 0.6190476190476191 
4705640.0 16693.064844778884 0.4718873372198221 0.16919063118603025 4919.0 163.0 4.118125 
2857207.183023877 21998.278428446552 0.35615205211014944 0.25479361911079956 2811.0 204.0 2.476024916702883 
4413039.729911974 23506.60502999722 0.24354238541897694 6.031311466985452E-13 5033.0 418.0 5.145087839184822 
3139502.255567498 22422.074104543924 0.4939231746921037 0.15358543244046297 3038.0 185.0 2.0158993830090175 
3603333.3718304113 20368.728143263448 0.5004413165847357 0.11371939279514141 3688.0 182.0 2.282051282051282 
2909015.0 17602.507927929008 0.30278486008829225 0.377688800561141 2731.0 167.0 2.144927536231884 
5069164.915787558 21185.661589748957 0.2937822436988862 3.882148870612115E-65 5128.0 325.0 3.66548990287658 
5433554.680525318 21990.71820373968 0.4178186021120672 0.03165198690419565 5349.0 279.0 4.183884427069916 
4194218.8273633793 30112.988074984114 0.11743096123358795 7.825231836699101E-238 4495.0 608.0 8.716477691559394 
4990862.616774476 20537.09157624708 0.20364964323328152 1.8470561443156526E-6 5268.0 505.0 7.6246058256313205 
3088902.2789433883 20503.118309792237 0.44520400070079497 0.2178811884424134 3081.0 166.0 2.282051282051282 
2052730.0 17484.775935135636 0.16825560121347455 0.5087708017933233 1905.0 162.0 2.144927536231884 
3869974.8127861866 29066.93289501752 0.061492017711150516 1.9619713565255907E-206 4072.0 622.0 9.05446619081517 
5176595.0 13633.08432921998 0.48565156716556346 0.1331833060568647 5490.0 168.0 4.184927536231884 
4596757.089139014 29268.33799780639 0.05503305490445936 3.882148870612115E-65 4865.0 771.0 10.064086066787617 
2946997.318567724 18868.40120047294 0.3660004970542531 0.3349037410005535 3207.0 174.0 1.0892857142857142 
4868820.419947996 19786.02767094756 0.41954154930793325 0.11927465963760682 4874.0 250.0 3.5283445601143093 
4756937.437587961 22625.91101060914 0.17544579291562692 3.882148870612115E-65 4976.0 471.0 8.087893251243447 
5472081.218149451 17513.977886318724 0.436756880642013 5.676458340510393E-22 5743.0 271.0 5.327180791231999 
4142725.8778136484 31183.730383966704 0.047901846516727645 1.3045526461389951E-17 4324.0 733.0 9.47123250468742 
2121064.782589685 21491.61239590226 0.3767263250927355 0.3957819144074237 1934.0 140.0 0.0 
3186665.0 14397.734426307921 0.31070481850879306 0.36737288333933116 3062.0 159.0 4.6596069646675495 
1846268.8678313424 18106.942364891915 0.212679522325943 0.48088894604247157 1822.0 157.0 3.4071969696969697 
5137279.751445331 17979.01813581079 0.3340265318074267 0.19625377726738708 5687.0 197.0 3.736752136752137 
1333110.0 22762.274942936318 0.32403156656260823 0.5005582132694336 1203.0 126.0 0.0 
5340303.939989503 18969.43061745488 0.2701106846003096 2.084161417367649E-7 5394.0 382.0 6.273904006046863 
1936140.0 17725.315882464853 0.19941048982258058 0.47723287350946925 1908.0 143.0 2.171875 
5624734.440660406 16588.7017266527 0.44827236276652344 0.10857546084883979 5010.0 181.0 3.8452506397711876 
1450110.0 17019.86555530132 0.22103823380341242 0.5712273277062706 1219.0 142.0 3.524436090225564 
4642730.569403666 17150.847332838603 0.3932977564640251 0.14876081365458246 4527.0 244.0 5.534761028576621 
3821743.8116977634 32144.860537190005 0.05439002362898033 3.356540596743981E-201 4070.0 706.0 9.446348571841115 
1649355.0 17939.91903159197 0.19578674179959424 0.5020779873454093 1696.0 146.0 2.2363636363636363 
1996170.0 17483.574245684067 0.18982458397183843 0.510056757387047 1823.0 155.0 2.144927536231884 
4930349.990134159 23355.671759214558 0.23129747857593405 1.031836765771871E-7 5277.0 463.0 6.638077706807429 
4359838.257816341 22816.139251409062 0.42807598326496343 0.025225725465057382 4438.0 308.0 7.796695755537936 
1074710.0 20205.226445219174 0.2360326263449261 0.6060910601639645 981.0 127.0 1.0714285714285714 
2316965.0 17798.49881574971 0.3123122360298292 0.4304418985270051 2034.0 151.0 2.5001876172607878 
5289163.817964912 23053.11045166461 0.21145283958506053 5.185849667912885E-24 5430.0 476.0 6.8719249456890195 
4005025.95724692 22257.597847341527 0.49307500436546287 0.092357475585239 3797.0 216.0 3.5371373540387623 
6113046.372633957 19787.157841552395 0.39309324931665707 1.1362415556442156E-54 6091.0 284.0 3.1470575818980073 
3657367.25000865 28583.842386140153 0.3598925012213343 0.0653206998011408 3890.0 343.0 5.258668937846996 
4494712.705437817 18385.177995677488 0.4617150899551944 0.05857285105066052 5138.0 234.0 6.886536417388843 
5237576.2037657555 22751.669205602913 0.3517962121520308 8.871951611865364E-19 5277.0 355.0 3.6137184098843087 
4449700.863028536 20384.393965967927 0.3395509017979483 0.07657281140384635 4952.0 320.0 5.77560082003816 
3377060.9942205274 24688.779700367522 0.2451498695618127 0.16559601119950432 3384.0 348.0 6.879630347874928 
1594955.0 20607.367027423486 0.2717468433862351 0.5169231226897899 1413.0 126.0 0.0 
5999836.352570011 15055.938258819004 0.3608571239004012 3.318013993751691E-27 6310.0 325.0 8.18094529268895 
1498140.0 18429.711271236192 0.18213807656744177 0.5718995317757126 1371.0 153.0 4.354166666666667 
2494187.5446240967 19860.185365404246 0.415977413943266 0.2709566925221681 2543.0 154.0 2.682758620689655 
2672340.0 18746.925040295933 0.28156560081416077 0.4211500808324632 2670.0 150.0 1.0943396226415094 
1891630.0 20054.044083740668 0.18546987065040257 0.47925227524887254 1763.0 142.0 0.0 
2764714.8601883687 25255.687052599395 0.31988145827359216 0.2480725278964689 2639.0 271.0 4.260121061733964 
5772059.316714667 16663.964808752964 0.39586993811380494 4.2007810871288983E-7 6761.0 290.0 5.883450500770416 
6283815.838370316 17886.855864789235 0.43514984305496285 3.0312424993645577E-29 6050.0 284.0 5.5981280193236715 
2726694.8210024135 19188.978176785487 0.33820628917814355 0.35433910807539976 2916.0 174.0 1.0892857142857142 
1781772.3625694872 18442.89162591961 0.24368959417719174 0.5063139805153456 1749.0 158.0 2.185185185185185 
3717750.085747128 21213.89499769056 0.44996651710139307 0.2078297692525009 3336.0 199.0 1.7171202809482002 
3549016.44475028 26615.858042921387 0.4282524447763203 0.07771263568250676 3733.0 279.0 2.8692157945253918 
975970.0 21863.5150927697 0.2490077111115849 0.5948715052172201 856.0 129.0 0.6607142857142857 
2367837.0974830887 21133.80062470937 0.33969686519032505 0.3699168220524394 2300.0 150.0 0.0 
5703137.685675942 17683.380039457832 0.4436547244539083 0.03036591068505962 5650.0 216.0 4.451791217257319 
3035812.155840066 19691.377290243294 0.31649121166303845 0.2698168682293114 3227.0 202.0 2.4756792363545097 
2821930.0 18706.9370730718 0.37389126611121254 0.3584594813685288 2467.0 141.0 1.0833333333333333 
6899412.983722051 19145.164120705416 0.4870556877232156 0.00444239211124685 6521.0 219.0 4.267908974805526 
3424807.150339376 18858.687101086918 0.28685550640243085 0.19263088014368987 3763.0 230.0 4.062209903917221 
1240560.0 16913.273603004647 0.1743638903751094 0.5870095102062136 1099.0 152.0 3.3023399014778323 
3257575.4829442734 24396.039332017495 0.264994534688379 0.19415007101982132 3289.0 268.0 3.4880635245901637 
3479748.6122845854 20669.07952304233 0.41577183396339334 0.19578656532622865 3385.0 202.0 2.543859649122807 
667650.0 21774.530407558774 0.13084598344488974 0.6920779288905998 609.0 131.0 0.0 
2210115.0 16596.38927200648 0.3010588896497262 0.4044619685424464 2525.0 156.0 3.2331730769230766 
2552403.4984531975 17898.61338512581 0.38096434980469723 0.31599436516952184 2760.0 167.0 3.4941329856584096 
6067195.382590715 18701.531976236063 0.38017586541786136 2.5966753046346527E-8 6018.0 297.0 5.257597526994078 
6169709.741874112 15308.070669131786 0.36714023558258185 9.71128492894518E-17 6638.0 317.0 6.160720597446521 
5833649.056028819 16601.60420743106 0.43582209683708417 0.08984201951120581 5418.0 188.0 4.902617002222296 
7004248.283269228 16022.89831176145 0.49298824072096503 0.0044423921110950705 6730.0 215.0 4.63269954446425 
6224516.660990677 15517.217011062225 0.5359214209675665 0.035655833528325735 6319.0 179.0 3.348631239935588 
5945037.1205918025 14806.895302251172 0.3515034680994216 1.6614066256439415E-11 6665.0 351.0 6.194818880733642 
2434835.0 18057.864613358768 0.33580977209721197 0.415363662387389 2205.0 155.0 2.169491525423729 
6452155.316149222 18465.75024846139 0.41533421764456163 1.1603284643835325E-12 6079.0 243.0 3.9899492583918814 
1405530.0 22490.127679002977 0.20727256886435186 0.532414847571818 1237.0 157.0 0.28309409888357256 
1281825.0 18728.66567481616 0.16588827383924093 0.5728932247479314 1195.0 128.0 1.0666666666666667 
6501698.410882267 20368.55595625467 0.36646824864795763 3.325593416950089E-44 6456.0 312.0 4.012694507363726 
6857918.162272069 15747.736219210745 0.42822254270014115 0.004442366144645585 6705.0 233.0 4.549533799533799 
5887165.742453228 16992.962734615765 0.4290125097428179 0.0718669628386012 6401.0 227.0 4.266462906362879 
599330.0 21610.918991928895 0.17678985801574867 0.6939188902132828 549.0 120.0 1.3125 
6620104.5223438265 18540.43882154855 0.43687402196094993 3.325593416950089E-44 6728.0 241.0 2.6951058201058204 
855070.0 22413.90632846643 0.2392169699457845 0.6171125620171247 767.0 119.0 0.0 
919835.0 23239.9722675339 0.25681118079951365 0.5889968961707749 862.0 120.0 0.0 
6742637.290613812 18292.26807197597 0.4076770793093596 5.689425217718212E-39 6745.0 251.0 3.170762928827445 
722700.5066344993 21951.110489166247 0.20890933428416109 0.6437376884363364 636.0 127.0 1.9375 
510350.0 23126.475419055987 0.13295027444209712 0.7165110855018654 440.0 121.0 0.0 
6345982.190902383 16070.405316957342 0.45025957463099237 1.326397523372577E-75 6319.0 224.0 4.516299185888738 
799050.0 21904.503164981194 0.2175895346614704 0.6433577470023691 730.0 119.0 0.0 
6678007.6825403925 16302.763579119506 0.4366991312671068 2.5966753046801794E-8 6580.0 255.0 4.6039814814814815 
6812527.137661048 16067.717328290439 0.4873771766260032 0.004442392111246851 6614.0 206.0 4.65162037037037 
