4275644.755770158 29757.259140571612 0.03986493759441523 2.1206608107372965E-27 4546.0 737.0 9.432847661982834 
1568887.676943292 23227.83520686331 0.2143462154531099 0.4915844536246871 1524.0 162.0 0.7009803921568627 
4404194.392334659 19544.662620772535 0.28749910125992695 0.024757156943833052 4664.0 373.0 7.105294542059248 
3798591.0235189064 24121.529032549228 0.44739560952818835 0.07747882557483157 3356.0 246.0 2.0337165521143654 
1521595.0 17647.82706867627 0.20361938052888995 0.5377924818175025 1424.0 162.0 5.162037037037037 
4192472.569692665 18054.155934246766 0.480215058911743 0.09483867196633154 4298.0 175.0 3.9801965948505393 
4471489.444473384 23882.690985968165 0.39186575768142334 1.3225883355075123E-6 4643.0 306.0 6.637643239113827 
5417765.880295757 18844.602612217 0.3530245198596003 2.7393576882044747E-175 5267.0 307.0 5.730764590600657 
5528767.320793619 22848.602509353856 0.38528972137763706 1.7282352744472232E-96 5582.0 333.0 4.356423215996165 
4757902.127041222 20966.224421476254 0.4403812855231075 0.08314872076358863 4535.0 243.0 4.4932208994708995 
5154037.825296768 21206.470812026393 0.2340741429427736 2.9566649075243093E-91 5379.0 412.0 6.255525944119448 
1713065.0 20575.769989114324 0.24073807841434974 0.4932195464187686 1558.0 145.0 0.0 
3698704.604753577 20337.145342229927 0.4523056104142296 0.18123309898840134 3295.0 212.0 5.677083333333334 
2133010.0 18315.93557319103 0.33022784269004185 0.44771451952303015 1846.0 150.0 2.1601503759398497 
4533903.556734846 23653.939774904327 0.1177822560433293 2.393554254972737E-6 4837.0 584.0 9.247588330323474 
5468515.527684801 23767.758789627034 0.24614366914228955 1.0159285221738531E-274 5326.0 557.0 8.67094719122935 
5346195.406026023 21110.591551724643 0.4813846124092287 0.048226276833381494 5084.0 228.0 4.31735247501882 
2071825.0 18269.817004227138 0.26823959742397263 0.4556352767607829 1971.0 150.0 4.104166666666666 
7218652.517329692 19506.61066981514 0.41495449470712364 1.0925801196101461E-206 6641.0 257.0 6.2030293873234115 
2023050.0 19305.44624398379 0.2953021703459353 0.46595432517887303 1888.0 134.0 1.1041666666666667 
2417588.862970645 21455.36154470344 0.3263701195294606 0.4017126490530746 2272.0 163.0 4.104166666666666 
1428260.0 20340.796111994372 0.20607438669362751 0.564826775914627 1343.0 148.0 3.127659574468085 
3990800.0 18143.323562459118 0.46311942047654286 0.2263268646324698 4049.0 147.0 1.0847457627118644 
4642435.51606028 19723.64514760404 0.3532876071409072 0.012744672521251476 4572.0 310.0 6.513243688782482 
3657564.0367894983 19142.335408182542 0.34770395299638174 0.2654313771335048 3473.0 181.0 3.8870414301448784 
4916642.74430448 21586.352919948866 0.17158773833549315 3.649512475903386E-6 5032.0 488.0 8.953835887956586 
2649039.9999999995 18500.73988227967 0.29410505655714686 0.4364626329127819 2381.0 151.0 2.084745762711864 
5883603.0109011 17287.604692354653 0.4023579749706276 4.3577051763172926E-238 5633.0 310.0 5.828180252444959 
5826707.791354393 16969.93002951993 0.40004910012333483 4.3577051763172926E-238 5684.0 325.0 5.4186609608573555 
5071019.081278653 19320.752452273955 0.45233488622246015 0.03261651050063713 4646.0 255.0 5.032417988515549 
4336712.777908268 28010.257114856428 0.08063687952662185 7.455162015643624E-233 4801.0 714.0 9.935650627206217 
6411944.066823379 20445.82670522697 0.4348575804160651 4.686493132980215E-170 6473.0 253.0 4.944467213114754 
4800717.794007703 20726.11825647283 0.430327293236356 0.08314823474397942 4596.0 245.0 5.092051113374643 
3435329.0806702357 22766.872107532006 0.4162696765821638 0.1983878792838396 3288.0 213.0 0.5886327503974563 
3741302.0832185657 20994.382442792685 0.348171630795308 0.12307405685988831 3645.0 225.0 4.740277777777778 
1298415.0 19421.34808642547 0.12628839306925876 0.6025835866261399 1162.0 151.0 3.127659574468085 
7568173.407052337 20149.962625704142 0.44228105144406976 6.386369649346189E-212 6697.0 230.0 4.773809523809524 
5709025.239239558 20270.042191833596 0.34700336880972454 4.3577051763172926E-238 5371.0 392.0 7.045564892623716 
2264901.464214418 20385.44301127045 0.19900156864562063 0.40948918336019374 2425.0 210.0 4.036406518010292 
3948786.3286766196 20003.33074766595 0.503421535011131 0.07698355759093657 4528.0 243.0 6.503219696969697 
5766787.941496063 20703.846522794054 0.4893644520407234 7.732820504859904E-12 6149.0 243.0 2.251412429378531 
1634278.1866269375 21633.492103522953 0.20639587558963987 0.548372389363978 1622.0 131.0 0.0 
1753555.0 18860.30664750133 0.1997035001998541 0.5094409539895988 1642.0 140.0 1.0925925925925926 
3023170.0 16071.646561503594 0.27654019701273475 0.4164718260462941 2797.0 161.0 5.1127946127946124 
2759082.366339959 19446.858449072704 0.3217227128987193 0.33893698232980085 2577.0 160.0 5.017857142857142 
1956967.4005958526 21968.831350462515 0.3462435483022653 0.4544099509580147 1672.0 126.0 0.0 
3392477.4877797784 19466.538909048035 0.3794151587896401 0.2828516975241912 3229.0 165.0 1.4417344173441733 
4046602.7998660984 26093.539882841083 0.3455426752284455 0.0532796205245627 3862.0 314.0 4.909100728725942 
2340355.0 19746.43763254207 0.29351875358833746 0.4229331861658987 2231.0 137.0 3.090909090909091 
4697606.652058387 18395.23504649434 0.19227862099330775 3.628026515009367E-22 5013.0 344.0 9.073613669129738 
5593328.066402158 20764.923324866726 0.3835654027260515 3.197803526210558E-196 6149.0 342.0 7.620076605011537 
1386855.0 23556.61447569231 0.2794909708441876 0.5514406549067598 1107.0 148.0 1.12 
2906888.5131401564 21730.338905251447 0.38344858223425526 0.25494069991070045 3105.0 204.0 0.7828282828282829 
5222441.8977765115 21345.053250285582 0.3793274123581177 7.549080822715647E-13 4915.0 353.0 4.7982980191974995 
5292655.738825997 20651.93161639329 0.4444132560177405 0.14233107318213706 4773.0 175.0 3.3722222222222222 
4855035.124237552 24480.548146402172 0.18304538292476363 0.0018712246953420727 5323.0 525.0 7.180062497803095 
6705921.86443245 20722.246831460532 0.4182862887905588 2.7492356451957625E-159 6425.0 286.0 3.552797640407152 
6069916.322051648 19188.399851541584 0.4043746497039649 5.058262323792588E-86 6244.0 315.0 5.565598081590653 
1116925.0 20700.84370665968 0.1913442424118648 0.6133715582116492 1015.0 127.0 0.0 
6127979.935288847 16099.247406541515 0.425359044651886 0.02075064736174516 5866.0 249.0 3.854554558267191 
867715.0 21638.45819845455 0.23027443616856466 0.6243585943775513 774.0 127.0 1.125 
1811625.828328151 24058.222958721588 0.31529202361497793 0.46724144845566107 1586.0 168.0 1.1 
3346825.0 20183.205625799554 0.35027677271903623 0.2932855581339615 3451.0 166.0 5.5964912280701755 
6241042.522453497 21823.037755920144 0.39332687578510167 5.4708022726410233E-191 5673.0 314.0 5.914509991776145 
4592439.292159429 26349.328926105176 0.11886313068719499 1.0618640935020924E-11 4815.0 553.0 8.143125161418464 
4999325.203351067 24023.892354686257 0.1681986518531953 1.2129207015282416E-7 5150.0 500.0 8.01520708280372 
7520615.172940576 18998.358190070187 0.4969049386528309 2.9734568223194855E-264 6958.0 233.0 5.746191422420931 
1230020.0 19187.263169444555 0.1729918218265283 0.6061788489557061 1121.0 132.0 1.0638297872340425 
3606395.4884566376 22953.983615042493 0.30877537070737915 0.20247886197936216 3656.0 269.0 3.3463806155511566 
2591110.0 17519.142327644702 0.33741732645373096 0.3872769875652176 2505.0 142.0 4.090909090909091 
982285.0 19933.888536778304 0.1320442602540347 0.6400844054501136 850.0 131.0 3.2142857142857144 
3298139.9999999995 17055.0244304601 0.38520215806674946 0.32794790709614985 3263.0 145.0 2.084745762711864 
3901978.0312166256 20622.344636078167 0.3938241379082113 0.2262684124386252 3551.0 172.0 4.113636363636363 
7470904.25493814 19030.01019675595 0.4605766926388955 5.086989931624176E-259 6878.0 245.0 5.772075260804769 
2523690.0 18370.87199454319 0.3424154832714663 0.41486484381191363 2310.0 133.0 2.085106382978723 
6357279.866723052 22133.124141868127 0.3619093151862976 9.359448528034263E-186 6101.0 352.0 6.6598083323061745 
2855810.0 15943.658983315743 0.35241038309172856 0.332709862482357 2809.0 143.0 3.331382978723404 
6307916.9684089245 19319.487385383854 0.425359044651886 0.02075064736174516 5971.0 221.0 2.4128959276018103 
1887435.2160969763 21079.2659757086 0.31190320346679984 0.45455342529810616 1912.0 158.0 3.4327651515151514 
688670.0 23190.123621700666 0.17401311557787208 0.6665633646605338 600.0 133.0 0.0 
4117402.803492568 22552.552864536246 0.4494707123609561 0.028174118389749765 4026.0 235.0 3.165223665223665 
3139275.0 18145.52415030516 0.33592582161139334 0.31052723871872806 3158.0 142.0 1.3204134366925064 
3851383.172899501 24128.796199024368 0.44087808246237364 0.07747934218549207 3477.0 253.0 3.763093052624753 
2804436.288211381 22500.74677154222 0.3491072446827179 0.2946308821135858 2698.0 210.0 4.006070318570319 
6008554.537268529 19484.007845957254 0.47045512695544983 1.3229309319714324E-6 6480.0 255.0 2.4372234736801413 
3073555.0 19763.569996502534 0.23290409694710149 0.41586050887349835 2705.0 174.0 5.47063492063492 
7696999.433279187 18438.099202538724 0.48582818463984473 1.4888788519188733E-248 6811.0 210.0 5.772075260804769 
2175077.0226396946 21108.491766998 0.1883638927779792 0.40948926194073587 2354.0 221.0 4.401988636363637 
917380.0 21447.26532103498 0.13704195138580483 0.6691353117390721 812.0 142.0 0.0 
7630098.333248269 18313.511105198442 0.4616580644029951 1.6012144541761017E-180 7026.0 220.0 5.965707594513216 
7156681.66341094 18681.53575267961 0.5088877068488826 1.1750150642616187E-138 6696.0 213.0 5.8791686602368785 
3553832.323785829 21579.0043646672 0.42234766287947234 0.16586109398330706 3022.0 216.0 3.9865869029478715 
812540.0 22647.77867676768 0.15940005042989444 0.6670017944926028 723.0 143.0 0.0 
2710943.9671911784 20439.814747667315 0.20350247547177605 0.39069669566525583 2538.0 195.0 5.848096944871139 
3503356.388651737 16716.389195297703 0.34536573163062045 0.2684124386294335 3377.0 177.0 3.7990416292303086 
749305.0 23159.56186747117 0.1449622688975282 0.6692522168020038 651.0 138.0 0.0 
3244910.2505683023 21847.10185231997 0.3505397180397494 0.268326111470583 3248.0 216.0 1.9869670421360033 
3195991.3715858324 18734.242712960608 0.4377789674021872 0.24786649520692078 3297.0 169.0 3.258841732979664 
2959547.9564251862 15699.295425196256 0.35711570018952643 0.2622180396185292 2922.0 207.0 5.749472300701809 
579580.0 24855.577275747237 0.13870789727945376 0.701313428299069 530.0 141.0 0.0 
1055395.0 21587.71401255795 0.21653738916491624 0.6183108388323738 897.0 134.0 0.0 
6880262.628170689 20566.151424623564 0.41507135432303277 8.65367518354436E-81 6653.0 291.0 3.8024436659375604 
1469925.0 20647.815268600214 0.21180273441721406 0.5331162795959672 1341.0 143.0 0.0 
6633156.386130141 20938.787326613423 0.43459449962356955 5.058262323792588E-86 6289.0 266.0 3.0467800173682527 
6786563.644696013 20628.957600490277 0.4269956002898319 8.65367518354436E-81 6408.0 277.0 3.4952564522553864 
7078137.410357142 19491.135996998994 0.4930757966891773 0.02723871872808043 6564.0 205.0 2.6854175236528177 
6969843.287851562 19028.62215982234 0.49062102473339103 0.027238833357628417 6620.0 195.0 2.9264705882352944 
6190838.320705059 20143.823963643925 0.4449113885406613 0.019610823069373628 6227.0 227.0 3.192961610873858 
7317055.037359137 19016.672732370647 0.5127455736823339 0.04173510483460857 6595.0 187.0 5.468774395003903 
6479661.820642496 17142.192773384148 0.4335133367895204 2.3466358963014228E-154 6672.0 264.0 7.531354968216794 
1172145.0 18866.951758847048 0.16851863759938682 0.599372219831173 1065.0 150.0 4.277777777777778 
631410.0 21879.43268433496 0.13031979383414888 0.700787339490804 540.0 131.0 2.0 
