70215.0 8548.360337698217 0.24983943481053308 0.2607578676942839 83.0 73.0 0.0 
99428.75260960334 10497.160109372935 0.13744380218368657 0.0 108.0 129.0 2.0904426377597107 
102457.52546930905 9444.581340110297 0.08798972382787412 0.0 119.0 138.0 2.319760101010101 
93019.52185077449 10787.072516817501 0.055876685934489405 0.0 106.0 151.0 3.116183816183816 
71955.0 8504.539088679903 0.3821451509312781 0.13037893384714194 84.0 66.0 0.0 
122618.26682263747 8002.30923169696 0.19974309569685292 0.0 127.0 111.0 2.144757760856832 
104045.0 9634.670453783432 0.18882466281310212 0.0038535645472061657 101.0 101.0 0.6585043988269794 
117732.47145926484 8097.524516622135 0.13166345536287732 0.03468208092485549 134.0 122.0 2.6475245184922604 
106020.0 9043.847127938123 0.30764290301862557 0.028901734104046242 109.0 85.0 0.0 
88125.0 8782.969132625209 0.25305073859987154 0.05394990366088632 86.0 69.0 0.0 
90276.48834613667 11971.60149280466 0.09955041746949261 0.0 98.0 141.0 2.0624799829187572 
104538.36055450278 11790.765951554902 0.07642903018625562 0.0 101.0 141.0 2.4581339712918657 
86019.39583343072 9194.96763154136 0.11046885035324341 0.0012845215157353885 111.0 112.0 1.6189332568642913 
97165.71528315208 9385.26323026729 0.06936416184971098 0.0 126.0 150.0 2.9062064611633573 
45045.0 8911.608916115136 0.12909441233140656 0.4682080924855491 45.0 75.0 0.0 
90915.0 7984.438375990539 0.15542710340398203 0.057803468208092484 100.0 75.0 0.19166666666666665 
107385.0 7905.342977253812 0.2575465639049454 0.02697495183044316 130.0 104.0 1.0304054054054055 
108613.41353266596 9516.082641134615 0.1676300578034682 0.0 115.0 119.0 2.2162162162162162 
93330.0 8672.794283573166 0.20873474630700065 0.015414258188824663 108.0 84.0 1.5453720508166968 
155730.0 5735.536635643976 0.33076429030186255 0.05202312138728324 152.0 78.0 1.1176470588235294 
144210.0 7363.792721635786 0.36095054592164416 0.09826589595375723 140.0 71.0 0.0 
96585.05055701415 11888.161552119725 0.11946050096339114 0.0 96.0 131.0 2.083226545511028 
93644.60869802196 13667.35064141479 0.0680796403339756 0.0 93.0 159.0 2.618085168526199 
110633.30871156155 10270.682588760064 0.10276172125883108 0.0 120.0 125.0 2.407368925831202 
140585.0 6912.412549382848 0.3834296724470135 0.11946050096339114 140.0 69.0 0.0 
62560.0 7450.332030647339 0.17597944765574824 0.31856133590237634 69.0 79.0 0.0 
109850.0 7455.564038978118 0.22157996146435452 0.015414258188824663 113.0 83.0 1.3729582577132486 
83515.0 8555.091477762062 0.22671804752729607 0.27874116891457934 81.0 76.0 0.0 
95137.27761710375 10484.186857434459 0.1361592806679512 0.0 109.0 121.0 1.936988596988597 
90449.40488278295 10062.851178669353 0.10854206807964033 6.422607578676942E-4 107.0 123.0 2.091015848675718 
159780.0 6854.71691810945 0.41040462427745666 0.045600513808606295 154.0 76.0 0.0 
112170.00000000001 6929.042158261502 0.1689145793192036 0.03275529865125241 114.0 93.0 1.1887445887445887 
86099.32822544653 12429.00898329667 0.0899165061014772 0.0 92.0 142.0 2.269592476489028 
87383.06719686775 13995.209519101249 0.06679511881824021 0.0 92.0 149.0 2.1263397596137383 
153390.0 7221.723178137652 0.3988439306358382 0.07385998715478484 148.0 71.0 0.0 
173930.0 6792.550852620694 0.4142581888246628 0.028901734104046242 172.0 84.0 0.9365079365079365 
79080.0 8911.655457571287 0.34296724470134876 0.05844572896596018 88.0 69.0 0.3557692307692308 
113715.0 9722.476783501594 0.10533076429030186 0.0012845215157353885 119.0 117.0 1.5982111718205068 
65440.0 8891.233307496675 0.2594733461785485 0.2607578676942839 68.0 77.0 0.0 
116414.92548999081 9776.990082630045 0.16249197174052665 0.0 112.0 105.0 1.9043478260869566 
67380.0 8606.048817333229 0.40012845215157355 0.262684649967887 70.0 70.0 0.0 
119375.0 8455.222489421907 0.18432883750802825 0.017341040462427744 130.0 101.0 0.7155388471177944 
49255.0 8886.554879588935 0.24277456647398843 0.294155427103404 59.0 66.0 0.0 
115840.0 7294.511635027557 0.2350674373795761 0.05138086062941554 122.0 79.0 0.0 
150240.0 7327.2888993098395 0.3789338471419396 0.006422607578676943 147.0 81.0 0.0 
63660.0 9145.471573335562 0.3114964675658317 0.18625561978163135 68.0 65.0 0.0 
136284.88080214092 7557.864503697685 0.13680154142581888 0.01798330122029544 169.0 145.0 3.0456521739130435 
95320.5222227217 8260.054572985347 0.21901091843288376 0.0 107.0 92.0 2.121501014198783 
56400.0 7175.910957353941 0.1123956326268465 0.371868978805395 68.0 82.0 0.0 
42040.0 9224.51332703221 0.15350032113037893 0.3692999357739242 45.0 65.0 0.0 
75455.0 9652.152363542196 0.14900449582530506 0.10982658959537572 70.0 71.0 0.40384615384615385 
193865.0 6121.6961090397535 0.36287732819524726 0.0 192.0 95.0 0.8965277777777778 
103340.0 6464.305104892284 0.18818240205523443 0.03147077713551702 120.0 89.0 1.4618055555555556 
181795.0 6788.365374388726 0.3519588953114965 0.0 165.0 92.0 0.4444444444444444 
74740.0 7723.279812656749 0.15350032113037893 0.2697495183044316 86.0 74.0 0.0 
124525.0 8687.857802205252 0.44701348747591524 0.014129736673089274 130.0 84.0 0.0 
58500.0 8927.85290155182 0.21836865767501606 0.3615928066795119 57.0 75.0 0.0 
60750.0 8519.302603894965 0.30571612074502247 0.3468208092485549 73.0 79.0 0.0 
126350.0 6959.982850658998 0.2023121387283237 0.0 124.0 97.0 1.5185185185185186 
131150.0 6008.139400605452 0.2010276172125883 0.008349389852280027 144.0 83.0 1.1304347826086956 
77070.0 8593.103383208301 0.4425176621708414 0.12909441233140656 80.0 70.0 0.0 
120755.0 7038.254879853431 0.22350674373795762 0.03982016698779704 118.0 73.0 0.0 
88349.00446136037 11643.625890728552 0.07129094412331406 0.0 99.0 130.0 2.7642992706513576 
82375.0 10834.96549619482 0.2010276172125883 0.029543994861913937 84.0 93.0 1.2119548872180452 
98400.0 6217.304191152579 0.2543352601156069 0.10404624277456648 119.0 81.0 1.0512820512820513 
132895.0 7274.766584766585 0.4226075786769428 0.02569043031470777 133.0 77.0 0.0 
71485.0 6903.6207679985555 0.31085420680796405 0.2691072575465639 84.0 79.0 1.08 
147705.0 6975.037416072885 0.4617854849068722 0.037251123956326265 135.0 85.0 0.8533333333333333 
150865.0 5127.868778999426 0.3622350674373796 0.03789338471419396 159.0 77.0 0.0 
134130.0 5670.992122865695 0.17212588310854207 0.006422607578676943 139.0 83.0 1.2564102564102564 
101370.0 7683.245246296588 0.22029543994861914 0.012845215157353885 115.0 102.0 1.1394594594594596 
86350.0 6431.606936690898 0.20488118175979447 0.08670520231213873 101.0 78.0 1.0689655172413792 
175555.0 5942.955727115173 0.4071933204881182 0.023121387283236993 184.0 80.0 1.0588235294117647 
80735.0 7051.063161252508 0.3018625561978163 0.12138728323699421 96.0 75.0 1.1176470588235294 
53685.0 10072.905397249324 0.23956326268464997 0.279383429672447 55.0 71.0 0.33436532507739936 
101459.99999999999 12812.55767370899 0.05844572896596018 0.0 100.0 140.0 2.6216154970760233 
56000.0 9117.24041738575 0.2543352601156069 0.2350674373795761 63.0 67.0 0.29118773946360155 
91630.0 6243.9362662882195 0.26011560693641617 0.2113037893384714 110.0 85.0 0.0 
94190.0 6889.327897643329 0.21644187540141296 0.03018625561978163 102.0 77.0 1.2739130434782608 
73255.0 10478.093955809365 0.18497109826589594 0.23892100192678228 65.0 103.0 2.2413381123058542 
170933.4439915358 7735.292235913316 0.3924213230571612 0.0 158.0 79.0 1.5157894736842106 
129045.0 6992.0255538428155 0.20873474630700065 0.01991008349389852 133.0 79.0 0.0 
114270.0 5923.974289032669 0.21066152858060372 0.0 127.0 81.0 1.1176470588235294 
64545.0 6519.804671441247 0.05394990366088632 0.3583815028901734 83.0 81.0 1.32 
84322.35424994028 11393.405274586297 0.054592164418754016 0.0 104.0 135.0 2.263097713097713 
85116.66312962258 14539.337283635236 0.09890815671162492 0.0 84.0 147.0 2.625681851688044 
68105.0 6746.707025136497 0.16570327552986513 0.28644829800899163 80.0 88.0 1.5974358974358975 
90173.81607304857 14903.145753645387 0.12010276172125883 0.0 83.0 145.0 2.7558823529411764 
161055.0 5712.426069944814 0.3468208092485549 0.04238921001926782 169.0 78.0 1.0454545454545454 
51985.0 9496.058473393983 0.22992935131663456 0.27874116891457934 56.0 65.0 0.0 
177790.0 5451.120460783872 0.43031470777135516 0.0 185.0 78.0 1.0869565217391304 
167160.0 6979.224362213078 0.41040462427745666 0.028901734104046242 158.0 76.0 0.0 
168920.0 5742.948045257447 0.3827874116891458 0.024405908798972382 164.0 73.0 1.0454545454545454 
80435.0 10949.779356080024 0.14900449582530506 0.012845215157353885 91.0 109.0 1.0631578947368419 
83455.35003381374 13150.143507133676 0.13102119460500963 0.0 86.0 124.0 2.1151710694360424 
54335.0 7805.982347172279 0.13037893384714194 0.348747591522158 66.0 69.0 0.0 
122615.0 5678.550259060396 0.14964675658317278 0.029543994861913937 148.0 88.0 1.7479166666666668 
162650.0 7072.6522187822475 0.44187540141297366 0.028259473346178548 151.0 78.0 0.0 
52355.0 6920.783132530118 0.10918432883750803 0.3815028901734104 66.0 79.0 0.0 
96170.0 6137.720569843272 0.23892100192678228 0.11046885035324341 120.0 86.0 2.1373122529644273 
178370.0 7720.181949186347 0.43031470777135516 0.0 152.0 80.0 1.1781818181818182 
76260.0 6671.813577929664 0.0783558124598587 0.33140655105973027 90.0 79.0 1.08 
81583.674113968 13855.471946866077 0.10661528580603725 0.0 88.0 141.0 2.3203899246548976 
59850.0 6977.91714864083 0.13744380218368657 0.3301220295439949 74.0 90.0 2.033333333333333 
164990.0 7112.798320629078 0.37508028259473347 0.05523442517662171 146.0 69.0 0.0 
106885.0 5633.134649002715 0.14065510597302505 0.03789338471419396 125.0 79.0 0.0 
78250.0 10751.17320160543 0.21644187540141296 0.04238921001926782 78.0 76.0 0.0 
126665.0 5179.047184458455 0.14065510597302505 0.03789338471419396 141.0 79.0 0.0 
159070.0 4558.469236471458 0.4258188824662813 0.0 185.0 81.0 1.0625 
192065.0 5066.794906833013 0.33269107257546565 0.03789338471419396 175.0 85.0 0.4444444444444444 
79265.0 12755.333900658094 0.11753371868978806 0.012845215157353885 80.0 117.0 1.407603990212686 
38900.0 8301.041510751886 0.15606936416184972 0.3924213230571612 55.0 65.0 0.0 
