112847.50001856007 10134.945706518238 0.07965543143464224 7.00423100102341E-5 137.0 205.0 4.423228944968075 
90068.93719757607 16719.267502498267 0.057803468208092484 0.0 97.0 214.0 5.424116089998109 
62065.0 10533.973579002255 0.13808606294155426 0.25369299935773926 74.0 65.0 0.0 
24885.0 12070.98546614676 0.06037251123956326 0.6107899807321773 23.0 68.0 0.0 
42645.0 12810.677755261731 0.224791265253693 0.3371868978805395 38.0 66.0 0.0 
84705.0 8859.076768736231 0.09762363519588953 0.06165703275529865 85.0 88.0 2.611111111111111 
82735.0 9176.825157767882 0.28195247270391777 0.0340398201669878 92.0 73.0 1.0666666666666667 
83635.0623503108 10471.348049130873 0.08477842003853564 0.05908798972382787 81.0 83.0 0.6111111111111112 
81290.0 10347.424105517337 0.2678227360308285 0.04367373153500321 74.0 70.0 0.0 
80242.95557844776 12825.736113387804 0.18368657675016056 0.046242774566473986 99.0 188.0 4.190876436781609 
76245.0 7004.162066334254 0.12138728323699421 0.1355170199100835 86.0 85.0 2.8091397849462365 
55530.0 8393.985270049101 0.07964033397559409 0.32883750802825945 58.0 76.0 2.0 
72120.0 8844.133583595987 0.09890815671162492 0.340398201669878 85.0 76.0 0.0 
40715.0 9650.081725833466 0.11753371868978806 0.5452793834296724 45.0 75.0 1.1081081081081081 
71330.0 8496.749803725703 0.3063583815028902 0.16377649325626203 75.0 76.0 0.0 
53730.0 8725.515819635819 0.24277456647398843 0.3699421965317919 60.0 83.0 1.1081081081081081 
67174.76205173894 14348.121222470945 0.12267180475272961 0.17341040462427745 63.0 96.0 3.314435214154709 
93743.27049552849 15330.43875592316 0.06872190109184328 0.0 104.0 206.0 4.160849567099567 
70930.0 10662.813839559098 0.14322414900449582 0.1676300578034682 86.0 68.0 0.18888888888888888 
43775.0 12599.636529242925 0.09312780989081568 0.37443802183686575 41.0 76.0 0.4772727272727273 
57325.0 13369.322373096498 0.26140012845215155 0.18368657675016056 51.0 80.0 0.4772727272727273 
83360.0 9698.901062541314 0.14258188824662812 0.06872190109184328 75.0 82.0 2.717948717948718 
92580.0 7092.352736549164 0.10982658959537572 0.1252408477842004 95.0 81.0 1.0666666666666667 
73285.0 9388.014981273407 0.24791265253692998 0.15093127809890816 69.0 76.0 0.0 
83360.0 10318.466279932616 0.14450867052023122 0.06872190109184328 74.0 80.0 0.717948717948718 
89321.78609199761 16025.627831243455 0.05330764290301863 0.0 105.0 220.0 5.003170189739338 
24885.0 12070.98546614676 0.06037251123956326 0.6107899807321773 23.0 68.0 0.0 
42655.0 11691.488478701429 0.2504816955684008 0.36480411046885036 46.0 64.0 0.0 
84705.0 8859.076768736231 0.09762363519588953 0.06165703275529865 85.0 88.0 2.611111111111111 
83635.05747171772 10471.813519537814 0.08477842003853564 0.05908798972382787 81.0 83.0 0.6111111111111112 
76510.0 10531.28111863544 0.23956326268464997 0.09955041746949261 76.0 71.0 0.0 
98780.56132205836 13558.21430201808 0.06165703275529865 0.0 110.0 196.0 5.1073345259391765 
76245.0 7004.162066334254 0.12138728323699421 0.1355170199100835 86.0 85.0 2.8091397849462365 
55530.0 8393.985270049101 0.07964033397559409 0.32883750802825945 58.0 76.0 2.0 
72120.0 8844.133583595987 0.09890815671162492 0.340398201669878 85.0 76.0 0.0 
40715.0 9650.081725833466 0.11753371868978806 0.5452793834296724 45.0 75.0 1.1081081081081081 
71330.0 8496.749803725703 0.3063583815028902 0.16377649325626203 75.0 76.0 0.0 
50165.0 9403.560488522893 0.24084778420038536 0.3937058445728966 49.0 77.0 0.0 
67174.76205173673 14349.271049202607 0.12267180475272961 0.17341040462427745 63.0 96.0 3.3144352141547095 
93769.02386139122 17003.40281751083 0.08222076297232687 1.0078007345486E-8 94.0 206.0 4.415628512274475 
70930.0 10662.813839559098 0.14322414900449582 0.1676300578034682 86.0 68.0 0.18888888888888888 
43380.0 12856.555128999542 0.09890815671162492 0.3725112395632627 41.0 76.0 0.4772727272727273 
64245.0 10787.504922334565 0.26332691072575465 0.16249197174052665 61.0 75.0 0.4772727272727273 
83485.6379356056 10284.910577833913 0.09505459216441875 0.05973025048169557 86.0 109.0 3.3055555555555554 
92580.0 7092.352736549164 0.10982658959537572 0.1252408477842004 95.0 81.0 1.0666666666666667 
73940.0 8809.701604898732 0.27874116891457934 0.14515093127809892 75.0 72.0 0.0 
69861.69194303127 12424.75878831199 0.08542068079640334 0.16506101477199744 70.0 79.0 0.71256038647343 
92205.41357980142 17532.642825479103 0.036608863198458574 0.0 101.0 217.0 5.629084967320261 
24885.0 12070.98546614676 0.06037251123956326 0.6107899807321773 23.0 68.0 0.0 
47235.0 10866.503848211438 0.2723185613359024 0.3012202954399486 50.0 63.0 0.0 
84705.0 8859.076768736231 0.09762363519588953 0.06165703275529865 85.0 88.0 2.611111111111111 
83635.05746604891 10472.148051320079 0.08477842003853564 0.05908798972382787 81.0 83.0 0.6111111111111112 
77780.0 10340.269193358186 0.3114964675658317 0.057161207450224794 79.0 73.0 0.0 
96197.38049032119 14931.73649824089 0.05652686667087416 0.0 109.0 226.0 5.122238372093023 
76245.0 7004.162066334253 0.12138728323699421 0.1355170199100835 86.0 91.0 2.8091397849462365 
55530.0 8393.985270049101 0.07964033397559409 0.32883750802825945 58.0 76.0 2.0 
72120.0 8844.133583595987 0.09890815671162492 0.340398201669878 85.0 76.0 0.0 
40715.0 9650.081725833466 0.11753371868978806 0.5452793834296724 45.0 75.0 1.1081081081081081 
104625.74587289996 10501.603791409927 0.5664739884393064 0.006422607578676943 120.0 103.0 2.1403508771929824 
50165.0 9403.560488522893 0.24084778420038536 0.3937058445728966 49.0 77.0 0.0 
67174.76205173763 14348.828938497292 0.1226875622099875 0.1734326795638567 63.0 96.0 3.314435214154709 
69381.75129186313 11401.858807357929 0.15285806037251123 0.17341040462427745 82.0 68.0 0.0 
43105.0 13288.826940340843 0.1001926782273603 0.37572254335260113 40.0 78.0 0.4772727272727273 
63560.0 13035.552828608166 0.25305073859987154 0.1573538856775851 60.0 79.0 0.4772727272727273 
87355.65915724085 10633.376277825138 0.09890815671162492 0.03596660244059088 86.0 98.0 3.02991452991453 
92580.0 7092.352736549164 0.10982658959537572 0.1252408477842004 95.0 81.0 1.0666666666666667 
75890.0 10051.059189866011 0.3301220295439949 0.13808606294155426 72.0 79.0 1.2 
69985.0 10324.906367041198 0.18754014129736674 0.16441875401412973 72.0 77.0 0.0 
98523.76757849137 16904.582788505184 0.05266538214515093 0.0 108.0 222.0 5.150912799653413 
24885.0 12070.98546614676 0.06037251123956326 0.6107899807321773 23.0 68.0 0.0 
49985.0 11277.667543108719 0.28387925497752087 0.357096981374438 45.0 68.0 0.0 
84705.0 8859.13070669168 0.09762363519588953 0.06165703275529865 85.0 88.0 2.6111111111111107 
83815.06237506142 11371.265818604486 0.08670520231213873 0.057161207450224794 81.0 84.0 0.6111111111111112 
98064.94656153815 14144.328542353158 0.057161207450224794 0.0 120.0 217.0 4.89302536231884 
81350.0 7621.88117067216 0.15863840719332048 0.10404624277456648 87.0 94.0 2.9 
55530.0 8393.985270049101 0.07964033397559409 0.32883750802825945 58.0 76.0 2.0 
71450.0 7377.246166377447 0.07066303964057048 0.339756523836248 85.0 76.0 2.0 
40715.0 9650.081725833466 0.11753371868978806 0.5452793834296724 45.0 75.0 1.1081081081081081 
58060.0 9216.4129777033 0.26204238921001927 0.34617854849068724 57.0 77.0 0.0 
67174.76205173733 14349.101025918375 0.12268756423406679 0.17343268242512058 63.0 96.0 3.314435214154709 
70450.0 9967.548709220535 0.16570327552986513 0.17597944765574824 84.0 67.0 1.0555555555555556 
49720.0 12236.212199861937 0.10918432883750803 0.3596660244059088 47.0 84.0 0.4772727272727273 
62960.0 11353.008520724428 0.3050738599871548 0.16955684007707128 61.0 71.0 0.0 
82165.0 9972.290507179818 0.23699421965317918 0.046242774566473986 83.0 91.0 3.3629002576371 
92580.0 7092.352736549164 0.10982658959537572 0.1252408477842004 95.0 81.0 1.0666666666666667 
70785.0 9610.658235956565 0.3808606294155427 0.1676300578034682 69.0 76.0 0.0 
91139.2000361854 11323.070873147237 0.1573538856775851 0.012202954399486191 81.0 87.0 1.7791666666666668 
24885.0 12070.98546614676 0.06037251123956326 0.6107899807321773 23.0 68.0 0.0 
46340.0 11779.520917678816 0.23249839434810532 0.3821451509312781 40.0 74.0 0.0 
92580.0 7138.205645161289 0.09955041746949261 0.1252408477842004 100.0 98.0 3.2283870967741937 
83815.05756795895 11371.717405143492 0.08671633978192834 0.057168549930308316 81.0 84.0 0.6111111111111112 
100837.72463162855 15473.115035253004 0.05009633911368015 0.0 123.0 228.0 5.170807453416149 
80320.0 9810.00730777782 0.147077713551702 0.10404624277456648 86.0 104.0 3.6589931573802543 
55530.0 8393.985270049101 0.07964033397559409 0.32883750802825945 58.0 76.0 2.0 
40715.0 9650.081725833466 0.11753371868978806 0.5452793834296724 45.0 75.0 1.1081081081081081 
58060.0 9216.4129777033 0.26204238921001927 0.34617854849068724 57.0 77.0 0.0 
67174.76205173733 14349.101025918375 0.12268756423406679 0.17343268242512058 63.0 96.0 3.314435214154709 
70930.0 10785.326086956527 0.17597944765574824 0.1676300578034682 84.0 66.0 0.0 
49720.0 12236.14459974114 0.10919835379946531 0.35971222428059163 47.0 84.0 0.4772727272727273 
69790.0 12966.326470347885 0.2967625850314881 0.12846865152878273 65.0 79.0 0.4772727272727273 
92580.0 7092.352736549164 0.10982658959537572 0.1252408477842004 95.0 81.0 1.0666666666666667 
92965.58356884758 11778.640947753596 0.1329479768786127 0.006422607578676943 86.0 98.0 2.6111111111111107 
50960.0 11799.586189059874 0.2382787411689146 0.35645472061657035 44.0 73.0 0.0 
62410.0 7929.936808837498 0.1907514450867052 0.3179190751445087 61.0 87.0 1.2702702702702702 
76017.72718770607 12984.833354423727 0.1355170199100835 0.11496467565831728 89.0 112.0 1.485858585858586 
49720.0 12236.14459974114 0.10919835379946531 0.35971222428059163 47.0 84.0 0.4772727272727273 
76563.3171543244 10729.65747880628 0.24020552344251767 0.09248554913294797 98.0 89.0 2.6944444444444446 
92660.0 8249.697206557496 0.1457931920359666 0.04431599229287091 104.0 96.0 3.1999999999999997 
83815.05756795895 11371.717405143492 0.08671633978192834 0.057168549930308316 81.0 84.0 0.6111111111111112 
69790.0 12966.326470347885 0.2967625850314881 0.12846865152878273 65.0 79.0 0.4772727272727273 
90480.0 13017.452977085602 0.11046885035324341 0.025048169556840076 90.0 129.0 2.8095238095238093 
113880.0 6961.376197485484 0.1689145793192036 0.0680796403339756 125.0 81.0 1.0869565217391304 
