89128.34092703949 20524.13939343099 0.04432094227944407 0.0 91.0 236.0 5.75765503875969 
45405.0 13294.75663947827 0.0680796403339756 0.3448940269749518 47.0 86.0 2.9785258601048072 
31470.0 11763.205174542933 0.055876685934489405 0.4707771355170199 33.0 63.0 0.0 
47450.0 12391.337936411595 0.2035966602440591 0.2813102119460501 42.0 69.0 0.0 
89775.71895026883 8152.839227672437 0.07257546563904946 0.03789338471419396 106.0 102.0 3.345421245421245 
66235.0 9121.2538156113 0.09184328837508028 0.18432883750802825 69.0 76.0 0.0 
78020.0 8487.13554688052 0.19845857418111754 0.06358381502890173 82.0 70.0 0.0 
90292.55907311279 17202.734131775393 0.04110468850353243 0.0 92.0 200.0 5.517734953218824 
64670.0 12219.653191897874 0.1920359666024406 0.13937058445728967 70.0 88.0 2.7950191570881224 
52290.0 9709.323926791138 0.07064868336544637 0.3583815028901734 61.0 95.0 3.4715511204481793 
42830.0 9490.337668698654 0.11046885035324341 0.3840719332048812 53.0 74.0 1.0689655172413792 
59845.0 9755.795330446257 0.2980089916506101 0.2035966602440591 70.0 86.0 3.5416183714865257 
62205.0 10618.557826448377 0.37957610789980734 0.1567116249197174 77.0 72.0 1.1 
49430.0 10380.991500889011 0.21708413615928066 0.26140012845215155 54.0 73.0 1.0689655172413792 
57890.0 12905.23335753964 0.18756398373269415 0.19976875312725714 55.0 95.0 2.7409090909090907 
88782.38044944424 21251.63988872507 0.07065775950653061 0.0 84.0 224.0 5.093128881987577 
45615.0 13051.969080714116 0.07193320488118175 0.35131663455362877 43.0 87.0 1.055645743145743 
59015.0 13920.191888652233 0.23185613359023763 0.170199100834939 53.0 83.0 1.0278679653679654 
64570.0 9086.394803498468 0.1901091843288375 0.15350032113037893 68.0 88.0 2.9901477832512318 
89487.128836604 16310.254946172548 0.08029150470929348 0.0 92.0 191.0 4.132170550038197 
87325.0 8724.327199374318 0.11817597944765575 0.1014771997430957 93.0 89.0 1.0523809523809524 
62200.0 8084.524296574311 0.13423249839434812 0.27552986512524086 66.0 77.0 1.0666666666666667 
70825.0 9296.353081011524 0.2241490044958253 0.09698137443802184 66.0 72.0 1.1176470588235294 
81645.0 12950.378289637678 0.10598738000923173 0.15673175486511495 70.0 100.0 0.6904761904761905 
31470.0 11763.205174542933 0.055876685934489405 0.4707771355170199 33.0 63.0 0.0 
44515.0 12660.870231757975 0.24020552344251767 0.31727681438664096 42.0 67.0 0.0 
89775.72298040017 8152.741914170403 0.07257546563904946 0.03789338471419396 106.0 108.0 3.3454212454212455 
66235.0 9121.2538156113 0.09184328837508028 0.18432883750802825 69.0 76.0 0.0 
78020.0 8487.13554688052 0.19845857418111754 0.06358381502890173 82.0 70.0 0.0 
95724.2523938319 14764.011100176174 0.055876685934489405 0.0 103.0 212.0 5.590804597701149 
74240.0 12703.24440743191 0.09569685292228645 0.147077713551702 86.0 112.0 3.7804597701149425 
52290.0 9362.419183051292 0.07064868336544637 0.3583815028901734 62.0 97.0 3.444415266106443 
43865.0 9456.075090586692 0.1001926782273603 0.37829158638407195 55.0 74.0 1.0689655172413792 
59630.0 11513.163312586528 0.287732819524727 0.18689788053949905 71.0 74.0 0.4805491990846682 
51065.0 9914.887991047894 0.20169322540712606 0.2549948458264807 56.0 72.0 1.0689655172413792 
57890.0 13324.34052780401 0.18561335902376364 0.19974309569685292 57.0 102.0 3.200626959247649 
43825.0 13102.472990490818 0.0539579061391796 0.3629239405688112 42.0 87.0 0.8344155844155845 
57420.0 13412.827229972074 0.224791265253693 0.18304431599229287 54.0 81.0 0.4772727272727273 
64570.0 9347.427029699234 0.1901091843288375 0.15350032113037893 68.0 82.0 2.9142857142857146 
87325.0 8724.327199374318 0.11817597944765575 0.1014771997430957 93.0 89.0 1.0523809523809524 
70825.0 9296.353081011524 0.2241490044958253 0.09698137443802184 66.0 72.0 1.1176470588235294 
81645.0 12943.062557421094 0.10598738000923173 0.15673175486511495 71.0 100.0 0.6904761904761905 
31470.0 11763.205174542933 0.055876685934489405 0.4707771355170199 33.0 63.0 0.0 
44515.0 12660.870231757975 0.24020552344251767 0.31727681438664096 42.0 67.0 0.0 
89775.71908165823 8152.835995048998 0.07258478811376223 0.037898252200990905 106.0 108.0 3.3454212454212455 
66415.0 10021.2538156113 0.09378376561153577 0.18242276267825625 69.0 77.0 0.0 
78020.0 8487.13554688052 0.19845857418111754 0.06358381502890173 82.0 70.0 0.0 
91123.93428917258 17833.630121616414 0.06422607578676943 0.0 100.0 205.0 5.180357142857143 
87499.2561414537 14481.776884649968 0.05589087589599913 4.933486617917549E-5 101.0 175.0 4.5898257422091095 
51290.0 9734.335369760169 0.07064868336544637 0.3583815028901734 62.0 88.0 3.38375350140056 
43865.0 9456.075090586692 0.1001926782273603 0.37829158638407195 55.0 74.0 1.0689655172413792 
64810.0 10681.458740063716 0.3481053307642903 0.1689145793192036 80.0 70.0 1.1 
51065.0 10749.173423924873 0.21066152858060372 0.25497752087347464 48.0 70.0 0.0 
57890.0 13322.636215023264 0.18563720145909104 0.19976875312725714 57.0 102.0 3.200626959247649 
43825.0 13101.819332833831 0.0539568346700243 0.3629239465562709 42.0 87.0 0.8344155844155845 
64570.0 9321.779418883085 0.1901091843288375 0.15350032113037893 68.0 90.0 2.7142857142857144 
95550.0 7308.416670944046 0.12780989081567115 0.07129094412331406 110.0 89.0 1.2857142857142856 
70825.0 9296.353081011524 0.2241490044958253 0.09698137443802184 66.0 72.0 1.1176470588235294 
31470.0 11763.205174542933 0.055876685934489405 0.4707771355170199 33.0 63.0 0.0 
45250.0 12756.211928315588 0.22289311408016443 0.3108941418293936 43.0 69.0 0.0 
89775.71908165823 8152.835995048998 0.07258478811376223 0.037898252200990905 106.0 108.0 3.3454212454212455 
78020.0 8487.13554688052 0.19845857418111754 0.06358381502890173 82.0 70.0 0.0 
93607.11523350669 18048.742815667025 0.07642903018625562 0.0 102.0 214.0 4.7615384615384615 
85567.46521144535 14790.30722243069 0.09313935985948638 0.021196915003368053 101.0 186.0 4.20882376722894 
51290.0 9734.335366910896 0.0706577583408305 0.3584275377653038 62.0 88.0 3.38375350140056 
43865.0 9456.075090586692 0.1001926782273603 0.37829158638407195 55.0 74.0 1.0689655172413792 
71278.91970355902 12222.359523581494 0.287771924418655 0.0674433195599957 98.0 108.0 1.2353778467908902 
51315.0 9564.697005562792 0.1798330122029544 0.25176621708413616 57.0 72.0 1.0689655172413792 
57890.0 13322.47972414214 0.18563720452170315 0.19976875642300929 57.0 102.0 3.200626959247649 
43825.0 13101.819332833831 0.0539568346700243 0.3629239465562709 42.0 87.0 0.8344155844155845 
66980.0 9998.545369349098 0.18368657675016056 0.1348747591522158 71.0 88.0 3.2758620689655173 
95550.0 7308.416670944046 0.12780989081567115 0.07129094412331406 110.0 89.0 1.2857142857142856 
70825.0 9296.353081011524 0.2241490044958253 0.09698137443802184 66.0 72.0 1.1176470588235294 
31470.0 11763.205174542933 0.055876685934489405 0.4707771355170199 33.0 63.0 0.0 
45855.0 12095.085860431127 0.1926782273603083 0.3159922928709056 42.0 66.0 0.0 
89775.7189540347 8152.83907471624 0.072584789311408 0.037898252826310375 106.0 108.0 3.3454212454212455 
78020.0 8487.13554688052 0.19845857418111754 0.06358381502890173 82.0 70.0 0.0 
85449.47052298408 14803.995503268752 0.0899165061014772 0.01798330122029544 103.0 187.0 4.481773088023088 
51290.0 9734.335366910896 0.0706577583408305 0.3584275377653038 62.0 88.0 3.38375350140056 
46290.0 9699.598533775526 0.07257546563904946 0.3622350674373796 55.0 80.0 1.0689655172413792 
66360.0 10763.66618147389 0.37636480411046885 0.14900449582530506 79.0 67.0 0.0 
51315.0 9564.697005562792 0.1798330122029544 0.25176621708413616 57.0 72.0 1.0689655172413792 
57890.0 13322.47972414214 0.18563720452170315 0.19976875642300929 57.0 102.0 3.200626959247649 
43825.0 13101.819332833831 0.0539568346700243 0.3629239465562709 42.0 87.0 0.8344155844155845 
90905.50530721236 11944.275313508686 0.08477842003853564 0.0 86.0 122.0 4.677777777777777 
96730.0 8251.583977336806 0.12973667308927425 0.06936416184971098 113.0 85.0 1.1 
70825.0 9296.353081011524 0.2241490044958253 0.09698137443802184 66.0 72.0 1.1176470588235294 
32070.0 11750.214566258348 0.06487551402516821 0.4579923926956348 34.0 65.0 0.3 
48505.0 12141.632801353293 0.2132305716120745 0.2915863840719332 44.0 69.0 0.3571428571428571 
89775.71894749651 8152.839232488345 0.07258478931125417 0.03789825282623006 106.0 108.0 3.3454212454212455 
78020.0 8487.13554688052 0.19845857418111754 0.06358381502890173 82.0 70.0 0.0 
99578.97462147266 13998.985422582304 0.0783558124598587 0.0 116.0 186.0 5.393663074514138 
51290.0 9734.335366566134 0.07065775950653061 0.35842754367858254 62.0 88.0 3.38375350140056 
47820.0 9658.51595987683 0.06937323682509511 0.3924673579322916 57.0 72.0 1.15625 
65440.0 11173.388403696114 0.45215157353885677 0.14900449582530506 78.0 64.0 0.0 
51315.0 9564.697005562792 0.1798330122029544 0.25176621708413616 57.0 72.0 1.0689655172413792 
57890.0 13322.44144732701 0.18563720452209656 0.19976875642343264 57.0 102.0 3.200626959247649 
44615.0 12977.162672561999 0.06230622438467181 0.36292394655703997 41.0 85.0 0.8621933621933622 
79468.44771454038 13866.296584470623 0.20809248554913296 0.06615285806037251 76.0 114.0 4.088555194805195 
75325.0 8569.514709418003 0.1329479768786127 0.1355170199100835 82.0 86.0 0.3666666666666667 
71870.0 11268.78250195272 0.24983943481053308 0.0892742453436095 64.0 77.0 0.0 
42855.0 11132.314447508514 0.08092485549132948 0.37572254335260113 46.0 71.0 0.0 
99493.97913612705 9295.432820138043 0.09826589595375723 6.422607578676942E-4 106.0 113.0 4.08015873015873 
50245.0 12206.662762023403 0.24084778420038536 0.2697495183044316 48.0 72.0 0.0 
81195.0 8432.37155408911 0.1907514450867052 0.05330764290301863 86.0 73.0 0.0 
51315.0 9564.697005562792 0.1798330122029544 0.25176621708413616 57.0 72.0 1.0689655172413792 
86449.99999999999 12900.546066702793 0.13359023763648042 0.018625561978163133 90.0 122.0 3.8941456582633056 
69630.0 12297.75733786679 0.2222222222222222 0.1014771997430957 61.0 85.0 0.7299465240641712 
65125.0 12509.81672941246 0.16313423249839434 0.1457931920359666 67.0 95.0 3.040567951318458 
79610.0 8903.050963290809 0.13037893384714194 0.12780989081567115 82.0 87.0 0.0 
44345.0 10985.253428588561 0.10083493898522801 0.37572254335260113 56.0 86.0 2.4761904761904763 
46645.0 14065.355325687331 0.07193320488118175 0.3416827231856134 43.0 97.0 1.6657647907647908 
