91223.47657011668 13771.969165803856 0.061023021975052896 0.0 115.0 214.0 5.203776683087028 
84091.8815749673 19977.018102896895 0.048811817597944764 0.0 92.0 218.0 5.078929699559708 
32330.0 11524.804794476922 0.046242774566473986 0.47398843930635837 37.0 68.0 0.0 
45710.0 12270.086083213771 0.21258831085420682 0.3031470777135517 40.0 65.0 0.0 
91235.0 8258.237401553237 0.12654162384378212 0.0 99.0 98.0 4.223809523809524 
78020.0 8487.13554688052 0.19845857418111754 0.06358381502890173 82.0 70.0 0.0 
84858.6588356715 15467.045520160658 0.12911099710779997 2.6271982474301776E-13 99.0 185.0 4.81758454620685 
67617.69011472359 10771.24935718285 0.12845215157353887 0.11560693641618497 87.0 104.0 2.9555555555555557 
48420.0 10661.688147632794 0.10276172125883108 0.3603082851637765 51.0 91.0 3.643700159489633 
37295.0 9595.157622739016 0.08413615928066795 0.4206807964033398 45.0 68.0 1.1904761904761905 
61145.0 10881.263471579192 0.22671804752729607 0.16570327552986513 79.0 88.0 1.219201850780798 
51000.0 10929.199237834668 0.19781631342324985 0.2524084778420039 49.0 74.0 0.47619047619047616 
66135.0 11523.753028287369 0.34104046242774566 0.14836223506743737 66.0 70.0 0.6696428571428572 
69882.97392958212 14728.697971462414 0.1252408477842004 0.13102119460500963 61.0 112.0 3.201058201058201 
83576.43622803745 21757.906642930287 0.0963514902364177 0.0 88.0 225.0 4.7035267122118345 
41160.0 13299.66350923711 0.07578676942838793 0.3815028901734104 42.0 82.0 0.648421052631579 
71569.1419487406 12598.311568397827 0.12973667308927425 0.12909441233140656 68.0 95.0 2.955055315055315 
96083.4003980029 17326.809545006163 0.06358381502890173 0.0 98.0 204.0 4.551758481170246 
95550.0 7824.573446472481 0.12780989081567115 0.07129094412331406 109.0 84.0 1.1428571428571428 
67485.0 11110.768168738534 0.12267180475272961 0.20745022479126526 65.0 74.0 0.8994708994708994 
68345.0 10165.137961270606 0.18432883750802825 0.11881824020552344 60.0 75.0 0.6439393939393939 
67828.96093971773 12017.909743927985 0.1291107493853582 0.14581035419365318 63.0 80.0 0.3851851851851852 
32330.0 11524.804794476922 0.046242774566473986 0.47398843930635837 37.0 68.0 0.0 
45710.0 12270.086083213771 0.21258831085420682 0.3031470777135517 40.0 65.0 0.0 
91235.0 8258.287387706547 0.1265416238437821 0.0 99.0 98.0 4.223809523809524 
78020.0 8487.13554688052 0.19845857418111754 0.06358381502890173 82.0 70.0 0.0 
86540.35086417032 14470.867996372925 0.06422607578676943 0.0 105.0 200.0 4.959874244062638 
72375.0 10255.445153975963 0.09890815671162492 0.14836223506743737 90.0 102.0 3.533333333333333 
55680.0 9487.40458374451 0.07450224791265253 0.3217726396917148 56.0 87.0 2.4752791068580544 
37295.0 9622.70589110107 0.08413615928066795 0.4206807964033398 45.0 66.0 1.1666666666666667 
64900.0 10599.346997455039 0.25305073859987154 0.1329479768786127 86.0 89.0 1.6679197994987467 
52735.0 10240.184254599886 0.19332048811817598 0.24084778420038536 51.0 72.0 1.1176470588235294 
69882.97949384789 14728.686124991033 0.12525693524056317 0.13103802455935837 61.0 112.0 3.201058201058201 
83582.61762733715 21743.288467023336 0.09635149051170723 0.0 88.0 225.0 4.7035267122118345 
41160.0 13294.293478418012 0.07579650440198181 0.3815518950404847 42.0 82.0 0.648421052631579 
71979.47761182589 9850.957169641979 0.17985611510791366 0.09185508735868449 70.0 95.0 3.5601275917065394 
95550.0 7824.573446472481 0.12780989081567115 0.07129094412331406 109.0 84.0 1.1428571428571428 
68345.0 10165.137961270606 0.18432883750802825 0.11881824020552344 60.0 75.0 0.6439393939393939 
69215.0 12751.368768589953 0.1265417042556272 0.1381032228950079 63.0 88.0 1.2766137566137565 
32330.0 11524.804794476922 0.046242774566473986 0.47398843930635837 37.0 68.0 0.0 
45710.0 12270.086083213771 0.21258831085420682 0.3031470777135517 40.0 65.0 0.0 
91235.0 8258.287387706547 0.1265416238437821 0.0 99.0 98.0 4.223809523809524 
78020.0 8487.13554688052 0.19845857418111754 0.06358381502890173 82.0 70.0 0.0 
82324.84221401744 16638.16616045237 0.11368015414258188 0.0038535645472061657 98.0 190.0 4.829098668395321 
84340.0 11402.658782104796 0.1233140655105973 0.0674373795761079 102.0 115.0 4.1761904761904765 
55680.0 9486.854859613339 0.0745396203112799 0.32178047717045566 56.0 87.0 2.4752791068580544 
37295.0 9622.70589110107 0.08413615928066795 0.4206807964033398 45.0 66.0 1.1666666666666667 
60875.0 9342.347901844058 0.29030186255619783 0.17405266538214514 71.0 71.0 1.1111111111111112 
51315.0 9564.697005562792 0.1798330122029544 0.25176621708413616 57.0 72.0 1.0689655172413792 
69882.97949384789 14728.686124991033 0.12525693524056317 0.13103802455935837 61.0 112.0 3.201058201058201 
83582.61762733715 21743.288467023336 0.09635149051170723 0.0 88.0 225.0 4.7035267122118345 
41160.0 13294.293478418012 0.07579650440198181 0.3815518950404847 42.0 82.0 0.648421052631579 
71979.47761157135 9850.957171133196 0.17985611510791366 0.09185508735868449 70.0 95.0 3.5601275917065394 
95550.0 7824.573446472481 0.12780989081567115 0.07129094412331406 109.0 84.0 1.1428571428571428 
68505.0 9578.110579536211 0.1811175337186898 0.11881824020552344 63.0 73.0 0.0 
70669.37861099603 12455.04625324019 0.12716763005780346 0.13359023763648042 66.0 91.0 1.6693410293410293 
32330.0 11524.804794476922 0.046242774566473986 0.47398843930635837 37.0 68.0 0.0 
45710.0 12270.086083213771 0.21258831085420682 0.3031470777135517 40.0 65.0 0.0 
91235.0 8258.287387706547 0.1265416238437821 0.0 99.0 98.0 4.223809523809524 
78780.0 8492.560501672562 0.19974309569685292 0.06358381502890173 81.0 69.0 0.0 
89057.3852324856 16716.017231285547 0.0783558124598587 0.0 92.0 190.0 4.6026101532567045 
87310.0 11065.55502900096 0.15863840719332048 0.06872190109184328 108.0 128.0 4.888888888888889 
55680.0 9487.30839775564 0.07451182268725899 0.32181397308634174 56.0 87.0 2.4752791068580544 
37295.0 9622.70589110107 0.08413615928066795 0.4206807964033398 45.0 66.0 1.1666666666666667 
65435.0 9263.659026699053 0.3249839434810533 0.1329479768786127 77.0 71.0 1.1111111111111112 
51315.0 10398.98243843977 0.18882466281310212 0.25176621708413616 49.0 70.0 0.0 
69882.97949384789 14728.686124991033 0.12525693524056317 0.13103802455935837 61.0 112.0 3.201058201058201 
83582.61762733715 21743.288467023336 0.09635149051170723 0.0 88.0 225.0 4.7035267122118345 
41160.0 13294.293478418012 0.07579650440198181 0.3815518950404847 42.0 82.0 0.648421052631579 
71979.47761075041 9850.957175942372 0.17985611510791366 0.09185508735868449 70.0 95.0 3.5601275917065394 
95550.0 7824.573446472481 0.12780989081567115 0.07129094412331406 109.0 84.0 1.1428571428571428 
70825.0 9296.353081011524 0.2241490044958253 0.09698137443802184 66.0 72.0 1.1176470588235294 
70669.6775780204 12453.192543279773 0.12716763005780346 0.13359023763648042 66.0 91.0 1.6693410293410293 
32330.0 11524.804794476922 0.046242774566473986 0.47398843930635837 37.0 68.0 0.0 
45710.0 12270.086083213771 0.21258831085420682 0.3031470777135517 40.0 65.0 0.0 
91235.0 8258.458583584545 0.12654162384351392 0.0 99.0 98.0 4.223809523809524 
78780.0 8492.560501672562 0.19974309569685292 0.06358381502890173 81.0 69.0 0.0 
84997.88863161486 17318.27809015356 0.08156711624919717 0.0 93.0 190.0 5.147619047619048 
86312.6855444497 12904.84721644165 0.15414258188824662 0.0 107.0 132.0 4.2457142857142856 
55680.0 9487.30839775564 0.07451182268725899 0.32181397308634174 56.0 87.0 2.4752791068580544 
37295.0 9622.70589110107 0.08413615928066795 0.4206807964033398 45.0 66.0 1.1666666666666667 
62580.0 10566.001485710298 0.3076720296149569 0.17343169176017773 71.0 72.0 0.6787330316742082 
51835.0 9443.284360412894 0.18627954471673494 0.24794449745055064 59.0 75.0 0.5111111111111111 
69882.97949384789 14728.686124991033 0.12525693524056317 0.13103802455935837 61.0 112.0 3.201058201058201 
83589.34693324812 21727.57720684807 0.09635363364076874 0.0 88.0 225.0 4.7035267122118345 
41160.0 13294.293478418012 0.07579650440198181 0.3815518950404847 42.0 82.0 0.648421052631579 
71979.47761075041 9850.957175942372 0.17985611510791366 0.09185508735868449 70.0 95.0 3.5601275917065394 
95550.0 7824.573446472481 0.12780989081567115 0.07129094412331406 109.0 84.0 1.1428571428571428 
67485.0 11350.458768389239 0.17469492614001284 0.11881824020552344 60.0 85.0 0.648421052631579 
70669.63894366633 12453.394203137788 0.1271839650134949 0.13360739758993403 66.0 91.0 1.6693410293410293 
38025.0 12006.7914578236 0.045600513808606295 0.43481053307642903 38.0 68.0 0.0 
45710.0 12270.086083213771 0.21258831085420682 0.3031470777135517 40.0 65.0 0.0 
91820.0 9475.116652033006 0.1464354527938343 0.014771997430956968 101.0 104.0 3.706516290726817 
78780.0 8492.560501672562 0.19974309569685292 0.06358381502890173 81.0 69.0 0.0 
84021.9279411915 16187.288251990005 0.12911248422265628 2.0452738356243933E-9 99.0 199.0 4.81758454620685 
83079.59651405938 15160.511251223963 0.11946050096339114 0.018625561978163133 95.0 138.0 4.057944862155388 
55680.0 9487.30839775564 0.07451182268725899 0.32181397308634174 56.0 87.0 2.4752791068580544 
37295.0 9622.70589110107 0.08413615928066795 0.4206807964033398 45.0 66.0 1.1666666666666667 
58955.0 10107.408780100017 0.34042130457483727 0.19911263392258943 73.0 67.0 1.0606060606060606 
47025.0 10483.460214484312 0.22736030828516376 0.30057803468208094 47.0 63.0 0.0 
69882.93270004723 14728.595358127437 0.1252408477842004 0.13102119460500963 62.0 112.0 3.201058201058201 
41160.0 13294.293478418012 0.07579650440198181 0.3815518950404847 42.0 82.0 0.648421052631579 
71979.47761075041 9850.957175942372 0.17985611510791366 0.09185508735868449 70.0 95.0 3.5601275917065394 
95550.0 7824.573446472481 0.12780989081567115 0.07129094412331406 109.0 84.0 1.1428571428571428 
66845.0 11651.829616496778 0.17985668963872936 0.11690672039052094 59.0 77.0 0.6439393939393939 
70669.63894366633 12453.394203137788 0.1271839650134949 0.13360739758993403 66.0 91.0 1.6693410293410293 
33040.0 11481.96672608437 0.047533236066097176 0.4740493241412083 37.0 65.0 0.0 
71979.47761075041 9850.957175942372 0.17985611510791366 0.09185508735868449 70.0 95.0 3.5601275917065394 
71677.61520250363 11807.577176873023 0.26396917148362237 0.06936416184971098 125.0 124.0 3.975734791524265 
89607.45656088437 11673.680293818234 0.1245985870263327 0.0 95.0 118.0 4.057142857142857 
40910.0 10893.050014343893 0.13937058445728967 0.38599871547848424 45.0 64.0 0.0 
66260.0 11177.67596978827 0.2357096981374438 0.16506101477199744 61.0 69.0 0.0 
