47820.0 12897.387766573602 0.18754014129736674 0.4425176621708414 47.0 89.0 1.0855263157894737 
197760.0 5695.207964261978 0.36228159731116727 0.006423432576439137 180.0 97.0 4.444444444444445 
101682.53152755692 10168.148514348119 0.1682723185613359 0.0 108.0 105.0 4.0710955710955705 
101898.31460022082 14941.901770220451 0.14519977114562074 1.5674957481677832E-5 102.0 176.0 4.908527131782946 
104590.0 9987.996245256303 0.3243416827231856 0.057161207450224794 123.0 87.0 3.081081081081081 
92990.0 7777.5390319724365 0.20426169094016333 0.1136870016240081 98.0 83.0 1.074074074074074 
95141.45587212795 13588.858863917681 0.05784257310202046 3.852739549443972E-5 116.0 187.0 4.7532559638942615 
68845.0 11177.378752655879 0.3673731535003211 0.3378291586384072 76.0 77.0 0.0 
152255.0 8365.62250137472 0.36608863198458574 0.05523442517662171 125.0 86.0 0.5583524027459954 
45425.0 11290.538554489658 0.1895132884452051 0.43673814034779435 43.0 71.0 0.0 
141570.0 6041.707168283376 0.4258188824662813 0.0 184.0 119.0 4.8125 
99049.77164740962 15445.620030452543 0.08542068079640334 0.0012845215157353885 101.0 174.0 4.710353535353535 
73700.0 8581.280756280756 0.10597302504816955 0.17726396917148363 74.0 75.0 0.0 
96576.44324495965 10873.208297437515 0.13940605936106398 6.453132495878105E-4 141.0 161.0 4.073191203625986 
107517.04385842626 15056.881258833193 0.10083493898522801 0.0 123.0 213.0 4.915567800515326 
124737.91757276357 12258.72099440732 0.10792175226224698 0.0 143.0 181.0 4.939544513457557 
99170.62584282724 11245.692927187743 0.17792231945247383 0.014840728573067846 152.0 156.0 4.711411992263056 
73185.8335649435 12225.030809683421 0.17664439585207625 0.08735868303957225 83.0 110.0 3.4952380952380953 
94062.94185039305 10509.339666524096 0.2800256904303147 6.422607578676942E-4 129.0 122.0 4.198102057842047 
81440.0 14613.13769086922 0.16765406776082045 0.021840496054417038 88.0 119.0 2.5864035087719297 
117570.0 13942.690688840983 0.3481053307642903 0.027617212588310854 99.0 97.0 0.0 
71485.0 7123.646153838455 0.1618705035971223 0.2691418293936279 89.0 93.0 3.9333333333333336 
63300.0 9500.022874366448 0.09312780989081568 0.25112395632626844 64.0 79.0 0.0 
134985.0 8702.175253235195 0.37315350032113037 0.028901734104046242 120.0 101.0 3.4298245614035086 
91267.95915521508 18469.977481000682 0.05266538214515093 0.0 99.0 208.0 5.021245421245422 
78050.0 8723.220643130477 0.380218368657675 0.12202954399486192 98.0 80.0 2.1717171717171717 
130807.9220537246 8162.798859987866 0.17341040462427745 0.0 155.0 119.0 4.15270092226614 
136875.0 6502.9678021825375 0.17212588310854207 0.006422607578676943 154.0 127.0 2.7948717948717947 
123482.8601087425 9367.450989114179 0.2761721258831085 0.023763648041104687 140.0 119.0 3.7065637065637063 
138920.0 8584.320407062089 0.15095066554631972 0.006423432576439137 161.0 146.0 4.878787878787879 
105566.77681184548 16720.895723471476 0.05267222999752937 0.0 111.0 210.0 5.393663633299629 
126920.0 7878.180089872103 0.40847784200385356 0.08413615928066795 122.0 74.0 0.0 
112265.0 9860.997927687837 0.15542710340398203 0.0 123.0 133.0 4.070138888888889 
91783.2208925293 12210.787857645793 0.18245733008449214 2.2769938236542534E-5 98.0 112.0 3.352777777777778 
136504.79915655637 12711.002265444766 0.4335816989096417 0.003854059545863482 135.0 119.0 2.376315789473684 
41625.0 13436.170249620693 0.22350674373795762 0.4245343609505459 36.0 76.0 0.0 
85454.39730094945 16382.169028225915 0.05138795561017041 0.0 108.0 206.0 5.666666666666666 
85985.0 11024.192274499532 0.33269107257546565 0.05330764290301863 87.0 79.0 2.0 
111025.0 7164.357483856049 0.13809538541626706 0.03793595459872315 127.0 93.0 1.205128205128205 
94610.08384592652 18420.281156531524 0.07708762589981474 1.2952464866439051E-5 93.0 191.0 4.7643207855973815 
66140.0 8217.84676013517 0.10535262673099999 0.3481053307642903 78.0 86.0 2.238095238095238 
105578.9237482123 13267.926726708829 0.21901091843288376 0.0 110.0 131.0 3.239223337049424 
88999.66850236806 15257.973382365313 0.07322407887968603 0.0 103.0 173.0 4.234183535762483 
112389.82350298458 15526.61106281585 0.03468818590829572 0.0 131.0 243.0 5.017352218049082 
166725.0 7991.240801058079 0.37572254335260113 0.006422607578676943 153.0 105.0 2.407017543859649 
41505.0 10291.081961239779 0.178548490687219 0.5388567758509955 42.0 71.0 0.0 
118254.32274035692 11150.646823041872 0.14258188824662812 0.01991008349389852 132.0 120.0 3.087481146304676 
82495.0 11020.562675347277 0.1913937058445729 0.05908798972382787 97.0 82.0 1.131578947368421 
81441.74441817093 18588.241511216645 0.12461805848915661 2.309993760008928E-6 89.0 173.0 4.311488801054018 
75600.0 10310.23276717615 0.1451695783257847 0.10470195265972991 77.0 94.0 2.8607954545454546 
90725.0 8979.772155731118 0.19460500963391136 0.007707129094412331 99.0 99.0 3.711764705882353 
88485.00000000001 12206.48274862876 0.21001926782273603 0.038535645472061654 90.0 98.0 2.911764705882353 
87095.12791904136 18250.655216534942 0.08349389852280026 0.00899165061014772 92.0 188.0 4.160226035307705 
139879.85183175883 10873.886048347384 0.3243416827231856 0.0 142.0 144.0 3.1881944444444446 
205285.0 6273.745113255927 0.3642086299983493 0.006423441043660871 189.0 98.0 2.723232323232323 
74508.70837901758 17348.872806851636 0.04753340184994861 0.13874614594039053 74.0 166.0 4.194155844155844 
58736.30708772446 12355.825859671722 0.3044315992292871 0.2999357739242132 62.0 94.0 2.8577904279991566 
133045.0 6603.1939369332795 0.3737957610789981 0.03789338471419396 142.0 84.0 2.0 
115411.54094926547 11839.283936524496 0.07514450867052024 0.0 139.0 211.0 4.718964449399232 
146840.8028169014 9703.841059378772 0.3699421965317919 0.017341040462427744 151.0 112.0 2.2234477124183005 
131510.11417405418 12554.68183910731 0.3789338471419396 0.0 114.0 146.0 3.562753036437247 
127841.31439395678 11932.8294562296 0.22736030828516376 0.0012845215157353885 143.0 132.0 3.156341642228739 
115791.511150263 8999.621510495219 0.4110468850353243 0.012202954399486191 114.0 87.0 2.1969111969111967 
108535.0 9653.699705803174 0.34108426980891815 0.016700924698741754 106.0 93.0 2.8823529411764706 
56270.0 10253.004484304935 0.07257546563904946 0.33140655105973027 57.0 83.0 0.0 
53295.0 9676.190476190475 0.0687307297653907 0.35778519977450496 55.0 77.0 0.0 
71342.61225122775 17133.57468032178 0.15608941418293937 0.11562178828365878 64.0 129.0 3.960651629072682 
169765.0 6648.786435226824 0.35452793834296725 0.03789338471419396 157.0 87.0 1.5771929824561404 
49525.0 9273.558992440141 0.17474582850194018 0.37957833539376523 50.0 76.0 0.0 
60300.0 8866.527841974223 0.12780989081567115 0.2459858702633269 77.0 83.0 1.668421052631579 
109997.9154933818 14433.784193590212 0.047527296082209375 0.0 133.0 233.0 4.965023594291887 
166679.99999999997 10808.488984147329 0.4573483994424665 0.024409043790468717 143.0 81.0 3.0 
34360.0 12777.522115565595 0.1252569375086711 0.5350719413331865 33.0 82.0 0.0 
103110.0 7838.008077097818 0.16955684007707128 0.0905587668593449 103.0 97.0 2.8181818181818183 
40780.0 15933.452481125041 0.12716763005780346 0.4951830443159923 32.0 99.0 2.388888888888889 
39150.0 12607.21733362042 0.106628733269561 0.5036048689717929 37.0 97.0 1.9970878136200718 
86145.0 7471.800618215292 0.23442517662170842 0.07771355170199101 88.0 80.0 2.0 
106125.0 6972.630562081837 0.11689145793192036 0.03789338471419396 106.0 101.0 3.0 
145460.0 6506.506989814146 0.3969171483622351 0.05523442517662171 139.0 79.0 2.0 
75484.04945655652 14843.925889238768 0.12716763005780346 0.10083493898522801 71.0 129.0 3.625 
38030.0 15833.64847326535 0.1579961464354528 0.4598587026332691 33.0 90.0 0.35416666666666663 
85749.87573482322 20655.986318955103 0.0449582530507386 0.0 90.0 221.0 4.980745982603568 
173875.0 7909.853868935553 0.37829158638407195 0.006422607578676943 166.0 90.0 1.8355263157894737 
115412.59293768367 16390.080806177175 0.022482014759425104 0.0 118.0 218.0 5.09611111111111 
56032.48444216178 15163.867470051857 0.12461459198291924 0.2864850929091855 64.0 139.0 3.846590909090909 
120907.32046087665 15622.553213083853 0.03725590955806784 0.0 121.0 206.0 4.742575757575757 
81765.0 7152.325463572804 0.2254335260115607 0.17276814386640976 93.0 81.0 2.0 
36560.0 10530.341880341877 0.07774218280206553 0.4470180255465322 42.0 66.0 0.0 
30905.0 13890.079458356771 0.10468850353243417 0.5639049454078355 25.0 78.0 0.0 
164670.0 6101.66735997617 0.39182939362795477 0.006423432682425488 173.0 99.0 3.715151515151515 
156335.0 6433.714877481389 0.3937058445728966 0.006422607578676943 169.0 88.0 2.28125 
66613.5359259582 15385.537762960732 0.05009633911368015 0.15542710340398203 69.0 126.0 3.049122807017544 
56030.0 7241.19686051059 0.15480472764645428 0.34108427543679337 73.0 82.0 2.0666666666666664 
161835.0 8112.676162314283 0.36095054592164416 0.006422607578676943 148.0 91.0 1.5771929824561404 
122615.0 5737.868846381973 0.20423892100192678 0.029543994861913937 145.0 85.0 2.0625 
114170.0 6068.786402428639 0.17726396917148363 0.05330764290301863 137.0 100.0 2.7564102564102564 
51640.0 13331.646833147413 0.1579961464354528 0.33911368015414256 51.0 99.0 2.0058479532163744 
61220.0 13779.477791701529 0.1245985870263327 0.28644829800899163 67.0 126.0 3.4098883572567784 
88865.0 6896.604119049372 0.19974309569685292 0.06679511881824021 96.0 74.0 2.0 
119060.0 6982.77398979713 0.30573592273693195 0.05073860876323089 126.0 84.0 1.0714285714285714 
159070.0 4558.469236471458 0.4258188824662813 0.0 187.0 97.0 3.3125 
192065.0 5066.794906833013 0.33269107257546565 0.03789338471419396 177.0 95.0 4.444444444444445 
155861.60478155024 10865.935113450236 0.39627488760436735 0.017341040462427744 130.0 94.0 1.0882437070938216 
26235.0 11200.409218481509 0.11689145793192036 0.619781631342325 34.0 70.0 0.0 
78419.80686342077 17122.07168023339 0.10662898240107949 0.012204521895234358 85.0 157.0 3.3686052906561077 
52355.0 6920.783132530118 0.1091983556019044 0.38155190133526545 68.0 84.0 2.0 
79636.96494928547 20793.641693797766 0.09314530141197218 0.008992805755395683 79.0 184.0 3.9925864818786776 
46345.0 8167.512838468724 0.16251276168413392 0.48237239656487435 52.0 75.0 2.1176470588235294 
32295.0 10796.99055120157 0.15414258188824662 0.5510597302504817 43.0 74.0 0.0 
98780.0 6232.478659213139 0.20488794674144448 0.03275529865125241 117.0 97.0 3.8195402298850576 
150865.0 5127.868778999426 0.3622350674373796 0.03789338471419396 161.0 81.0 3.0 
126665.0 5179.047184458455 0.14065510597302505 0.03789338471419396 143.0 83.0 3.0 
