1815173.2204164409 27105.435522796604 0.15974982464344167 0.3828910451250877 1888.0 334.0 6.159075585680207 
3901105.147592423 33134.12519667495 0.017564881926584053 0.0 3994.0 744.0 10.333862722508359 
644880.0 22051.228986906226 0.07850128594809445 0.7372281973345803 539.0 131.0 0.0 
781590.0 17115.274424804753 0.12651975683890576 0.6561842412906242 738.0 134.0 2.240143369175627 
1555170.0 16725.58143348816 0.3170154313771335 0.48506546644844517 1449.0 124.0 3.2413793103448274 
1595620.0 14415.595174707056 0.3026654196866963 0.45896656534954405 1449.0 142.0 5.598214285714286 
4290334.076312414 27599.394597489296 0.33092705167173253 0.006692775309796587 4131.0 372.0 5.738989986710352 
4366800.0 18394.094725032548 0.4135199906476502 0.12312953004442366 4544.0 166.0 1.4129713423831072 
5153907.648230044 14532.435913525482 0.26250876782791677 0.0 5267.0 287.0 8.45232997013664 
3695261.2014978984 14661.535552134656 0.2388648585457096 0.309328968903437 3594.0 208.0 6.783605664488018 
4908875.205258442 17467.906456328554 0.29822305354220247 0.18117255085340192 4536.0 257.0 4.474069737184491 
1764475.0 13019.749401707957 0.1390869768529343 0.4895955108721066 1640.0 146.0 7.468085106382979 
2802790.9178438974 17721.116287133573 0.40580430208089785 0.26966916062660745 2394.0 204.0 7.316477561657767 
1323155.613036375 22492.83528663943 0.345949263502455 0.47919102174421324 1181.0 125.0 0.0 
4529135.0 10521.66809591435 0.46674070610240825 0.1611819032031798 4711.0 155.0 8.411981566820277 
1547627.792630825 26350.710840663003 0.1549859714753332 0.5308335281739537 1476.0 215.0 2.309155263638022 
2317683.586889168 26537.100247242655 0.5218318915127426 0.24433013794715921 2149.0 181.0 1.5184300993124522 
2867455.1331045865 16446.65491493738 0.19578559738134207 0.3362754267009586 3877.0 282.0 7.423728813559322 
3518185.0 18676.073834402734 0.43745616086041617 0.2499707739069441 2968.0 150.0 2.064516129032258 
4809880.0 11769.53651512863 0.47322889876081364 0.14341243862520459 4643.0 182.0 8.041200716845879 
2997125.0242955917 18964.609368101184 0.4174362871171382 0.24608370353051204 3439.0 187.0 3.071052565170212 
3750784.30816847 30675.808949814742 0.12386018237082067 0.0 3937.0 592.0 7.35604512979703 
840823.8415103158 23826.95307670849 0.09235445405658171 0.6423895253682488 786.0 204.0 7.5 
4017249.9086305914 24445.334621684906 0.04831073182137012 0.0 4476.0 606.0 9.400613083131002 
3275524.1037649033 24953.759507495353 0.2531564180500351 0.18017886368950198 3387.0 293.0 4.737223987784816 
1107185.0 15762.646147015728 0.0730944587327566 0.662613981762918 943.0 144.0 4.227727727727728 
2242310.0 17871.12550807956 0.3405132101940613 0.4376899696048632 1991.0 131.0 4.155555555555555 
1045672.3282567246 20930.02097834715 0.08729833995791443 0.6323942015431377 939.0 183.0 5.585389954690061 
1157080.0 16646.590903732736 0.11371872808043021 0.6138940846387655 1089.0 152.0 3.4164619164619165 
1431493.9123013255 24084.517163022178 0.2671849427168576 0.493161094224924 1245.0 170.0 3.1683501683501682 
4138771.8212894006 28849.818745753975 0.11342646714987141 0.0 4267.0 594.0 9.944495780901164 
4374757.069862154 25505.712239993954 0.31634323123684827 0.0 4395.0 379.0 6.479902091604219 
4054583.6024344526 29289.478144103017 0.07125321487023614 0.0 4460.0 708.0 9.534110822692996 
4007892.085478752 25477.33641312949 0.4756838905775076 0.021510404489127895 4200.0 350.0 7.222255964573408 
3396769.9999999995 16590.592112404363 0.39598433481412204 0.32052256254383915 3163.0 149.0 3.335664335664336 
1159980.0 15096.79586372964 0.1021744213233575 0.6116436754734627 1174.0 156.0 4.238095238095238 
4050521.2325414624 33533.60335688852 0.11760579845686228 0.0 4131.0 709.0 9.25644474120953 
1017227.5708407542 23005.613958675065 0.11102992751928922 0.6150631283610007 999.0 206.0 3.4567579292393713 
4079427.2825113195 32247.76056694965 0.0686520925882628 0.0 4188.0 722.0 9.97827134158247 
868655.0 21880.40298839142 0.10071311667056349 0.6813479074117372 759.0 124.0 2.0 
5129817.294628644 20275.615608713368 0.22927870002338088 0.0 5225.0 384.0 8.929460550358165 
1629685.0 18608.628866297346 0.20592705167173253 0.5168342296001871 1598.0 147.0 4.60770697167756 
4376635.965505746 19541.594911684777 0.34825812485386953 0.0 4502.0 302.0 8.023991761094008 
4176912.3414882007 28422.37939805407 0.3363923310731821 0.005845218611176058 4112.0 409.0 6.178588249255503 
5282490.9586104965 20853.662892435936 0.32703998129530043 0.04524199205050269 5228.0 327.0 9.20070926201962 
2613280.690780722 24022.256137339555 0.2878185644143091 0.31561257891045125 2959.0 290.0 5.415054085294595 
1824070.0 14421.846512448848 0.28802314706570026 0.4663315407996259 1687.0 134.0 5.138888888888888 
4989262.398460047 21290.936615121325 0.4186345569324293 0.0031856441430909515 5259.0 273.0 7.23956043956044 
5156831.687496754 19807.162107585005 0.47232288987608134 0.06564180500350714 5191.0 159.0 3.0980392156862746 
4330394.709338095 26804.834229647982 0.27881692775309797 0.0 4395.0 413.0 6.493585126201652 
3948034.287927664 34182.99773730704 0.03875379939209726 0.0 4048.0 767.0 10.134011659292234 
4090941.32330247 31668.323364330197 0.06894435351882161 0.0 4493.0 738.0 9.21176511005805 
4728354.488337113 14948.95426874558 0.4603694178162263 0.1478255786766425 4412.0 159.0 4.17936507936508 
3566958.8073747596 21384.582481297068 0.45592705167173253 0.19137245732990413 3452.0 176.0 3.413370998116761 
814165.0 17818.848247854785 0.09299742810381108 0.6556873977086743 736.0 148.0 4.431182795698924 
4478028.147911062 24356.706071615426 0.20011105915361235 0.0 4415.0 439.0 8.919365564409883 
1532285.0 20773.838725013335 0.20110474631751227 0.5652034136076689 1412.0 135.0 2.0 
1210230.0 22012.725899361405 0.24634673836801496 0.5773614683189151 1076.0 123.0 0.0 
4538098.714917427 27518.517576454997 0.1066167874678513 0.0 4882.0 667.0 9.15615925578285 
2349781.267028742 18825.62441067208 0.28103811082534486 0.4107727379003975 2152.0 232.0 5.25971425971426 
775526.7327807753 21715.504459612654 0.15238484919335984 0.6503682487725041 730.0 166.0 5.068965517241379 
4887150.527095339 23968.511745815355 0.2240764554594342 0.0 5265.0 507.0 9.821458873816509 
4200201.338133181 24808.16311888295 0.4663315407996259 0.05310381108253449 4614.0 284.0 4.1688150582420365 
4299626.080362243 25981.51160748055 0.24374561608604162 0.0 4264.0 429.0 6.44115279230003 
803085.0 21227.95283930389 0.11705050268880056 0.6681377133504793 715.0 133.0 2.0 
3965513.5313059604 27548.66793786952 0.2867956511573533 0.0 4069.0 409.0 6.634083031250625 
878650.0 18209.195851052165 0.12324643441664718 0.6309036707972878 787.0 149.0 4.233974358974359 
2248780.913597325 22861.075435485254 0.3506838905775076 0.34881342062193127 2121.0 205.0 3.6364917976760083 
2183575.0 15298.863530814875 0.3119300911854103 0.4153320084171148 2197.0 145.0 6.221818181818182 
2008530.0 19460.72542976586 0.22220598550385784 0.40393383212532147 2062.0 157.0 6.423096067695371 
4230978.716374485 28076.57602412831 0.11228664952069208 0.0 4464.0 559.0 9.833107146204068 
2989155.0 21637.749807558732 0.4266132803366846 0.2737315875613748 2859.0 196.0 6.248500967117989 
2142530.0 19971.84615896042 0.20303366845920037 0.5150222118307225 1946.0 145.0 0.0 
4407907.434873847 19739.1037748064 0.34589081131634325 0.025105213935001168 4276.0 323.0 7.97838369777429 
920315.0 19733.176862126213 0.13180967968202012 0.6393500116904373 806.0 129.0 3.0857142857142854 
4095604.012049905 30354.513089899512 0.04638180967968202 0.0 4199.0 713.0 9.844366383525847 
2675607.5 16083.20377456793 0.2806581716156184 0.3311608604161796 2971.0 161.0 7.241935483870968 
818405.0 21658.59866832295 0.20233224222585924 0.6370411503390226 688.0 110.0 0.0 
1538965.0 21375.85670187288 0.2844575637128829 0.517331073182137 1443.0 132.0 0.0 
4889710.655394111 19172.15177902291 0.4875204582651391 0.01122281973345803 5256.0 217.0 5.9195872865275145 
4078504.113819711 31788.692940474462 0.04816460135609072 0.0 4247.0 743.0 9.32340940911021 
3060020.0857990333 23734.222825956156 0.45990180032733224 0.12771802665419688 3604.0 226.0 2.4394119769119773 
5126397.578045717 19685.845716462016 0.41615033902267945 0.012917933130699088 5123.0 311.0 7.095756595321055 
4218456.333959024 27464.488765770053 0.19806523263970072 0.0 4285.0 442.0 6.742112080469272 
4405534.0986402985 23495.150817490863 0.4257364975450082 0.0 4526.0 237.0 5.6622294372294375 
4531937.479310456 22104.93335549594 0.2989829319616554 0.03103811082534487 4952.0 405.0 9.709813587807753 
3467575.0 17226.946226411226 0.37044072948328266 0.3000058452186112 3343.0 149.0 2.1799999999999997 
780115.0 20132.882969583858 0.10810731821370119 0.6561842412906242 705.0 133.0 5.129032258064516 
1383965.0 18965.82286890427 0.15934065934065933 0.5543897591769932 1220.0 148.0 6.25 
4278049.279546956 26497.075323590107 0.3423836801496376 0.0 4228.0 407.0 8.709902113026358 
1941155.0 19088.2251330425 0.2599076455459434 0.47016015898994623 2121.0 129.0 3.0757575757575757 
4310524.297789464 23946.743389041538 0.3962181435585691 0.02124736965162497 4475.0 236.0 3.3795374560080447 
872185.0 21989.374121443423 0.15264788403086274 0.6434124386252046 747.0 145.0 2.784090909090909 
4388130.8377814125 21277.756182347417 0.0848141220481646 0.0 4848.0 485.0 9.85500950447951 
4839245.0 17752.11191444477 0.5008475566986206 0.1192132335749357 4937.0 148.0 3.505797101449275 
2024660.0 14667.169406867873 0.1981236848258125 0.42845452419920504 1794.0 146.0 4.446808510638298 
1234490.0 18637.080050227272 0.20543020808978255 0.5850479307926116 1114.0 141.0 2.0434782608695654 
892682.5 21765.54299631418 0.12763034837502923 0.6410158989946224 795.0 145.0 6.214285714285714 
5201618.841288905 20057.86576547256 0.34603694178162264 0.12616904372223522 5205.0 260.0 3.9815217722220084 
4103951.9847881957 27548.033807033888 0.3730710778583119 0.0 4383.0 353.0 3.073955385759271 
4590442.245886935 27770.94405605918 0.28293780687397707 0.0 4862.0 391.0 5.706670685276228 
4275353.92585797 29506.64573583287 0.04793079261164367 0.0 4671.0 760.0 10.554436687946296 
4029830.7770714825 32340.07473936234 0.032645545943418286 0.0 4388.0 737.0 9.95244445570001 
2211655.4798279507 24630.788092962186 0.24275192892214167 0.3618774842179098 2027.0 296.0 8.29613600533592 
4397574.999999998 11691.33566735987 0.48392564881926586 0.15256020575169513 4447.0 169.0 8.515864128406122 
1004475.0 21096.618083942816 0.20212765957446807 0.6219897124152444 899.0 118.0 0.0 
3603040.157293805 22979.16839681026 0.43050035071311665 0.18318915127425767 3320.0 193.0 1.6291719033654517 
1702451.263779793 20988.161287348048 0.2622749590834697 0.5008183306055647 1547.0 133.0 3.0454545454545454 
2965561.9773681215 15911.606475560338 0.2613981762917933 0.31947042319382746 3674.0 184.0 5.429742978879369 
1427348.067434011 22755.83063521339 0.26399929857376664 0.5215688566752397 1318.0 144.0 2.0 
1413963.036200941 20750.761845593537 0.28980593874210897 0.49964928688332944 1193.0 144.0 3.4184149184149186 
3030616.5195924137 21891.773426743715 0.4188391395838204 0.18806990881458965 3190.0 194.0 1.0041666666666667 
