3939704.330261212 32007.296258785642 0.1287117138180968 0.0 4084.0 646.0 8.190318588060268 
3836248.681940529 35841.94679625347 0.046001870469955575 0.0 3853.0 711.0 10.133164011955898 
4233358.15250049 18766.714842882575 0.2215337853635726 0.031534954407294834 4422.0 280.0 7.467898062186855 
4170471.263056749 27184.914308238756 0.08054711246200608 0.0 5027.0 721.0 10.102828871711473 
5746157.922210042 14922.725625279545 0.5054945054945055 0.059007481879822306 5281.0 148.0 3.199404761904762 
1358160.0 17992.10611136735 0.13289104512508768 0.5958031330371756 1204.0 137.0 1.1578947368421053 
4027420.752988258 25583.850303762352 0.09293897591769933 0.0 4675.0 678.0 10.329954493445165 
4113949.5495589906 13806.839257767586 0.4655424362871171 0.07791676408697686 4398.0 173.0 8.821843853820598 
4426151.916113777 22518.00555656509 0.18722235211596913 0.0 4212.0 409.0 8.84146080605191 
1490275.0 17108.092709402263 0.29638180967968203 0.4886895019873743 1403.0 143.0 5.877207977207977 
2987033.9740689774 18991.92717230373 0.42424596679915827 0.17912672433949028 3448.0 196.0 3.312216553287982 
561910.0 21876.193015748682 0.09264671498714051 0.7231704465747019 507.0 129.0 0.25874125874125875 
3311675.0 19236.86728246992 0.2935468786532616 0.41004208557400046 3118.0 134.0 0.0 
2508410.329904611 20242.89937453241 0.5053191489361702 0.24567453822772972 2310.0 168.0 3.488808928868899 
1442184.8446658968 23760.441346894208 0.30319148936170215 0.4530044423661445 1232.0 157.0 0.2111111111111111 
2084037.8241498903 25927.841178555183 0.19046644844517185 0.32163315407996257 2139.0 295.0 6.311717204375572 
2026371.942724365 19499.62985873962 0.15218026654196867 0.4411386485854571 2130.0 183.0 2.364876632801161 
4153675.3389349114 30878.437896880092 0.20920037409399111 0.0 4114.0 479.0 6.256038036559652 
2818867.6780041233 19952.841647622907 0.23231821370119243 0.3749707739069441 2699.0 160.0 3.0 
1120710.0 15302.135761396163 0.1104746317512275 0.626928922141688 981.0 147.0 4.647714604236343 
1569440.0 18095.051143101547 0.3248772504091653 0.47293663783025486 1546.0 137.0 2.258064516129032 
1452203.3779418494 17047.961428341096 0.13289104512508768 0.5428746785129764 1409.0 186.0 6.77696915244085 
4033423.2488758755 30538.80542657407 0.19923427636193594 0.0 3854.0 494.0 6.79705993693164 
2002833.916593652 27239.770411670703 0.42012508767827916 0.27975216273088616 1910.0 225.0 3.149824875694723 
4108223.196763374 21438.994773921826 0.2701660042085574 0.1109130231470657 4027.0 275.0 3.7685353513516344 
2742234.84797043 16457.995214467453 0.19441197100771568 0.29649871405190553 2918.0 231.0 7.528500562904588 
1153265.0 20470.232404654824 0.24248889408463878 0.5793196165536592 1052.0 126.0 0.0 
1588659.5347430466 24331.298969445335 0.18555646481178395 0.5086509235445406 1364.0 187.0 1.1822994987468671 
2769797.4999999995 17772.668484950307 0.48623451017068037 0.22740823006780453 2636.0 182.0 8.452935226018024 
3342302.1821880494 18825.11954481631 0.40519055412672433 0.17620411503390226 3031.0 185.0 2.952830188679245 
2153214.704049791 23472.02542063643 0.35731821370119243 0.28092120645312135 2250.0 222.0 4.353495440729484 
1071475.0 24351.434769561507 0.23868950198737432 0.6029342997428104 919.0 137.0 1.05 
3772400.7166100116 34155.0176284708 0.0659925181201777 0.0 3984.0 710.0 9.966382281374385 
3983106.7104665185 30287.654664127913 0.22296586392331072 0.0 4046.0 510.0 7.252827723062108 
3760031.0717026335 17677.216489376533 0.36433247603460367 0.18926817862988077 3460.0 193.0 4.611685940353013 
1959897.8116152138 17234.785424102898 0.26581131634323124 0.4203588964227262 1893.0 173.0 5.273049645390071 
1184499.053193905 25046.898643201734 0.23848491933598318 0.5217442132335749 1054.0 196.0 3.349232351242925 
4433563.218419495 22255.413001812653 0.3408931494037877 0.0 4890.0 329.0 8.472055467974913 
3881473.6670105937 23391.2272633077 0.3882978723404255 0.03431143324760346 4019.0 317.0 5.029888439918541 
4573904.704651129 16461.16440368402 0.4521276595744681 0.0 5479.0 234.0 8.72646136874127 
1776645.0 15588.87476743451 0.3241173719897124 0.4551671732522796 1687.0 140.0 6.318996415770609 
910890.0 18149.956872149258 0.1377425765723638 0.6335047930792612 846.0 133.0 4.238095238095238 
1145260.0 20614.532993345827 0.24307341594575638 0.5950724807107786 1054.0 127.0 0.0 
3806974.9956223173 32028.8370028977 0.1632569558101473 0.0 3610.0 566.0 7.918235938866886 
4792238.425212911 16944.581144934993 0.41395838204348845 0.041880991349076455 5072.0 233.0 5.943510098652855 
4169811.7962255366 32133.75343128035 0.08352817395370588 0.0 4458.0 748.0 10.705697241191647 
655470.0 23219.299818683612 0.16655950432546177 0.689443535188216 582.0 120.0 0.0 
4487740.692302802 22175.50104108796 0.3626665887304185 0.0 4104.0 375.0 7.677110806678742 
4150900.3794090333 23040.820753166427 0.28717559036707974 0.0 4397.0 353.0 6.269556916267378 
1553080.0 17727.376625974528 0.25 0.5103168108487257 1388.0 129.0 2.1707317073170733 
3399334.730425783 23416.155655408827 0.4590542436287117 0.11474164133738601 3515.0 204.0 7.134486145574855 
4382442.014212985 17486.533176535177 0.3058802899228431 0.0 4913.0 316.0 8.494597106758935 
1506480.0 20717.075176578386 0.1275426700958616 0.5757832592938976 1378.0 128.0 0.0 
2416165.8016347787 19800.292415037948 0.17515197568389057 0.4126724339490297 2394.0 172.0 3.135135135135135 
3895823.848961196 29373.361093409516 0.34290974982464345 0.0 4063.0 451.0 7.105338285022373 
2666138.1940189027 24081.357933785395 0.4473638064063596 0.26376548982931963 2198.0 169.0 4.4194078947368425 
951900.0 21993.06308666501 0.232172083235913 0.6269873743277998 826.0 125.0 0.0 
1966699.9999999998 16575.60310453419 0.25230886135141456 0.44122632686462476 1832.0 140.0 3.448445171849427 
825735.0 20258.073308594714 0.11205284077624503 0.6580254851531447 719.0 141.0 5.25 
2954311.6388301575 22010.25006477767 0.2968494271685761 0.23094458732756606 3297.0 235.0 5.852211828127477 
3599543.4133716365 20281.964050149352 0.5304828150572831 0.09425415010521393 3676.0 230.0 7.336630973459618 
1347322.1869001023 17089.19875983345 0.19806523263970072 0.5216565349544073 1309.0 146.0 4.756280193236715 
4604847.458391817 21840.970077897102 0.18719312602291327 0.0 4708.0 440.0 8.53444851544582 
5368442.552960933 18145.13756557633 0.4012158054711246 0.04322539162964695 5540.0 229.0 5.94358552631579 
1414753.6571022905 25662.477078554653 0.28606499883095626 0.4830780921206453 1250.0 201.0 5.616576373467402 
1513934.9999999995 17969.992498228792 0.32774140752864156 0.4623275660509703 1356.0 146.0 5.528490028490029 
4349388.975619531 23273.94572554046 0.49117371989712416 0.05874444704231938 4393.0 226.0 5.99471846526545 
806905.0 21502.67074046774 0.17266775777414076 0.6401683422960018 753.0 128.0 2.1693121693121693 
1119370.0 21981.219849092195 0.27560205751695116 0.5580137947159224 950.0 113.0 0.0 
4236696.490468704 30908.099516169677 0.024169978957212998 0.0 4422.0 774.0 10.04305290900891 
2986905.7620088276 21850.87882964074 0.37967617488894084 0.325929389759177 2882.0 181.0 4.566069308311893 
3610229.0872732815 23634.830897347627 0.3082476034603694 0.04120879120879121 3960.0 334.0 4.765249719064374 
4251703.404085146 16848.53048332206 0.43543956043956045 0.014233107318213702 4742.0 251.0 8.558225103533845 
635035.0 21818.773816454774 0.14572129997661912 0.6981821370119242 538.0 115.0 0.0 
3826044.106626469 29141.441926489108 0.23728664952069206 0.0 3807.0 470.0 7.6397434689050785 
4205267.564887114 22458.069507701184 0.4359656301145663 0.10839957914425999 4228.0 219.0 6.03312854656583 
4532553.175807491 21989.529229026808 0.198240589198036 0.0 4925.0 385.0 8.551069329680528 
3762935.3755033216 30861.209560717674 0.12526303483750292 0.0 3834.0 594.0 8.51820269988641 
4411783.432319867 23939.73191564524 0.23754968435819498 0.0 4597.0 422.0 5.917987122756981 
1083205.0 21494.5201703035 0.1783668459200374 0.5988426467149871 954.0 131.0 4.0 
958375.0 21371.19175915592 0.21665302782324058 0.6199146598082769 795.0 118.0 0.0 
4147549.5492918766 20106.52162203258 0.4056581716156184 0.06029342997428104 4175.0 234.0 5.830376559895083 
1059330.0 21812.29378260811 0.2517535655833528 0.5961246200607903 892.0 121.0 0.0 
4085354.655491173 21079.99781429534 0.3091828384381576 0.031622632686462475 4087.0 316.0 7.745821756502871 
3981256.846132455 26644.6083522273 0.09369885433715221 0.0 4687.0 677.0 9.338558956832056 
591845.0 22820.482948379522 0.14463993453355156 0.7155424362871171 486.0 131.0 0.0 
1442647.6881577345 25855.84865105721 0.22422258592471359 0.49345335515548283 1304.0 192.0 4.643574130212061 
3789058.3452877565 17836.126781519157 0.4358487257423428 0.13391395838204348 3421.0 194.0 9.244717185119661 
1309532.7685946557 20073.53666067818 0.25151975683890576 0.5320317979892448 1297.0 161.0 5.704843304843305 
1695725.0 18643.298009095313 0.34513093289689034 0.4442658405424363 1607.0 142.0 6.297653958944282 
2904816.6763617247 26383.673349247547 0.4085223287350947 0.2123275660509703 2725.0 209.0 2.469824293353705 
2341710.0 18642.777374291647 0.30763385550619593 0.36246200607902734 2412.0 121.0 3.111111111111111 
4060094.7098753317 19861.90997708191 0.5175356558335281 0.11859948562076221 3662.0 194.0 3.7529803646563815 
3848055.020692806 25131.48283844173 0.44487958849660975 0.03512976385316811 4130.0 247.0 6.154665174589274 
4482058.941257607 23948.777336817624 0.12570142623334113 0.0 4521.0 503.0 8.95401698321223 
1106080.0 21330.348248797793 0.2042027121814356 0.5834112695814824 1065.0 130.0 0.0 
1876195.0 18256.059187750718 0.23009703062894551 0.5070434884264672 1621.0 142.0 2.751993620414673 
4427153.585057216 13810.407758093417 0.24532382511105916 0.0 4973.0 289.0 7.944237456532538 
2072067.1423135393 20713.279103066063 0.2252454991816694 0.44353518821603927 2048.0 223.0 6.4803240740740735 
4233382.027374249 26121.91483336025 0.3809036707972878 0.0 4460.0 347.0 6.403109798994287 
2675232.6385489316 24091.291811681163 0.19791910217442132 0.29623567921440264 2728.0 309.0 7.781945154932705 
4327659.652320627 27387.21859991205 0.07177928454524199 0.0 4802.0 689.0 10.057656874473237 
4057235.4667479387 23757.53759376618 0.3912497077390694 0.04722936637830255 3860.0 300.0 7.007470815092766 
5425686.63992462 18688.686079818475 0.40188800561140986 0.059007481879822306 5356.0 256.0 4.118913409783364 
2339771.723323924 29554.8346100105 0.29918751461304655 0.277589431844751 2258.0 289.0 4.001111163939542 
1111975.0 23150.48074097638 0.2642038812251578 0.5515548281505729 970.0 142.0 0.37857142857142856 
2409983.496353599 23290.15568500477 0.39972527472527475 0.27574818798223055 2518.0 240.0 5.382694689863474 
1614980.556723303 23289.758249581908 0.2611643675473463 0.515869768529343 1326.0 190.0 2.730143974065599 
1185310.0 20759.72118133746 0.17418751461304652 0.6190086509235445 1071.0 127.0 0.0 
3996723.177654879 30195.659761101586 0.061959317278466215 0.0 4460.0 716.0 10.227405183416636 
3370400.97541782 24553.372427048012 0.5260696750058452 0.0621346738368015 3186.0 257.0 6.049959083469722 
4022155.7568670725 23171.887717510894 0.43020808978255787 0.05737082066869301 3808.0 237.0 6.575634352635004 
