88954.60666066666 12769.993071685178 0.08413615928066795 0.0 83.0 141.0 2.7756460171554513 
94865.0 7524.126516389702 0.16441875401412973 0.10404624277456648 84.0 73.0 0.0 
63645.0 10681.110362084915 0.1252408477842004 0.2800256904303147 60.0 98.0 2.0 
81795.0 7103.8215750087065 0.1464354527938343 0.023121387283236993 105.0 81.0 1.404812030075188 
86905.0 8306.864154517474 0.27874116891457934 0.01991008349389852 100.0 68.0 0.0 
101852.88392343282 9034.645501576872 0.1001926782273603 0.0 100.0 108.0 2.2844017094017093 
120730.0 7251.708866852799 0.15350032113037893 0.03982016698779704 121.0 77.0 0.48717948717948717 
83009.79618797913 11291.515030623597 0.14900449582530506 0.03468208092485549 74.0 99.0 1.9333333333333333 
60330.0 8969.771994472594 0.1111111111111111 0.29736673089274246 54.0 68.0 0.0 
159739.65197215776 5739.061989908084 0.3937058445728966 0.006422607578676943 151.0 74.0 0.0 
89266.03256280046 9985.851788475424 0.1457931920359666 0.0 80.0 84.0 0.6032967032967033 
136740.0 6090.585954264259 0.14129736673089274 0.0 153.0 105.0 2.0080728866336064 
76320.0 10178.664990525813 0.3179190751445087 0.06229929351316635 70.0 76.0 0.8486842105263157 
57360.0 9499.021133135788 0.3551701991008349 0.2254335260115607 62.0 65.0 0.0 
95205.0 7206.753561018535 0.1111111111111111 0.2003853564547206 109.0 79.0 0.0 
81320.0 7740.1671114260025 0.3943481053307643 0.09248554913294797 87.0 66.0 0.0 
76440.0 7104.675558507676 0.13808606294155426 0.21836865767501606 78.0 80.0 1.7211538461538463 
60705.0 7527.114449018473 0.10340398201669879 0.3468208092485549 69.0 76.0 0.2833333333333333 
68750.0 9705.944653178627 0.14129736673089274 0.25305073859987154 60.0 78.0 0.4195804195804196 
99510.0 8104.689223838132 0.1567116249197174 0.006422607578676943 103.0 76.0 0.0 
76960.0 7410.073955240563 0.33911368015414256 0.1111111111111111 94.0 75.0 1.542649727767695 
86340.0 7577.782430812017 0.30892742453436095 0.06679511881824021 105.0 75.0 0.19047619047619047 
83973.53348729793 8827.655449729993 0.14322414900449582 0.03789338471419396 122.0 118.0 0.9984084880636606 
76425.0 8558.383959078235 0.15093127809890816 0.047527296082209375 86.0 77.0 0.18526315789473685 
79099.40486681243 11860.10613981623 0.12909441233140656 0.009633911368015413 84.0 115.0 0.8344155844155844 
68685.0 8162.89356605065 0.36416184971098264 0.24855491329479767 72.0 70.0 0.26515151515151514 
69055.0 8961.784678697852 0.11303789338471419 0.2504816955684008 68.0 77.0 0.7211538461538461 
85142.11769869796 12673.926520019293 0.10468850353243417 0.0 86.0 138.0 2.247397891963109 
59260.0 8900.647724773493 0.10276172125883108 0.32883750802825945 64.0 76.0 0.0 
62094.24329396818 8864.700376082868 0.3063583815028902 0.2980089916506101 68.0 81.0 0.5213903743315508 
75780.0 8130.266008666346 0.4341682723185613 0.09377007064868337 90.0 63.0 0.0 
95060.0 9820.709289508653 0.14836223506743737 0.006422607578676943 91.0 94.0 0.8888888888888888 
85750.0 8948.041002743763 0.14450867052023122 0.07000642260757868 81.0 77.0 0.4195804195804196 
107288.54800936769 8483.504309956232 0.1817597944765575 0.0 128.0 106.0 1.0485473457675754 
100760.0 8840.24702122217 0.1348747591522158 0.006422607578676943 97.0 82.0 0.12570356472795496 
66200.0 7635.569852941177 0.0789980732177264 0.35324341682723187 74.0 69.0 0.0 
86905.0 8306.864154517474 0.27874116891457934 0.01991008349389852 100.0 68.0 0.0 
81155.0 6823.7847909315315 0.24983943481053308 0.12138728323699421 99.0 83.0 1.6439628482972135 
97919.26108374384 7580.034994020665 0.17148362235067438 0.018625561978163133 98.0 74.0 0.5256410256410257 
57495.0 9604.885583330612 0.348747591522158 0.30700064226075785 60.0 70.0 0.0 
66965.0 7983.656690375721 0.1811175337186898 0.2691072575465639 81.0 85.0 1.4858387799564268 
96510.30428273327 9644.68469987914 0.06872190109184328 0.0 125.0 144.0 2.6785714285714284 
95061.6814292624 9101.054699296488 0.29929351316634556 0.01348747591522158 101.0 98.0 0.5540312281135418 
87335.0 9052.454854979482 0.13359023763648042 0.0 99.0 101.0 1.7830769230769232 
81320.0 7815.6124119649685 0.38664097623635196 0.09248554913294797 95.0 73.0 0.9965277777777778 
114350.0 7131.6584569562965 0.19781631342324985 0.006422607578676943 113.0 73.0 0.0 
90415.0 8885.873793127914 0.12010276172125883 0.035324341682723186 106.0 98.0 1.647058823529412 
82015.0 8022.012222981134 0.19588953114964675 0.12074502247912652 90.0 72.0 0.0 
94865.0 7524.126516389702 0.16441875401412973 0.10404624277456648 84.0 73.0 0.0 
81155.0 7702.853578158026 0.24983943481053308 0.12138728323699421 98.0 98.0 1.812653806461856 
104065.0 7829.524583986196 0.18304431599229287 0.01798330122029544 107.0 77.0 0.27692307692307694 
88290.0 8161.49772702937 0.19588953114964675 0.08606294155427104 102.0 79.0 0.0 
74925.0 8112.555865903313 0.1252408477842004 0.1111111111111111 85.0 74.0 1.1334217506631301 
81490.0 7788.833176291111 0.12909441233140656 0.19524727039177905 96.0 82.0 0.0 
54850.0 8226.110329581994 0.0789980732177264 0.35324341682723187 61.0 69.0 0.0 
81420.0 7709.753167321975 0.38664097623635196 0.09312780989081568 89.0 66.0 0.0 
67830.0 9154.648420941969 0.37572254335260113 0.2691072575465639 67.0 74.0 0.0 
88555.8251084316 10867.845176343015 0.1245985870263327 0.0 86.0 104.0 0.7516483516483516 
143265.0 7030.719240096273 0.3853564547206166 0.05202312138728324 134.0 77.0 0.0 
84270.0 7843.380958769487 0.1907514450867052 0.11560693641618497 101.0 79.0 0.0 
86905.0 8306.864154517474 0.27874116891457934 0.01991008349389852 100.0 68.0 0.0 
101573.44139275196 9609.8165537059 0.13230571612074501 0.0 107.0 110.0 1.5494505494505493 
69340.0 8014.680643424418 0.12780989081567115 0.32241490044958254 71.0 69.0 0.0 
114770.0 6281.779719618207 0.170199100834939 0.006422607578676943 123.0 83.0 1.5846153846153845 
73650.0 8349.2203474047 0.13808606294155426 0.21836865767501606 78.0 85.0 2.0544871794871797 
88995.0 7586.754316102746 0.20680796403339757 0.12973667308927425 85.0 73.0 0.0 
99802.49999999999 8563.880480369518 0.12973667308927425 0.02119460500963391 117.0 114.0 1.3096209430147723 
87730.0 9171.30636858657 0.2003853564547206 0.021836865767501604 81.0 68.0 0.0 
68345.0 9766.81745812067 0.14771997430956968 0.23185613359023763 67.0 85.0 0.3395585738539898 
89266.82115435017 11973.982232436667 0.0899165061014772 0.0 78.0 111.0 2.182777777777778 
92330.0 9346.093176659331 0.15028901734104047 0.006422607578676943 95.0 85.0 0.0 
99712.96535259845 10218.905591352494 0.10789980732177264 0.0 98.0 117.0 2.394268774703557 
54850.0 8226.110329581994 0.0789980732177264 0.35324341682723187 61.0 69.0 0.0 
57945.0 8971.361598534197 0.08542068079640334 0.29736673089274246 67.0 87.0 0.8304843304843305 
130212.39915562712 9947.086260005077 0.09569685292228645 0.0 122.0 119.0 1.614225036481134 
63415.0 9140.594444074428 0.4142581888246628 0.2774566473988439 60.0 68.0 0.0 
68710.0 8260.89863376371 0.25176621708413616 0.24084778420038536 79.0 78.0 0.0 
73980.0 8011.500522359288 0.11881824020552344 0.30057803468208094 79.0 76.0 0.3022222222222222 
86045.0 8596.079840791985 0.35452793834296725 0.01991008349389852 98.0 65.0 0.0 
95420.0 7829.870238515265 0.11753371868978806 0.0 101.0 96.0 1.9938684503901896 
85265.0 7826.136274695235 0.2845215157353886 0.14258188824662812 100.0 81.0 0.0 
84705.0 9525.584710868803 0.09184328837508028 0.0 105.0 109.0 2.0116579073100813 
76318.55584828487 8966.642443198518 0.1329479768786127 0.21836865767501606 78.0 103.0 1.941095195127453 
168170.0 6883.175301859421 0.44315992292870904 0.028259473346178548 151.0 71.0 0.0 
87860.0 8440.604851793505 0.2003853564547206 0.021836865767501604 81.0 66.0 0.0 
154886.42287443706 8060.014714141747 0.3031470777135517 0.0032113037893384713 136.0 98.0 0.8630769230769231 
82977.036081128 10454.872109589296 0.14322414900449582 0.009633911368015413 106.0 120.0 1.4247734721418932 
74755.0 7205.857010159086 0.380218368657675 0.12202954399486192 88.0 70.0 1.2 
86960.80838323354 10227.498967287404 0.12716763005780346 0.0 87.0 96.0 1.45982905982906 
91610.0 7845.142169566828 0.1329479768786127 0.19653179190751446 100.0 79.0 0.0 
116612.20449690512 10046.674898367735 0.08028259473346179 0.0 113.0 126.0 2.640774258421317 
68285.0 7865.2168494516445 0.08413615928066795 0.36095054592164416 73.0 72.0 0.0 
76270.0 6769.508286421407 0.12074502247912652 0.29736673089274246 89.0 82.0 1.32 
54540.0 9277.924898575007 0.1464354527938343 0.33076429030186255 57.0 68.0 0.0 
117070.0 7117.154293137944 0.3840719332048812 0.08477842003853564 138.0 75.0 0.0 
88340.25 9932.844629649473 0.19910083493898523 0.0038535645472061657 95.0 99.0 1.404055639349757 
86598.42671490087 8814.30899619669 0.18240205523442518 0.008349389852280027 103.0 100.0 1.5085714285714285 
102310.0 7740.973154102125 0.15928066795118817 0.03982016698779704 106.0 73.0 0.0 
87907.46954941457 9922.536437960187 0.11817597944765575 0.0 109.0 118.0 1.497184065934066 
57945.0 8971.361598534197 0.08542068079640334 0.29736673089274246 67.0 87.0 0.8304843304843305 
72955.0 8319.23049282783 0.294155427103404 0.11560693641618497 90.0 76.0 1.6140782991962663 
96552.13941006275 10807.63181484413 0.08477842003853564 0.0 103.0 131.0 2.6284188034188034 
68065.0 8451.169963566179 0.4271034039820167 0.24855491329479767 69.0 68.0 0.0 
97290.0 8346.779231984054 0.1926782273603083 0.021836865767501604 101.0 75.0 0.4879807692307692 
158990.0 6996.349333458952 0.4746307000642261 0.010276172125883108 135.0 71.0 0.0 
103467.64450029387 8851.888451241875 0.21258831085420682 0.0 137.0 117.0 1.4511904761904761 
87860.0 8440.604851793505 0.2003853564547206 0.021836865767501604 81.0 66.0 0.0 
59040.0 9291.824780289546 0.3063583815028902 0.29736673089274246 64.0 72.0 0.22291021671826625 
86905.0 8306.864154517474 0.27874116891457934 0.01991008349389852 100.0 68.0 0.0 
86905.0 8306.864154517474 0.27874116891457934 0.01991008349389852 100.0 68.0 0.0 
85480.16259263594 8696.7580455487 0.29929351316634556 0.010276172125883108 108.0 92.0 1.4644257703081232 
76270.0 6769.508286421407 0.12074502247912652 0.29736673089274246 89.0 82.0 1.32 
