29225.0 11051.49677917843 0.11689145793192036 0.573538856775851 33.0 74.0 0.35384615384615387 
31470.0 11763.205174542933 0.055876685934489405 0.4707771355170199 33.0 63.0 0.0 
31470.0 11763.205174542933 0.055876685934489405 0.4707771355170199 33.0 63.0 0.0 
31470.0 11763.205174542933 0.055876685934489405 0.4707771355170199 33.0 63.0 0.0 
26370.0 11933.17674398488 0.14129736673089274 0.5934489402697495 24.0 68.0 0.0 
24885.0 12070.98546614676 0.06037251123956326 0.6107899807321773 23.0 68.0 0.0 
30515.0 11631.890168654876 0.11046885035324341 0.5478484264611432 30.0 68.0 0.0 
25140.0 12012.621089711685 0.06486833654463713 0.6043673731535003 23.0 69.0 0.0 
25675.0 12027.845361238475 0.06679511881824021 0.6043673731535003 23.0 68.0 0.0 
25140.0 12012.621089711685 0.06486833654463713 0.6043673731535003 23.0 69.0 0.0 
29225.0 11051.49677917843 0.11689145793192036 0.573538856775851 33.0 74.0 0.35384615384615387 
31470.0 11763.205174542933 0.055876685934489405 0.4707771355170199 33.0 63.0 0.0 
31470.0 11763.205174542933 0.055876685934489405 0.4707771355170199 33.0 63.0 0.0 
26370.0 11933.17674398488 0.14129736673089274 0.5934489402697495 24.0 68.0 0.0 
25675.0 12027.845361238475 0.06679511881824021 0.6043673731535003 23.0 68.0 0.0 
25140.0 12012.621089711685 0.06486833654463713 0.6043673731535003 23.0 69.0 0.0 
29010.0 10380.323640865812 0.09633911368015415 0.5632626846499679 33.0 76.0 1.32 
31470.0 11763.205174542933 0.055876685934489405 0.4707771355170199 33.0 63.0 0.0 
26370.0 11933.17674398488 0.14129736673089274 0.5934489402697495 24.0 68.0 0.0 
30110.0 11161.984707446809 0.16249197174052665 0.5459216441875402 36.0 70.0 0.0 
29225.0 11051.49677917843 0.11689145793192036 0.573538856775851 33.0 74.0 0.35384615384615387 
31470.0 11763.205174542933 0.055876685934489405 0.4707771355170199 33.0 63.0 0.0 
31470.0 11763.205174542933 0.055876685934489405 0.4707771355170199 33.0 63.0 0.0 
26370.0 11933.17674398488 0.14129736673089274 0.5934489402697495 24.0 68.0 0.0 
24885.0 12070.98546614676 0.06037251123956326 0.6107899807321773 23.0 68.0 0.0 
25140.0 12012.621089711685 0.06486833654463713 0.6043673731535003 23.0 69.0 0.0 
29010.0 10380.323640865812 0.09633911368015415 0.5632626846499679 33.0 76.0 1.32 
31470.0 11763.205174542933 0.055876685934489405 0.4707771355170199 33.0 63.0 0.0 
26370.0 11933.17674398488 0.14129736673089274 0.5934489402697495 24.0 68.0 0.0 
29010.0 10419.236047248098 0.09633911368015415 0.5632626846499679 33.0 70.0 1.08 
29010.0 10380.323640865812 0.09633911368015415 0.5632626846499679 33.0 76.0 1.32 
31470.0 11763.205174542933 0.055876685934489405 0.4707771355170199 33.0 63.0 0.0 
28065.0 11925.82417582418 0.07642903018625562 0.5928066795118818 24.0 76.0 1.6 
29010.0 10380.323640865812 0.09633911368015415 0.5632626846499679 33.0 76.0 1.32 
29010.0 10419.236047248098 0.09633911368015415 0.5632626846499679 33.0 70.0 1.08 
141010.0 5875.441559674058 0.3956326268464997 0.0 164.0 87.0 3.5243697478991596 
128025.0 5842.726080277416 0.36287732819524726 0.023121387283236993 164.0 92.0 2.5357549471401466 
128025.0 5842.726080277416 0.36287732819524726 0.023121387283236993 161.0 89.0 2.490937019969278 
128025.0 5913.725812916584 0.4007707129094412 0.023121387283236993 154.0 81.0 3.057142857142857 
128025.0 5913.725812916584 0.4007707129094412 0.023121387283236993 154.0 82.0 1.0571428571428572 
128025.0 5913.725812916584 0.4007707129094412 0.023121387283236993 154.0 81.0 3.057142857142857 
141010.0 5792.3750327424605 0.3956326268464997 0.0 164.0 85.0 2.40672268907563 
141010.0 5792.3750327424605 0.3956326268464997 0.0 164.0 85.0 2.40672268907563 
128025.0 5913.725812916584 0.4007707129094412 0.023121387283236993 154.0 81.0 3.057142857142857 
141010.0 5839.342169144287 0.3956326268464997 0.0 164.0 93.0 3.635294117647059 
141010.0 5851.887847334934 0.3904945407835581 0.0 170.0 91.0 3.6500406614258605 
128025.0 5838.2716428092335 0.36801541425818884 0.023121387283236993 156.0 89.0 3.4761904761904763 
128025.0 5913.725812916584 0.4007707129094412 0.023121387283236993 154.0 81.0 2.057142857142857 
141010.0 5839.342169144287 0.3956326268464997 0.0 164.0 87.0 2.40672268907563 
141010.0 5875.441559674058 0.3956326268464997 0.0 164.0 87.0 3.5243697478991596 
128025.0 5893.3907573825145 0.36801541425818884 0.023121387283236993 156.0 85.0 3.361904761904762 
128025.0 5842.726080277416 0.36287732819524726 0.023121387283236993 164.0 92.0 2.5357549471401466 
141010.0 5823.092525273795 0.3956326268464997 0.0 164.0 91.0 3.7093681917211327 
141010.0 5839.342169144287 0.3956326268464997 0.0 164.0 87.0 2.40672268907563 
141010.0 5823.092525273795 0.3956326268464997 0.0 164.0 91.0 3.7093681917211327 
141010.0 5851.887847334934 0.3904945407835581 0.0 170.0 91.0 3.6500406614258605 
24885.0 12070.98546614676 0.06037251123956326 0.6107899807321773 23.0 68.0 0.0 
24885.0 12070.98546614676 0.06037251123956326 0.6107899807321773 23.0 68.0 0.0 
24885.0 12070.98546614676 0.06037251123956326 0.6107899807321773 23.0 68.0 0.0 
24885.0 12070.98546614676 0.06037251123956326 0.6107899807321773 23.0 68.0 0.0 
24885.0 12070.98546614676 0.06037251123956326 0.6107899807321773 23.0 68.0 0.0 
24885.0 12070.98546614676 0.06037251123956326 0.6107899807321773 23.0 68.0 0.0 
24885.0 12070.98546614676 0.06037251123956326 0.6107899807321773 23.0 68.0 0.0 
24885.0 12070.98546614676 0.06037251123956326 0.6107899807321773 23.0 68.0 0.0 
24885.0 12070.98546614676 0.06037251123956326 0.6107899807321773 23.0 68.0 0.0 
24885.0 12070.98546614676 0.06037251123956326 0.6107899807321773 23.0 68.0 0.0 
24885.0 12070.98546614676 0.06037251123956326 0.6107899807321773 23.0 68.0 0.0 
24885.0 12070.98546614676 0.06037251123956326 0.6107899807321773 23.0 68.0 0.0 
24885.0 12070.98546614676 0.06037251123956326 0.6107899807321773 23.0 68.0 0.0 
24885.0 12070.98546614676 0.06037251123956326 0.6107899807321773 23.0 68.0 0.0 
24885.0 12070.98546614676 0.06037251123956326 0.6107899807321773 23.0 68.0 0.0 
29010.0 10380.323640865812 0.09633911368015415 0.5632626846499679 33.0 76.0 1.32 
29010.0 10380.323640865812 0.09633911368015415 0.5632626846499679 33.0 76.0 1.32 
29010.0 10380.323640865812 0.09633911368015415 0.5632626846499679 33.0 76.0 1.32 
29010.0 10380.323640865812 0.09633911368015415 0.5632626846499679 33.0 76.0 1.32 
29010.0 10380.323640865812 0.09633911368015415 0.5632626846499679 33.0 76.0 1.32 
32200.000000000004 10106.456655468619 0.10854206807964033 0.5536287732819525 36.0 78.0 1.33955857385399 
24885.0 12070.98546614676 0.06037251123956326 0.6107899807321773 23.0 68.0 0.0 
24885.0 12070.98546614676 0.06037251123956326 0.6107899807321773 23.0 68.0 0.0 
24885.0 12070.98546614676 0.06037251123956326 0.6107899807321773 23.0 68.0 0.0 
24885.0 12070.98546614676 0.06037251123956326 0.6107899807321773 23.0 68.0 0.0 
24885.0 12070.98546614676 0.06037251123956326 0.6107899807321773 23.0 68.0 0.0 
27585.0 11113.470761852059 0.11946050096339114 0.5728965960179833 32.0 70.0 0.3176470588235294 
24885.0 12070.98546614676 0.06037251123956326 0.6107899807321773 23.0 68.0 0.0 
29010.0 10380.323640865812 0.09633911368015415 0.5632626846499679 33.0 76.0 1.32 
29010.0 10380.323640865812 0.09633911368015415 0.5632626846499679 33.0 76.0 1.32 
29010.0 10380.323640865812 0.09633911368015415 0.5632626846499679 33.0 76.0 1.32 
29010.0 10380.323640865812 0.09633911368015415 0.5632626846499679 33.0 76.0 1.32 
29010.0 10380.323640865812 0.09633911368015415 0.5632626846499679 33.0 76.0 1.32 
29010.0 10380.323640865812 0.09633911368015415 0.5632626846499679 33.0 76.0 1.32 
29010.0 10380.323640865812 0.09633911368015415 0.5632626846499679 33.0 76.0 1.32 
29010.0 10380.323640865812 0.09633911368015415 0.5632626846499679 33.0 76.0 1.32 
29010.0 10380.323640865812 0.09633911368015415 0.5632626846499679 33.0 76.0 1.32 
29010.0 10380.323640865812 0.09633911368015415 0.5632626846499679 33.0 76.0 1.32 
29010.0 10380.323640865812 0.09633911368015415 0.5632626846499679 33.0 76.0 1.32 
29010.0 10380.323640865812 0.09633911368015415 0.5632626846499679 33.0 76.0 1.32 
29010.0 10380.323640865812 0.09633911368015415 0.5632626846499679 33.0 76.0 1.32 
29010.0 10380.323640865812 0.09633911368015415 0.5632626846499679 33.0 76.0 1.32 
29010.0 10380.323640865812 0.09633911368015415 0.5632626846499679 33.0 76.0 1.32 
40500.0 9109.624631611601 0.2029543994861914 0.49967886962106617 51.0 72.0 1.0869565217391304 
40500.0 9109.624631611601 0.2029543994861914 0.49967886962106617 51.0 72.0 1.0869565217391304 
40075.0 9219.25907116119 0.1811175337186898 0.5028901734104047 51.0 74.0 1.4352941176470588 
40500.0 9109.624631611601 0.2029543994861914 0.49967886962106617 51.0 72.0 1.0869565217391304 
40500.0 9109.624631611601 0.2029543994861914 0.49967886962106617 51.0 72.0 1.0869565217391304 
49160.0 8868.181818181816 0.19460500963391136 0.35131663455362877 62.0 75.0 1.0869565217391304 
24995.0 11709.489281210595 0.1233140655105973 0.6056518946692357 28.0 68.0 0.0 
24995.0 11709.489281210595 0.1233140655105973 0.6056518946692357 28.0 68.0 0.0 
24995.0 11709.489281210595 0.1233140655105973 0.6056518946692357 28.0 68.0 0.0 
24995.0 11709.489281210595 0.1233140655105973 0.6056518946692357 28.0 68.0 0.0 
24995.0 11709.489281210595 0.1233140655105973 0.6056518946692357 28.0 68.0 0.0 
29010.0 10380.323640865812 0.09633911368015415 0.5632626846499679 33.0 76.0 1.32 
24995.0 11709.489281210595 0.1233140655105973 0.6056518946692357 28.0 68.0 0.0 
