[18, 12, 8, 19, 17, 22][13, 6, 10, 15, 5, 21][26, 0, 25, 28][16, 7, 24, 20][3, 1, 9, 23][14, 11, 25][14, 4, 24][2, 29, 27][8, 26][3, 4][7, 27][2, 15] 
[18, 12, 8, 19, 17, 22][4, 3, 1, 9, 23][10, 21, 5, 6, 13][26, 0, 25, 28][14, 4, 24][14, 11, 25][16, 7, 24][20, 7, 27][2, 29, 27][2, 15][8, 26][10, 15] 
[18, 12, 8, 19, 17, 22][4, 3, 1, 9, 23][10, 21, 5, 6, 13][26, 0, 25, 28][14, 11, 25][14, 4, 24][16, 7, 24][20, 7, 27][2, 29, 27][2, 15][8, 26][10, 15] 
[18, 12, 8, 19, 17, 22][4, 3, 1, 9, 23][10, 21, 5, 6, 13][26, 0, 25, 28][14, 4, 24][14, 11, 25][16, 7, 24][20, 7, 27][2, 29, 27][2, 15][8, 26][10, 15] 
[18, 12, 8, 19, 17, 22][4, 3, 1, 9, 23][16, 7, 24, 20][26, 0, 25, 28][13, 6, 5, 21][14, 4, 24][14, 11, 25][2, 29, 27][6, 10, 15][8, 26][7, 27][2, 15] 
[18, 12, 8, 19, 17, 22][4, 3, 1, 9, 23][13, 6, 5, 21][26, 0, 25, 28][6, 10, 15][2, 29, 27][20, 7, 27][16, 7, 24][14, 4, 24][14, 11, 25][2, 15][8, 26] 
[18, 12, 8, 19, 17, 22][13, 6, 5, 21, 10, 15][26, 0, 25, 28][3, 1, 9, 23][14, 11, 25][14, 4, 24][16, 7, 24][20, 7, 27][2, 29, 27][3, 4][8, 26][2, 15] 
[18, 12, 8, 19, 17, 22][4, 3, 1, 9, 23][13, 6, 5, 21][26, 0, 25, 28][6, 10, 15][2, 29, 27][20, 7, 27][16, 7, 24][14, 4, 24][14, 11, 25][2, 15][8, 26] 
[18, 12, 8, 19, 17, 22][4, 3, 1, 9, 23][13, 6, 5, 21][26, 0, 25, 28][2, 29, 27][20, 7, 27][6, 10, 15][16, 7, 24][14, 4, 24][14, 11, 25][2, 15][8, 26] 
[18, 12, 8, 19, 17, 22][4, 3, 1, 9, 23][13, 6, 5, 21][26, 0, 25, 28][2, 29, 27][20, 7, 27][6, 10, 15][16, 7, 24][14, 4, 24][14, 11, 25][2, 15][8, 26] 
[18, 12, 8, 19, 17, 22][13, 6, 10, 15, 5, 21][26, 0, 25, 28][16, 7, 24, 20][3, 1, 9, 23][14, 11, 25][14, 4, 24][2, 29, 27][8, 26][3, 4][7, 27][2, 15] 
[18, 12, 8, 19, 17, 22][4, 3, 1, 9, 23][10, 21, 5, 6, 13][26, 0, 25, 28][14, 11, 25][14, 4, 24][16, 7, 24][20, 7, 27][2, 29, 27][8, 26][2, 15][10, 15] 
[18, 12, 8, 19, 17, 22][4, 3, 1, 9, 23][10, 21, 5, 6, 13][26, 0, 25, 28][14, 11, 25][14, 4, 24][16, 7, 24][20, 7, 27][2, 29, 27][8, 26][2, 15][10, 15] 
[18, 12, 8, 19, 17, 22][4, 3, 1, 9, 23][13, 6, 5, 21][16, 7, 24, 20][26, 0, 25, 28][2, 29, 27][6, 10, 15][14, 4, 24][14, 11, 25][2, 15][7, 27][8, 26] 
[18, 12, 8, 19, 17, 22][4, 3, 1, 9, 23][13, 6, 5, 21][16, 7, 24, 20][26, 0, 25, 28][6, 10, 15][2, 29, 27][14, 4, 24][14, 11, 25][2, 15][7, 27][8, 26] 
[18, 12, 8, 19, 17, 22][4, 3, 1, 9, 23][13, 6, 5, 21][26, 0, 25, 28][2, 29, 27][20, 7, 27][6, 10, 15][16, 7, 24][14, 4, 24][14, 11, 25][2, 15][8, 26] 
[18, 12, 8, 19, 17, 22][13, 6, 10, 15, 5, 21][26, 0, 25, 28][16, 7, 24, 20][3, 1, 9, 23][14, 11, 25][14, 4, 24][2, 29, 27][8, 26][7, 27][2, 15][3, 4] 
[18, 12, 8, 19, 17, 22][10, 21, 5, 6, 13][4, 3, 1, 9, 23][26, 0, 25, 28][2, 29, 27][20, 7, 27][16, 7, 24][14, 4, 24][14, 11, 25][10, 15][2, 15][8, 26] 
[18, 12, 8, 19, 17, 22][4, 3, 1, 9, 23][16, 7, 24, 20][26, 0, 25, 28][13, 6, 5, 21][2, 29, 27][14, 4, 24][14, 11, 25][6, 10, 15][7, 27][8, 26][2, 15] 
[18, 12, 8, 19, 17, 22][13, 6, 10, 15, 5, 21][26, 0, 25, 28][16, 7, 24, 20][3, 1, 9, 23][14, 11, 25][14, 4, 24][2, 29, 27][8, 26][3, 4][7, 27][2, 15] 
[18, 12, 8, 19, 17, 22][13, 6, 10, 15, 5, 21][26, 0, 25, 28][16, 7, 24, 20][3, 1, 9, 23][14, 11, 25][14, 4, 24][2, 29, 27][8, 26][3, 4][7, 27][2, 15] 
[18, 12, 8, 19, 17, 22][4, 3, 1, 9, 23][10, 21, 5, 6, 13][26, 0, 25, 28][20, 7, 27][2, 29, 27][16, 7, 24][14, 4, 24][14, 11, 25][8, 26][2, 15][10, 15] 
[18, 12, 8, 19, 17, 22][4, 3, 1, 9, 23][10, 21, 5, 6, 13][26, 0, 25, 28][20, 7, 27][2, 29, 27][16, 7, 24][14, 4, 24][14, 11, 25][8, 26][2, 15][10, 15] 
[18, 12, 8, 19, 17, 22][4, 3, 1, 9, 23][26, 0, 25, 28][16, 7, 24, 20][13, 6, 5, 21][14, 11, 25][14, 4, 24][2, 29, 27][6, 10, 15][8, 26][7, 27][2, 15] 
[18, 12, 8, 19, 17, 22][4, 3, 1, 9, 23][13, 6, 5, 21][26, 0, 25, 28][6, 10, 15][2, 29, 27][20, 7, 27][16, 7, 24][14, 4, 24][14, 11, 25][2, 15][8, 26] 
[18, 12, 8, 19, 17, 22][4, 3, 1, 9, 23][13, 6, 5, 21][26, 0, 25, 28][2, 29, 27][20, 7, 27][6, 10, 15][16, 7, 24][14, 4, 24][14, 11, 25][2, 15][8, 26] 
[18, 12, 8, 19, 17, 22][13, 6, 10, 15, 5, 21][3, 1, 9, 23][16, 7, 24, 20][26, 0, 25, 28][14, 4, 24][14, 11, 25][2, 29, 27][3, 4][8, 26][7, 27][2, 15] 
[18, 12, 8, 19, 17, 22][10, 21, 5, 6, 13][4, 3, 1, 9, 23][26, 0, 25, 28][2, 29, 27][20, 7, 27][16, 7, 24][14, 4, 24][14, 11, 25][10, 15][2, 15][8, 26] 
[18, 12, 8, 19, 17, 22][4, 3, 1, 9, 23][16, 7, 24, 20][26, 0, 25, 28][13, 6, 5, 21][2, 29, 27][14, 4, 24][14, 11, 25][6, 10, 15][7, 27][8, 26][2, 15] 
[13, 6, 10, 15, 5, 21][18, 12, 8, 19, 17, 22][16, 7, 24, 20][26, 0, 25, 28][3, 1, 9, 23][14, 4, 24][14, 11, 25][2, 29, 27][3, 4][7, 27][2, 15][8, 26] 
[13, 6, 10, 15, 5, 21][18, 12, 8, 19, 17, 22][16, 7, 24, 20][26, 0, 25, 28][3, 1, 9, 23][2, 29, 27][14, 4, 24][14, 11, 25][2, 15][7, 27][3, 4][8, 26] 
[18, 12, 8, 19, 17, 22][4, 3, 1, 9, 23][10, 21, 5, 6, 13][26, 0, 25, 28][20, 7, 27][2, 29, 27][16, 7, 24][14, 4, 24][14, 11, 25][8, 26][2, 15][10, 15] 
[18, 12, 8, 19, 17, 22][4, 3, 1, 9, 23][26, 0, 25, 28][16, 7, 24, 20][13, 6, 5, 21][14, 11, 25][14, 4, 24][2, 29, 27][6, 10, 15][8, 26][7, 27][2, 15] 
[13, 6, 10, 15, 5, 21][18, 12, 8, 19, 17, 22][16, 7, 24, 20][26, 0, 25, 28][3, 1, 9, 23][2, 29, 27][14, 4, 24][14, 11, 25][7, 27][3, 4][2, 15][8, 26] 
[18, 12, 8, 19, 17, 22][13, 6, 10, 15, 5, 21][16, 7, 24, 20][26, 0, 25, 28][3, 1, 9, 23][2, 29, 27][14, 4, 24][14, 11, 25][7, 27][8, 26][3, 4][2, 15] 
[5, 15, 6, 21, 10, 27, 29, 2, 16, 7, 4, 1, 3, 23, 14][12, 17, 22, 18, 19, 8, 26, 0, 28, 25, 11, 14, 24][7, 16][11, 14][20, 24][10, 21][1, 9][11, 14][2, 29][0, 26][2, 29][0, 13] 
[5, 15, 6, 21, 10, 27, 29, 2, 16, 7, 4, 1, 3, 23, 14][12, 17, 22, 18, 19, 8, 26, 0, 28, 25, 11, 14, 24][0, 13][10, 21][7, 20][1, 9][7, 16][2, 29][7, 16][0, 26][0, 26][0, 26] 
[12, 17, 22, 18, 19, 8, 26, 0, 28, 25, 11, 14, 24, 20][14, 23, 3, 1, 4, 7, 16, 2, 29, 27, 10, 21, 6, 15][0, 26][0, 26][7, 16][5, 21][1, 9][6, 13][0, 26][2, 29][0, 26][2, 29] 
[12, 17, 22, 18, 19, 8, 26, 0, 28, 25, 11, 14, 24, 20][4, 7, 16, 2, 29, 27, 10, 21, 6, 15, 5][4, 3, 1, 9, 23][13, 18][7, 24][8, 26][11, 14][8, 26][11, 14][8, 26][17, 22][8, 26] 
[12, 17, 22, 18, 19, 8, 26, 0, 28, 25, 11, 14, 24, 20][4, 7, 16, 2, 29, 27, 10, 21, 6, 15, 5][4, 3, 1, 9, 23][0, 26][8, 26][7, 24][13, 18][0, 26][11, 14][17, 22][11, 14][0, 26] 
[12, 17, 22, 18, 19, 8, 26, 0, 28, 25, 11, 14, 24, 20][4, 7, 16, 2, 29, 27, 10, 21, 6, 15][4, 3, 1, 9, 23][5, 6, 13][11, 14][0, 26][2, 29][8, 26][11, 14][10, 21][4, 24][0, 26] 
[12, 17, 22, 18, 19, 8, 26, 0, 28, 25, 11, 14, 24, 20][14, 23, 3, 1, 4, 7, 16, 2, 29, 27, 10, 21][5, 15, 10, 6, 13][0, 26][8, 26][7, 16][1, 9][0, 26][2, 29][8, 26][7, 16][1, 3] 
[12, 17, 22, 18, 19, 8, 26, 0, 28, 25, 11, 14, 24, 20][14, 23, 3, 1, 4, 7, 16, 2, 29, 27, 10, 21][5, 15, 10, 6, 13][11, 14][1, 9][2, 29][7, 16][8, 26][0, 26][8, 26][0, 26][17, 22] 
[12, 17, 22, 18, 19, 8, 26, 0, 28, 25, 11, 14, 24, 20][4, 7, 16, 2, 29, 27, 10, 21, 6, 15, 5][4, 3, 1, 9, 23][13, 18][7, 24][8, 26][11, 14][8, 26][11, 14][8, 26][17, 22][8, 26] 
[12, 17, 22, 18, 19, 8, 26, 0, 28, 25, 11, 14, 24, 20][14, 23, 3, 1, 4, 7, 16, 2, 29, 27, 10, 21][5, 15, 10, 6, 13][0, 26][8, 26][7, 16][1, 9][0, 26][2, 29][8, 26][7, 16][1, 3] 
[12, 17, 22, 18, 19, 8, 26, 0, 28, 25, 11, 14, 24, 20][14, 23, 3, 1, 4, 7, 16, 2, 29, 27, 10, 21][5, 15, 10, 6, 13][2, 29][11, 14][1, 9][8, 26][0, 26][17, 22][0, 26][0, 26][0, 26] 
[12, 17, 22, 18, 19, 8, 26, 0, 28, 25, 11, 14, 24, 20][14, 23, 3, 1, 4, 7, 16, 2, 29, 27, 10, 21][5, 15, 10, 6, 13][2, 29][11, 14][1, 9][8, 26][0, 26][17, 22][0, 26][0, 26][0, 26] 
[12, 17, 22, 18, 19, 8, 26, 0, 28, 25, 11, 14, 24, 20][4, 7, 16, 2, 29, 27, 10, 21, 6, 15, 5][4, 3, 1, 9, 23][0, 13][10, 21][6, 15][8, 26][11, 14][7, 24][11, 14][11, 14][11, 14] 
[12, 17, 22, 18, 19, 8, 26, 0, 28, 25, 11, 14, 24, 20][14, 23, 3, 1, 4, 7, 16, 2, 29, 27, 10, 21][5, 15, 10, 6, 13][11, 14][1, 9][2, 29][7, 16][8, 26][0, 26][8, 26][0, 26][17, 22] 
[5, 15, 6, 21, 10, 27, 29, 2, 16, 7, 4, 1, 3, 23, 14][12, 17, 22, 18, 19, 8, 26, 0, 28, 25, 11, 14][7, 24, 20][0, 13][10, 21][1, 9][0, 26][6, 15][8, 26][0, 26][17, 22][10, 21] 
[5, 15, 6, 21, 10, 27, 29, 2, 16, 7, 4, 1, 3, 23, 14][12, 17, 22, 18, 19, 8, 26, 0, 28, 25, 11, 14, 24, 20][4, 3, 1, 9, 23][7, 16][0, 13][11, 14][11, 14][0, 26][8, 26][0, 26][0, 26][11, 14] 
[5, 15, 6, 21, 10, 27, 29, 2, 16, 7, 4, 1, 3, 23, 14][12, 17, 22, 18, 19, 8, 26, 0, 28, 25, 11, 14, 24, 20][4, 3, 1, 9, 23][11, 14][0, 13][8, 26][11, 14][0, 26][0, 26][0, 26][11, 14][7, 16] 
[12, 17, 22, 18, 19, 8, 26, 0, 28, 25, 11, 14, 24, 20][14, 23, 3, 1, 4, 7, 16, 2, 29, 27, 10, 21][5, 15, 10, 6, 13][11, 14][0, 26][1, 9][0, 26][11, 14][7, 16][0, 26][7, 16][7, 16] 
[5, 15, 6, 21, 10, 27, 29, 2, 16, 7, 4, 1, 3, 23, 14][12, 17, 22, 18, 19, 8, 26, 0, 28, 25, 11, 14, 24, 20][4, 3, 1, 9, 23][7, 16][0, 13][11, 14][11, 14][0, 26][8, 26][0, 26][0, 26][11, 14] 
[5, 15, 6, 21, 10, 27, 29, 2, 16, 7, 4, 1, 3, 23, 14][12, 17, 22, 18, 19, 8, 26, 0, 28, 25, 11, 14, 24, 20][4, 3, 1, 9, 23][11, 14][0, 13][8, 26][11, 14][0, 26][0, 26][0, 26][11, 14][7, 16] 
[5, 15, 6, 21, 10, 27, 29, 2, 16, 7, 4, 1, 3, 23, 14][12, 17, 22, 18, 19, 8, 26, 0, 28, 25, 11, 14, 24, 20][4, 3, 1, 9, 23][0, 26][0, 13][0, 26][0, 26][0, 26][0, 26][11, 14][11, 14][0, 26] 
[18, 12, 8, 19, 17, 22][4, 3, 1, 9, 23][10, 21, 5, 6, 13][26, 0, 25, 28][20, 7, 27][2, 29, 27][16, 7, 24][14, 4, 24][14, 11, 25][6, 10, 15][2, 15][8, 26] 
[18, 12, 8, 19, 17, 22][4, 3, 1, 9, 23][10, 21, 5, 6, 13][26, 0, 25, 28][16, 7, 24][14, 4, 24][14, 11, 25][20, 7, 27][2, 29, 27][6, 10, 15][8, 26][2, 15] 
[18, 12, 8, 19, 17, 22][10, 21, 5, 6, 13][4, 3, 1, 9, 23][26, 0, 25, 28][2, 29, 27][6, 10, 15][20, 7, 27][16, 7, 24][14, 4, 24][14, 11, 25][2, 15][8, 26] 
[18, 12, 8, 19, 17, 22][4, 3, 1, 9, 23][10, 21, 5, 6, 13][26, 0, 25, 28][16, 7, 24][20, 7, 27][14, 4, 24][2, 29, 27][14, 11, 25][6, 10, 15][2, 15][8, 26] 
[18, 12, 8, 19, 17, 22][4, 3, 1, 9, 23][10, 21, 5, 6, 13][26, 0, 25, 28][16, 7, 24][14, 4, 24][14, 11, 25][20, 7, 27][2, 29, 27][6, 10, 15][8, 26][2, 15] 
[18, 12, 8, 19, 17, 22][10, 21, 5, 6, 13][4, 3, 1, 9, 23][26, 0, 25, 28][6, 10, 15][2, 29, 27][20, 7, 27][16, 7, 24][14, 4, 24][14, 11, 25][2, 15][8, 26] 
[18, 12, 8, 19, 17, 22][4, 3, 1, 9, 23][10, 21, 5, 6, 13][26, 0, 25, 28][14, 11, 25][14, 4, 24][16, 7, 24][20, 7, 27][2, 29, 27][6, 10, 15][8, 26][2, 15] 
[18, 12, 8, 19, 17, 22][4, 3, 1, 9, 23][10, 21, 5, 6, 13][26, 0, 25, 28][20, 7, 27][2, 29, 27][16, 7, 24][14, 4, 24][14, 11, 25][6, 10, 15][2, 15][8, 26] 
[18, 12, 8, 19, 17, 22][10, 21, 5, 6, 13][4, 3, 1, 9, 23][26, 0, 25, 28][6, 10, 15][2, 29, 27][20, 7, 27][16, 7, 24][14, 4, 24][14, 11, 25][2, 15][8, 26] 
[18, 12, 8, 19, 17, 22][10, 21, 5, 6, 13][4, 3, 1, 9, 23][26, 0, 25, 28][2, 29, 27][6, 10, 15][20, 7, 27][16, 7, 24][14, 4, 24][14, 11, 25][2, 15][8, 26] 
[18, 12, 8, 19, 17, 22][4, 3, 1, 9, 23][10, 21, 5, 6, 13][26, 0, 25, 28][14, 4, 24][16, 7, 24][14, 11, 25][20, 7, 27][2, 29, 27][6, 10, 15][8, 26][2, 15] 
[18, 12, 8, 19, 17, 22][10, 21, 5, 6, 13][4, 3, 1, 9, 23][26, 0, 25, 28][6, 10, 15][2, 29, 27][20, 7, 27][16, 7, 24][14, 4, 24][14, 11, 25][2, 15][8, 26] 
[18, 12, 8, 19, 17, 22][4, 3, 1, 9, 23][10, 21, 5, 6, 13][26, 0, 25, 28][16, 7, 24][14, 4, 24][20, 7, 27][2, 29, 27][14, 11, 25][6, 10, 15][2, 15][8, 26] 
[18, 12, 8, 19, 17, 22][4, 3, 1, 9, 23][10, 21, 5, 6, 13][26, 0, 25, 28][14, 4, 24][16, 7, 24][14, 11, 25][20, 7, 27][2, 29, 27][6, 10, 15][8, 26][2, 15] 
[18, 12, 8, 19, 17, 22][10, 21, 5, 6, 13][4, 3, 1, 9, 23][26, 0, 25, 28][6, 10, 15][2, 29, 27][20, 7, 27][16, 7, 24][14, 4, 24][14, 11, 25][2, 15][8, 26] 
[18, 12, 8, 19, 17, 22][13, 6, 10, 15, 5, 21][16, 7, 24, 20][26, 0, 25, 28][3, 1, 9, 23][2, 29, 27][14, 4, 24][14, 11, 25][7, 27][8, 26][3, 4][2, 15] 
[18, 12, 8, 19, 17, 22][13, 6, 10, 15, 5, 21][16, 7, 24, 20][26, 0, 25, 28][3, 1, 9, 23][2, 29, 27][14, 4, 24][14, 11, 25][7, 27][8, 26][3, 4][2, 15] 
[18, 12, 8, 19, 17, 22][13, 6, 10, 15, 5, 21][16, 7, 24, 20][26, 0, 25, 28][3, 1, 9, 23][2, 29, 27][14, 4, 24][14, 11, 25][7, 27][8, 26][3, 4][2, 15] 
[13, 6, 10, 15, 5, 21][18, 12, 8, 19, 17, 22][16, 7, 24, 20][26, 0, 25, 28][3, 1, 9, 23][2, 29, 27][14, 4, 24][14, 11, 25][2, 15][7, 27][8, 26][3, 4] 
[13, 6, 10, 15, 5, 21][18, 12, 8, 19, 17, 22][26, 0, 25, 28][16, 7, 24, 20][3, 1, 9, 23][14, 11, 25][14, 4, 24][2, 29, 27][7, 27][3, 4][2, 15][8, 26] 
[13, 6, 10, 15, 5, 21][18, 12, 8, 19, 17, 22][4, 3, 1, 9, 23][16, 7, 24, 20][26, 0, 25, 28][14, 4, 24][2, 29, 27][11, 14][7, 27][2, 15][11, 25][8, 26] 
[18, 12, 8, 19, 17, 22][4, 3, 1, 9, 23][10, 21, 5, 6, 13][26, 0, 25, 28][14, 11, 25][14, 4, 24][16, 7, 24][20, 7, 27][2, 29, 27][6, 10, 15][8, 26][2, 15] 
[18, 12, 8, 19, 17, 22][4, 3, 1, 9, 23][10, 21, 5, 6, 13][26, 0, 25, 28][16, 7, 24][20, 7, 27][14, 4, 24][2, 29, 27][14, 11, 25][6, 10, 15][2, 15][8, 26] 
[18, 12, 8, 19, 17, 22][10, 21, 5, 6, 13][4, 3, 1, 9, 23][26, 0, 25, 28][6, 10, 15][2, 29, 27][20, 7, 27][16, 7, 24][14, 4, 24][14, 11, 25][2, 15][8, 26] 
[18, 12, 8, 19, 17, 22][10, 21, 5, 6, 13][4, 3, 1, 9, 23][26, 0, 25, 28][6, 10, 15][2, 29, 27][20, 7, 27][16, 7, 24][14, 4, 24][14, 11, 25][2, 15][8, 26] 
[18, 12, 8, 19, 17, 22][4, 3, 1, 9, 23][10, 21, 5, 6, 13][26, 0, 25, 28][20, 7, 27][2, 29, 27][16, 7, 24][14, 4, 24][14, 11, 25][6, 10, 15][2, 15][8, 26] 
[18, 12, 8, 19, 17, 22][4, 3, 1, 9, 23][10, 21, 5, 6, 13][16, 7, 24, 20][26, 0, 25, 28][14, 4, 24][14, 11, 25][2, 29, 27][7, 27][8, 26][2, 15][6, 15] 
[18, 12, 8, 19, 17, 22][4, 3, 1, 9, 23][10, 21, 5, 6, 13][26, 0, 25, 28][14, 11, 25][14, 4, 24][16, 7, 24][20, 7, 27][2, 29, 27][6, 10, 15][2, 15][8, 26] 
[18, 12, 8, 19, 17, 22][13, 6, 10, 15, 5, 21][3, 1, 9, 23][16, 7, 24, 20][26, 0, 25, 28][14, 4, 24][14, 11, 25][2, 29, 27][3, 4][7, 27][8, 26][2, 15] 
[18, 12, 8, 19, 17, 22][13, 6, 10, 15, 5, 21][3, 1, 9, 23][16, 7, 24, 20][26, 0, 25, 28][14, 4, 24][14, 11, 25][2, 29, 27][3, 4][7, 27][8, 26][2, 15] 
[13, 6, 10, 15, 5, 21][18, 12, 8, 19, 17, 22][16, 7, 24, 20][26, 0, 25, 28][3, 1, 9, 23][2, 29, 27][14, 4, 24][14, 11, 25][2, 15][7, 27][8, 26][3, 4] 
[13, 6, 10, 15, 5, 21][18, 12, 8, 19, 17, 22][16, 7, 24, 20][26, 0, 25, 28][3, 1, 9, 23][2, 29, 27][14, 4, 24][14, 11, 25][2, 15][7, 27][3, 4][8, 26] 
[18, 12, 8, 19, 17, 22][13, 6, 10, 15, 5, 21][3, 1, 9, 23][16, 7, 24, 20][26, 0, 25, 28][14, 4, 24][14, 11, 25][2, 29, 27][3, 4][7, 27][8, 26][2, 15] 
[18, 12, 8, 19, 17, 22][13, 6, 10, 15, 5, 21][3, 1, 9, 23][16, 7, 24, 20][26, 0, 25, 28][14, 4, 24][14, 11, 25][2, 29, 27][3, 4][7, 27][8, 26][2, 15] 
[13, 6, 10, 15, 5, 21][18, 12, 8, 19, 17, 22][16, 7, 24, 20][26, 0, 25, 28][3, 1, 9, 23][14, 4, 24][14, 11, 25][2, 29, 27][3, 4][7, 27][2, 15][8, 26] 
[13, 6, 10, 15, 5, 21][18, 12, 8, 19, 17, 22][16, 7, 24, 20][26, 0, 25, 28][3, 1, 9, 23][2, 29, 27][14, 4, 24][14, 11, 25][2, 15][7, 27][8, 26][3, 4] 
[18, 12, 8, 19, 17, 22][13, 6, 10, 15, 5, 21][16, 7, 24, 20][26, 0, 25, 28][3, 1, 9, 23][14, 4, 24][14, 11, 25][2, 29, 27][3, 4][7, 27][8, 26][2, 15] 
[18, 12, 8, 19, 17, 22][13, 6, 10, 15, 5, 21][26, 0, 25, 28][16, 7, 24, 20][3, 1, 9, 23][14, 11, 25][14, 4, 24][2, 29, 27][8, 26][7, 27][2, 15][3, 4] 
[18, 12, 8, 19, 17, 22][13, 6, 10, 15, 5, 21][16, 7, 24, 20][26, 0, 25, 28][3, 1, 9, 23][14, 4, 24][14, 11, 25][2, 29, 27][3, 4][7, 27][8, 26][2, 15] 
[18, 12, 8, 19, 17, 22][13, 6, 10, 15, 5, 21][26, 0, 25, 28][16, 7, 24, 20][3, 1, 9, 23][14, 11, 25][14, 4, 24][2, 29, 27][8, 26][3, 4][7, 27][2, 15] 
[18, 12, 8, 19, 17, 22][13, 6, 10, 15, 5, 21][3, 1, 9, 23][16, 7, 24, 20][26, 0, 25, 28][14, 4, 24][14, 11, 25][2, 29, 27][3, 4][8, 26][7, 27][2, 15] 
[13, 6, 10, 15, 5, 21][18, 12, 8, 19, 17, 22][16, 7, 24, 20][26, 0, 25, 28][3, 1, 9, 23][14, 4, 24][14, 11, 25][2, 29, 27][3, 4][7, 27][2, 15][8, 26] 
[13, 6, 10, 15, 5, 21][18, 12, 8, 19, 17, 22][16, 7, 24, 20][26, 0, 25, 28][3, 1, 9, 23][2, 29, 27][14, 4, 24][14, 11, 25][7, 27][3, 4][2, 15][8, 26] 
[20, 4, 3, 1, 9, 23][18, 12, 8, 19, 17, 22][13, 6, 10, 15, 5, 21][26, 0, 25, 28][14, 4, 24][14, 11, 25][16, 7, 24][2, 29, 27][8, 26][7, 27][2, 15][1, 3] 
[20, 4, 3, 1, 9, 23][18, 12, 8, 19, 17, 22][13, 6, 10, 15, 5, 21][26, 0, 25, 28][14, 4, 24][16, 7, 24][14, 11, 25][2, 29, 27][1, 3][7, 27][8, 26][2, 15] 
[20, 4, 3, 1, 9, 23][18, 12, 8, 19, 17, 22][13, 6, 10, 15, 5, 21][26, 0, 25, 28][14, 4, 24][14, 11, 25][16, 7, 24][2, 29, 27][8, 26][7, 27][2, 15][1, 3] 
[20, 4, 3, 1, 9, 23][18, 12, 8, 19, 17, 22][13, 6, 10, 15, 5, 21][26, 0, 25, 28][14, 4, 24][16, 7, 24][14, 11, 25][2, 29, 27][1, 3][8, 26][7, 27][2, 15] 
[20, 4, 3, 1, 9, 23][18, 12, 8, 19, 17, 22][13, 6, 10, 15, 5, 21][26, 0, 25, 28][14, 4, 24][16, 7, 24][14, 11, 25][2, 29, 27][1, 3][7, 27][8, 26][2, 15] 
[13, 18, 12, 8, 19, 17, 22][20, 4, 3, 1, 9, 23][5, 15, 6, 21, 10][26, 0, 25, 28][24, 7, 16, 28][14, 11, 25][2, 29, 27][7, 27][2, 15][8, 26][4, 24][1, 3] 
[18, 12, 8, 19, 17, 22][4, 3, 1, 9, 23][16, 7, 24, 20][26, 0, 25, 28][13, 6, 5, 21][14, 4, 24][14, 11, 25][2, 29, 27][6, 10, 15][8, 26][7, 27][2, 15] 
[18, 12, 8, 19, 17, 22][4, 3, 1, 9, 23][26, 0, 25, 28][16, 7, 24, 20][13, 6, 5, 21][14, 11, 25][14, 4, 24][2, 29, 27][6, 10, 15][8, 26][7, 27][2, 15] 
[18, 12, 8, 19, 17, 22][4, 3, 1, 9, 23][26, 0, 25, 28][16, 7, 24, 20][13, 6, 5, 21][14, 11, 25][14, 4, 24][2, 29, 27][6, 10, 15][8, 26][7, 27][2, 15] 
[18, 12, 8, 19, 17, 22][4, 3, 1, 9, 23][16, 7, 24, 20][26, 0, 25, 28][13, 6, 5, 21][14, 4, 24][14, 11, 25][2, 29, 27][6, 10, 15][8, 26][7, 27][2, 15] 
[18, 12, 8, 19, 17, 22][4, 3, 1, 9, 23][16, 7, 24, 20][26, 0, 25, 28][13, 6, 5, 21][14, 4, 24][14, 11, 25][2, 29, 27][6, 10, 15][8, 26][7, 27][2, 15] 
[13, 6, 10, 15, 5, 21][18, 12, 8, 19, 17, 22][26, 0, 25, 28][16, 7, 24, 20][3, 1, 9, 23][14, 11, 25][14, 4, 24][2, 29, 27][7, 27][3, 4][2, 15][8, 26] 
[18, 12, 8, 19, 17, 22][4, 3, 1, 9, 23][10, 21, 5, 6, 13][26, 0, 25, 28][16, 7, 24, 20][14, 11, 25][14, 4, 24][2, 29, 27][6, 10, 15][8, 26][7, 27][2, 15] 
