690775.0 16154.890757770281 0.08411269581482347 0.661123451017068 624.0 115.0 4.647058823529411 
1424285.0 14738.810318285703 0.2792572857868575 0.5035680971761912 1280.0 128.0 5.86815415821501 
1194890.0 22363.08685105473 0.10091827998638626 0.5833854762248457 1080.0 152.0 6.327759197324415 
685310.0 20963.19134579485 0.06885707772432619 0.6779616434512711 652.0 126.0 0.0 
1127240.0 23998.081216389102 0.3248772504091653 0.5387830254851531 948.0 127.0 0.0 
4578728.138276084 14868.224621417165 0.16869455191882454 3.808578606967624E-49 4939.0 320.0 8.2470905285191 
4156555.1066398066 16019.94345651332 0.3582853035647138 0.07724509335907345 4689.0 222.0 1.890773254399481 
2745820.650505954 23143.020184482957 0.1487624514416498 0.256606596952432 2825.0 518.0 9.055673915218499 
3379950.204066417 16336.127512698033 0.27472688056394995 0.18622975350569038 4255.0 332.0 7.063023417900913 
1662291.0874050234 14308.484038312572 0.10533153791321632 0.4777325095423751 1724.0 211.0 6.282628920786816 
1159505.0 17496.808969312908 0.06648975034925385 0.5943745287264948 1110.0 131.0 2.12 
2399196.298556091 14127.974393824908 0.3470034564475091 0.27332401989785654 2363.0 179.0 8.059971914495241 
3047865.020998514 16592.194750237675 0.3606520389997788 0.25485311063586275 3816.0 217.0 2.1203703703703702 
1609178.8085106383 17548.003951469662 0.3185955026653725 0.49179034246420544 1495.0 131.0 2.493822843822844 
2176830.6602772544 27299.61260922624 0.1357269557130071 0.3046545747870867 2129.0 336.0 8.241393556043779 
4016764.5330836633 31828.568604639222 0.16287794935222957 0.01613289766660841 4094.0 615.0 7.484278051204114 
3210596.1208760985 24416.837560531494 0.2250422464741066 0.23848631334086703 3403.0 290.0 3.393577314358449 
1581289.2135370702 25146.12340027404 0.12500073065659725 0.48512675430648994 1451.0 211.0 1.4814379084967322 
2098861.928183702 26514.72641697111 0.4210626272064347 0.274990133725229 2012.0 236.0 2.4850771225771227 
3118544.5467279186 17685.674311538216 0.1780756653433311 0.27037216724440144 2984.0 289.0 6.611301017582173 
4638530.318922318 15811.348895112105 0.2660753737925053 0.1339451084064994 5155.0 281.0 3.5250869037969985 
3210910.459130431 18694.6308569538 0.3698875957890799 0.21335172639540795 2937.0 179.0 2.187675070028011 
3168591.604261043 25694.0559321416 0.2217396745526953 0.23848631334062043 3290.0 299.0 3.393577314358449 
702610.0 17448.593318723757 0.08461003105386845 0.6559542969572774 641.0 128.0 4.647058823529411 
1424285.0 14738.810318285703 0.2792572857868575 0.5035680971761912 1280.0 128.0 5.86815415821501 
1188705.0 21494.234392047936 0.09934008018634549 0.5872725238805017 1074.0 147.0 6.327759197324415 
685310.0 20963.19134579485 0.06885707772432619 0.6779616434512711 652.0 126.0 0.0 
1080480.0 23292.434002234848 0.2722995090016367 0.5597965863923311 918.0 125.0 0.0 
4532780.298045238 14855.256646831838 0.17559135313626326 2.2261974555574142E-54 4922.0 315.0 8.140423861852433 
4595158.27918986 14482.54076017568 0.4497337487365632 0.09057219179255487 5352.0 206.0 1.838327600004778 
3851676.621397532 24302.477848580635 0.05997228239762888 7.072534233432821E-133 4347.0 612.0 9.073805059237655 
3406597.971658563 16807.965394510815 0.2747268175213054 0.186230107652258 4267.0 316.0 6.876628634523371 
1589050.1154340636 15571.139116179385 0.11950704413484128 0.47773075389263037 1649.0 192.0 6.817982456140351 
1159505.0 17496.808969312908 0.06648975034925385 0.5943745287264948 1110.0 131.0 2.12 
2487858.7825094187 15482.786352784866 0.3501890823103291 0.26090277984598687 2324.0 195.0 7.8312022519204465 
3065070.176054449 15082.378298189999 0.3561221555011764 0.2764218345741504 3873.0 183.0 2.185185185185185 
1609178.8085106383 17548.003951469662 0.3185955026653725 0.49179034246420544 1495.0 131.0 2.493822843822844 
2206825.7192637767 25975.57980720376 0.16758339714391662 0.3046545747870867 2050.0 288.0 7.901683550924222 
3990110.337630405 32392.405031282793 0.1598384549798302 0.016132897667159612 4073.0 626.0 7.732274972981522 
3132470.0862907055 26113.370725367975 0.22375626455269204 0.23559293012808827 3273.0 306.0 3.393577314358449 
1314334.3480579585 24438.3614794243 0.10042144272626426 0.5497752500290239 1225.0 201.0 1.8371419392281227 
2233363.571191077 26573.552832191217 0.4256513007990956 0.2623056757023173 2108.0 224.0 1.8987526711664644 
3237659.3938371646 17267.76921830038 0.19239645299114963 0.27121972889717616 3054.0 258.0 7.228948076405703 
4530776.320399794 18986.51100317121 0.2056067664646158 0.03153513873707468 4698.0 340.0 3.2448641957675735 
3211045.4219064107 18661.763858199418 0.36988778284959295 0.21335119168990824 2937.0 175.0 2.8543417366946775 
3957700.048049607 27898.751434183672 0.1961372625552335 0.016132897667159612 4135.0 488.0 6.377279912975461 
1424285.0 14738.81046447797 0.27925695146882035 0.503568526818431 1280.0 128.0 5.86815415821501 
1188705.0 21494.234392047936 0.09934008018634549 0.5872725238805017 1074.0 147.0 6.327759197324415 
685310.0 20963.19134579485 0.06885707772432619 0.6779616434512711 652.0 126.0 0.0 
1164665.0 22431.9212439349 0.2820635693362285 0.5498903526182111 1027.0 121.0 0.0 
4692946.984990293 13406.744751372398 0.18973651584093396 1.3012610799376982E-59 5225.0 315.0 8.099228910877983 
4645805.973238648 16527.036765474237 0.4281648920613235 0.09057219179255487 5435.0 180.0 1.3498972778633795 
3918740.8912280495 23852.332649367556 0.0728317744463549 4.134050872944132E-138 4430.0 583.0 8.974570960003556 
4242842.627064407 12057.087592522035 0.29638250822448053 0.10343393576545414 5776.0 318.0 8.502677419233526 
1628511.0178209506 14471.444585319667 0.11950619304123512 0.4777325095260527 1640.0 194.0 6.046052631578947 
1159505.0 17496.808969312908 0.06648975034925385 0.5943745287264948 1110.0 131.0 2.12 
2299835.7514769835 13970.407841779368 0.3351960895689528 0.291502649777998 2335.0 175.0 7.919282259322828 
3043921.208078862 16654.62347724251 0.356823478209253 0.25485302111942154 3839.0 222.0 2.3461279461279463 
1609178.8085106383 17548.003951469662 0.31859550266251263 0.49179034247336023 1495.0 131.0 2.493822843822844 
2206472.453123195 26370.889023120144 0.16758338125645664 0.3046545747870867 2049.0 304.0 7.837676129773944 
4008755.038579518 31600.985286427003 0.1595751794361886 0.01613280336684592 4134.0 638.0 7.694780864504055 
3137500.7249353477 26721.44956312379 0.22372705024704556 0.22887091181277838 3280.0 311.0 3.393577314358449 
1581981.7579431378 23660.102597180485 0.12500073065651837 0.48512675430642105 1451.0 203.0 1.4814379084967322 
2384867.3922633072 25967.635212613677 0.4254174920546485 0.22147682370325253 2236.0 223.0 2.400318291811032 
3218769.340496201 18087.30382280601 0.1848269370847147 0.2703721721985556 3043.0 263.0 7.228948076405703 
4639542.046083801 15885.165063142225 0.26607590644946105 0.1339439674135399 5155.0 286.0 3.614372618082713 
3211044.267937408 18661.825271261685 0.36988759579017333 0.2133517263922825 2937.0 175.0 2.8543417366946775 
4419405.1544389175 26317.460777569973 0.22206201711243742 0.015081911104316083 4330.0 453.0 7.082047842718157 
1424285.0 14738.81046447797 0.27925695146882035 0.503568526818431 1280.0 128.0 5.86815415821501 
1188705.0 21494.234392047936 0.09934008018634549 0.5872725238805017 1074.0 147.0 6.327759197324415 
685310.0 20963.19134579485 0.06885707772432619 0.6779616434512711 652.0 126.0 0.0 
1164665.0 22431.9212439349 0.2820626728055257 0.5498921550757109 1027.0 121.0 0.0 
4703775.568787038 14055.779345815366 0.17950777260063036 7.60615548245089E-65 5078.0 338.0 8.201441983446175 
4540812.388713034 15948.38827117891 0.3895859146908088 0.028437440057828847 5053.0 237.0 2.0473389109651374 
3878786.8011168987 24850.535557349755 0.06119979658509648 4.134050872944132E-138 4273.0 603.0 9.052238371956681 
4163716.6453236127 16198.019714703414 0.3349901771512984 0.13128640244770806 5101.0 251.0 9.390759405966481 
1628038.532024428 15405.351416516498 0.11950704413981614 0.47773075388236813 1656.0 184.0 6.817982456140351 
1159505.0 17496.808969312908 0.06648975034925385 0.5943745287264948 1110.0 131.0 2.12 
2299835.7514769835 13970.407841779368 0.3351960895689528 0.291502649777998 2335.0 175.0 7.919282259322828 
3148735.5649682516 14878.421379690571 0.3526148738308149 0.270167583397162 4061.0 181.0 2.25 
1609178.8085106383 17548.003951469662 0.31859550266251263 0.49179034247336023 1495.0 131.0 2.493822843822844 
2206577.628162654 26177.180663554016 0.16486535460302967 0.3046545747870867 2074.0 312.0 7.764759463107277 
4113354.6466529355 31482.40815287834 0.1078451126027385 0.0 4200.0 649.0 8.15979174965458 
3968582.649109567 28397.86600443855 0.18681433327836425 0.016132897667159616 4296.0 545.0 7.370173519218903 
1642404.8333940047 24921.153315454605 0.12625745265800012 0.47369935192164075 1471.0 228.0 1.3522459893048129 
2279248.0257231877 25787.89012625483 0.4245407092627564 0.2549991524383472 2137.0 211.0 1.9780960695888101 
3098674.87141063 17780.977408191186 0.1800045592971668 0.27121972889717616 3020.0 297.0 6.730907578084998 
4640766.554044568 15882.987761380276 0.26607590644946105 0.1339439674135399 5155.0 289.0 3.6679440466541413 
3211044.267937408 18661.825271261685 0.36988759579017333 0.2133517263922825 2937.0 175.0 2.8543417366946775 
1424285.0 14738.81046447797 0.27925695146882035 0.503568526818431 1280.0 128.0 5.86815415821501 
1188705.0 21494.234392047936 0.09934008018634549 0.5872725238805017 1074.0 147.0 6.327759197324415 
685310.0 20963.19134579485 0.06885707772432619 0.6779616434512711 652.0 126.0 0.0 
1164665.0 22431.9212439349 0.2820626728055257 0.5498921550757109 1027.0 121.0 0.0 
4775935.059654511 14778.416070365902 0.25771667462328685 2.2261974555574142E-54 5341.0 302.0 8.042793443116024 
4259287.653067263 16374.084881199475 0.4281351314315149 0.15296982256893477 4723.0 150.0 2.1640986132511557 
3876625.296831622 24591.640580004467 0.05807258634899665 1.2099691566556869E-127 4340.0 617.0 9.16953377496637 
4252858.853574908 17711.036814036215 0.3192950666354922 0.15261865793780688 4941.0 280.0 8.157894736842106 
1628492.8465398862 14136.597424571513 0.11950619305029307 0.477732509532113 1640.0 181.0 5.817982456140351 
1159505.0 17496.808969312908 0.06648975034925385 0.5943745287264948 1110.0 131.0 2.12 
2354429.31540966 15875.99204124031 0.31324722466734606 0.2625689239107422 2439.0 224.0 7.707913786777884 
3055345.5451061097 16299.356653066858 0.33054919407385724 0.2388664742917616 3860.0 206.0 3.378360655737705 
1609178.8085106383 17548.003951469662 0.31859550266251263 0.49179034247336023 1495.0 131.0 2.493822843822844 
2207139.43835327 26579.81299625897 0.16486535460225976 0.3046545747870867 2073.0 313.0 7.542834329417437 
4092582.1377880606 31908.783465702392 0.16328711465501192 0.003477999373412245 4197.0 650.0 8.140601297940588 
1126530.0 21427.48117158841 0.08919862299183264 0.5944034941270168 1042.0 134.0 1.5034199726402189 
2165374.034404853 25158.52279154924 0.43950447403256987 0.2755448999112912 1971.0 189.0 1.1682210031347962 
3117908.469585891 18983.20365835987 0.18000455929759018 0.27121972889717616 2945.0 274.0 6.888640873015873 
4642944.19065321 15910.067497402451 0.2660759064525745 0.13394396740687053 5156.0 289.0 3.6689180726281676 
3211044.267937408 18661.825271261685 0.36988759579017333 0.2133517263922825 2937.0 175.0 2.8543417366946775 
685310.0 20963.19134579485 0.06885707772432619 0.6779616434512711 652.0 126.0 0.0 
4625011.864526032 18398.016560846645 0.4595243638350015 0.097440323662566 4995.0 170.0 1.145351823317925 
3007579.5318632214 19452.832500684188 0.30126449935231514 0.23886625477247073 3621.0 256.0 4.008489678202793 
