107829.83879669265 11097.631419075413 0.14903312689365444 2.513107841125101E-165 138.0 169.0 2.8116052710392334 
114330.0 7164.405455467392 0.18435705537787503 6.847968963424783E-6 119.0 92.0 1.3736111111111111 
98096.32875469705 9714.335745582785 0.09506696872083889 0.007066353523394126 127.0 138.0 2.16274154589372 
126370.0 9958.055972336912 0.12076020405954208 8.374822560710061E-45 120.0 125.0 2.687062937062937 
101931.3002830694 9955.779267788907 0.1227146233454376 1.732495329192592E-5 139.0 144.0 2.6456349206349206 
106816.52602280828 8916.528779485914 0.14773854038386514 8.7963634726073E-10 132.0 117.0 1.3039215686274508 
171605.0 8455.562867025285 0.37834018429542754 9.770372377891165E-196 185.0 107.0 1.0167310167310166 
89732.52277695722 10621.711499382405 0.14195786228148757 2.3994254385831865E-162 126.0 141.0 1.8116518663745051 
113003.99127905353 9023.03753415423 0.11433743499987578 5.827764326875903E-7 128.0 117.0 2.15 
118247.41708510774 8251.659090153646 0.18499973039403808 4.841885544850979E-149 152.0 137.0 2.7365801061453237 
68195.0 8094.343814080656 0.2800616651977608 0.33337615541178345 76.0 79.0 0.0 
98589.24982413629 13731.92928718581 0.09892086330935251 1.0242110222459481E-83 89.0 137.0 2.552020202020202 
176860.0 5529.792698388668 0.421377183967112 1.732111199028383E-56 184.0 79.0 1.4662055335968378 
88075.0 9157.548419835923 0.1862711317320332 0.008350462487135436 101.0 84.0 0.0 
123908.4789970139 11773.931191817368 0.21839671127665297 3.228141093288505E-169 139.0 166.0 2.9657142857142853 
90691.17222438153 14617.737971193828 0.10213257965056526 4.587463891834098E-65 96.0 168.0 2.4433633033633035 
67690.0 9819.603096964005 0.15608941418293937 0.26271839671120245 62.0 83.0 0.7861111111111111 
91264.95992700798 12601.663424308814 0.08864337101745136 2.780364667096151E-17 101.0 151.0 2.06557414207353 
79870.26448502042 9278.380785367579 0.26657245632065774 0.18242548818088383 100.0 108.0 1.9393236074270557 
135925.42954969418 9003.181936337427 0.12140287858815703 1.5247875913222195E-13 154.0 140.0 2.541062801932367 
159082.36570501566 8761.857753143431 0.22610483036851609 6.219506159089248E-153 175.0 123.0 2.358091966787619 
94896.1561390458 13393.817559571688 0.0642343268248239 5.4449704609951864E-15 111.0 169.0 2.9502564102564097 
132644.59765101626 8780.164870570608 0.3423681374630535 7.606234896188273E-192 145.0 115.0 2.067250767250767 
57945.0 8863.977133897064 0.19655769965644618 0.3263103802672148 75.0 101.0 1.5199637023593466 
145180.45562151453 8623.23146297688 0.24280575539568344 5.92145386668257E-188 160.0 113.0 1.2161258248214768 
111445.03095235919 10348.314484164159 0.10149535221626697 1.0597273760235277E-10 121.0 156.0 3.2600846578644913 
85794.013225881 11171.50386606129 0.12268756423432682 0.017985611510791366 85.0 109.0 0.6962649753347427 
132360.0 6087.138267068748 0.1721437878598855 0.006422607578676943 148.0 86.0 1.21875 
95230.0 8604.717610595304 0.2646596967833108 0.010280462114246514 105.0 106.0 1.7317460317460318 
109070.0 7886.51270586887 0.28068428868754625 0.01605651894669236 109.0 76.0 0.0 
92767.22924068083 10426.40630217084 0.12913723092411455 1.732495329192592E-5 116.0 136.0 2.1897308488612834 
62195.0 8906.91641717758 0.193987667094077 0.3057553956833987 70.0 100.0 1.6954022988505746 
112109.3906053346 12354.85195957694 0.04946043165467626 6.778639874623404E-147 118.0 166.0 2.80034620020744 
116742.94227267425 8956.671877132212 0.11693147403290904 0.004536914528472891 130.0 104.0 1.0416666666666665 
105273.29719508265 9973.220008043561 0.29420320061017113 5.92145386668257E-188 140.0 133.0 1.2971993732863296 
147576.69856647472 7384.911597570003 0.1393884892086331 2.138683606195605E-57 165.0 128.0 2.777336956521739 
120988.64867599795 12339.199614317853 0.21839728874336542 2.513107841125101E-165 136.0 159.0 2.946179401993355 
99918.5209526441 10049.660092955923 0.1573699760485726 2.2257133872081523E-9 123.0 135.0 1.8832298136645964 
115120.0 9917.313846989162 0.33595014987157124 5.92145386668257E-188 119.0 116.0 1.8422838422838423 
78311.09375 7669.461728903247 0.29485016445963963 0.2845215157353886 93.0 88.0 0.5210337672137333 
120980.0 9637.647800318065 0.190775950668037 1.4501095305705492E-192 142.0 134.0 3.0103174603174603 
90651.25237253484 8615.016422233006 0.17149203854668227 0.023763648041104687 118.0 105.0 0.942110177404295 
107035.0 6416.7956433506015 0.17985611539395155 0.07836587872548749 128.0 90.0 1.7241343345848978 
101179.2818585798 12578.902765767509 0.09828107753417277 8.374822560710061E-45 94.0 139.0 2.913131313131313 
98244.34278823662 11474.689039075816 0.10406125919680942 4.628224914307794E-14 109.0 132.0 2.052211302211302 
79982.95606379138 11860.733658689265 0.12076053387847015 0.008350462349370875 95.0 122.0 0.9229060794278185 
92990.0 7632.6188919070455 0.22737301488289138 0.06358381502890173 119.0 96.0 1.177043422733078 
141949.196513503 9262.58877683846 0.3719167501821101 4.609851835212381E-184 153.0 109.0 1.0167310167310166 
72105.81796958132 10624.298563627011 0.21581537412514248 0.10212177079145932 72.0 82.0 0.5501165501165501 
87826.81040251363 14132.070519943203 0.09057766089785765 6.517482321329204E-6 84.0 148.0 1.7567247729599638 
134550.0 5501.747722078693 0.2106885919834362 4.832426931064741E-72 144.0 81.0 1.0512820512820513 
76260.0 6700.3275881995705 0.07836587872563046 0.33144912641308305 90.0 79.0 1.0434782608695652 
95529.900134856 11288.794354874351 0.08866515131884117 2.804992405071439E-6 100.0 125.0 1.5842490842490842 
155090.0 9476.706407726828 0.26207605279657525 6.219506159089248E-153 153.0 98.0 0.689520624303233 
73340.0 6618.472347687818 0.07065775950668038 0.3263103802672148 90.0 82.0 1.1739130434782608 
140970.0 6273.130028668971 0.44771325796501027 1.3343216648114787E-20 164.0 78.0 1.0625 
70335.0 8002.655721873489 0.07130010277492296 0.3320914696813977 86.0 80.0 0.0 
74267.5 9527.060709335083 0.17664440135221662 0.1348920863306494 86.0 95.0 1.2023809523809523 
51495.0 8627.071560034008 0.11114774571754651 0.3603082851637765 63.0 73.0 0.0 
92489.25112275378 14058.008582395361 0.10213258050905472 7.569294889813872E-73 96.0 169.0 2.6216849816849814 
83810.18505419572 11265.996782781363 0.12139850464797443 1.1320956186416484E-150 96.0 128.0 1.3635253801670593 
112210.0 6596.981783543826 0.1869218910585817 0.05973792394655704 125.0 85.0 1.3583333333333332 
86080.6580366441 13306.135014429692 0.08735868448098663 1.1320956186416484E-150 107.0 149.0 2.1379458622337184 
123045.0 7759.497790074421 0.22994511258922273 0.10725754824897901 129.0 90.0 0.0 
64110.0 7233.5553235019215 0.18370621474937304 0.3263103796842899 77.0 83.0 1.0888888888888888 
126900.0 7958.084907452233 0.12718743254776854 2.9287515388016924E-64 121.0 106.0 2.2542977855477857 
152845.0 7385.249839400753 0.14131700363839952 8.249977622343164E-7 163.0 105.0 2.6673254281949936 
142910.0 7310.552267044971 0.14902190646829014 0.006422607907551798 160.0 99.0 1.8372700668896322 
60075.0 8254.197035013554 0.17086099959201917 0.3263103796842899 74.0 79.0 0.5285714285714286 
139700.0 8449.695179317752 0.3327041917251301 0.002569043031470777 158.0 86.0 0.7066666666666667 
49175.0 8221.987951807227 0.11947584789372265 0.38926002055423853 63.0 74.0 0.0 
156960.0 5889.295786674015 0.42394045180227474 0.06037251123956326 157.0 78.0 1.0625 
66240.0 6923.507476611971 0.1528818238691358 0.32630584219667264 81.0 86.0 1.6174603174603175 
83370.0 8928.801892229329 0.49522693878615 0.14772839461785756 87.0 77.0 0.0 
129185.0 7553.409998218278 0.19334614784848403 0.01993186343482043 141.0 87.0 1.1478260869565218 
98425.0 6531.571561592335 0.1644398766700925 0.11305241521068858 111.0 82.0 1.0833333333333333 
167125.0 9093.977047449862 0.2852004110995664 2.175017811060924E-172 161.0 87.0 0.2408026755852843 
76455.0 9575.150895645698 0.2325168781346177 0.07321838760335225 79.0 73.0 0.0 
104875.0 6285.761380083193 0.19719179239597587 0.07835960793710202 118.0 82.0 1.0833333333333333 
126665.0 5179.047184458455 0.1406709479649971 0.037898252826310375 141.0 79.0 0.0 
138302.93717244765 6482.064299557443 0.17536152704516894 9.241161983688248E-6 154.0 104.0 1.574074074074074 
85305.0 7780.194349856301 0.19976100044819636 0.16955684007707128 98.0 79.0 0.0 
80575.0 6778.59183402309 0.09699688638849453 0.2974049331963 96.0 93.0 0.6971014492753623 
56400.0 7335.699660203019 0.1124100719425005 0.3719167523123677 70.0 87.0 1.1111111111111112 
60825.0 10719.723592446666 0.2004110996918631 0.27492291880722824 59.0 79.0 0.4976851851851852 
118839.93695663105 10779.56616201668 0.2228928670998163 1.9564544543158914E-161 137.0 130.0 2.4317460317460315 
52355.0 7048.932092004378 0.1091983556012333 0.381551901336074 66.0 83.0 1.1333333333333333 
101520.0 6361.960452467983 0.29995178020577623 0.1040462427746291 121.0 82.0 1.125 
124135.0 5949.945868142224 0.13810380267214797 0.02954779033915725 162.0 105.0 2.368129432624113 
162298.10479731832 8724.606334943841 0.22290111758647496 3.769407896666487E-145 177.0 130.0 2.5605966692923214 
116230.0 6152.628934916102 0.33334274423183724 0.1348747613776433 138.0 80.0 1.1666666666666667 
77265.0 11588.877096091022 0.2010534427584212 0.06423432682416777 81.0 98.0 1.3795238095238096 
86895.0 6348.803470763789 0.1978404891537324 0.15801537135247667 107.0 81.0 1.08 
89510.0 6216.168116484748 0.18820806180673977 0.14966597903103185 123.0 91.0 1.9555555555555557 
45920.0 8489.529964141062 0.09701495616056176 0.39755940912010274 56.0 77.0 0.0 
150020.0 5852.465314354291 0.1393884892086331 1.6649651874232785E-53 163.0 109.0 2.5721739130434784 
179374.89247311826 5830.35701324715 0.40853031829489106 1.0497672105333396E-48 190.0 103.0 0.9785151284007119 
121175.0 5779.27596467906 0.1554470709146968 0.02954779033915725 153.0 97.0 1.9479166666666665 
144380.0 5787.488517117692 0.1528750578806835 0.006422607684663294 163.0 95.0 1.5230978260869565 
82080.78180664161 13678.707736476264 0.13168111258309617 1.0212318718697224E-41 100.0 147.0 1.7359307359307359 
83660.0 6626.18151253753 0.17728674203494355 0.2794193216855087 95.0 78.0 1.0476190476190477 
49530.0 10690.145812195065 0.2318859198355833 0.407887975333154 50.0 79.0 0.0 
118355.0 6170.614934707124 0.14966598134163916 0.0295477903392471 143.0 91.0 1.6076388888888888 
64630.0 10029.49511520102 0.2248201438848921 0.26271839671120245 56.0 78.0 0.425 
42915.0 9406.787559985236 0.1593011305241521 0.5016700924974307 46.0 78.0 0.0 
56175.0 10315.112458152516 0.3115253461970131 0.3198796041614559 60.0 73.0 0.0 
159070.0 4846.332550789283 0.4258735816196827 6.295589295259257E-9 185.0 85.0 2.1958333333333333 
162810.0 5519.2122189528955 0.38988099638118634 0.04174694995031141 171.0 76.0 1.0476190476190477 
197370.0 5451.751835530694 0.3899017860381935 6.362242775920595E-41 205.0 93.0 2.0563607085346214 
53780.0 9247.281675741526 0.3050859892348297 0.3391138497111082 57.0 69.0 0.0 
84555.94055350733 15315.681855631312 0.06552008592143625 1.924766256184321E-102 84.0 145.0 2.689640768588137 
166910.0 6454.095512989362 0.2582056589626091 0.03018625561978163 161.0 79.0 1.0434782608695652 
