61340.0 9187.948195992964 0.09184328837508028 0.31920359666024406 66.0 98.0 3.2402745995423343 
86825.42825103592 14631.154357137615 0.10020554984562523 0.02248201438844156 94.0 148.0 2.4018525774991293 
73700.0 8581.280756280756 0.10597302504816955 0.17726396917148363 74.0 75.0 0.0 
77680.0 8467.515636093905 0.12138728323699421 0.12010276172125883 96.0 85.0 2.747844827586207 
52050.0 12294.936827838119 0.1348747591522158 0.33269107257546565 46.0 82.0 0.4772727272727273 
99501.71807584086 11635.77436498728 0.16249197174052665 0.0012845215157353885 106.0 104.0 1.075974025974026 
126665.0 5203.188618130105 0.14067391592200307 0.03789420971195615 143.0 83.0 3.0666666666666664 
47665.0 9143.092919623701 0.11175337186897881 0.40976236351958895 54.0 77.0 0.0 
69539.46140882799 13685.236841759022 0.13938799191007195 0.10213645545486458 66.0 111.0 3.8723031354610304 
115330.0 8210.7276113109 0.3269107257546564 0.07514450867052024 120.0 80.0 0.0 
80265.0 9263.662058853259 0.27360308285163776 0.07514450867052024 79.0 71.0 0.0 
80978.75413058707 13015.534341453038 0.13423249839434812 0.036608863198458574 76.0 91.0 0.35151515151515156 
49285.0 12411.043559313712 0.2780989081567116 0.2813102119460501 47.0 64.0 0.0 
69845.0 9381.030114201229 0.3956326268464997 0.14129736673089274 91.0 87.0 3.8392857142857144 
106885.0 6675.984198832219 0.1663599737485712 0.03789338471419396 117.0 81.0 1.0666666666666667 
85790.0 10789.259776811194 0.3063583815028902 0.0674373795761079 100.0 65.0 0.0 
31470.0 11763.205174542933 0.055876685934489405 0.4707771355170199 33.0 63.0 0.0 
69845.0 10082.617588589128 0.4290810061177709 0.141315516681661 75.0 69.0 1.125 
53500.0 10040.649882528254 0.2871274361668294 0.26464542214929243 61.0 74.0 1.2413793103448276 
82355.0 9325.717681941223 0.13166345536287732 0.1348747591522158 89.0 89.0 2.513862781954887 
69938.90777026092 12533.658130004607 0.35131663455362877 0.09248554913294797 63.0 79.0 0.5934065934065934 
58455.0 9505.668449197865 0.147077713551702 0.34232498394348104 83.0 73.0 1.0434782608695652 
88649.84441422182 11410.020106746248 0.18625561978163135 0.05330764290301863 90.0 148.0 3.1817366530410007 
84694.03417796642 18359.715803121944 0.06618453797444075 2.722492615238781E-6 82.0 180.0 4.645870071957028 
85010.0 9038.57818426986 0.25305073859987154 0.05138086062941554 98.0 92.0 1.0 
76340.0 11086.124519858038 0.1798330122029544 0.07129094412331406 85.0 80.0 0.525 
82670.0 11541.572398190043 0.3114964675658317 0.07450224791265253 71.0 65.0 0.0 
90136.9838181078 14991.323799431677 0.05266538214515093 0.0 105.0 189.0 5.027421652421653 
53075.0 11096.901595887395 0.15028901734104047 0.3416827231856134 56.0 71.0 0.0 
94245.0 12011.751536179288 0.19974309569685292 0.03596660244059088 96.0 102.0 1.2929270851547474 
77074.31003355478 10681.838963364064 0.307034549668784 0.10985513451794761 76.0 85.0 2.449094202898551 
90189.99999999999 12141.918101739739 0.2357096981374438 0.011560693641618497 103.0 121.0 2.428571428571429 
80180.0 10961.497255845423 0.26718047527296085 0.048811817597944764 77.0 72.0 0.0 
126665.0 5203.188618130105 0.1406731758401955 0.03789825230696364 143.0 83.0 3.0666666666666664 
69725.0 11928.57543820842 0.18304431599229287 0.13102119460500963 68.0 84.0 0.8350877192982455 
86506.13666771472 12224.901265388853 0.1355170199100835 0.025048169556840076 93.0 126.0 2.555871212121212 
83247.40625682936 10418.269465997939 0.520940381949214 0.057168549930308316 97.0 77.0 1.2962962962962963 
47550.0 10775.610097795921 0.023763648041104687 0.4155427103403982 48.0 75.0 0.5555555555555556 
96357.58915673918 14340.637820426953 0.06294155427103404 0.0038535645472061657 108.0 195.0 4.352807971014492 
53500.0 10040.653654988319 0.28709055876685935 0.26461143224149003 61.0 74.0 1.2413793103448276 
73115.0 8659.415216566033 0.12909441233140656 0.3031470777135517 76.0 90.0 1.3027131782945736 
57915.0 11244.454987434377 0.1457931920359666 0.3243416827231856 63.0 109.0 2.7261904761904763 
102131.1793126464 12587.838279735026 0.2588310854206808 0.0 118.0 134.0 3.913301370705022 
89860.0 8353.956392597041 0.1573538856775851 0.10276172125883108 90.0 77.0 0.6476190476190475 
86825.40749493384 14633.52970692518 0.10020554819245053 0.022482014017536977 94.0 148.0 2.4018525774991293 
93188.95280791663 10948.806810509945 0.28387925497752087 0.025048169556840076 92.0 94.0 1.2764976958525347 
43325.0 10014.654980479341 0.1817597944765575 0.37443802183686575 49.0 72.0 1.4615384615384617 
65025.0 10995.286888269226 0.27681438664097624 0.20616570327552985 57.0 66.0 0.0 
97572.91690332883 10007.546030160085 0.11432241490044959 0.028259473346178548 102.0 134.0 3.9520217569786533 
138890.0 8171.983511750167 0.35388567758509953 0.13680154142581888 127.0 71.0 1.0434782608695652 
84160.0 8257.252732379016 0.2800256904303147 0.10404624277456648 103.0 92.0 2.4924137931034482 
142945.0 9214.179513601193 0.3738388259621846 0.005138086062941554 160.0 125.0 4.510509031198686 
94932.54540617066 16153.31218718816 0.04945407835581246 0.0 108.0 206.0 5.2351515151515144 
34250.0 11883.160596123062 0.08285163776493257 0.44315992292870904 37.0 65.0 0.0 
94645.0 10336.797599563555 0.3114964675658317 0.045600513808606295 85.0 70.0 0.0 
65700.0 9058.91618256981 0.10533076429030186 0.287732819524727 75.0 93.0 3.0411899313501145 
73145.0 12235.028609418992 0.1573538856775851 0.11496467565831728 91.0 105.0 1.9172248803827752 
55965.0 11676.539691446835 0.26718047527296085 0.20745022479126526 56.0 73.0 0.0 
87940.0 11970.950032042256 0.17533718689788053 0.0680796403339756 90.0 92.0 0.4925925925925926 
89583.20862091215 16554.316235186012 0.11369772659491661 3.052491720116209E-6 91.0 197.0 3.913696059552837 
77415.0 8516.573487987422 0.25112395632626844 0.06872190109184328 87.0 70.0 0.0 
112315.00000000001 10753.524445113444 0.17533718689788053 0.006422607578676943 120.0 112.0 3.405747126436782 
91721.80391695695 11856.461844267613 0.1579961464354528 0.0038535645472061657 85.0 127.0 3.4158454106280196 
90618.78250240789 12370.08992578938 0.10598482251616893 0.003894566935987186 103.0 163.0 4.770531400966184 
107390.0 7178.723920028272 0.12138728323699421 0.03789338471419396 126.0 104.0 3.382385730211817 
65040.0 11556.650232902353 0.4714193962748876 0.17276814386640976 67.0 67.0 0.0 
74850.0 9911.88744134651 0.35452793834296725 0.12395632626846499 103.0 75.0 2.5927750410509027 
64595.0 8552.28279942752 0.22093770070648683 0.28837508028259473 90.0 78.0 2.2476190476190476 
73700.0 8581.280756280756 0.10597302504816955 0.17726396917148363 74.0 75.0 0.0 
48975.0 9294.478743446562 0.16634553628773283 0.3834296724470135 55.0 76.0 0.0 
91470.0 10876.33460746468 0.3596660244059088 0.04367373153500321 93.0 100.0 4.1588369901736435 
80578.88129238885 9335.534967434238 0.19588953114964675 0.048811817597944764 97.0 87.0 2.634273772204807 
82340.0 11589.649321266967 0.3262684649967887 0.07257546563904946 71.0 65.0 0.0 
71000.0 11143.935881300918 0.12652536929993577 0.16184971098265896 66.0 79.0 0.0 
103220.0 8485.270501593735 0.11046885035324341 0.15542710340398203 108.0 81.0 1.0714285714285714 
63005.0 11896.028763083026 0.20684030394567557 0.20232286369923222 60.0 65.0 0.0 
94493.05123970174 12225.234319400523 0.06358381502890173 0.0 117.0 159.0 4.873554604768737 
58020.0 10509.128949299493 0.3371868978805395 0.33140655105973027 61.0 71.0 1.125 
110281.6575630632 9313.948817084502 0.1329479768786127 0.0 110.0 121.0 3.1611210494931425 
102828.09505088482 16603.953038041152 0.04629079496801056 6.59998209754856E-7 110.0 202.0 5.419670846394984 
106234.62765919973 12482.345622146933 0.12074502247912652 0.0 132.0 148.0 4.106265049293535 
77240.0 11098.097651683594 0.14129736673089274 0.12267180475272961 86.0 80.0 1.8728853383458648 
80265.0 9263.662058853259 0.27360308285163776 0.07514450867052024 79.0 71.0 0.0 
48240.0 9689.791250149836 0.1233140655105973 0.4039820166987797 68.0 80.0 1.2777777777777777 
59455.0 10385.326674461921 0.15352259606995816 0.20616595077485853 68.0 85.0 2.4417293233082704 
112110.0 8967.48527882816 0.15606936416184972 0.030828516377649325 130.0 92.0 3.466666666666667 
56175.0 11147.622429851792 0.14964675658317278 0.22157996146435452 58.0 69.0 0.0 
86825.39718709982 14638.106103967348 0.1001926782273603 0.0224791265253693 94.0 148.0 2.4018525774991293 
39325.0 12049.87239703949 0.13680154142581888 0.3943481053307643 37.0 64.0 0.0 
90280.48500572579 11534.17074755723 0.21772639691714837 0.008349389852280027 96.0 110.0 3.1205128205128205 
70820.0 10109.571397122307 0.426461143224149 0.15221579961464354 73.0 70.0 1.125 
74550.5344884691 10955.391166039915 0.3551701991008349 0.09120102761721259 96.0 86.0 3.6851190476190476 
80755.0 10551.17074381315 0.302504816955684 0.047527296082209375 78.0 70.0 0.0 
87290.0 10778.760526200964 0.09762363519588953 0.15542710340398203 92.0 93.0 0.8571428571428571 
72915.0 9649.341793476135 0.30764290301862557 0.16506101477199744 91.0 83.0 1.1842105263157894 
78650.0 9223.262018465628 0.19974309569685292 0.06358381502890173 81.0 71.0 0.0 
100200.93007193125 9395.359364337835 0.1682723185613359 0.030828516377649325 107.0 103.0 3.1904761904761902 
110010.0 10579.609951827302 0.35131663455362877 0.02119460500963391 113.0 100.0 1.572463768115942 
39135.0 10141.424055164509 0.16056518946692358 0.3988439306358382 49.0 69.0 1.125 
85515.59901835743 13339.174322577644 0.10854206807964033 0.07385998715478484 106.0 157.0 3.98635477582846 
79676.2828438949 10934.607442837581 0.20874241878618904 0.023763648041104687 102.0 100.0 1.494910394265233 
126665.0 5203.188618130105 0.1406731758401955 0.03789825230696364 143.0 83.0 3.0666666666666664 
61865.0 11821.802046446388 0.37700706486833657 0.17341040462427745 56.0 63.0 0.0 
60020.0 11137.227928588896 0.2813102119460501 0.302504816955684 61.0 72.0 0.0 
92700.15209089952 12737.637373963753 0.1348747591522158 6.422607578676942E-4 98.0 122.0 1.8750374411638853 
88645.0 10709.38382054809 0.29031910500942765 0.08285634025217707 79.0 68.0 0.0 
102925.0 6786.098639024718 0.22671804752729607 0.05330764290301863 122.0 86.0 1.3448275862068966 
55955.0 11527.912676175994 0.2581888246628131 0.3114964675658317 58.0 79.0 2.0 
53035.0 10758.47650627581 0.14388489199065052 0.36549331956565195 53.0 85.0 3.306631299734748 
93796.66025628576 15428.988407584391 0.06872190109184328 0.0 88.0 172.0 4.64546550517228 
108251.42847049836 9751.015890249235 0.13102119460500963 0.0 130.0 119.0 3.7775018740629682 
90556.2883737806 12486.263187067138 0.08479582749131793 1.6994953901187542E-5 105.0 185.0 4.895091892556396 
