0.9994350067074101 -8.862857904856514E-4 -2.689450140155532E-4 0.0016798516410483936 -4.5535760329009647E-4 0.0018991170562620398 -0.0017115339854075773 -1.3884886971732185E-4 -6.372541772582375E-4 -1.7915504580507546E-4 
3.658123975224331E-17 0.004067961265059628 8.28168895934457E-4 9.038575927694528E-4 -3.99076546186935E-4 0.0019524891830949077 -0.0010952093336834394 -1.3592433450034433E-4 -0.0011410744558949578 -3.2196156401075125E-4 
3.658123975224331E-17 0.004067961265059628 8.28168895934457E-4 9.038575927694528E-4 -3.99076546186935E-4 0.0019524891830949077 -0.0010952093336834394 -1.3592433450034433E-4 -0.0011410744558949578 -3.2196156401075125E-4 
0.023249764546704053 3.802796944753247E-4 8.810215022074846E-4 0.0011172253563268787 -7.834515271975448E-4 0.0018989015078495876 -0.001156699347392901 -4.680177589870486E-5 -6.398463748872621E-4 -0.0014000395959072051 
0.0013562599016599675 2.1881388015326656E-4 -1.2492513142260266E-4 0.0023189271683669863 -4.824504908960853E-4 0.0018863544828078775 -0.0012416568134174704 3.109163792884165E-5 -6.464946863128375E-4 -0.0014821943610620354 
0.26612442991194063 4.322231704151199E-4 8.287533817312967E-4 9.702243322057528E-4 -4.143022473714257E-4 0.002180457662680041 -0.0015903820332287132 1.1147545311847773E-4 -0.0011866416037039742 -2.6861936802963704E-4 
0.03539545163870067 4.3405810904043263E-4 -2.776714800634747E-4 0.0016450914393889146 -4.1413935323055483E-4 0.0018716913053655288 -0.0017896790062784714 2.8757726415305826E-5 -6.033059278102615E-4 -2.9082521136163244E-4 
0.946734602015857 4.322231704151199E-4 -2.776714800634747E-4 0.001063572661426353 -4.1413935323055483E-4 0.002176293624727927 -0.0017896790062784714 3.638503154478627E-5 -6.033059278102615E-4 -2.541778774782118E-4 
0.6695023510916236 1.0585018553255264E-4 8.205934685840268E-4 9.24968593388135E-4 -4.012806467145155E-4 0.0018760498764468813 -0.0012420252949245448 2.8367860117533493E-5 -0.0011644590684404988 -2.8823745934070127E-4 
0.2488276870844377 -7.868915988850538E-4 8.16557310277189E-4 9.954387049524378E-4 -7.687260687281643E-4 0.0019058464424530253 -0.0011583547525919917 1.2567007397752228E-4 -6.59572077505149E-4 -3.0296234066890296E-4 
0.11078868270989756 4.916578314333191E-4 7.218346465700288E-4 0.0017050928566743524 -3.994958443244937E-4 0.0018761782676299061 -0.0011386314350088041 2.87475360287067E-5 -6.546906500087152E-4 -2.9074269102691205E-4 
0.6442289107563967 2.2568290053482303E-4 6.139202224186415E-4 0.001713685521317578 -4.0385101421976853E-4 0.0019056276857359262 -0.001163281273013181 2.648224692206274E-5 -0.0011361427639768333 -1.9209165465001836E-4 
0.17451396705585703 2.176514165184906E-4 -1.261836718144725E-4 0.0016324612168617625 -4.824504908960853E-4 0.0018863544828078775 -0.0012416568134174704 1.3064179140208742E-4 -6.446094276685758E-4 -2.901069380321046E-4 
0.7657972781388693 -8.500541794891185E-4 8.790476751109377E-4 0.0010587112120897379 -4.160407495952236E-4 0.0022572876245312854 -0.0012330793638808285 -1.511369991281543E-4 -0.0011211320504001534 -2.7676420235891184E-4 
0.33832938966023357 1.7022357166352723E-4 -2.3866494616052556E-4 9.80836067087048E-4 -4.1124164003279175E-4 0.002180634759261301 -0.001498317628368519 1.201389505920873E-4 -0.0011272562047778744 -2.838816289373375E-4 
0.42702826929021814 -8.532124034024142E-4 -2.3403474296769753E-4 9.583170795414893E-4 -7.85437271323081E-4 0.001968884342022243 -0.001490552024991952 1.437965906299957E-4 -0.0011286229169512974 -3.600525357759474E-4 
0.05389188301320418 5.294464620660194E-4 7.11410255748885E-4 0.0017050928566743524 -3.994958443244937E-4 0.0018757281393428937 -0.001161205886733225 2.87475360287067E-5 -6.546906500087152E-4 -2.9074269102691205E-4 
0.12159444292495158 1.9969437148440887E-4 7.390140446682508E-4 9.702766038879322E-4 -7.989760181212485E-4 0.002159022321332052 -0.0017057624400692245 -5.895943921934585E-5 -0.001137444784387778 -2.6865976197277056E-4 
0.13023615278826134 -8.862857904856514E-4 7.209057935397567E-4 0.0017050976656464295 -4.5535760329009647E-4 0.001875154779121967 -0.0011444760908144334 2.6068556033822272E-5 -6.549508542687522E-4 -3.675496622241836E-4 
0.14081502217367953 -8.62744313001174E-4 6.577591782516622E-4 0.001613511081044192 -5.083871714607549E-4 0.0019078210501175166 -0.0011145161016365398 2.3890560107487304E-5 -6.593608534654367E-4 -3.3171578746019775E-4 
0.3492075699325692 -7.622523741182088E-4 8.165313789005223E-4 9.98306458297356E-4 -7.736510057554569E-4 0.0019062823887573991 -0.0011583547525919917 1.215452201340644E-4 -0.0011379759415423942 -3.169163788342395E-4 
0.20143116896240676 4.4166994931696315E-4 8.172240120634199E-4 0.0010686313840608816 -4.8399719496595723E-4 0.0021579746712340605 -0.001702035101850018 1.1788618748124832E-4 -0.0011433992762406588 -2.816510092990038E-4 
0.9026540505688392 2.834249697418492E-4 -6.325757441003591E-5 0.0010503865733515157 -4.1825476859068747E-4 0.0022011331938226915 -0.0017467540162587902 5.302408576881521E-5 -5.911122046654538E-4 -1.927104637290705E-4 
0.7040248734637325 -8.62744313001174E-4 6.577591782516622E-4 0.0010243819521189395 -5.083871714607549E-4 0.0019078210501175166 -0.0011145161016365398 2.3890560107487304E-5 -6.593608534654367E-4 -3.3320378378078877E-4 
0.5830845219242821 -9.615593851025348E-4 6.434685110936651E-4 0.0017057733246501252 -4.056569893152288E-4 0.0019138223546881375 -0.001241939015714756 2.9966058341046333E-5 -0.0011366682640171232 -3.218466502962798E-4 
0.9806059481387739 -2.973509909999895E-4 6.521679063523473E-4 0.0023189271683669863 -4.035862020557168E-4 0.0019145022139008617 -0.0012416568134174704 2.996995567898544E-5 -6.4643541900635E-4 -4.1435739657763614E-4 
0.015085681329117112 3.2504289386457133E-4 7.729988910684075E-4 9.57604701785461E-4 -7.7547490022104E-4 0.001909063633063302 -0.0016747418033039266 -1.637730695038246E-4 -0.0011365679769757375 -2.876885175592128E-4 
0.5023449446633528 9.750662733854247E-5 -3.817173994258061E-5 0.0016370478208404793 -7.727818701815383E-4 0.0018926714408948988 -0.0013663962868459057 -1.3888132651825635E-4 -0.0011176294099238368 -4.007707536616617E-4 
0.07874354560158799 1.9969437148440887E-4 7.389382083734397E-4 0.0016532702466330838 -4.5479268492129663E-4 0.002261361134538898 -0.001702035101850018 -5.896618905449952E-5 -0.0011361375181337576 -4.26801065954154E-4 
0.45059878526548025 2.7193455740270216E-4 8.725815007640187E-4 9.681750889547298E-4 -7.978462866808242E-4 0.0022541071837248747 -0.0017241003985514576 4.058472275252044E-5 -0.0011354189380908511 0.0015583259129699368 
0.14981086067446833 -5.716273061688111E-4 -4.491622765774757E-5 0.001664424493811188 -4.955359686679609E-4 0.0018970652132295482 -0.0011775034130181872 -1.4335386000549402E-4 -6.745613822417983E-4 -4.019118492293869E-4 
0.4721695287717257 1.3987324301077962E-4 8.07062774783175E-4 0.0010473253158644726 -4.0999989328160133E-4 0.0019090090711595317 -0.0016988437987566596 -1.6013747384061846E-4 -0.0011364051847093768 -2.8779189317273735E-4 
0.3942175091855155 2.054791224071334E-4 8.163295359960808E-4 0.0016606209112414853 -4.122543415221758E-4 0.0018824552645502093 -0.0010905442098005777 -1.3677085959820754E-4 -6.512176689818343E-4 -3.0296234066890296E-4 
0.006638388471552459 -7.705802027821768E-4 -3.2916639420016105E-4 9.554289718273394E-4 -8.009367065334538E-4 0.0018988294853926216 -0.001192053763352065 -1.6488387678298262E-4 -0.0011372163121941118 -2.3406022761759021E-4 
0.36299301021440206 8.711255726993162E-5 -1.2339200459241244E-4 0.001065978670328534 -4.175712529496929E-4 0.0021833409409174596 -0.001105083637634027 4.8949265612743587E-5 -0.00111585916355496 -2.5335247479361467E-4 
0.21460887262852257 4.4166994931696315E-4 -2.0083385207252385E-4 9.721814740911238E-4 -4.171179635463412E-4 0.001936418497863738 -0.0012453656098915845 -1.3413038328373726E-4 -0.0011449514191148097 -2.806062588018581E-4 
0.23441674413235639 4.3165643489532504E-4 3.1902958561765005E-5 9.90363644187653E-4 -4.176251225753011E-4 0.0019132198117139815 -0.0015008106712838035 4.397402932678013E-5 -0.001133982452448109 -2.678049301822287E-4 
0.5633406239213006 1.9969437148440887E-4 7.761320909992094E-4 9.702041774441461E-4 -7.848331720366424E-4 0.00227020379890328 -0.0016986296890433412 1.3656836068379582E-4 -6.996543612403793E-4 -2.742581710695552E-4 
0.7741520064190256 -8.824085473771691E-4 -1.432964484534991E-4 9.637103671431605E-4 -4.231241274578464E-4 0.0019694182571254404 -0.0011789529189247196 -1.494595774589035E-4 -0.0011617313512967257 -3.513368069972927E-4 
0.5297246927920671 4.2853836421728145E-4 7.766383830965703E-4 9.693090128119929E-4 -7.849158365031252E-4 0.002270262421981047 -0.0016985486457287158 -4.593083775156241E-5 -6.78412377155089E-4 -0.0013688731529384963 
0.31903609088313367 3.242091483065666E-4 8.603585960285623E-4 9.796333553146594E-4 -5.08271946321355E-4 -7.878996694872702E-4 -0.0012703407730099306 -4.595981329573402E-5 -0.0011494514522204782 -2.8799704583312583E-4 
0.039993062026957404 4.34417442789081E-4 8.2888092633986E-4 0.0010107504373665134 -4.1732370435584767E-4 0.002181287805435975 -0.0015987241474919572 -5.740421021278145E-5 -0.0011879960187966753 -2.8110762149863533E-4 
0.8908196658288801 2.0293197071946943E-4 7.600009137617911E-4 0.0010342122770976168 -4.8282827497979374E-4 0.0019078210501175166 -0.0011145423552863997 4.0993142288163747E-5 -6.278876852116838E-4 -3.0135951908666966E-4 
0.4657786160232428 1.3987324301077962E-4 8.072639763644494E-4 0.0010473253158644726 -4.0999989328160133E-4 0.0019090090711595317 -0.0016988437987566596 -1.6013747384061846E-4 -7.167842955210689E-4 -2.8779189317273735E-4 
0.31864025304811744 3.2765204214071675E-4 8.810259231947101E-4 0.0011208993790460281 -7.834515271975448E-4 0.0018989015078495876 -0.0012682870809963582 -4.680177589870486E-5 -6.398463748872621E-4 -0.0014000395959072051 
0.38568501654545534 2.47894508309488E-4 8.163295359960808E-4 9.990698230518803E-4 -4.122543415221758E-4 0.0018824552645502093 -0.0010905442098005777 -1.3713958582711668E-4 -0.0011619415775501211 -3.0296234066890296E-4 
0.046014347227310015 4.925833285243988E-4 -1.8789875836376977E-4 0.0017050928566743524 -4.0427561656677843E-4 0.0018761367662915765 -0.0012670947310101243 4.2782732665683126E-5 -0.0011373462148499948 -2.6783338787412906E-4 
0.8464204552622675 4.4240470983898677E-4 6.608158883537346E-4 0.0011173490928708446 -7.832843204054613E-4 0.0018990766507801875 -0.0011623809332364557 -4.655061668249385E-5 -6.35407675497611E-4 -3.617931888613054E-4 
0.9212977053800832 -0.0011720588509822657 8.020969924935381E-4 0.0017004090999559556 -4.656354554504308E-4 0.0018976191897472664 -0.0017192868881364025 2.9584453541061203E-5 -0.001120622845480192 -3.4020856487966425E-4 
0.6086963308705337 0.004347795279504842 6.434685110936651E-4 0.0010669214391573593 -4.039105337754324E-4 0.0019524976848167759 -0.0017124463556789878 2.7116182958437377E-5 -6.246439370054622E-4 -3.225391109643916E-4 
0.6904656228839156 5.044538007032602E-4 8.020969924935381E-4 0.0017117231320752688 -4.6647631046931997E-4 0.001898206146102174 -0.001159141242672531 5.9598252069251256E-5 -0.0010989293445690478 -3.027039187765491E-4 
0.18924848304733186 -9.452821721304981E-4 7.390140446682508E-4 9.702766038879322E-4 -4.188321289952155E-4 0.002159022321332052 -0.0017057624400692245 -5.895943921934585E-5 -0.001137444784387778 -2.7669824199005297E-4 
0.8583139665521325 1.4339851395841753E-4 6.487913369010127E-4 8.491841111819382E-4 -7.99762949691355E-4 0.0018993253642254607 -0.0012420241916116907 -1.4980235807176645E-4 -0.0011302839486779569 -2.851048342480407E-4 
0.7230668735652741 9.599701382836641E-5 -3.167040721873786E-4 0.001610682975928244 -7.762697576886605E-4 0.0019458730688829524 -0.0017040436310707644 1.4968207291134745E-4 -6.119064094290669E-4 -2.701108861448897E-4 
0.8791233737579092 2.780801650165239E-4 8.146797720695896E-4 9.031703401371314E-4 -7.855150859035087E-4 0.0018831398257600667 -0.0017053176617976078 5.390516700460783E-5 -0.0011433890933695466 -0.0015270993690797278 
0.5952066196059942 -8.62744313001174E-4 6.577591782516622E-4 0.0023456424746445166 -5.083871714607549E-4 0.0019075417448895017 -0.0011145161016365398 2.3890560107487304E-5 -6.563265261149559E-4 -3.3171578746019775E-4 
0.9806059481387739 -2.973509909999895E-4 6.521679063523473E-4 0.0023189271683669863 -4.035862020557168E-4 0.0019145022139008617 -0.0012416568134174704 2.996995567898544E-5 -6.4643541900635E-4 -4.1435739657763614E-4 
0.7402923381505166 1.0586899114469795E-4 7.397706535674325E-4 0.0023058106029965643 -7.989760181212485E-4 0.002177792719953952 -0.0012156853276958845 -5.896618905449952E-5 -0.0011375360188171867 -2.8144454291378966E-4 
0.29420930669709094 -8.405989697420897E-4 6.250903277791721E-4 0.0010622629695205973 -7.912944986227747E-4 0.001954801633087781 -0.001125929042986062 -1.6872243800405192E-4 -0.0011162476002293579 -3.590399108094896E-4 
0.0894550723275308 2.486567661836915E-4 2.8549446206460073E-5 0.0010099449343345026 -7.791746773861924E-4 0.001942940170579671 -0.0017051880730874344 -5.756722810438555E-5 -0.0011452131252744947 -3.5860908735690586E-4 
0.7402923381505166 1.0586899114469795E-4 7.397706535674325E-4 0.0023058106029965643 -7.989760181212485E-4 0.002177792719953952 -0.0012156853276958845 -5.896618905449952E-5 -0.0011375360188171867 -2.8144454291378966E-4 
0.8135585344879088 3.361772872134299E-4 7.546678454529885E-4 9.710301713787263E-4 -4.699168693896801E-4 0.0019109933734602284 -0.0011772657735241582 2.2049289041055435E-5 -6.907315597327404E-4 -4.1140131419687684E-4 
0.8001186238021546 -0.0011687383411711758 8.939744629800346E-4 0.0017050929371507733 -4.600934729023584E-4 0.0018765228671621921 -0.0011387681750800298 3.111057493379484E-5 -6.463619530030303E-4 -2.9074269102691205E-4 
0.07549568855527797 1.9969437148440887E-4 7.393330988322433E-4 0.00228196852477245 -4.5503845133001796E-4 0.002261361134538898 -0.001702035101850018 -5.896618905449952E-5 -0.0011361375181337576 -2.823802516242292E-4 
0.5163386310994389 2.9128702678615206E-4 7.86576631770097E-4 0.002296186282999239 -7.508792654325729E-4 0.0019128845967976795 -0.0017005043467795225 1.26422697648567E-4 -0.001120873502787652 -0.0013113263435940042 
0.6843731759731407 1.9969437148440887E-4 7.393330988322433E-4 0.0023786225013101552 -7.78472846692958E-4 0.0022473380232460776 -0.0011660957489636908 -5.896618905449952E-5 -0.0011660690513968775 -2.830911408338935E-4 
0.568173650386857 1.7338257480178657E-4 6.232033192983828E-4 9.7029935138114E-4 -5.031380601356525E-4 0.0019669627664263114 -0.0011789529189247196 -1.5097173530107243E-4 -0.0011614624363534283 -3.513368069972927E-4 
0.281940285421905 4.322231704151199E-4 8.287533817312967E-4 9.702243322057528E-4 -4.143022473714257E-4 0.002180457662680041 -0.0015987016108180725 1.1147545311847773E-4 -0.0011879960187966753 -2.6864705151113645E-4 
0.938868842552185 2.780801650165239E-4 7.596881080184468E-4 0.0010319603931262988 -7.908825972100162E-4 0.0018831398257600667 -0.0011174254233919899 3.932975081889606E-5 -0.0011433890933695466 -0.001531988276494679 
0.5456210100310518 -2.6166721007812036E-4 -7.740720580232151E-5 9.200410780904338E-4 -7.854488821249933E-4 0.0021777546778756446 -0.0017019493348230297 1.2039703259337917E-4 -0.0011425186550906522 -3.2834207749509934E-4 
0.0037931408335402303 1.9969437148440887E-4 7.390140446682508E-4 9.702766038879322E-4 -4.959511892848852E-4 0.002159022321332052 -0.0017057624400692245 3.2701312839185754E-5 -6.51806778848453E-4 -2.912514685688512E-4 
0.0676786802526021 -8.64870268949085E-4 8.149498121922294E-4 0.0016996791546917808 -4.100473290907366E-4 0.002257096842994124 -0.0017027626181892195 3.2848676882687556E-5 -6.414664362194468E-4 -0.001515667165848601 
0.2290952890694849 8.711255726993162E-5 -1.2339200459241244E-4 9.604092655514651E-4 -4.175712529496929E-4 0.0021698776652033266 -0.001802464040654271 4.8949265612743587E-5 -0.0011506323989473647 -2.5335247479361467E-4 
0.4894160559064474 4.3165643489532504E-4 2.4661831190392705E-5 9.90363644187653E-4 -7.547231609916891E-4 0.0019132198117139815 -0.0015008106712838035 4.363176942108163E-5 -0.0011191424167502708 -2.678092786471766E-4 
0.8698857308998036 2.780801650165239E-4 8.146797720695896E-4 9.031703401371314E-4 -7.855150859035087E-4 0.0018831398257600667 -0.0017053176617976078 5.390516700460783E-5 -0.0011433890933695466 -0.0015270993690797278 
0.002928448611542872 -8.728129622450308E-5 7.121611274653359E-4 0.0016523711041351815 -3.98531814528308E-4 0.0018993323538193817 -0.0011603740390216967 -1.356523133651609E-4 -0.0011159737401483 -4.2348525044456355E-4 
0.40899946850090646 1.9434759594887005E-4 7.394987572035861E-4 0.0010177215512653984 -4.551289836790236E-4 0.002174255668722686 -0.0016016199308606894 1.2005329215573711E-4 -0.0011272562047778744 -2.8234791067845773E-4 
0.20967016405913896 2.791908122871095E-4 -1.1360576873709581E-4 0.001028392726988141 -4.1771201015258037E-4 0.0018831398257600667 -0.0012495935754200825 5.38597197901046E-5 -0.001090442488700691 0.0014193635905662505 
0.7173994892401079 -9.274311099944504E-4 -3.167040721873786E-4 9.73740035222936E-4 -7.762697576886605E-4 0.0019458730688829524 -0.001705627823294951 -1.581283309161551E-4 -6.119064094290669E-4 -2.701108861448897E-4 
0.7896731345953606 4.735280611870514E-4 -2.4659781581631027E-4 0.0017050928566743524 -4.159989024543494E-4 0.00217766734141518 -0.0012401260124988128 3.126171861591989E-5 -6.039101241471374E-4 -2.918594689279075E-4 
0.1589623924055525 1.0048337783095137E-4 -8.68643015693719E-5 0.0016382388029634251 -7.923958901446249E-4 0.001897668870694674 -0.0012034707923263303 1.34107552598245E-4 -0.0011138728774752011 -2.77224689198034E-4 
0.9982454147416312 -9.328807741257604E-4 -2.689450140155532E-4 0.0016979558625206705 -4.5535760329009647E-4 0.0018991170562620398 -0.0017115339854075773 -1.3884886971732185E-4 -0.0011441186535518187 -1.7915504580507546E-4 
0.4207587828333955 2.7193455740270216E-4 8.725815007640187E-4 9.681750889547298E-4 -7.978462866808242E-4 0.0022541071837248747 -0.0017241003985514576 4.058472275252044E-5 -0.0011354189380908511 0.0015583259129699368 
0.0676786802526021 -8.64870268949085E-4 8.149498121922294E-4 0.0016996791546917808 -4.100473290907366E-4 0.002257096842994124 -0.0017027626181892195 3.2848676882687556E-5 -6.414664362194468E-4 -0.001515667165848601 
0.5439923559743227 -7.564824533466941E-4 -2.3403474296769753E-4 9.599721170646263E-4 -7.415255641214411E-4 0.0019692711274551904 -0.0016990152043248887 1.3741828899939513E-4 -0.001122501998220202 -2.3086138103956515E-4 
0.9257549486665337 -0.0011672496202186871 8.694799393820073E-4 0.0017050928566743524 -4.041881034389257E-4 0.0018761367662915765 -0.001138328127730952 3.126171861591989E-5 -6.546906500087152E-4 -2.7632878181873004E-4 
0.009608141897067768 -8.914341834840351E-4 -1.37394285989098E-4 0.001695777009184601 -7.746645473892713E-4 0.0018968275131888421 -0.001827081213584109 -1.6386934478371224E-4 -0.0011366811358631268 -3.459159347806282E-4 
0.37422306800305916 1.4736861464220716E-4 2.8549446206460073E-5 0.0016714960225241075 -7.791746773861924E-4 0.001938943983158621 -0.0011357426015720696 1.1618803535106027E-4 -6.344892167062079E-4 -3.5860908735690586E-4 
0.013224993034090582 0.004104006373212376 8.228867788194888E-4 9.04119649904416E-4 -3.99076546186935E-4 0.001912507053712656 -0.0014811145230565238 1.3149101223292677E-4 -0.0011410744558949578 -3.6940834014968945E-4 
0.09763279187006295 2.2760686499099072E-4 6.590098931447556E-4 9.650579384003292E-4 -8.026538129508335E-4 0.0018926387609219744 -0.0013204754150377262 -1.3262792974960209E-4 -0.0011211360775291068 -2.813979826032577E-4 
0.1589623924055525 1.0048337783095137E-4 -8.68643015693719E-5 0.0016382388029634251 -7.923958901446249E-4 0.001897668870694674 -0.0012034707923263303 1.34107552598245E-4 -0.0011138728774752011 -2.77224689198034E-4 
0.6293338577066677 -6.819926890853378E-4 -4.491622765774757E-5 0.0016772748291116082 -4.257785592600963E-4 0.0019589726757317685 -0.0013831264827820773 -1.4762935245325547E-4 -0.0011088997155329166 -3.98580575525859E-4 
0.09763279187006295 2.2760686499099072E-4 6.590098931447556E-4 9.650579384003292E-4 -8.026538129508335E-4 0.0018926387609219744 -0.0013204754150377262 -1.3262792974960209E-4 -0.0011211360775291068 -2.813979826032577E-4 
0.050970652011947906 2.121916450296989E-4 7.487102715490135E-4 0.002295584529330311 -8.01287216607468E-4 0.0019365301584076085 -0.0012467286724142904 3.096965313855611E-5 -6.066271927097045E-4 -3.063762148781613E-4 
0.6344725296739984 -7.0113216429789E-4 8.593452957005831E-4 0.0016775921128970581 -4.253810470742623E-4 0.001875704408281512 -0.0011432368756984787 -1.5733813264360156E-4 -0.0011119415996462456 -3.9830847217938906E-4 
0.5225364064221855 4.3197768254276477E-4 7.766383830965703E-4 0.0016998758045844806 -7.846669061317286E-4 0.0018997875607905377 -0.0016985486457287158 -4.6069285265277805E-5 -6.791884635881091E-4 -0.0013688731529384963 
0.6293338577066677 -6.819926890853378E-4 -4.491622765774757E-5 0.0016772748291116082 -4.257785592600963E-4 0.0019589726757317685 -0.0013831264827820773 -1.4762935245325547E-4 -0.0011088997155329166 -3.98580575525859E-4 
0.30116878377038747 -2.4422380907912673E-4 6.139202224186415E-4 9.47966262429589E-4 -7.992708074767863E-4 0.001918407619417215 -0.0017049904732085145 6.064656280913893E-5 -0.0011361427639768333 -3.42440255382778E-4 
0.28318520696983174 4.3165643489532504E-4 3.1902958561765005E-5 9.90363644187653E-4 -4.143829446150871E-4 0.0019132198117139815 -0.0016004925800284628 1.1058158271023925E-4 -0.001133982452448109 -2.6778267977780413E-4 
0.30116878377038747 -2.4422380907912673E-4 6.139202224186415E-4 9.47966262429589E-4 -7.992708074767863E-4 0.001918407619417215 -0.0017049904732085145 6.064656280913893E-5 -0.0011361427639768333 -3.42440255382778E-4 
