4190873.7699982403 13299.089157183105 0.47372789398317766 0.03881400620295638 4974.0 222.0 9.00015065913371 
3326861.3259912455 16107.90652796477 0.23600198216050758 0.19350708654515136 3625.0 236.0 6.606973569968165 
4989072.249162759 17184.90531988508 0.4927818754219155 0.08028407762450315 5562.0 183.0 1.5840363400389357 
1283250.0 22902.432847816966 0.3209901800327332 0.5185877951835398 1082.0 125.0 0.0 
1333921.3995637125 24505.279589135193 0.08963642740238485 0.5882043488426467 1235.0 194.0 6.346520433476956 
4207179.849133244 29437.039593738977 0.076397727654789 0.0 4540.0 596.0 7.0795816840880015 
900380.0 15984.95199712563 0.08291442599953239 0.6527063362169745 739.0 135.0 4.547554347826087 
4003768.9769255323 26782.498316866808 0.06929506663549216 0.0 4306.0 619.0 8.374518255578092 
1528105.0000000002 15263.864268158999 0.1528524666822539 0.54249473930325 1410.0 170.0 8.016826923076923 
1571705.0 15213.326986280596 0.30614332476034606 0.47007248071077856 1378.0 134.0 6.5071364046973805 
3237892.85628117 17602.58760387322 0.3962181435585691 0.2337210661678747 3609.0 171.0 2.4377192982456144 
2030671.542313042 28995.84773151147 0.14621899994391216 0.39259641699715775 1888.0 262.0 7.423054205636041 
3870056.83046544 34242.95156393933 0.034311633806603965 0.0 3849.0 710.0 9.797394496693848 
4917335.409545758 13731.307591651765 0.2096398232871651 0.0 5207.0 340.0 8.975841488528056 
2223430.8041595602 25642.670708404017 0.4507856647920056 0.2647317940163548 2017.0 197.0 2.4361416361416364 
2632795.0 16454.77034463269 0.36810264203881227 0.30018120177694646 2399.0 170.0 8.085128205128205 
2557119.0839757323 19865.87278082375 0.21034019172317045 0.41916062660743514 2201.0 168.0 3.2521008403361344 
1681380.0 16908.93730222515 0.3736555997194295 0.4739303249941548 1638.0 139.0 2.5 
3207031.0374351167 19035.269445038528 0.27454991816693947 0.2713350479307926 2933.0 239.0 8.136657755198573 
4139482.546751102 30445.686121445055 0.12324718130137065 0.0 4370.0 543.0 6.42401326005731 
4652285.097221447 12398.368759023388 0.49120294599018005 0.040711947626841244 4528.0 183.0 8.797147950089126 
4197669.755969552 19385.354271308363 0.28609490791395864 0.1508066401683423 4283.0 220.0 1.8610480207657365 
924339.9999999999 18079.633010811107 0.09811199438859013 0.668926817862988 794.0 143.0 2.1818181818181817 
2739383.7284712708 22584.48795368416 0.2378711713818097 0.30111643675473465 2634.0 266.0 4.17820823244552 
3247340.0 17652.610412122944 0.4362604139199635 0.19616668322960215 2808.0 134.0 2.108695652173913 
1506092.7869987932 23143.03106171587 0.16787569873317065 0.5153467188561118 1403.0 182.0 2.008568429621061 
487010.0 21612.63892624676 0.08484334814122048 0.7472235211596914 420.0 115.0 0.0 
4827409.798767543 16216.31040227199 0.3423258099912266 0.015635959784895955 5289.0 275.0 8.918280644886824 
1030930.0 16426.221063816283 0.07768340941904033 0.6576786163117625 899.0 142.0 4.404255319148936 
4120908.6040212912 31349.918128137622 0.12006151068027415 0.0 4302.0 548.0 7.016605852649903 
2847083.064622802 25522.580869129986 0.3676057984568623 0.2620119242459668 2683.0 217.0 5.4744326554671385 
1623030.0 23333.17269389458 0.3104998888834465 0.4599048315863642 1431.0 161.0 0.47115384615384615 
3480169.133606801 11720.409734535659 0.4348842646714987 0.179448211363105 3893.0 199.0 7.869084461637653 
2557119.082779488 19870.03087788035 0.2103414212075738 0.41916307669293085 2201.0 168.0 3.2521008403361344 
4316078.52067332 26148.65709468327 0.04860299275192892 0.0 4612.0 667.0 9.854147222073307 
1030165.0 22331.154482790047 0.16150339022679447 0.6464519523030161 907.0 133.0 2.0 
1147030.0 21295.04914409243 0.18175707271451952 0.6124912321720832 1100.0 137.0 2.0 
4209478.656891886 25912.873746229943 0.25859247135842883 0.042027121814355854 4432.0 480.0 8.934959044334494 
2004104.9999999998 18032.931701161084 0.19231020645552668 0.516629687265361 1809.0 142.0 2.0806451612903225 
1607609.1256403814 16093.211764679181 0.3011456628477905 0.446282440963292 1486.0 153.0 5.770411070411071 
1544727.5 17001.311253197473 0.23863104980126257 0.5241992050502688 1446.0 150.0 3.8620460040250144 
1899537.6097274744 17805.670263777236 0.31844750993687165 0.42518120177694646 1660.0 161.0 7.738194444444445 
4515515.822926853 33352.62274175103 0.16822626681172495 0.0 4210.0 641.0 10.64697655794623 
4634815.648102151 22570.703747845564 0.23760813654430676 0.0 5241.0 405.0 7.490303994284024 
4758623.751466075 19857.564451446207 0.5276478840308627 0.029956745382277297 4431.0 242.0 8.939629211368342 
3363700.0 18460.131726722906 0.44976034603694176 0.24500233808744448 2730.0 138.0 4.1875 
3357694.6168212215 18703.31117372345 0.3868365676876315 0.22901566518587796 3799.0 183.0 4.546757164404223 
1685715.1873058863 25717.301091962818 0.11985696065800339 0.45689418338896054 1469.0 248.0 6.079049422799423 
4312553.964294681 17011.255973771786 0.42833761982698154 0.10033317746083703 4311.0 197.0 5.094328126730918 
4676708.77245201 26348.336958277618 0.12824409632920272 0.0 4746.0 515.0 9.278664213695258 
828919.9999999999 22141.520438835112 0.21384732288987607 0.6393207855973814 740.0 133.0 3.0 
1697359.2318368584 24565.267835264356 0.128829371221757 0.45689418337335014 1428.0 228.0 6.079049422799423 
4402463.876499816 19339.81718879782 0.2164776712649053 0.0 5113.0 427.0 8.55531077588886 
2557119.082779488 19870.03087788035 0.2103414212075738 0.41916307669293085 2201.0 168.0 3.2521008403361344 
2650495.0 20483.85997999378 0.3014379237783493 0.4386252045826514 2281.0 125.0 2.0 
4849739.040976097 26415.109639942584 0.1970423193827449 0.0 4948.0 519.0 7.841608009729282 
929220.0 22223.61609754698 0.22869417816226326 0.6295008183306056 794.0 122.0 0.4236453201970443 
4428537.60086582 24395.840350726092 0.2574261320999882 1.4691629663348756E-7 4539.0 461.0 9.465933685024705 
1972445.0000000002 15403.154047432303 0.33487257423427635 0.4375730652326397 1708.0 133.0 6.683333333333334 
4690420.252108316 22942.63785556649 0.5709049672140226 0.03729472103369596 4861.0 227.0 4.425911355887752 
2320288.073413576 22709.779401428405 0.23801730184708908 0.35629530044423663 2216.0 212.0 5.234601208904614 
3247340.0 17652.610412122944 0.43626044108261586 0.1961666832282162 2808.0 134.0 2.108695652173913 
3610312.090607455 24026.257679700655 0.4068003499846852 0.13216145845433996 3955.0 351.0 6.392753623188406 
2665712.293237789 23189.844027285657 0.27098433481412204 0.2794891278933832 2719.0 249.0 7.415043535699273 
4230641.460365388 25697.108709902357 0.3986146831891513 0.0 4583.0 432.0 8.571108752358754 
4146357.9489659346 27968.2752215999 0.028495755916189427 0.0 4747.0 753.0 10.606828962852672 
2624717.821207272 22716.62275741798 0.39613180598007386 0.31617114869110013 2423.0 183.0 2.4456521739130435 
3908736.4932089243 19073.13131189978 0.4634089314940379 0.16255552957680616 3681.0 172.0 7.90625 
838060.0 21259.035483493684 0.17357376665887303 0.6522679448211363 712.0 121.0 0.0 
726165.0 19541.889410550142 0.07353285012859481 0.6920446574701894 660.0 136.0 5.162162162162162 
994425.0 20335.95983217705 0.18275075987841946 0.6200315641805003 893.0 144.0 1.5787878787878789 
3428951.4359833207 17929.13355692815 0.22062915596201874 0.19350709321420706 3876.0 313.0 7.147893150264708 
832605.0 22116.46382450458 0.17073883563245265 0.668225391629647 675.0 127.0 0.0 
4283858.063910176 29672.97507032514 0.09586158522328735 0.0 4474.0 607.0 9.648743887733815 
2669250.1129531655 18109.66580193195 0.21212422331404715 0.41749717965288086 2321.0 165.0 4.2521008403361344 
2589692.552934332 26490.145130989844 0.4003390226794482 0.24023848491933597 2567.0 216.0 5.954700854700855 
2746288.5249365587 19185.266697618496 0.2925239653963058 0.39782557867664253 2633.0 155.0 4.233653846153846 
3286481.880763322 21452.097243950953 0.3372106616787468 0.22869417816226326 3075.0 219.0 5.358517607585039 
4031323.1509914855 23637.66895166196 0.4146013560907178 0.09212064531213468 4554.0 267.0 3.224789407780529 
2624775.0000000005 16134.65736726152 0.3077215337853636 0.3640402151040449 2673.0 162.0 7.1923076923076925 
1308605.0 20783.65642339509 0.2713350479307926 0.5492167407061024 1138.0 118.0 0.0 
4301271.767389229 25367.293885266707 0.16702712181435586 0.0 4474.0 471.0 9.400144454822504 
4661113.414768412 19426.693946501353 0.22042319382744915 0.0 4989.0 389.0 9.65172510848394 
4870722.023946476 20794.20264885706 0.2977554360533084 0.0 5301.0 353.0 7.0604919447755154 
2169775.0000000005 14932.611571732508 0.31260229132569556 0.40802548515314474 2038.0 152.0 6.378888888888889 
1749199.999999999 20280.383594131523 0.2679448211363105 0.468494271685761 1756.0 140.0 6.3076923076923075 
1997315.0 20608.0589534788 0.1812017769464578 0.5203705868599485 1720.0 132.0 2.8285714285714283 
1030930.0 16426.221063816283 0.0776834094190404 0.6576786163117623 899.0 142.0 4.404255319148936 
1013430.0 19298.413577157953 0.11707972878185643 0.6253214870236147 944.0 148.0 4.2001287001287 
5115730.943767355 19780.75651221884 0.49921089548749126 0.03223638064063596 5306.0 226.0 4.315156894350128 
4433928.208747897 35612.7849577992 0.14972614990223712 0.0 4095.0 689.0 10.945803537418373 
910395.0 19771.226393591536 0.09109773205517886 0.6717617488894084 792.0 139.0 3.085106382978723 
4403658.451915187 26259.091030522915 0.19546411035772737 0.0 4613.0 480.0 8.344648238815036 
4614282.973871219 21687.856468377388 0.12052840776245032 0.0 5168.0 499.0 9.363891989777 
2062521.740837119 27488.686337200703 0.1465104044891279 0.395019873743278 1904.0 259.0 7.462736745318581 
1030930.0 16426.221063816283 0.07768340941904033 0.6576786163117625 899.0 142.0 4.404255319148936 
4320829.903320884 24794.760767940264 0.09957329904138415 0.0 4781.0 572.0 9.838796665880293 
935505.0 22981.199141534922 0.1949699017165349 0.6149477714039865 870.0 137.0 2.0 
3514836.7792066406 22539.364387259782 0.38163432312368484 0.1478548047696984 3747.0 240.0 6.456043956043956 
1506025.0 21948.938002329192 0.28606499883095626 0.5073649754500819 1428.0 131.0 0.0 
4204828.429156842 22339.537898961382 0.39765022211830725 0.015022211830722469 4508.0 328.0 6.869979001557949 
2699514.9578473307 20901.953179080363 0.3027823240589198 0.3140051437923778 2536.0 285.0 5.75002035002035 
2327104.412694657 21612.30007633387 0.2674479775543605 0.340337853635726 2115.0 169.0 7.8925531914893625 
679835.0 20069.17107085739 0.13142974047229367 0.6859071779284546 594.0 126.0 1.0666666666666667 
4971577.551042519 14457.048341791658 0.4707739069441197 0.0342529810614917 5442.0 212.0 8.884234501881561 
3477006.266917293 16616.26711863896 0.44447042319382746 0.2513444002805705 3393.0 134.0 4.379166666666666 
3229629.3753414084 26533.32507333 0.40387537993920974 0.18231236848258126 3324.0 339.0 6.521325051759835 
2018260.0 18037.962740158982 0.3026654196866963 0.4581774608370353 1738.0 137.0 2.2 
4189362.9997362276 28243.706426003642 0.05146714987140519 0.0 4283.0 687.0 10.154315515161976 
1017585.0 19523.095563814608 0.12178584162456021 0.6433577469837879 934.0 131.0 2.6923076923076925 
1342157.0278932524 23356.639445458684 0.29740718839709485 0.5328523548892021 1209.0 127.0 0.0 
4878320.8300238075 24471.67191464966 0.2772971709141922 0.0 5590.0 373.0 9.50644601136143 
