43895.0 7832.376122209822 0.14195786228160331 0.4933196300102775 62.0 78.0 0.25555555555555554 
52170.0 9620.899125022454 0.3532887975326531 0.34686536485024116 51.0 68.0 0.0 
60330.0 8969.771994472594 0.11112538540572543 0.2974049331956698 54.0 68.0 0.0 
75925.0 9320.06285046018 0.49653134635099466 0.09442446043147497 80.0 66.0 0.0 
44745.0 8645.053755674562 0.19270298047235623 0.4952466598139555 48.0 71.0 0.0 
52170.0 9620.899125022454 0.3532887975326531 0.34686536485024116 51.0 68.0 0.0 
60330.0 8969.771994472594 0.11112538540596092 0.2974049331963 54.0 68.0 0.0 
44745.0 8645.053755674562 0.1927029772931741 0.49524665164345744 48.0 71.0 0.0 
52170.0 9620.899125022454 0.3532887975326531 0.34686536485024116 51.0 68.0 0.0 
44745.0 8645.053755674562 0.19270298047235623 0.4952466598139555 48.0 71.0 0.0 
43895.0 7832.376122209822 0.14195786228163595 0.49331963001028434 62.0 78.0 0.25555555555555554 
52170.0 9620.899125022454 0.3532887975326531 0.34686536485024116 51.0 68.0 0.0 
60330.0 8969.771994472594 0.11112538540572543 0.2974049331956698 54.0 68.0 0.0 
44745.0 8645.053755674562 0.19270298047235623 0.4952466598139555 48.0 71.0 0.0 
52170.0 9620.899125022454 0.3532887917041525 0.3468653591277134 51.0 68.0 0.0 
44745.0 8645.053755674562 0.1927029804727646 0.49524665981500504 48.0 71.0 0.0 
43895.0 7832.376122209822 0.14193962748876043 0.4932562620423892 62.0 78.0 0.25555555555555554 
52170.0 9620.899125022454 0.3532887917041525 0.3468653591277134 51.0 68.0 0.0 
44745.0 8645.053755674562 0.19270298047235623 0.4952466598139555 48.0 71.0 0.0 
47225.0 8199.949360793009 0.13937058445728967 0.3615928066795119 65.0 84.0 0.7059314954051795 
43895.0 7832.376122209822 0.14195786228163595 0.49331963001028434 62.0 78.0 0.25555555555555554 
52170.0 9620.899125022454 0.3532887917041525 0.3468653591277134 51.0 68.0 0.0 
60330.0 8969.771994472594 0.11112538540572543 0.2974049331956698 54.0 68.0 0.0 
44745.0 8645.053755674562 0.1926782273603083 0.4951830443159923 48.0 71.0 0.0 
52170.0 9620.899125022454 0.35324341682723187 0.3468208092485549 51.0 68.0 0.0 
44745.0 8645.053755674562 0.1927029772931741 0.49524665164345744 48.0 71.0 0.0 
43895.0 7832.376122209822 0.1419578599393049 0.4933196218705257 62.0 78.0 0.25555555555555554 
52170.0 9620.899125022454 0.3532887917041525 0.3468653591277134 51.0 68.0 0.0 
44745.0 8645.053755674562 0.1927029772931741 0.49524665164345744 48.0 71.0 0.0 
43895.0 7832.376122209822 0.14193962748876043 0.4932562620423892 62.0 78.0 0.25555555555555554 
43895.0 7832.376122209822 0.14193962748876043 0.4932562620423892 62.0 78.0 0.25555555555555554 
52170.0 9620.899125022454 0.3532887975326531 0.34686536485024116 51.0 68.0 0.0 
44745.0 8645.053755674562 0.1927029772931741 0.49524665164345744 48.0 71.0 0.0 
43895.0 7832.376122209822 0.14193962748876043 0.4932562620423892 62.0 78.0 0.25555555555555554 
43895.0 7832.376122209822 0.1419578599393049 0.4933196218705257 62.0 78.0 0.25555555555555554 
159070.0 4558.469236471458 0.42587358684480975 0.0 185.0 81.0 2.0625 
159070.0 4558.469236471458 0.42587358684480975 0.0 185.0 81.0 2.0625 
159070.0 4558.469236471458 0.42587358684480975 0.0 185.0 81.0 2.0625 
159070.0 4694.326724788834 0.4258735868448098 1.0387693989160876E-16 185.0 81.0 2.125 
159070.0 4694.326724788834 0.4258735868441387 8.086819770561742E-13 185.0 81.0 2.125 
159070.0 4694.326724788834 0.4258735868448098 1.0387693989160876E-16 185.0 81.0 2.125 
159070.0 4558.469236471458 0.4258188824662813 0.0 185.0 81.0 2.0625 
159070.0 4558.469236471458 0.42587358684390725 0.0 185.0 81.0 2.0625 
159070.0 4694.326724788834 0.4258735868441387 8.086819770561742E-13 185.0 81.0 2.125 
159070.0 4558.469236471458 0.42587358684390725 0.0 185.0 81.0 2.0625 
159070.0 4558.469236471458 0.42587357981791474 0.0 185.0 81.0 2.0625 
159070.0 4558.469236471458 0.4258188824662813 0.0 185.0 81.0 2.0625 
159070.0 4694.326724788834 0.4258735868448098 1.0387693989160876E-16 185.0 81.0 2.125 
159070.0 4558.469236471458 0.4258188824662813 0.0 185.0 81.0 2.0625 
159070.0 4558.469236471458 0.42587357981791474 0.0 185.0 81.0 2.0625 
159070.0 4558.469236471458 0.42587358684390725 0.0 185.0 81.0 2.0625 
159070.0 4558.469236471458 0.42587358684390725 0.0 185.0 81.0 2.0625 
159070.0 4558.469236471458 0.42587357981791474 0.0 185.0 81.0 2.0625 
159070.0 4558.469236471458 0.42587358684390725 0.0 185.0 81.0 2.0625 
159070.0 4558.469236471458 0.42587357981791474 0.0 185.0 81.0 2.0625 
159070.0 4558.469236471458 0.4258188824662813 0.0 185.0 81.0 2.0625 
43190.0 7987.444982921983 0.15352003857689536 0.49524665164345744 68.0 84.0 0.5555555555555556 
43190.0 7987.444982921983 0.15352004110997733 0.4952466598150079 68.0 84.0 0.5555555555555556 
43190.0 7987.444982921983 0.15352004110997733 0.4952466598150079 68.0 84.0 0.5555555555555556 
43190.0 7987.46085858409 0.15352053617188474 0.4952468248347025 68.0 84.0 0.5555555555555556 
43190.0 7987.444982921983 0.15350032113037893 0.4951830443159923 68.0 84.0 0.5555555555555556 
43190.0 7987.444982921983 0.15350032113037893 0.4951830443159923 68.0 84.0 0.5555555555555556 
43190.0 7987.444982921983 0.15352004117356097 0.4952466598362024 68.0 84.0 0.5555555555555556 
43190.0 7987.444982921983 0.15352004117356094 0.4952466598362023 68.0 84.0 0.5555555555555556 
43190.0 7987.46085858409 0.15352053617188474 0.4952468248347025 68.0 84.0 0.5555555555555556 
43190.0 7987.444982921983 0.15352004117356094 0.4952466598362023 68.0 84.0 0.5555555555555556 
43190.0 7987.444982921983 0.15352004110997733 0.4952466598150079 68.0 84.0 0.5555555555555556 
43190.0 7987.444982921983 0.15352004117356094 0.4952466598362023 68.0 84.0 0.5555555555555556 
43190.0 7987.444982921983 0.15352004110997733 0.4952466598150079 68.0 84.0 0.5555555555555556 
43190.0 7987.444982921983 0.15352004117356094 0.4952466598362023 68.0 84.0 0.5555555555555556 
43190.0 7987.444982921983 0.15352004110997733 0.4952466598150079 68.0 84.0 0.5555555555555556 
43895.0 7832.376122209822 0.14195786228163595 0.49331963001028434 62.0 78.0 0.25555555555555554 
43895.0 7832.376122209822 0.14195786228163595 0.49331963001028434 62.0 78.0 0.25555555555555554 
43895.0 7832.376122209822 0.14195786228160331 0.4933196300102775 62.0 78.0 0.25555555555555554 
43895.0 7832.376122209822 0.14195786253597048 0.49331963006327056 62.0 78.0 0.25555555555555554 
43895.0 7832.376122209822 0.14195786228160331 0.4933196300102775 62.0 78.0 0.25555555555555554 
48795.0 7783.516187356401 0.19205420139531612 0.4368006833179272 66.0 80.0 0.8388888888888889 
43190.0 7987.444982921983 0.15352053617221828 0.4952468248357549 68.0 84.0 0.5555555555555556 
43190.0 7987.444982921983 0.15352003857689536 0.49524665164345744 68.0 84.0 0.5555555555555556 
43190.0 7987.444982921983 0.15350032113037893 0.4951830443159923 68.0 84.0 0.5555555555555556 
43190.0 7987.444982921983 0.15352004110997733 0.4952466598150079 68.0 84.0 0.5555555555555556 
43190.0 7987.444982921983 0.15352004110997733 0.4952466598150079 68.0 84.0 0.5555555555555556 
43895.0 7832.376122209822 0.14195786253597048 0.49331963006327056 62.0 78.0 0.25555555555555554 
43190.0 7987.444982921983 0.15352003857689536 0.49524665164345744 68.0 84.0 0.5555555555555556 
43895.0 7832.376122209822 0.14195786228163595 0.49331963001028434 62.0 78.0 0.25555555555555554 
43895.0 7832.376122209822 0.14195786253597048 0.49331963006327056 62.0 78.0 0.25555555555555554 
43895.0 7832.376122209822 0.14195786253597048 0.49331963006327056 62.0 78.0 0.25555555555555554 
43895.0 7832.376122209822 0.14195786253597048 0.49331963006327056 62.0 78.0 0.25555555555555554 
43895.0 7832.376122209822 0.14193962748876043 0.4932562620423892 62.0 78.0 0.25555555555555554 
43895.0 7832.376122209822 0.14195786228163595 0.49331963001028434 62.0 78.0 0.25555555555555554 
43895.0 7832.376122209822 0.14195786228163595 0.49331963001028434 62.0 78.0 0.25555555555555554 
43895.0 7832.376122209822 0.14195984253026625 0.4933200425610994 62.0 78.0 0.25555555555555554 
43895.0 7832.376122209822 0.14193962748876043 0.4932562620423892 62.0 78.0 0.25555555555555554 
43895.0 7832.376122209822 0.14195786253597048 0.49331963006327056 62.0 78.0 0.25555555555555554 
43895.0 7832.376122209822 0.14193962748876043 0.4932562620423892 62.0 78.0 0.25555555555555554 
43895.0 7832.376122209822 0.14195786228160331 0.4933196300102775 62.0 78.0 0.25555555555555554 
43895.0 7832.376122209822 0.14193962748876043 0.4932562620423892 62.0 78.0 0.25555555555555554 
43895.0 7832.376122209822 0.14195786253597048 0.49331963006327056 62.0 78.0 0.25555555555555554 
43895.0 7832.376122209822 0.14195786228160331 0.4933196300102775 62.0 78.0 0.25555555555555554 
52355.0 6920.783132530118 0.10918432883750803 0.3815028901734104 66.0 79.0 1.0666666666666667 
52355.0 6920.783132530118 0.10919835379946531 0.3815518950404847 66.0 79.0 1.0666666666666667 
52355.0 6920.783132530118 0.10919835379946531 0.3815518950404847 66.0 79.0 1.0666666666666667 
52355.0 6920.783132530118 0.10919835379946531 0.3815518950404847 66.0 79.0 1.0666666666666667 
52355.0 6920.783132530118 0.10919835379946531 0.3815518950404847 66.0 79.0 1.0666666666666667 
58630.0 6731.644705185679 0.16249197174052665 0.3230571612074502 76.0 82.0 1.0666666666666667 
43895.0 7832.376122209822 0.14195786253597048 0.49331963006327056 62.0 78.0 0.25555555555555554 
43895.0 7832.376122209822 0.14195786253597048 0.49331963006327056 62.0 78.0 0.25555555555555554 
43895.0 7832.376122209822 0.14195786228163595 0.49331963001028434 62.0 78.0 0.25555555555555554 
43895.0 7832.376122209822 0.14195984253026625 0.4933200425610994 62.0 78.0 0.25555555555555554 
43895.0 7832.376122209822 0.14195786228160331 0.4933196300102775 62.0 78.0 0.25555555555555554 
43895.0 7832.376122209822 0.14195786228160331 0.4933196300102775 62.0 78.0 0.25555555555555554 
43190.0 7987.444982921983 0.15352004117356097 0.4952466598362024 68.0 84.0 0.5555555555555556 
