[16, 6, 13, 18, 0, 26][5, 15, 2, 29, 10][21, 10, 16, 28][1, 4, 7, 28][3, 24, 23, 9][19, 8, 12, 22][11, 14, 20][17, 28, 25][7, 27][1, 14][3, 14][22, 25] 
[16, 6, 13, 18, 0, 26][5, 15, 2, 29, 10][21, 10, 16, 28][1, 4, 7, 28][19, 8, 12, 22][11, 14, 20][17, 28, 25][3, 23, 14][9, 23, 24][7, 27][1, 14][22, 25] 
[16, 6, 13, 18, 0, 26][5, 15, 2, 29, 10][21, 10, 16, 28][4, 1, 23, 24][19, 8, 12, 22][4, 7, 28][17, 28, 25][14, 23, 20][3, 23, 9][11, 14][7, 27][22, 25] 
[16, 6, 13, 18, 0, 26][4, 1, 14, 23, 24][5, 15, 2, 29, 10][21, 10, 16, 28][19, 8, 12, 22][4, 7, 28][17, 28, 25][3, 23, 9][11, 14][7, 27][14, 20][22, 25] 
[16, 6, 13, 18, 0, 26][5, 15, 2, 29, 10][21, 10, 16, 28][1, 4, 7, 28][3, 24, 23, 9][19, 8, 12, 22][11, 14, 20][17, 28, 25][7, 27][1, 14][14, 23][22, 25] 
[16, 6, 13, 18, 0, 26][5, 15, 2, 29, 10][21, 10, 16, 28][1, 4, 7, 28][19, 8, 12, 22][11, 14, 20][17, 28, 25][3, 23, 14][9, 23, 24][7, 27][1, 14][22, 25] 
[16, 6, 13, 18, 0, 26][5, 15, 2, 29, 10][21, 10, 16, 28][4, 1, 23, 24][19, 8, 12, 22][4, 7, 28][17, 28, 25][14, 23, 20][3, 23, 9][11, 14][7, 27][22, 25] 
[16, 6, 13, 18, 0, 26][5, 15, 2, 29, 10][21, 10, 16, 28][1, 4, 7, 28][3, 24, 23, 9][19, 8, 12, 22][11, 14, 20][17, 28, 25][7, 27][1, 14][14, 23][22, 25] 
[16, 6, 13, 18, 0, 26][5, 15, 2, 29, 10][21, 10, 16, 28][1, 4, 7, 28][19, 8, 12, 22][11, 14, 20][17, 28, 25][3, 23, 14][9, 23, 24][7, 27][1, 14][22, 25] 
[16, 6, 13, 18, 0, 26][5, 15, 2, 29, 10][21, 10, 16, 28][1, 4, 7, 28][3, 24, 23, 9][19, 8, 12, 22][11, 14, 20][17, 28, 25][7, 27][1, 14][14, 23][22, 25] 
[16, 6, 13, 18, 0, 26][5, 15, 2, 29, 10][21, 10, 16, 28][1, 4, 7, 28][3, 24, 23, 9][19, 8, 12, 22][11, 14, 20][17, 28, 25][7, 27][1, 14][3, 14][22, 25] 
[16, 6, 13, 18, 0, 26][5, 15, 2, 29, 10][21, 10, 16, 28][1, 4, 7, 28][19, 8, 12, 22][11, 14, 20][17, 28, 25][3, 23, 14][9, 23, 24][7, 27][1, 14][22, 25] 
[16, 6, 13, 18, 0, 26][5, 15, 2, 29, 10][21, 10, 16, 28][4, 1, 23, 24][19, 8, 12, 22][4, 7, 28][17, 28, 25][14, 23, 20][3, 23, 9][11, 14][7, 27][22, 25] 
[16, 6, 13, 18, 0, 26][5, 15, 2, 29, 10][21, 10, 16, 28][1, 4, 7, 28][3, 24, 23, 9][19, 8, 12, 22][11, 14, 20][17, 28, 25][7, 27][1, 14][14, 23][22, 25] 
[16, 6, 13, 18, 0, 26][5, 15, 2, 29, 10][21, 10, 16, 28][1, 4, 7, 28][19, 8, 12, 22][11, 14, 20][17, 28, 25][3, 23, 14][9, 23, 24][7, 27][1, 14][22, 25] 
[16, 6, 13, 18, 0, 26][5, 15, 2, 29, 10][21, 10, 16, 28][1, 4, 7, 28][3, 24, 23, 9][19, 8, 12, 22][11, 14, 20][17, 28, 25][7, 27][1, 14][14, 23][22, 25] 
[16, 6, 13, 18, 0, 26][5, 15, 2, 29, 10][21, 10, 16, 28][1, 4, 7, 28][3, 24, 23, 9][19, 8, 12, 22][11, 14, 20][17, 28, 25][7, 27][1, 14][3, 14][22, 25] 
[16, 6, 13, 18, 0, 26][5, 15, 2, 29, 10][21, 10, 16, 28][1, 4, 7, 28][19, 8, 12, 22][11, 14, 20][17, 28, 25][3, 23, 14][9, 23, 24][7, 27][1, 14][22, 25] 
[16, 6, 13, 18, 0, 26][5, 15, 2, 29, 10][21, 10, 16, 28][1, 4, 7, 28][3, 24, 23, 9][19, 8, 12, 22][11, 14, 20][17, 28, 25][7, 27][1, 14][14, 23][22, 25] 
[16, 6, 13, 18, 0, 26][5, 15, 2, 29, 10][21, 10, 16, 28][1, 4, 7, 28][3, 24, 23, 9][19, 8, 12, 22][11, 14, 20][17, 28, 25][7, 27][1, 14][3, 14][22, 25] 
[16, 6, 13, 18, 0, 26][5, 15, 2, 29, 10][21, 10, 16, 28][1, 4, 7, 28][3, 24, 23, 9][19, 8, 12, 22][11, 14, 20][17, 28, 25][7, 27][1, 14][3, 14][22, 25] 
[16, 6, 13, 18, 0, 26][5, 15, 2, 29, 10][21, 10, 16, 28][1, 4, 7, 28][19, 8, 12, 22][11, 14, 20][17, 28, 25][3, 23, 14][9, 23, 24][7, 27][1, 14][22, 25] 
[16, 6, 13, 18, 0, 26][5, 15, 2, 29, 10][21, 10, 16, 28][4, 1, 23, 24][19, 8, 12, 22][4, 7, 28][17, 28, 25][14, 23, 20][3, 23, 9][11, 14][7, 27][22, 25] 
[16, 6, 13, 18, 0, 26][5, 15, 2, 29, 10][21, 10, 16, 28][1, 4, 7, 28][3, 24, 23, 9][19, 8, 12, 22][11, 14, 20][17, 28, 25][7, 27][1, 14][14, 23][22, 25] 
[16, 6, 13, 18, 0, 26][5, 15, 2, 29, 10][21, 10, 16, 28][1, 4, 7, 28][19, 8, 12, 22][11, 14, 20][17, 28, 25][3, 23, 14][9, 23, 24][7, 27][1, 14][22, 25] 
[16, 6, 13, 18, 0, 26][5, 15, 2, 29, 10][21, 10, 16, 28][1, 4, 7, 28][3, 24, 23, 9][19, 8, 12, 22][11, 14, 20][17, 28, 25][7, 27][1, 14][14, 23][22, 25] 
[16, 6, 13, 18, 0, 26][5, 15, 2, 29, 10][21, 10, 16, 28][1, 4, 7, 28][3, 24, 23, 9][19, 8, 12, 22][11, 14, 20][17, 28, 25][7, 27][1, 14][3, 14][22, 25] 
[16, 6, 13, 18, 0, 26][5, 15, 2, 29, 10][21, 10, 16, 28][1, 4, 7, 28][19, 8, 12, 22][11, 14, 20][17, 28, 25][3, 23, 14][9, 23, 24][7, 27][1, 14][22, 25] 
[16, 6, 13, 18, 0, 26][5, 15, 2, 29, 10][21, 10, 16, 28][1, 4, 7, 28][3, 24, 23, 9][19, 8, 12, 22][11, 14, 20][17, 28, 25][7, 27][1, 14][14, 23][22, 25] 
[16, 6, 13, 18, 0, 26][5, 15, 2, 29, 10][21, 10, 16, 28][1, 4, 7, 28][3, 24, 23, 9][19, 8, 12, 22][11, 14, 20][17, 28, 25][7, 27][1, 14][3, 14][22, 25] 
[16, 6, 13, 18, 0, 26][5, 15, 2, 29, 10][21, 10, 16, 28][1, 4, 7, 28][3, 24, 23, 9][19, 8, 12, 22][11, 14, 20][17, 28, 25][7, 27][1, 14][3, 14][22, 25] 
[16, 6, 13, 18, 0, 26][5, 15, 2, 29, 10][21, 10, 16, 28][1, 4, 7, 28][19, 8, 12, 22][11, 14, 20][17, 28, 25][3, 23, 14][9, 23, 24][7, 27][1, 14][22, 25] 
[16, 6, 13, 18, 0, 26][5, 15, 2, 29, 10][21, 10, 16, 28][1, 4, 7, 28][3, 24, 23, 9][19, 8, 12, 22][11, 14, 20][17, 28, 25][7, 27][1, 14][14, 23][22, 25] 
[16, 6, 13, 18, 0, 26][5, 15, 2, 29, 10][21, 10, 16, 28][1, 4, 7, 28][3, 24, 23, 9][19, 8, 12, 22][11, 14, 20][17, 28, 25][7, 27][1, 14][3, 14][22, 25] 
[16, 6, 13, 18, 0, 26][5, 15, 2, 29, 10][21, 10, 16, 28][1, 4, 7, 28][3, 24, 23, 9][19, 8, 12, 22][11, 14, 20][17, 28, 25][7, 27][1, 14][3, 14][22, 25] 
[7, 2, 10, 16, 15, 21, 6, 13, 18, 12, 19, 22, 0, 26, 8][9, 1, 14, 3, 11, 25, 7, 20, 4, 24, 23][4, 23, 24, 7, 27, 29, 10, 6, 5][6, 21, 15, 16][10, 7, 28][15, 21][7, 24][11, 25][0, 26][15, 16][11, 17][8, 26] 
[2, 27, 10, 16, 15, 21, 6, 13, 18, 12, 19, 22, 0, 26, 8][4, 23, 24, 7, 27, 29, 10, 6, 5][9, 1, 14, 3, 11, 25, 7, 20][15, 16][15, 21][7, 24][7, 28][11, 25][0, 26][15, 16][11, 17][8, 26] 
[2, 27, 10, 16, 15, 21, 6, 13, 18, 12, 19, 22, 0, 26, 8][4, 23, 24, 7, 27, 29, 10, 6, 5][9, 1, 14, 3, 11, 25, 7, 20][15, 16][15, 21][7, 24][7, 28][11, 25][0, 26][15, 16][11, 17][8, 26] 
[4, 23, 24, 7, 27, 29, 10, 6, 5][2, 6, 13, 18, 12, 19, 0, 26, 8][9, 1, 14, 3, 11, 25, 7, 20][11, 17, 22, 25, 28, 16, 15, 21][15, 16][15, 21][7, 24][7, 28][11, 25][0, 26][15, 16][8, 26] 
[4, 23, 24, 7, 27, 29, 10, 6, 5][2, 6, 13, 18, 12, 19, 0, 26, 8][9, 1, 14, 3, 11, 25, 7, 20][11, 17, 22, 25, 28, 16, 15, 21][15, 16][15, 21][7, 24][7, 28][11, 25][0, 26][15, 16][8, 26] 
[0, 22, 19, 12, 18, 13, 6, 21, 15, 16, 10, 2][9, 1, 14, 3, 11, 25, 7, 20, 23][4, 24, 7, 27, 29, 10, 6, 5][15, 16][15, 21][7, 24][7, 28][11, 25][0, 26][15, 16][11, 17][8, 26] 
[2, 10, 16, 15, 21, 6, 13, 18, 12, 19, 22, 0, 26, 8][4, 23, 24, 7, 27, 29, 10, 6, 5][9, 1, 14, 3, 11, 25, 7, 20][11, 17, 28][15, 16][15, 21][7, 24][7, 28][11, 25][0, 26][15, 16][8, 26] 
[2, 10, 16, 15, 21, 6, 13, 18, 12, 19, 22, 0, 26, 8][4, 23, 24, 7, 27, 29, 10, 6, 5][9, 1, 14, 3, 11, 25, 7, 20][11, 17, 28][15, 16][15, 21][7, 24][7, 28][11, 25][0, 26][15, 16][8, 26] 
[4, 23, 24, 7, 27, 29, 10, 6, 5][2, 6, 13, 18, 12, 19, 0, 26, 8][9, 1, 14, 3, 11, 25, 7, 20][11, 17, 22, 25, 28, 16, 15, 21][15, 16][15, 21][7, 24][7, 28][11, 25][0, 26][15, 16][8, 26] 
[2, 10, 16, 15, 21, 6, 13, 18, 12, 19, 22, 0, 26, 8][4, 23, 24, 7, 27, 29, 10, 6, 5, 21][9, 1, 14, 3, 11, 25, 7, 20][11, 17, 19][15, 16][15, 21][7, 24][7, 28][11, 25][0, 26][15, 16][8, 26] 
[4, 23, 24, 7, 27, 29, 10, 6, 5][2, 21, 15, 16, 28, 25, 22, 17, 11][2, 6, 13, 18, 12, 19, 0, 26, 8][9, 1, 14, 3, 11, 25, 7, 20][15, 16][15, 21][7, 24][7, 28][11, 25][0, 26][15, 16][8, 26] 
[7, 2, 10, 16, 15, 21, 6, 13, 18, 12, 19, 22, 0, 26, 8][9, 1, 14, 3, 11, 25, 7, 20, 4, 24, 23][4, 23, 24, 7, 27, 29, 10, 6, 5][6, 21, 15, 16][10, 7, 28][11, 17, 28][15, 21][7, 24][11, 25][0, 26][15, 16][8, 26] 
[4, 23, 24, 7, 27, 29, 10, 6, 5][2, 6, 13, 18, 12, 19, 0, 26, 8][9, 1, 14, 3, 11, 25, 7, 20][11, 17, 22, 25, 28, 16, 15, 21][15, 16][15, 21][7, 24][7, 28][11, 25][0, 26][15, 16][8, 26] 
[2, 10, 16, 15, 21, 6, 13, 18, 12, 19, 22, 0, 26, 8][9, 1, 14, 3, 11, 25, 7, 20, 23][4, 24, 7, 27, 29, 10, 6, 5][15, 16][15, 21][7, 24][7, 28][11, 25][0, 26][15, 16][11, 17][8, 26] 
[7, 2, 10, 16, 15, 21, 6, 13, 18, 12, 19, 22, 0, 26, 8][9, 1, 14, 3, 11, 25, 7, 20, 4, 24, 23][4, 23, 24, 7, 27, 29, 10, 6, 5][6, 21, 15, 16][10, 7, 28][11, 17, 28][15, 21][7, 24][11, 25][0, 26][15, 16][8, 26] 
[10, 2, 21, 15, 16, 28, 25, 22, 17, 11][4, 23, 24, 7, 27, 29, 10, 6, 5][2, 6, 13, 18, 12, 19, 0, 26, 8][9, 1, 14, 3, 11, 25, 7, 20][15, 16][15, 21][7, 24][7, 28][11, 25][0, 26][15, 16][8, 26] 
[7, 2, 10, 16, 15, 21, 6, 13, 18, 12, 19, 22, 0, 26, 8][9, 1, 14, 3, 11, 25, 7, 20, 4, 24, 23][4, 23, 24, 7, 27, 29, 10, 6, 5][6, 21, 15, 16][10, 7, 28][15, 21][7, 24][11, 25][0, 26][15, 16][11, 17][8, 26] 
[4, 23, 24, 7, 27, 29, 10, 6, 5][2, 21, 15, 16, 28, 25, 22, 17, 11][2, 6, 13, 18, 12, 19, 0, 26, 8][9, 1, 14, 3, 11, 25, 7, 20][15, 16][15, 21][7, 24][7, 28][11, 25][0, 26][15, 16][8, 26] 
[2, 27, 10, 16, 15, 21, 6, 13, 18, 12, 19, 22, 0, 26, 8][4, 23, 24, 7, 27, 29, 10, 6, 5][9, 1, 14, 3, 11, 25, 7, 20][15, 16][15, 21][7, 24][7, 28][11, 25][0, 26][15, 16][11, 17][8, 26] 
[2, 10, 16, 15, 21, 6, 13, 18, 12, 19, 22, 0, 26, 8][9, 1, 14, 3, 11, 25, 7, 20, 23][4, 24, 7, 27, 29, 10, 6, 5][15, 16][15, 21][7, 24][7, 28][11, 25][0, 26][15, 16][11, 17][8, 26] 
[2, 10, 16, 15, 21, 6, 13, 18, 12, 19, 22, 0, 26, 8][9, 1, 14, 3, 11, 25, 7, 20, 23][4, 24, 7, 27, 29, 10, 6, 5][14, 23, 1, 4, 24, 7, 28][15, 16][15, 21][7, 24][11, 25][0, 26][15, 16][11, 17][8, 26] 
[16, 6, 13, 18, 0, 26][5, 15, 2, 29, 10][21, 10, 16, 28][1, 4, 7, 28][3, 24, 23, 9][19, 8, 12, 22][11, 14, 20][17, 28, 25][7, 27][1, 14][14, 23][22, 25] 
[16, 6, 13, 18, 0, 26][5, 15, 2, 29, 10][21, 10, 16, 28][1, 4, 7, 28][3, 24, 23, 9][19, 8, 12, 22][11, 14, 20][17, 28, 25][7, 27][1, 14][14, 23][22, 25] 
[16, 6, 13, 18, 0, 26][5, 15, 2, 29, 10][21, 10, 16, 28][1, 4, 7, 28][3, 24, 23, 9][19, 8, 12, 22][11, 14, 20][17, 28, 25][7, 27][1, 14][14, 23][22, 25] 
[16, 6, 13, 18, 0, 26][5, 15, 2, 29, 10][21, 10, 16, 28][1, 4, 7, 28][3, 24, 23, 9][19, 8, 12, 22][11, 14, 20][17, 28, 25][7, 27][1, 14][14, 23][22, 25] 
[16, 6, 13, 18, 0, 26][5, 15, 2, 29, 10][21, 10, 16, 28][1, 4, 7, 28][3, 24, 23, 9][19, 8, 12, 22][11, 14, 20][17, 28, 25][7, 27][1, 14][14, 23][22, 25] 
[16, 6, 13, 18, 0, 26][5, 15, 2, 29, 10][21, 10, 16, 28][1, 4, 7, 28][3, 24, 23, 9][19, 8, 12, 22][11, 14, 20][17, 28, 25][7, 27][1, 14][14, 23][22, 25] 
[16, 6, 13, 18, 0, 26][5, 15, 2, 29, 10][21, 10, 16, 28][1, 4, 7, 28][3, 24, 23, 9][19, 8, 12, 22][11, 14, 20][17, 28, 25][7, 27][1, 14][14, 23][22, 25] 
[16, 6, 13, 18, 0, 26][5, 15, 2, 29, 10][21, 10, 16, 28][1, 4, 7, 28][3, 24, 23, 9][19, 8, 12, 22][11, 14, 20][17, 28, 25][7, 27][1, 14][14, 23][22, 25] 
[16, 6, 13, 18, 0, 26][5, 15, 2, 29, 10][21, 10, 16, 28][1, 4, 7, 28][3, 24, 23, 9][19, 8, 12, 22][11, 14, 20][17, 28, 25][7, 27][1, 14][14, 23][22, 25] 
[16, 6, 13, 18, 0, 26][5, 15, 2, 29, 10][21, 10, 16, 28][1, 4, 7, 28][3, 24, 23, 9][19, 8, 12, 22][11, 14, 20][17, 28, 25][7, 27][1, 14][14, 23][22, 25] 
[16, 6, 13, 18, 0, 26][5, 15, 2, 29, 10][21, 10, 16, 28][1, 4, 7, 28][3, 24, 23, 9][19, 8, 12, 22][11, 14, 20][17, 28, 25][7, 27][1, 14][14, 23][22, 25] 
[16, 6, 13, 18, 0, 26][5, 15, 2, 29, 10][21, 10, 16, 28][1, 4, 7, 28][3, 24, 23, 9][19, 8, 12, 22][11, 14, 20][17, 28, 25][7, 27][1, 14][14, 23][22, 25] 
[16, 6, 13, 18, 0, 26][5, 15, 2, 29, 10][21, 10, 16, 28][1, 4, 7, 28][3, 24, 23, 9][19, 8, 12, 22][11, 14, 20][17, 28, 25][7, 27][1, 14][14, 23][22, 25] 
[16, 6, 13, 18, 0, 26][5, 15, 2, 29, 10][21, 10, 16, 28][1, 4, 7, 28][3, 24, 23, 9][19, 8, 12, 22][11, 14, 20][17, 28, 25][7, 27][1, 14][14, 23][22, 25] 
[16, 6, 13, 18, 0, 26][5, 15, 2, 29, 10][21, 10, 16, 28][1, 4, 7, 28][3, 24, 23, 9][19, 8, 12, 22][11, 14, 20][17, 28, 25][7, 27][1, 14][14, 23][22, 25] 
[16, 6, 13, 18, 0, 26][5, 15, 2, 29, 10][21, 10, 16, 28][1, 4, 7, 28][3, 24, 23, 9][19, 8, 12, 22][11, 14, 20][17, 28, 25][7, 27][1, 14][3, 14][22, 25] 
[16, 6, 13, 18, 0, 26][5, 15, 2, 29, 10][21, 10, 16, 28][1, 4, 7, 28][3, 24, 23, 9][19, 8, 12, 22][11, 14, 20][17, 28, 25][7, 27][1, 14][3, 14][22, 25] 
[16, 6, 13, 18, 0, 26][5, 15, 2, 29, 10][21, 10, 16, 28][1, 4, 7, 28][3, 24, 23, 9][19, 8, 12, 22][11, 14, 20][17, 28, 25][7, 27][1, 14][3, 14][22, 25] 
[16, 6, 13, 18, 0, 26][5, 15, 2, 29, 10][21, 10, 16, 28][1, 4, 7, 28][3, 24, 23, 9][19, 8, 12, 22][11, 14, 20][17, 28, 25][7, 27][1, 14][3, 14][22, 25] 
[16, 6, 13, 18, 0, 26][5, 15, 2, 29, 10][21, 10, 16, 28][1, 4, 7, 28][3, 24, 23, 9][19, 8, 12, 22][11, 14, 20][17, 28, 25][7, 27][1, 14][3, 14][22, 25] 
[16, 6, 13, 18, 0, 26][5, 15, 2, 29, 10][21, 10, 16, 28][1, 4, 7, 28][3, 24, 23, 9][19, 8, 12, 22][11, 14, 20][17, 28, 25][7, 27][1, 14][3, 14][22, 25] 
[16, 6, 13, 18, 0, 26][5, 15, 2, 29, 10][21, 10, 16, 28][1, 4, 7, 28][3, 24, 23, 9][19, 8, 12, 22][11, 14, 20][17, 28, 25][7, 27][1, 14][14, 23][22, 25] 
[16, 6, 13, 18, 0, 26][5, 15, 2, 29, 10][21, 10, 16, 28][1, 4, 7, 28][3, 24, 23, 9][19, 8, 12, 22][11, 14, 20][17, 28, 25][7, 27][1, 14][14, 23][22, 25] 
[16, 6, 13, 18, 0, 26][5, 15, 2, 29, 10][21, 10, 16, 28][1, 4, 7, 28][3, 24, 23, 9][19, 8, 12, 22][11, 14, 20][17, 28, 25][7, 27][1, 14][14, 23][22, 25] 
[16, 6, 13, 18, 0, 26][5, 15, 2, 29, 10][21, 10, 16, 28][1, 4, 7, 28][3, 24, 23, 9][19, 8, 12, 22][11, 14, 20][17, 28, 25][7, 27][1, 14][14, 23][22, 25] 
[16, 6, 13, 18, 0, 26][5, 15, 2, 29, 10][21, 10, 16, 28][1, 4, 7, 28][3, 24, 23, 9][19, 8, 12, 22][11, 14, 20][17, 28, 25][7, 27][1, 14][14, 23][22, 25] 
[16, 6, 13, 18, 0, 26][5, 15, 2, 29, 10][21, 10, 16, 28][1, 4, 7, 28][3, 24, 23, 9][19, 8, 12, 22][11, 14, 20][17, 28, 25][7, 27][1, 14][14, 23][22, 25] 
[16, 6, 13, 18, 0, 26][5, 15, 2, 29, 10][21, 10, 16, 28][1, 4, 7, 28][3, 24, 23, 9][19, 8, 12, 22][11, 14, 20][17, 28, 25][7, 27][1, 14][14, 23][22, 25] 
[16, 6, 13, 18, 0, 26][5, 15, 2, 29, 10][21, 10, 16, 28][1, 4, 7, 28][3, 24, 23, 9][19, 8, 12, 22][11, 14, 20][17, 28, 25][7, 27][1, 14][3, 14][22, 25] 
[16, 6, 13, 18, 0, 26][5, 15, 2, 29, 10][21, 10, 16, 28][1, 4, 7, 28][3, 24, 23, 9][19, 8, 12, 22][11, 14, 20][17, 28, 25][7, 27][1, 14][3, 14][22, 25] 
[16, 6, 13, 18, 0, 26][5, 15, 2, 29, 10][21, 10, 16, 28][1, 4, 7, 28][3, 24, 23, 9][19, 8, 12, 22][11, 14, 20][17, 28, 25][7, 27][1, 14][3, 14][22, 25] 
[16, 6, 13, 18, 0, 26][5, 15, 2, 29, 10][21, 10, 16, 28][1, 4, 7, 28][3, 24, 23, 9][19, 8, 12, 22][11, 14, 20][17, 28, 25][7, 27][1, 14][3, 14][22, 25] 
[16, 6, 13, 18, 0, 26][5, 15, 2, 29, 10][21, 10, 16, 28][1, 4, 7, 28][3, 24, 23, 9][19, 8, 12, 22][11, 14, 20][17, 28, 25][7, 27][1, 14][3, 14][22, 25] 
[16, 6, 13, 18, 0, 26][5, 15, 2, 29, 10][21, 10, 16, 28][1, 4, 7, 28][3, 24, 23, 9][19, 8, 12, 22][11, 14, 20][17, 28, 25][7, 27][1, 14][3, 14][22, 25] 
[16, 6, 13, 18, 0, 26][5, 15, 2, 29, 10][21, 10, 16, 28][1, 4, 7, 28][3, 24, 23, 9][19, 8, 12, 22][11, 14, 20][17, 28, 25][7, 27][1, 14][3, 14][22, 25] 
[16, 6, 13, 18, 0, 26][5, 15, 2, 29, 10][21, 10, 16, 28][1, 4, 7, 28][3, 24, 23, 9][19, 8, 12, 22][11, 14, 20][17, 28, 25][7, 27][1, 14][3, 14][22, 25] 
[16, 6, 13, 18, 0, 26][5, 15, 2, 29, 10][21, 10, 16, 28][1, 4, 7, 28][3, 24, 23, 9][19, 8, 12, 22][11, 14, 20][17, 28, 25][7, 27][1, 14][3, 14][22, 25] 
[16, 6, 13, 18, 0, 26][5, 15, 2, 29, 10][21, 10, 16, 28][1, 4, 7, 28][3, 24, 23, 9][19, 8, 12, 22][11, 14, 20][17, 28, 25][7, 27][1, 14][3, 14][22, 25] 
[16, 6, 13, 18, 0, 26][5, 15, 2, 29, 10][21, 10, 16, 28][1, 4, 7, 28][3, 24, 23, 9][19, 8, 12, 22][11, 14, 20][17, 28, 25][7, 27][1, 14][3, 14][22, 25] 
[16, 6, 13, 18, 0, 26][5, 15, 2, 29, 10][21, 10, 16, 28][1, 4, 7, 28][3, 24, 23, 9][19, 8, 12, 22][11, 14, 20][17, 28, 25][7, 27][1, 14][3, 14][22, 25] 
[16, 6, 13, 18, 0, 26][5, 15, 2, 29, 10][21, 10, 16, 28][1, 4, 7, 28][3, 24, 23, 9][19, 8, 12, 22][11, 14, 20][17, 28, 25][7, 27][1, 14][3, 14][22, 25] 
[16, 6, 13, 18, 0, 26][5, 15, 2, 29, 10][21, 10, 16, 28][1, 4, 7, 28][3, 24, 23, 9][19, 8, 12, 22][11, 14, 20][17, 28, 25][7, 27][1, 14][3, 14][22, 25] 
[16, 6, 13, 18, 0, 26][5, 15, 2, 29, 10][21, 10, 16, 28][1, 4, 7, 28][3, 24, 23, 9][19, 8, 12, 22][11, 14, 20][17, 28, 25][7, 27][1, 14][3, 14][22, 25] 
[16, 6, 13, 18, 0, 26][19, 8, 12, 22, 25][5, 15, 2, 29, 10][21, 10, 16, 28][1, 4, 7, 28][3, 24, 23, 9][11, 14, 20][17, 28, 25][7, 27][1, 14][14, 23][22, 25] 
[16, 6, 13, 18, 0, 26][19, 8, 12, 22, 25][5, 15, 2, 29, 10][21, 10, 16, 28][1, 4, 7, 28][3, 24, 23, 9][11, 14, 20][17, 28, 25][7, 27][1, 14][14, 23][22, 25] 
[16, 6, 13, 18, 0, 26][19, 8, 12, 22, 25][5, 15, 2, 29, 10][21, 10, 16, 28][1, 4, 7, 28][3, 24, 23, 9][11, 14, 20][17, 28, 25][7, 27][1, 14][14, 23][22, 25] 
[16, 6, 13, 18, 0, 26][19, 8, 12, 22, 25][5, 15, 2, 29, 10][21, 10, 16, 28][1, 4, 7, 28][3, 24, 23, 9][11, 14, 20][17, 28, 25][7, 27][1, 14][14, 23][22, 25] 
[16, 6, 13, 18, 0, 26][19, 8, 12, 22, 25][5, 15, 2, 29, 10][21, 10, 16, 28][1, 4, 7, 28][3, 24, 23, 9][11, 14, 20][17, 28, 25][7, 27][1, 14][14, 23][22, 25] 
[16, 6, 13, 18, 0, 26][19, 8, 12, 22, 25][5, 15, 2, 29, 10][21, 10, 16, 28][1, 4, 7, 28][3, 24, 23, 9][11, 14, 20][17, 28, 25][7, 27][1, 14][14, 23][22, 25] 
[16, 6, 13, 18, 0, 26][5, 15, 2, 29, 10][21, 10, 16, 28][1, 4, 7, 28][3, 24, 23, 9][19, 8, 12, 22][11, 14, 20][17, 28, 25][7, 27][1, 14][14, 23][22, 25] 
[16, 6, 13, 18, 0, 26][5, 15, 2, 29, 10][21, 10, 16, 28][1, 4, 7, 28][3, 24, 23, 9][19, 8, 12, 22][11, 14, 20][17, 28, 25][7, 27][1, 14][14, 23][22, 25] 
[16, 6, 13, 18, 0, 26][5, 15, 2, 29, 10][21, 10, 16, 28][1, 4, 7, 28][3, 24, 23, 9][19, 8, 12, 22][11, 14, 20][17, 28, 25][7, 27][1, 14][14, 23][22, 25] 
[16, 6, 13, 18, 0, 26][5, 15, 2, 29, 10][21, 10, 16, 28][1, 4, 7, 28][3, 24, 23, 9][19, 8, 12, 22][11, 14, 20][17, 28, 25][7, 27][1, 14][14, 23][22, 25] 
[16, 6, 13, 18, 0, 26][5, 15, 2, 29, 10][21, 10, 16, 28][1, 4, 7, 28][3, 24, 23, 9][19, 8, 12, 22][11, 14, 20][17, 28, 25][7, 27][1, 14][14, 23][22, 25] 
[16, 6, 13, 18, 0, 26][5, 15, 2, 29, 10][21, 10, 16, 28][1, 4, 7, 28][3, 24, 23, 9][19, 8, 12, 22][11, 14, 20][17, 28, 25][7, 27][1, 14][3, 14][22, 25] 
[16, 6, 13, 18, 0, 26][5, 15, 2, 29, 10][21, 10, 16, 28][1, 4, 7, 28][3, 24, 23, 9][19, 8, 12, 22][11, 14, 20][17, 28, 25][7, 27][1, 14][14, 23][22, 25] 
