[3, 4, 24, 1, 9][0, 18, 13, 6, 5][2, 16, 28, 17][12, 18, 22, 25][11, 14, 23, 20][16, 6, 10, 21][19, 8, 26][15, 29, 27][14, 7, 28][3, 23][8, 12][2, 15] 
[3, 4, 24, 1, 9][0, 18, 13, 6, 5][2, 16, 28, 17][12, 18, 22, 25][11, 14, 7, 28][16, 6, 10, 21][19, 8, 26][15, 29, 27][14, 23, 20][3, 23][8, 12][2, 15] 
[4, 24, 1, 23, 20][0, 18, 13, 6, 5][2, 16, 28, 17][12, 18, 22, 25][11, 14, 7, 28][16, 6, 10, 21][3, 23, 9][19, 8, 26][2, 29, 27][8, 12][14, 20][2, 15] 
[4, 24, 1, 9, 23, 20][0, 18, 13, 6, 5][2, 16, 28, 17][12, 18, 22, 25][11, 14, 7, 28][16, 6, 10, 21][19, 8, 26][2, 29, 27][3, 9][8, 12][14, 20][2, 15] 
[3, 4, 24, 1, 9][0, 18, 13, 6, 5][2, 16, 28, 17][12, 18, 22, 25][11, 14, 23, 20][16, 6, 10, 21][19, 8, 26][15, 29, 27][14, 7, 28][3, 23][8, 12][2, 15] 
[3, 4, 24, 1, 9][0, 18, 13, 6, 5][2, 16, 28, 17][12, 18, 22, 25][11, 14, 23, 20][16, 6, 10, 21][19, 8, 26][15, 29, 27][14, 7, 28][3, 23][8, 12][2, 15] 
[3, 4, 24, 1, 9][0, 18, 13, 6, 5][2, 16, 28, 17][12, 18, 22, 25][11, 14, 7, 28][16, 6, 10, 21][19, 8, 26][15, 29, 27][14, 23, 20][3, 23][8, 12][2, 15] 
[3, 4, 24, 1, 9][0, 18, 13, 6, 5][2, 16, 28, 17][12, 18, 22, 25][11, 14, 23, 20][16, 6, 10, 21][19, 8, 26][15, 29, 27][14, 7, 28][3, 23][8, 12][2, 15] 
[3, 4, 24, 1, 9][0, 18, 13, 6, 5][2, 16, 28, 17][12, 18, 22, 25][11, 14, 23, 20][16, 6, 10, 21][19, 8, 26][15, 29, 27][14, 7, 28][3, 23][8, 12][2, 15] 
[3, 4, 24, 1, 9][0, 18, 13, 6, 5][2, 16, 28, 17][12, 18, 22, 25][11, 14, 23, 20][16, 6, 10, 21][19, 8, 26][15, 29, 27][14, 7, 28][3, 23][8, 12][2, 15] 
[3, 4, 24, 1, 9][0, 18, 13, 6, 5][2, 16, 28, 17][12, 18, 22, 25][11, 14, 23, 20][16, 6, 10, 21][19, 8, 26][15, 29, 27][14, 7, 28][3, 23][8, 12][2, 15] 
[3, 4, 24, 1, 9][0, 18, 13, 6, 5][2, 16, 28, 17][12, 18, 22, 25][11, 14, 7, 28][16, 6, 10, 21][19, 8, 26][15, 29, 27][14, 23, 20][3, 23][8, 12][2, 15] 
[4, 24, 1, 23, 20][0, 18, 13, 6, 5][2, 16, 28, 17][12, 18, 22, 25][11, 14, 7, 28][16, 6, 10, 21][3, 23, 9][19, 8, 26][2, 29, 27][8, 12][14, 20][2, 15] 
[3, 4, 24, 1, 9][0, 18, 13, 6, 5][2, 16, 28, 17][12, 18, 22, 25][11, 14, 23, 20][16, 6, 10, 21][19, 8, 26][15, 29, 27][14, 7, 28][3, 23][8, 12][2, 15] 
[3, 4, 24, 1, 9][0, 18, 13, 6, 5][2, 16, 28, 17][12, 18, 22, 25][11, 14, 23, 20][16, 6, 10, 21][19, 8, 26][15, 29, 27][14, 7, 28][3, 23][8, 12][2, 15] 
[3, 4, 24, 1, 9][0, 18, 13, 6, 5][2, 16, 28, 17][12, 18, 22, 25][11, 14, 23, 20][16, 6, 10, 21][19, 8, 26][15, 29, 27][14, 7, 28][3, 23][8, 12][2, 15] 
[3, 4, 24, 1, 9][0, 18, 13, 6, 5][2, 16, 28, 17][12, 18, 22, 25][11, 14, 23, 20][16, 6, 10, 21][19, 8, 26][15, 29, 27][14, 7, 28][3, 23][8, 12][2, 15] 
[3, 4, 24, 1, 9][0, 18, 13, 6, 5][2, 16, 28, 17][12, 18, 22, 25][11, 14, 23, 20][16, 6, 10, 21][19, 8, 26][15, 29, 27][14, 7, 28][3, 23][8, 12][2, 15] 
[3, 4, 24, 1, 9][0, 18, 13, 6, 5][2, 16, 28, 17][12, 18, 22, 25][11, 14, 23, 20][16, 6, 10, 21][19, 8, 26][15, 29, 27][14, 7, 28][3, 23][8, 12][2, 15] 
[3, 4, 24, 1, 9][0, 18, 13, 6, 5][2, 16, 28, 17][12, 18, 22, 25][11, 14, 23, 20][16, 6, 10, 21][19, 8, 26][15, 29, 27][14, 7, 28][3, 23][8, 12][2, 15] 
[3, 4, 24, 1, 9][0, 18, 13, 6, 5][2, 16, 28, 17][12, 18, 22, 25][11, 14, 23, 20][16, 6, 10, 21][19, 8, 26][15, 29, 27][14, 7, 28][3, 23][8, 12][2, 15] 
[3, 4, 24, 1, 9][0, 18, 13, 6, 5][2, 16, 28, 17][12, 18, 22, 25][11, 14, 7, 28][16, 6, 10, 21][19, 8, 26][15, 29, 27][14, 23, 20][3, 23][8, 12][2, 15] 
[4, 24, 1, 23, 20][0, 18, 13, 6, 5][2, 16, 28, 17][12, 18, 22, 25][11, 14, 7, 28][16, 6, 10, 21][3, 23, 9][19, 8, 26][2, 29, 27][8, 12][14, 20][2, 15] 
[3, 4, 24, 1, 9][0, 18, 13, 6, 5][2, 16, 28, 17][12, 18, 22, 25][11, 14, 23, 20][16, 6, 10, 21][19, 8, 26][15, 29, 27][14, 7, 28][3, 23][8, 12][2, 15] 
[3, 4, 24, 1, 9][0, 18, 13, 6, 5][2, 16, 28, 17][12, 18, 22, 25][11, 14, 23, 20][16, 6, 10, 21][19, 8, 26][15, 29, 27][14, 7, 28][3, 23][8, 12][2, 15] 
[3, 4, 24, 1, 9][0, 18, 13, 6, 5][2, 16, 28, 17][12, 18, 22, 25][11, 14, 23, 20][16, 6, 10, 21][19, 8, 26][15, 29, 27][14, 7, 28][3, 23][8, 12][2, 15] 
[3, 4, 24, 1, 9][0, 18, 13, 6, 5][2, 16, 28, 17][12, 18, 22, 25][11, 14, 23, 20][16, 6, 10, 21][19, 8, 26][15, 29, 27][14, 7, 28][3, 23][8, 12][2, 15] 
[3, 4, 24, 1, 9][0, 18, 13, 6, 5][2, 16, 28, 17][12, 18, 22, 25][11, 14, 7, 28][16, 6, 10, 21][19, 8, 26][15, 29, 27][14, 23, 20][3, 23][8, 12][2, 15] 
[3, 4, 24, 1, 9][0, 18, 13, 6, 5][2, 16, 28, 17][12, 18, 22, 25][11, 14, 23, 20][16, 6, 10, 21][19, 8, 26][15, 29, 27][14, 7, 28][3, 23][8, 12][2, 15] 
[3, 4, 24, 1, 9][0, 18, 13, 6, 5][2, 16, 28, 17][12, 18, 22, 25][11, 14, 23, 20][16, 6, 10, 21][19, 8, 26][15, 29, 27][14, 7, 28][3, 23][8, 12][2, 15] 
[3, 4, 24, 1, 9][0, 18, 13, 6, 5][2, 16, 28, 17][12, 18, 22, 25][11, 14, 23, 20][16, 6, 10, 21][19, 8, 26][15, 29, 27][14, 7, 28][3, 23][8, 12][2, 15] 
[3, 4, 24, 1, 9][0, 18, 13, 6, 5][2, 16, 28, 17][12, 18, 22, 25][11, 14, 7, 28][16, 6, 10, 21][19, 8, 26][15, 29, 27][14, 23, 20][3, 23][8, 12][2, 15] 
[3, 4, 24, 1, 9][0, 18, 13, 6, 5][2, 16, 28, 17][12, 18, 22, 25][11, 14, 23, 20][16, 6, 10, 21][19, 8, 26][15, 29, 27][14, 7, 28][3, 23][8, 12][2, 15] 
[3, 4, 24, 1, 9][0, 18, 13, 6, 5][2, 16, 28, 17][12, 18, 22, 25][11, 14, 23, 20][16, 6, 10, 21][19, 8, 26][15, 29, 27][14, 7, 28][3, 23][8, 12][2, 15] 
[3, 4, 24, 1, 9][0, 18, 13, 6, 5][2, 16, 28, 17][12, 18, 22, 25][11, 14, 23, 20][16, 6, 10, 21][19, 8, 26][15, 29, 27][14, 7, 28][3, 23][8, 12][2, 15] 
[5, 21, 15, 16, 28, 0, 13, 6, 2, 27, 29, 10, 7, 25][4, 1, 3, 11, 17, 12, 19, 22, 18, 0, 26, 8][4, 1, 9, 14, 24, 20, 23][2, 27, 29][15, 16][16, 28][15, 21][8, 26][7, 25][7, 25][0, 26][10, 29] 
[5, 21, 15, 16, 28, 0, 13, 6, 2, 27, 29, 10, 7, 25, 11][4, 24, 1, 3, 11, 17, 12, 19, 22, 18, 0, 26, 8][9, 14, 3, 24, 20, 23][2, 27, 29][15, 16][16, 28][15, 21][8, 26][7, 25][7, 25][0, 26][10, 29] 
[5, 21, 15, 16, 28, 0, 13, 6, 2, 27, 29, 10, 7, 25][8, 26, 0, 18, 22, 19, 12, 17, 11, 3, 4, 24][4, 1, 9, 14, 24, 20, 23][2, 27, 29][15, 16][16, 28][15, 21][8, 26][7, 25][7, 25][0, 26][10, 29] 
[5, 15, 16, 28, 0, 13, 6, 2, 27, 29, 10, 7, 25, 11][12, 8, 26, 0, 18, 17, 19, 22, 25, 7, 14][4, 1, 9, 14, 3, 24, 20, 23][15, 16][16, 28][15, 21][27, 29][8, 26][7, 25][7, 25][0, 26][10, 29] 
[5, 15, 16, 28, 0, 13, 6, 2, 27, 29, 10, 7, 25, 11][12, 8, 26, 0, 18, 17, 19, 22, 25, 7, 14][4, 1, 9, 14, 3, 24, 20, 23][15, 16][16, 28][15, 21][27, 29][8, 26][7, 25][7, 25][0, 26][10, 29] 
[5, 21, 15, 16, 28, 0, 13, 6, 2, 27, 29, 10, 7, 25][6, 13, 18, 0, 19, 12, 8, 26][4, 1, 9, 14, 3, 24, 20, 23][3, 11, 17, 12, 19, 22][15, 16][16, 28][15, 21][27, 29][7, 25][7, 25][0, 26][10, 29] 
[5, 21, 15, 16, 28, 0, 13, 6, 2, 27, 29, 10, 7, 25][4, 24, 1, 3, 11, 17, 12, 19, 22, 18, 0, 26, 8][9, 14, 3, 24, 20, 23][2, 27, 29][15, 16][16, 28][15, 21][8, 26][7, 25][7, 25][0, 26][10, 29] 
[5, 21, 15, 16, 28, 0, 13, 6, 2, 27, 29, 10, 7, 25][8, 26, 0, 18, 22, 19, 12, 17, 11, 3, 4, 24][1, 9, 14, 24, 20, 23][15, 16][16, 28][15, 21][27, 29][8, 26][7, 25][7, 25][0, 26][10, 29] 
[5, 15, 16, 28, 0, 13, 6, 2, 27, 29, 10, 7, 25, 11][12, 8, 26, 0, 18, 17, 19, 22, 25, 7, 14][4, 1, 9, 14, 3, 24, 20, 23][15, 16][16, 28][15, 21][27, 29][8, 26][7, 25][7, 25][0, 26][10, 29] 
[5, 21, 15, 16, 28, 0, 13, 6, 2, 27, 29, 10, 7, 25][4, 3, 11, 17, 12, 19, 22, 18, 0, 26, 8][4, 1, 9, 14, 3, 24, 20, 23][2, 27, 29][15, 16][16, 28][15, 21][8, 26][7, 25][7, 25][0, 26][10, 29] 
[5, 21, 15, 16, 28, 0, 13, 6, 2, 27, 29, 10, 7, 25, 11][4, 3, 11, 17, 12, 19, 22, 18, 0, 26, 8][4, 1, 9, 14, 3, 24, 20, 23][2, 27, 29][15, 16][16, 28][15, 21][8, 26][7, 25][7, 25][0, 26][10, 29] 
[5, 21, 15, 16, 28, 0, 13, 6, 2, 27, 29, 10, 7, 25][4, 24, 1, 3, 11, 17, 12, 19, 22, 18, 0, 26, 8][9, 14, 3, 24, 20, 23][2, 27, 29][15, 16][16, 28][15, 21][8, 26][7, 25][7, 25][0, 26][10, 29] 
[5, 15, 16, 28, 0, 13, 6, 2, 27, 29, 10, 7, 25, 11][12, 8, 26, 0, 18, 17, 19, 22, 25, 7, 14][4, 1, 9, 14, 3, 24, 20, 23][15, 16][16, 28][15, 21][27, 29][8, 26][7, 25][7, 25][0, 26][10, 29] 
[5, 21, 15, 16, 28, 0, 13, 6, 2, 27, 29, 10, 7, 25][4, 3, 11, 17, 12, 19, 22, 18, 0, 26, 8][4, 1, 9, 14, 3, 24, 20, 23][2, 27, 29][15, 16][16, 28][15, 21][8, 26][7, 25][7, 25][0, 26][10, 29] 
[5, 21, 15, 16, 28, 0, 13, 6, 2, 27, 29, 10, 7, 25][8, 26, 0, 18, 22, 19, 12, 17, 11, 3, 4, 24][1, 9, 14, 24, 20, 23][15, 16][16, 28][15, 21][27, 29][8, 26][7, 25][7, 25][0, 26][10, 29] 
[5, 21, 15, 16, 28, 0, 13, 6, 2, 27, 29, 10, 7, 25][4, 1, 3, 11, 17, 12, 19, 22, 18, 0, 26, 8][4, 1, 9, 14, 24, 20, 23][2, 27, 29][15, 16][16, 28][15, 21][8, 26][7, 25][7, 25][0, 26][10, 29] 
[5, 21, 15, 16, 28, 0, 13, 6, 2, 27, 29, 10, 7, 25][4, 1, 3, 11, 17, 12, 19, 22, 18, 0, 26, 8][4, 1, 9, 14, 24, 20, 23][15, 16][16, 28][15, 21][27, 29][8, 26][7, 25][7, 25][0, 26][10, 29] 
[5, 21, 15, 16, 28, 0, 13, 6, 2, 27, 29, 10, 7, 25, 11][12, 8, 26, 0, 13, 18, 17, 19, 22, 25, 7, 14][4, 1, 9, 14, 3, 24, 20, 23][15, 16][16, 28][15, 21][27, 29][8, 26][7, 25][7, 25][0, 26][10, 29] 
[5, 21, 15, 16, 28, 0, 13, 6, 2, 27, 29, 10, 7, 25][4, 1, 3, 11, 17, 12, 19, 22, 18, 0, 26, 8][4, 1, 9, 14, 3, 24, 20, 23][2, 27, 29][15, 16][16, 28][15, 21][8, 26][7, 25][7, 25][0, 26][10, 29] 
[5, 21, 15, 16, 28, 0, 13, 6, 2, 27, 29, 10, 7, 25][8, 26, 0, 18, 22, 19, 12, 17, 11, 3, 4, 24, 23][1, 9, 14, 24, 20, 23][15, 16][16, 28][15, 21][27, 29][8, 26][7, 25][7, 25][0, 26][10, 29] 
[5, 21, 15, 16, 28, 0, 13, 6, 2, 27, 29, 10, 7, 25][4, 1, 3, 11, 17, 12, 19, 22, 18, 0, 26, 8][4, 1, 9, 14, 24, 20, 23][15, 16][16, 28][15, 21][27, 29][8, 26][7, 25][7, 25][0, 26][10, 29] 
[3, 4, 24, 1, 9][0, 18, 13, 6, 5][2, 16, 28, 17][12, 18, 22, 25][11, 14, 23, 20][16, 6, 10, 21][19, 8, 26][15, 29, 27][14, 7, 28][3, 23][8, 12][2, 15] 
[3, 4, 24, 1, 9][0, 18, 13, 6, 5][2, 16, 28, 17][12, 18, 22, 25][11, 14, 23, 20][16, 6, 10, 21][19, 8, 26][15, 29, 27][14, 7, 28][3, 23][8, 12][2, 15] 
[3, 4, 24, 1, 9][0, 18, 13, 6, 5][2, 16, 28, 17][12, 18, 22, 25][11, 14, 23, 20][16, 6, 10, 21][19, 8, 26][15, 29, 27][14, 7, 28][3, 23][8, 12][2, 15] 
[3, 4, 24, 1, 9][0, 18, 13, 6, 5][2, 16, 28, 17][12, 18, 22, 25][11, 14, 23, 20][16, 6, 10, 21][19, 8, 26][15, 29, 27][14, 7, 28][3, 23][8, 12][2, 15] 
[3, 4, 24, 1, 9][0, 18, 13, 6, 5][2, 16, 28, 17][12, 18, 22, 25][11, 14, 23, 20][16, 6, 10, 21][19, 8, 26][15, 29, 27][14, 7, 28][3, 23][8, 12][2, 15] 
[3, 4, 24, 1, 9][0, 18, 13, 6, 5][2, 16, 28, 17][12, 18, 22, 25][11, 14, 23, 20][16, 6, 10, 21][19, 8, 26][15, 29, 27][14, 7, 28][3, 23][8, 12][2, 15] 
[3, 4, 24, 1, 9][0, 18, 13, 6, 5][2, 16, 28, 17][12, 18, 22, 25][11, 14, 23, 20][16, 6, 10, 21][19, 8, 26][15, 29, 27][14, 7, 28][3, 23][8, 12][2, 15] 
[3, 4, 24, 1, 9][0, 18, 13, 6, 5][2, 16, 28, 17][12, 18, 22, 25][11, 14, 23, 20][16, 6, 10, 21][19, 8, 26][15, 29, 27][14, 7, 28][3, 23][8, 12][2, 15] 
[3, 4, 24, 1, 9][0, 18, 13, 6, 5][2, 16, 28, 17][12, 18, 22, 25][11, 14, 23, 20][16, 6, 10, 21][19, 8, 26][15, 29, 27][14, 7, 28][3, 23][8, 12][2, 15] 
[3, 4, 24, 1, 9][0, 18, 13, 6, 5][2, 16, 28, 17][12, 18, 22, 25][11, 14, 23, 20][16, 6, 10, 21][19, 8, 26][15, 29, 27][14, 7, 28][3, 23][8, 12][2, 15] 
[3, 4, 24, 1, 9][0, 18, 13, 6, 5][2, 16, 28, 17][12, 18, 22, 25][11, 14, 23, 20][16, 6, 10, 21][19, 8, 26][15, 29, 27][14, 7, 28][3, 23][8, 12][2, 15] 
[3, 4, 24, 1, 9][0, 18, 13, 6, 5][2, 16, 28, 17][12, 18, 22, 25][11, 14, 23, 20][16, 6, 10, 21][19, 8, 26][15, 29, 27][14, 7, 28][3, 23][8, 12][2, 15] 
[3, 4, 24, 1, 9][0, 18, 13, 6, 5][2, 16, 28, 17][12, 18, 22, 25][11, 14, 23, 20][16, 6, 10, 21][19, 8, 26][15, 29, 27][14, 7, 28][3, 23][8, 12][2, 15] 
[3, 4, 24, 1, 9][0, 18, 13, 6, 5][2, 16, 28, 17][12, 18, 22, 25][11, 14, 23, 20][16, 6, 10, 21][19, 8, 26][15, 29, 27][14, 7, 28][3, 23][8, 12][2, 15] 
[3, 4, 24, 1, 9][0, 18, 13, 6, 5][2, 16, 28, 17][12, 18, 22, 25][11, 14, 23, 20][16, 6, 10, 21][19, 8, 26][15, 29, 27][14, 7, 28][3, 23][8, 12][2, 15] 
[3, 4, 24, 1, 9][0, 18, 13, 6, 5][2, 16, 28, 17][12, 18, 22, 25][11, 14, 23, 20][16, 6, 10, 21][19, 8, 26][15, 29, 27][14, 7, 28][3, 23][8, 12][2, 15] 
[3, 4, 24, 1, 9][0, 18, 13, 6, 5][2, 16, 28, 17][12, 18, 22, 25][11, 14, 23, 20][16, 6, 10, 21][19, 8, 26][15, 29, 27][14, 7, 28][3, 23][8, 12][2, 15] 
[3, 4, 24, 1, 9][0, 18, 13, 6, 5][2, 16, 28, 17][12, 18, 22, 25][11, 14, 23, 20][16, 6, 10, 21][19, 8, 26][15, 29, 27][14, 7, 28][3, 23][8, 12][2, 15] 
[3, 4, 24, 1, 9][0, 18, 13, 6, 5][2, 16, 28, 17][12, 18, 22, 25][11, 14, 23, 20][16, 6, 10, 21][19, 8, 26][15, 29, 27][14, 7, 28][3, 23][8, 12][2, 15] 
[3, 4, 24, 1, 9][0, 18, 13, 6, 5][2, 16, 28, 17][12, 18, 22, 25][11, 14, 23, 20][16, 6, 10, 21][19, 8, 26][15, 29, 27][14, 7, 28][3, 23][8, 12][2, 15] 
[0, 18, 13, 6, 5][1, 24, 4, 3][2, 16, 28, 17][12, 18, 22, 25][11, 14, 7, 28][16, 6, 10, 21][3, 23, 9][19, 8, 26][15, 29, 27][14, 23, 20][8, 12][2, 15] 
[3, 4, 24, 1, 9][0, 18, 13, 6, 5][2, 16, 28, 17][12, 18, 22, 25][11, 14, 23, 20][16, 6, 10, 21][19, 8, 26][15, 29, 27][14, 7, 28][3, 23][8, 12][2, 15] 
[3, 4, 24, 1, 9][0, 18, 13, 6, 5][2, 16, 28, 17][12, 18, 22, 25][11, 14, 23, 20][16, 6, 10, 21][19, 8, 26][15, 29, 27][14, 7, 28][3, 23][8, 12][2, 15] 
[3, 4, 24, 1, 9][0, 18, 13, 6, 5][2, 16, 28, 17][12, 18, 22, 25][11, 14, 23, 20][16, 6, 10, 21][19, 8, 26][15, 29, 27][14, 7, 28][3, 23][8, 12][2, 15] 
[3, 4, 24, 1, 9][0, 18, 13, 6, 5][2, 16, 28, 17][12, 18, 22, 25][11, 14, 23, 20][16, 6, 10, 21][19, 8, 26][15, 29, 27][14, 7, 28][3, 23][8, 12][2, 15] 
[3, 4, 24, 1, 9][0, 18, 13, 6, 5][2, 16, 28, 17][12, 18, 22, 25][11, 14, 23, 20][16, 6, 10, 21][19, 8, 26][15, 29, 27][14, 7, 28][3, 23][8, 12][2, 15] 
[3, 4, 24, 1, 9][0, 18, 13, 6, 5][2, 16, 28, 17][12, 18, 22, 25][11, 14, 23, 20][16, 6, 10, 21][19, 8, 26][15, 29, 27][14, 7, 28][3, 23][8, 12][2, 15] 
[3, 4, 24, 1, 9][0, 18, 13, 6, 5][2, 16, 28, 17][12, 18, 22, 25][11, 14, 23, 20][16, 6, 10, 21][19, 8, 26][15, 29, 27][14, 7, 28][3, 23][8, 12][2, 15] 
[3, 4, 24, 1, 9][0, 18, 13, 6, 5][2, 16, 28, 17][12, 18, 22, 25][11, 14, 23, 20][16, 6, 10, 21][19, 8, 26][15, 29, 27][14, 7, 28][3, 23][8, 12][2, 15] 
[3, 4, 24, 1, 9][0, 18, 13, 6, 5][2, 16, 28, 17][12, 18, 22, 25][11, 14, 23, 20][16, 6, 10, 21][19, 8, 26][15, 29, 27][14, 7, 28][3, 23][8, 12][2, 15] 
[3, 4, 24, 1, 9][0, 18, 13, 6, 5][2, 16, 28, 17][12, 18, 22, 25][11, 14, 23, 20][16, 6, 10, 21][19, 8, 26][15, 29, 27][14, 7, 28][3, 23][8, 12][2, 15] 
[3, 4, 24, 1, 9][0, 18, 13, 6, 5][2, 16, 28, 17][12, 18, 22, 25][11, 14, 23, 20][16, 6, 10, 21][19, 8, 26][15, 29, 27][14, 7, 28][3, 23][8, 12][2, 15] 
[3, 4, 24, 1, 9][0, 18, 13, 6, 5][2, 16, 28, 17][12, 18, 22, 25][11, 14, 23, 20][16, 6, 10, 21][19, 8, 26][15, 29, 27][14, 7, 28][3, 23][8, 12][2, 15] 
[3, 4, 24, 1, 9][0, 18, 13, 6, 5][2, 16, 28, 17][12, 18, 22, 25][11, 14, 23, 20][16, 6, 10, 21][19, 8, 26][15, 29, 27][14, 7, 28][3, 23][8, 12][2, 15] 
[3, 4, 24, 1, 9][0, 18, 13, 6, 5][2, 16, 28, 17][12, 18, 22, 25][11, 14, 23, 20][16, 6, 10, 21][19, 8, 26][15, 29, 27][14, 7, 28][3, 23][8, 12][2, 15] 
[3, 4, 24, 1, 9][0, 18, 13, 6, 5][2, 16, 28, 17][12, 18, 22, 25][11, 14, 23, 20][16, 6, 10, 21][19, 8, 26][15, 29, 27][14, 7, 28][3, 23][8, 12][2, 15] 
[3, 4, 24, 1, 9][0, 18, 13, 6, 5][2, 16, 28, 17][12, 18, 22, 25][11, 14, 23, 20][16, 6, 10, 21][19, 8, 26][15, 29, 27][14, 7, 28][3, 23][8, 12][2, 15] 
[3, 4, 24, 1, 9][0, 18, 13, 6, 5][2, 16, 28, 17][12, 18, 22, 25][11, 14, 23, 20][16, 6, 10, 21][19, 8, 26][15, 29, 27][14, 7, 28][3, 23][8, 12][2, 15] 
[3, 4, 24, 1, 9][0, 18, 13, 6, 5][2, 16, 28, 17][12, 18, 22, 25][11, 14, 23, 20][16, 6, 10, 21][19, 8, 26][15, 29, 27][14, 7, 28][3, 23][8, 12][2, 15] 
[3, 4, 24, 1, 9][0, 18, 13, 6, 5][2, 16, 28, 17][12, 18, 22, 25][11, 14, 23, 20][16, 6, 10, 21][19, 8, 26][15, 29, 27][14, 7, 28][3, 23][8, 12][2, 15] 
[3, 4, 24, 1, 9][0, 18, 13, 6, 5][2, 16, 28, 17][12, 18, 22, 25][11, 14, 23, 20][16, 6, 10, 21][19, 8, 26][15, 29, 27][14, 7, 28][3, 23][8, 12][2, 15] 
[3, 4, 24, 1, 9][0, 18, 13, 6, 5][2, 16, 28, 17][12, 18, 22, 25][11, 14, 23, 20][16, 6, 10, 21][19, 8, 26][15, 29, 27][14, 7, 28][3, 23][8, 12][2, 15] 
[3, 4, 24, 1, 9][0, 18, 13, 6, 5][2, 16, 28, 17][12, 18, 22, 25][11, 14, 23, 20][16, 6, 10, 21][19, 8, 26][15, 29, 27][14, 7, 28][3, 23][8, 12][2, 15] 
[4, 24, 1, 9, 23, 20][0, 18, 13, 6, 5][2, 16, 28, 17][12, 18, 22, 25][11, 14, 7, 28][16, 6, 10, 21][19, 8, 26][2, 29, 27][3, 23][8, 12][14, 20][2, 15] 
[4, 24, 1, 9, 23, 20][0, 18, 13, 6, 5][2, 16, 28, 17][12, 18, 22, 25][11, 14, 7, 28][16, 6, 10, 21][3, 23, 9][19, 8, 26][2, 29, 27][8, 12][14, 20][2, 15] 
[4, 24, 1, 9, 23, 20][0, 18, 13, 6, 5][2, 16, 28, 17][12, 18, 22, 25][11, 14, 7, 28][16, 6, 10, 21][19, 8, 26][2, 29, 27][3, 23][8, 12][14, 20][2, 15] 
[4, 24, 1, 9, 23, 20][0, 18, 13, 6, 5][2, 16, 28, 17][12, 18, 22, 25][11, 14, 7, 28][16, 6, 10, 21][19, 8, 26][2, 29, 27][3, 23][8, 12][14, 20][2, 15] 
[4, 24, 1, 9, 23, 20][0, 18, 13, 6, 5][2, 16, 28, 17][12, 18, 22, 25][11, 14, 7, 28][16, 6, 10, 21][19, 8, 26][2, 29, 27][3, 23][8, 12][14, 20][2, 15] 
[4, 24, 1, 9, 23, 20][0, 18, 13, 6, 5][2, 15, 29, 27][2, 16, 28, 17][12, 18, 22, 25][11, 14, 7, 28][16, 6, 10, 21][19, 8, 26][3, 23][8, 12][14, 20][2, 15] 
[3, 4, 24, 1, 9][0, 18, 13, 6, 5][2, 16, 28, 17][12, 18, 22, 25][11, 14, 23, 20][16, 6, 10, 21][19, 8, 26][15, 29, 27][14, 7, 28][3, 23][8, 12][2, 15] 
[3, 4, 24, 1, 9][0, 18, 13, 6, 5][2, 16, 28, 17][12, 18, 22, 25][11, 14, 23, 20][16, 6, 10, 21][19, 8, 26][15, 29, 27][14, 7, 28][3, 23][8, 12][2, 15] 
[3, 4, 24, 1, 9][0, 18, 13, 6, 5][2, 16, 28, 17][12, 18, 22, 25][11, 14, 23, 20][16, 6, 10, 21][19, 8, 26][15, 29, 27][14, 7, 28][3, 23][8, 12][2, 15] 
[3, 4, 24, 1, 9][0, 18, 13, 6, 5][2, 16, 28, 17][12, 18, 22, 25][11, 14, 23, 20][16, 6, 10, 21][19, 8, 26][15, 29, 27][14, 7, 28][3, 23][8, 12][2, 15] 
[3, 4, 24, 1, 9][0, 18, 13, 6, 5][2, 16, 28, 17][12, 18, 22, 25][11, 14, 23, 20][16, 6, 10, 21][19, 8, 26][15, 29, 27][14, 7, 28][3, 23][8, 12][2, 15] 
[3, 4, 24, 1, 9][0, 18, 13, 6, 5][2, 16, 28, 17][12, 18, 22, 25][11, 14, 23, 20][16, 6, 10, 21][19, 8, 26][15, 29, 27][14, 7, 28][3, 23][8, 12][2, 15] 
[3, 4, 24, 1, 9][0, 18, 13, 6, 5][2, 16, 28, 17][12, 18, 22, 25][11, 14, 23, 20][16, 6, 10, 21][19, 8, 26][15, 29, 27][14, 7, 28][3, 23][8, 12][2, 15] 
