88199.22485820534 19899.833757322067 0.050745119621685764 2.1194547519423763E-10 87.0 215.0 5.272979797979798 
31470.0 11763.205174542933 0.055876685934489405 0.4707771355170199 33.0 63.0 0.0 
47450.0 12391.337936411595 0.2035966602440591 0.2813102119460501 42.0 69.0 0.0 
98840.0 9181.156208808787 0.1348747591522158 0.0 105.0 104.0 4.029411764705882 
78020.0 8487.13554688052 0.19845857418111754 0.06358381502890173 82.0 70.0 0.0 
93978.03653483471 15116.486864039469 0.06936416184971098 0.0 96.0 200.0 4.738919863919864 
70885.0 9021.16764214198 0.1104830421801483 0.11112538504550659 82.0 91.0 3.0083916083916082 
92168.12412670358 14392.624052484027 0.07066576301304127 1.7409689094294476E-5 108.0 199.0 4.267287234042553 
57180.0 8551.40709945635 0.08799995380012532 0.3153922719984622 60.0 78.0 2.466666666666667 
56565.0 8350.797872340427 0.09312780989081568 0.3179190751445087 60.0 77.0 1.0666666666666667 
55763.976109215015 9235.919324466407 0.13360888258590597 0.37834050875137004 52.0 77.0 0.19617224880382775 
59545.0 10466.869265782456 0.21646341105439262 0.18754443279073632 64.0 80.0 2.7867965367965364 
67220.0 9832.503172465515 0.3494360521547085 0.1316777278241633 73.0 68.0 1.1052631578947367 
53290.0 9535.82484087737 0.19396274887604367 0.2691072575465639 52.0 67.0 1.1818181818181819 
65907.05531176322 13999.532140138845 0.12461434653971629 0.14067317574511412 58.0 100.0 2.8981818181818184 
85225.79316332637 16583.287852605816 0.07132278903693473 0.007084255783956186 89.0 182.0 4.060269395559197 
68170.0 12314.128866222436 0.12652536929993577 0.14322414900449582 74.0 93.0 2.2415329768270946 
47941.80140900582 12799.31674923526 0.10533076429030186 0.2729608220937701 57.0 90.0 0.6674082313681868 
63830.0 12157.69006052483 0.2164705028237611 0.1393874144116384 56.0 80.0 0.3176470588235294 
90396.51240679751 12449.94634121587 0.08349389852280026 0.0 86.0 131.0 3.9833333333333334 
95550.0 7824.530668366999 0.12780989081567115 0.07129094412331406 109.0 84.0 1.1428571428571428 
74740.0 9355.456645932309 0.23314065510597304 0.09505459216441875 66.0 66.0 1.1538461538461537 
74012.4458874459 11929.039099993059 0.1490246257707026 0.1085572480384647 66.0 76.0 0.7211538461538461 
88193.94498520756 19908.164664276544 0.050756254823658795 1.64999552438714E-6 87.0 215.0 5.272979797979798 
32330.0 11524.804794476922 0.04624887954991422 0.4740493241412083 37.0 68.0 0.0 
47450.0 12391.337936411595 0.2035966602440591 0.2813102119460501 42.0 69.0 0.0 
88704.99999999999 10114.0222886194 0.13744380218368657 0.012845215157353885 101.0 108.0 3.8354978354978355 
78020.0 8487.13554688052 0.19845857418111754 0.06358381502890173 82.0 70.0 0.0 
92401.43660897174 15316.561887854159 0.027617212588310854 0.0 104.0 199.0 5.082142857142857 
70885.0 9021.16764214198 0.1104830421801483 0.11112538504550659 82.0 91.0 3.0083916083916082 
100464.94698039057 15461.121780666826 0.06037251123956326 0.0012845215157353885 108.0 200.0 4.743597883597884 
60330.0 9115.52799756751 0.1111111111111111 0.29736673089274246 56.0 80.0 2.399503722084367 
55530.0 8449.038461538463 0.07964033397559409 0.32883750802825945 58.0 76.0 1.0666666666666667 
55123.976109215015 9345.022080054987 0.14515093127809892 0.3808606294155427 51.0 75.0 0.0 
59545.0 10466.869265081265 0.21647067139495013 0.18754732187237258 64.0 80.0 2.7867965367965364 
64875.0 11271.72284401889 0.2780989081567116 0.18432883750802825 79.0 65.0 0.0 
53105.0 9042.216855895167 0.1817597944765575 0.2466281310211946 57.0 71.0 0.0 
65907.05531176322 13999.532140138845 0.12461434653971629 0.14067317574511412 58.0 100.0 2.8981818181818184 
87445.26832229714 18105.751765528683 0.052032282952991254 9.099878977464593E-7 88.0 207.0 4.726936062225864 
66286.28881662275 13942.482457039501 0.10215856539489136 0.1387481236457146 81.0 139.0 2.6 
48820.0 12230.03020562224 0.11626429665718009 0.27299737431639476 55.0 79.0 0.8932900432900432 
66970.85906309543 13034.073593974697 0.22738976070527409 0.12654162175585099 58.0 80.0 0.35384615384615387 
76245.0 7128.258313149794 0.13296596182982853 0.13552865237853043 82.0 79.0 1.1 
74740.0 9689.035501715824 0.23316969502720222 0.09506267714248824 66.0 67.0 1.1428571428571428 
75880.0 13310.0082655129 0.16698779704560052 0.07514450867052024 70.0 95.0 1.8722222222222222 
33040.0 11481.96672608437 0.047527296082209375 0.47398843930635837 37.0 65.0 0.0 
47450.0 12391.337936411595 0.2035966602440591 0.2813102119460501 42.0 69.0 0.0 
87135.15470172712 9073.88114652019 0.22481931888665338 0.0 96.0 87.0 3.681984681984682 
78020.0 8487.13554688052 0.19845857418111754 0.06358381502890173 82.0 70.0 0.0 
90465.37559878698 17624.701086321053 0.05139002219512356 9.099878977464593E-7 93.0 206.0 5.051648705904025 
70885.0 9071.023793643086 0.11048337245450732 0.1111225792688284 82.0 93.0 3.0083916083916082 
60330.0 9115.527997519697 0.11112538357239705 0.29740492828913195 56.0 80.0 2.399503722084367 
62200.0 8247.817338463188 0.13423249839434812 0.27552986512524086 66.0 83.0 1.2666666666666666 
59545.0 10466.869265776482 0.21646968152490623 0.18756423215438311 64.0 80.0 2.7867965367965364 
70260.0 9526.312023951583 0.3596660244059088 0.1111111111111111 78.0 76.0 2.621052631578947 
56360.0 9137.934178160136 0.20423892100192678 0.21965317919075145 58.0 71.0 0.0 
65907.11592007484 13999.619509402864 0.12461401660394048 0.14067292821369956 58.0 100.0 2.8981818181818184 
80813.7516327623 13974.598683063292 0.22736030828516376 0.010918432883750802 104.0 132.0 3.3999820868786386 
49345.0 12366.507818317194 0.11433974159163182 0.28648509741360545 55.0 88.0 0.5576923076923077 
66970.85620195945 13033.953574143105 0.2273881107097497 0.12654376675003268 58.0 80.0 0.35384615384615387 
76245.0 7128.258313149794 0.1329650566424958 0.1355344288570814 82.0 79.0 1.1 
72510.0 11919.915161121382 0.29543994861913936 0.15093127809890816 61.0 81.0 2.305263157894737 
85491.46812708351 14394.379526396535 0.1740779928134445 0.007722144053684254 81.0 126.0 3.4255348516218085 
33040.0 11481.96672608437 0.047527296082209375 0.47398843930635837 37.0 65.0 0.0 
47450.0 12391.337936411595 0.2035966602440591 0.2813102119460501 42.0 69.0 0.0 
103187.25753744315 12566.350235583745 0.06037251123956326 0.0 110.0 150.0 4.470571747093486 
78020.0 8487.13554688052 0.19845857418111754 0.06358381502890173 82.0 70.0 0.0 
94839.20586522909 18158.485452243218 0.047533897241129754 1.1688990337141417E-10 99.0 226.0 5.147802552057871 
70885.0 9107.87935385369 0.11048304213772385 0.11112538540591464 82.0 96.0 3.1599067599067596 
60330.0 9115.527997519697 0.11112538357239705 0.29740492828913195 56.0 80.0 2.399503722084367 
64940.0 9433.783316812764 0.11626115964160447 0.2640100088728509 67.0 87.0 0.6956989247311828 
59545.0 10466.869265776482 0.21646968152490623 0.18756423215438311 64.0 80.0 2.7867965367965364 
73641.87396797823 12311.028356664083 0.24023687690804965 0.07065809042786651 74.0 100.0 1.3976556776556777 
56360.0 9137.934178160136 0.20423892100192678 0.21965317919075145 58.0 71.0 0.0 
65877.11162481554 14050.168187841413 0.11562294339711493 0.1406731757451182 58.0 110.0 3.183896103896104 
48040.0 12052.004873636863 0.10534429621432892 0.27299588900308325 57.0 85.0 0.3647214854111406 
66020.85920539792 13236.84256262788 0.21518656258968596 0.12654162384351392 59.0 85.0 0.35384615384615387 
76245.0 7128.258313149794 0.13296505652622254 0.1355344295990825 82.0 79.0 1.1 
33040.0 11481.96672608437 0.047527296082209375 0.47398843930635837 37.0 65.0 0.0 
47450.0 12391.337936411595 0.2035966602440591 0.2813102119460501 42.0 69.0 0.0 
78020.0 8487.13554688052 0.19845857418111754 0.06358381502890173 82.0 70.0 0.0 
70487.5 10760.363874579423 0.10406043455904146 0.11112538540596094 83.0 108.0 3.5806526806526806 
60330.0 9115.527997519692 0.11112538540572543 0.2974049331956698 56.0 80.0 2.399503722084367 
55530.0 8393.985270049101 0.07965163775899808 0.3288780208441873 58.0 76.0 2.0 
59545.0 10466.869265776482 0.21646968152490623 0.18756423215438311 64.0 80.0 2.7867965367965364 
65275.0 10179.048059028573 0.4425176621708414 0.15863840719332048 68.0 67.0 1.1176470588235294 
56360.0 9137.934178160136 0.20423892100192678 0.21965317919075145 58.0 71.0 0.0 
65479.90969246054 14377.739409636353 0.11626520415498262 0.1406731757451182 60.0 104.0 3.0404395604395607 
48040.0 12052.004873636863 0.10534429621432892 0.27299588900308325 57.0 85.0 0.3647214854111406 
66455.0 12004.513243709802 0.21644187540141296 0.14322414900449582 56.0 75.0 0.0 
76245.0 7128.258313149794 0.13296505652622254 0.1355344295990825 82.0 79.0 1.1 
35175.0 11927.522484372561 0.11496467565831728 0.45343609505459215 38.0 67.0 0.0 
51985.0 11781.062897319835 0.26332691072575465 0.24341682723185612 48.0 69.0 0.0 
78020.0 8487.13554688052 0.19845857418111754 0.06358381502890173 82.0 70.0 0.0 
70477.81839118051 11224.652413765916 0.10405960956127927 0.11112538540596095 84.0 112.0 3.734498834498835 
65265.0 9311.431892843588 0.13296596182982853 0.27299200700918097 61.0 85.0 2.8665366891173343 
55530.0 8393.985270049101 0.07965163775899808 0.3288780208441873 58.0 76.0 2.0 
66115.0 10462.086277436258 0.2132305716120745 0.13937058445728967 68.0 94.0 2.739054049398877 
58435.0 9008.679798004561 0.2286581135789324 0.3038217663092778 55.0 74.0 0.0 
65545.0 14037.035354592897 0.1226878116912786 0.14067317571332225 62.0 105.0 3.0175661375661376 
48040.0 12052.004873636863 0.10534429621432892 0.27299588900308325 57.0 85.0 0.3647214854111406 
57315.00000000001 12860.575096405917 0.25369299935773926 0.2003853564547206 58.0 81.0 1.4772727272727273 
76245.0 7128.258313149794 0.13296505652622254 0.1355344295990825 82.0 79.0 1.1 
78020.0 8487.13554688052 0.19845857418111754 0.06358381502890173 82.0 70.0 0.0 
82113.3296655539 12112.528952019564 0.12332182048956193 0.057161207450224794 85.0 114.0 3.597124542124542 
55530.0 8393.985270049101 0.0796505653998406 0.3288797531176421 58.0 76.0 2.0 
52405.0 10876.85602852441 0.250506610500819 0.2755644325314768 48.0 65.0 0.0 
67135.0 13338.383813294235 0.16313423249839434 0.1689145793192036 65.0 107.0 3.16839630957278 
48940.0 11333.326145707555 0.1226867391517864 0.29226371192990575 56.0 70.0 0.0 
73485.0 13016.640713510069 0.24408672916667817 0.07323398094076346 65.0 89.0 0.4338461538461539 
76245.0 7128.258313149794 0.1329650565262076 0.1355344295991778 82.0 79.0 1.1 
84733.56306394377 11594.943685678967 0.15863840719332048 0.04046242774566474 96.0 126.0 4.315497835497835 
