52085.0 7806.617987804311 0.1708633093525425 0.34493833504621474 56.0 70.0 0.0 
52510.0 7962.0794484184125 0.1631551901336074 0.3558581706063721 54.0 70.0 0.0 
52510.0 7962.0794484184125 0.1631551901336074 0.3558581706063721 54.0 70.0 0.0 
52510.0 7962.0794484184125 0.1631551901336074 0.3558581706063721 54.0 70.0 0.0 
53020.0 8870.872687588788 0.1522353545734936 0.34943473792392205 52.0 73.0 0.0 
52510.0 7962.0794484184125 0.1631551901336074 0.3558581706063721 54.0 70.0 0.0 
52510.0 7962.0794484184125 0.1631551901336074 0.3558581706063721 54.0 70.0 0.0 
53020.0 8870.872687588788 0.15223535464767451 0.34943473773317113 52.0 73.0 0.0 
52510.0 7962.0794484184125 0.1631551901336074 0.3558581706063719 54.0 70.0 0.0 
53020.0 8870.872687588788 0.1522353545734936 0.34943473792392205 52.0 73.0 0.0 
52085.0 7806.617987804311 0.1708633093525425 0.34493833504621474 56.0 70.0 0.0 
52510.0 7962.0794484184125 0.1631551901336074 0.3558581706063721 54.0 70.0 0.0 
52510.0 7962.0794484184125 0.1631551901336074 0.3558581706063721 54.0 70.0 0.0 
53020.0 8870.872687588788 0.1522353545734936 0.34943473792392205 52.0 73.0 0.0 
52510.0 7962.0794484184125 0.1631551901336074 0.3558581706063721 54.0 70.0 0.0 
53020.0 8870.872687588788 0.15223535464767451 0.34943473773317113 52.0 73.0 0.0 
52085.0 7806.617987804311 0.17086479453926537 0.3449362722868774 56.0 70.0 0.0 
52510.0 7962.0794484184125 0.1631551901336074 0.3558581706063721 54.0 70.0 0.0 
53020.0 8870.872687588788 0.15223535464767451 0.34943473773317113 52.0 73.0 0.0 
54210.0 8762.632579054427 0.15673175745118192 0.33787255909558067 55.0 75.0 0.20526315789473684 
52085.0 7806.617987804311 0.1708647942213063 0.34493627273202004 56.0 70.0 0.0 
52510.0 7962.0794484184125 0.1631551901336074 0.3558581706063721 54.0 70.0 0.0 
52510.0 7962.0794484184125 0.1631551901336074 0.3558581706063721 54.0 70.0 0.0 
53020.0 8870.872687588788 0.15223535464767451 0.34943473773317113 52.0 73.0 0.0 
52510.0 7962.0794484184125 0.1631551901336074 0.3558581706063721 54.0 70.0 0.0 
53020.0 8870.872687588788 0.15223593214610806 0.34943325273719916 52.0 73.0 0.0 
52085.0 7806.617987804311 0.170863309352518 0.3449383350462487 56.0 70.0 0.0 
52510.0 7962.0794484184125 0.1631551901336074 0.3558581706063721 54.0 70.0 0.0 
53020.0 8870.872687588788 0.15223593214610806 0.34943325273719916 52.0 73.0 0.0 
52085.0 7806.617987804311 0.17086479453926537 0.3449362722868774 56.0 70.0 0.0 
52085.0 7806.617987804311 0.1708633093525425 0.34493833504621474 56.0 70.0 0.0 
52510.0 7962.0794484184125 0.1631551901336074 0.3558581706063721 54.0 70.0 0.0 
53020.0 8870.872687588788 0.15223535464767451 0.34943473773317113 52.0 73.0 0.0 
52085.0 7806.617987804311 0.1708633093525425 0.34493833504621474 56.0 70.0 0.0 
52085.0 7806.617987804311 0.170863309352518 0.3449383350462487 56.0 70.0 0.0 
153850.0 5894.199085884356 0.39375642343264433 0.06551901336071547 161.0 82.0 1.0476190476190477 
153850.0 5894.199085884356 0.39375642343268247 0.06551901336073998 161.0 82.0 1.0476190476190477 
153850.0 5894.199085884356 0.39375642343264433 0.06551901336071547 161.0 82.0 1.0476190476190477 
153680.0 5950.321534863947 0.4078838520303905 0.06551752817399259 159.0 78.0 1.0476190476190477 
153680.0 5950.321534863947 0.40788797533401855 0.06551901336073998 159.0 78.0 1.0476190476190477 
155360.0 6050.844556572631 0.4207293125037502 0.0590955806783036 155.0 82.0 1.0625 
153850.0 5894.199085884356 0.39375642313592063 0.06551901316996454 161.0 82.0 1.0476190476190477 
153850.0 5894.199085884356 0.39375642313592063 0.06551901316996454 161.0 82.0 1.0476190476190477 
153680.0 5950.321534863947 0.40788797533401855 0.06551901336073998 159.0 78.0 1.0476190476190477 
153850.0 5894.199085884356 0.3937541131421865 0.06551752817399259 161.0 82.0 1.0476190476190477 
153850.0 5894.199085884356 0.39375642343264433 0.06551901336071547 161.0 82.0 1.0476190476190477 
153850.0 5894.199085884356 0.39375642313592063 0.06551901316996454 161.0 82.0 1.0476190476190477 
153680.0 5950.321534863947 0.40788797480408673 0.06551901316996454 159.0 78.0 1.0476190476190477 
153850.0 5894.199085884356 0.39375642313592063 0.06551901316996454 161.0 82.0 1.0476190476190477 
153850.0 5894.199085884356 0.39375642343264433 0.06551901336071547 161.0 82.0 1.0476190476190477 
155360.0 5874.846723811209 0.3776975941957787 0.05909492059531565 181.0 92.0 1.619047619047619 
155360.0 5874.846723811209 0.37769759419549415 0.05909492059531565 181.0 92.0 1.619047619047619 
153850.0 5894.199085884356 0.3937541131421865 0.06551752817399259 161.0 82.0 1.0476190476190477 
155360.0 5874.846723811209 0.3776978416948228 0.05909558059352541 181.0 92.0 1.619047619047619 
155360.0 5874.846723811209 0.3776978416948228 0.05909558059352541 181.0 92.0 1.619047619047619 
155360.0 5874.846723811209 0.3776975941957787 0.05909492059531565 181.0 92.0 1.619047619047619 
52085.0 7806.617987804311 0.170863309352518 0.3449383350462487 56.0 70.0 0.0 
52085.0 7806.617987804311 0.170863309352518 0.3449383350462487 56.0 70.0 0.0 
52085.0 7806.617987804311 0.1708633093525425 0.34493833504621474 56.0 70.0 0.0 
52085.0 7806.617987804311 0.170863309352518 0.3449383350462487 56.0 70.0 0.0 
52085.0 7806.617987804311 0.170863309352518 0.3449383350462487 56.0 70.0 0.0 
52085.0 7806.617987804311 0.170863309352518 0.3449383350462487 56.0 70.0 0.0 
52085.0 7806.617987804311 0.1708633093525425 0.34493833504621474 56.0 70.0 0.0 
52085.0 7806.617987804311 0.170863309352518 0.3449383350462487 56.0 70.0 0.0 
52085.0 7806.617987804311 0.170863309352518 0.3449383350462487 56.0 70.0 0.0 
52085.0 7806.617987804311 0.17086479453926537 0.3449362722868774 56.0 70.0 0.0 
52085.0 7806.617987804311 0.1708633093525425 0.34493833504621474 56.0 70.0 0.0 
52085.0 7806.617987804311 0.1708633095432526 0.34493833478134 56.0 70.0 0.0 
52085.0 7806.617987804311 0.1708633095432526 0.34493833478134 56.0 70.0 0.0 
52085.0 7806.617987804311 0.170863309352518 0.3449383350462487 56.0 70.0 0.0 
52085.0 7806.617987804311 0.1708633093525425 0.34493833504621474 56.0 70.0 0.0 
52085.0 7806.617987804311 0.1708633095432526 0.34493833478134 56.0 70.0 0.0 
52085.0 7806.617987804311 0.1708633095432526 0.34493833478134 56.0 70.0 0.0 
52085.0 7806.617987804311 0.170863309352518 0.3449383350462487 56.0 70.0 0.0 
52085.0 7806.617987804311 0.170863309352518 0.3449383350462487 56.0 70.0 0.0 
52085.0 7806.617987804311 0.170863309352518 0.3449383350462487 56.0 70.0 0.0 
55710.0 7711.169860594576 0.18242548786292478 0.3288797537853277 61.0 74.0 0.3771929824561403 
52085.0 7806.617987804311 0.1708633093525425 0.34493833504621474 56.0 70.0 0.0 
52085.0 7806.617987804311 0.1708633095432526 0.34493833478134 56.0 70.0 0.0 
52085.0 7806.617987804311 0.170863309352518 0.3449383350462487 56.0 70.0 0.0 
52085.0 7806.617987804311 0.170863309352518 0.3449383350462487 56.0 70.0 0.0 
52085.0 7806.617987804311 0.1708633093525425 0.34493833504621474 56.0 70.0 0.0 
52085.0 7806.617987804311 0.1708633093525425 0.34493833504621474 56.0 70.0 0.0 
52085.0 7806.617987804311 0.170863309352518 0.3449383350462487 56.0 70.0 0.0 
52085.0 7806.617987804311 0.1708633095432526 0.34493833478134 56.0 70.0 0.0 
52085.0 7806.617987804311 0.1708633095432526 0.34493833478134 56.0 70.0 0.0 
52085.0 7806.617987804311 0.1708647942213063 0.34493627273202004 56.0 70.0 0.0 
52085.0 7806.617987804311 0.1708633093525425 0.34493833504621474 56.0 70.0 0.0 
52085.0 7806.617987804311 0.1708633093525425 0.34493833504621474 56.0 70.0 0.0 
52085.0 7806.617987804311 0.1708633093525425 0.34493833504621474 56.0 70.0 0.0 
52085.0 7806.617987804311 0.170863309352518 0.3449383350462487 56.0 70.0 0.0 
52085.0 7806.617987804311 0.170863309352518 0.3449383350462487 56.0 70.0 0.0 
52085.0 7806.617987804311 0.170863309352518 0.3449383350462487 56.0 70.0 0.0 
52085.0 7806.617987804311 0.1708633093525425 0.34493833504621474 56.0 70.0 0.0 
52085.0 7806.617987804311 0.170863309352518 0.3449383350462487 56.0 70.0 0.0 
52085.0 7806.617987804311 0.1708633095432526 0.34493833478134 56.0 70.0 0.0 
52085.0 7806.617987804311 0.1708633093525425 0.34493833504621474 56.0 70.0 0.0 
52085.0 7806.617987804311 0.170863309352518 0.3449383350462487 56.0 70.0 0.0 
52085.0 7806.617987804311 0.170863309352518 0.3449383350462487 56.0 70.0 0.0 
55710.0 7711.169860594576 0.18242548818084303 0.32887975334024216 61.0 74.0 0.3771929824561403 
55710.0 7711.169860594576 0.18242301286963825 0.3288832187759289 61.0 74.0 0.3771929824561403 
55710.0 7711.169860594576 0.18242548818084303 0.32887975334024216 61.0 74.0 0.3771929824561403 
55710.0 7711.169860594576 0.18242301286963825 0.3288832187759289 61.0 74.0 0.3771929824561403 
55710.0 7711.169860594576 0.18242548818084303 0.32887975334024216 61.0 74.0 0.3771929824561403 
55710.0 7711.169860594576 0.18242548786292478 0.3288797537853277 61.0 74.0 0.3771929824561403 
52085.0 7806.617987804311 0.1708633093525425 0.34493833504621474 56.0 70.0 0.0 
52085.0 7806.617987804311 0.1708647942213063 0.34493627273202004 56.0 70.0 0.0 
52085.0 7806.617987804311 0.1708633095432526 0.34493833478134 56.0 70.0 0.0 
52085.0 7806.617987804311 0.170863309352518 0.3449383350462487 56.0 70.0 0.0 
52085.0 7806.617987804311 0.170863309352518 0.3449383350462487 56.0 70.0 0.0 
52085.0 7806.617987804311 0.1708633095432526 0.34493833478134 56.0 70.0 0.0 
52085.0 7806.617987804311 0.1708633095432526 0.34493833478134 56.0 70.0 0.0 
