2101475.0 20962.457143403088 0.3275368248772504 0.4190144961421557 2095.0 148.0 0.0 
3377032.90397856 25496.494689992112 0.5387537993920972 0.1107668926817863 3101.0 245.0 3.7406043956043953 
1243020.0 20717.354195678792 0.1079611877484218 0.6365735328501286 1195.0 137.0 2.0 
4856769.6511563305 22440.608684416005 0.3688625204582651 0.0 5172.0 391.0 8.417814813840053 
1613461.3184963714 26411.09361423945 0.31140402151040447 0.472410568155249 1484.0 178.0 3.4392156862745096 
3197185.0 18565.2097216206 0.3516483516483517 0.34884264671498716 3101.0 152.0 5.127659574468085 
2894083.4355725553 22830.870366522377 0.4521297879816073 0.21232858370257388 2703.0 187.0 4.2850561362756485 
5613601.079450184 18802.204664548295 0.3191209617698376 2.9829133203689835E-6 6576.0 394.0 6.1344532286598845 
4447718.833062207 26927.856353100135 0.14283022505827317 1.9234076555772517E-6 4444.0 600.0 8.980831557311076 
1297335.0 21596.89036001003 0.20826513911620295 0.6090425531914894 1040.0 136.0 0.0 
3267725.0 18012.76346762721 0.46302899228431144 0.2557575403320084 3434.0 139.0 1.1538461538461537 
3661678.233855771 18768.224051651025 0.4387153754993515 0.2669517219801077 3353.0 159.0 4.146341463414634 
3905558.880860725 26812.539832219267 0.24529459901800327 0.044774374561608606 4182.0 531.0 7.521953181647782 
4903084.927519073 13596.253399413596 0.3961889174655132 0.13441080196399346 5186.0 225.0 6.260783759501721 
2996290.0 19234.24622616508 0.3407762450315642 0.38785948094458733 2684.0 152.0 3.9272030651341 
5322119.734375007 24017.74863401959 0.18473813420621932 0.0 5329.0 474.0 8.650692139791017 
6256063.443374803 17470.729666606276 0.44204685593481374 0.08463886918637507 6413.0 240.0 4.597222222222222 
2722515.5666968618 19655.03548895525 0.3346387654898293 0.39674421323357495 2515.0 173.0 4.070879120879121 
1921020.0 22046.178328080066 0.3594246291791673 0.43073641889353964 1808.0 156.0 4.382205513784461 
4394580.456490356 20283.563975568974 0.44786064998830954 0.011135141454290391 4733.0 317.0 6.4313055447501 
4493227.767870008 25882.202993115912 0.1779576806172551 0.0 4727.0 551.0 9.014509074466242 
1551510.0 20946.364967123423 0.2902167667615368 0.4995935755403144 1399.0 122.0 2.0 
3623132.5 17203.754155639355 0.4220247837269114 0.27805704933364506 3217.0 155.0 3.306769825918762 
1880934.9999999998 20437.60462716233 0.24900631283610006 0.4902092588262801 1818.0 165.0 6.006512605042016 
5661943.565279836 20743.78717608555 0.500730652326397 0.07256838905775076 5397.0 224.0 6.122448979591837 
3830994.021035058 19306.336075161384 0.459229600187047 0.15755786766425064 3745.0 185.0 6.570772378962034 
1382690.0 21918.59155709398 0.20487491232172084 0.5782090250175357 1366.0 145.0 2.0 
3961999.1941760853 19530.98744368146 0.4642564881926584 0.2098433481412205 3897.0 177.0 1.8252882548368183 
1490835.0 19350.55840348947 0.16147510800222487 0.584496051511946 1378.0 157.0 1.8665477291749264 
5177224.292550342 18936.354404349357 0.43938581877941774 0.09750178831299582 5278.0 254.0 6.614927880777337 
6622768.803064804 17297.22855445367 0.34899142782359044 0.0 6621.0 371.0 5.8387482220911675 
3057965.0 18416.165595337592 0.3829787234042553 0.3484042553191489 2851.0 139.0 1.078125 
5470435.132320255 23242.538776587 0.17123817918310602 5.705818962277307E-8 5364.0 492.0 10.432843787564078 
3786810.0 20206.982666789372 0.4867021276595745 0.23036006546644844 3873.0 157.0 2.0 
2644959.7766822223 23073.11210905964 0.43634556932429275 0.26654196866962826 2750.0 215.0 4.317521047168723 
4531836.845377439 28996.029337551416 0.09808496676015863 1.0369654575052504E-7 4740.0 720.0 10.126568966596396 
5052714.165926875 23750.462898738697 0.24655257972929498 3.3580724289519926E-6 4870.0 454.0 8.427499970771924 
4988917.681928235 22980.988372802472 0.2418751461304653 0.0 5280.0 473.0 7.530282037477509 
4349471.749224795 21790.132209708896 0.5885872156158329 0.06277764788403087 4124.0 213.0 6.212752754465768 
1975045.0 17367.4673832673 0.19476268412438624 0.47144610708440493 1730.0 149.0 4.142857142857143 
1824385.0 17759.319479248497 0.2844575637128829 0.46890343698854337 1674.0 134.0 4.244599303135889 
668205.0 23037.89886520633 0.1777541311771895 0.6944159251178948 549.0 138.0 0.0 
4704915.998802548 22077.96532643196 0.505845218611176 0.03343465045592705 5043.0 259.0 5.278314042942157 
2170020.0 19504.387145366363 0.2611085308129804 0.47512893322942684 1920.0 148.0 1.5263736263736265 
4082155.707649953 20696.138408702638 0.33358662613981765 0.12175590367079729 4236.0 252.0 7.265597592974436 
2259730.1192589644 22257.510764572664 0.36555997194295065 0.38654430675707274 2126.0 173.0 4.363157894736842 
6019380.635207793 17002.205231018932 0.29866462277170347 0.0 5777.0 376.0 7.585806469480448 
4576698.267828488 20392.611423585204 0.4559562777647884 0.06754150105213935 4347.0 248.0 7.012900747246033 
1445840.0 19770.26974264206 0.17500584521861118 0.5842003740939912 1261.0 151.0 3.138888888888889 
2218240.91575203 21654.44515428612 0.4017126490530746 0.35021627308861353 2148.0 206.0 4.577252220109363 
3738440.413586774 21884.569463547716 0.503653261631985 0.226560673369184 3423.0 219.0 3.697596656217346 
2935910.0 18713.38932448706 0.3311920223990086 0.34416848356607177 2592.0 178.0 5.5284391534391535 
5789063.377720842 15640.931759862216 0.522211830722469 0.036211129296235677 5942.0 198.0 6.273359817021789 
4794526.72243014 20924.46315318472 0.17953588964227263 0.0 5204.0 504.0 9.390858467796164 
2304780.773640422 19905.686443963114 0.4061257891045125 0.3536064998830956 2605.0 161.0 1.3237639553429028 
2777546.217190754 20692.652194268103 0.4423097935570353 0.285889642272621 2809.0 162.0 0.0 
4628880.104782149 22963.81936044233 0.32838438157587096 0.0670154313771335 4535.0 337.0 5.990013903691715 
1695955.0 18765.117434011685 0.13473228898760814 0.5494213233574936 1511.0 148.0 1.1111111111111112 
3114825.0 16902.058276622756 0.4188683656768763 0.29705400981996727 3221.0 137.0 2.239010989010989 
836265.0 24545.662468627095 0.21171381809679682 0.6113806406359598 797.0 144.0 0.0 
3436400.0 20030.409139659863 0.4175239653963058 0.2885492167407061 3262.0 148.0 3.0 
1155655.0 21970.549480545535 0.21534008778843222 0.5744990311451069 1076.0 128.0 2.0 
1770625.0 20399.906240033994 0.21413958382043488 0.5103168108487257 1610.0 139.0 0.0 
4024388.045549565 24404.585931215435 0.46893266308159925 0.13616436754734626 3939.0 270.0 3.369639293772856 
5512767.963582642 20224.26997973515 0.4925765723638064 0.0 5926.0 282.0 8.054401776384534 
1037345.0 21677.342933115757 0.18877133504793078 0.6115559971942951 891.0 136.0 0.0 
2451668.713156179 19935.904518550462 0.39490296937105446 0.3290565817161562 2222.0 200.0 2.669768403639371 
4750781.313826384 22943.83267538931 0.29588602611589554 0.06906125789104513 4858.0 408.0 5.869389034317643 
2562055.2910986417 23438.368931487897 0.40931143324760344 0.3140051437923778 2374.0 192.0 3.7098522167487684 
945445.0 23014.4541152203 0.17787000233808745 0.6256137479541735 833.0 131.0 2.0 
6838310.35599784 16620.803239399716 0.3761133279375647 0.017740405046999825 6704.0 340.0 6.843469384645855 
4216979.022582752 26346.23022488069 0.4554009819967267 0.007803366845920037 4425.0 332.0 4.315597900195719 
988505.0 21242.863549003818 0.1687816739733373 0.6353789769494504 889.0 138.0 2.0 
3506715.6201121896 22936.17934122574 0.45762476840577987 0.2352992751928922 3167.0 192.0 3.3301587301587303 
769262.5 23308.210431910335 0.17676179357929592 0.6764691694579852 627.0 148.0 1.2941176470588236 
4169323.532635231 25858.2281573564 0.3594817375936636 0.0 4235.0 442.0 7.374012179858728 
4263024.740381837 22062.51571724055 0.43816006401575397 0.18485503857844282 3933.0 203.0 3.9877622377622375 
5844727.986413561 19620.088982793335 0.5008475566986206 0.0 5957.0 285.0 6.3446255357545684 
5730477.589738833 20844.700597371226 0.321779284545242 0.0 5509.0 349.0 4.8776396573865615 
1089330.0 21772.777682214055 0.20636826129797256 0.5870940817182062 978.0 132.0 1.3367918902802625 
5413511.159284443 26775.698637025922 0.5346913724573299 0.10492167407061025 5144.0 220.0 6.888888888888888 
2047993.645253749 22032.465533838422 0.3477028290858078 0.4117664250642974 1923.0 190.0 3.617585630743525 
2835010.0 20035.784429450923 0.36249324065452454 0.41083163134789785 2458.0 154.0 0.0 
5113727.136911784 27961.414638895618 0.12774799945787202 0.0 5074.0 639.0 9.247155049279634 
2507440.0 17951.084789992263 0.34320201075520224 0.40697334580313305 2474.0 159.0 2.2037037037037037 
7546810.321011629 14639.41842673227 0.4381283610007014 0.0 6984.0 370.0 7.60254623094297 
7000171.558602646 19804.921425093562 0.3938530047238988 0.0 6544.0 348.0 8.33391003756197 
5249997.473041484 16084.269297714041 0.50304244704959 0.14057815180966163 4994.0 152.0 5.092592592592593 
6097561.3012416065 13367.430932530266 0.43000634176152724 0.08276877933303446 6098.0 197.0 7.644984380423464 
2348018.663050027 22959.157992537712 0.4076455459434183 0.3455108721066168 2151.0 189.0 3.0773109243697476 
2402185.2529500565 21305.417907379386 0.31979377948630444 0.44309938682038574 2176.0 149.0 2.2270408163265305 
4307950.0 12954.647046850385 0.47173836801496377 0.20440729483282674 3904.0 163.0 5.307193396226415 
3561170.9598512365 22626.33392417651 0.36412789338321255 0.17409983633387888 3578.0 230.0 4.515664694061907 
7481491.606413785 17635.981370513386 0.4534720598550386 0.0 7482.0 289.0 5.219736522583778 
3329545.0042865593 23969.252067715748 0.49029693710544775 0.1579085807809212 3552.0 247.0 4.239217249898364 
715085.0 22923.094868137985 0.1895019873743278 0.6682838438157587 644.0 148.0 1.7716165413533835 
5964391.072517267 19768.026901348847 0.2617809719984919 2.869992771444873E-8 5561.0 403.0 6.48775039503817 
7210631.281304637 19180.361637706275 0.45668962207607183 0.0 7018.0 262.0 5.545678053830228 
5921030.0 16291.905534720718 0.4586450783259294 0.13914542903904606 5863.0 164.0 7.101694915254237 
6663715.169993174 18080.67576400105 0.4237518152020947 0.0 6447.0 271.0 4.694140408018987 
7335966.684901326 16553.928424865273 0.4886895019873743 0.004909983633387889 7084.0 296.0 6.24591304275602 
892890.0 21969.708182851828 0.14615969137245732 0.6582300678045359 808.0 137.0 2.0 
6488762.942745903 16383.407490354664 0.4264404290581676 0.10059635682469047 6069.0 203.0 6.352908514013749 
444250.0 22997.057429625555 0.1082534486789806 0.7558744447042319 369.0 134.0 0.0 
7797110.0 11813.846306908143 0.5436637830254851 0.0 7456.0 186.0 5.459375 
7615955.832649649 15387.891370371626 0.5055559127481745 0.0 7323.0 264.0 6.264711092314872 
7261220.967228611 17990.437293833158 0.4605447743745616 0.0 7026.0 245.0 5.328286749482402 
6539430.717005954 19040.13521295405 0.5356558335281739 0.0318856675239654 6419.0 208.0 7.252403846153847 
618310.0 22324.05892400142 0.15270633621697452 0.7200724807107786 562.0 147.0 0.0 
7744777.778618505 14106.395990725287 0.44537886082423894 3.1046681668784314E-23 7490.0 286.0 5.080392540427752 
530755.0 22769.33631305993 0.11851180734159457 0.7387771802665419 483.0 146.0 1.0416666666666665 
7671989.396873518 16946.38176569896 0.5070169999449793 3.2424085001204577E-7 7225.0 253.0 3.7351939481703353 
