5042043.732187225 19847.19809613776 0.2550001133763747 9.809341325999428E-7 5098.0 369.0 8.306361678840801 
4985907.603403311 13624.682204578277 0.47986612708593834 0.1457797521627309 5365.0 166.0 5.988700564971751 
4593688.141542714 25594.037580596225 0.11030069038640937 1.35204436957103E-12 4800.0 557.0 9.751060973714896 
3820940.3488728595 18560.014493072704 0.34527794042342075 0.09793663783025496 4083.0 277.0 5.72543062200957 
4455600.164851162 22772.901315376086 0.17319481316075896 0.03209336550238657 4750.0 458.0 8.831369884595691 
4858776.090449294 26436.69735816475 0.1654806269095253 2.321619423187576E-69 5104.0 667.0 9.590889762357381 
5540298.593652069 19752.235638958427 0.3174854919641052 0.09510226269410103 5204.0 293.0 5.479541174456428 
1911890.0 19362.68685187245 0.16863554264404162 0.532970148294063 1823.0 137.0 1.0634920634920635 
1692540.0 17972.38492760784 0.26628017852551006 0.48968566215262604 1587.0 132.0 2.44281914893617 
5454262.431507918 22838.728005056884 0.19008911615997234 6.172192787637098E-7 5449.0 468.0 8.171717344652528 
3647645.0 14083.746224919963 0.4414919423200521 0.28673887501285344 3649.0 171.0 4.9772626441881105 
2658410.0 20141.11178501584 0.42816467493121196 0.31508716421942645 2567.0 134.0 0.0 
5665727.552798204 16983.72050904365 0.32496758413170906 2.321619423187576E-69 6226.0 403.0 8.797391529403065 
2213405.0 16757.436966561698 0.22022121810058493 0.4702776805814485 2124.0 146.0 3.142857142857143 
4744913.484782422 21202.737253416293 0.29772805804393165 0.015608902073878644 5083.0 374.0 5.448447446642938 
3270650.0 18975.715110961624 0.38870818786786754 0.2789076501215585 3288.0 168.0 2.152542372881356 
4132508.439624316 13312.692515733617 0.40288416730420507 0.174480795419238 4273.0 188.0 6.0681329028786655 
3758965.0 12837.544599643717 0.4204492919842375 0.2856266074351181 3381.0 164.0 5.409090909090908 
4189998.054337909 18887.603223823655 0.515433454131872 0.06432905597457918 4248.0 228.0 6.6253495940995935 
4245280.0 13755.25834025739 0.42950925356199926 0.22828541517331924 4452.0 156.0 4.245134965473949 
4934523.537082376 25573.66894329436 0.17313679045655198 1.35204436957103E-12 4857.0 563.0 8.56062878723921 
2154450.0 19091.051136927752 0.34922462721921277 0.43009369940151143 2150.0 139.0 3.128205128205128 
4297284.361128903 13253.8957346944 0.4260314352719715 0.08592569946673428 4729.0 260.0 7.946789713738867 
3604924.298892989 13803.332388293522 0.4033520055086966 0.2549402333659093 3310.0 180.0 6.721159103335156 
2602555.0 18642.044170112553 0.3257851073775767 0.40416980925180707 2264.0 143.0 2.127272727272727 
4402619.712811583 20072.67015735802 0.3660592731422372 0.06242860431732192 4379.0 297.0 7.6225594079683985 
4787427.223579992 23688.641011361226 0.23085815374178315 2.4730013517992643E-6 4873.0 416.0 8.219645010243482 
1121578.42410197 22015.408279385378 0.24973842493818643 0.5543053209336037 964.0 130.0 0.5240641711229946 
3708820.6138919545 19545.307377564826 0.2704609603836089 0.17512377323030023 3699.0 294.0 6.533809936775627 
5211688.633050589 16837.53643554082 0.3751473616751021 0.14952069207388358 5226.0 169.0 3.2426688189400052 
7175062.8476124015 13610.959807461466 0.42416100580233435 6.795000791921062E-59 6976.0 278.0 5.7380106278411365 
6757952.566248656 16520.28134323329 0.4071806457368679 6.795000791921062E-59 7319.0 290.0 5.6994737288854935 
6582778.822540139 20583.13685753727 0.3482898157384581 1.1624887354818553E-53 6742.0 323.0 6.418474858474859 
6337424.623282855 14621.832810167984 0.4547900963635703 3.9718265091893045E-64 6849.0 265.0 7.043109668109668 
5305355.0 10759.028485406445 0.4453788775658615 0.1350835497977673 5793.0 169.0 6.336281012036355 
2815031.367611613 19453.404824579917 0.2224709000230757 0.3159925230743319 2937.0 285.0 3.994236804744351 
4539724.088837586 26867.617308265526 0.15004822152457878 3.240035778195018E-6 4557.0 503.0 9.390706232233168 
5124200.298933177 15359.060821589524 0.4187248385485011 0.03957291959054125 5167.0 239.0 7.328328420535495 
5167132.384092987 16909.07927420687 0.24211130691452512 2.313077507462118E-7 4875.0 327.0 7.592007705714411 
5263347.153761754 19031.777412353655 0.40653683408900976 0.005114571238933259 5770.0 355.0 5.3057931624265855 
3360129.3586294376 23865.55191159756 0.3879193929063884 0.20736237026724885 3157.0 225.0 3.9515432967445348 
5620746.867458893 17713.94289712203 0.38841763903467075 7.932179717374236E-80 5901.0 330.0 6.003565173625658 
2420560.0 18197.506840483384 0.2541515907860738 0.4692276667484883 2255.0 146.0 2.152542372881356 
4684555.8973457245 23856.68557688616 0.1169653392545471 4.802126425521992E-7 4855.0 587.0 9.822591837504328 
5368177.736696648 16201.202463545269 0.35319908255955895 0.017391642671249326 5750.0 290.0 7.643561187916026 
2020794.9168053246 20255.480128930783 0.3553328806688604 0.41489613100603584 1998.0 156.0 3.214434214434214 
3536225.0 15828.041975442731 0.36626353906864023 0.3010889705822461 3571.0 155.0 3.4280359820089954 
7115033.816562548 13589.049151903928 0.4872018335635461 0.039572129997661916 6911.0 205.0 5.6857832988267765 
4346586.997024205 23319.66794299611 0.14276989559190903 7.604434424390533E-22 5031.0 481.0 7.870926151194515 
3895388.320229437 13041.823897565751 0.46110242781468225 0.1751242397662481 3833.0 192.0 6.676147850521953 
5852094.693646672 19654.825380435705 0.43929839043454905 3.115327029936702E-6 6796.0 272.0 5.178539862914863 
6120391.239030481 14672.876762529071 0.4709517315388272 6.795000791921062E-59 7344.0 235.0 6.624206588465984 
3065600.0 11916.709845355726 0.3632823315148083 0.34510369188216805 2948.0 166.0 6.74231700502887 
6044248.7825799715 20797.51322583345 0.437428420339499 2.7427363303099606E-6 6219.0 265.0 3.590479553403282 
2500099.8610634645 19688.27899589773 0.33823553935440887 0.39268178631409056 2354.0 151.0 2.1636363636363636 
1756285.0 19395.23661682086 0.31023699413759165 0.45358916205176386 1806.0 133.0 3.074074074074074 
2731740.0 12832.224884557461 0.29904428934920696 0.36222819733458034 2702.0 151.0 5.469246031746032 
2268950.0 16441.175801359277 0.37856779616483244 0.4210920101095905 2046.0 147.0 5.288265306122449 
2935120.0 15616.831766561294 0.3503061870703677 0.3391114589264874 2789.0 166.0 4.467318854564078 
3018960.0 18555.956149583228 0.31617015582360136 0.3709667991582885 2699.0 168.0 2.536363636363636 
2359130.0 17500.841815156888 0.28323191007480564 0.4381001976786304 2193.0 133.0 2.189655172413793 
1500565.0 12857.776194196227 0.1869910380611364 0.5587444470423194 1451.0 152.0 6.504911754911755 
5994602.413752901 16984.421009800444 0.4744884830842382 0.0911854103343465 6693.0 228.0 5.2656482406482406 
5937610.726149597 18409.61563505057 0.34484068763829784 1.3570373060483842E-74 6591.0 436.0 7.745756145874253 
3416663.993198877 16763.749036704943 0.4143403160834312 0.25467815996727444 3431.0 186.0 6.3441506410256405 
1843485.0 20166.434643569864 0.18161200381509104 0.5222441094286698 1732.0 137.0 1.2173913043478262 
7244460.012884693 12718.442591882116 0.497021862326757 1.1624887354818553E-53 7156.0 211.0 6.247778537252222 
3475245.0 16496.90566061472 0.404316134651243 0.27323634110557105 3668.0 161.0 5.624482109227872 
768005.0 18974.532496434724 0.16214737595045906 0.6640206248661779 694.0 135.0 3.5555555555555554 
920388.5914776112 23688.565026038952 0.17681846586091463 0.6535876071569143 791.0 150.0 0.9519607843137254 
3163547.2621294837 21770.025274075757 0.38368235253703925 0.2270589577738744 3157.0 231.0 4.135467045993362 
6228850.594677642 14881.219607806042 0.4222316625567743 1.1624887354818553E-53 6445.0 270.0 6.8646558755254405 
3115115.0 11483.023480640826 0.3412755534050468 0.339607201309329 3098.0 171.0 6.725103021978022 
661562.9701492474 22053.768963421164 0.12871246617059953 0.6797736718124375 589.0 125.0 0.0 
3972950.0 14921.694364074701 0.38368198388477104 0.26996196925065485 4039.0 152.0 3.126984126984127 
1967637.4952618843 20761.427117813942 0.21294214425792662 0.4230810712658181 2067.0 213.0 3.4357226107226113 
4047346.8852553484 14787.967387014794 0.4268191078547169 0.09656649014736725 4384.0 202.0 6.095744267077222 
5715509.633494846 18765.983361790608 0.27829212635884454 2.321619423187576E-69 5925.0 350.0 7.665279623335022 
6712273.878151339 12517.81239538669 0.43023966791522655 0.08215477888783024 6527.0 206.0 5.655691898533892 
6517052.113359871 15352.20410900831 0.3902583017178953 3.9718265091893045E-64 6271.0 324.0 6.912472606852461 
1371930.0 21648.972610852405 0.24126280841400613 0.5705843499069155 1370.0 140.0 0.0 
7390106.124125417 17399.083938051066 0.41796521911416573 0.09510170680383447 7067.0 233.0 4.056665556665556 
847365.0 21239.16825803199 0.15361356485348768 0.6614762619860353 754.0 136.0 0.0 
2086420.0 18426.987907656916 0.196780434771737 0.5207827962342305 1974.0 139.0 2.152542372881356 
7059962.138181429 14706.851555067253 0.45429325278162036 3.9718265091893045E-64 7473.0 287.0 5.138273491214667 
6429680.660320645 12761.591665516322 0.4446777231275623 6.795000791921062E-59 6884.0 271.0 6.692618192618191 
580480.0 22062.779202265887 0.14203964609185205 0.709672156171739 511.0 127.0 0.27692307692307694 
7905839.143591595 19128.43701557642 0.48968605147329597 1.3570373060483842E-74 7932.0 264.0 4.815251415251415 
8134240.329203868 11595.392654016303 0.5057602576143522 6.795000791921062E-59 7728.0 189.0 5.271284271284271 
6914252.864310378 14068.418276157408 0.4229618032403441 2.351612335303975E-12 7449.0 270.0 6.20611333111333 
2867120.0 17361.781791620888 0.4236054688184951 0.3111428053630182 2787.0 143.0 2.163265306122449 
6652920.860754293 18953.92867637596 0.4256516815868577 3.9718265091893045E-64 7377.0 270.0 4.575896325896325 
7840288.675336338 14245.931496771209 0.41165180183479966 3.9718265091893045E-64 7381.0 238.0 6.4962929790516 
1612510.0 20434.476945552302 0.2409996348531611 0.5462091924492042 1496.0 134.0 0.0 
7322795.995323972 14986.709443829772 0.3902578975303402 6.795000791921062E-59 7016.0 295.0 6.53907269256302 
7459949.433220726 16259.521427156726 0.4183739675785204 0.09369940202743943 7046.0 200.0 4.889121989121989 
7004326.508337659 16038.215819664392 0.44993829260805956 4.02313838323804E-7 7108.0 236.0 4.702517333614894 
7516315.0 13395.25828472695 0.41837396758222806 0.0936994020306408 7033.0 191.0 5.1435786435786435 
1063000.0 21210.20189578034 0.20873397670082244 0.6050713413101549 1042.0 131.0 0.27477477477477474 
7968770.732952528 16378.180496236122 0.48968605147329597 2.321619423187576E-69 7922.0 248.0 5.216838716838717 
7580676.0028321985 15766.683872438007 0.44309938683298355 0.06882785146043639 7118.0 198.0 3.928030303030303 
7778867.4457909 10794.619443784875 0.47355310306677206 6.795000791921062E-59 7801.0 219.0 6.150162337662337 
978125.0 20580.468036414397 0.19871045519469582 0.6131942847576004 922.0 136.0 1.1724137931034484 
1297831.51169397 19496.0461056972 0.2129717849648408 0.5951344115876291 1201.0 134.0 1.146341463414634 
1219215.0 21221.31542538562 0.2440685297501283 0.5914811285825435 1140.0 129.0 0.0 
8242727.460437915 11772.469951674459 0.5002068615770767 1.988785728662358E-48 7837.0 195.0 5.603896103896104 
452890.0 23816.70728301533 0.12313024978018108 0.7404181693646326 381.0 125.0 0.0 
7708562.980269553 11069.599619618293 0.46487266335667554 1.1624887354818553E-53 7679.0 224.0 6.107932607932607 
8039342.02760683 15329.27839956819 0.48968587961539545 6.795000791921062E-59 7849.0 222.0 5.253246753246753 
6804176.639360782 12910.165397090155 0.40238693695447164 0.039572129997661916 6597.0 225.0 7.084437543133195 
509150.0 22424.02575552357 0.11658356665759025 0.7402428117985959 435.0 127.0 0.0 
402185.0 22278.19960820962 0.10313948527502188 0.7678324048956184 351.0 125.0 0.0 
