[9, 14, 1, 23, 20, 4, 3, 11, 17, 19, 0, 18, 13, 6, 16][10, 6, 16, 28, 17, 11, 14, 7, 4, 3, 9, 1, 23, 24, 20][10, 15, 2, 21, 6, 16, 7, 24, 20, 23, 9, 1, 4, 3, 14][1, 9, 23, 14, 11, 25, 28, 17, 12, 8, 26, 0, 22][5, 21, 2, 29, 27, 7, 28, 0, 25, 22, 17, 12][13, 18, 22, 19, 8, 26][10, 27][23, 24][2, 15][10, 15][15, 27][11, 25] 
[12, 17, 28, 0, 26, 8, 19, 22, 18, 13, 6, 5, 15, 16, 27][25, 11, 3, 24, 23, 20, 14, 9, 1, 4, 7, 10, 27][2, 10, 21, 5][6, 13][10, 27][16, 28][23, 24][2, 15][3, 14][0, 22][10, 15][2, 29] 
[25, 11, 3, 24, 23, 20, 14, 9, 1, 4, 7, 10, 27, 29][5, 6, 13, 18, 22, 19, 8, 26, 0, 28, 17, 12][15, 2, 21][6, 13][10, 27][16, 28][23, 24][3, 14][5, 21][0, 22][10, 15][15, 27] 
[5, 6, 15, 2, 16, 7, 14, 3, 24, 4, 20][0, 26, 8, 19, 12, 18][16, 28, 17, 19, 22, 25][6, 13][1, 9][15, 29][23, 24][2, 27][5, 21][10, 15][11, 17][1, 3] 
[6, 21, 15, 2, 27, 16, 28, 7, 14, 24, 3, 23, 4, 20][6, 13, 18, 0, 26, 8][12, 19, 18, 13, 0, 22][11, 25][7, 10][22, 25][15, 29][9, 14][1, 9][17, 28][7, 14][5, 21] 
[4, 3, 24, 23, 14, 7, 27, 16, 28, 17, 22, 19, 0, 13, 6][13, 18, 12, 19, 8, 26, 0, 17, 22, 25, 7, 24, 1, 23, 20][6, 16, 28, 25, 11, 3, 23, 14, 7, 27, 2, 21, 10, 29, 15][17, 19, 22, 12, 0, 25, 11, 3, 9, 1, 4, 14, 7, 24, 23][5, 6, 13, 18, 12, 8, 26, 0, 28, 16, 7, 27, 29, 2, 15][9, 14, 23, 3, 1, 24, 4, 7, 10, 15, 2, 6, 13, 18, 17][25, 22, 19, 8, 12, 18, 0, 13, 6, 21, 10, 15, 2, 29, 27][21, 5, 15, 2, 7, 10, 6, 13, 18, 12, 19, 8, 26, 0, 22][20, 4, 3, 11, 17, 22, 25, 28, 7, 16, 10, 2, 29, 15, 27][2, 15, 29, 27, 16, 28, 7, 4, 23, 20, 14, 3, 11, 17, 12][2, 29, 27, 10, 7, 4, 1, 9, 14, 20, 23, 24, 3, 11, 25][5, 6, 16, 28, 7, 27, 2, 21, 10, 15, 29] 
[26, 8, 19, 17, 12, 18, 0, 13, 6, 21, 15, 2, 27, 16, 28][6, 2, 29, 10, 16, 27, 7, 20, 4, 24, 1, 9, 23, 3, 14][12, 17, 28, 0, 26, 8, 19, 22, 18, 13, 6, 5, 15, 16, 27][2, 29, 27, 10, 7, 4, 1, 9, 14, 20, 23, 24, 3, 11, 25][3, 9, 23, 1, 14, 20, 7, 10, 2, 27, 15, 21, 5][15, 10, 29, 27][10, 27][16, 28][23, 24][2, 15][0, 22][2, 29] 
[19, 12, 18, 22, 25, 0, 28, 17, 11, 14, 7, 4, 3, 24, 23][8, 26, 0, 19, 12, 18, 13, 6, 10, 27, 16, 2, 21, 5, 15][10, 2, 16, 6, 13, 18, 22, 19, 8, 26, 0, 25, 28, 17, 12][16, 28, 25, 11, 14, 1, 3, 24, 23, 20, 4, 7, 10, 27][15, 16, 28, 25, 22, 17, 19, 18, 13, 0, 12, 8, 26][9, 1, 24, 20, 4, 23, 3, 14, 7, 2, 21, 15][7, 10][15, 29][27, 29][0, 22][5, 15][11, 25] 
[19, 17, 22, 12, 8, 26, 0, 13, 6, 21, 5, 15, 29, 10, 27][12, 18, 13, 0, 28, 16, 7, 27, 29, 10, 21, 5, 6, 2, 15][12, 17, 28, 0, 26, 8, 19, 22, 18, 13, 6, 5, 15, 16, 27][2, 29, 27, 10, 7, 4, 1, 9, 14, 20, 23, 24, 3, 11, 25][22, 0, 18, 19, 8, 12, 17, 28][5, 21, 10, 16][15, 27, 2, 29][6, 13][16, 28][23, 24][3, 14][10, 15] 
[6, 13, 0, 18, 12, 17, 28, 16, 15, 5, 21, 2, 7, 25, 11][5, 15, 29, 2, 27, 10, 7, 14, 20, 23, 1, 4, 24, 3, 9][13, 0, 26, 8, 12, 18, 19, 17, 11, 3, 24, 7, 25, 28, 16][5, 6, 15, 27, 16, 10, 29, 2, 7, 20, 4, 1, 14, 24, 23][1, 4, 20, 24, 23, 9, 3, 14, 7, 25, 28, 0, 19, 18, 12][5, 21, 2, 6, 15, 27, 7, 20, 24, 4, 23, 9, 3, 14, 11][6, 13, 18, 22, 19, 8, 26, 0, 28, 17, 12][10, 6, 21, 5, 15, 27, 7, 16, 2, 29][20, 14, 9, 1, 4, 7, 10, 27, 29][2, 15][5, 21][6, 13] 
[6, 13, 18, 0, 12, 22, 25, 28, 16, 15, 29, 27, 10, 7, 24][27, 10, 7, 14, 3, 11, 17, 0, 19, 8, 12, 18, 22, 25, 28][14, 7, 2, 21, 5, 6, 13, 18, 12, 19, 0, 22, 25, 28, 16][6, 10, 29, 27, 15, 2, 7, 28, 0, 19, 17, 22, 12, 8, 26][0, 12, 18, 13, 6, 21, 10, 7, 20, 23, 9, 1, 4, 3, 14][22, 0, 17, 12, 18, 13, 6, 10, 16, 2, 21, 5, 15, 27, 29][2, 29, 27, 10, 7, 4, 1, 9, 14, 20, 23, 24, 3, 11, 25][12, 17, 28, 0, 26, 8, 19, 22, 18, 13, 6, 5, 15][7, 20, 4, 24, 23][5, 21][10, 15][15, 27] 
[12, 17, 28, 0, 26, 8, 19, 22, 18, 13, 6, 5, 15][4, 24, 23, 1, 3, 11, 25, 7, 2, 15][9, 14, 20][6, 13][10, 27][16, 28][23, 24][3, 14][5, 21][0, 22][10, 15][2, 29] 
[9, 1, 24, 20, 4, 23, 3, 14, 7, 2, 21][11, 17, 22, 0, 18, 12, 19, 8, 26][6, 13, 18, 19, 17, 22, 25, 28][15, 5, 21][7, 10][10, 27][6, 16][23, 24][2, 6][27, 29][0, 22][12, 17] 
[15, 5, 6, 13, 0, 25, 11, 17, 18, 12, 19, 8, 26][1, 4, 23, 9, 14, 24, 20, 7, 28, 16][10, 27][7, 25][2, 15][3, 14][5, 21][0, 22][10, 15][2, 29][12, 17][11, 25] 
[11, 3, 9, 23, 20, 4, 14, 1, 24, 7, 28, 0, 26, 8, 19][4, 3, 11, 25, 28, 7, 2, 16, 27, 29, 15, 21, 5, 6, 13][9, 1, 24, 3, 23, 20, 7, 14, 11, 25, 22, 12, 17, 0, 18][15, 27, 16, 7, 10, 29, 2, 6, 13, 18, 17, 0, 12, 8, 26][14, 1, 24, 4, 20, 7, 28, 16, 15, 2, 21, 6, 10, 29, 27][2, 6, 10, 15][18, 22][4, 23][22, 25][6, 13][20, 24][8, 12] 
[7, 20, 23, 24, 1, 9][12, 18, 13, 0, 17, 28][0, 25, 11, 14][13, 6, 5, 21][2, 10, 15, 5][16, 15, 29, 27][19, 8, 26][4, 23][22, 25][3, 4][14, 23][8, 12] 
[10, 7, 14, 3, 11, 17, 0, 19, 8, 12, 18, 22, 25][6, 10, 16, 2, 21, 5, 15, 27, 29][4, 1, 9, 14, 20, 23][6, 13][16, 28][23, 24][2, 15][3, 14][5, 21][10, 15][15, 27][0, 26] 
[6, 13, 18, 19, 12, 17, 0, 28, 7, 2, 21, 5, 15, 27, 10][10, 29, 2, 21, 5, 15, 27, 7, 28, 17, 11, 25, 22, 12, 19][1, 4, 7, 28, 0, 13, 6, 15, 16, 10, 29, 27, 2, 21, 5][5, 15, 21, 6, 10, 7, 20, 24, 23, 1, 3, 14, 9][1, 14, 23, 24, 20, 7][0, 26, 8, 19, 18, 12][6, 16][10, 16][2, 15][27, 29][13, 18][9, 14] 
[6, 13, 18, 0, 19, 12, 22, 17, 11, 3, 9, 14, 4, 1, 24][10, 29, 15, 5, 21, 6, 13, 18, 19, 8, 26, 0, 25, 28, 16][16, 6, 13, 18, 0, 22, 12, 19, 17, 11, 3, 4, 7, 24, 23][9, 23, 1, 3, 11, 14, 24, 7, 16, 10, 6, 2, 15, 5, 21][14, 3, 4, 1, 9, 23, 20, 24, 7, 25, 0, 17, 28, 16, 15][16, 7, 4, 23, 24, 1, 9, 14, 11, 17, 19, 8, 26, 0, 22][26, 8, 19, 12, 22, 18, 17, 0, 13, 6, 2, 16, 15, 27, 29][12, 17, 28, 0, 26, 8, 19, 22, 18, 13, 6, 5, 15, 16, 27][2, 29, 27, 10, 7, 4, 1, 9, 14, 20, 23, 24, 3, 11, 25][10, 27][5, 21][10, 15] 
[4, 7, 10, 2, 6, 21][12, 18, 13, 0, 17, 28][7, 14, 23, 20, 24][0, 25, 11, 14][16, 15, 29, 27][4, 3, 9][5, 15, 10][8, 26][22, 25][8, 19][1, 9][8, 12] 
[12, 17, 28, 0, 26, 8, 19, 22, 18, 13, 6, 5, 15, 16, 27][2, 29, 27, 10, 7, 4, 1, 9, 14, 20, 23, 24, 3, 11, 25][14, 3, 23, 9, 1, 24][4, 20, 24, 23][16, 28][10, 27][16, 28][2, 15][5, 21][0, 22][10, 15][2, 29] 
[5, 21, 15, 27, 7, 25, 22, 17, 19, 8, 12, 18, 13, 6, 16][1, 3, 14, 9, 23, 24, 20, 4, 7, 2, 15, 29, 10, 16, 27][15, 2, 29, 27, 7, 4, 14, 23, 20, 24, 3, 11, 25, 28, 17][0, 18, 19, 8, 12, 17, 28, 25, 7, 14, 24, 3, 1, 4, 23][14, 4, 3, 11, 17, 28, 16, 15, 10, 27, 29, 2, 6, 5, 21][5, 21, 6, 10, 7, 4, 1, 9, 14, 20, 23, 24, 3, 11, 25][13, 18, 22, 19, 8, 26][5, 21, 10, 16][15, 10, 27][16, 28][3, 14][2, 29] 
[18, 22, 12, 19, 0, 25, 7, 24, 14, 11, 17, 28, 16, 15, 29][11, 3, 9, 23, 20, 4, 14, 1, 24, 7, 28, 0, 26, 8, 19][15, 5, 6, 21, 10, 16, 7, 20, 14, 9, 3, 24, 1, 4, 23][15, 2, 29, 27, 10, 6, 13, 18, 0, 26, 8, 12, 19, 22, 25][4, 3, 11, 25, 28, 7, 2, 16, 27, 29, 15, 21, 5, 6, 13][6, 16, 10, 2, 15, 27, 7, 24, 20, 23, 14, 4, 1, 3, 9][9, 1, 24, 3, 23, 20, 7, 14, 11, 25, 22, 12, 17, 0, 18][5, 21, 2, 6, 10, 15, 27, 16, 28, 0, 13, 18, 17, 22, 25][15, 27, 16, 7, 10, 29, 2, 6, 13, 18, 17, 0, 12, 8, 26][14, 1, 24, 4, 20, 7, 28, 16, 15, 2, 21, 6, 10, 29, 27][5, 21, 2, 10, 16, 15, 29, 27, 7, 28, 17, 18, 13, 6][0, 26, 8, 12] 
[19, 17, 22, 25, 28, 16, 15, 2, 10, 7, 14, 20, 24, 4, 23][0, 13, 18, 12, 17, 28, 25, 11, 3, 4, 24, 23, 1, 14, 7][19, 18, 17, 11, 25, 22, 0, 28, 16, 7, 2, 10, 6, 5, 21][4, 1, 9, 3, 11, 17, 19, 12, 22, 25, 7, 14, 23, 20, 24][9, 1, 24, 23, 14, 3, 4, 7, 25, 22, 19, 0, 17, 18, 13][2, 27, 16, 6, 5, 15, 29, 10, 7, 25, 0, 17, 19, 8, 26][12, 22, 25, 11, 3, 23, 14, 7, 16, 15, 10, 27, 29, 2, 21][4, 3, 11, 17, 0, 25, 7, 20, 24, 23, 14, 1, 9][14, 7, 2, 15, 29, 27][0, 26][18, 19][8, 12] 
[2, 21, 15, 29, 10, 7, 27, 16, 28, 0, 19, 12, 18, 13, 6][2, 27, 10, 15, 16, 28, 7, 4, 1, 24, 14, 11, 3, 23, 9][16, 27, 10, 15, 2, 7, 25, 11, 3, 1, 23, 24, 4, 14, 20][12, 17, 28, 0, 26, 8, 19, 22, 18, 13, 6, 5, 15, 16, 27][2, 29, 27, 10, 7, 4, 1, 9, 14, 20, 23, 24, 3, 11, 25][12, 19, 22, 0, 28, 16, 7, 27, 29, 2, 21, 10, 15][16, 28][23, 24][3, 14][5, 21][0, 22][2, 29] 
[19, 12, 22, 25, 11, 17, 28, 7, 27, 15, 5, 21][1, 14, 23, 24, 20, 7][5, 6, 13, 18][0, 28, 7, 4][0, 26, 8][6, 13][10, 27][10, 16][2, 15][3, 14][27, 29][9, 14] 
[4, 24, 23, 3, 11, 14, 7, 27, 10, 15, 29, 2, 6, 5, 21][15, 29, 27, 16, 2, 21, 10, 7, 20, 14, 9, 23, 1, 4, 24][10, 21, 15, 16, 28, 25, 22, 17, 19, 18, 13, 0, 12, 8, 26][12, 17, 18, 19, 22, 25, 7, 28, 0, 13, 6, 10, 15, 27, 29][15, 21, 10, 6, 13, 18, 19, 0, 22][10, 21, 5, 6, 15, 29, 27][16, 27][23, 24][6, 13][5, 6][5, 15][11, 25] 
[10, 29, 27, 16, 28, 17, 22, 25, 7, 20, 14, 9, 1, 4, 24][24, 1, 14, 20, 4, 23, 3, 11, 25, 7, 2, 29][14, 3, 23, 9, 1, 24, 4, 20, 7, 27][6, 13, 18, 12, 0, 19][8, 26, 0, 28, 17][3, 11, 25][5, 15][16, 28][23, 24][2, 15][5, 21][0, 22] 
[12, 22, 18, 0, 13, 6, 5, 21, 15, 29, 27, 16, 2, 7, 28][13, 18, 19, 22, 12, 8, 26, 0, 17, 28, 25, 11, 14, 20, 24][9, 1, 24, 3, 23, 20, 7, 14, 11, 25, 22, 12, 17, 0, 28][8, 26, 0, 12, 18, 19, 22, 25, 11, 17, 28, 7, 2, 27, 16][13, 6, 5, 21, 2, 10, 15][18, 22][8, 19][4, 23][22, 25][6, 13][27, 29][8, 12] 
[10, 7, 4, 1, 9, 14, 20, 23, 24, 3, 11, 25][0, 18, 19, 8, 12, 17, 28][13, 18, 22, 19, 8, 26][5, 21, 10, 16][6, 13][10, 27][16, 28][23, 24][2, 15][3, 14][10, 15][2, 29] 
[4, 24, 14, 7, 28, 0, 26, 8, 19, 12, 18, 17, 22, 25][6, 21, 15, 2, 27, 16, 28, 7, 14, 24, 3, 23, 4, 20][12, 19, 18, 13, 0, 22, 25, 11, 14][0, 26, 8][11, 25][7, 10][15, 29][9, 14][1, 9][17, 28][7, 14][5, 21] 
[5, 15, 10, 2, 27, 16, 7, 28, 17, 0, 19, 22, 12, 8, 26][20, 4, 23, 9, 1, 24, 14, 7, 2, 21, 6, 10, 15, 16, 28][15, 10, 2, 7, 24, 20, 23, 1, 3, 4, 14, 11, 17][5, 6, 15, 2, 16, 7, 14, 3, 24, 4, 20][12, 22, 0, 28, 7, 20, 4, 24, 23][0, 26, 8, 19, 12, 18][16, 28, 17, 19, 22, 25][6, 13][1, 9][15, 29][5, 21][1, 3] 
[21, 5, 15, 2, 7, 10, 6, 13, 18, 12, 19, 8, 26, 0, 22][5, 21, 15, 2, 7, 27, 10, 6, 13, 0, 17, 28, 16][4, 1, 9, 14, 20, 23, 24, 3, 11, 25][19, 17, 28][10, 27][10, 16][23, 24][3, 14][27, 29][10, 15][15, 27][11, 17] 
[6, 13, 0, 22, 18, 19, 17, 28, 25, 11, 14, 1, 3, 9, 23][6, 21, 15, 27, 10, 29, 2, 7, 14, 4, 3, 24, 23, 1, 9][7, 4, 24, 23, 9, 14, 3, 11, 17, 0, 19, 18, 12, 8, 26][1, 4, 3, 11, 25, 0, 17, 19, 8, 12, 22, 18, 13, 6, 5][10, 6, 2, 21, 5, 15, 27, 7, 28, 17, 11, 25, 22, 12, 19][4, 20, 7, 10, 6, 5, 21, 15, 16, 28, 0, 19, 12, 8, 26][3, 14, 9, 1, 23, 24, 4, 7, 2, 21, 6, 15, 10, 27, 29][1, 14, 23, 24, 20, 7, 2][2, 27, 29, 10, 7, 4][0, 26, 8][10, 16][27, 29] 
[13, 18, 12, 19, 8, 26, 0, 17, 22, 25, 7, 24, 1, 23, 20][6, 16, 28, 25, 11, 3, 23, 14, 7, 27, 2, 21, 10, 29, 15][17, 19, 22, 12, 0, 25, 11, 3, 9, 1, 4, 14, 7, 24, 23][25, 22, 19, 8, 12, 18, 0, 13, 6, 21, 10, 15, 2, 29, 27][2, 15, 29, 27, 16, 28, 7, 4, 23, 20, 14, 3, 11, 17, 12][5, 6, 16][6, 13][2, 15][17, 18][0, 22][15, 27][11, 25] 
[12, 17, 28, 0, 26, 8, 19, 22, 18, 13, 6, 5, 15][10, 7, 4, 1, 9, 14, 20, 23, 24, 3, 11, 25][6, 13][10, 27][16, 28][23, 24][2, 15][3, 14][5, 21][27, 29][10, 15][15, 27] 
[15, 29, 10, 6, 16, 7, 28, 17, 18, 19, 12, 22, 25, 0, 26][9, 14, 4, 3, 1, 24, 23, 20, 7, 27, 10, 6, 21, 15, 16][27, 29, 15, 5, 21, 2, 7, 16, 6, 13, 18, 19, 12, 17, 28][25, 11, 14, 24, 4, 1, 3, 9, 23, 20, 7, 16, 15, 29, 27][15, 16, 28, 25, 22, 17, 19, 18, 13, 0, 12, 8, 26][9, 1, 24, 20, 4, 23, 3, 14, 7, 2, 21, 15][6, 13, 0, 22][7, 10][10, 27][6, 13][5, 15][12, 17] 
[15, 5, 21, 10, 29, 27, 2, 6, 16, 28, 25, 7, 4, 24, 23][14, 3, 4, 24, 23, 20, 7, 2, 29, 27, 16, 28, 0, 22, 19][26, 8, 12, 22, 18, 0, 19, 17, 11, 25, 7, 10, 15, 2, 27][12, 22, 19, 8, 26, 0, 13, 6, 16, 15, 10, 7, 27, 2, 29][12, 17, 28, 0, 26, 8, 19, 22, 18, 13, 6, 5, 15, 16, 27][15, 16, 27, 10, 7, 4, 1, 9, 14, 20, 23, 24, 3, 11, 25][8, 26, 0, 22, 19, 12, 18, 13, 6, 10, 15][10, 27][16, 28][2, 15][5, 21][0, 22] 
[5, 21, 15, 6, 2, 7, 4, 1, 24, 23, 9, 3, 11, 14, 20][12, 17, 28, 0, 26, 8, 19, 22, 18, 13, 6, 5, 15, 16, 27][25, 11, 3, 24, 23, 20, 14, 9, 1, 4, 7, 10, 27][15, 2, 16, 7, 24, 23][6, 13][10, 27][16, 28][2, 15][3, 14][0, 22][10, 15][2, 29] 
[19, 17, 22, 12, 8, 26, 0, 13, 6, 21, 5, 15, 29, 10, 27][10, 6, 5, 21, 2, 7, 4, 14, 1, 24, 3, 11, 25, 28, 16][5, 21, 15, 10, 6, 16, 2, 29, 27, 7, 24, 23, 20, 4, 14][5, 6, 21, 2, 29, 27, 10, 15, 16, 28, 25, 22, 0, 18, 17][12, 17, 28, 0, 26, 8, 19, 22, 18, 13, 6, 5, 15, 16, 27][2, 29, 27, 10, 7, 4, 1, 9, 14, 20, 23, 24, 3, 11, 25][6, 13, 18, 17, 12, 22, 0, 26][22, 0, 18, 19, 8, 12, 17, 28][5, 21, 10, 16][2, 15][3, 14][2, 29] 
[16, 28, 7, 20, 24, 14, 9, 23, 4, 1, 3, 11, 17, 12, 22][18, 12, 8, 26, 0, 22, 19, 17, 28, 7, 4, 14, 1, 24, 23][5, 6, 21, 2, 10, 29, 15, 27, 7, 20, 23, 1, 4, 3, 14][5, 21, 2, 6, 16, 28, 25, 11, 14, 24, 1, 4, 20, 23, 9][11, 25, 7, 16, 2, 10, 29, 27, 15, 6, 13, 18, 12, 0, 22][17, 28, 16, 15, 10, 27, 7, 4, 1, 24, 3, 14, 9, 23, 20][6, 21, 5, 15, 10, 27, 7, 24, 1, 4, 23, 14, 3, 11, 25][23, 24, 3, 11, 25, 7, 28, 16, 2, 10, 27][5, 6, 13, 18, 22, 19, 8, 26][5, 15][2, 15][2, 29] 
[5, 21, 2, 6, 15, 27, 7, 20, 24, 4, 23, 9, 3, 14, 11][1, 4, 20, 24, 23, 9, 3, 14, 7, 25, 28, 0, 19, 18][16, 28, 25, 7, 24, 3, 11, 17, 19, 18][10, 6, 21, 5, 15, 27, 7, 16, 2, 29][20, 14, 9, 1, 4, 7, 10, 27, 29][12, 17, 28, 0, 26, 8, 19, 22][6, 13][10, 27][23, 24][2, 15][5, 21][6, 13] 
[4, 1, 9, 14, 20, 23, 24, 3, 11, 25][13, 18, 12, 19, 8, 26][7, 25, 0, 22, 18][7, 2, 6, 5, 21][17, 28][10, 27][10, 16][23, 24][2, 15][27, 29][10, 15][11, 17] 
[15, 16, 28, 25, 22, 17, 19, 18, 13, 0, 12, 8, 26][9, 1, 24, 20, 4, 23, 3, 14, 7, 2, 21][7, 10][10, 27][15, 29][23, 24][6, 13][27, 29][0, 22][5, 15][12, 17][11, 25] 
[2, 6, 13, 18, 19, 8, 26, 0, 17, 11, 14, 1, 24, 7, 10][4, 24, 20, 23, 9, 1, 3, 14, 7, 16, 28, 0, 26, 8, 12][15, 29, 27, 16][11, 25][8, 26][5, 15][22, 25][9, 14][1, 9][6, 21][11, 14][27, 29] 
[25, 11, 3, 24, 23, 20, 14, 9, 1, 4, 7, 10, 27, 29][12, 17, 28, 0, 26, 8, 19, 22, 18, 13, 6, 5, 15][6, 13][10, 27][16, 28][23, 24][2, 15][3, 14][5, 21][0, 22][10, 15][15, 27] 
[9, 1, 3, 24, 7, 20, 23, 4, 14, 11, 25, 0, 13, 6, 15][19, 17, 22, 12, 8, 26, 0, 13, 6, 21, 5, 15, 29, 10, 27][5, 6, 2, 7, 4, 1, 24, 3, 14, 11, 17, 22, 25, 28, 16][6, 2, 29, 10, 16, 27, 7, 20, 4, 24, 1, 9, 23, 3, 14][2, 15, 10, 29, 27, 16, 28, 0, 13, 18, 17, 22, 12, 8, 26][12, 17, 28, 0, 26, 8, 19, 22, 18, 13, 6, 5, 15, 16, 27][2, 29, 27, 10, 7, 4, 1, 9, 14, 20, 23, 24, 3, 11, 25][15, 6, 2, 29][23, 24][2, 15][5, 21][0, 22] 
[15, 29, 2, 21, 5, 6, 13, 18, 12, 22, 17, 0, 26, 8, 19][21, 6, 16, 28, 17, 19, 18, 13, 0, 25, 7, 10, 15, 29, 27][5, 15, 21, 6, 2, 29, 27, 16, 7, 14, 23, 20, 24][3, 11, 25, 28, 7, 2, 16, 27, 29, 15, 21][7, 20, 24, 1, 9][0, 22, 18][5, 15, 10][13, 0, 17][4, 23][22, 25][5, 6][8, 12] 
[7, 4, 1, 9, 14, 20, 23, 24, 3, 11, 25][15, 29, 2, 16, 27, 7, 14, 1, 24, 23][5, 6, 16, 28, 7, 27, 2, 21, 10][12, 19, 8, 26, 0, 22][11, 17, 12][6, 13][13, 18][23, 24][2, 15][13, 18][27, 29][15, 27] 
[16, 28, 7, 20, 24, 14, 9, 23, 4, 1, 3, 11, 17, 12, 22][5, 6, 13, 18, 22, 19, 8, 26][5, 15][10, 27][23, 24][2, 15][3, 14][5, 21][0, 22][10, 15][2, 29][11, 25] 
[25, 22, 12, 0, 13, 6, 21, 2, 7, 28, 16, 27][7, 20, 4, 24, 1, 9, 23, 3, 14][18, 12, 17, 19, 8, 26][10, 27][16, 28][23, 24][2, 15][5, 21][0, 22][2, 29][12, 17][11, 25] 
[11, 14, 20, 4, 23, 24, 7, 16, 2, 6, 10, 21, 15, 29, 27][6, 13, 18, 19, 17, 22, 25, 28][1, 3, 24, 4, 23, 9][19, 8, 26][5, 21][10, 27][23, 24][2, 6][13, 18][6, 10][0, 28][12, 17] 
[16, 27, 10, 15, 2, 7, 25, 11, 3, 1, 23, 24, 4, 14, 20][12, 17, 28, 0, 26, 8, 19, 22, 18, 13, 6, 5, 15, 16, 27][9, 14, 20, 23, 24, 3, 11, 25][6, 13][10, 27][16, 28][23, 24][3, 14][5, 21][0, 22][10, 15][2, 29] 
[2, 7, 14, 23, 3, 11, 25, 22, 12][16, 7, 2, 10, 6, 5, 21][0, 13, 18, 12, 17, 28][9, 1, 24, 23][2, 10, 15, 5][16, 15, 29, 27][0, 26][18, 19][4, 23][3, 4][20, 24][8, 12] 
[3, 11, 17, 0, 19, 8, 12, 18, 22, 25][23, 20, 14, 9, 1, 4, 7, 10, 27, 29][6, 10, 16, 2, 21][6, 13][16, 28][23, 24][2, 15][3, 14][5, 21][10, 15][15, 27][0, 26] 
[6, 16, 15, 21, 2, 7, 14, 3, 23, 4, 20, 24, 1, 9][12, 17, 18, 19, 22, 25, 7, 28][12, 8, 26][7, 10][10, 27][15, 29][23, 24][6, 13][27, 29][0, 22][5, 15][11, 25] 
[27, 10, 7, 14, 3, 11, 17, 0, 19, 8, 12, 18, 22, 25, 28][22, 0, 17, 12, 18, 13, 6, 10, 16, 2, 21, 5, 15, 27, 29][2, 29, 27, 10, 7, 4, 1, 9, 14, 20, 23, 24, 3, 11, 25][12, 17, 28, 0, 26, 8, 19, 22, 18, 13, 6, 5, 15][1, 4, 3, 14][6, 13][16, 28][23, 24][2, 15][5, 21][10, 15][15, 27] 
[19, 17, 22, 12, 8, 26, 0, 13, 6, 21, 5, 15, 29, 10, 27][6, 2, 29, 10, 16, 27, 7, 20, 4, 24, 1, 9, 23, 3, 14][2, 29, 27, 10, 7, 4, 1, 9, 14, 20, 23, 24, 3, 11, 25][12, 17, 28, 0, 26, 8, 19, 22, 18, 13, 6, 5, 15][15, 10, 29, 27, 16][6, 13][16, 28][23, 24][2, 15][5, 21][0, 22][2, 29] 
[6, 21, 15, 2, 27, 16, 28, 7, 14, 24, 3, 23, 4, 20][12, 19, 18, 13, 0, 22, 25, 11, 14][0, 26, 8][11, 25][7, 10][22, 25][15, 29][9, 14][1, 9][17, 28][7, 14][5, 21] 
[7, 20, 23, 24, 1, 9][12, 18, 13, 0, 17, 28][6, 10, 16, 15, 29, 27][0, 25, 11, 14][13, 6, 5, 21][2, 10, 15, 5][19, 8, 26][4, 23][22, 25][3, 4][14, 23][8, 12] 
[6, 13, 18, 22, 12, 0, 28, 25, 11, 3, 23, 1, 9, 14, 20][6, 2, 27, 29, 10, 7, 4, 14, 11, 3, 23, 20, 24, 1, 9][20, 4, 24, 14, 11, 25, 28, 0, 22, 12, 17, 18, 19, 8, 26][19, 12, 22, 25, 11, 17, 28, 7, 27, 15, 5, 21][1, 14, 23, 24, 20, 7][10, 16, 15, 21][14, 3, 11, 17][5, 6, 13, 18][0, 26, 8][10, 27][27, 29][9, 14] 
[23, 4, 24, 3, 14, 11, 17, 28][12, 18, 13, 0, 17, 28][7, 14, 23, 20, 24][4, 3, 11, 25][13, 6, 5, 21][2, 10, 15, 5][16, 15, 29, 27][9, 1, 24][12, 8, 26][18, 22][18, 19][22, 25] 
[9, 14, 23, 3, 1, 24, 4, 7, 10, 15, 2, 6, 13, 18][5, 6, 16, 28, 7, 27, 2, 21][12, 17, 11, 3, 14, 20][8, 19, 12][6, 13][8, 26][15, 29][23, 24][0, 28][27, 29][0, 22][11, 25] 
[5, 21, 10, 7, 20, 4, 24, 1, 23, 9, 3, 11, 17, 22, 12][25, 11, 3, 24, 23, 20, 14, 9, 1, 4, 7, 10, 27, 29][2, 6, 13, 18][17, 19][6, 16][16, 28][2, 15][0, 26][0, 22][10, 15][15, 27][8, 26] 
[8, 12, 18, 22, 0, 19, 17, 28, 16, 6, 2, 15][14, 3, 23, 9, 1, 24, 4, 20, 7, 27, 16][12, 17, 28, 0, 26, 8, 19, 22, 18][5, 21, 2, 10, 6][3, 11, 25][6, 13][10, 27][16, 28][23, 24][0, 22][10, 15][2, 29] 
[26, 8, 19, 17, 12, 18, 0, 13, 6, 21, 15, 2, 27, 16, 28][19, 17, 22, 12, 8, 26, 0, 13, 6, 21, 5, 15, 29, 10, 27][6, 2, 29, 10, 16, 27, 7, 20, 4, 24, 1, 9, 23, 3, 14][15, 10, 29, 27, 16, 28, 7, 2, 21, 6, 13, 0, 12, 22, 25][12, 17, 28, 0, 26, 8, 19, 22, 18, 13, 6, 5, 15, 16, 27][2, 29, 27, 10, 7, 4, 1, 9, 14, 20, 23, 24, 3, 11, 25][3, 9, 23, 1, 14, 20, 7, 10, 2, 27, 15, 21, 5][16, 28][23, 24][2, 15][0, 22][2, 29] 
[5, 21, 2, 29, 27, 16, 10, 15, 6, 13, 0, 17, 18, 19, 8][4, 3, 11, 25, 28, 7, 2, 16, 27, 10, 21, 6, 5, 15, 29][25, 22, 18, 17, 19, 0, 26][18, 12, 8, 19][14, 23, 20, 24][6, 5, 21][9, 1, 24][4, 23][10, 15][0, 17][27, 29][8, 12] 
[5, 21, 10, 7, 20, 4, 24, 1, 23, 9, 3, 11, 17, 22][25, 11, 3, 24, 23, 20, 14, 9, 1, 4, 7, 10, 27, 29][6, 13, 18, 17, 12][17, 19][6, 16][16, 28][2, 15][0, 26][0, 22][10, 15][15, 27][8, 26] 
[22, 25, 11, 3, 9, 1, 4, 20, 23, 14, 7, 2, 21, 15, 27][12, 17, 28, 0, 26, 8, 19, 22, 18, 13, 6, 5, 15, 16, 27][25, 11, 3, 24, 23, 20, 14, 9, 1, 4, 7, 10, 27, 29][20, 14, 1, 9, 23, 3, 4, 24, 7, 25, 0, 22][7, 24, 20, 23, 9, 1, 4, 3, 14][6, 13][10, 27][16, 28][23, 24][2, 15][5, 21][10, 15] 
[15, 29, 2, 21, 5, 6, 13, 18, 12, 22, 17, 0, 26, 8, 19][21, 6, 16, 28, 17, 19, 18, 13, 0, 25, 7, 10, 15, 29, 27][3, 11, 25, 28, 7, 2, 16, 27, 29, 15, 21][7, 14, 23, 20, 24][0, 22, 18][9, 1, 24][5, 15, 10][13, 0, 17][4, 23][22, 25][5, 6][8, 12] 
[13, 6, 21, 15, 2, 27, 16, 28, 7, 14, 24, 3, 23, 4, 20][12, 19, 18, 13, 0, 22][0, 26, 8][11, 25][7, 10][22, 25][15, 29][9, 14][1, 9][17, 28][7, 14][5, 21] 
[0, 17, 12, 22, 25, 11, 14, 7, 20, 23, 3, 24, 1, 9][6, 5, 21, 15, 29, 27, 16, 2, 7, 28][18, 22][8, 19][4, 23][22, 25][6, 13][20, 24][10, 15][8, 26][27, 29][8, 12] 
[16, 7, 20, 14, 9, 23, 1, 3, 11, 25, 0, 19, 12, 8, 26][5, 15, 10, 2, 27, 7, 28, 17, 18][2, 6, 21][11, 25][13, 18][7, 10][22, 25][3, 4][1, 9][14, 24][7, 25][27, 29] 
[5, 6, 15, 2, 16, 7, 14, 3, 24, 4, 20][12, 22, 0, 28, 7, 20, 4, 24, 23][0, 26, 8, 19, 12, 18][16, 28, 17, 19, 22, 25][6, 13][1, 9][15, 29][2, 27][5, 21][10, 15][11, 17][1, 3] 
[10, 29, 2, 21, 5, 15, 27, 7, 28, 17, 11, 25, 22, 12, 19][1, 14, 23, 24, 20, 7][0, 28, 7, 4][0, 26, 8][6, 13][6, 16][10, 16][2, 15][3, 14][27, 29][13, 18][9, 14] 
[7, 4, 1, 9, 14, 20, 23, 24, 3, 11, 25][5, 6, 16, 28, 7, 27, 2, 21, 10][12, 19, 8, 26, 0, 22][11, 17, 12][6, 13][13, 18][15, 29][23, 24][2, 15][13, 18][27, 29][15, 27] 
[0, 22, 19, 17, 18, 13, 6, 10, 15, 5, 21, 2, 29, 27][7, 24, 3, 14, 1, 9][11, 14, 1, 23][8, 12, 22][8, 26][7, 10][22, 25][3, 4][5, 21][20, 24][16, 27][17, 28] 
[19, 8, 26, 0, 17, 12, 22, 18, 13, 6, 2, 16, 28, 7, 25][7, 20, 4, 24, 23, 1, 9, 3, 14][10, 21, 15][15, 29][23, 24][2, 15][2, 6][0, 22][15, 27][5, 15][12, 17][11, 25] 
[15, 5, 6, 13, 0, 25, 11, 17, 18, 12, 19, 8, 26][1, 4, 23, 9, 14, 24, 20, 7, 28, 16][0, 28, 25, 7, 14, 24, 23][10, 27][2, 15][3, 14][5, 21][0, 22][10, 15][2, 29][12, 17][11, 25] 
[5, 21, 10, 29, 27, 15, 16, 2, 6, 13, 0, 22, 25, 28, 17][16, 15, 2, 29, 27, 10, 21, 5, 6, 13, 0, 12, 19, 8, 26][5, 15, 10, 2, 27, 16, 7, 20, 4, 24, 14, 3, 11, 25][12, 8, 26, 0, 22, 25, 11, 17, 18, 19][7, 20, 23, 24, 1, 9][12, 18, 13, 0, 17, 28][0, 25, 11, 14][16, 15, 29, 27][19, 8, 26][4, 23][3, 4][14, 23] 
[14, 3, 23, 9, 1, 24, 4, 20, 7, 27, 16][12, 17, 28, 0, 26, 8, 19, 22, 18][5, 21, 2, 10, 6][3, 11, 25][6, 13][10, 27][16, 28][23, 24][2, 15][0, 22][10, 15][2, 29] 
[5, 6, 16, 15, 21, 2, 7, 14, 3, 23, 4, 20, 24, 1, 9][10, 21, 15, 16, 28, 25, 22, 17, 19, 18, 13, 0, 12, 8, 26][12, 17, 18, 19, 22, 25, 7, 28, 0, 13, 6, 10, 15, 27, 29][15, 21, 10, 6, 13, 18, 19, 0, 22][6, 13, 18, 12, 19][7, 10][10, 27][15, 29][23, 24][27, 29][5, 15][11, 25] 
[10, 29, 15, 5, 21, 6, 13, 0, 26, 8, 12, 22, 17, 19][10, 7, 4, 1, 9, 14, 20, 23, 24, 3, 11, 25][16, 27, 29][6, 13][16, 28][23, 24][2, 15][3, 14][5, 21][0, 22][2, 29][18, 22] 
[12, 17, 28, 0, 26, 8, 19, 22, 18, 13, 6, 5, 15][10, 7, 4, 1, 9, 14, 20, 23, 24, 3, 11, 25][6, 13][10, 27][16, 28][23, 24][2, 15][3, 14][5, 21][0, 22][10, 15][2, 29] 
[6, 2, 29, 10, 16, 27, 7, 20, 4, 24, 1, 9, 23, 3, 14][12, 17, 28, 0, 26, 8, 19, 22, 18, 13, 6, 5, 15, 16, 27][25, 11, 3, 24, 23, 20, 14, 9, 1, 4, 7, 10, 27, 29][5, 21, 2, 10, 6][1, 24, 23][6, 13][10, 27][16, 28][2, 15][0, 22][10, 15][2, 29] 
[15, 16, 28, 25, 22, 17, 19, 18, 13, 0, 12, 8, 26][9, 1, 24, 20, 4, 23, 3, 14, 7, 2, 21, 15][6, 13, 18, 12, 19][7, 10][10, 27][15, 29][23, 24][27, 29][0, 22][5, 15][12, 17][11, 25] 
[13, 6, 21, 15, 2, 27, 16, 28, 7, 14, 24, 3, 23, 4, 20][4, 3, 24, 14, 11, 25, 22, 0, 13, 18, 19, 12][0, 26, 8][11, 25][7, 10][22, 25][15, 29][9, 14][1, 9][17, 28][7, 14][5, 21] 
[1, 14, 11, 25, 7, 16, 28, 17, 18, 13, 6, 2, 27, 29, 15][15, 29, 10, 6, 2, 16, 7, 20, 4, 1, 3, 11, 14, 24, 23][9, 1, 23, 20, 4, 24, 3, 14, 7, 16, 2, 15, 6, 5, 21][14, 3, 9, 23, 1, 24, 20, 7, 2, 27, 29, 15, 21, 10, 16][6, 10, 7, 25, 22, 19, 17, 28, 16, 2, 29, 15, 27][5, 21, 2, 16, 10, 7, 4, 23, 24, 20, 14][17, 11, 3, 24, 1, 14, 23, 4, 20, 7, 28][0, 26, 8, 19, 12, 18][6, 13][1, 9][10, 15][1, 3] 
[26, 8, 19, 17, 12, 18, 0, 13, 6, 21, 15, 2, 27, 16, 28][19, 17, 22, 12, 8, 26, 0, 13, 6, 21, 5, 15, 29, 10, 27][6, 2, 29, 10, 16, 27, 7, 20, 4, 24, 1, 9, 23, 3, 14][15, 10, 29, 27, 16, 28, 7, 2, 21, 6, 13, 0, 12, 22, 25][12, 17, 28, 0, 26, 8, 19, 22, 18, 13, 6, 5, 15, 16, 27][2, 29, 27, 10, 7, 4, 1, 9, 14, 20, 23, 24, 3, 11, 25][16, 28][23, 24][2, 15][5, 21][0, 22][2, 29] 
[5, 21, 2, 29, 27, 7, 28, 0, 25, 22, 17, 12][7, 24, 20, 23, 9, 1, 4, 3, 14][13, 18, 22, 19, 8, 26][6, 13][10, 27][16, 28][23, 24][2, 15][0, 22][10, 15][15, 27][11, 25] 
[12, 17, 28, 0, 26, 8, 19, 22, 18, 13, 6, 5, 15][20, 23, 14, 1, 9, 3, 24, 4, 7, 10, 27, 29][3, 11, 25][6, 13][16, 28][23, 24][2, 15][3, 14][5, 21][0, 22][10, 15][15, 27] 
[4, 3, 24, 14, 11, 25, 22, 0, 13, 18, 19, 12, 17, 28, 7][13, 6, 21, 15, 2, 27, 16, 28, 7, 14, 24, 3, 23, 4, 20][23, 20, 24, 7, 25, 11, 17, 18, 13, 6, 5, 21, 15, 29, 27][0, 28, 25, 7, 16, 27, 29, 15][25, 22, 12, 18, 19, 0, 28][6, 13, 18, 0, 26, 8][11, 25][7, 10][9, 14][1, 9][17, 28][7, 14] 
[21, 5, 15, 2, 7, 10, 6, 13, 18, 12, 19, 8, 26, 0, 22][2, 15, 29, 27, 16, 28, 7, 4, 23, 20, 14, 3, 11, 17, 12][2, 29, 27, 10, 7, 4, 1, 9, 14, 20, 23, 24, 3, 11, 25][18, 13, 6, 2, 15, 10, 7, 4, 24][10, 15, 29][6, 13][13, 18][15, 29][23, 24][2, 15][27, 29][15, 27] 
[23, 4, 1, 3, 11, 14, 7, 20, 24][16, 27, 29, 2, 6, 5, 21][11, 17, 18, 0, 25, 22][13, 18, 12, 17, 28][5, 15, 10][0, 26][18, 19][3, 4][1, 9][2, 7][27, 29][8, 12] 
[4, 3, 9, 23, 20, 14, 7][4, 7, 10, 2, 6, 21][12, 18, 13, 0, 17, 28][7, 14, 23, 20, 24][0, 25, 11, 14][16, 15, 29, 27][5, 15, 10][8, 26][22, 25][8, 19][1, 9][8, 12] 
[15, 5, 6, 13, 18, 17, 19, 12, 0, 28, 25][1, 4, 23, 9, 14, 24, 20, 7, 28, 16][0, 26, 8][6, 13][10, 27][2, 15][3, 14][5, 21][0, 22][10, 15][2, 29][11, 25] 
[16, 27, 10, 15, 2, 7, 25, 11, 3, 1, 23, 24, 4, 14, 20][12, 17, 28, 0, 26, 8, 19, 22, 18, 13, 6, 5, 15, 16, 27][2, 29, 27, 10, 7, 4, 1, 9, 14, 20, 23, 24, 3, 11, 25][15, 10, 21, 2, 29, 27, 7, 16, 28, 0, 22, 19][6, 13][10, 27][16, 28][23, 24][3, 14][5, 21][0, 22][2, 29] 
[5, 21, 2, 29, 27, 7, 28, 0, 25, 22, 17, 12, 8, 19, 18][12, 17, 28, 0, 26, 8, 19, 22, 18, 13, 6, 5, 15, 16, 27][2, 29, 27, 10, 7, 4, 1, 9, 14, 20, 23, 24, 3, 11, 25][10, 7, 24, 20, 23, 9, 1, 4, 3, 14][2, 15, 27][6, 13][10, 27][16, 28][23, 24][2, 15][0, 22][10, 15] 
[7, 20, 23, 24, 1, 9][12, 18, 13, 0, 17, 28][7, 14, 23, 20, 24][0, 25, 11, 14][13, 6, 5, 21][2, 10, 15, 5][16, 15, 29, 27][19, 8, 26][4, 23][22, 25][3, 4][8, 12] 
[19, 17, 22, 12, 8, 26, 0, 13, 6, 21, 5, 15, 29, 10, 27][12, 17, 28, 0, 26, 8, 19, 22, 18, 13, 6, 5, 15, 16, 27][2, 29, 27, 10, 7, 4, 1, 9, 14, 20, 23, 24, 3, 11, 25][22, 0, 18, 19, 8, 12, 17, 28][2, 16, 10, 21, 5][6, 13][16, 28][23, 24][2, 15][3, 14][10, 15][2, 29] 
[3, 11, 25, 28, 7, 2, 16, 27, 29, 15, 21][7, 14, 23, 20, 24][0, 26, 8, 19][0, 22, 18][9, 1, 24][5, 15, 10][13, 0, 17][4, 23][22, 25][5, 6][27, 29][8, 12] 
[10, 7, 4, 1, 9, 14, 20, 23, 24, 3, 11, 25][12, 17, 28, 0, 26, 8, 19, 22, 18][5, 21, 6, 2, 16][6, 13][10, 27][16, 28][23, 24][2, 15][3, 14][0, 22][10, 15][2, 29] 
[12, 17, 28, 0, 26, 8, 19, 22, 18, 13, 6, 5, 15, 16, 27][25, 11, 3, 24, 23, 20, 14, 9, 1, 4, 7, 10, 27][6, 13][10, 27][16, 28][23, 24][2, 15][3, 14][5, 21][0, 22][10, 15][2, 29] 
[12, 17, 28, 0, 26, 8, 19, 22, 18, 13, 6, 5, 15, 16, 27][25, 11, 3, 24, 23, 20, 14, 9, 1, 4, 7, 10, 27, 29][7, 24, 20, 23, 9, 1, 4, 3, 14][6, 13][10, 27][16, 28][23, 24][2, 15][5, 21][0, 22][10, 15][15, 27] 
[16, 28, 25, 22, 17, 19, 18, 13, 0, 12, 8, 26][4, 1, 9, 14, 20, 23, 24, 3, 11, 25][13, 6, 2, 15][15, 5, 21][7, 10][10, 27][15, 29][23, 24][3, 14][27, 29][0, 22][12, 17] 
[7, 28, 0, 26, 8, 19][4, 3, 11, 25][13, 6, 5, 21][14, 23, 20, 24][2, 10, 15, 5][17, 0, 13, 18][16, 15, 29, 27][9, 1, 24][18, 22][4, 23][22, 25][8, 12] 
[19, 17, 22, 12, 8, 26, 0, 13, 6, 21, 5, 15, 29, 10, 27][6, 2, 29, 10, 16, 27, 7, 20, 4, 24, 1, 9, 23, 3, 14][12, 17, 28, 0, 26, 8, 19, 22, 18, 13, 6, 5, 15, 16, 27][2, 29, 27, 10, 7, 4, 1, 9, 14, 20, 23, 24, 3, 11, 25][15, 10, 29, 27, 16][6, 13][16, 28][23, 24][2, 15][5, 21][0, 22][2, 29] 
[25, 11, 3, 24, 23, 20, 14, 9, 1, 4, 7, 10, 27, 29][12, 17, 28, 0, 26, 8, 19, 22, 18][6, 5, 21, 15][6, 13][10, 27][16, 28][23, 24][2, 15][3, 14][2, 16][0, 22][10, 15] 
[4, 3, 11, 25, 28][7, 14, 23, 20, 24][0, 26, 8, 19][13, 6, 5, 21][2, 10, 15, 5][16, 15, 29, 27][0, 22, 18][9, 1, 24][13, 0, 17][4, 23][22, 25][8, 12] 
[12, 17, 28, 0, 26, 8, 19, 22, 18, 13, 6, 5, 15, 16, 27][2, 29, 27, 10, 7, 4, 1, 9, 14, 20, 23, 24, 3, 11, 25][5, 21, 10, 6, 16, 15, 27, 2, 29][5, 21, 6, 2, 16][27, 10, 29][6, 13][16, 28][23, 24][2, 15][3, 14][0, 22][10, 15] 
[12, 17, 28, 0, 26, 8, 19, 22, 18, 13, 6, 5, 15, 16, 27][25, 11, 3, 24, 23, 20, 14, 9, 1, 4, 7, 10, 27, 29][7, 24, 20, 23, 9, 1, 4, 3, 14][10, 21, 2, 15][6, 13][10, 27][16, 28][23, 24][5, 21][0, 22][10, 15][15, 27] 
[12, 18, 13, 0, 17, 28][7, 14, 23, 20, 24][4, 3, 11, 25][13, 6, 5, 21][2, 10, 15, 5][16, 15, 29, 27][9, 1, 24][12, 8, 26][18, 22][18, 19][4, 23][22, 25] 
