42590.0 7921.4468679370775 0.1541641996064585 0.46698355601233305 62.0 80.0 0.0 
42350.0 8575.327151445628 0.1625128468650204 0.36356628982451206 54.0 65.0 0.0 
42350.0 8575.327151445628 0.16251284418391015 0.36356628382645506 54.0 65.0 0.0 
42350.0 8575.327151445628 0.16249197174052665 0.363519588953115 54.0 65.0 0.0 
46345.0 8237.775299693336 0.1875642343267548 0.4823997944501268 51.0 71.0 0.0 
43640.0 9003.946736087199 0.19332048811817598 0.35324341682723187 51.0 65.0 0.0 
43640.0 9003.946736087199 0.1933453237405974 0.3532887975326531 51.0 65.0 0.0 
45945.0 9201.582903741742 0.20041109638490107 0.35585816473472814 50.0 66.0 0.0 
45945.0 9201.582903741742 0.2003853564547206 0.35581245985870263 50.0 66.0 0.0 
45945.0 9201.582903741742 0.2003853564547206 0.35581245985870263 50.0 66.0 0.0 
44310.0 7739.537983490691 0.14581192257996983 0.482399794450154 57.0 78.0 0.3746031746031746 
42350.0 8575.327151445628 0.1625128468650204 0.36356628982451206 54.0 65.0 0.0 
42350.0 8575.327151445628 0.16251284418391015 0.36356628382645506 54.0 65.0 0.0 
46345.0 8237.775299693336 0.1875642343267548 0.4823997944501268 51.0 71.0 0.0 
43640.0 9003.946736087199 0.19332048811817598 0.35324341682723187 51.0 65.0 0.0 
45945.0 9201.582903741742 0.20041109969125045 0.35585817060561786 50.0 66.0 0.0 
44310.0 7739.537983490691 0.1457931920359666 0.48233782915863843 57.0 78.0 0.3746031746031746 
42350.0 8575.327151445628 0.16251284686536485 0.3635662898252826 54.0 65.0 0.0 
46345.0 8237.775299693336 0.1875642343267548 0.4823997944501268 51.0 71.0 0.0 
42620.0 8373.570113032685 0.14324502144787932 0.36356628382645506 63.0 79.0 0.8571428571428572 
44310.0 7739.537983490691 0.14581192257996983 0.482399794450154 57.0 78.0 0.3746031746031746 
42350.0 8575.327151445628 0.16251284418391015 0.36356628382645506 54.0 65.0 0.0 
42350.0 8575.327151445628 0.16251284418391015 0.36356628382645506 54.0 65.0 0.0 
46345.0 8237.775299693336 0.18754014129736674 0.48233782915863843 51.0 71.0 0.0 
43640.0 9003.946736087199 0.19332048811817598 0.35324341682723187 51.0 65.0 0.0 
45945.0 9201.582903741742 0.20041109638490107 0.35585816473472814 50.0 66.0 0.0 
44310.0 7739.537983490691 0.1458172850650266 0.4823997944491317 57.0 78.0 0.3746031746031746 
42350.0 8575.327151445628 0.1625128468653648 0.36356628982528255 54.0 65.0 0.0 
46345.0 8237.775299693336 0.1875642343267548 0.4823997944501268 51.0 71.0 0.0 
42600.0 7623.05918726541 0.13937058445728967 0.48233782915863843 75.0 99.0 1.2698412698412698 
44310.0 7739.537983490691 0.14581192257996983 0.482399794450154 57.0 78.0 0.3746031746031746 
42350.0 8575.327151445628 0.1625128468653648 0.36356628982528255 54.0 65.0 0.0 
46345.0 8237.775299693336 0.1875642312320228 0.48239978649057913 51.0 71.0 0.0 
42600.0 7623.05918726541 0.13938848920833766 0.4823997944491317 75.0 99.0 1.2698412698412698 
42600.0 7623.05918726541 0.13938848920833766 0.4823997944491317 75.0 99.0 1.2698412698412698 
159070.0 4558.469236471458 0.4258188824662813 0.0 185.0 81.0 2.0 
159070.0 4558.469236471458 0.42587358684480986 0.0 185.0 81.0 2.0 
159070.0 4558.469236471458 0.42587358684480975 0.0 185.0 81.0 2.0 
159070.0 4594.278191504672 0.42587357981791474 0.0 185.0 89.0 1.2222222222222223 
159070.0 4594.278191504672 0.42587357981791474 0.0 185.0 89.0 1.2222222222222223 
159070.0 4594.278191504672 0.42587357981791474 0.0 185.0 89.0 1.2222222222222223 
159070.0 4558.469236471458 0.42587357981791474 0.0 185.0 81.0 2.0 
159070.0 4558.469236471458 0.42587358684390725 0.0 185.0 81.0 2.0 
159070.0 4594.278191504672 0.42587357981791474 0.0 185.0 89.0 1.2222222222222223 
159070.0 4558.469236471458 0.4258188824662813 0.0 185.0 81.0 2.0 
159070.0 4558.469236471458 0.4258188824662813 0.0 185.0 81.0 2.0 
159070.0 4558.469236471458 0.42587357981791474 0.0 185.0 81.0 2.0 
159070.0 4594.278191504672 0.42587357981791474 0.0 185.0 89.0 1.2222222222222223 
159070.0 4558.469236471458 0.4258188824662813 0.0 185.0 81.0 2.0 
159070.0 4558.469236471458 0.4258188824662813 0.0 185.0 81.0 2.0 
159070.0 4558.469236471458 0.42587357981791474 0.0 185.0 81.0 2.0 
159070.0 4558.469236471458 0.42587358684480975 0.0 185.0 81.0 2.0 
159070.0 4594.278191504672 0.4258188824662813 0.0 185.0 89.0 1.2222222222222223 
159070.0 4558.469236471458 0.42587358684390725 0.0 185.0 81.0 2.0 
159070.0 4558.469236471458 0.42587357981791474 0.0 185.0 81.0 2.0 
159070.0 4558.469236471458 0.4258188824662813 0.0 185.0 81.0 2.0 
42350.0 8575.327151445628 0.1625128468650204 0.36356628982451206 54.0 65.0 0.0 
42350.0 8575.327151445628 0.1625128468650204 0.36356628982451206 54.0 65.0 0.0 
42350.0 8575.327151445628 0.16251284418391015 0.36356628382645506 54.0 65.0 0.0 
42350.0 8575.327151445628 0.16249197174052665 0.363519588953115 54.0 65.0 0.0 
42350.0 8575.327151445628 0.16249197174052665 0.363519588953115 54.0 65.0 0.0 
42350.0 8575.327151445628 0.16249197174052665 0.363519588953115 54.0 65.0 0.0 
42350.0 8575.327151445628 0.16251284418391015 0.36356628382645506 54.0 65.0 0.0 
42350.0 8575.327151445628 0.16251284418391015 0.36356628382645506 54.0 65.0 0.0 
42350.0 8575.327151445628 0.16249197174052665 0.363519588953115 54.0 65.0 0.0 
42350.0 8575.327151445628 0.16251284418391015 0.36356628382645506 54.0 65.0 0.0 
42350.0 8575.327151445628 0.1625128468653648 0.36356628982528255 54.0 65.0 0.0 
42350.0 8575.327151445628 0.16249197174052665 0.363519588953115 54.0 65.0 0.0 
42350.0 8575.327151445628 0.16249197174052665 0.363519588953115 54.0 65.0 0.0 
42350.0 8575.327151445628 0.16249197174052665 0.363519588953115 54.0 65.0 0.0 
42350.0 8575.327151445628 0.16249197174052665 0.363519588953115 54.0 65.0 0.0 
42600.0 7623.05918726541 0.13937058445728967 0.48233782915863843 75.0 99.0 1.2698412698412698 
42600.0 7623.05918726541 0.1393884892086331 0.4823997944501542 75.0 99.0 1.2698412698412698 
42600.0 7623.05918726541 0.13937058445728967 0.48233782915863843 75.0 99.0 1.2698412698412698 
42600.0 7623.05918726541 0.13938848690872926 0.48239978649057913 75.0 99.0 1.2698412698412698 
42600.0 7623.05918726541 0.13938848920833766 0.4823997944491317 75.0 99.0 1.2698412698412698 
42600.0 7623.05918726541 0.13938848920863306 0.482399794450154 75.0 99.0 1.2698412698412698 
42350.0 8575.327151445628 0.1625128468653648 0.36356628982528255 54.0 65.0 0.0 
42350.0 8575.327151445628 0.1625128468650204 0.36356628982451206 54.0 65.0 0.0 
42350.0 8575.327151445628 0.16251284418391015 0.36356628382645506 54.0 65.0 0.0 
42350.0 8575.327151445628 0.16251284418391015 0.36356628382645506 54.0 65.0 0.0 
42350.0 8575.327151445628 0.16249197174052665 0.363519588953115 54.0 65.0 0.0 
42600.0 7623.05918726541 0.13938848920833766 0.4823997944491317 75.0 99.0 1.2698412698412698 
42350.0 8575.327151445628 0.1625128468650204 0.36356628982451206 54.0 65.0 0.0 
42600.0 7623.05918726541 0.13938848920863306 0.482399794450154 75.0 99.0 1.2698412698412698 
42600.0 7623.05918726541 0.13938848920863306 0.482399794450154 75.0 99.0 1.2698412698412698 
42600.0 7623.05918726541 0.13938848920863306 0.482399794450154 75.0 99.0 1.2698412698412698 
42600.0 7623.05918726541 0.13938848920863306 0.482399794450154 75.0 99.0 1.2698412698412698 
42600.0 7623.05918726541 0.13938848920863306 0.482399794450154 75.0 99.0 1.2698412698412698 
42600.0 7623.05918726541 0.13937058445728967 0.48233782915863843 75.0 99.0 1.2698412698412698 
42600.0 7623.05918726541 0.13937058445728967 0.48233782915863843 75.0 99.0 1.2698412698412698 
42600.0 7623.05918726541 0.13937058445728967 0.48233782915863843 75.0 99.0 1.2698412698412698 
42600.0 7623.05918726541 0.13938848920863306 0.482399794450154 75.0 99.0 1.2698412698412698 
42600.0 7623.05918726541 0.13937058445728967 0.48233782915863843 75.0 99.0 1.2698412698412698 
42600.0 7623.05918726541 0.1393884892086331 0.4823997944501542 75.0 99.0 1.2698412698412698 
42600.0 7623.05918726541 0.13938848920833766 0.4823997944491317 75.0 99.0 1.2698412698412698 
42600.0 7623.05918726541 0.13938848690872926 0.48239978649057913 75.0 99.0 1.2698412698412698 
42600.0 7623.05918726541 0.13938848920863306 0.482399794450154 75.0 99.0 1.2698412698412698 
42600.0 7623.05918726541 0.13938848920833766 0.4823997944491317 75.0 99.0 1.2698412698412698 
52355.0 6920.783132530118 0.10919835379946531 0.3815518950404847 66.0 79.0 0.0 
52355.0 6920.783132530118 0.10918432883750803 0.3815028901734104 66.0 79.0 0.0 
52355.0 6920.783132530118 0.10918432883750803 0.3815028901734104 66.0 79.0 0.0 
52355.0 6920.783132530118 0.10919835379946531 0.3815518950404847 66.0 79.0 0.0 
52355.0 6920.783132530118 0.10918432883750803 0.3815028901734104 66.0 79.0 0.0 
52355.0 6920.783132530118 0.10918432883750803 0.3815028901734104 66.0 79.0 0.0 
42600.0 7623.05918726541 0.1393884892086331 0.4823997944501542 75.0 99.0 1.2698412698412698 
42600.0 7623.05918726541 0.13938848920863306 0.482399794450154 75.0 99.0 1.2698412698412698 
42600.0 7623.05918726541 0.13938848690872926 0.48239978649057913 75.0 99.0 1.2698412698412698 
42600.0 7623.05918726541 0.13938848920833766 0.4823997944491317 75.0 99.0 1.2698412698412698 
42600.0 7623.05918726541 0.13938848920833766 0.4823997944491317 75.0 99.0 1.2698412698412698 
42600.0 7623.05918726541 0.13938848920863306 0.482399794450154 75.0 99.0 1.2698412698412698 
42600.0 7623.05918726541 0.13938848920863306 0.482399794450154 75.0 99.0 1.2698412698412698 
