[7, 5, 2, 1, 3, 11, 10, 12][8, 14, 6, 9, 13][0, 1, 4, 3][7, 14] 
[8, 14, 6, 9, 10, 12, 13][7, 5, 2, 1, 3, 11][0, 1, 4][7, 14] 
[8, 14, 6, 9, 10, 12, 13][7, 5, 2, 1, 3, 11][0, 1, 4][7, 14] 
[8, 14, 6, 9, 10, 12, 13][7, 5, 2, 1, 3, 11][0, 1, 4][7, 14] 
[0, 1, 4, 3, 11, 10, 12, 13][1, 2, 5, 7][8, 14, 6, 9][7, 14] 
[7, 5, 2, 1, 3, 11][13, 12, 10, 9, 6, 14][0, 1, 4][7, 14, 8] 
[7, 5, 2, 1, 3, 11][13, 12, 10, 9, 6, 14][7, 14, 8][0, 1, 4] 
[13, 12, 10, 9, 6, 14][0, 1, 4, 3, 11][1, 2, 5, 7][7, 14, 8] 
[13, 12, 10, 9, 6, 14][0, 1, 4, 3, 11][1, 2, 5, 7][7, 14, 8] 
[13, 12, 10, 9, 6, 14][0, 1, 4, 3, 11][1, 2, 5, 7][7, 14, 8] 
[0, 1, 4, 3, 11, 10, 12, 13][4, 3, 1, 2, 5, 7][8, 14, 6, 9][7, 14] 
[8, 14, 6, 9, 10, 12, 13][7, 5, 2, 1, 3, 11][0, 1, 4][7, 14] 
[8, 14, 6, 9, 10, 12, 13][7, 5, 2, 1, 3, 11][0, 1, 4][7, 14] 
[0, 1, 4, 3, 11, 10, 12, 13][1, 2, 5, 7][8, 14, 6, 9][7, 14] 
[7, 5, 2, 1, 3, 11][13, 12, 10, 9, 6, 14][0, 1, 4][7, 14, 8] 
[13, 12, 10, 9, 6, 14][0, 1, 4, 3, 11][1, 2, 5, 7][7, 14, 8] 
[0, 1, 4, 3, 11, 10, 12, 13][4, 3, 1, 2, 5, 7][8, 14, 6, 9][7, 14] 
[8, 14, 6, 9, 10, 12, 13][7, 5, 2, 1, 3, 11][0, 1, 4][7, 14] 
[0, 1, 4, 3, 11, 10, 12, 13][1, 2, 5, 7][8, 14, 6, 9][7, 14] 
[8, 14, 6, 9, 10, 12, 13][7, 5, 2, 1, 3, 11][0, 1, 4, 3, 11][7, 14] 
[0, 1, 4, 3, 11, 10, 12, 13][4, 3, 1, 2, 5, 7][8, 14, 6, 9][7, 14] 
[8, 14, 6, 9, 10, 12, 13][7, 5, 2, 1, 3, 11][0, 1, 4][7, 14] 
[8, 14, 6, 9, 10, 12, 13][7, 5, 2, 1, 3, 11][0, 1, 4][7, 14] 
[0, 1, 4, 3, 11, 10, 12, 13][8, 14, 6, 9][1, 2, 5, 7][7, 14] 
[7, 5, 2, 1, 3, 11][13, 12, 10, 9, 6, 14][0, 1, 4][7, 14, 8] 
[13, 12, 10, 9, 6, 14][0, 1, 4, 3, 11][1, 2, 5, 7][7, 14, 8] 
[0, 1, 4, 3, 11, 10, 12, 13][4, 3, 1, 2, 5, 7][8, 14, 6, 9][7, 14] 
[8, 14, 6, 9, 10, 12, 13][7, 5, 2, 1, 3, 11][0, 1, 4][7, 14] 
[0, 1, 4, 3, 11, 10, 12, 13][1, 2, 5, 7][8, 14, 6, 9][7, 14] 
[7, 5, 2, 1, 3, 11, 10, 12][0, 1, 4, 3, 11, 10, 12, 13][8, 14, 6, 9][7, 14] 
[0, 1, 4, 3, 11, 10, 12, 13][4, 3, 1, 2, 5, 7][8, 14, 6, 9][7, 14] 
[8, 14, 6, 9, 10, 12, 13][7, 5, 2, 1, 3, 11][0, 1, 4][7, 14] 
[0, 1, 4, 3, 11, 10, 12, 13][8, 14, 6, 9][1, 2, 5, 7][7, 14] 
[7, 5, 2, 1, 3, 11, 10, 12][0, 1, 4, 3, 11, 10, 12, 13][8, 14, 6, 9][7, 14] 
[0, 1, 4, 3, 11, 10, 12, 13][7, 5, 2, 1, 3, 11, 10, 12][8, 14, 6, 9][7, 14] 
[1, 2, 5, 7, 9, 6, 14, 8][0, 1, 4, 3, 11, 10, 12, 13][7, 14][7, 14] 
[0, 1, 4, 3, 11, 10, 12, 13][1, 2, 5, 7, 9, 6, 14, 8][7, 14][7, 14] 
[0, 1, 4, 3, 11, 10, 12, 13][1, 2, 5, 7, 9, 6, 14, 8][7, 14][7, 14] 
[0, 1, 4, 3, 11, 10, 12, 13][1, 2, 5, 7, 9, 6, 14, 8][7, 14][10, 11] 
[0, 1, 4, 3, 11, 10, 12, 13][1, 2, 5, 7, 9, 6, 14, 8][7, 14][10, 11] 
[1, 2, 5, 7, 9, 6, 14, 8][0, 1, 4, 3, 11, 10, 12, 13][7, 14][10, 11] 
[0, 1, 4, 3, 11, 10, 12, 13][1, 2, 5, 7, 9, 6, 14, 8][7, 14][7, 14] 
[0, 1, 4, 3, 11, 10, 12, 13][1, 2, 5, 7, 9, 6, 14, 8][7, 14][7, 14] 
[0, 1, 4, 3, 11, 10, 12, 13][1, 2, 5, 7, 9, 6, 14, 8][7, 14][10, 11] 
[1, 2, 5, 7, 9, 6, 14, 8][0, 1, 4, 3, 11, 10, 12, 13][7, 14][7, 14] 
[0, 1, 4, 3, 11, 10, 12, 13][1, 2, 5, 7, 9, 6, 14, 8][7, 14][7, 14] 
[1, 2, 5, 7, 9, 6, 14, 8][0, 1, 4, 3, 11, 10, 12, 13][7, 14][7, 14] 
[0, 1, 4, 3, 11, 10, 12, 13][1, 2, 5, 7, 9, 6, 14, 8][7, 14][10, 11] 
[1, 2, 5, 7, 9, 6, 14, 8][0, 1, 4, 3, 11, 10, 12, 13][7, 14][7, 14] 
[0, 1, 4, 3, 11, 10, 12, 13][1, 2, 5, 7, 9, 6, 14, 8][7, 14][7, 14] 
[0, 1, 4, 3, 11, 10, 12, 13][1, 2, 5, 7, 9, 6, 14, 8][7, 14][7, 14] 
[0, 1, 4, 3, 11, 10, 12, 13][1, 2, 5, 7, 9, 6, 14, 8][7, 14][7, 14] 
[1, 2, 5, 7, 9, 6, 14, 8][0, 1, 4, 3, 11, 10, 12, 13][7, 14][10, 11] 
[0, 1, 4, 3, 11, 10, 12, 13][1, 2, 5, 7, 9, 6, 14, 8][7, 14][7, 14] 
[1, 2, 5, 7, 9, 6, 14, 8][0, 1, 4, 3, 11, 10, 12, 13][7, 14][7, 14] 
[1, 2, 5, 7, 9, 6, 14, 8][0, 1, 4, 3, 11, 10, 12, 13][7, 14][7, 14] 
[8, 14, 6, 9, 10, 12, 13][7, 5, 2, 1, 3, 11][0, 1, 4][7, 14] 
[8, 14, 6, 9, 10, 12, 13][7, 5, 2, 1, 3, 11][0, 1, 4][7, 14] 
[8, 14, 6, 9, 10, 12, 13][7, 5, 2, 1, 3, 11][0, 1, 4][7, 14] 
[8, 14, 6, 9, 10, 12, 13][7, 5, 2, 1, 3, 11][0, 1, 4][7, 14] 
[8, 14, 6, 9, 10, 12, 13][7, 5, 2, 1, 3, 11][0, 1, 4][7, 14] 
[8, 14, 6, 9, 10, 12, 13][7, 5, 2, 1, 3, 11][0, 1, 4][7, 14] 
[8, 14, 6, 9, 10, 12, 13][7, 5, 2, 1, 3, 11][0, 1, 4][7, 14] 
[8, 14, 6, 9, 10, 12, 13][7, 5, 2, 1, 3, 11][0, 1, 4][7, 14] 
[8, 14, 6, 9, 10, 12, 13][7, 5, 2, 1, 3, 11][0, 1, 4][7, 14] 
[8, 14, 6, 9, 10, 12, 13][7, 5, 2, 1, 3, 11][0, 1, 4][7, 14] 
[8, 14, 6, 9, 10, 12, 13][7, 5, 2, 1, 3, 11][0, 1, 4][7, 14] 
[8, 14, 6, 9, 10, 12, 13][7, 5, 2, 1, 3, 11][0, 1, 4][7, 14] 
[8, 14, 6, 9, 10, 12, 13][7, 5, 2, 1, 3, 11][0, 1, 4][7, 14] 
[8, 14, 6, 9, 10, 12, 13][7, 5, 2, 1, 3, 11][0, 1, 4][7, 14] 
[8, 14, 6, 9, 10, 12, 13][7, 5, 2, 1, 3, 11][0, 1, 4][7, 14] 
[7, 5, 2, 1, 3, 11, 10, 12][0, 1, 4, 3, 11, 10, 12, 13][8, 14, 6, 9][7, 14] 
[0, 1, 4, 3, 11, 10, 12, 13][7, 5, 2, 1, 3, 11, 10, 12][8, 14, 6, 9][7, 14] 
[0, 1, 4, 3, 11, 10, 12, 13][7, 5, 2, 1, 3, 11, 10, 12][8, 14, 6, 9][7, 14] 
[7, 5, 2, 1, 3, 11, 10, 12][0, 1, 4, 3, 11, 10, 12, 13][8, 14, 6, 9][7, 14] 
[7, 5, 2, 1, 3, 11, 10, 12][0, 1, 4, 3, 11, 10, 12, 13][8, 14, 6, 9][7, 14] 
[7, 5, 2, 1, 3, 11, 10, 12][0, 1, 4, 3, 11, 10, 12, 13][8, 14, 6, 9][7, 14] 
[8, 14, 6, 9, 10, 12, 13][7, 5, 2, 1, 3, 11][0, 1, 4][7, 14] 
[8, 14, 6, 9, 10, 12, 13][7, 5, 2, 1, 3, 11][0, 1, 4][7, 14] 
[8, 14, 6, 9, 10, 12, 13][7, 5, 2, 1, 3, 11][0, 1, 4][7, 14] 
[8, 14, 6, 9, 10, 12, 13][7, 5, 2, 1, 3, 11][0, 1, 4][7, 14] 
[8, 14, 6, 9, 10, 12, 13][7, 5, 2, 1, 3, 11][0, 1, 4][7, 14] 
[7, 5, 2, 1, 3, 11, 10, 12][0, 1, 4, 3, 11, 10, 12, 13][8, 14, 6, 9][7, 14] 
[8, 14, 6, 9, 10, 12, 13][7, 5, 2, 1, 3, 11][0, 1, 4][7, 14] 
[7, 5, 2, 1, 3, 11, 10, 12][0, 1, 4, 3, 11, 10, 12, 13][8, 14, 6, 9][7, 14] 
[0, 1, 4, 3, 11, 10, 12, 13][7, 5, 2, 1, 3, 11, 10, 12][8, 14, 6, 9][7, 14] 
[0, 1, 4, 3, 11, 10, 12, 13][7, 5, 2, 1, 3, 11, 10, 12][8, 14, 6, 9][7, 14] 
[7, 5, 2, 1, 3, 11, 10, 12][0, 1, 4, 3, 11, 10, 12, 13][8, 14, 6, 9][7, 14] 
[0, 1, 4, 3, 11, 10, 12, 13][7, 5, 2, 1, 3, 11, 10, 12][8, 14, 6, 9][7, 14] 
[7, 5, 2, 1, 3, 11, 10, 12][0, 1, 4, 3, 11, 10, 12, 13][8, 14, 6, 9][7, 14] 
[7, 5, 2, 1, 3, 11, 10, 12][0, 1, 4, 3, 11, 10, 12, 13][8, 14, 6, 9][7, 14] 
[7, 5, 2, 1, 3, 11, 10, 12][0, 1, 4, 3, 11, 10, 12, 13][8, 14, 6, 9][7, 14] 
[7, 5, 2, 1, 3, 11, 10, 12][0, 1, 4, 3, 11, 10, 12, 13][8, 14, 6, 9][7, 14] 
[0, 1, 4, 3, 11, 10, 12, 13][7, 5, 2, 1, 3, 11, 10, 12][8, 14, 6, 9][7, 14] 
[7, 5, 2, 1, 3, 11, 10, 12][0, 1, 4, 3, 11, 10, 12, 13][8, 14, 6, 9][7, 14] 
[0, 1, 4, 3, 11, 10, 12, 13][7, 5, 2, 1, 3, 11, 10, 12][8, 14, 6, 9][7, 14] 
[0, 1, 4, 3, 11, 10, 12, 13][7, 5, 2, 1, 3, 11, 10, 12][8, 14, 6, 9][7, 14] 
[7, 5, 2, 1, 3, 11, 10, 12][0, 1, 4, 3, 11, 10, 12, 13][8, 14, 6, 9][7, 14] 
[7, 5, 2, 1, 3, 11, 10, 12][0, 1, 4, 3, 11, 10, 12, 13][8, 14, 6, 9][7, 14] 
[0, 1, 4, 3, 11, 10, 12, 13][2, 5, 7, 9, 6, 14, 8][1, 2][7, 14] 
[0, 1, 4, 3, 11, 10, 12, 13][2, 5, 7, 9, 6, 14, 8][1, 2][7, 14] 
[0, 1, 4, 3, 11, 10, 12, 13][2, 5, 7, 9, 6, 14, 8][1, 2][7, 14] 
[0, 1, 4, 3, 11, 10, 12, 13][2, 5, 7, 9, 6, 14, 8][1, 2][7, 14] 
[0, 1, 4, 3, 11, 10, 12, 13][2, 5, 7, 9, 6, 14, 8][7, 14][1, 2] 
[0, 1, 4, 3, 11, 10, 12, 13][2, 5, 7, 9, 6, 14, 8][7, 14][1, 2] 
[7, 5, 2, 1, 3, 11, 10, 12][0, 1, 4, 3, 11, 10, 12, 13][8, 14, 6, 9][7, 14] 
[0, 1, 4, 3, 11, 10, 12, 13][7, 5, 2, 1, 3, 11, 10, 12][8, 14, 6, 9][7, 14] 
[0, 1, 4, 3, 11, 10, 12, 13][7, 5, 2, 1, 3, 11, 10, 12][8, 14, 6, 9][7, 14] 
[7, 5, 2, 1, 3, 11, 10, 12][0, 1, 4, 3, 11, 10, 12, 13][8, 14, 6, 9][7, 14] 
[7, 5, 2, 1, 3, 11, 10, 12][0, 1, 4, 3, 11, 10, 12, 13][8, 14, 6, 9][7, 14] 
[7, 5, 2, 1, 3, 11, 10, 12][0, 1, 4, 3, 11, 10, 12, 13][8, 14, 6, 9][7, 14] 
[7, 5, 2, 1, 3, 11, 10, 12][0, 1, 4, 3, 11, 10, 12, 13][8, 14, 6, 9][7, 14] 
