26195.0 10951.533406352686 0.12397225077054917 0.6108684480973693 35.0 68.0 0.0 
26195.0 10951.533406352686 0.12397224872527532 0.6108684380193619 35.0 68.0 0.0 
26195.0 10951.533406352686 0.12395632626846499 0.6107899807321773 35.0 68.0 0.0 
26195.0 10951.533406352686 0.12397224872527532 0.6108684380193619 35.0 68.0 0.0 
27025.0 11175.039676330554 0.14452723296988057 0.6031603189276349 30.0 70.0 0.0 
27025.0 11175.039676330554 0.14452723296988057 0.6031603189276349 30.0 70.0 0.0 
28130.0 11159.975399555795 0.15801644398733208 0.5922404933183747 32.0 70.0 0.0 
27025.0 11175.039676330554 0.14452723296988057 0.6031603189276349 30.0 70.0 0.0 
27025.0 11175.039676330554 0.14452723535426718 0.6031603288784749 30.0 70.0 0.0 
27025.0 11175.039676330554 0.14450867052023122 0.603082851637765 30.0 70.0 0.0 
30780.0 10891.533177486062 0.17278390334800697 0.56526933696643 38.0 72.0 0.6666666666666666 
26195.0 10951.533406352686 0.12395632626846499 0.6107899807321773 35.0 68.0 0.0 
26195.0 10951.533406352686 0.12397224872527532 0.6108684380193619 35.0 68.0 0.0 
27025.0 11175.039676330554 0.14452723296988057 0.6031603189276349 30.0 70.0 0.0 
27025.0 11175.039676330554 0.14452723296988057 0.6031603189276349 30.0 70.0 0.0 
27025.0 11175.039676330554 0.14452723296988057 0.6031603189276349 30.0 70.0 0.0 
28130.0 9869.998702414727 0.13872832369942195 0.5921644187540142 40.0 72.0 1.0526315789473684 
26195.0 10951.533406352686 0.12397224872527532 0.6108684380193619 35.0 68.0 0.0 
27025.0 11175.039676330554 0.14450867052023122 0.603082851637765 30.0 70.0 0.0 
30780.0 10891.533177486062 0.17278390334800697 0.56526933696643 38.0 72.0 0.6666666666666666 
30780.0 10891.533177486062 0.17278390132366767 0.5652693267069513 38.0 72.0 0.6666666666666666 
26195.0 10951.533406352686 0.12397224872527532 0.6108684380193619 35.0 68.0 0.0 
26195.0 10951.533406352686 0.12397224872527532 0.6108684380193619 35.0 68.0 0.0 
27025.0 11175.039676330554 0.14452723296988057 0.6031603189276349 30.0 70.0 0.0 
27025.0 11175.039676330554 0.14450867052023122 0.603082851637765 30.0 70.0 0.0 
27025.0 11175.039676330554 0.14452723535426718 0.6031603288784749 30.0 70.0 0.0 
28130.0 9869.998702414727 0.13874614365108537 0.5922404835476883 40.0 72.0 1.0526315789473684 
26195.0 10951.533406352686 0.12397224872527532 0.6108684380193619 35.0 68.0 0.0 
27025.0 11175.039676330554 0.14452723535426718 0.6031603288784749 30.0 70.0 0.0 
28130.0 9869.998702414727 0.13872832369942195 0.5921644187540142 40.0 72.0 1.0526315789473684 
28130.0 9869.998702414727 0.1387461459400965 0.5922404933183747 40.0 72.0 1.0526315789473684 
26195.0 10951.533406352686 0.12397225077054917 0.6108684480973693 35.0 68.0 0.0 
27025.0 11175.039676330554 0.14452723296988057 0.6031603189276349 30.0 70.0 0.0 
28130.0 9869.998702414727 0.13874614365108537 0.5922404835476883 40.0 72.0 1.0526315789473684 
28130.0 9869.998702414727 0.1387461459400965 0.5922404933183747 40.0 72.0 1.0526315789473684 
178974.99999999997 5424.606197893261 0.3976104830422072 0.0 196.0 89.0 3.1555555555555554 
178974.99999999997 5424.606197893261 0.3976104830422072 0.0 196.0 89.0 3.1555555555555554 
178974.99999999997 5424.606197893261 0.3976104830422072 0.0 196.0 89.0 3.1555555555555554 
181044.99999999997 5550.7540432797 0.38990235738985557 0.041752311746854384 179.0 83.0 3.0476190476190474 
181044.99999999997 5550.7540432797 0.38990235738985557 0.041752311746854384 179.0 83.0 3.0476190476190474 
181045.0 5618.723633612022 0.3899023638232434 0.04175231243567718 179.0 84.0 3.158730158730159 
178974.99999999997 5424.606197893261 0.3976104830421377 0.0 196.0 89.0 3.1555555555555554 
178974.99999999997 5424.606197893261 0.397610483582668 0.0 196.0 89.0 3.1555555555555554 
181044.99999999997 5550.7540432797 0.38985228002569045 0.04174694926140013 179.0 83.0 3.0476190476190474 
178974.99999999997 5424.606197893261 0.39761469107034314 0.0 196.0 89.0 3.1555555555555554 
178974.99999999997 5424.606197893261 0.397610483582668 0.0 196.0 89.0 3.1555555555555554 
178974.99999999997 5424.606197893261 0.397610483582668 0.0 196.0 89.0 3.1555555555555554 
181044.99999999997 5550.7540432797 0.38985228002569045 0.04174694926140013 179.0 83.0 3.0476190476190474 
178974.99999999997 5424.606197893261 0.39761469107034314 0.0 196.0 89.0 3.1555555555555554 
178974.99999999997 5424.606197893261 0.3976104830422072 0.0 196.0 89.0 3.1555555555555554 
178974.99999999997 5424.606197893261 0.3976104830421377 0.0 196.0 89.0 3.1555555555555554 
178974.99999999997 5424.606197893261 0.397610483582668 0.0 196.0 89.0 3.1555555555555554 
178974.99999999997 5475.480952019458 0.3976104830421376 0.0 196.0 87.0 3.155555555555556 
178974.99999999997 5424.606197893261 0.397610483582668 0.0 196.0 89.0 3.1555555555555554 
178974.99999999997 5424.606197893261 0.3976104830422072 0.0 196.0 89.0 3.1555555555555554 
178974.99999999997 5406.711147762888 0.3976094929168131 5.363174277052587E-6 196.0 86.0 3.0444444444444443 
25880.0 11115.413774500988 0.1226875622099875 0.6217882733993084 35.0 70.0 0.0 
25880.0 11115.413774500988 0.12267180475272961 0.6217084136159281 35.0 70.0 0.0 
25880.0 11115.413774500988 0.12268756423406679 0.6217882836574694 35.0 70.0 0.0 
25880.0 11115.413774500988 0.12268756423406679 0.6217882836574694 35.0 70.0 0.0 
25880.0 11115.413774500988 0.1226875622099875 0.6217882733993084 35.0 70.0 0.0 
25880.0 11115.413774500988 0.12268756423406679 0.6217882836574694 35.0 70.0 0.0 
25880.0 11115.413774500988 0.12267180475272961 0.6217084136159281 35.0 70.0 0.0 
25880.0 11115.413774500988 0.12267180475272961 0.6217084136159281 35.0 70.0 0.0 
25880.0 11115.413774500988 0.1226875622099875 0.6217882733993084 35.0 70.0 0.0 
25880.0 11115.413774500988 0.1226875622099875 0.6217882733993084 35.0 70.0 0.0 
25880.0 11115.413774500988 0.1226875622099875 0.6217882733993084 35.0 70.0 0.0 
25880.0 11115.413774500988 0.1226875622099875 0.6217882733993084 35.0 70.0 0.0 
25880.0 11115.413774500988 0.12267180475272961 0.6217084136159281 35.0 70.0 0.0 
25880.0 11115.413774500988 0.12267180475272961 0.6217084136159281 35.0 70.0 0.0 
25880.0 11115.413774500988 0.12267180475272961 0.6217084136159281 35.0 70.0 0.0 
28130.0 9869.998702414727 0.13874614365108537 0.5922404835476883 40.0 72.0 1.0526315789473684 
28130.0 9869.998702414727 0.1387461459400965 0.5922404933183747 40.0 72.0 1.0526315789473684 
28130.0 9869.998702414727 0.1387461459400965 0.5922404933183747 40.0 72.0 1.0526315789473684 
28130.0 9869.998702414727 0.1387461459403905 0.5922404933196299 40.0 72.0 1.0526315789473684 
28130.0 9869.998702414727 0.1387461459403905 0.5922404933196299 40.0 72.0 1.0526315789473684 
34585.0 9770.2760318085 0.13810388289321768 0.5389328406446697 48.0 82.0 1.531578947368421 
25880.0 11115.413774500988 0.12268756423406679 0.6217882836574694 35.0 70.0 0.0 
25880.0 11115.413774500988 0.12268756423406679 0.6217882836574694 35.0 70.0 0.0 
25880.0 11115.413774500988 0.1226875622099875 0.6217882733993084 35.0 70.0 0.0 
25880.0 11115.413774500988 0.1226875622099875 0.6217882733993084 35.0 70.0 0.0 
25880.0 11115.413774500988 0.12268756423406679 0.6217882836574694 35.0 70.0 0.0 
28130.0 9869.998702414727 0.1387461459403905 0.5922404933196299 40.0 72.0 1.0526315789473684 
25880.0 11115.413774500988 0.12268756423406679 0.6217882836574694 35.0 70.0 0.0 
28130.0 9869.998702414727 0.13874614365108537 0.5922404835476883 40.0 72.0 1.0526315789473684 
28130.0 9869.998702414727 0.1387461459400965 0.5922404933183747 40.0 72.0 1.0526315789473684 
28130.0 9869.998702414727 0.1387461459400965 0.5922404933183747 40.0 72.0 1.0526315789473684 
28130.0 9869.998702414727 0.13872832369942195 0.5921644187540142 40.0 72.0 1.0526315789473684 
28130.0 9869.998702414727 0.13874614365108537 0.5922404835476883 40.0 72.0 1.0526315789473684 
28130.0 9869.998702414727 0.1387461459400965 0.5922404933183747 40.0 72.0 1.0526315789473684 
28130.0 9869.998702414727 0.1387461459400965 0.5922404933183747 40.0 72.0 1.0526315789473684 
28130.0 9869.998702414727 0.1387461459400965 0.5922404933183747 40.0 72.0 1.0526315789473684 
28130.0 9869.998702414727 0.13874614365108537 0.5922404835476883 40.0 72.0 1.0526315789473684 
28130.0 9869.998702414727 0.1387461459403905 0.5922404933196299 40.0 72.0 1.0526315789473684 
28130.0 9869.998702414727 0.13872832369942195 0.5921644187540142 40.0 72.0 1.0526315789473684 
28130.0 9869.998702414727 0.13874614365108537 0.5922404835476883 40.0 72.0 1.0526315789473684 
28130.0 9869.998702414727 0.13872832369942195 0.5921644187540142 40.0 72.0 1.0526315789473684 
28130.0 9869.998702414727 0.13874614365108537 0.5922404835476883 40.0 72.0 1.0526315789473684 
28130.0 9869.998702414727 0.13872832369942195 0.5921644187540142 40.0 72.0 1.0526315789473684 
40500.0 8592.524144790374 0.1837101747169796 0.4997430626916438 57.0 80.0 2.1315789473684212 
40500.0 8592.524144790374 0.1837101747169796 0.4997430626916438 57.0 80.0 2.1315789473684212 
40500.0 8592.524144790374 0.18371017168615927 0.49974305444696476 57.0 80.0 2.1315789473684212 
40500.0 8592.524144790374 0.18371017168615927 0.49974305444696476 57.0 80.0 2.1315789473684212 
40500.0 8592.524144790374 0.18368657675016056 0.49967886962106617 57.0 80.0 2.1315789473684212 
42735.0 8203.30596108148 0.1573538856775851 0.4932562620423892 62.0 79.0 2.1637426900584797 
26195.0 10951.533406352686 0.12397224872527532 0.6108684380193619 35.0 68.0 0.0 
26195.0 10951.533406352686 0.12397225077054917 0.6108684480973693 35.0 68.0 0.0 
26195.0 10951.533406352686 0.12395632626846499 0.6107899807321773 35.0 68.0 0.0 
26195.0 10951.533406352686 0.12397225077054917 0.6108684480973693 35.0 68.0 0.0 
26195.0 10951.533406352686 0.12397224872527532 0.6108684380193619 35.0 68.0 0.0 
28130.0 9869.998702414727 0.1387461459403905 0.5922404933196299 40.0 72.0 1.0526315789473684 
26195.0 10951.533406352686 0.12395632626846499 0.6107899807321773 35.0 68.0 0.0 
