8211115.18963172 33420.7073512276 0.16634063072379981 0.6652794564129401 8496.0 601.0 10.588448760541784 
8210605.470127215 33482.211515028524 0.16634063072379981 0.6652794564129401 8494.0 594.0 9.868255388022831 
8211115.226900438 32476.343975940068 0.16634063072379981 0.6652794564129401 8496.0 576.0 8.793319987506035 
8269400.849658477 32706.658703776237 0.16839635130855532 0.6652787656333553 8526.0 572.0 9.831904437386164 
8287659.039638847 33342.699954217576 0.16844844271112386 0.6652794564129401 8444.0 593.0 9.340364028736122 
8287659.039638847 33342.699954217576 0.16844844271112386 0.6652794564129401 8444.0 593.0 9.340364028736122 
8284469.7902366 33810.605385997944 0.16844826780606073 0.6652787656333553 8460.0 588.0 11.160537524491012 
8287659.039638847 33342.699954217576 0.16844844271112386 0.6652794564129401 8444.0 593.0 9.340364028736122 
8287659.039638847 33342.699954217576 0.16844844271112386 0.6652794564129401 8444.0 593.0 9.340364028736122 
8287659.039638847 33342.699954217576 0.16844844271112386 0.6652794564129401 8444.0 593.0 9.340364028736122 
8210605.326307985 33482.41201191575 0.16634063072379981 0.6652794564129401 8494.0 594.0 9.868255388022831 
8210605.326307985 33482.41201191575 0.16634063072379981 0.6652794564129401 8494.0 594.0 9.868255388022831 
8211115.22691237 32476.34397387972 0.16634063072379981 0.6652794564129401 8496.0 576.0 8.793319987506035 
8287659.039638847 33342.699954217576 0.16844844271112386 0.6652794564129401 8444.0 593.0 9.340364028736122 
8237831.094690542 33529.159928396344 0.16634063072379981 0.6652794564129401 8454.0 603.0 10.085640457733481 
8287659.039638847 33342.699954217576 0.16844844271112386 0.6652794564129401 8444.0 593.0 9.340364028736122 
8210602.294511749 33487.694133349374 0.16634045800734099 0.6652787656333553 8493.0 594.0 9.868255388022831 
8210605.580649666 33482.05747368669 0.16634063072379981 0.6652794564129401 8494.0 594.0 9.868255388022831 
8237831.094690542 33529.159928396344 0.16634063072379981 0.6652794564129401 8454.0 603.0 10.085640457733481 
8211115.18963172 33420.7073512276 0.16634063072379981 0.6652794564129401 8496.0 601.0 10.588448760541784 
8211115.18963172 33420.7073512276 0.16634063072379981 0.6652794564129401 8496.0 601.0 10.588448760541784 
8211114.443471512 33420.746416073125 0.16634045800734099 0.6652787656333553 8495.0 601.0 10.588448760541784 
8211115.226900438 32476.343975940068 0.16634063072379981 0.6652794564129401 8496.0 576.0 8.793319987506035 
8287659.039638847 33342.699954217576 0.16844844271112386 0.6652794564129401 8444.0 593.0 9.340364028736122 
8171030.772164102 34799.45045570234 0.16579014313378362 0.6606633890051241 8367.0 592.0 9.552391702059476 
8287659.039638847 33342.699954217576 0.16844844271112386 0.6652794564129401 8444.0 593.0 9.340364028736122 
8210605.043865778 33482.80591861725 0.16634063072379981 0.6652794564129401 8493.0 594.0 9.868255388022831 
8210605.5433597695 33482.109443132584 0.16634063072379981 0.6652794564129401 8494.0 594.0 9.868255388022831 
8237831.094690542 33529.159928396344 0.16634063072379981 0.6652794564129401 8454.0 603.0 10.085640457733481 
8210605.043865778 33482.80591861725 0.16634063072379981 0.6652794564129401 8493.0 594.0 9.868255388022831 
8210605.470127215 33482.211515028524 0.16634063072379981 0.6652794564129401 8494.0 594.0 9.868255388022831 
8211115.146250381 33420.71488450982 0.16634063072362046 0.6652794564122229 8496.0 601.0 10.588448760541784 
8237812.523462705 33524.5082188848 0.16634045800734099 0.6652787656333553 8455.0 603.0 10.085640457733481 
8210605.470127215 33482.211515028524 0.16634063072379981 0.6652794564129401 8494.0 594.0 9.868255388022831 
8211113.755445117 33241.43908340466 0.16634045800734099 0.6652787656333553 8494.0 591.0 10.356702728795753 
2.0057073324057885E7 26466.80132755527 0.3187416667626308 0.4294173338837021 19368.0 617.0 8.229087127342941 
1.779799659282064E7 25973.45010691003 0.3218513661150808 0.4686923863840939 19187.0 628.0 9.160207679505056 
1.941713556229469E7 25589.040055375775 0.3155696108284184 0.44333090143242887 19582.0 606.0 8.437994601537694 
1.1662285732314033E7 27180.561938957213 0.2385254446519431 0.5794041971459936 11737.0 571.0 8.454383110429623 
9319530.31198713 28054.30455026834 0.18646873175830236 0.641802727074139 9501.0 563.0 8.498192634239146 
9375960.615947716 27645.842136832827 0.1839508649201958 0.6399283857783414 9534.0 565.0 8.56074674679326 
1.3386540564937824E7 25090.973479134023 0.2791812888607191 0.5369624322852792 14199.0 573.0 7.632824668871181 
1.5848314620571291E7 26084.943078512122 0.27842854851304644 0.4911927204826685 17267.0 621.0 9.249503364852202 
1.1662285732314033E7 27180.561938957213 0.2385254446519431 0.5794041971459936 11737.0 571.0 8.454383110429623 
1.7388784982032202E7 25408.207902462265 0.3115824256203163 0.46409746812331937 19861.0 610.0 8.161466300242843 
1.60960786932698E7 24970.781571787724 0.3134409519214699 0.477673867791973 17693.0 603.0 7.566004392373485 
1.1358043659181712E7 26411.982865522063 0.23833854663014048 0.5824465514076456 11889.0 568.0 7.700097396143908 
1.1358043659181712E7 26411.982865522063 0.23833854663014048 0.5824465514076456 11889.0 568.0 7.700097396143908 
1.3386540564937824E7 25090.973479134023 0.2791812888607191 0.5369624322852792 14199.0 573.0 7.632824668871181 
1.881823161375919E7 26169.971936733535 0.3175007828254653 0.4594096758662348 18922.0 625.0 8.504896907033535 
2.424291214198375E7 25031.193925881453 0.35864468737615757 0.3412060507819496 24911.0 667.0 9.024207381765521 
2.424291214198375E7 25031.193925881453 0.35864468737615757 0.3412060507819496 24911.0 667.0 9.024207381765521 
1.615815570877167E7 26072.494456131724 0.2778626166268692 0.49120834921464385 16767.0 601.0 8.479906366243576 
2.145809080281969E7 24989.290752697845 0.3147128669094247 0.41452786377280587 22344.0 640.0 9.324749169942276 
2.258123546727889E7 25190.19086512833 0.3181340883187286 0.3930033852458053 23298.0 639.0 8.278400023748862 
2.340831696594145E7 25407.990068745617 0.3181339134136655 0.39300269446622055 24288.0 639.0 9.013948196506336 
8211115.180818493 32895.61914993881 0.16634045800734099 0.6652787656333553 8494.0 589.0 9.41792316210921 
8211114.516050429 32467.605868725925 0.16634045800734099 0.6652787656333553 8496.0 576.0 8.793319987506035 
8210605.5433597695 33482.109443132584 0.16634063072379981 0.6652794564129401 8494.0 594.0 9.868255388022831 
8211115.146250381 33420.71488450982 0.16634063072362046 0.6652794564122229 8496.0 601.0 10.588448760541784 
8211115.146250381 33420.71488450982 0.16634063072362046 0.6652794564122229 8496.0 601.0 10.588448760541784 
8211115.157773865 32901.963566387174 0.16634063072379981 0.6652794564129401 8497.0 586.0 10.167923162109208 
8211115.146250381 33420.71488450982 0.16634063072362046 0.6652794564122229 8496.0 601.0 10.588448760541784 
8171030.772164102 34799.45045570234 0.16579014313378362 0.6606633890051241 8367.0 592.0 9.552391702059476 
8151017.421584857 32837.15044672254 0.16161605673434848 0.6652787656333553 8438.0 609.0 10.003819553271068 
8211115.146250381 33420.71488450982 0.16634063072362046 0.6652794564122229 8496.0 601.0 10.588448760541784 
8210605.5433597695 33482.109443132584 0.16634063072379981 0.6652794564129401 8494.0 594.0 9.868255388022831 
8211115.146250381 33420.71488450982 0.16634063072362046 0.6652794564122229 8496.0 601.0 10.588448760541784 
8210605.470127215 33482.211515028524 0.16634063072379981 0.6652794564129401 8494.0 594.0 9.868255388022831 
8210605.470127215 33482.211515028524 0.16634063072379981 0.6652794564129401 8494.0 594.0 9.868255388022831 
8211113.904393534 32953.10679407045 0.16634045800734099 0.6652787656333553 8495.0 603.0 9.82964477383082 
8210603.399619372 33485.09969334851 0.16634063072362046 0.6652794564122229 8494.0 594.0 9.868255388022831 
8210604.48918271 33483.58005610231 0.16634063072379981 0.6652794564129401 8493.0 594.0 9.868255388022831 
8210604.48918271 33483.58005610231 0.16634063072379981 0.6652794564129401 8493.0 594.0 9.868255388022831 
8211115.146250381 33420.71488450982 0.16634063072362046 0.6652794564122229 8496.0 601.0 10.588448760541784 
8210603.399619372 33485.09969334851 0.16634063072362046 0.6652794564122229 8494.0 594.0 9.868255388022831 
8210602.294511749 33487.694133349374 0.16634045800734099 0.6652787656333553 8493.0 594.0 9.868255388022831 
8211115.146250381 33420.71488450982 0.16634063072362046 0.6652794564122229 8496.0 601.0 10.588448760541784 
8211115.146250381 33420.71488450982 0.16634063072362046 0.6652794564122229 8496.0 601.0 10.588448760541784 
8211115.146250381 33420.71488450982 0.16634063072362046 0.6652794564122229 8496.0 601.0 10.588448760541784 
8211112.492629802 33420.93279098209 0.16634045800734099 0.6652787656333553 8496.0 601.0 10.588448760541784 
8210605.5433597695 33482.109443132584 0.16634063072379981 0.6652794564129401 8494.0 594.0 9.868255388022831 
8211115.146250381 33420.71488450982 0.16634063072362046 0.6652794564122229 8496.0 601.0 10.588448760541784 
8211114.780097612 32759.054841011643 0.16634045800734099 0.6652787656333553 8496.0 590.0 10.579644773830822 
8210605.470127215 33482.211515028524 0.16634063072379981 0.6652794564129401 8494.0 594.0 9.868255388022831 
8211115.18963172 33420.7073512276 0.16634063072379981 0.6652794564129401 8496.0 601.0 10.588448760541784 
8192464.430579428 34421.70180043596 0.1645910447578674 0.6605913966882013 8474.0 612.0 10.488448760541782 
8210605.326307985 33482.41201191575 0.16634063072379981 0.6652794564129401 8494.0 594.0 9.868255388022831 
8211115.18963172 33420.7073512276 0.16634063072379981 0.6652794564129401 8496.0 601.0 10.588448760541784 
8151017.421584857 32837.15044672254 0.16161605673434848 0.6652787656333553 8438.0 609.0 10.003819553271068 
8210605.326307985 33482.41201191575 0.16634063072379981 0.6652794564129401 8494.0 594.0 9.868255388022831 
8192464.430579428 34421.70180043596 0.1645910447578674 0.6605913966882013 8474.0 612.0 10.488448760541782 
8210605.326307985 33482.41201191575 0.16634063072379981 0.6652794564129401 8494.0 594.0 9.868255388022831 
8210605.326307985 33482.41201191575 0.16634063072379981 0.6652794564129401 8494.0 594.0 9.868255388022831 
8211114.516050429 32467.605868725925 0.16634045800734099 0.6652787656333553 8496.0 576.0 8.793319987506035 
8211115.18963172 33420.7073512276 0.16634063072379981 0.6652794564129401 8496.0 601.0 10.588448760541784 
8210604.48918271 33483.58005610231 0.16634063072379981 0.6652794564129401 8493.0 594.0 9.868255388022831 
8210605.326307985 33482.41201191575 0.16634063072379981 0.6652794564129401 8494.0 594.0 9.868255388022831 
8210605.043865778 33482.80591861725 0.16634063072379981 0.6652794564129401 8493.0 594.0 9.868255388022831 
8211115.18963172 33420.7073512276 0.16634063072379981 0.6652794564129401 8496.0 601.0 10.588448760541784 
8210604.48918271 33483.58005610231 0.16634063072379981 0.6652794564129401 8493.0 594.0 9.868255388022831 
8211113.3500184445 32760.338734880308 0.16634045800734099 0.6652787656333553 8496.0 590.0 10.57964477383082 
8211115.146250381 33420.71488450982 0.16634063072362046 0.6652794564122229 8496.0 601.0 10.588448760541784 
8211113.755445117 33241.43908340466 0.16634045800734099 0.6652787656333553 8494.0 591.0 10.356702728795753 
8211115.18963172 33420.7073512276 0.16634063072379981 0.6652794564129401 8496.0 601.0 10.588448760541784 
8035815.216333859 33019.41147787638 0.1622599940198744 0.6652794564129401 8451.0 590.0 10.086290509047982 
8035815.216333859 33019.41147787638 0.1622599940198744 0.6652794564129401 8451.0 590.0 10.086290509047982 
8211115.146250381 33420.71488450982 0.16634063072362046 0.6652794564122229 8496.0 601.0 10.588448760541784 
8211115.146250381 33420.71488450982 0.16634063072362046 0.6652794564122229 8496.0 601.0 10.588448760541784 
8210605.043865778 33482.80591861725 0.16634063072379981 0.6652794564129401 8493.0 594.0 9.868255388022831 
8211115.146250381 33420.71488450982 0.16634063072362046 0.6652794564122229 8496.0 601.0 10.588448760541784 
8210605.326307985 33482.41201191575 0.16634063072379981 0.6652794564129401 8494.0 594.0 9.868255388022831 
