[16, 26, 49, 42, 24, 63, 30, 15, 11, 31][40, 4, 7, 46, 53, 47, 6, 21, 24, 62][17, 55, 16, 26, 8, 52, 64, 51, 34, 58][2, 50, 33, 13, 22, 45, 36, 41, 35, 51][22, 33, 20, 43, 61, 60, 14, 2, 23, 50][9, 31, 1, 59, 68, 11, 15, 42, 30, 24][56, 6, 47, 53, 7, 46, 40, 12, 27, 67][48, 39, 65, 5, 37, 67, 27, 12, 25, 57][3, 66, 48, 29, 69, 38, 54, 19, 18, 32][17, 55, 16, 26, 8, 28, 10, 52, 64, 58][41, 36, 22, 33, 43, 61, 44, 14, 2, 50][41, 36, 22, 13, 43, 61, 14, 2, 0, 50][11, 59, 1, 9, 49, 62, 21, 63, 24, 30][41, 36, 22, 33, 43, 61, 44, 14, 2, 50][41, 36, 22, 33, 43, 61, 44, 14, 2, 50] 
[9, 31, 1, 59, 68, 11, 15, 42, 30, 24][40, 4, 7, 46, 53, 47, 6, 21, 24, 62][56, 6, 47, 53, 7, 46, 40, 12, 27, 67][48, 39, 65, 5, 37, 67, 27, 12, 25, 57][3, 66, 48, 29, 69, 38, 54, 19, 18, 32][16, 26, 49, 42, 24, 63, 30, 15, 11, 31][17, 55, 16, 26, 8, 28, 10, 52, 64, 58][17, 55, 16, 26, 8, 52, 64, 51, 34, 58][2, 50, 33, 13, 22, 45, 36, 41, 35, 51][33, 20, 43, 61, 44, 60, 14, 2, 23, 50][41, 36, 22, 13, 43, 61, 14, 2, 0, 50][3, 66, 48, 29, 69, 38, 54, 19, 18, 32][3, 66, 48, 29, 69, 38, 54, 19, 18, 32][3, 66, 48, 29, 69, 38, 54, 19, 18, 32][11, 68, 59, 1, 31, 9, 49, 62, 21, 63] 
[9, 31, 1, 59, 68, 11, 15, 42, 30, 24][40, 4, 7, 46, 53, 47, 6, 21, 24, 62][56, 6, 47, 53, 7, 46, 40, 12, 27, 67][48, 39, 65, 5, 37, 67, 27, 12, 25, 57][3, 66, 48, 29, 69, 38, 54, 19, 18, 32][16, 26, 49, 42, 24, 63, 30, 15, 11, 31][17, 55, 16, 26, 8, 28, 10, 52, 64, 58][17, 55, 16, 26, 8, 52, 64, 51, 34, 58][2, 50, 33, 13, 22, 45, 36, 41, 35, 51][33, 20, 43, 61, 44, 60, 14, 2, 23, 50][41, 36, 22, 13, 43, 61, 14, 2, 0, 50][3, 66, 48, 29, 69, 38, 54, 19, 18, 32][3, 66, 48, 29, 69, 38, 54, 19, 18, 32][3, 66, 48, 29, 69, 38, 54, 19, 18, 32][11, 68, 59, 1, 31, 9, 49, 62, 21, 63] 
[16, 26, 49, 42, 24, 63, 30, 15, 11, 31][40, 4, 7, 46, 53, 47, 6, 21, 24, 62][17, 55, 16, 26, 8, 52, 64, 51, 34, 58][2, 50, 33, 13, 22, 45, 36, 41, 35, 51][33, 20, 43, 61, 44, 60, 14, 2, 23, 50][11, 68, 59, 1, 31, 9, 49, 62, 21, 63][56, 6, 47, 53, 7, 46, 40, 12, 27, 67][48, 39, 65, 5, 37, 67, 27, 12, 25, 57][3, 66, 48, 29, 69, 38, 54, 19, 18, 32][17, 55, 16, 26, 8, 28, 10, 52, 64, 58][41, 36, 22, 13, 43, 61, 14, 2, 0, 50][3, 66, 48, 29, 69, 38, 54, 19, 18, 32][3, 66, 48, 29, 69, 38, 54, 19, 18, 32][3, 66, 48, 29, 69, 38, 54, 19, 18, 32][3, 66, 48, 29, 69, 38, 54, 19, 18, 32] 
[22, 33, 20, 43, 61, 60, 14, 2, 23, 50][2, 50, 33, 13, 22, 45, 36, 41, 35, 51][12, 40, 46, 7, 53, 47, 6, 56, 51, 34][48, 39, 65, 5, 37, 67, 27, 12, 25, 57][3, 66, 48, 29, 69, 38, 54, 19, 18, 32][40, 4, 7, 46, 53, 47, 6, 21, 24, 62][16, 26, 49, 42, 24, 63, 30, 15, 11, 31][17, 55, 16, 26, 8, 28, 10, 52, 64, 58][9, 31, 1, 59, 68, 11, 15, 42, 30, 24][41, 36, 22, 13, 43, 61, 14, 2, 0, 50][33, 20, 43, 61, 44, 60, 14, 2, 23, 50][17, 55, 16, 26, 8, 28, 10, 52, 64, 58][11, 59, 1, 9, 49, 62, 21, 63, 24, 30][12, 40, 46, 7, 53, 47, 6, 56, 51, 34][12, 40, 46, 7, 53, 47, 6, 56, 51, 34] 
[22, 33, 20, 43, 61, 60, 14, 2, 23, 50][2, 50, 33, 13, 22, 45, 36, 41, 35, 51][12, 40, 46, 7, 53, 47, 6, 56, 51, 34][48, 39, 65, 5, 37, 67, 27, 12, 25, 57][3, 66, 48, 29, 69, 38, 54, 19, 18, 32][40, 4, 7, 46, 53, 47, 6, 21, 24, 62][16, 26, 49, 42, 24, 63, 30, 15, 11, 31][17, 55, 16, 26, 8, 28, 10, 52, 64, 58][9, 31, 1, 59, 68, 11, 15, 42, 30, 24][41, 36, 22, 13, 43, 61, 14, 2, 0, 50][33, 20, 43, 61, 44, 60, 14, 2, 23, 50][17, 55, 16, 26, 8, 28, 10, 52, 64, 58][11, 59, 1, 9, 49, 62, 21, 63, 24, 30][12, 40, 46, 7, 53, 47, 6, 56, 51, 34][12, 40, 46, 7, 53, 47, 6, 56, 51, 34] 
[22, 33, 20, 43, 61, 60, 14, 2, 23, 50][2, 50, 33, 13, 22, 45, 36, 41, 35, 51][12, 40, 46, 7, 53, 47, 6, 56, 51, 34][48, 39, 65, 5, 37, 67, 27, 12, 25, 57][3, 66, 48, 29, 69, 38, 54, 19, 18, 32][40, 4, 7, 46, 53, 47, 6, 21, 24, 62][16, 26, 49, 42, 24, 63, 30, 15, 11, 31][17, 55, 16, 26, 8, 28, 10, 52, 64, 58][9, 31, 1, 59, 68, 11, 15, 42, 30, 24][33, 20, 43, 61, 44, 60, 14, 2, 23, 50][41, 36, 22, 13, 43, 61, 14, 2, 0, 50][17, 55, 16, 26, 8, 28, 10, 52, 64, 58][11, 59, 1, 9, 49, 62, 21, 63, 24, 30][17, 55, 16, 26, 8, 28, 10, 52, 64, 58][3, 66, 48, 29, 69, 38, 54, 19, 18, 32] 
[22, 33, 20, 43, 61, 60, 14, 2, 23, 50][2, 50, 33, 13, 22, 45, 36, 41, 35, 51][12, 40, 46, 7, 53, 47, 6, 56, 51, 34][48, 39, 65, 5, 37, 67, 27, 12, 25, 57][3, 66, 48, 29, 69, 38, 54, 19, 18, 32][40, 4, 7, 46, 53, 47, 6, 21, 24, 62][16, 26, 49, 42, 24, 63, 30, 15, 11, 31][17, 55, 16, 26, 8, 28, 10, 52, 64, 58][9, 31, 1, 59, 68, 11, 15, 42, 30, 24][33, 20, 43, 61, 44, 60, 14, 2, 23, 50][41, 36, 22, 13, 43, 61, 14, 2, 0, 50][17, 55, 16, 26, 8, 28, 10, 52, 64, 58][11, 59, 1, 9, 49, 62, 21, 63, 24, 30][17, 55, 16, 26, 8, 28, 10, 52, 64, 58][3, 66, 48, 29, 69, 38, 54, 19, 18, 32] 
[22, 33, 20, 43, 61, 60, 14, 2, 23, 50][2, 50, 33, 13, 22, 45, 36, 41, 35, 51][12, 40, 46, 7, 53, 47, 6, 56, 51, 34][48, 39, 65, 5, 37, 67, 27, 12, 25, 57][3, 66, 48, 29, 69, 38, 54, 19, 18, 32][40, 4, 7, 46, 53, 47, 6, 21, 24, 62][16, 26, 49, 42, 24, 63, 30, 15, 11, 31][17, 55, 16, 26, 8, 28, 10, 52, 64, 58][9, 31, 1, 59, 68, 11, 15, 42, 30, 24][33, 20, 43, 61, 44, 60, 14, 2, 23, 50][41, 36, 22, 13, 43, 61, 14, 2, 0, 50][17, 55, 16, 26, 8, 28, 10, 52, 64, 58][11, 59, 1, 9, 49, 62, 21, 63, 24, 30][17, 55, 16, 26, 8, 28, 10, 52, 64, 58][3, 66, 48, 29, 69, 38, 54, 19, 18, 32] 
[3, 66, 48, 29, 69, 38, 54, 19, 18, 32][48, 39, 65, 5, 37, 67, 27, 12, 25, 57][12, 40, 46, 7, 53, 47, 6, 56, 51, 34][2, 50, 33, 13, 22, 45, 36, 41, 35, 51][33, 20, 43, 61, 44, 60, 14, 2, 23, 50][40, 4, 7, 46, 53, 47, 6, 21, 24, 62][9, 31, 1, 59, 68, 11, 15, 42, 30, 24][16, 26, 49, 42, 24, 63, 30, 15, 11, 31][17, 55, 16, 26, 8, 28, 10, 52, 64, 58][41, 36, 22, 13, 43, 61, 14, 2, 0, 50][11, 59, 1, 9, 49, 62, 21, 63, 24, 30][17, 55, 16, 26, 8, 28, 10, 52, 64, 58][17, 55, 16, 26, 8, 28, 10, 52, 64, 58][48, 39, 65, 5, 37, 67, 27, 12, 25, 57][17, 55, 16, 26, 8, 28, 10, 52, 64, 58] 
[16, 26, 49, 42, 24, 63, 30, 15, 11, 31][40, 4, 7, 46, 53, 47, 6, 21, 24, 62][17, 55, 16, 26, 8, 52, 64, 51, 34, 58][2, 50, 33, 13, 22, 45, 36, 41, 35, 51][22, 33, 20, 43, 61, 60, 14, 2, 23, 50][9, 31, 1, 59, 68, 11, 15, 42, 30, 24][56, 6, 47, 53, 7, 46, 40, 12, 27, 67][48, 39, 65, 5, 37, 67, 27, 12, 25, 57][3, 66, 48, 29, 69, 38, 54, 19, 18, 32][17, 55, 16, 26, 8, 28, 10, 52, 64, 58][41, 36, 22, 33, 43, 61, 44, 14, 2, 50][41, 36, 22, 13, 43, 61, 14, 2, 0, 50][11, 59, 1, 9, 49, 62, 21, 63, 24, 30][41, 36, 22, 33, 43, 61, 44, 14, 2, 50][41, 36, 22, 33, 43, 61, 44, 14, 2, 50] 
[9, 31, 1, 59, 68, 11, 15, 42, 30, 24][40, 4, 7, 46, 53, 47, 6, 21, 24, 62][56, 6, 47, 53, 7, 46, 40, 12, 27, 67][48, 39, 65, 5, 37, 67, 27, 12, 25, 57][3, 66, 48, 29, 69, 38, 54, 19, 18, 32][16, 26, 49, 42, 24, 63, 30, 15, 11, 31][17, 55, 16, 26, 8, 28, 10, 52, 64, 58][17, 55, 16, 26, 8, 52, 64, 51, 34, 58][2, 50, 33, 13, 22, 45, 36, 41, 35, 51][33, 20, 43, 61, 44, 60, 14, 2, 23, 50][41, 36, 22, 13, 43, 61, 14, 2, 0, 50][3, 66, 48, 29, 69, 38, 54, 19, 18, 32][3, 66, 48, 29, 69, 38, 54, 19, 18, 32][3, 66, 48, 29, 69, 38, 54, 19, 18, 32][11, 68, 59, 1, 31, 9, 49, 62, 21, 63] 
[9, 31, 1, 59, 68, 11, 15, 42, 30, 24][40, 4, 7, 46, 53, 47, 6, 21, 24, 62][56, 6, 47, 53, 7, 46, 40, 12, 27, 67][48, 39, 65, 5, 37, 67, 27, 12, 25, 57][3, 66, 48, 29, 69, 38, 54, 19, 18, 32][16, 26, 49, 42, 24, 63, 30, 15, 11, 31][17, 55, 16, 26, 8, 28, 10, 52, 64, 58][17, 55, 16, 26, 8, 52, 64, 51, 34, 58][2, 50, 33, 13, 22, 45, 36, 41, 35, 51][33, 20, 43, 61, 44, 60, 14, 2, 23, 50][41, 36, 22, 13, 43, 61, 14, 2, 0, 50][3, 66, 48, 29, 69, 38, 54, 19, 18, 32][3, 66, 48, 29, 69, 38, 54, 19, 18, 32][3, 66, 48, 29, 69, 38, 54, 19, 18, 32][11, 68, 59, 1, 31, 9, 49, 62, 21, 63] 
[22, 33, 20, 43, 61, 60, 14, 2, 23, 50][2, 50, 33, 13, 22, 45, 36, 41, 35, 51][12, 40, 46, 7, 53, 47, 6, 56, 51, 34][48, 39, 65, 5, 37, 67, 27, 12, 25, 57][3, 66, 48, 29, 69, 38, 54, 19, 18, 32][40, 4, 7, 46, 53, 47, 6, 21, 24, 62][16, 26, 49, 42, 24, 63, 30, 15, 11, 31][17, 55, 16, 26, 8, 28, 10, 52, 64, 58][9, 31, 1, 59, 68, 11, 15, 42, 30, 24][41, 36, 22, 13, 43, 61, 14, 2, 0, 50][33, 20, 43, 61, 44, 60, 14, 2, 23, 50][17, 55, 16, 26, 8, 28, 10, 52, 64, 58][11, 59, 1, 9, 49, 62, 21, 63, 24, 30][12, 40, 46, 7, 53, 47, 6, 56, 51, 34][12, 40, 46, 7, 53, 47, 6, 56, 51, 34] 
[22, 33, 20, 43, 61, 60, 14, 2, 23, 50][2, 50, 33, 13, 22, 45, 36, 41, 35, 51][12, 40, 46, 7, 53, 47, 6, 56, 51, 34][48, 39, 65, 5, 37, 67, 27, 12, 25, 57][3, 66, 48, 29, 69, 38, 54, 19, 18, 32][40, 4, 7, 46, 53, 47, 6, 21, 24, 62][16, 26, 49, 42, 24, 63, 30, 15, 11, 31][17, 55, 16, 26, 8, 28, 10, 52, 64, 58][9, 31, 1, 59, 68, 11, 15, 42, 30, 24][41, 36, 22, 13, 43, 61, 14, 2, 0, 50][33, 20, 43, 61, 44, 60, 14, 2, 23, 50][17, 55, 16, 26, 8, 28, 10, 52, 64, 58][11, 59, 1, 9, 49, 62, 21, 63, 24, 30][12, 40, 46, 7, 53, 47, 6, 56, 51, 34][12, 40, 46, 7, 53, 47, 6, 56, 51, 34] 
[22, 33, 20, 43, 61, 60, 14, 2, 23, 50][2, 50, 33, 13, 22, 45, 36, 41, 35, 51][12, 40, 46, 7, 53, 47, 6, 56, 51, 34][48, 39, 65, 5, 37, 67, 27, 12, 25, 57][3, 66, 48, 29, 69, 38, 54, 19, 18, 32][40, 4, 7, 46, 53, 47, 6, 21, 24, 62][16, 26, 49, 42, 24, 63, 30, 15, 11, 31][17, 55, 16, 26, 8, 28, 10, 52, 64, 58][9, 31, 1, 59, 68, 11, 15, 42, 30, 24][33, 20, 43, 61, 44, 60, 14, 2, 23, 50][41, 36, 22, 13, 43, 61, 14, 2, 0, 50][17, 55, 16, 26, 8, 28, 10, 52, 64, 58][11, 59, 1, 9, 49, 62, 21, 63, 24, 30][17, 55, 16, 26, 8, 28, 10, 52, 64, 58][3, 66, 48, 29, 69, 38, 54, 19, 18, 32] 
[41, 36, 22, 13, 43, 61, 14, 2, 0, 50][41, 36, 22, 33, 43, 61, 44, 14, 2, 50][2, 50, 33, 13, 22, 45, 36, 41, 35, 51][17, 55, 16, 26, 8, 52, 64, 51, 34, 58][16, 26, 49, 42, 24, 63, 30, 15, 11, 31][40, 4, 7, 46, 53, 47, 6, 21, 24, 62][56, 6, 47, 53, 7, 46, 40, 12, 27, 67][48, 39, 65, 5, 37, 67, 27, 12, 25, 57][3, 66, 48, 29, 69, 38, 54, 19, 18, 32][9, 31, 1, 59, 68, 11, 15, 42, 30, 24][17, 55, 16, 26, 8, 28, 10, 52, 64, 58][22, 33, 20, 43, 61, 60, 14, 2, 23, 50][56, 6, 47, 53, 7, 46, 40, 12, 27, 67][56, 6, 47, 53, 7, 46, 40, 12, 27, 67][11, 59, 1, 9, 49, 62, 21, 63, 24, 30] 
[9, 31, 1, 59, 68, 11, 15, 42, 30, 24][40, 4, 7, 46, 53, 47, 6, 21, 24, 62][56, 6, 47, 53, 7, 46, 40, 12, 27, 67][48, 39, 65, 5, 37, 67, 27, 12, 25, 57][3, 66, 48, 29, 69, 38, 54, 19, 18, 32][16, 26, 49, 42, 24, 63, 30, 15, 11, 31][17, 55, 16, 26, 8, 28, 10, 52, 64, 58][17, 55, 16, 26, 8, 52, 64, 51, 34, 58][2, 50, 33, 13, 22, 45, 36, 41, 35, 51][33, 20, 43, 61, 44, 60, 14, 2, 23, 50][41, 36, 22, 13, 43, 61, 14, 2, 0, 50][3, 66, 48, 29, 69, 38, 54, 19, 18, 32][3, 66, 48, 29, 69, 38, 54, 19, 18, 32][3, 66, 48, 29, 69, 38, 54, 19, 18, 32][11, 68, 59, 1, 31, 9, 49, 62, 21, 63] 
[22, 33, 20, 43, 61, 60, 14, 2, 23, 50][2, 50, 33, 13, 22, 45, 36, 41, 35, 51][12, 40, 46, 7, 53, 47, 6, 56, 51, 34][48, 39, 65, 5, 37, 67, 27, 12, 25, 57][3, 66, 48, 29, 69, 38, 54, 19, 18, 32][40, 4, 7, 46, 53, 47, 6, 21, 24, 62][16, 26, 49, 42, 24, 63, 30, 15, 11, 31][17, 55, 16, 26, 8, 28, 10, 52, 64, 58][9, 31, 1, 59, 68, 11, 15, 42, 30, 24][41, 36, 22, 13, 43, 61, 14, 2, 0, 50][33, 20, 43, 61, 44, 60, 14, 2, 23, 50][17, 55, 16, 26, 8, 28, 10, 52, 64, 58][11, 59, 1, 9, 49, 62, 21, 63, 24, 30][12, 40, 46, 7, 53, 47, 6, 56, 51, 34][12, 40, 46, 7, 53, 47, 6, 56, 51, 34] 
[41, 36, 22, 13, 43, 61, 14, 2, 0, 50][41, 36, 22, 33, 43, 61, 44, 14, 2, 50][2, 50, 33, 13, 22, 45, 36, 41, 35, 51][17, 55, 16, 26, 8, 52, 64, 51, 34, 58][16, 26, 49, 42, 24, 63, 30, 15, 11, 31][40, 4, 7, 46, 53, 47, 6, 21, 24, 62][56, 6, 47, 53, 7, 46, 40, 12, 27, 67][48, 39, 65, 5, 37, 67, 27, 12, 25, 57][3, 66, 48, 29, 69, 38, 54, 19, 18, 32][9, 31, 1, 59, 68, 11, 15, 42, 30, 24][17, 55, 16, 26, 8, 28, 10, 52, 64, 58][22, 33, 20, 43, 61, 60, 14, 2, 23, 50][56, 6, 47, 53, 7, 46, 40, 12, 27, 67][56, 6, 47, 53, 7, 46, 40, 12, 27, 67][11, 59, 1, 9, 49, 62, 21, 63, 24, 30] 
[16, 26, 49, 42, 24, 63, 30, 15, 11, 31][40, 4, 7, 46, 53, 47, 6, 21, 24, 62][17, 55, 16, 26, 8, 52, 64, 51, 34, 58][2, 50, 33, 13, 22, 45, 36, 41, 35, 51][22, 33, 20, 43, 61, 60, 14, 2, 23, 50][9, 31, 1, 59, 68, 11, 15, 42, 30, 24][56, 6, 47, 53, 7, 46, 40, 12, 27, 67][48, 39, 65, 5, 37, 67, 27, 12, 25, 57][3, 66, 48, 29, 69, 38, 54, 19, 18, 32][17, 55, 16, 26, 8, 28, 10, 52, 64, 58][41, 36, 22, 33, 43, 61, 44, 14, 2, 50][41, 36, 22, 13, 43, 61, 14, 2, 0, 50][11, 59, 1, 9, 49, 62, 21, 63, 24, 30][41, 36, 22, 33, 43, 61, 44, 14, 2, 50][41, 36, 22, 33, 43, 61, 44, 14, 2, 50] 
[9, 31, 1, 59, 68, 11, 15, 42, 30, 24][40, 4, 7, 46, 53, 47, 6, 21, 24, 62][56, 6, 47, 53, 7, 46, 40, 12, 27, 67][48, 39, 65, 5, 37, 67, 27, 12, 25, 57][3, 66, 48, 29, 69, 38, 54, 19, 18, 32][16, 26, 49, 42, 24, 63, 30, 15, 11, 31][17, 55, 16, 26, 8, 28, 10, 52, 64, 58][17, 55, 16, 26, 8, 52, 64, 51, 34, 58][2, 50, 33, 13, 22, 45, 36, 41, 35, 51][33, 20, 43, 61, 44, 60, 14, 2, 23, 50][41, 36, 22, 13, 43, 61, 14, 2, 0, 50][3, 66, 48, 29, 69, 38, 54, 19, 18, 32][3, 66, 48, 29, 69, 38, 54, 19, 18, 32][3, 66, 48, 29, 69, 38, 54, 19, 18, 32][11, 68, 59, 1, 31, 9, 49, 62, 21, 63] 
[9, 31, 1, 59, 68, 11, 15, 42, 30, 24][40, 4, 7, 46, 53, 47, 6, 21, 24, 62][56, 6, 47, 53, 7, 46, 40, 12, 27, 67][48, 39, 65, 5, 37, 67, 27, 12, 25, 57][3, 66, 48, 29, 69, 38, 54, 19, 18, 32][16, 26, 49, 42, 24, 63, 30, 15, 11, 31][17, 55, 16, 26, 8, 28, 10, 52, 64, 58][17, 55, 16, 26, 8, 52, 64, 51, 34, 58][2, 50, 33, 13, 22, 45, 36, 41, 35, 51][33, 20, 43, 61, 44, 60, 14, 2, 23, 50][41, 36, 22, 13, 43, 61, 14, 2, 0, 50][3, 66, 48, 29, 69, 38, 54, 19, 18, 32][3, 66, 48, 29, 69, 38, 54, 19, 18, 32][3, 66, 48, 29, 69, 38, 54, 19, 18, 32][11, 68, 59, 1, 31, 9, 49, 62, 21, 63] 
[22, 33, 20, 43, 61, 60, 14, 2, 23, 50][2, 50, 33, 13, 22, 45, 36, 41, 35, 51][12, 40, 46, 7, 53, 47, 6, 56, 51, 34][48, 39, 65, 5, 37, 67, 27, 12, 25, 57][3, 66, 48, 29, 69, 38, 54, 19, 18, 32][40, 4, 7, 46, 53, 47, 6, 21, 24, 62][16, 26, 49, 42, 24, 63, 30, 15, 11, 31][17, 55, 16, 26, 8, 28, 10, 52, 64, 58][9, 31, 1, 59, 68, 11, 15, 42, 30, 24][41, 36, 22, 13, 43, 61, 14, 2, 0, 50][33, 20, 43, 61, 44, 60, 14, 2, 23, 50][17, 55, 16, 26, 8, 28, 10, 52, 64, 58][11, 59, 1, 9, 49, 62, 21, 63, 24, 30][12, 40, 46, 7, 53, 47, 6, 56, 51, 34][12, 40, 46, 7, 53, 47, 6, 56, 51, 34] 
[22, 33, 20, 43, 61, 60, 14, 2, 23, 50][2, 50, 33, 13, 22, 45, 36, 41, 35, 51][12, 40, 46, 7, 53, 47, 6, 56, 51, 34][48, 39, 65, 5, 37, 67, 27, 12, 25, 57][3, 66, 48, 29, 69, 38, 54, 19, 18, 32][40, 4, 7, 46, 53, 47, 6, 21, 24, 62][16, 26, 49, 42, 24, 63, 30, 15, 11, 31][17, 55, 16, 26, 8, 28, 10, 52, 64, 58][9, 31, 1, 59, 68, 11, 15, 42, 30, 24][41, 36, 22, 13, 43, 61, 14, 2, 0, 50][33, 20, 43, 61, 44, 60, 14, 2, 23, 50][17, 55, 16, 26, 8, 28, 10, 52, 64, 58][11, 59, 1, 9, 49, 62, 21, 63, 24, 30][12, 40, 46, 7, 53, 47, 6, 56, 51, 34][12, 40, 46, 7, 53, 47, 6, 56, 51, 34] 
[22, 33, 20, 43, 61, 60, 14, 2, 23, 50][2, 50, 33, 13, 22, 45, 36, 41, 35, 51][12, 40, 46, 7, 53, 47, 6, 56, 51, 34][48, 39, 65, 5, 37, 67, 27, 12, 25, 57][3, 66, 48, 29, 69, 38, 54, 19, 18, 32][40, 4, 7, 46, 53, 47, 6, 21, 24, 62][16, 26, 49, 42, 24, 63, 30, 15, 11, 31][17, 55, 16, 26, 8, 28, 10, 52, 64, 58][9, 31, 1, 59, 68, 11, 15, 42, 30, 24][33, 20, 43, 61, 44, 60, 14, 2, 23, 50][41, 36, 22, 13, 43, 61, 14, 2, 0, 50][17, 55, 16, 26, 8, 28, 10, 52, 64, 58][11, 59, 1, 9, 49, 62, 21, 63, 24, 30][17, 55, 16, 26, 8, 28, 10, 52, 64, 58][3, 66, 48, 29, 69, 38, 54, 19, 18, 32] 
[41, 36, 22, 13, 43, 61, 14, 2, 0, 50][41, 36, 22, 33, 43, 61, 44, 14, 2, 50][2, 50, 33, 13, 22, 45, 36, 41, 35, 51][17, 55, 16, 26, 8, 52, 64, 51, 34, 58][16, 26, 49, 42, 24, 63, 30, 15, 11, 31][40, 4, 7, 46, 53, 47, 6, 21, 24, 62][56, 6, 47, 53, 7, 46, 40, 12, 27, 67][48, 39, 65, 5, 37, 67, 27, 12, 25, 57][3, 66, 48, 29, 69, 38, 54, 19, 18, 32][9, 31, 1, 59, 68, 11, 15, 42, 30, 24][17, 55, 16, 26, 8, 28, 10, 52, 64, 58][22, 33, 20, 43, 61, 60, 14, 2, 23, 50][56, 6, 47, 53, 7, 46, 40, 12, 27, 67][56, 6, 47, 53, 7, 46, 40, 12, 27, 67][11, 59, 1, 9, 49, 62, 21, 63, 24, 30] 
[9, 31, 1, 59, 68, 11, 15, 42, 30, 24][40, 4, 7, 46, 53, 47, 6, 21, 24, 62][56, 6, 47, 53, 7, 46, 40, 12, 27, 67][48, 39, 65, 5, 37, 67, 27, 12, 25, 57][3, 66, 48, 29, 69, 38, 54, 19, 18, 32][16, 26, 49, 42, 24, 63, 30, 15, 11, 31][17, 55, 16, 26, 8, 28, 10, 52, 64, 58][17, 55, 16, 26, 8, 52, 64, 51, 34, 58][2, 50, 33, 13, 22, 45, 36, 41, 35, 51][33, 20, 43, 61, 44, 60, 14, 2, 23, 50][41, 36, 22, 13, 43, 61, 14, 2, 0, 50][3, 66, 48, 29, 69, 38, 54, 19, 18, 32][3, 66, 48, 29, 69, 38, 54, 19, 18, 32][3, 66, 48, 29, 69, 38, 54, 19, 18, 32][11, 68, 59, 1, 31, 9, 49, 62, 21, 63] 
[22, 33, 20, 43, 61, 60, 14, 2, 23, 50][2, 50, 33, 13, 22, 45, 36, 41, 35, 51][12, 40, 46, 7, 53, 47, 6, 56, 51, 34][48, 39, 65, 5, 37, 67, 27, 12, 25, 57][3, 66, 48, 29, 69, 38, 54, 19, 18, 32][40, 4, 7, 46, 53, 47, 6, 21, 24, 62][16, 26, 49, 42, 24, 63, 30, 15, 11, 31][17, 55, 16, 26, 8, 28, 10, 52, 64, 58][9, 31, 1, 59, 68, 11, 15, 42, 30, 24][41, 36, 22, 13, 43, 61, 14, 2, 0, 50][33, 20, 43, 61, 44, 60, 14, 2, 23, 50][17, 55, 16, 26, 8, 28, 10, 52, 64, 58][11, 59, 1, 9, 49, 62, 21, 63, 24, 30][12, 40, 46, 7, 53, 47, 6, 56, 51, 34][12, 40, 46, 7, 53, 47, 6, 56, 51, 34] 
[41, 36, 22, 13, 43, 61, 14, 2, 0, 50][41, 36, 22, 33, 43, 61, 44, 14, 2, 50][2, 50, 33, 13, 22, 45, 36, 41, 35, 51][17, 55, 16, 26, 8, 52, 64, 51, 34, 58][16, 26, 49, 42, 24, 63, 30, 15, 11, 31][40, 4, 7, 46, 53, 47, 6, 21, 24, 62][56, 6, 47, 53, 7, 46, 40, 12, 27, 67][48, 39, 65, 5, 37, 67, 27, 12, 25, 57][3, 66, 48, 29, 69, 38, 54, 19, 18, 32][9, 31, 1, 59, 68, 11, 15, 42, 30, 24][17, 55, 16, 26, 8, 28, 10, 52, 64, 58][22, 33, 20, 43, 61, 60, 14, 2, 23, 50][56, 6, 47, 53, 7, 46, 40, 12, 27, 67][56, 6, 47, 53, 7, 46, 40, 12, 27, 67][11, 59, 1, 9, 49, 62, 21, 63, 24, 30] 
[41, 36, 22, 13, 43, 61, 14, 2, 0, 50][41, 36, 22, 33, 43, 61, 44, 14, 2, 50][2, 50, 33, 13, 22, 45, 36, 41, 35, 51][17, 55, 16, 26, 8, 52, 64, 51, 34, 58][16, 26, 49, 42, 24, 63, 30, 15, 11, 31][40, 4, 7, 46, 53, 47, 6, 21, 24, 62][56, 6, 47, 53, 7, 46, 40, 12, 27, 67][48, 39, 65, 5, 37, 67, 27, 12, 25, 57][3, 66, 48, 29, 69, 38, 54, 19, 18, 32][9, 31, 1, 59, 68, 11, 15, 42, 30, 24][17, 55, 16, 26, 8, 28, 10, 52, 64, 58][22, 33, 20, 43, 61, 60, 14, 2, 23, 50][56, 6, 47, 53, 7, 46, 40, 12, 27, 67][56, 6, 47, 53, 7, 46, 40, 12, 27, 67][11, 59, 1, 9, 49, 62, 21, 63, 24, 30] 
[9, 31, 1, 59, 68, 11, 15, 42, 30, 24][40, 4, 7, 46, 53, 47, 6, 21, 24, 62][56, 6, 47, 53, 7, 46, 40, 12, 27, 67][48, 39, 65, 5, 37, 67, 27, 12, 25, 57][3, 66, 48, 29, 69, 38, 54, 19, 18, 32][16, 26, 49, 42, 24, 63, 30, 15, 11, 31][17, 55, 16, 26, 8, 28, 10, 52, 64, 58][17, 55, 16, 26, 8, 52, 64, 51, 34, 58][2, 50, 33, 13, 22, 45, 36, 41, 35, 51][33, 20, 43, 61, 44, 60, 14, 2, 23, 50][41, 36, 22, 13, 43, 61, 14, 2, 0, 50][3, 66, 48, 29, 69, 38, 54, 19, 18, 32][3, 66, 48, 29, 69, 38, 54, 19, 18, 32][3, 66, 48, 29, 69, 38, 54, 19, 18, 32][11, 68, 59, 1, 31, 9, 49, 62, 21, 63] 
[22, 33, 20, 43, 61, 60, 14, 2, 23, 50][2, 50, 33, 13, 22, 45, 36, 41, 35, 51][12, 40, 46, 7, 53, 47, 6, 56, 51, 34][48, 39, 65, 5, 37, 67, 27, 12, 25, 57][3, 66, 48, 29, 69, 38, 54, 19, 18, 32][40, 4, 7, 46, 53, 47, 6, 21, 24, 62][16, 26, 49, 42, 24, 63, 30, 15, 11, 31][17, 55, 16, 26, 8, 28, 10, 52, 64, 58][9, 31, 1, 59, 68, 11, 15, 42, 30, 24][41, 36, 22, 13, 43, 61, 14, 2, 0, 50][33, 20, 43, 61, 44, 60, 14, 2, 23, 50][17, 55, 16, 26, 8, 28, 10, 52, 64, 58][11, 59, 1, 9, 49, 62, 21, 63, 24, 30][12, 40, 46, 7, 53, 47, 6, 56, 51, 34][12, 40, 46, 7, 53, 47, 6, 56, 51, 34] 
[41, 36, 22, 13, 43, 61, 14, 2, 0, 50][41, 36, 22, 33, 43, 61, 44, 14, 2, 50][2, 50, 33, 13, 22, 45, 36, 41, 35, 51][17, 55, 16, 26, 8, 52, 64, 51, 34, 58][16, 26, 49, 42, 24, 63, 30, 15, 11, 31][40, 4, 7, 46, 53, 47, 6, 21, 24, 62][56, 6, 47, 53, 7, 46, 40, 12, 27, 67][48, 39, 65, 5, 37, 67, 27, 12, 25, 57][3, 66, 48, 29, 69, 38, 54, 19, 18, 32][9, 31, 1, 59, 68, 11, 15, 42, 30, 24][17, 55, 16, 26, 8, 28, 10, 52, 64, 58][22, 33, 20, 43, 61, 60, 14, 2, 23, 50][56, 6, 47, 53, 7, 46, 40, 12, 27, 67][56, 6, 47, 53, 7, 46, 40, 12, 27, 67][11, 59, 1, 9, 49, 62, 21, 63, 24, 30] 
[41, 36, 22, 13, 43, 61, 14, 2, 0, 50][41, 36, 22, 33, 43, 61, 44, 14, 2, 50][2, 50, 33, 13, 22, 45, 36, 41, 35, 51][17, 55, 16, 26, 8, 52, 64, 51, 34, 58][16, 26, 49, 42, 24, 63, 30, 15, 11, 31][40, 4, 7, 46, 53, 47, 6, 21, 24, 62][56, 6, 47, 53, 7, 46, 40, 12, 27, 67][48, 39, 65, 5, 37, 67, 27, 12, 25, 57][3, 66, 48, 29, 69, 38, 54, 19, 18, 32][9, 31, 1, 59, 68, 11, 15, 42, 30, 24][17, 55, 16, 26, 8, 28, 10, 52, 64, 58][22, 33, 20, 43, 61, 60, 14, 2, 23, 50][56, 6, 47, 53, 7, 46, 40, 12, 27, 67][56, 6, 47, 53, 7, 46, 40, 12, 27, 67][11, 59, 1, 9, 49, 62, 21, 63, 24, 30] 
[24, 30, 42, 15, 11, 68, 59, 1, 31, 9, 49, 62, 21, 63, 6, 47, 40, 7, 4, 53, 46][0, 3, 66, 48, 29, 69, 38, 54, 19, 18, 32][0, 3, 66, 48, 29, 69, 38, 54, 19, 18, 32][17, 55, 10, 28, 8, 52, 20, 43, 61, 44][20, 43, 61, 44, 60, 14, 2, 0, 23, 50][0, 50, 33, 13, 22, 45, 36, 41, 35, 51][5, 37, 67, 27, 12, 25, 57, 51, 58, 34][56, 6, 47, 53, 7, 46, 40, 12, 27, 67][9, 31, 1, 59, 68, 11, 15, 42, 30, 24][17, 55, 16, 26, 8, 28, 10, 52, 64, 51][56, 6, 47, 53, 7, 46, 40, 12, 27, 67][40, 4, 7, 46, 53, 47, 6, 21, 24, 62][16, 26, 49, 42, 24, 63, 30, 15, 11, 31][48, 39, 65, 5, 37, 67, 27, 12, 25, 57][11, 68, 59, 1, 31, 9, 49, 62, 21, 63] 
[24, 30, 42, 15, 11, 68, 59, 1, 31, 9, 49, 62, 21, 63, 6, 47, 40, 7, 4, 53, 46][0, 3, 66, 48, 29, 69, 38, 54, 19, 18, 32][0, 3, 66, 48, 29, 69, 38, 54, 19, 18, 32][17, 55, 10, 28, 8, 52, 20, 43, 61, 44][20, 43, 61, 44, 60, 14, 2, 0, 23, 50][0, 50, 33, 13, 22, 45, 36, 41, 35, 51][5, 37, 67, 27, 12, 25, 57, 51, 58, 34][56, 6, 47, 53, 7, 46, 40, 12, 27, 67][9, 31, 1, 59, 68, 11, 15, 42, 30, 24][17, 55, 16, 26, 8, 28, 10, 52, 64, 51][56, 6, 47, 53, 7, 46, 40, 12, 27, 67][40, 4, 7, 46, 53, 47, 6, 21, 24, 62][16, 26, 49, 42, 24, 63, 30, 15, 11, 31][48, 39, 65, 5, 37, 67, 27, 12, 25, 57][11, 68, 59, 1, 31, 9, 49, 62, 21, 63] 
[32, 18, 19, 54, 38, 69, 29, 48, 66, 3, 0, 50, 33, 58, 34][56, 6, 47, 53, 7, 46, 40, 12, 27, 67][48, 39, 65, 5, 37, 67, 27, 12, 25, 57][3, 66, 48, 29, 69, 38, 54, 19, 18, 32][40, 4, 7, 46, 53, 47, 6, 21, 24, 62][16, 26, 49, 42, 24, 63, 30, 15, 11, 31][17, 55, 16, 26, 8, 28, 10, 52, 64, 58][11, 68, 59, 1, 31, 9, 49, 62, 21, 63][17, 55, 16, 26, 8, 52, 64, 51, 34, 58][2, 50, 33, 13, 22, 45, 36, 41, 35, 51][33, 20, 43, 61, 44, 60, 14, 2, 23, 50][41, 36, 22, 13, 43, 61, 14, 2, 0, 50][3, 66, 48, 29, 69, 38, 54, 19, 18, 32][17, 55, 16, 26, 8, 52, 64, 51, 34, 58][3, 66, 48, 29, 69, 38, 54, 19, 18, 32] 
[4, 7, 40, 47, 6, 63, 21, 62, 49, 9, 31, 1, 59, 68, 11, 15, 42, 30, 24][48, 39, 65, 5, 37, 67, 27, 12, 25, 57][3, 66, 48, 29, 69, 38, 54, 19, 18, 32][56, 6, 47, 53, 7, 46, 40, 12, 27, 67][39, 65, 5, 37, 67, 27, 12, 25, 57, 51][2, 50, 33, 13, 22, 45, 36, 41, 35, 51][17, 55, 16, 26, 8, 28, 10, 52, 64, 51][20, 43, 61, 44, 60, 14, 2, 0, 23, 50][48, 39, 65, 5, 37, 67, 27, 12, 25, 57][11, 68, 59, 1, 31, 9, 49, 62, 21, 63][56, 6, 47, 53, 7, 46, 40, 12, 27, 67][2, 50, 33, 13, 22, 45, 36, 41, 35, 51][48, 39, 65, 5, 37, 67, 27, 12, 25, 57][17, 55, 16, 26, 8, 52, 64, 51, 34, 58][11, 68, 59, 1, 31, 9, 49, 62, 21, 63] 
[4, 7, 40, 47, 6, 63, 21, 62, 49, 9, 31, 1, 59, 68, 11, 15, 42, 30, 24][56, 6, 47, 53, 7, 46, 40, 12, 27, 67][39, 65, 5, 37, 67, 27, 12, 25, 57, 51][3, 66, 48, 29, 69, 38, 54, 19, 18, 32][17, 55, 16, 26, 8, 28, 10, 52, 64, 51][2, 50, 33, 13, 22, 45, 36, 41, 35, 51][20, 43, 61, 44, 60, 14, 2, 0, 23, 50][17, 55, 16, 26, 8, 52, 64, 51, 34, 58][48, 39, 65, 5, 37, 67, 27, 12, 25, 57][3, 66, 48, 29, 69, 38, 54, 19, 18, 32][11, 68, 59, 1, 31, 9, 49, 62, 21, 63][2, 50, 33, 13, 22, 45, 36, 41, 35, 51][11, 68, 59, 1, 31, 9, 49, 62, 21, 63][41, 36, 22, 13, 43, 61, 14, 2, 0, 50][56, 6, 47, 53, 7, 46, 40, 12, 27, 67] 
[33, 20, 43, 61, 44, 60, 14, 2, 23, 50][0, 50, 33, 13, 22, 45, 36, 41, 35, 51][39, 65, 37, 67, 27, 25, 57, 35, 34, 58][56, 6, 47, 53, 7, 46, 40, 12, 27, 67][16, 26, 8, 28, 10, 52, 64, 51, 34, 58][40, 4, 7, 46, 53, 47, 6, 21, 24, 62][9, 31, 1, 59, 68, 11, 15, 42, 30, 24][17, 55, 16, 26, 8, 52, 64, 51, 34, 58][48, 39, 65, 5, 37, 67, 27, 12, 25, 57][3, 66, 48, 29, 69, 38, 54, 19, 18, 32][11, 68, 59, 1, 31, 9, 49, 62, 21, 63][16, 26, 8, 28, 10, 52, 64, 51, 34, 58][40, 4, 7, 46, 53, 47, 6, 21, 24, 62][16, 26, 8, 28, 10, 52, 64, 51, 34, 58][56, 6, 47, 53, 7, 46, 40, 12, 27, 67] 
[34, 58, 51, 57, 25, 12, 27, 67, 37, 5, 65, 39, 48][23, 3, 66, 48, 29, 69, 38, 54, 19, 18, 32][17, 55, 16, 26, 8, 28, 10, 52, 64, 51][0, 50, 33, 13, 22, 45, 36, 41, 35, 51][20, 43, 61, 44, 60, 14, 2, 0, 23, 50][16, 26, 49, 42, 24, 63, 30, 15, 11, 31][40, 4, 7, 46, 53, 47, 6, 21, 24, 62][11, 68, 59, 1, 31, 9, 49, 62, 21, 63][56, 6, 47, 53, 7, 46, 40, 12, 27, 67][48, 39, 65, 5, 37, 67, 27, 12, 25, 57][3, 66, 48, 29, 69, 38, 54, 19, 18, 32][40, 4, 7, 46, 53, 47, 6, 21, 24, 62][3, 66, 48, 29, 69, 38, 54, 19, 18, 32][48, 39, 65, 5, 37, 67, 27, 12, 25, 57][48, 39, 65, 5, 37, 67, 27, 12, 25, 57] 
[32, 18, 19, 54, 38, 69, 29, 48, 66, 3, 0, 2, 50, 13, 22, 33, 58, 41, 51, 57, 34][56, 6, 47, 53, 7, 46, 40, 12, 27, 67][48, 39, 65, 5, 37, 67, 27, 12, 25, 57][3, 66, 48, 29, 69, 38, 54, 19, 18, 32][40, 4, 7, 46, 53, 47, 6, 21, 24, 62][16, 26, 49, 42, 24, 63, 30, 15, 11, 31][17, 55, 16, 26, 8, 28, 10, 52, 64, 58][11, 68, 59, 1, 31, 9, 49, 62, 21, 63][17, 55, 16, 26, 8, 52, 64, 51, 34, 58][2, 50, 33, 13, 22, 45, 36, 41, 35, 51][33, 20, 43, 61, 44, 60, 14, 2, 23, 50][41, 36, 22, 13, 43, 61, 14, 2, 0, 50][3, 66, 48, 29, 69, 38, 54, 19, 18, 32][17, 55, 16, 26, 8, 52, 64, 51, 34, 58][3, 66, 48, 29, 69, 38, 54, 19, 18, 32] 
[48, 39, 65, 5, 37, 67, 27, 12, 25, 57, 51][11, 68, 59, 1, 31, 9, 49, 62, 21, 63][40, 4, 7, 46, 53, 47, 6, 21, 24, 62][20, 43, 61, 44, 60, 14, 2, 0, 23, 50][0, 50, 33, 13, 22, 45, 36, 41, 35, 51][3, 66, 48, 29, 69, 38, 54, 19, 18, 32][17, 55, 10, 28, 8, 52, 20, 43, 61, 44][56, 6, 47, 53, 7, 46, 40, 12, 27, 67][16, 26, 8, 28, 10, 52, 64, 51, 34, 58][9, 31, 1, 59, 68, 11, 15, 42, 30, 24][48, 39, 65, 5, 37, 67, 27, 12, 25, 57][9, 31, 1, 59, 68, 11, 15, 42, 30, 24][48, 39, 65, 5, 37, 67, 27, 12, 25, 57][48, 39, 65, 5, 37, 67, 27, 12, 25, 57][56, 6, 47, 53, 7, 46, 40, 12, 27, 67] 
[24, 30, 42, 15, 11, 68, 59, 1, 31, 9, 49, 62, 21, 63, 6, 47, 40, 7, 4, 53, 46][51, 35, 41, 36, 45, 22, 13, 33, 50, 0, 2, 14, 61, 60][34, 58, 51, 57, 25, 12, 27, 67, 37, 5, 65, 39, 48][21, 62, 49, 9, 31, 1, 59, 68, 11, 15, 42, 30, 24][17, 55, 10, 28, 8, 52, 20, 43, 61, 44][20, 43, 61, 44, 60, 14, 2, 0, 23, 50][3, 66, 48, 29, 69, 38, 54, 19, 18, 32][56, 6, 47, 53, 7, 46, 40, 12, 27, 67][17, 55, 16, 26, 8, 28, 10, 52, 64, 51][56, 6, 47, 53, 7, 46, 40, 12, 27, 67][40, 4, 7, 46, 53, 47, 6, 21, 24, 62][16, 26, 49, 42, 24, 63, 30, 15, 11, 31][3, 66, 48, 29, 69, 38, 54, 19, 18, 32][48, 39, 65, 5, 37, 67, 27, 12, 25, 57][11, 68, 59, 1, 31, 9, 49, 62, 21, 63] 
[24, 30, 42, 15, 11, 68, 59, 1, 31, 9, 49, 62, 21, 63, 6, 47, 40, 7, 4, 53, 46][0, 3, 66, 48, 29, 69, 38, 54, 19, 18, 32][17, 55, 10, 28, 8, 52, 20, 43, 61, 44][20, 43, 61, 44, 60, 14, 2, 0, 23, 50][0, 50, 33, 13, 22, 45, 36, 41, 35, 51][5, 37, 67, 27, 12, 25, 57, 51, 58, 34][56, 6, 47, 53, 7, 46, 40, 12, 27, 67][9, 31, 1, 59, 68, 11, 15, 42, 30, 24][17, 55, 16, 26, 8, 28, 10, 52, 64, 51][56, 6, 47, 53, 7, 46, 40, 12, 27, 67][40, 4, 7, 46, 53, 47, 6, 21, 24, 62][16, 26, 49, 42, 24, 63, 30, 15, 11, 31][3, 66, 48, 29, 69, 38, 54, 19, 18, 32][48, 39, 65, 5, 37, 67, 27, 12, 25, 57][11, 68, 59, 1, 31, 9, 49, 62, 21, 63] 
[32, 18, 19, 54, 38, 69, 29, 48, 66, 3, 0, 2, 50, 13, 22, 33, 58, 41, 51, 57, 34][56, 6, 47, 53, 7, 46, 40, 12, 27, 67][48, 39, 65, 5, 37, 67, 27, 12, 25, 57][3, 66, 48, 29, 69, 38, 54, 19, 18, 32][40, 4, 7, 46, 53, 47, 6, 21, 24, 62][16, 26, 49, 42, 24, 63, 30, 15, 11, 31][17, 55, 16, 26, 8, 28, 10, 52, 64, 58][11, 68, 59, 1, 31, 9, 49, 62, 21, 63][17, 55, 16, 26, 8, 52, 64, 51, 34, 58][2, 50, 33, 13, 22, 45, 36, 41, 35, 51][33, 20, 43, 61, 44, 60, 14, 2, 23, 50][41, 36, 22, 13, 43, 61, 14, 2, 0, 50][3, 66, 48, 29, 69, 38, 54, 19, 18, 32][17, 55, 16, 26, 8, 52, 64, 51, 34, 58][3, 66, 48, 29, 69, 38, 54, 19, 18, 32] 
[48, 39, 65, 5, 37, 67, 27, 12, 25, 57, 51][11, 68, 59, 1, 31, 9, 49, 62, 21, 63][40, 4, 7, 46, 53, 47, 6, 21, 24, 62][20, 43, 61, 44, 60, 14, 2, 0, 23, 50][0, 50, 33, 13, 22, 45, 36, 41, 35, 51][3, 66, 48, 29, 69, 38, 54, 19, 18, 32][17, 55, 10, 28, 8, 52, 20, 43, 61, 44][56, 6, 47, 53, 7, 46, 40, 12, 27, 67][16, 26, 8, 28, 10, 52, 64, 51, 34, 58][9, 31, 1, 59, 68, 11, 15, 42, 30, 24][48, 39, 65, 5, 37, 67, 27, 12, 25, 57][9, 31, 1, 59, 68, 11, 15, 42, 30, 24][48, 39, 65, 5, 37, 67, 27, 12, 25, 57][48, 39, 65, 5, 37, 67, 27, 12, 25, 57][56, 6, 47, 53, 7, 46, 40, 12, 27, 67] 
[24, 30, 42, 15, 11, 68, 59, 1, 31, 9, 49, 62, 21, 63, 6, 47, 40, 7, 4, 53, 46][34, 58, 51, 57, 25, 12, 27, 67, 37, 5, 65, 39, 48][21, 62, 49, 9, 31, 1, 59, 68, 11, 15, 42, 30, 24][17, 55, 10, 28, 8, 52, 20, 43, 61, 44][20, 43, 61, 44, 60, 14, 2, 0, 23, 50][0, 50, 33, 13, 22, 45, 36, 41, 35, 51][3, 66, 48, 29, 69, 38, 54, 19, 18, 32][56, 6, 47, 53, 7, 46, 40, 12, 27, 67][17, 55, 16, 26, 8, 28, 10, 52, 64, 51][56, 6, 47, 53, 7, 46, 40, 12, 27, 67][40, 4, 7, 46, 53, 47, 6, 21, 24, 62][16, 26, 49, 42, 24, 63, 30, 15, 11, 31][3, 66, 48, 29, 69, 38, 54, 19, 18, 32][48, 39, 65, 5, 37, 67, 27, 12, 25, 57][11, 68, 59, 1, 31, 9, 49, 62, 21, 63] 
[24, 30, 42, 15, 11, 68, 59, 1, 31, 9, 49, 62, 21, 63, 6, 47, 40, 7, 4, 53, 46][17, 55, 10, 28, 8, 52, 20, 43, 61, 44][20, 43, 61, 44, 60, 14, 2, 0, 23, 50][0, 50, 33, 13, 22, 45, 36, 41, 35, 51][5, 37, 67, 27, 12, 25, 57, 51, 58, 34][3, 66, 48, 29, 69, 38, 54, 19, 18, 32][56, 6, 47, 53, 7, 46, 40, 12, 27, 67][9, 31, 1, 59, 68, 11, 15, 42, 30, 24][17, 55, 16, 26, 8, 28, 10, 52, 64, 51][56, 6, 47, 53, 7, 46, 40, 12, 27, 67][40, 4, 7, 46, 53, 47, 6, 21, 24, 62][16, 26, 49, 42, 24, 63, 30, 15, 11, 31][3, 66, 48, 29, 69, 38, 54, 19, 18, 32][48, 39, 65, 5, 37, 67, 27, 12, 25, 57][11, 68, 59, 1, 31, 9, 49, 62, 21, 63] 
[24, 30, 42, 15, 11, 68, 59, 1, 31, 9, 49, 62, 21, 63, 6, 47, 40, 7, 4, 53, 46][0, 3, 66, 48, 29, 69, 38, 54, 19, 18, 32][17, 55, 10, 28, 8, 52, 20, 43, 61, 44][20, 43, 61, 44, 60, 14, 2, 0, 23, 50][0, 50, 33, 13, 22, 45, 36, 41, 35, 51][5, 37, 67, 27, 12, 25, 57, 51, 58, 34][56, 6, 47, 53, 7, 46, 40, 12, 27, 67][9, 31, 1, 59, 68, 11, 15, 42, 30, 24][17, 55, 16, 26, 8, 28, 10, 52, 64, 51][56, 6, 47, 53, 7, 46, 40, 12, 27, 67][40, 4, 7, 46, 53, 47, 6, 21, 24, 62][16, 26, 49, 42, 24, 63, 30, 15, 11, 31][3, 66, 48, 29, 69, 38, 54, 19, 18, 32][48, 39, 65, 5, 37, 67, 27, 12, 25, 57][11, 68, 59, 1, 31, 9, 49, 62, 21, 63] 
[24, 30, 42, 15, 11, 68, 59, 1, 31, 9, 49, 62, 21, 63, 6, 47, 40, 7, 4, 53, 46][34, 58, 51, 57, 25, 12, 27, 67, 37, 5, 65, 39, 48][21, 62, 49, 9, 31, 1, 59, 68, 11, 15, 42, 30, 24][17, 55, 10, 28, 8, 52, 20, 43, 61, 44][20, 43, 61, 44, 60, 14, 2, 0, 23, 50][0, 50, 33, 13, 22, 45, 36, 41, 35, 51][3, 66, 48, 29, 69, 38, 54, 19, 18, 32][56, 6, 47, 53, 7, 46, 40, 12, 27, 67][17, 55, 16, 26, 8, 28, 10, 52, 64, 51][56, 6, 47, 53, 7, 46, 40, 12, 27, 67][40, 4, 7, 46, 53, 47, 6, 21, 24, 62][16, 26, 49, 42, 24, 63, 30, 15, 11, 31][3, 66, 48, 29, 69, 38, 54, 19, 18, 32][48, 39, 65, 5, 37, 67, 27, 12, 25, 57][11, 68, 59, 1, 31, 9, 49, 62, 21, 63] 
[24, 30, 42, 15, 11, 68, 59, 1, 31, 9, 49, 62, 21, 63, 6, 47, 40, 7, 4, 53, 46][13, 20, 43, 61, 44, 60, 14, 2, 0, 23, 50][17, 55, 10, 28, 8, 52, 20, 43, 61, 44][0, 50, 33, 13, 22, 45, 36, 41, 35, 51][5, 37, 67, 27, 12, 25, 57, 51, 58, 34][3, 66, 48, 29, 69, 38, 54, 19, 18, 32][56, 6, 47, 53, 7, 46, 40, 12, 27, 67][9, 31, 1, 59, 68, 11, 15, 42, 30, 24][17, 55, 16, 26, 8, 28, 10, 52, 64, 51][56, 6, 47, 53, 7, 46, 40, 12, 27, 67][40, 4, 7, 46, 53, 47, 6, 21, 24, 62][16, 26, 49, 42, 24, 63, 30, 15, 11, 31][3, 66, 48, 29, 69, 38, 54, 19, 18, 32][48, 39, 65, 5, 37, 67, 27, 12, 25, 57][11, 68, 59, 1, 31, 9, 49, 62, 21, 63] 
[34, 58, 51, 57, 25, 12, 27, 67, 37, 5, 65, 39, 48][23, 3, 66, 48, 29, 69, 38, 54, 19, 18, 32][17, 55, 16, 26, 8, 28, 10, 52, 64, 51][0, 50, 33, 13, 22, 45, 36, 41, 35, 51][20, 43, 61, 44, 60, 14, 2, 0, 23, 50][16, 26, 49, 42, 24, 63, 30, 15, 11, 31][40, 4, 7, 46, 53, 47, 6, 21, 24, 62][11, 68, 59, 1, 31, 9, 49, 62, 21, 63][56, 6, 47, 53, 7, 46, 40, 12, 27, 67][48, 39, 65, 5, 37, 67, 27, 12, 25, 57][3, 66, 48, 29, 69, 38, 54, 19, 18, 32][40, 4, 7, 46, 53, 47, 6, 21, 24, 62][3, 66, 48, 29, 69, 38, 54, 19, 18, 32][48, 39, 65, 5, 37, 67, 27, 12, 25, 57][48, 39, 65, 5, 37, 67, 27, 12, 25, 57] 
[43, 13, 33, 22, 36, 45, 34, 41, 51, 57, 25, 12, 27, 67, 37, 5, 65, 39, 48][11, 68, 59, 1, 31, 9, 49, 62, 21, 63][40, 4, 7, 46, 53, 47, 6, 21, 24, 62][20, 43, 61, 44, 60, 14, 2, 0, 23, 50][0, 50, 33, 13, 22, 45, 36, 41, 35, 51][3, 66, 48, 29, 69, 38, 54, 19, 18, 32][17, 55, 10, 28, 8, 52, 20, 43, 61, 44][56, 6, 47, 53, 7, 46, 40, 12, 27, 67][16, 26, 8, 28, 10, 52, 64, 51, 34, 58][9, 31, 1, 59, 68, 11, 15, 42, 30, 24][48, 39, 65, 5, 37, 67, 27, 12, 25, 57][9, 31, 1, 59, 68, 11, 15, 42, 30, 24][48, 39, 65, 5, 37, 67, 27, 12, 25, 57][48, 39, 65, 5, 37, 67, 27, 12, 25, 57][56, 6, 47, 53, 7, 46, 40, 12, 27, 67] 
[19, 3, 0, 2, 23, 50, 33, 43, 20, 13, 22, 38, 36, 41, 51, 35, 58, 34, 57, 25, 12, 27, 67, 37, 5, 65, 39, 48][34, 58, 51, 57, 25, 12, 27, 67, 37, 5, 65, 39, 48][23, 3, 66, 48, 29, 69, 38, 54, 19, 18, 32][17, 55, 16, 26, 8, 28, 10, 52, 64, 51][0, 50, 33, 13, 22, 45, 36, 41, 35, 51][20, 43, 61, 44, 60, 14, 2, 0, 23, 50][16, 26, 49, 42, 24, 63, 30, 15, 11, 31][40, 4, 7, 46, 53, 47, 6, 21, 24, 62][11, 68, 59, 1, 31, 9, 49, 62, 21, 63][56, 6, 47, 53, 7, 46, 40, 12, 27, 67][48, 39, 65, 5, 37, 67, 27, 12, 25, 57][3, 66, 48, 29, 69, 38, 54, 19, 18, 32][40, 4, 7, 46, 53, 47, 6, 21, 24, 62][3, 66, 48, 29, 69, 38, 54, 19, 18, 32][48, 39, 65, 5, 37, 67, 27, 12, 25, 57] 
[22, 33, 20, 43, 61, 60, 14, 2, 23, 50][2, 50, 33, 13, 22, 45, 36, 41, 35, 51][17, 55, 16, 26, 8, 52, 64, 51, 34, 58][16, 26, 49, 42, 24, 63, 30, 15, 11, 31][40, 4, 7, 46, 53, 47, 6, 21, 24, 62][56, 6, 47, 53, 7, 46, 40, 12, 27, 67][48, 39, 65, 5, 37, 67, 27, 12, 25, 57][3, 66, 48, 29, 69, 38, 54, 19, 18, 32][9, 31, 1, 59, 68, 11, 15, 42, 30, 24][17, 55, 16, 26, 8, 28, 10, 52, 64, 58][41, 36, 22, 33, 43, 61, 44, 14, 2, 50][41, 36, 22, 13, 43, 61, 14, 2, 0, 50][3, 66, 48, 29, 69, 38, 54, 19, 18, 32][48, 39, 65, 5, 37, 67, 27, 12, 25, 57][11, 59, 1, 9, 49, 62, 21, 63, 24, 30] 
[22, 33, 20, 43, 61, 60, 14, 2, 23, 50][2, 50, 33, 13, 22, 45, 36, 41, 35, 51][17, 55, 16, 26, 8, 52, 64, 51, 34, 58][16, 26, 49, 42, 24, 63, 30, 15, 11, 31][40, 4, 7, 46, 53, 47, 6, 21, 24, 62][56, 6, 47, 53, 7, 46, 40, 12, 27, 67][48, 39, 65, 5, 37, 67, 27, 12, 25, 57][3, 66, 48, 29, 69, 38, 54, 19, 18, 32][9, 31, 1, 59, 68, 11, 15, 42, 30, 24][17, 55, 16, 26, 8, 28, 10, 52, 64, 58][41, 36, 22, 33, 43, 61, 44, 14, 2, 50][41, 36, 22, 13, 43, 61, 14, 2, 0, 50][3, 66, 48, 29, 69, 38, 54, 19, 18, 32][48, 39, 65, 5, 37, 67, 27, 12, 25, 57][11, 59, 1, 9, 49, 62, 21, 63, 24, 30] 
[22, 33, 20, 43, 61, 60, 14, 2, 23, 50][2, 50, 33, 13, 22, 45, 36, 41, 35, 51][17, 55, 16, 26, 8, 52, 64, 51, 34, 58][16, 26, 49, 42, 24, 63, 30, 15, 11, 31][40, 4, 7, 46, 53, 47, 6, 21, 24, 62][56, 6, 47, 53, 7, 46, 40, 12, 27, 67][48, 39, 65, 5, 37, 67, 27, 12, 25, 57][3, 66, 48, 29, 69, 38, 54, 19, 18, 32][9, 31, 1, 59, 68, 11, 15, 42, 30, 24][17, 55, 16, 26, 8, 28, 10, 52, 64, 58][41, 36, 22, 33, 43, 61, 44, 14, 2, 50][41, 36, 22, 13, 43, 61, 14, 2, 0, 50][11, 59, 1, 9, 49, 62, 21, 63, 24, 30][48, 39, 65, 5, 37, 67, 27, 12, 25, 57][48, 39, 65, 5, 37, 67, 27, 12, 25, 57] 
[22, 33, 20, 43, 61, 60, 14, 2, 23, 50][2, 50, 33, 13, 22, 45, 36, 41, 35, 51][17, 55, 16, 26, 8, 52, 64, 51, 34, 58][16, 26, 49, 42, 24, 63, 30, 15, 11, 31][40, 4, 7, 46, 53, 47, 6, 21, 24, 62][56, 6, 47, 53, 7, 46, 40, 12, 27, 67][48, 39, 65, 5, 37, 67, 27, 12, 25, 57][3, 66, 48, 29, 69, 38, 54, 19, 18, 32][9, 31, 1, 59, 68, 11, 15, 42, 30, 24][17, 55, 16, 26, 8, 28, 10, 52, 64, 58][41, 36, 22, 33, 43, 61, 44, 14, 2, 50][41, 36, 22, 13, 43, 61, 14, 2, 0, 50][3, 66, 48, 29, 69, 38, 54, 19, 18, 32][48, 39, 65, 5, 37, 67, 27, 12, 25, 57][11, 59, 1, 9, 49, 62, 21, 63, 24, 30] 
[22, 33, 20, 43, 61, 60, 14, 2, 23, 50][2, 50, 33, 13, 22, 45, 36, 41, 35, 51][17, 55, 16, 26, 8, 52, 64, 51, 34, 58][16, 26, 49, 42, 24, 63, 30, 15, 11, 31][40, 4, 7, 46, 53, 47, 6, 21, 24, 62][56, 6, 47, 53, 7, 46, 40, 12, 27, 67][48, 39, 65, 5, 37, 67, 27, 12, 25, 57][3, 66, 48, 29, 69, 38, 54, 19, 18, 32][9, 31, 1, 59, 68, 11, 15, 42, 30, 24][17, 55, 16, 26, 8, 28, 10, 52, 64, 58][41, 36, 22, 33, 43, 61, 44, 14, 2, 50][41, 36, 22, 13, 43, 61, 14, 2, 0, 50][3, 66, 48, 29, 69, 38, 54, 19, 18, 32][48, 39, 65, 5, 37, 67, 27, 12, 25, 57][11, 59, 1, 9, 49, 62, 21, 63, 24, 30] 
[22, 33, 20, 43, 61, 60, 14, 2, 23, 50][2, 50, 33, 13, 22, 45, 36, 41, 35, 51][17, 55, 16, 26, 8, 52, 64, 51, 34, 58][16, 26, 49, 42, 24, 63, 30, 15, 11, 31][40, 4, 7, 46, 53, 47, 6, 21, 24, 62][56, 6, 47, 53, 7, 46, 40, 12, 27, 67][48, 39, 65, 5, 37, 67, 27, 12, 25, 57][3, 66, 48, 29, 69, 38, 54, 19, 18, 32][9, 31, 1, 59, 68, 11, 15, 42, 30, 24][17, 55, 16, 26, 8, 28, 10, 52, 64, 58][41, 36, 22, 33, 43, 61, 44, 14, 2, 50][41, 36, 22, 13, 43, 61, 14, 2, 0, 50][3, 66, 48, 29, 69, 38, 54, 19, 18, 32][48, 39, 65, 5, 37, 67, 27, 12, 25, 57][11, 59, 1, 9, 49, 62, 21, 63, 24, 30] 
[22, 33, 20, 43, 61, 60, 14, 2, 23, 50][2, 50, 33, 13, 22, 45, 36, 41, 35, 51][17, 55, 16, 26, 8, 52, 64, 51, 34, 58][16, 26, 49, 42, 24, 63, 30, 15, 11, 31][40, 4, 7, 46, 53, 47, 6, 21, 24, 62][56, 6, 47, 53, 7, 46, 40, 12, 27, 67][48, 39, 65, 5, 37, 67, 27, 12, 25, 57][3, 66, 48, 29, 69, 38, 54, 19, 18, 32][9, 31, 1, 59, 68, 11, 15, 42, 30, 24][17, 55, 16, 26, 8, 28, 10, 52, 64, 58][41, 36, 22, 33, 43, 61, 44, 14, 2, 50][41, 36, 22, 13, 43, 61, 14, 2, 0, 50][3, 66, 48, 29, 69, 38, 54, 19, 18, 32][48, 39, 65, 5, 37, 67, 27, 12, 25, 57][11, 59, 1, 9, 49, 62, 21, 63, 24, 30] 
[22, 33, 20, 43, 61, 60, 14, 2, 23, 50][2, 50, 33, 13, 22, 45, 36, 41, 35, 51][17, 55, 16, 26, 8, 52, 64, 51, 34, 58][16, 26, 49, 42, 24, 63, 30, 15, 11, 31][40, 4, 7, 46, 53, 47, 6, 21, 24, 62][56, 6, 47, 53, 7, 46, 40, 12, 27, 67][48, 39, 65, 5, 37, 67, 27, 12, 25, 57][3, 66, 48, 29, 69, 38, 54, 19, 18, 32][9, 31, 1, 59, 68, 11, 15, 42, 30, 24][17, 55, 16, 26, 8, 28, 10, 52, 64, 58][41, 36, 22, 33, 43, 61, 44, 14, 2, 50][41, 36, 22, 13, 43, 61, 14, 2, 0, 50][3, 66, 48, 29, 69, 38, 54, 19, 18, 32][48, 39, 65, 5, 37, 67, 27, 12, 25, 57][11, 59, 1, 9, 49, 62, 21, 63, 24, 30] 
[22, 33, 20, 43, 61, 60, 14, 2, 23, 50][2, 50, 33, 13, 22, 45, 36, 41, 35, 51][17, 55, 16, 26, 8, 52, 64, 51, 34, 58][16, 26, 49, 42, 24, 63, 30, 15, 11, 31][40, 4, 7, 46, 53, 47, 6, 21, 24, 62][56, 6, 47, 53, 7, 46, 40, 12, 27, 67][48, 39, 65, 5, 37, 67, 27, 12, 25, 57][3, 66, 48, 29, 69, 38, 54, 19, 18, 32][9, 31, 1, 59, 68, 11, 15, 42, 30, 24][17, 55, 16, 26, 8, 28, 10, 52, 64, 58][41, 36, 22, 33, 43, 61, 44, 14, 2, 50][41, 36, 22, 13, 43, 61, 14, 2, 0, 50][3, 66, 48, 29, 69, 38, 54, 19, 18, 32][48, 39, 65, 5, 37, 67, 27, 12, 25, 57][11, 59, 1, 9, 49, 62, 21, 63, 24, 30] 
[22, 33, 20, 43, 61, 60, 14, 2, 23, 50][2, 50, 33, 13, 22, 45, 36, 41, 35, 51][17, 55, 16, 26, 8, 52, 64, 51, 34, 58][16, 26, 49, 42, 24, 63, 30, 15, 11, 31][40, 4, 7, 46, 53, 47, 6, 21, 24, 62][56, 6, 47, 53, 7, 46, 40, 12, 27, 67][48, 39, 65, 5, 37, 67, 27, 12, 25, 57][3, 66, 48, 29, 69, 38, 54, 19, 18, 32][9, 31, 1, 59, 68, 11, 15, 42, 30, 24][17, 55, 16, 26, 8, 28, 10, 52, 64, 58][41, 36, 22, 33, 43, 61, 44, 14, 2, 50][41, 36, 22, 13, 43, 61, 14, 2, 0, 50][3, 66, 48, 29, 69, 38, 54, 19, 18, 32][48, 39, 65, 5, 37, 67, 27, 12, 25, 57][11, 59, 1, 9, 49, 62, 21, 63, 24, 30] 
[41, 36, 22, 33, 43, 61, 44, 14, 2, 23, 50][41, 36, 22, 13, 43, 61, 14, 2, 0, 50][2, 50, 33, 13, 22, 45, 36, 41, 35, 51][17, 55, 16, 26, 8, 52, 64, 51, 34, 58][16, 26, 49, 42, 24, 63, 30, 15, 11, 31][40, 4, 7, 46, 53, 47, 6, 21, 24, 62][56, 6, 47, 53, 7, 46, 40, 12, 27, 67][48, 39, 65, 5, 37, 67, 27, 12, 25, 57][3, 66, 48, 29, 69, 38, 54, 19, 18, 32][9, 31, 1, 59, 68, 11, 15, 42, 30, 24][17, 55, 16, 26, 8, 28, 10, 52, 64, 58][22, 33, 20, 43, 61, 60, 14, 2, 23, 50][56, 6, 47, 53, 7, 46, 40, 12, 27, 67][56, 6, 47, 53, 7, 46, 40, 12, 27, 67][11, 59, 1, 9, 49, 62, 21, 63, 24, 30] 
[22, 33, 20, 43, 61, 60, 14, 2, 23, 50][2, 50, 33, 13, 22, 45, 36, 41, 35, 51][17, 55, 16, 26, 8, 52, 64, 51, 34, 58][16, 26, 49, 42, 24, 63, 30, 15, 11, 31][40, 4, 7, 46, 53, 47, 6, 21, 24, 62][56, 6, 47, 53, 7, 46, 40, 12, 27, 67][48, 39, 65, 5, 37, 67, 27, 12, 25, 57][3, 66, 48, 29, 69, 38, 54, 19, 18, 32][9, 31, 1, 59, 68, 11, 15, 42, 30, 24][17, 55, 16, 26, 8, 28, 10, 52, 64, 58][41, 36, 22, 33, 43, 61, 44, 14, 2, 50][41, 36, 22, 13, 43, 61, 14, 2, 0, 50][3, 66, 48, 29, 69, 38, 54, 19, 18, 32][48, 39, 65, 5, 37, 67, 27, 12, 25, 57][11, 59, 1, 9, 49, 62, 21, 63, 24, 30] 
[22, 33, 20, 43, 61, 60, 14, 2, 23, 50][2, 50, 33, 13, 22, 45, 36, 41, 35, 51][17, 55, 16, 26, 8, 52, 64, 51, 34, 58][16, 26, 49, 42, 24, 63, 30, 15, 11, 31][40, 4, 7, 46, 53, 47, 6, 21, 24, 62][56, 6, 47, 53, 7, 46, 40, 12, 27, 67][48, 39, 65, 5, 37, 67, 27, 12, 25, 57][3, 66, 48, 29, 69, 38, 54, 19, 18, 32][9, 31, 1, 59, 68, 11, 15, 42, 30, 24][17, 55, 16, 26, 8, 28, 10, 52, 64, 58][41, 36, 22, 33, 43, 61, 44, 14, 2, 50][41, 36, 22, 13, 43, 61, 14, 2, 0, 50][3, 66, 48, 29, 69, 38, 54, 19, 18, 32][48, 39, 65, 5, 37, 67, 27, 12, 25, 57][11, 59, 1, 9, 49, 62, 21, 63, 24, 30] 
[22, 33, 20, 43, 61, 60, 14, 2, 23, 50][2, 50, 33, 13, 22, 45, 36, 41, 35, 51][17, 55, 16, 26, 8, 52, 64, 51, 34, 58][16, 26, 49, 42, 24, 63, 30, 15, 11, 31][40, 4, 7, 46, 53, 47, 6, 21, 24, 62][56, 6, 47, 53, 7, 46, 40, 12, 27, 67][48, 39, 65, 5, 37, 67, 27, 12, 25, 57][3, 66, 48, 29, 69, 38, 54, 19, 18, 32][9, 31, 1, 59, 68, 11, 15, 42, 30, 24][17, 55, 16, 26, 8, 28, 10, 52, 64, 58][41, 36, 22, 33, 43, 61, 44, 14, 2, 50][41, 36, 22, 13, 43, 61, 14, 2, 0, 50][3, 66, 48, 29, 69, 38, 54, 19, 18, 32][48, 39, 65, 5, 37, 67, 27, 12, 25, 57][11, 59, 1, 9, 49, 62, 21, 63, 24, 30] 
[22, 33, 20, 43, 61, 60, 14, 2, 23, 50][2, 50, 33, 13, 22, 45, 36, 41, 35, 51][17, 55, 16, 26, 8, 52, 64, 51, 34, 58][16, 26, 49, 42, 24, 63, 30, 15, 11, 31][40, 4, 7, 46, 53, 47, 6, 21, 24, 62][56, 6, 47, 53, 7, 46, 40, 12, 27, 67][48, 39, 65, 5, 37, 67, 27, 12, 25, 57][3, 66, 48, 29, 69, 38, 54, 19, 18, 32][9, 31, 1, 59, 68, 11, 15, 42, 30, 24][17, 55, 16, 26, 8, 28, 10, 52, 64, 58][41, 36, 22, 33, 43, 61, 44, 14, 2, 50][41, 36, 22, 13, 43, 61, 14, 2, 0, 50][3, 66, 48, 29, 69, 38, 54, 19, 18, 32][48, 39, 65, 5, 37, 67, 27, 12, 25, 57][11, 59, 1, 9, 49, 62, 21, 63, 24, 30] 
[41, 36, 22, 13, 43, 61, 14, 2, 0, 50][41, 36, 22, 33, 43, 61, 44, 14, 2, 50][2, 50, 33, 13, 22, 45, 36, 41, 35, 51][17, 55, 16, 26, 8, 52, 64, 51, 34, 58][16, 26, 49, 42, 24, 63, 30, 15, 11, 31][40, 4, 7, 46, 53, 47, 6, 21, 24, 62][56, 6, 47, 53, 7, 46, 40, 12, 27, 67][48, 39, 65, 5, 37, 67, 27, 12, 25, 57][3, 66, 48, 29, 69, 38, 54, 19, 18, 32][9, 31, 1, 59, 68, 11, 15, 42, 30, 24][17, 55, 16, 26, 8, 28, 10, 52, 64, 58][22, 33, 20, 43, 61, 60, 14, 2, 23, 50][56, 6, 47, 53, 7, 46, 40, 12, 27, 67][56, 6, 47, 53, 7, 46, 40, 12, 27, 67][11, 59, 1, 9, 49, 62, 21, 63, 24, 30] 
[41, 36, 22, 13, 43, 61, 14, 2, 0, 50][41, 36, 22, 33, 43, 61, 44, 14, 2, 50][2, 50, 33, 13, 22, 45, 36, 41, 35, 51][17, 55, 16, 26, 8, 52, 64, 51, 34, 58][16, 26, 49, 42, 24, 63, 30, 15, 11, 31][40, 4, 7, 46, 53, 47, 6, 21, 24, 62][56, 6, 47, 53, 7, 46, 40, 12, 27, 67][48, 39, 65, 5, 37, 67, 27, 12, 25, 57][3, 66, 48, 29, 69, 38, 54, 19, 18, 32][9, 31, 1, 59, 68, 11, 15, 42, 30, 24][17, 55, 16, 26, 8, 28, 10, 52, 64, 58][22, 33, 20, 43, 61, 60, 14, 2, 23, 50][56, 6, 47, 53, 7, 46, 40, 12, 27, 67][56, 6, 47, 53, 7, 46, 40, 12, 27, 67][11, 59, 1, 9, 49, 62, 21, 63, 24, 30] 
[41, 36, 22, 13, 43, 61, 14, 2, 0, 50][41, 36, 22, 33, 43, 61, 44, 14, 2, 50][2, 50, 33, 13, 22, 45, 36, 41, 35, 51][17, 55, 16, 26, 8, 52, 64, 51, 34, 58][16, 26, 49, 42, 24, 63, 30, 15, 11, 31][40, 4, 7, 46, 53, 47, 6, 21, 24, 62][56, 6, 47, 53, 7, 46, 40, 12, 27, 67][48, 39, 65, 5, 37, 67, 27, 12, 25, 57][3, 66, 48, 29, 69, 38, 54, 19, 18, 32][9, 31, 1, 59, 68, 11, 15, 42, 30, 24][17, 55, 16, 26, 8, 28, 10, 52, 64, 58][22, 33, 20, 43, 61, 60, 14, 2, 23, 50][56, 6, 47, 53, 7, 46, 40, 12, 27, 67][56, 6, 47, 53, 7, 46, 40, 12, 27, 67][11, 59, 1, 9, 49, 62, 21, 63, 24, 30] 
[41, 36, 22, 13, 43, 61, 14, 2, 0, 50][41, 36, 22, 33, 43, 61, 44, 14, 2, 50][2, 50, 33, 13, 22, 45, 36, 41, 35, 51][17, 55, 16, 26, 8, 52, 64, 51, 34, 58][16, 26, 49, 42, 24, 63, 30, 15, 11, 31][40, 4, 7, 46, 53, 47, 6, 21, 24, 62][56, 6, 47, 53, 7, 46, 40, 12, 27, 67][48, 39, 65, 5, 37, 67, 27, 12, 25, 57][3, 66, 48, 29, 69, 38, 54, 19, 18, 32][9, 31, 1, 59, 68, 11, 15, 42, 30, 24][17, 55, 16, 26, 8, 28, 10, 52, 64, 58][22, 33, 20, 43, 61, 60, 14, 2, 23, 50][56, 6, 47, 53, 7, 46, 40, 12, 27, 67][56, 6, 47, 53, 7, 46, 40, 12, 27, 67][11, 59, 1, 9, 49, 62, 21, 63, 24, 30] 
[41, 36, 22, 13, 43, 61, 14, 2, 0, 50][41, 36, 22, 33, 43, 61, 44, 14, 2, 50][2, 50, 33, 13, 22, 45, 36, 41, 35, 51][17, 55, 16, 26, 8, 52, 64, 51, 34, 58][16, 26, 49, 42, 24, 63, 30, 15, 11, 31][40, 4, 7, 46, 53, 47, 6, 21, 24, 62][56, 6, 47, 53, 7, 46, 40, 12, 27, 67][48, 39, 65, 5, 37, 67, 27, 12, 25, 57][3, 66, 48, 29, 69, 38, 54, 19, 18, 32][9, 31, 1, 59, 68, 11, 15, 42, 30, 24][17, 55, 16, 26, 8, 28, 10, 52, 64, 58][22, 33, 20, 43, 61, 60, 14, 2, 23, 50][56, 6, 47, 53, 7, 46, 40, 12, 27, 67][56, 6, 47, 53, 7, 46, 40, 12, 27, 67][11, 59, 1, 9, 49, 62, 21, 63, 24, 30] 
[41, 36, 22, 13, 43, 61, 14, 2, 0, 50][41, 36, 22, 33, 43, 61, 44, 14, 2, 50][2, 50, 33, 13, 22, 45, 36, 41, 35, 51][17, 55, 16, 26, 8, 52, 64, 51, 34, 58][16, 26, 49, 42, 24, 63, 30, 15, 11, 31][40, 4, 7, 46, 53, 47, 6, 21, 24, 62][56, 6, 47, 53, 7, 46, 40, 12, 27, 67][48, 39, 65, 5, 37, 67, 27, 12, 25, 57][3, 66, 48, 29, 69, 38, 54, 19, 18, 32][9, 31, 1, 59, 68, 11, 15, 42, 30, 24][17, 55, 16, 26, 8, 28, 10, 52, 64, 58][22, 33, 20, 43, 61, 60, 14, 2, 23, 50][56, 6, 47, 53, 7, 46, 40, 12, 27, 67][56, 6, 47, 53, 7, 46, 40, 12, 27, 67][11, 59, 1, 9, 49, 62, 21, 63, 24, 30] 
[22, 33, 20, 43, 61, 60, 14, 2, 23, 50][2, 50, 33, 13, 22, 45, 36, 41, 35, 51][17, 55, 16, 26, 8, 52, 64, 51, 34, 58][16, 26, 49, 42, 24, 63, 30, 15, 11, 31][40, 4, 7, 46, 53, 47, 6, 21, 24, 62][56, 6, 47, 53, 7, 46, 40, 12, 27, 67][48, 39, 65, 5, 37, 67, 27, 12, 25, 57][3, 66, 48, 29, 69, 38, 54, 19, 18, 32][9, 31, 1, 59, 68, 11, 15, 42, 30, 24][17, 55, 16, 26, 8, 28, 10, 52, 64, 58][41, 36, 22, 33, 43, 61, 44, 14, 2, 50][41, 36, 22, 13, 43, 61, 14, 2, 0, 50][3, 66, 48, 29, 69, 38, 54, 19, 18, 32][48, 39, 65, 5, 37, 67, 27, 12, 25, 57][11, 59, 1, 9, 49, 62, 21, 63, 24, 30] 
[22, 33, 20, 43, 61, 60, 14, 2, 23, 50][2, 50, 33, 13, 22, 45, 36, 41, 35, 51][17, 55, 16, 26, 8, 52, 64, 51, 34, 58][16, 26, 49, 42, 24, 63, 30, 15, 11, 31][40, 4, 7, 46, 53, 47, 6, 21, 24, 62][56, 6, 47, 53, 7, 46, 40, 12, 27, 67][48, 39, 65, 5, 37, 67, 27, 12, 25, 57][3, 66, 48, 29, 69, 38, 54, 19, 18, 32][9, 31, 1, 59, 68, 11, 15, 42, 30, 24][17, 55, 16, 26, 8, 28, 10, 52, 64, 58][41, 36, 22, 33, 43, 61, 44, 14, 2, 50][41, 36, 22, 13, 43, 61, 14, 2, 0, 50][3, 66, 48, 29, 69, 38, 54, 19, 18, 32][48, 39, 65, 5, 37, 67, 27, 12, 25, 57][11, 59, 1, 9, 49, 62, 21, 63, 24, 30] 
[22, 33, 20, 43, 61, 60, 14, 2, 23, 50][2, 50, 33, 13, 22, 45, 36, 41, 35, 51][17, 55, 16, 26, 8, 52, 64, 51, 34, 58][16, 26, 49, 42, 24, 63, 30, 15, 11, 31][40, 4, 7, 46, 53, 47, 6, 21, 24, 62][56, 6, 47, 53, 7, 46, 40, 12, 27, 67][48, 39, 65, 5, 37, 67, 27, 12, 25, 57][3, 66, 48, 29, 69, 38, 54, 19, 18, 32][9, 31, 1, 59, 68, 11, 15, 42, 30, 24][17, 55, 16, 26, 8, 28, 10, 52, 64, 58][41, 36, 22, 33, 43, 61, 44, 14, 2, 50][41, 36, 22, 13, 43, 61, 14, 2, 0, 50][3, 66, 48, 29, 69, 38, 54, 19, 18, 32][48, 39, 65, 5, 37, 67, 27, 12, 25, 57][11, 59, 1, 9, 49, 62, 21, 63, 24, 30] 
[22, 33, 20, 43, 61, 60, 14, 2, 23, 50][2, 50, 33, 13, 22, 45, 36, 41, 35, 51][17, 55, 16, 26, 8, 52, 64, 51, 34, 58][16, 26, 49, 42, 24, 63, 30, 15, 11, 31][40, 4, 7, 46, 53, 47, 6, 21, 24, 62][56, 6, 47, 53, 7, 46, 40, 12, 27, 67][48, 39, 65, 5, 37, 67, 27, 12, 25, 57][3, 66, 48, 29, 69, 38, 54, 19, 18, 32][9, 31, 1, 59, 68, 11, 15, 42, 30, 24][17, 55, 16, 26, 8, 28, 10, 52, 64, 58][41, 36, 22, 33, 43, 61, 44, 14, 2, 50][41, 36, 22, 13, 43, 61, 14, 2, 0, 50][3, 66, 48, 29, 69, 38, 54, 19, 18, 32][48, 39, 65, 5, 37, 67, 27, 12, 25, 57][11, 59, 1, 9, 49, 62, 21, 63, 24, 30] 
[22, 33, 20, 43, 61, 60, 14, 2, 23, 50][2, 50, 33, 13, 22, 45, 36, 41, 35, 51][17, 55, 16, 26, 8, 52, 64, 51, 34, 58][16, 26, 49, 42, 24, 63, 30, 15, 11, 31][40, 4, 7, 46, 53, 47, 6, 21, 24, 62][56, 6, 47, 53, 7, 46, 40, 12, 27, 67][48, 39, 65, 5, 37, 67, 27, 12, 25, 57][3, 66, 48, 29, 69, 38, 54, 19, 18, 32][9, 31, 1, 59, 68, 11, 15, 42, 30, 24][17, 55, 16, 26, 8, 28, 10, 52, 64, 58][41, 36, 22, 33, 43, 61, 44, 14, 2, 50][41, 36, 22, 13, 43, 61, 14, 2, 0, 50][3, 66, 48, 29, 69, 38, 54, 19, 18, 32][48, 39, 65, 5, 37, 67, 27, 12, 25, 57][11, 59, 1, 9, 49, 62, 21, 63, 24, 30] 
[22, 33, 20, 43, 61, 60, 14, 2, 23, 50][2, 50, 33, 13, 22, 45, 36, 41, 35, 51][17, 55, 16, 26, 8, 52, 64, 51, 34, 58][16, 26, 49, 42, 24, 63, 30, 15, 11, 31][40, 4, 7, 46, 53, 47, 6, 21, 24, 62][9, 31, 1, 59, 68, 11, 15, 42, 30, 24][56, 6, 47, 53, 7, 46, 40, 12, 27, 67][48, 39, 65, 5, 37, 67, 27, 12, 25, 57][3, 66, 48, 29, 69, 38, 54, 19, 18, 32][17, 55, 16, 26, 8, 28, 10, 52, 64, 58][41, 36, 22, 33, 43, 61, 44, 14, 2, 50][41, 36, 22, 13, 43, 61, 14, 2, 0, 50][11, 59, 1, 9, 49, 62, 21, 63, 24, 30][56, 6, 47, 53, 7, 46, 40, 12, 27, 67][48, 39, 65, 5, 37, 67, 27, 12, 25, 57] 
[22, 33, 20, 43, 61, 60, 14, 2, 23, 50][2, 50, 33, 13, 22, 45, 36, 41, 35, 51][17, 55, 16, 26, 8, 52, 64, 51, 34, 58][16, 26, 49, 42, 24, 63, 30, 15, 11, 31][40, 4, 7, 46, 53, 47, 6, 21, 24, 62][9, 31, 1, 59, 68, 11, 15, 42, 30, 24][56, 6, 47, 53, 7, 46, 40, 12, 27, 67][48, 39, 65, 5, 37, 67, 27, 12, 25, 57][3, 66, 48, 29, 69, 38, 54, 19, 18, 32][17, 55, 16, 26, 8, 28, 10, 52, 64, 58][41, 36, 22, 33, 43, 61, 44, 14, 2, 50][41, 36, 22, 13, 43, 61, 14, 2, 0, 50][11, 59, 1, 9, 49, 62, 21, 63, 24, 30][56, 6, 47, 53, 7, 46, 40, 12, 27, 67][48, 39, 65, 5, 37, 67, 27, 12, 25, 57] 
[41, 36, 22, 13, 43, 61, 14, 2, 0, 50][41, 36, 22, 33, 43, 61, 44, 14, 2, 50][2, 50, 33, 13, 22, 45, 36, 41, 35, 51][17, 55, 16, 26, 8, 52, 64, 51, 34, 58][16, 26, 49, 42, 24, 63, 30, 15, 11, 31][40, 4, 7, 46, 53, 47, 6, 21, 24, 62][56, 6, 47, 53, 7, 46, 40, 12, 27, 67][48, 39, 65, 5, 37, 67, 27, 12, 25, 57][3, 66, 48, 29, 69, 38, 54, 19, 18, 32][9, 31, 1, 59, 68, 11, 15, 42, 30, 24][17, 55, 16, 26, 8, 28, 10, 52, 64, 58][22, 33, 20, 43, 61, 60, 14, 2, 23, 50][56, 6, 47, 53, 7, 46, 40, 12, 27, 67][56, 6, 47, 53, 7, 46, 40, 12, 27, 67][11, 59, 1, 9, 49, 62, 21, 63, 24, 30] 
[41, 36, 22, 13, 43, 61, 14, 2, 0, 50][41, 36, 22, 33, 43, 61, 44, 14, 2, 50][2, 50, 33, 13, 22, 45, 36, 41, 35, 51][17, 55, 16, 26, 8, 52, 64, 51, 34, 58][16, 26, 49, 42, 24, 63, 30, 15, 11, 31][40, 4, 7, 46, 53, 47, 6, 21, 24, 62][56, 6, 47, 53, 7, 46, 40, 12, 27, 67][48, 39, 65, 5, 37, 67, 27, 12, 25, 57][3, 66, 48, 29, 69, 38, 54, 19, 18, 32][9, 31, 1, 59, 68, 11, 15, 42, 30, 24][17, 55, 16, 26, 8, 28, 10, 52, 64, 58][22, 33, 20, 43, 61, 60, 14, 2, 23, 50][56, 6, 47, 53, 7, 46, 40, 12, 27, 67][56, 6, 47, 53, 7, 46, 40, 12, 27, 67][11, 59, 1, 9, 49, 62, 21, 63, 24, 30] 
[41, 36, 22, 13, 43, 61, 14, 2, 0, 50][41, 36, 22, 33, 43, 61, 44, 14, 2, 50][2, 50, 33, 13, 22, 45, 36, 41, 35, 51][17, 55, 16, 26, 8, 52, 64, 51, 34, 58][16, 26, 49, 42, 24, 63, 30, 15, 11, 31][40, 4, 7, 46, 53, 47, 6, 21, 24, 62][56, 6, 47, 53, 7, 46, 40, 12, 27, 67][48, 39, 65, 5, 37, 67, 27, 12, 25, 57][3, 66, 48, 29, 69, 38, 54, 19, 18, 32][9, 31, 1, 59, 68, 11, 15, 42, 30, 24][17, 55, 16, 26, 8, 28, 10, 52, 64, 58][22, 33, 20, 43, 61, 60, 14, 2, 23, 50][56, 6, 47, 53, 7, 46, 40, 12, 27, 67][56, 6, 47, 53, 7, 46, 40, 12, 27, 67][11, 59, 1, 9, 49, 62, 21, 63, 24, 30] 
[41, 36, 22, 13, 43, 61, 14, 2, 0, 50][41, 36, 22, 33, 43, 61, 44, 14, 2, 50][2, 50, 33, 13, 22, 45, 36, 41, 35, 51][17, 55, 16, 26, 8, 52, 64, 51, 34, 58][16, 26, 49, 42, 24, 63, 30, 15, 11, 31][40, 4, 7, 46, 53, 47, 6, 21, 24, 62][56, 6, 47, 53, 7, 46, 40, 12, 27, 67][48, 39, 65, 5, 37, 67, 27, 12, 25, 57][3, 66, 48, 29, 69, 38, 54, 19, 18, 32][9, 31, 1, 59, 68, 11, 15, 42, 30, 24][17, 55, 16, 26, 8, 28, 10, 52, 64, 58][22, 33, 20, 43, 61, 60, 14, 2, 23, 50][56, 6, 47, 53, 7, 46, 40, 12, 27, 67][56, 6, 47, 53, 7, 46, 40, 12, 27, 67][11, 59, 1, 9, 49, 62, 21, 63, 24, 30] 
[41, 36, 22, 13, 43, 61, 14, 2, 0, 50][41, 36, 22, 33, 43, 61, 44, 14, 2, 50][2, 50, 33, 13, 22, 45, 36, 41, 35, 51][17, 55, 16, 26, 8, 52, 64, 51, 34, 58][16, 26, 49, 42, 24, 63, 30, 15, 11, 31][40, 4, 7, 46, 53, 47, 6, 21, 24, 62][56, 6, 47, 53, 7, 46, 40, 12, 27, 67][48, 39, 65, 5, 37, 67, 27, 12, 25, 57][3, 66, 48, 29, 69, 38, 54, 19, 18, 32][9, 31, 1, 59, 68, 11, 15, 42, 30, 24][17, 55, 16, 26, 8, 28, 10, 52, 64, 58][22, 33, 20, 43, 61, 60, 14, 2, 23, 50][56, 6, 47, 53, 7, 46, 40, 12, 27, 67][56, 6, 47, 53, 7, 46, 40, 12, 27, 67][11, 59, 1, 9, 49, 62, 21, 63, 24, 30] 
[41, 36, 22, 13, 43, 61, 14, 2, 0, 50][41, 36, 22, 33, 43, 61, 44, 14, 2, 50][2, 50, 33, 13, 22, 45, 36, 41, 35, 51][17, 55, 16, 26, 8, 52, 64, 51, 34, 58][16, 26, 49, 42, 24, 63, 30, 15, 11, 31][40, 4, 7, 46, 53, 47, 6, 21, 24, 62][56, 6, 47, 53, 7, 46, 40, 12, 27, 67][48, 39, 65, 5, 37, 67, 27, 12, 25, 57][3, 66, 48, 29, 69, 38, 54, 19, 18, 32][9, 31, 1, 59, 68, 11, 15, 42, 30, 24][17, 55, 16, 26, 8, 28, 10, 52, 64, 58][22, 33, 20, 43, 61, 60, 14, 2, 23, 50][56, 6, 47, 53, 7, 46, 40, 12, 27, 67][56, 6, 47, 53, 7, 46, 40, 12, 27, 67][11, 59, 1, 9, 49, 62, 21, 63, 24, 30] 
[41, 36, 22, 13, 43, 61, 14, 2, 0, 50][41, 36, 22, 33, 43, 61, 44, 14, 2, 50][2, 50, 33, 13, 22, 45, 36, 41, 35, 51][17, 55, 16, 26, 8, 52, 64, 51, 34, 58][16, 26, 49, 42, 24, 63, 30, 15, 11, 31][40, 4, 7, 46, 53, 47, 6, 21, 24, 62][56, 6, 47, 53, 7, 46, 40, 12, 27, 67][48, 39, 65, 5, 37, 67, 27, 12, 25, 57][3, 66, 48, 29, 69, 38, 54, 19, 18, 32][9, 31, 1, 59, 68, 11, 15, 42, 30, 24][17, 55, 16, 26, 8, 28, 10, 52, 64, 58][22, 33, 20, 43, 61, 60, 14, 2, 23, 50][56, 6, 47, 53, 7, 46, 40, 12, 27, 67][56, 6, 47, 53, 7, 46, 40, 12, 27, 67][11, 59, 1, 9, 49, 62, 21, 63, 24, 30] 
[41, 36, 22, 13, 43, 61, 14, 2, 0, 50][41, 36, 22, 33, 43, 61, 44, 14, 2, 50][2, 50, 33, 13, 22, 45, 36, 41, 35, 51][17, 55, 16, 26, 8, 52, 64, 51, 34, 58][16, 26, 49, 42, 24, 63, 30, 15, 11, 31][40, 4, 7, 46, 53, 47, 6, 21, 24, 62][56, 6, 47, 53, 7, 46, 40, 12, 27, 67][48, 39, 65, 5, 37, 67, 27, 12, 25, 57][3, 66, 48, 29, 69, 38, 54, 19, 18, 32][9, 31, 1, 59, 68, 11, 15, 42, 30, 24][17, 55, 16, 26, 8, 28, 10, 52, 64, 58][22, 33, 20, 43, 61, 60, 14, 2, 23, 50][56, 6, 47, 53, 7, 46, 40, 12, 27, 67][56, 6, 47, 53, 7, 46, 40, 12, 27, 67][11, 59, 1, 9, 49, 62, 21, 63, 24, 30] 
[41, 36, 22, 13, 43, 61, 14, 2, 0, 50][41, 36, 22, 33, 43, 61, 44, 14, 2, 50][2, 50, 33, 13, 22, 45, 36, 41, 35, 51][17, 55, 16, 26, 8, 52, 64, 51, 34, 58][16, 26, 49, 42, 24, 63, 30, 15, 11, 31][40, 4, 7, 46, 53, 47, 6, 21, 24, 62][56, 6, 47, 53, 7, 46, 40, 12, 27, 67][48, 39, 65, 5, 37, 67, 27, 12, 25, 57][3, 66, 48, 29, 69, 38, 54, 19, 18, 32][9, 31, 1, 59, 68, 11, 15, 42, 30, 24][17, 55, 16, 26, 8, 28, 10, 52, 64, 58][22, 33, 20, 43, 61, 60, 14, 2, 23, 50][56, 6, 47, 53, 7, 46, 40, 12, 27, 67][56, 6, 47, 53, 7, 46, 40, 12, 27, 67][11, 59, 1, 9, 49, 62, 21, 63, 24, 30] 
[41, 36, 22, 13, 43, 61, 14, 2, 0, 50][41, 36, 22, 33, 43, 61, 44, 14, 2, 50][2, 50, 33, 13, 22, 45, 36, 41, 35, 51][17, 55, 16, 26, 8, 52, 64, 51, 34, 58][16, 26, 49, 42, 24, 63, 30, 15, 11, 31][40, 4, 7, 46, 53, 47, 6, 21, 24, 62][56, 6, 47, 53, 7, 46, 40, 12, 27, 67][48, 39, 65, 5, 37, 67, 27, 12, 25, 57][3, 66, 48, 29, 69, 38, 54, 19, 18, 32][9, 31, 1, 59, 68, 11, 15, 42, 30, 24][17, 55, 16, 26, 8, 28, 10, 52, 64, 58][22, 33, 20, 43, 61, 60, 14, 2, 23, 50][56, 6, 47, 53, 7, 46, 40, 12, 27, 67][56, 6, 47, 53, 7, 46, 40, 12, 27, 67][11, 59, 1, 9, 49, 62, 21, 63, 24, 30] 
[41, 36, 22, 13, 43, 61, 14, 2, 0, 50][41, 36, 22, 33, 43, 61, 44, 14, 2, 50][2, 50, 33, 13, 22, 45, 36, 41, 35, 51][17, 55, 16, 26, 8, 52, 64, 51, 34, 58][16, 26, 49, 42, 24, 63, 30, 15, 11, 31][40, 4, 7, 46, 53, 47, 6, 21, 24, 62][56, 6, 47, 53, 7, 46, 40, 12, 27, 67][48, 39, 65, 5, 37, 67, 27, 12, 25, 57][3, 66, 48, 29, 69, 38, 54, 19, 18, 32][9, 31, 1, 59, 68, 11, 15, 42, 30, 24][17, 55, 16, 26, 8, 28, 10, 52, 64, 58][22, 33, 20, 43, 61, 60, 14, 2, 23, 50][56, 6, 47, 53, 7, 46, 40, 12, 27, 67][56, 6, 47, 53, 7, 46, 40, 12, 27, 67][11, 59, 1, 9, 49, 62, 21, 63, 24, 30] 
[41, 36, 22, 13, 43, 61, 14, 2, 0, 50][41, 36, 22, 33, 43, 61, 44, 14, 2, 50][2, 50, 33, 13, 22, 45, 36, 41, 35, 51][17, 55, 16, 26, 8, 52, 64, 51, 34, 58][16, 26, 49, 42, 24, 63, 30, 15, 11, 31][40, 4, 7, 46, 53, 47, 6, 21, 24, 62][56, 6, 47, 53, 7, 46, 40, 12, 27, 67][48, 39, 65, 5, 37, 67, 27, 12, 25, 57][3, 66, 48, 29, 69, 38, 54, 19, 18, 32][9, 31, 1, 59, 68, 11, 15, 42, 30, 24][17, 55, 16, 26, 8, 28, 10, 52, 64, 58][22, 33, 20, 43, 61, 60, 14, 2, 23, 50][56, 6, 47, 53, 7, 46, 40, 12, 27, 67][56, 6, 47, 53, 7, 46, 40, 12, 27, 67][11, 59, 1, 9, 49, 62, 21, 63, 24, 30] 
[41, 36, 22, 13, 43, 61, 14, 2, 0, 50][41, 36, 22, 33, 43, 61, 44, 14, 2, 50][2, 50, 33, 13, 22, 45, 36, 41, 35, 51][17, 55, 16, 26, 8, 52, 64, 51, 34, 58][16, 26, 49, 42, 24, 63, 30, 15, 11, 31][40, 4, 7, 46, 53, 47, 6, 21, 24, 62][56, 6, 47, 53, 7, 46, 40, 12, 27, 67][48, 39, 65, 5, 37, 67, 27, 12, 25, 57][3, 66, 48, 29, 69, 38, 54, 19, 18, 32][9, 31, 1, 59, 68, 11, 15, 42, 30, 24][17, 55, 16, 26, 8, 28, 10, 52, 64, 58][22, 33, 20, 43, 61, 60, 14, 2, 23, 50][56, 6, 47, 53, 7, 46, 40, 12, 27, 67][56, 6, 47, 53, 7, 46, 40, 12, 27, 67][11, 59, 1, 9, 49, 62, 21, 63, 24, 30] 
[41, 36, 22, 13, 43, 61, 14, 2, 0, 50][41, 36, 22, 33, 43, 61, 44, 14, 2, 50][2, 50, 33, 13, 22, 45, 36, 41, 35, 51][17, 55, 16, 26, 8, 52, 64, 51, 34, 58][16, 26, 49, 42, 24, 63, 30, 15, 11, 31][40, 4, 7, 46, 53, 47, 6, 21, 24, 62][56, 6, 47, 53, 7, 46, 40, 12, 27, 67][48, 39, 65, 5, 37, 67, 27, 12, 25, 57][3, 66, 48, 29, 69, 38, 54, 19, 18, 32][9, 31, 1, 59, 68, 11, 15, 42, 30, 24][17, 55, 16, 26, 8, 28, 10, 52, 64, 58][22, 33, 20, 43, 61, 60, 14, 2, 23, 50][56, 6, 47, 53, 7, 46, 40, 12, 27, 67][56, 6, 47, 53, 7, 46, 40, 12, 27, 67][11, 59, 1, 9, 49, 62, 21, 63, 24, 30] 
[41, 36, 22, 13, 43, 61, 14, 2, 0, 50][41, 36, 22, 33, 43, 61, 44, 14, 2, 50][2, 50, 33, 13, 22, 45, 36, 41, 35, 51][17, 55, 16, 26, 8, 52, 64, 51, 34, 58][16, 26, 49, 42, 24, 63, 30, 15, 11, 31][40, 4, 7, 46, 53, 47, 6, 21, 24, 62][56, 6, 47, 53, 7, 46, 40, 12, 27, 67][48, 39, 65, 5, 37, 67, 27, 12, 25, 57][3, 66, 48, 29, 69, 38, 54, 19, 18, 32][9, 31, 1, 59, 68, 11, 15, 42, 30, 24][17, 55, 16, 26, 8, 28, 10, 52, 64, 58][22, 33, 20, 43, 61, 60, 14, 2, 23, 50][56, 6, 47, 53, 7, 46, 40, 12, 27, 67][56, 6, 47, 53, 7, 46, 40, 12, 27, 67][11, 59, 1, 9, 49, 62, 21, 63, 24, 30] 
[41, 36, 22, 13, 43, 61, 14, 2, 0, 50][22, 33, 43, 61, 44, 60, 14, 2, 23, 50][2, 50, 33, 13, 22, 45, 36, 41, 35, 51][17, 55, 16, 26, 8, 52, 64, 51, 34, 58][16, 26, 49, 42, 24, 63, 30, 15, 11, 31][40, 4, 7, 46, 53, 47, 6, 21, 24, 62][56, 6, 47, 53, 7, 46, 40, 12, 27, 67][48, 39, 65, 5, 37, 67, 27, 12, 25, 57][3, 66, 48, 29, 69, 38, 54, 19, 18, 32][9, 31, 1, 59, 68, 11, 15, 42, 30, 24][17, 55, 16, 26, 8, 28, 10, 52, 64, 58][22, 33, 20, 43, 61, 60, 14, 2, 23, 50][56, 6, 47, 53, 7, 46, 40, 12, 27, 67][56, 6, 47, 53, 7, 46, 40, 12, 27, 67][11, 59, 1, 9, 49, 62, 21, 63, 24, 30] 
[41, 36, 22, 13, 43, 61, 14, 2, 0, 50][22, 33, 43, 61, 44, 60, 14, 2, 23, 50][2, 50, 33, 13, 22, 45, 36, 41, 35, 51][17, 55, 16, 26, 8, 52, 64, 51, 34, 58][16, 26, 49, 42, 24, 63, 30, 15, 11, 31][40, 4, 7, 46, 53, 47, 6, 21, 24, 62][56, 6, 47, 53, 7, 46, 40, 12, 27, 67][48, 39, 65, 5, 37, 67, 27, 12, 25, 57][3, 66, 48, 29, 69, 38, 54, 19, 18, 32][9, 31, 1, 59, 68, 11, 15, 42, 30, 24][17, 55, 16, 26, 8, 28, 10, 52, 64, 58][22, 33, 20, 43, 61, 60, 14, 2, 23, 50][56, 6, 47, 53, 7, 46, 40, 12, 27, 67][56, 6, 47, 53, 7, 46, 40, 12, 27, 67][11, 59, 1, 9, 49, 62, 21, 63, 24, 30] 
[41, 36, 22, 13, 43, 61, 14, 2, 0, 50][22, 33, 43, 61, 44, 60, 14, 2, 23, 50][2, 50, 33, 13, 22, 45, 36, 41, 35, 51][17, 55, 16, 26, 8, 52, 64, 51, 34, 58][16, 26, 49, 42, 24, 63, 30, 15, 11, 31][40, 4, 7, 46, 53, 47, 6, 21, 24, 62][56, 6, 47, 53, 7, 46, 40, 12, 27, 67][48, 39, 65, 5, 37, 67, 27, 12, 25, 57][3, 66, 48, 29, 69, 38, 54, 19, 18, 32][9, 31, 1, 59, 68, 11, 15, 42, 30, 24][17, 55, 16, 26, 8, 28, 10, 52, 64, 58][22, 33, 20, 43, 61, 60, 14, 2, 23, 50][56, 6, 47, 53, 7, 46, 40, 12, 27, 67][56, 6, 47, 53, 7, 46, 40, 12, 27, 67][11, 59, 1, 9, 49, 62, 21, 63, 24, 30] 
[41, 36, 22, 13, 43, 61, 14, 2, 0, 50][22, 33, 43, 61, 44, 60, 14, 2, 23, 50][2, 50, 33, 13, 22, 45, 36, 41, 35, 51][17, 55, 16, 26, 8, 52, 64, 51, 34, 58][16, 26, 49, 42, 24, 63, 30, 15, 11, 31][40, 4, 7, 46, 53, 47, 6, 21, 24, 62][56, 6, 47, 53, 7, 46, 40, 12, 27, 67][48, 39, 65, 5, 37, 67, 27, 12, 25, 57][3, 66, 48, 29, 69, 38, 54, 19, 18, 32][9, 31, 1, 59, 68, 11, 15, 42, 30, 24][17, 55, 16, 26, 8, 28, 10, 52, 64, 58][22, 33, 20, 43, 61, 60, 14, 2, 23, 50][56, 6, 47, 53, 7, 46, 40, 12, 27, 67][56, 6, 47, 53, 7, 46, 40, 12, 27, 67][11, 59, 1, 9, 49, 62, 21, 63, 24, 30] 
[41, 36, 22, 13, 43, 61, 14, 2, 0, 50][22, 33, 43, 61, 44, 60, 14, 2, 23, 50][2, 50, 33, 13, 22, 45, 36, 41, 35, 51][17, 55, 16, 26, 8, 52, 64, 51, 34, 58][16, 26, 49, 42, 24, 63, 30, 15, 11, 31][40, 4, 7, 46, 53, 47, 6, 21, 24, 62][56, 6, 47, 53, 7, 46, 40, 12, 27, 67][48, 39, 65, 5, 37, 67, 27, 12, 25, 57][3, 66, 48, 29, 69, 38, 54, 19, 18, 32][9, 31, 1, 59, 68, 11, 15, 42, 30, 24][17, 55, 16, 26, 8, 28, 10, 52, 64, 58][22, 33, 20, 43, 61, 60, 14, 2, 23, 50][56, 6, 47, 53, 7, 46, 40, 12, 27, 67][56, 6, 47, 53, 7, 46, 40, 12, 27, 67][11, 59, 1, 9, 49, 62, 21, 63, 24, 30] 
[41, 36, 22, 13, 43, 61, 14, 2, 0, 50][22, 33, 43, 61, 44, 60, 14, 2, 23, 50][2, 50, 33, 13, 22, 45, 36, 41, 35, 51][17, 55, 16, 26, 8, 52, 64, 51, 34, 58][16, 26, 49, 42, 24, 63, 30, 15, 11, 31][40, 4, 7, 46, 53, 47, 6, 21, 24, 62][56, 6, 47, 53, 7, 46, 40, 12, 27, 67][48, 39, 65, 5, 37, 67, 27, 12, 25, 57][3, 66, 48, 29, 69, 38, 54, 19, 18, 32][9, 31, 1, 59, 68, 11, 15, 42, 30, 24][17, 55, 16, 26, 8, 28, 10, 52, 64, 58][22, 33, 20, 43, 61, 60, 14, 2, 23, 50][56, 6, 47, 53, 7, 46, 40, 12, 27, 67][56, 6, 47, 53, 7, 46, 40, 12, 27, 67][11, 59, 1, 9, 49, 62, 21, 63, 24, 30] 
[22, 33, 20, 43, 61, 60, 14, 2, 23, 50][2, 50, 33, 13, 22, 45, 36, 41, 35, 51][17, 55, 16, 26, 8, 52, 64, 51, 34, 58][16, 26, 49, 42, 24, 63, 30, 15, 11, 31][40, 4, 7, 46, 53, 47, 6, 21, 24, 62][56, 6, 47, 53, 7, 46, 40, 12, 27, 67][48, 39, 65, 5, 37, 67, 27, 12, 25, 57][3, 66, 48, 29, 69, 38, 54, 19, 18, 32][9, 31, 1, 59, 68, 11, 15, 42, 30, 24][17, 55, 16, 26, 8, 28, 10, 52, 64, 58][41, 36, 22, 33, 43, 61, 44, 14, 2, 50][41, 36, 22, 13, 43, 61, 14, 2, 0, 50][11, 59, 1, 9, 49, 62, 21, 63, 24, 30][3, 66, 48, 29, 69, 38, 54, 19, 18, 32][48, 39, 65, 5, 37, 67, 27, 12, 25, 57] 
[22, 33, 20, 43, 61, 60, 14, 2, 23, 50][2, 50, 33, 13, 22, 45, 36, 41, 35, 51][17, 55, 16, 26, 8, 52, 64, 51, 34, 58][16, 26, 49, 42, 24, 63, 30, 15, 11, 31][40, 4, 7, 46, 53, 47, 6, 21, 24, 62][56, 6, 47, 53, 7, 46, 40, 12, 27, 67][48, 39, 65, 5, 37, 67, 27, 12, 25, 57][3, 66, 48, 29, 69, 38, 54, 19, 18, 32][9, 31, 1, 59, 68, 11, 15, 42, 30, 24][17, 55, 16, 26, 8, 28, 10, 52, 64, 58][41, 36, 22, 33, 43, 61, 44, 14, 2, 50][41, 36, 22, 13, 43, 61, 14, 2, 0, 50][11, 59, 1, 9, 49, 62, 21, 63, 24, 30][48, 39, 65, 5, 37, 67, 27, 12, 25, 57][48, 39, 65, 5, 37, 67, 27, 12, 25, 57] 
[22, 33, 20, 43, 61, 60, 14, 2, 23, 50][2, 50, 33, 13, 22, 45, 36, 41, 35, 51][17, 55, 16, 26, 8, 52, 64, 51, 34, 58][16, 26, 49, 42, 24, 63, 30, 15, 11, 31][40, 4, 7, 46, 53, 47, 6, 21, 24, 62][56, 6, 47, 53, 7, 46, 40, 12, 27, 67][48, 39, 65, 5, 37, 67, 27, 12, 25, 57][3, 66, 48, 29, 69, 38, 54, 19, 18, 32][9, 31, 1, 59, 68, 11, 15, 42, 30, 24][17, 55, 16, 26, 8, 28, 10, 52, 64, 58][41, 36, 22, 33, 43, 61, 44, 14, 2, 50][41, 36, 22, 13, 43, 61, 14, 2, 0, 50][11, 59, 1, 9, 49, 62, 21, 63, 24, 30][3, 66, 48, 29, 69, 38, 54, 19, 18, 32][48, 39, 65, 5, 37, 67, 27, 12, 25, 57] 
[22, 33, 20, 43, 61, 60, 14, 2, 23, 50][2, 50, 33, 13, 22, 45, 36, 41, 35, 51][17, 55, 16, 26, 8, 52, 64, 51, 34, 58][16, 26, 49, 42, 24, 63, 30, 15, 11, 31][40, 4, 7, 46, 53, 47, 6, 21, 24, 62][9, 31, 1, 59, 68, 11, 15, 42, 30, 24][56, 6, 47, 53, 7, 46, 40, 12, 27, 67][48, 39, 65, 5, 37, 67, 27, 12, 25, 57][3, 66, 48, 29, 69, 38, 54, 19, 18, 32][17, 55, 16, 26, 8, 28, 10, 52, 64, 58][41, 36, 22, 33, 43, 61, 44, 14, 2, 50][41, 36, 22, 13, 43, 61, 14, 2, 0, 50][11, 59, 1, 9, 49, 62, 21, 63, 24, 30][56, 6, 47, 53, 7, 46, 40, 12, 27, 67][48, 39, 65, 5, 37, 67, 27, 12, 25, 57] 
[41, 36, 22, 33, 43, 61, 44, 14, 2, 23, 50][41, 36, 22, 13, 43, 61, 14, 2, 0, 50][2, 50, 33, 13, 22, 45, 36, 41, 35, 51][17, 55, 16, 26, 8, 52, 64, 51, 34, 58][16, 26, 49, 42, 24, 63, 30, 15, 11, 31][40, 4, 7, 46, 53, 47, 6, 21, 24, 62][56, 6, 47, 53, 7, 46, 40, 12, 27, 67][48, 39, 65, 5, 37, 67, 27, 12, 25, 57][3, 66, 48, 29, 69, 38, 54, 19, 18, 32][9, 31, 1, 59, 68, 11, 15, 42, 30, 24][17, 55, 16, 26, 8, 28, 10, 52, 64, 58][22, 33, 20, 43, 61, 60, 14, 2, 23, 50][56, 6, 47, 53, 7, 46, 40, 12, 27, 67][56, 6, 47, 53, 7, 46, 40, 12, 27, 67][11, 59, 1, 9, 49, 62, 21, 63, 24, 30] 
[41, 36, 22, 13, 43, 61, 14, 2, 0, 50][41, 36, 22, 33, 43, 61, 44, 14, 2, 50][2, 50, 33, 13, 22, 45, 36, 41, 35, 51][17, 55, 16, 26, 8, 52, 64, 51, 34, 58][16, 26, 49, 42, 24, 63, 30, 15, 11, 31][40, 4, 7, 46, 53, 47, 6, 21, 24, 62][56, 6, 47, 53, 7, 46, 40, 12, 27, 67][48, 39, 65, 5, 37, 67, 27, 12, 25, 57][3, 66, 48, 29, 69, 38, 54, 19, 18, 32][9, 31, 1, 59, 68, 11, 15, 42, 30, 24][17, 55, 16, 26, 8, 28, 10, 52, 64, 58][22, 33, 20, 43, 61, 60, 14, 2, 23, 50][56, 6, 47, 53, 7, 46, 40, 12, 27, 67][56, 6, 47, 53, 7, 46, 40, 12, 27, 67][11, 59, 1, 9, 49, 62, 21, 63, 24, 30] 
[22, 33, 20, 43, 61, 60, 14, 2, 23, 50][2, 50, 33, 13, 22, 45, 36, 41, 35, 51][17, 55, 16, 26, 8, 52, 64, 51, 34, 58][16, 26, 49, 42, 24, 63, 30, 15, 11, 31][40, 4, 7, 46, 53, 47, 6, 21, 24, 62][56, 6, 47, 53, 7, 46, 40, 12, 27, 67][48, 39, 65, 5, 37, 67, 27, 12, 25, 57][3, 66, 48, 29, 69, 38, 54, 19, 18, 32][9, 31, 1, 59, 68, 11, 15, 42, 30, 24][17, 55, 16, 26, 8, 28, 10, 52, 64, 58][41, 36, 22, 33, 43, 61, 44, 14, 2, 50][41, 36, 22, 13, 43, 61, 14, 2, 0, 50][3, 66, 48, 29, 69, 38, 54, 19, 18, 32][48, 39, 65, 5, 37, 67, 27, 12, 25, 57][11, 59, 1, 9, 49, 62, 21, 63, 24, 30] 
