[3, 23, 0, 50, 17, 44, 61, 43, 33, 22][2, 23, 3, 29, 69, 19, 18, 67, 65, 39][51, 64, 52, 20, 13, 50, 17, 61, 14, 60][13, 20, 55, 52, 64, 35, 58, 34, 57, 41][47, 53, 4, 25, 34, 45, 41, 36, 38, 66][6, 47, 40, 46, 53, 7, 4, 12, 25, 27][9, 16, 10, 8, 56, 6, 21, 30, 62, 24][28, 10, 59, 9, 68, 1, 31, 11, 15, 42][5, 18, 69, 29, 48, 39, 65, 54, 32, 37][9, 68, 11, 1, 26, 49, 15, 30, 63, 21][5, 18, 69, 29, 48, 39, 65, 54, 32, 37][5, 18, 69, 29, 48, 39, 65, 54, 32, 37][21, 24, 42, 49, 62, 15, 30, 26, 8, 28][3, 23, 0, 50, 17, 61, 43, 33, 22, 19][5, 18, 69, 29, 48, 39, 65, 54, 32, 37] 
[3, 23, 0, 50, 17, 44, 61, 43, 33, 22][2, 23, 3, 29, 69, 19, 18, 67, 65, 39][51, 64, 52, 20, 13, 50, 17, 61, 14, 60][13, 20, 55, 52, 64, 35, 58, 34, 57, 41][47, 53, 4, 25, 34, 45, 41, 36, 38, 66][6, 47, 40, 46, 53, 7, 4, 12, 25, 27][9, 16, 10, 8, 56, 6, 21, 30, 62, 24][28, 10, 59, 9, 68, 1, 31, 11, 15, 42][5, 18, 69, 29, 48, 39, 65, 54, 32, 37][9, 68, 11, 1, 26, 49, 15, 30, 63, 21][9, 68, 11, 1, 26, 49, 15, 30, 63, 21][3, 23, 0, 50, 17, 61, 43, 33, 22, 19][21, 24, 42, 49, 62, 15, 30, 26, 8, 28][9, 68, 11, 1, 26, 49, 15, 30, 63, 21][9, 68, 11, 1, 26, 49, 15, 30, 63, 21] 
[3, 23, 0, 50, 17, 44, 61, 43, 33, 22][2, 23, 3, 29, 69, 19, 18, 67, 65, 39][51, 64, 52, 20, 13, 50, 17, 61, 14, 60][13, 20, 55, 52, 64, 35, 58, 34, 57, 41][47, 53, 4, 25, 34, 45, 41, 36, 38, 66][6, 47, 40, 46, 53, 7, 4, 12, 25, 27][9, 16, 10, 8, 56, 6, 21, 30, 62, 24][28, 10, 59, 9, 68, 1, 31, 11, 15, 42][5, 18, 69, 29, 48, 39, 65, 54, 32, 37][9, 68, 11, 1, 26, 49, 15, 30, 63, 21][9, 68, 11, 1, 26, 49, 15, 30, 63, 21][3, 23, 0, 50, 17, 61, 43, 33, 22, 19][21, 24, 42, 49, 62, 15, 30, 26, 8, 28][9, 68, 11, 1, 26, 49, 15, 30, 63, 21][9, 68, 11, 1, 26, 49, 15, 30, 63, 21] 
[3, 23, 0, 50, 17, 44, 61, 43, 33, 22][2, 23, 3, 29, 69, 19, 18, 67, 65, 39][51, 64, 52, 20, 13, 50, 17, 61, 14, 60][13, 20, 55, 52, 64, 35, 58, 34, 57, 41][47, 53, 4, 25, 34, 45, 41, 36, 38, 66][6, 47, 40, 46, 53, 7, 4, 12, 25, 27][9, 16, 10, 8, 56, 6, 21, 30, 62, 24][28, 10, 59, 9, 68, 1, 31, 11, 15, 42][5, 18, 69, 29, 48, 39, 65, 54, 32, 37][9, 68, 11, 1, 26, 49, 15, 30, 63, 21][9, 68, 11, 1, 26, 49, 15, 30, 63, 21][3, 23, 0, 50, 17, 61, 43, 33, 22, 19][21, 24, 42, 49, 62, 15, 30, 26, 8, 28][9, 68, 11, 1, 26, 49, 15, 30, 63, 21][9, 68, 11, 1, 26, 49, 15, 30, 63, 21] 
[28, 10, 59, 9, 68, 1, 31, 11, 15, 42][9, 16, 10, 8, 56, 6, 21, 30, 62, 24][6, 47, 40, 46, 53, 7, 4, 12, 25, 27][47, 53, 4, 25, 34, 45, 41, 36, 38, 66][13, 20, 55, 52, 64, 35, 58, 34, 57, 41][51, 64, 52, 20, 13, 50, 17, 61, 14, 60][3, 23, 0, 50, 17, 61, 43, 33, 22, 19][2, 23, 3, 29, 69, 19, 18, 67, 65, 39][5, 18, 69, 29, 48, 39, 65, 54, 32, 37][9, 68, 11, 1, 26, 49, 15, 30, 63, 21][3, 23, 0, 50, 17, 44, 61, 43, 33, 22][51, 64, 52, 20, 13, 50, 17, 61, 14, 60][21, 24, 42, 49, 62, 15, 30, 26, 8, 28][6, 47, 40, 46, 53, 7, 4, 12, 25, 27][51, 64, 52, 20, 13, 50, 17, 61, 14, 60] 
[13, 20, 55, 52, 64, 35, 58, 34, 57, 41][47, 53, 4, 25, 34, 45, 41, 36, 38, 66][6, 47, 40, 46, 53, 7, 4, 12, 25, 27][9, 16, 10, 8, 56, 6, 21, 30, 62, 24][28, 10, 59, 9, 68, 1, 31, 11, 15, 42][51, 64, 52, 20, 13, 50, 17, 61, 14, 60][3, 23, 0, 50, 17, 44, 61, 43, 33, 22][2, 23, 3, 29, 69, 19, 18, 67, 65, 39][5, 18, 69, 29, 48, 39, 65, 54, 32, 37][9, 68, 11, 1, 26, 49, 15, 30, 63, 21][9, 68, 11, 1, 26, 49, 15, 30, 63, 21][51, 64, 52, 20, 13, 50, 17, 61, 14, 60][21, 24, 42, 49, 62, 15, 30, 26, 8, 28][13, 20, 55, 52, 64, 35, 58, 34, 57, 41][3, 23, 0, 50, 17, 61, 43, 33, 22, 19] 
[47, 53, 4, 25, 34, 45, 41, 36, 38, 66][13, 20, 55, 52, 64, 35, 58, 34, 57, 41][51, 64, 52, 20, 13, 50, 17, 61, 14, 60][3, 23, 0, 50, 17, 61, 43, 33, 22, 19][2, 23, 3, 29, 69, 19, 18, 67, 65, 39][6, 47, 40, 46, 53, 7, 4, 12, 25, 27][9, 16, 10, 8, 56, 6, 21, 30, 62, 24][28, 10, 59, 9, 68, 1, 31, 11, 15, 42][5, 18, 69, 29, 48, 39, 65, 54, 32, 37][9, 68, 11, 1, 26, 49, 15, 30, 63, 21][3, 23, 0, 50, 17, 44, 61, 43, 33, 22][9, 68, 11, 1, 26, 49, 15, 30, 63, 21][13, 20, 55, 52, 64, 35, 58, 34, 57, 41][21, 24, 42, 49, 62, 15, 30, 26, 8, 28][13, 20, 55, 52, 64, 35, 58, 34, 57, 41] 
[28, 10, 59, 9, 68, 1, 31, 11, 15, 42][9, 16, 10, 8, 56, 6, 21, 30, 62, 24][6, 47, 40, 46, 53, 7, 4, 12, 25, 27][47, 53, 4, 25, 34, 45, 41, 36, 38, 66][13, 20, 55, 52, 64, 35, 58, 34, 57, 41][51, 64, 52, 20, 13, 50, 17, 61, 14, 60][3, 23, 0, 50, 17, 61, 43, 33, 22, 19][2, 23, 3, 29, 69, 19, 18, 67, 65, 39][5, 18, 69, 29, 48, 39, 65, 54, 32, 37][9, 68, 11, 1, 26, 49, 15, 30, 63, 21][3, 23, 0, 50, 17, 44, 61, 43, 33, 22][21, 24, 42, 49, 62, 15, 30, 26, 8, 28][3, 23, 0, 50, 17, 61, 43, 33, 22, 19][3, 23, 0, 50, 17, 44, 61, 43, 33, 22][51, 64, 52, 20, 13, 50, 17, 61, 14, 60] 
[51, 64, 52, 20, 13, 50, 17, 61, 14, 60][3, 23, 0, 50, 17, 61, 43, 33, 22, 19][2, 23, 3, 29, 69, 19, 18, 67, 65, 39][13, 20, 55, 52, 64, 35, 58, 34, 57, 41][47, 53, 4, 25, 34, 45, 41, 36, 38, 66][6, 47, 40, 46, 53, 7, 4, 12, 25, 27][9, 16, 10, 8, 56, 6, 21, 30, 62, 24][28, 10, 59, 9, 68, 1, 31, 11, 15, 42][5, 18, 69, 29, 48, 39, 65, 54, 32, 37][9, 68, 11, 1, 26, 49, 15, 30, 63, 21][3, 23, 0, 50, 17, 44, 61, 43, 33, 22][21, 24, 42, 49, 62, 15, 30, 26, 8, 28][3, 23, 0, 50, 17, 61, 43, 33, 22, 19][13, 20, 55, 52, 64, 35, 58, 34, 57, 41][51, 64, 52, 20, 13, 50, 17, 61, 14, 60] 
[28, 10, 59, 9, 68, 1, 31, 11, 15, 42][9, 16, 10, 8, 56, 6, 21, 30, 62, 24][6, 47, 40, 46, 53, 7, 4, 12, 25, 27][47, 53, 4, 25, 34, 45, 41, 36, 38, 66][13, 20, 55, 52, 64, 35, 58, 34, 57, 41][51, 64, 52, 20, 13, 50, 17, 61, 14, 60][3, 23, 0, 50, 17, 61, 43, 33, 22, 19][2, 23, 3, 29, 69, 19, 18, 67, 65, 39][5, 18, 69, 29, 48, 39, 65, 54, 32, 37][9, 68, 11, 1, 26, 49, 15, 30, 63, 21][3, 23, 0, 50, 17, 44, 61, 43, 33, 22][21, 24, 42, 49, 62, 15, 30, 26, 8, 28][3, 23, 0, 50, 17, 61, 43, 33, 22, 19][3, 23, 0, 50, 17, 44, 61, 43, 33, 22][51, 64, 52, 20, 13, 50, 17, 61, 14, 60] 
[28, 10, 59, 9, 68, 1, 31, 11, 15, 42][9, 16, 10, 8, 56, 6, 21, 30, 62, 24][6, 47, 40, 46, 53, 7, 4, 12, 25, 27][47, 53, 4, 25, 34, 45, 41, 36, 38, 66][13, 20, 55, 52, 64, 35, 58, 34, 57, 41][51, 64, 52, 20, 13, 50, 17, 61, 14, 60][3, 23, 0, 50, 17, 61, 43, 33, 22, 19][2, 23, 3, 29, 69, 19, 18, 67, 65, 39][5, 18, 69, 29, 48, 39, 65, 54, 32, 37][9, 68, 11, 1, 26, 49, 15, 30, 63, 21][3, 23, 0, 50, 17, 44, 61, 43, 33, 22][5, 18, 69, 29, 48, 39, 65, 54, 32, 37][21, 24, 42, 49, 62, 15, 30, 26, 8, 28][5, 18, 69, 29, 48, 39, 65, 54, 32, 37][3, 23, 0, 50, 17, 61, 43, 33, 22, 19] 
[3, 23, 0, 50, 17, 44, 61, 43, 33, 22][2, 23, 3, 29, 69, 19, 18, 67, 65, 39][51, 64, 52, 20, 13, 50, 17, 61, 14, 60][13, 20, 55, 52, 64, 35, 58, 34, 57, 41][47, 53, 4, 25, 34, 45, 41, 36, 38, 66][6, 47, 40, 46, 53, 7, 4, 12, 25, 27][9, 16, 10, 8, 56, 6, 21, 30, 62, 24][28, 10, 59, 9, 68, 1, 31, 11, 15, 42][5, 18, 69, 29, 48, 39, 65, 54, 32, 37][9, 68, 11, 1, 26, 49, 15, 30, 63, 21][9, 68, 11, 1, 26, 49, 15, 30, 63, 21][3, 23, 0, 50, 17, 61, 43, 33, 22, 19][21, 24, 42, 49, 62, 15, 30, 26, 8, 28][9, 68, 11, 1, 26, 49, 15, 30, 63, 21][9, 68, 11, 1, 26, 49, 15, 30, 63, 21] 
[3, 23, 0, 50, 17, 44, 61, 43, 33, 22][2, 23, 3, 29, 69, 19, 18, 67, 65, 39][51, 64, 52, 20, 13, 50, 17, 61, 14, 60][13, 20, 55, 52, 64, 35, 58, 34, 57, 41][47, 53, 4, 25, 34, 45, 41, 36, 38, 66][6, 47, 40, 46, 53, 7, 4, 12, 25, 27][9, 16, 10, 8, 56, 6, 21, 30, 62, 24][28, 10, 59, 9, 68, 1, 31, 11, 15, 42][5, 18, 69, 29, 48, 39, 65, 54, 32, 37][9, 68, 11, 1, 26, 49, 15, 30, 63, 21][9, 68, 11, 1, 26, 49, 15, 30, 63, 21][3, 23, 0, 50, 17, 61, 43, 33, 22, 19][21, 24, 42, 49, 62, 15, 30, 26, 8, 28][9, 68, 11, 1, 26, 49, 15, 30, 63, 21][9, 68, 11, 1, 26, 49, 15, 30, 63, 21] 
[28, 10, 59, 9, 68, 1, 31, 11, 15, 42][9, 16, 10, 8, 56, 6, 21, 30, 62, 24][6, 47, 40, 46, 53, 7, 4, 12, 25, 27][47, 53, 4, 25, 34, 45, 41, 36, 38, 66][13, 20, 55, 52, 64, 35, 58, 34, 57, 41][51, 64, 52, 20, 13, 50, 17, 61, 14, 60][3, 23, 0, 50, 17, 61, 43, 33, 22, 19][2, 23, 3, 29, 69, 19, 18, 67, 65, 39][5, 18, 69, 29, 48, 39, 65, 54, 32, 37][9, 68, 11, 1, 26, 49, 15, 30, 63, 21][3, 23, 0, 50, 17, 44, 61, 43, 33, 22][51, 64, 52, 20, 13, 50, 17, 61, 14, 60][13, 20, 55, 52, 64, 35, 58, 34, 57, 41][51, 64, 52, 20, 13, 50, 17, 61, 14, 60][21, 24, 42, 49, 62, 15, 30, 26, 8, 28] 
[13, 20, 55, 52, 64, 35, 58, 34, 57, 41][47, 53, 4, 25, 34, 45, 41, 36, 38, 66][6, 47, 40, 46, 53, 7, 4, 12, 25, 27][9, 16, 10, 8, 56, 6, 21, 30, 62, 24][28, 10, 59, 9, 68, 1, 31, 11, 15, 42][51, 64, 52, 20, 13, 50, 17, 61, 14, 60][3, 23, 0, 50, 17, 44, 61, 43, 33, 22][2, 23, 3, 29, 69, 19, 18, 67, 65, 39][5, 18, 69, 29, 48, 39, 65, 54, 32, 37][9, 68, 11, 1, 26, 49, 15, 30, 63, 21][9, 68, 11, 1, 26, 49, 15, 30, 63, 21][51, 64, 52, 20, 13, 50, 17, 61, 14, 60][21, 24, 42, 49, 62, 15, 30, 26, 8, 28][13, 20, 55, 52, 64, 35, 58, 34, 57, 41][3, 23, 0, 50, 17, 61, 43, 33, 22, 19] 
[3, 23, 0, 50, 17, 44, 61, 43, 33, 22, 19][9, 68, 11, 1, 26, 49, 15, 30, 63, 21][9, 16, 10, 8, 56, 6, 21, 30, 62, 24][6, 47, 40, 46, 53, 7, 4, 12, 25, 27][47, 53, 4, 25, 34, 45, 41, 36, 38, 66][13, 20, 55, 52, 64, 35, 58, 34, 57, 41][51, 64, 52, 20, 13, 50, 17, 61, 14, 60][2, 23, 3, 29, 69, 19, 18, 67, 65, 39][5, 18, 69, 29, 48, 39, 65, 54, 32, 37][28, 10, 59, 9, 68, 1, 31, 11, 15, 42][21, 24, 42, 49, 62, 15, 30, 26, 8, 28][3, 23, 0, 50, 17, 44, 61, 43, 33, 22][13, 20, 55, 52, 64, 35, 58, 34, 57, 41][13, 20, 55, 52, 64, 35, 58, 34, 57, 41][47, 53, 4, 25, 34, 45, 41, 36, 38, 66] 
[28, 10, 59, 9, 68, 1, 31, 11, 15, 42][9, 16, 10, 8, 56, 6, 21, 30, 62, 24][6, 47, 40, 46, 53, 7, 4, 12, 25, 27][47, 53, 4, 25, 34, 45, 41, 36, 38, 66][13, 20, 55, 52, 64, 35, 58, 34, 57, 41][51, 64, 52, 20, 13, 50, 17, 61, 14, 60][3, 23, 0, 50, 17, 61, 43, 33, 22, 19][2, 23, 3, 29, 69, 19, 18, 67, 65, 39][5, 18, 69, 29, 48, 39, 65, 54, 32, 37][9, 68, 11, 1, 26, 49, 15, 30, 63, 21][3, 23, 0, 50, 17, 44, 61, 43, 33, 22][47, 53, 4, 25, 34, 45, 41, 36, 38, 66][5, 18, 69, 29, 48, 39, 65, 54, 32, 37][3, 23, 0, 50, 17, 61, 43, 33, 22, 19][21, 24, 42, 49, 62, 15, 30, 26, 8, 28] 
[3, 23, 0, 50, 17, 44, 61, 43, 33, 22][2, 23, 3, 29, 69, 19, 18, 67, 65, 39][51, 64, 52, 20, 13, 50, 17, 61, 14, 60][13, 20, 55, 52, 64, 35, 58, 34, 57, 41][47, 53, 4, 25, 34, 45, 41, 36, 38, 66][6, 47, 40, 46, 53, 7, 4, 12, 25, 27][9, 16, 10, 8, 56, 6, 21, 30, 62, 24][28, 10, 59, 9, 68, 1, 31, 11, 15, 42][5, 18, 69, 29, 48, 39, 65, 54, 32, 37][9, 68, 11, 1, 26, 49, 15, 30, 63, 21][9, 68, 11, 1, 26, 49, 15, 30, 63, 21][3, 23, 0, 50, 17, 61, 43, 33, 22, 19][21, 24, 42, 49, 62, 15, 30, 26, 8, 28][9, 68, 11, 1, 26, 49, 15, 30, 63, 21][9, 68, 11, 1, 26, 49, 15, 30, 63, 21] 
[28, 10, 59, 9, 68, 1, 31, 11, 15, 42][9, 16, 10, 8, 56, 6, 21, 30, 62, 24][6, 47, 40, 46, 53, 7, 4, 12, 25, 27][47, 53, 4, 25, 34, 45, 41, 36, 38, 66][13, 20, 55, 52, 64, 35, 58, 34, 57, 41][51, 64, 52, 20, 13, 50, 17, 61, 14, 60][3, 23, 0, 50, 17, 61, 43, 33, 22, 19][2, 23, 3, 29, 69, 19, 18, 67, 65, 39][5, 18, 69, 29, 48, 39, 65, 54, 32, 37][9, 68, 11, 1, 26, 49, 15, 30, 63, 21][3, 23, 0, 50, 17, 44, 61, 43, 33, 22][51, 64, 52, 20, 13, 50, 17, 61, 14, 60][13, 20, 55, 52, 64, 35, 58, 34, 57, 41][51, 64, 52, 20, 13, 50, 17, 61, 14, 60][21, 24, 42, 49, 62, 15, 30, 26, 8, 28] 
[28, 10, 59, 9, 68, 1, 31, 11, 15, 42][9, 16, 10, 8, 56, 6, 21, 30, 62, 24][6, 47, 40, 46, 53, 7, 4, 12, 25, 27][47, 53, 4, 25, 34, 45, 41, 36, 38, 66][13, 20, 55, 52, 64, 35, 58, 34, 57, 41][51, 64, 52, 20, 13, 50, 17, 61, 14, 60][3, 23, 0, 50, 17, 61, 43, 33, 22, 19][2, 23, 3, 29, 69, 19, 18, 67, 65, 39][5, 18, 69, 29, 48, 39, 65, 54, 32, 37][9, 68, 11, 1, 26, 49, 15, 30, 63, 21][3, 23, 0, 50, 17, 44, 61, 43, 33, 22][47, 53, 4, 25, 34, 45, 41, 36, 38, 66][5, 18, 69, 29, 48, 39, 65, 54, 32, 37][3, 23, 0, 50, 17, 61, 43, 33, 22, 19][21, 24, 42, 49, 62, 15, 30, 26, 8, 28] 
[28, 10, 59, 9, 68, 1, 31, 11, 15, 42][9, 16, 10, 8, 56, 6, 21, 30, 62, 24][6, 47, 40, 46, 53, 7, 4, 12, 25, 27][47, 53, 4, 25, 34, 45, 41, 36, 38, 66][13, 20, 55, 52, 64, 35, 58, 34, 57, 41][51, 64, 52, 20, 13, 50, 17, 61, 14, 60][3, 23, 0, 50, 17, 61, 43, 33, 22, 19][2, 23, 3, 29, 69, 19, 18, 67, 65, 39][5, 18, 69, 29, 48, 39, 65, 54, 32, 37][9, 68, 11, 1, 26, 49, 15, 30, 63, 21][3, 23, 0, 50, 17, 44, 61, 43, 33, 22][5, 18, 69, 29, 48, 39, 65, 54, 32, 37][21, 24, 42, 49, 62, 15, 30, 26, 8, 28][5, 18, 69, 29, 48, 39, 65, 54, 32, 37][3, 23, 0, 50, 17, 61, 43, 33, 22, 19] 
[3, 23, 0, 50, 17, 44, 61, 43, 33, 22][2, 23, 3, 29, 69, 19, 18, 67, 65, 39][51, 64, 52, 20, 13, 50, 17, 61, 14, 60][13, 20, 55, 52, 64, 35, 58, 34, 57, 41][47, 53, 4, 25, 34, 45, 41, 36, 38, 66][6, 47, 40, 46, 53, 7, 4, 12, 25, 27][9, 16, 10, 8, 56, 6, 21, 30, 62, 24][28, 10, 59, 9, 68, 1, 31, 11, 15, 42][5, 18, 69, 29, 48, 39, 65, 54, 32, 37][9, 68, 11, 1, 26, 49, 15, 30, 63, 21][9, 68, 11, 1, 26, 49, 15, 30, 63, 21][3, 23, 0, 50, 17, 61, 43, 33, 22, 19][21, 24, 42, 49, 62, 15, 30, 26, 8, 28][9, 68, 11, 1, 26, 49, 15, 30, 63, 21][9, 68, 11, 1, 26, 49, 15, 30, 63, 21] 
[3, 23, 0, 50, 17, 44, 61, 43, 33, 22][2, 23, 3, 29, 69, 19, 18, 67, 65, 39][51, 64, 52, 20, 13, 50, 17, 61, 14, 60][13, 20, 55, 52, 64, 35, 58, 34, 57, 41][47, 53, 4, 25, 34, 45, 41, 36, 38, 66][6, 47, 40, 46, 53, 7, 4, 12, 25, 27][9, 16, 10, 8, 56, 6, 21, 30, 62, 24][28, 10, 59, 9, 68, 1, 31, 11, 15, 42][5, 18, 69, 29, 48, 39, 65, 54, 32, 37][9, 68, 11, 1, 26, 49, 15, 30, 63, 21][9, 68, 11, 1, 26, 49, 15, 30, 63, 21][3, 23, 0, 50, 17, 61, 43, 33, 22, 19][21, 24, 42, 49, 62, 15, 30, 26, 8, 28][9, 68, 11, 1, 26, 49, 15, 30, 63, 21][9, 68, 11, 1, 26, 49, 15, 30, 63, 21] 
[28, 10, 59, 9, 68, 1, 31, 11, 15, 42][9, 16, 10, 8, 56, 6, 21, 30, 62, 24][6, 47, 40, 46, 53, 7, 4, 12, 25, 27][47, 53, 4, 25, 34, 45, 41, 36, 38, 66][13, 20, 55, 52, 64, 35, 58, 34, 57, 41][51, 64, 52, 20, 13, 50, 17, 61, 14, 60][3, 23, 0, 50, 17, 61, 43, 33, 22, 19][2, 23, 3, 29, 69, 19, 18, 67, 65, 39][5, 18, 69, 29, 48, 39, 65, 54, 32, 37][9, 68, 11, 1, 26, 49, 15, 30, 63, 21][3, 23, 0, 50, 17, 44, 61, 43, 33, 22][51, 64, 52, 20, 13, 50, 17, 61, 14, 60][13, 20, 55, 52, 64, 35, 58, 34, 57, 41][51, 64, 52, 20, 13, 50, 17, 61, 14, 60][21, 24, 42, 49, 62, 15, 30, 26, 8, 28] 
[13, 20, 55, 52, 64, 35, 58, 34, 57, 41][47, 53, 4, 25, 34, 45, 41, 36, 38, 66][6, 47, 40, 46, 53, 7, 4, 12, 25, 27][9, 16, 10, 8, 56, 6, 21, 30, 62, 24][28, 10, 59, 9, 68, 1, 31, 11, 15, 42][51, 64, 52, 20, 13, 50, 17, 61, 14, 60][3, 23, 0, 50, 17, 44, 61, 43, 33, 22][2, 23, 3, 29, 69, 19, 18, 67, 65, 39][5, 18, 69, 29, 48, 39, 65, 54, 32, 37][9, 68, 11, 1, 26, 49, 15, 30, 63, 21][9, 68, 11, 1, 26, 49, 15, 30, 63, 21][51, 64, 52, 20, 13, 50, 17, 61, 14, 60][21, 24, 42, 49, 62, 15, 30, 26, 8, 28][13, 20, 55, 52, 64, 35, 58, 34, 57, 41][3, 23, 0, 50, 17, 61, 43, 33, 22, 19] 
[28, 10, 59, 9, 68, 1, 31, 11, 15, 42][9, 16, 10, 8, 56, 6, 21, 30, 62, 24][6, 47, 40, 46, 53, 7, 4, 12, 25, 27][47, 53, 4, 25, 34, 45, 41, 36, 38, 66][13, 20, 55, 52, 64, 35, 58, 34, 57, 41][51, 64, 52, 20, 13, 50, 17, 61, 14, 60][3, 23, 0, 50, 17, 61, 43, 33, 22, 19][2, 23, 3, 29, 69, 19, 18, 67, 65, 39][5, 18, 69, 29, 48, 39, 65, 54, 32, 37][9, 68, 11, 1, 26, 49, 15, 30, 63, 21][3, 23, 0, 50, 17, 44, 61, 43, 33, 22][21, 24, 42, 49, 62, 15, 30, 26, 8, 28][3, 23, 0, 50, 17, 61, 43, 33, 22, 19][3, 23, 0, 50, 17, 44, 61, 43, 33, 22][51, 64, 52, 20, 13, 50, 17, 61, 14, 60] 
[28, 10, 59, 9, 68, 1, 31, 11, 15, 42][9, 16, 10, 8, 56, 6, 21, 30, 62, 24][6, 47, 40, 46, 53, 7, 4, 12, 25, 27][47, 53, 4, 25, 34, 45, 41, 36, 38, 66][13, 20, 55, 52, 64, 35, 58, 34, 57, 41][51, 64, 52, 20, 13, 50, 17, 61, 14, 60][3, 23, 0, 50, 17, 61, 43, 33, 22, 19][2, 23, 3, 29, 69, 19, 18, 67, 65, 39][5, 18, 69, 29, 48, 39, 65, 54, 32, 37][9, 68, 11, 1, 26, 49, 15, 30, 63, 21][3, 23, 0, 50, 17, 44, 61, 43, 33, 22][47, 53, 4, 25, 34, 45, 41, 36, 38, 66][5, 18, 69, 29, 48, 39, 65, 54, 32, 37][3, 23, 0, 50, 17, 61, 43, 33, 22, 19][21, 24, 42, 49, 62, 15, 30, 26, 8, 28] 
[3, 23, 0, 50, 17, 44, 61, 43, 33, 22][2, 23, 3, 29, 69, 19, 18, 67, 65, 39][51, 64, 52, 20, 13, 50, 17, 61, 14, 60][13, 20, 55, 52, 64, 35, 58, 34, 57, 41][47, 53, 4, 25, 34, 45, 41, 36, 38, 66][6, 47, 40, 46, 53, 7, 4, 12, 25, 27][9, 16, 10, 8, 56, 6, 21, 30, 62, 24][28, 10, 59, 9, 68, 1, 31, 11, 15, 42][5, 18, 69, 29, 48, 39, 65, 54, 32, 37][9, 68, 11, 1, 26, 49, 15, 30, 63, 21][9, 68, 11, 1, 26, 49, 15, 30, 63, 21][3, 23, 0, 50, 17, 61, 43, 33, 22, 19][21, 24, 42, 49, 62, 15, 30, 26, 8, 28][9, 68, 11, 1, 26, 49, 15, 30, 63, 21][9, 68, 11, 1, 26, 49, 15, 30, 63, 21] 
[28, 10, 59, 9, 68, 1, 31, 11, 15, 42][9, 16, 10, 8, 56, 6, 21, 30, 62, 24][6, 47, 40, 46, 53, 7, 4, 12, 25, 27][47, 53, 4, 25, 34, 45, 41, 36, 38, 66][13, 20, 55, 52, 64, 35, 58, 34, 57, 41][51, 64, 52, 20, 13, 50, 17, 61, 14, 60][3, 23, 0, 50, 17, 61, 43, 33, 22, 19][2, 23, 3, 29, 69, 19, 18, 67, 65, 39][5, 18, 69, 29, 48, 39, 65, 54, 32, 37][9, 68, 11, 1, 26, 49, 15, 30, 63, 21][3, 23, 0, 50, 17, 44, 61, 43, 33, 22][51, 64, 52, 20, 13, 50, 17, 61, 14, 60][21, 24, 42, 49, 62, 15, 30, 26, 8, 28][13, 20, 55, 52, 64, 35, 58, 34, 57, 41][51, 64, 52, 20, 13, 50, 17, 61, 14, 60] 
[28, 10, 59, 9, 68, 1, 31, 11, 15, 42][9, 16, 10, 8, 56, 6, 21, 30, 62, 24][6, 47, 40, 46, 53, 7, 4, 12, 25, 27][47, 53, 4, 25, 34, 45, 41, 36, 38, 66][13, 20, 55, 52, 64, 35, 58, 34, 57, 41][51, 64, 52, 20, 13, 50, 17, 61, 14, 60][3, 23, 0, 50, 17, 61, 43, 33, 22, 19][2, 23, 3, 29, 69, 19, 18, 67, 65, 39][5, 18, 69, 29, 48, 39, 65, 54, 32, 37][9, 68, 11, 1, 26, 49, 15, 30, 63, 21][3, 23, 0, 50, 17, 44, 61, 43, 33, 22][47, 53, 4, 25, 34, 45, 41, 36, 38, 66][5, 18, 69, 29, 48, 39, 65, 54, 32, 37][3, 23, 0, 50, 17, 61, 43, 33, 22, 19][21, 24, 42, 49, 62, 15, 30, 26, 8, 28] 
[28, 10, 59, 9, 68, 1, 31, 11, 15, 42][9, 16, 10, 8, 56, 6, 21, 30, 62, 24][6, 47, 40, 46, 53, 7, 4, 12, 25, 27][47, 53, 4, 25, 34, 45, 41, 36, 38, 66][13, 20, 55, 52, 64, 35, 58, 34, 57, 41][51, 64, 52, 20, 13, 50, 17, 61, 14, 60][3, 23, 0, 50, 17, 61, 43, 33, 22, 19][2, 23, 3, 29, 69, 19, 18, 67, 65, 39][5, 18, 69, 29, 48, 39, 65, 54, 32, 37][9, 68, 11, 1, 26, 49, 15, 30, 63, 21][3, 23, 0, 50, 17, 44, 61, 43, 33, 22][47, 53, 4, 25, 34, 45, 41, 36, 38, 66][5, 18, 69, 29, 48, 39, 65, 54, 32, 37][3, 23, 0, 50, 17, 61, 43, 33, 22, 19][21, 24, 42, 49, 62, 15, 30, 26, 8, 28] 
[3, 23, 0, 50, 17, 44, 61, 43, 33, 22][2, 23, 3, 29, 69, 19, 18, 67, 65, 39][51, 64, 52, 20, 13, 50, 17, 61, 14, 60][13, 20, 55, 52, 64, 35, 58, 34, 57, 41][47, 53, 4, 25, 34, 45, 41, 36, 38, 66][6, 47, 40, 46, 53, 7, 4, 12, 25, 27][9, 16, 10, 8, 56, 6, 21, 30, 62, 24][28, 10, 59, 9, 68, 1, 31, 11, 15, 42][5, 18, 69, 29, 48, 39, 65, 54, 32, 37][9, 68, 11, 1, 26, 49, 15, 30, 63, 21][9, 68, 11, 1, 26, 49, 15, 30, 63, 21][3, 23, 0, 50, 17, 61, 43, 33, 22, 19][21, 24, 42, 49, 62, 15, 30, 26, 8, 28][9, 68, 11, 1, 26, 49, 15, 30, 63, 21][9, 68, 11, 1, 26, 49, 15, 30, 63, 21] 
[28, 10, 59, 9, 68, 1, 31, 11, 15, 42][9, 16, 10, 8, 56, 6, 21, 30, 62, 24][6, 47, 40, 46, 53, 7, 4, 12, 25, 27][47, 53, 4, 25, 34, 45, 41, 36, 38, 66][13, 20, 55, 52, 64, 35, 58, 34, 57, 41][51, 64, 52, 20, 13, 50, 17, 61, 14, 60][3, 23, 0, 50, 17, 61, 43, 33, 22, 19][2, 23, 3, 29, 69, 19, 18, 67, 65, 39][5, 18, 69, 29, 48, 39, 65, 54, 32, 37][9, 68, 11, 1, 26, 49, 15, 30, 63, 21][3, 23, 0, 50, 17, 44, 61, 43, 33, 22][51, 64, 52, 20, 13, 50, 17, 61, 14, 60][21, 24, 42, 49, 62, 15, 30, 26, 8, 28][13, 20, 55, 52, 64, 35, 58, 34, 57, 41][51, 64, 52, 20, 13, 50, 17, 61, 14, 60] 
[28, 10, 59, 9, 68, 1, 31, 11, 15, 42][9, 16, 10, 8, 56, 6, 21, 30, 62, 24][6, 47, 40, 46, 53, 7, 4, 12, 25, 27][47, 53, 4, 25, 34, 45, 41, 36, 38, 66][13, 20, 55, 52, 64, 35, 58, 34, 57, 41][51, 64, 52, 20, 13, 50, 17, 61, 14, 60][3, 23, 0, 50, 17, 61, 43, 33, 22, 19][2, 23, 3, 29, 69, 19, 18, 67, 65, 39][5, 18, 69, 29, 48, 39, 65, 54, 32, 37][9, 68, 11, 1, 26, 49, 15, 30, 63, 21][3, 23, 0, 50, 17, 44, 61, 43, 33, 22][47, 53, 4, 25, 34, 45, 41, 36, 38, 66][5, 18, 69, 29, 48, 39, 65, 54, 32, 37][3, 23, 0, 50, 17, 61, 43, 33, 22, 19][21, 24, 42, 49, 62, 15, 30, 26, 8, 28] 
[28, 10, 59, 9, 68, 1, 31, 11, 15, 42][9, 16, 10, 8, 56, 6, 21, 30, 62, 24][6, 47, 40, 46, 53, 7, 4, 12, 25, 27][47, 53, 4, 25, 34, 45, 41, 36, 38, 66][13, 20, 55, 52, 64, 35, 58, 34, 57, 41][51, 64, 52, 20, 13, 50, 17, 61, 14, 60][3, 23, 0, 50, 17, 61, 43, 33, 22, 19][2, 23, 3, 29, 69, 19, 18, 67, 65, 39][5, 18, 69, 29, 48, 39, 65, 54, 32, 37][9, 68, 11, 1, 26, 49, 15, 30, 63, 21][3, 23, 0, 50, 17, 44, 61, 43, 33, 22][47, 53, 4, 25, 34, 45, 41, 36, 38, 66][5, 18, 69, 29, 48, 39, 65, 54, 32, 37][3, 23, 0, 50, 17, 61, 43, 33, 22, 19][21, 24, 42, 49, 62, 15, 30, 26, 8, 28] 
[16, 26, 8, 52, 64, 58, 35, 6, 56, 28, 10, 59, 9, 68, 1, 31, 11, 15, 42, 62, 30, 24][47, 53, 4, 25, 34, 45, 41, 36, 38, 66][13, 20, 55, 52, 64, 35, 58, 34, 57, 41][51, 64, 52, 20, 13, 50, 17, 61, 14, 60][3, 23, 0, 50, 17, 44, 61, 43, 33, 22][2, 23, 3, 29, 69, 19, 18, 67, 65, 39][5, 18, 69, 29, 48, 39, 65, 54, 32, 37][6, 47, 40, 46, 53, 7, 4, 12, 25, 27][9, 68, 11, 1, 26, 49, 15, 30, 63, 21][28, 10, 59, 9, 68, 1, 31, 11, 15, 42][28, 10, 59, 9, 68, 1, 31, 11, 15, 42][3, 23, 0, 50, 17, 61, 43, 33, 22, 19][28, 10, 59, 9, 68, 1, 31, 11, 15, 42][28, 10, 59, 9, 68, 1, 31, 11, 15, 42][9, 68, 11, 1, 26, 49, 15, 30, 63, 21] 
[16, 26, 8, 52, 64, 58, 35, 6, 56, 28, 10, 59, 9, 68, 1, 31, 11, 15, 42, 62, 30, 24][47, 53, 4, 25, 34, 45, 41, 36, 38, 66][13, 20, 55, 52, 64, 35, 58, 34, 57, 41][51, 64, 52, 20, 13, 50, 17, 61, 14, 60][3, 23, 0, 50, 17, 44, 61, 43, 33, 22][2, 23, 3, 29, 69, 19, 18, 67, 65, 39][5, 18, 69, 29, 48, 39, 65, 54, 32, 37][6, 47, 40, 46, 53, 7, 4, 12, 25, 27][9, 68, 11, 1, 26, 49, 15, 30, 63, 21][28, 10, 59, 9, 68, 1, 31, 11, 15, 42][28, 10, 59, 9, 68, 1, 31, 11, 15, 42][3, 23, 0, 50, 17, 61, 43, 33, 22, 19][28, 10, 59, 9, 68, 1, 31, 11, 15, 42][28, 10, 59, 9, 68, 1, 31, 11, 15, 42][9, 68, 11, 1, 26, 49, 15, 30, 63, 21] 
[16, 26, 8, 52, 64, 58, 35, 6, 56, 28, 10, 59, 9, 68, 1, 31, 11, 15, 42, 62, 30, 24][47, 53, 4, 25, 34, 45, 41, 36, 38, 66][13, 20, 55, 52, 64, 35, 58, 34, 57, 41][51, 64, 52, 20, 13, 50, 17, 61, 14, 60][3, 23, 0, 50, 17, 44, 61, 43, 33, 22][2, 23, 3, 29, 69, 19, 18, 67, 65, 39][5, 18, 69, 29, 48, 39, 65, 54, 32, 37][6, 47, 40, 46, 53, 7, 4, 12, 25, 27][9, 68, 11, 1, 26, 49, 15, 30, 63, 21][28, 10, 59, 9, 68, 1, 31, 11, 15, 42][28, 10, 59, 9, 68, 1, 31, 11, 15, 42][3, 23, 0, 50, 17, 61, 43, 33, 22, 19][28, 10, 59, 9, 68, 1, 31, 11, 15, 42][28, 10, 59, 9, 68, 1, 31, 11, 15, 42][9, 68, 11, 1, 26, 49, 15, 30, 63, 21] 
[4, 25, 27, 67, 37, 32, 54, 65, 39, 48, 29, 69, 18, 5][51, 64, 52, 20, 13, 50, 17, 61, 14, 60][3, 23, 0, 50, 17, 44, 61, 43, 33, 22][2, 23, 3, 29, 69, 19, 18, 67, 65, 39][20, 55, 52, 64, 35, 58, 45, 34, 57, 41][47, 53, 4, 25, 34, 45, 41, 36, 38, 66][6, 47, 40, 46, 53, 7, 4, 12, 25, 27][6, 56, 28, 10, 59, 9, 68, 1, 31, 11][11, 31, 1, 26, 49, 15, 42, 30, 63, 21][5, 18, 69, 29, 48, 39, 65, 54, 32, 37][9, 16, 10, 8, 56, 6, 21, 30, 62, 24][5, 18, 69, 29, 48, 39, 65, 54, 32, 37][47, 53, 4, 25, 34, 45, 41, 36, 38, 66][5, 18, 69, 29, 48, 39, 65, 54, 32, 37][47, 53, 4, 25, 34, 45, 41, 36, 38, 66] 
[5, 18, 69, 29, 48, 39, 65, 54, 32, 37, 67, 27, 25, 4, 40][13, 20, 55, 52, 64, 35, 58, 45, 34, 57, 41][51, 64, 52, 20, 13, 50, 17, 61, 14, 60][3, 23, 0, 50, 17, 44, 61, 43, 33, 22][2, 23, 3, 29, 69, 19, 18, 67, 65, 39][47, 53, 4, 25, 34, 45, 41, 36, 38, 66][6, 47, 40, 46, 53, 7, 4, 12, 25, 27][6, 56, 28, 10, 59, 9, 68, 1, 31, 11][11, 31, 1, 26, 49, 15, 42, 30, 63, 21][5, 18, 69, 29, 48, 39, 65, 54, 32, 37][9, 16, 10, 8, 56, 6, 21, 30, 62, 24][5, 18, 69, 29, 48, 39, 65, 54, 32, 37][47, 53, 4, 25, 34, 45, 41, 36, 38, 66][5, 18, 69, 29, 48, 39, 65, 54, 32, 37][47, 53, 4, 25, 34, 45, 41, 36, 38, 66] 
[6, 56, 28, 10, 59, 9, 68, 1, 31, 11][6, 47, 40, 46, 53, 7, 4, 12, 25, 27][21, 24, 42, 49, 62, 15, 30, 26, 8, 28][47, 53, 4, 25, 34, 45, 41, 36, 38, 66][20, 55, 52, 64, 35, 58, 45, 34, 57, 41][51, 64, 52, 20, 13, 50, 17, 61, 14, 60][3, 23, 0, 50, 17, 44, 61, 43, 33, 22][2, 23, 3, 29, 69, 19, 18, 67, 65, 39][5, 18, 69, 29, 48, 39, 65, 54, 32, 37][8, 52, 55, 16, 26, 30, 63, 21, 62, 15][20, 55, 52, 64, 35, 58, 45, 34, 57, 41][2, 23, 3, 29, 69, 19, 18, 67, 65, 39][20, 55, 52, 64, 35, 58, 45, 34, 57, 41][51, 64, 52, 20, 13, 50, 17, 61, 14, 60][20, 55, 52, 64, 35, 58, 45, 34, 57, 41] 
[16, 26, 8, 52, 64, 58, 35, 6, 56, 28, 10, 59, 9, 68, 1, 31, 11, 15, 42, 62, 30, 24][47, 53, 4, 25, 34, 45, 41, 36, 38, 66][13, 20, 55, 52, 64, 35, 58, 34, 57, 41][51, 64, 52, 20, 13, 50, 17, 61, 14, 60][3, 23, 0, 50, 17, 44, 61, 43, 33, 22][2, 23, 3, 29, 69, 19, 18, 67, 65, 39][5, 18, 69, 29, 48, 39, 65, 54, 32, 37][6, 47, 40, 46, 53, 7, 4, 12, 25, 27][9, 68, 11, 1, 26, 49, 15, 30, 63, 21][28, 10, 59, 9, 68, 1, 31, 11, 15, 42][28, 10, 59, 9, 68, 1, 31, 11, 15, 42][3, 23, 0, 50, 17, 61, 43, 33, 22, 19][28, 10, 59, 9, 68, 1, 31, 11, 15, 42][28, 10, 59, 9, 68, 1, 31, 11, 15, 42][9, 68, 11, 1, 26, 49, 15, 30, 63, 21] 
[16, 26, 8, 52, 64, 58, 35, 6, 56, 28, 10, 59, 9, 68, 1, 31, 11, 15, 42, 62, 30, 24][47, 53, 4, 25, 34, 45, 41, 36, 38, 66][13, 20, 55, 52, 64, 35, 58, 34, 57, 41][51, 64, 52, 20, 13, 50, 17, 61, 14, 60][3, 23, 0, 50, 17, 44, 61, 43, 33, 22][2, 23, 3, 29, 69, 19, 18, 67, 65, 39][5, 18, 69, 29, 48, 39, 65, 54, 32, 37][6, 47, 40, 46, 53, 7, 4, 12, 25, 27][9, 68, 11, 1, 26, 49, 15, 30, 63, 21][28, 10, 59, 9, 68, 1, 31, 11, 15, 42][28, 10, 59, 9, 68, 1, 31, 11, 15, 42][3, 23, 0, 50, 17, 61, 43, 33, 22, 19][28, 10, 59, 9, 68, 1, 31, 11, 15, 42][28, 10, 59, 9, 68, 1, 31, 11, 15, 42][9, 68, 11, 1, 26, 49, 15, 30, 63, 21] 
[5, 18, 69, 29, 48, 39, 65, 54, 32, 37, 67, 27, 25, 4, 40, 46][13, 20, 55, 52, 64, 35, 58, 45, 34, 57, 41][51, 64, 52, 20, 13, 50, 17, 61, 14, 60][3, 23, 0, 50, 17, 44, 61, 43, 33, 22][2, 23, 3, 29, 69, 19, 18, 67, 65, 39][47, 53, 4, 25, 34, 45, 41, 36, 38, 66][6, 47, 40, 46, 53, 7, 4, 12, 25, 27][6, 56, 28, 10, 59, 9, 68, 1, 31, 11][11, 31, 1, 26, 49, 15, 42, 30, 63, 21][5, 18, 69, 29, 48, 39, 65, 54, 32, 37][9, 16, 10, 8, 56, 6, 21, 30, 62, 24][5, 18, 69, 29, 48, 39, 65, 54, 32, 37][47, 53, 4, 25, 34, 45, 41, 36, 38, 66][5, 18, 69, 29, 48, 39, 65, 54, 32, 37][47, 53, 4, 25, 34, 45, 41, 36, 38, 66] 
[16, 26, 8, 52, 64, 58, 35, 6, 56, 28, 10, 59, 9, 68, 1, 31, 11, 15, 42, 62, 30, 24][47, 53, 4, 25, 34, 45, 41, 36, 38, 66][13, 20, 55, 52, 64, 35, 58, 34, 57, 41][51, 64, 52, 20, 13, 50, 17, 61, 14, 60][3, 23, 0, 50, 17, 44, 61, 43, 33, 22][2, 23, 3, 29, 69, 19, 18, 67, 65, 39][5, 18, 69, 29, 48, 39, 65, 54, 32, 37][6, 47, 40, 46, 53, 7, 4, 12, 25, 27][9, 68, 11, 1, 26, 49, 15, 30, 63, 21][28, 10, 59, 9, 68, 1, 31, 11, 15, 42][28, 10, 59, 9, 68, 1, 31, 11, 15, 42][3, 23, 0, 50, 17, 61, 43, 33, 22, 19][28, 10, 59, 9, 68, 1, 31, 11, 15, 42][28, 10, 59, 9, 68, 1, 31, 11, 15, 42][9, 68, 11, 1, 26, 49, 15, 30, 63, 21] 
[16, 26, 8, 52, 64, 58, 35, 6, 56, 28, 10, 59, 9, 68, 1, 31, 11, 15, 42, 62, 30, 24][47, 53, 4, 25, 34, 45, 41, 36, 38, 66][13, 20, 55, 52, 64, 35, 58, 34, 57, 41][51, 64, 52, 20, 13, 50, 17, 61, 14, 60][3, 23, 0, 50, 17, 44, 61, 43, 33, 22][2, 23, 3, 29, 69, 19, 18, 67, 65, 39][5, 18, 69, 29, 48, 39, 65, 54, 32, 37][6, 47, 40, 46, 53, 7, 4, 12, 25, 27][9, 68, 11, 1, 26, 49, 15, 30, 63, 21][28, 10, 59, 9, 68, 1, 31, 11, 15, 42][28, 10, 59, 9, 68, 1, 31, 11, 15, 42][3, 23, 0, 50, 17, 61, 43, 33, 22, 19][28, 10, 59, 9, 68, 1, 31, 11, 15, 42][28, 10, 59, 9, 68, 1, 31, 11, 15, 42][9, 68, 11, 1, 26, 49, 15, 30, 63, 21] 
[16, 26, 8, 52, 64, 58, 35, 6, 56, 28, 10, 59, 9, 68, 1, 31, 11, 15, 42, 62, 30, 24][47, 53, 4, 25, 34, 45, 41, 36, 38, 66][13, 20, 55, 52, 64, 35, 58, 34, 57, 41][51, 64, 52, 20, 13, 50, 17, 61, 14, 60][3, 23, 0, 50, 17, 44, 61, 43, 33, 22][2, 23, 3, 29, 69, 19, 18, 67, 65, 39][5, 18, 69, 29, 48, 39, 65, 54, 32, 37][6, 47, 40, 46, 53, 7, 4, 12, 25, 27][9, 68, 11, 1, 26, 49, 15, 30, 63, 21][28, 10, 59, 9, 68, 1, 31, 11, 15, 42][28, 10, 59, 9, 68, 1, 31, 11, 15, 42][3, 23, 0, 50, 17, 61, 43, 33, 22, 19][28, 10, 59, 9, 68, 1, 31, 11, 15, 42][28, 10, 59, 9, 68, 1, 31, 11, 15, 42][9, 68, 11, 1, 26, 49, 15, 30, 63, 21] 
[5, 18, 69, 29, 48, 39, 65, 54, 32, 37, 67, 27, 25, 4, 40, 46][13, 20, 55, 52, 64, 35, 58, 45, 34, 57, 41][5, 18, 69, 29, 48, 39, 65, 54, 32, 37, 67][51, 64, 52, 20, 13, 50, 17, 61, 14, 60][3, 23, 0, 50, 17, 44, 61, 43, 33, 22][2, 23, 3, 29, 69, 19, 18, 67, 65, 39][47, 53, 4, 25, 34, 45, 41, 36, 38, 66][6, 47, 40, 46, 53, 7, 4, 12, 25, 27][6, 56, 28, 10, 59, 9, 68, 1, 31, 11][11, 31, 1, 26, 49, 15, 42, 30, 63, 21][5, 18, 69, 29, 48, 39, 65, 54, 32, 37][9, 16, 10, 8, 56, 6, 21, 30, 62, 24][5, 18, 69, 29, 48, 39, 65, 54, 32, 37][47, 53, 4, 25, 34, 45, 41, 36, 38, 66][47, 53, 4, 25, 34, 45, 41, 36, 38, 66] 
[16, 26, 8, 52, 64, 58, 35, 6, 56, 28, 10, 59, 9, 68, 1, 31, 11, 15, 42, 62, 30, 24][47, 53, 4, 25, 34, 45, 41, 36, 38, 66][13, 20, 55, 52, 64, 35, 58, 34, 57, 41][51, 64, 52, 20, 13, 50, 17, 61, 14, 60][3, 23, 0, 50, 17, 44, 61, 43, 33, 22][2, 23, 3, 29, 69, 19, 18, 67, 65, 39][5, 18, 69, 29, 48, 39, 65, 54, 32, 37][6, 47, 40, 46, 53, 7, 4, 12, 25, 27][9, 68, 11, 1, 26, 49, 15, 30, 63, 21][28, 10, 59, 9, 68, 1, 31, 11, 15, 42][28, 10, 59, 9, 68, 1, 31, 11, 15, 42][3, 23, 0, 50, 17, 61, 43, 33, 22, 19][28, 10, 59, 9, 68, 1, 31, 11, 15, 42][28, 10, 59, 9, 68, 1, 31, 11, 15, 42][9, 68, 11, 1, 26, 49, 15, 30, 63, 21] 
[16, 26, 8, 52, 64, 58, 35, 6, 56, 28, 10, 59, 9, 68, 1, 31, 11, 15, 42, 62, 30, 24][47, 53, 4, 25, 34, 45, 41, 36, 38, 66][13, 20, 55, 52, 64, 35, 58, 34, 57, 41][51, 64, 52, 20, 13, 50, 17, 61, 14, 60][3, 23, 0, 50, 17, 44, 61, 43, 33, 22][2, 23, 3, 29, 69, 19, 18, 67, 65, 39][5, 18, 69, 29, 48, 39, 65, 54, 32, 37][6, 47, 40, 46, 53, 7, 4, 12, 25, 27][9, 68, 11, 1, 26, 49, 15, 30, 63, 21][28, 10, 59, 9, 68, 1, 31, 11, 15, 42][28, 10, 59, 9, 68, 1, 31, 11, 15, 42][3, 23, 0, 50, 17, 61, 43, 33, 22, 19][28, 10, 59, 9, 68, 1, 31, 11, 15, 42][28, 10, 59, 9, 68, 1, 31, 11, 15, 42][9, 68, 11, 1, 26, 49, 15, 30, 63, 21] 
[16, 26, 8, 52, 64, 58, 35, 6, 56, 28, 10, 59, 9, 68, 1, 31, 11, 15, 42, 62, 30, 24][3, 23, 0, 50, 17, 44, 61, 43, 33, 22][2, 23, 3, 29, 69, 19, 18, 67, 65, 39][51, 64, 52, 20, 13, 50, 17, 61, 14, 60][6, 47, 40, 46, 53, 7, 4, 12, 25, 27][47, 53, 4, 25, 34, 45, 41, 36, 38, 66][5, 18, 69, 29, 48, 39, 65, 54, 32, 37][9, 68, 11, 1, 26, 49, 15, 30, 63, 21][13, 20, 55, 52, 64, 35, 58, 34, 57, 41][2, 23, 3, 29, 69, 19, 18, 67, 65, 39][6, 47, 40, 46, 53, 7, 4, 12, 25, 27][28, 10, 59, 9, 68, 1, 31, 11, 15, 42][28, 10, 59, 9, 68, 1, 31, 11, 15, 42][28, 10, 59, 9, 68, 1, 31, 11, 15, 42][28, 10, 59, 9, 68, 1, 31, 11, 15, 42] 
[16, 26, 8, 55, 52, 64, 58, 35, 6, 56, 28, 10, 59, 9, 68, 1, 31, 11, 15, 42, 62, 24][3, 23, 0, 50, 17, 44, 61, 43, 33, 22][2, 23, 3, 29, 69, 19, 18, 67, 65, 39][51, 64, 52, 20, 13, 50, 17, 61, 14, 60][6, 47, 40, 46, 53, 7, 4, 12, 25, 27][47, 53, 4, 25, 34, 45, 41, 36, 38, 66][5, 18, 69, 29, 48, 39, 65, 54, 32, 37][9, 68, 11, 1, 26, 49, 15, 30, 63, 21][13, 20, 55, 52, 64, 35, 58, 34, 57, 41][2, 23, 3, 29, 69, 19, 18, 67, 65, 39][6, 47, 40, 46, 53, 7, 4, 12, 25, 27][28, 10, 59, 9, 68, 1, 31, 11, 15, 42][28, 10, 59, 9, 68, 1, 31, 11, 15, 42][28, 10, 59, 9, 68, 1, 31, 11, 15, 42][28, 10, 59, 9, 68, 1, 31, 11, 15, 42] 
[5, 18, 69, 29, 48, 39, 65, 54, 32, 37, 67, 27, 25, 4, 40, 46][13, 20, 55, 52, 64, 35, 58, 45, 34, 57, 41][5, 18, 69, 29, 48, 39, 65, 54, 32, 37, 67][51, 64, 52, 20, 13, 50, 17, 61, 14, 60][3, 23, 0, 50, 17, 44, 61, 43, 33, 22][2, 23, 3, 29, 69, 19, 18, 67, 65, 39][47, 53, 4, 25, 34, 45, 41, 36, 38, 66][6, 47, 40, 46, 53, 7, 4, 12, 25, 27][6, 56, 28, 10, 59, 9, 68, 1, 31, 11][11, 31, 1, 26, 49, 15, 42, 30, 63, 21][5, 18, 69, 29, 48, 39, 65, 54, 32, 37][9, 16, 10, 8, 56, 6, 21, 30, 62, 24][5, 18, 69, 29, 48, 39, 65, 54, 32, 37][47, 53, 4, 25, 34, 45, 41, 36, 38, 66][47, 53, 4, 25, 34, 45, 41, 36, 38, 66] 
[16, 26, 8, 52, 64, 58, 35, 6, 56, 28, 10, 59, 9, 68, 1, 31, 11, 15, 42, 62, 30, 24][3, 23, 0, 50, 17, 44, 61, 43, 33, 22][2, 23, 3, 29, 69, 19, 18, 67, 65, 39][51, 64, 52, 20, 13, 50, 17, 61, 14, 60][6, 47, 40, 46, 53, 7, 4, 12, 25, 27][47, 53, 4, 25, 34, 45, 41, 36, 38, 66][5, 18, 69, 29, 48, 39, 65, 54, 32, 37][9, 68, 11, 1, 26, 49, 15, 30, 63, 21][13, 20, 55, 52, 64, 35, 58, 34, 57, 41][2, 23, 3, 29, 69, 19, 18, 67, 65, 39][6, 47, 40, 46, 53, 7, 4, 12, 25, 27][28, 10, 59, 9, 68, 1, 31, 11, 15, 42][28, 10, 59, 9, 68, 1, 31, 11, 15, 42][28, 10, 59, 9, 68, 1, 31, 11, 15, 42][28, 10, 59, 9, 68, 1, 31, 11, 15, 42] 
[16, 26, 8, 55, 52, 64, 58, 35, 6, 56, 28, 10, 59, 9, 68, 1, 31, 11, 15, 42, 62, 24][3, 23, 0, 50, 17, 44, 61, 43, 33, 22][2, 23, 3, 29, 69, 19, 18, 67, 65, 39][51, 64, 52, 20, 13, 50, 17, 61, 14, 60][6, 47, 40, 46, 53, 7, 4, 12, 25, 27][47, 53, 4, 25, 34, 45, 41, 36, 38, 66][5, 18, 69, 29, 48, 39, 65, 54, 32, 37][9, 68, 11, 1, 26, 49, 15, 30, 63, 21][13, 20, 55, 52, 64, 35, 58, 34, 57, 41][2, 23, 3, 29, 69, 19, 18, 67, 65, 39][6, 47, 40, 46, 53, 7, 4, 12, 25, 27][28, 10, 59, 9, 68, 1, 31, 11, 15, 42][28, 10, 59, 9, 68, 1, 31, 11, 15, 42][28, 10, 59, 9, 68, 1, 31, 11, 15, 42][28, 10, 59, 9, 68, 1, 31, 11, 15, 42] 
[16, 26, 8, 55, 52, 64, 58, 35, 6, 56, 28, 10, 59, 9, 68, 1, 31, 11, 15, 42, 62, 30, 24][3, 23, 0, 50, 17, 44, 61, 43, 33, 22][2, 23, 3, 29, 69, 19, 18, 67, 65, 39][51, 64, 52, 20, 13, 50, 17, 61, 14, 60][6, 47, 40, 46, 53, 7, 4, 12, 25, 27][47, 53, 4, 25, 34, 45, 41, 36, 38, 66][5, 18, 69, 29, 48, 39, 65, 54, 32, 37][9, 68, 11, 1, 26, 49, 15, 30, 63, 21][13, 20, 55, 52, 64, 35, 58, 34, 57, 41][2, 23, 3, 29, 69, 19, 18, 67, 65, 39][6, 47, 40, 46, 53, 7, 4, 12, 25, 27][28, 10, 59, 9, 68, 1, 31, 11, 15, 42][28, 10, 59, 9, 68, 1, 31, 11, 15, 42][28, 10, 59, 9, 68, 1, 31, 11, 15, 42][28, 10, 59, 9, 68, 1, 31, 11, 15, 42] 
[28, 10, 59, 9, 68, 1, 31, 11, 15, 42][9, 16, 10, 8, 56, 6, 21, 30, 62, 24][6, 47, 40, 46, 53, 7, 4, 12, 25, 27][47, 53, 4, 25, 34, 45, 41, 36, 38, 66][13, 20, 55, 52, 64, 35, 58, 34, 57, 41][51, 64, 52, 20, 13, 50, 17, 61, 14, 60][3, 23, 0, 50, 17, 61, 43, 33, 22, 19][2, 23, 3, 29, 69, 19, 18, 67, 65, 39][5, 18, 69, 29, 48, 39, 65, 54, 32, 37][9, 68, 11, 1, 26, 49, 15, 30, 63, 21][3, 23, 0, 50, 17, 44, 61, 43, 33, 22][47, 53, 4, 25, 34, 45, 41, 36, 38, 66][5, 18, 69, 29, 48, 39, 65, 54, 32, 37][3, 23, 0, 50, 17, 61, 43, 33, 22, 19][21, 24, 42, 49, 62, 15, 30, 26, 8, 28] 
[28, 10, 59, 9, 68, 1, 31, 11, 15, 42][9, 16, 10, 8, 56, 6, 21, 30, 62, 24][6, 47, 40, 46, 53, 7, 4, 12, 25, 27][47, 53, 4, 25, 34, 45, 41, 36, 38, 66][13, 20, 55, 52, 64, 35, 58, 34, 57, 41][51, 64, 52, 20, 13, 50, 17, 61, 14, 60][3, 23, 0, 50, 17, 61, 43, 33, 22, 19][2, 23, 3, 29, 69, 19, 18, 67, 65, 39][5, 18, 69, 29, 48, 39, 65, 54, 32, 37][9, 68, 11, 1, 26, 49, 15, 30, 63, 21][3, 23, 0, 50, 17, 44, 61, 43, 33, 22][47, 53, 4, 25, 34, 45, 41, 36, 38, 66][5, 18, 69, 29, 48, 39, 65, 54, 32, 37][3, 23, 0, 50, 17, 61, 43, 33, 22, 19][21, 24, 42, 49, 62, 15, 30, 26, 8, 28] 
[28, 10, 59, 9, 68, 1, 31, 11, 15, 42][9, 16, 10, 8, 56, 6, 21, 30, 62, 24][6, 47, 40, 46, 53, 7, 4, 12, 25, 27][47, 53, 4, 25, 34, 45, 41, 36, 38, 66][13, 20, 55, 52, 64, 35, 58, 34, 57, 41][51, 64, 52, 20, 13, 50, 17, 61, 14, 60][3, 23, 0, 50, 17, 61, 43, 33, 22, 19][2, 23, 3, 29, 69, 19, 18, 67, 65, 39][5, 18, 69, 29, 48, 39, 65, 54, 32, 37][9, 68, 11, 1, 26, 49, 15, 30, 63, 21][3, 23, 0, 50, 17, 44, 61, 43, 33, 22][47, 53, 4, 25, 34, 45, 41, 36, 38, 66][5, 18, 69, 29, 48, 39, 65, 54, 32, 37][3, 23, 0, 50, 17, 61, 43, 33, 22, 19][21, 24, 42, 49, 62, 15, 30, 26, 8, 28] 
[28, 10, 59, 9, 68, 1, 31, 11, 15, 42][9, 16, 10, 8, 56, 6, 21, 30, 62, 24][6, 47, 40, 46, 53, 7, 4, 12, 25, 27][47, 53, 4, 25, 34, 45, 41, 36, 38, 66][13, 20, 55, 52, 64, 35, 58, 34, 57, 41][51, 64, 52, 20, 13, 50, 17, 61, 14, 60][3, 23, 0, 50, 17, 61, 43, 33, 22, 19][2, 23, 3, 29, 69, 19, 18, 67, 65, 39][5, 18, 69, 29, 48, 39, 65, 54, 32, 37][9, 68, 11, 1, 26, 49, 15, 30, 63, 21][3, 23, 0, 50, 17, 44, 61, 43, 33, 22][47, 53, 4, 25, 34, 45, 41, 36, 38, 66][5, 18, 69, 29, 48, 39, 65, 54, 32, 37][3, 23, 0, 50, 17, 61, 43, 33, 22, 19][21, 24, 42, 49, 62, 15, 30, 26, 8, 28] 
[28, 10, 59, 9, 68, 1, 31, 11, 15, 42][9, 16, 10, 8, 56, 6, 21, 30, 62, 24][6, 47, 40, 46, 53, 7, 4, 12, 25, 27][47, 53, 4, 25, 34, 45, 41, 36, 38, 66][13, 20, 55, 52, 64, 35, 58, 34, 57, 41][51, 64, 52, 20, 13, 50, 17, 61, 14, 60][3, 23, 0, 50, 17, 61, 43, 33, 22, 19][2, 23, 3, 29, 69, 19, 18, 67, 65, 39][5, 18, 69, 29, 48, 39, 65, 54, 32, 37][9, 68, 11, 1, 26, 49, 15, 30, 63, 21][3, 23, 0, 50, 17, 44, 61, 43, 33, 22][47, 53, 4, 25, 34, 45, 41, 36, 38, 66][5, 18, 69, 29, 48, 39, 65, 54, 32, 37][3, 23, 0, 50, 17, 61, 43, 33, 22, 19][21, 24, 42, 49, 62, 15, 30, 26, 8, 28] 
[28, 10, 59, 9, 68, 1, 31, 11, 15, 42][9, 16, 10, 8, 56, 6, 21, 30, 62, 24][6, 47, 40, 46, 53, 7, 4, 12, 25, 27][47, 53, 4, 25, 34, 45, 41, 36, 38, 66][13, 20, 55, 52, 64, 35, 58, 34, 57, 41][51, 64, 52, 20, 13, 50, 17, 61, 14, 60][3, 23, 0, 50, 17, 61, 43, 33, 22, 19][2, 23, 3, 29, 69, 19, 18, 67, 65, 39][5, 18, 69, 29, 48, 39, 65, 54, 32, 37][9, 68, 11, 1, 26, 49, 15, 30, 63, 21][3, 23, 0, 50, 17, 44, 61, 43, 33, 22][47, 53, 4, 25, 34, 45, 41, 36, 38, 66][5, 18, 69, 29, 48, 39, 65, 54, 32, 37][3, 23, 0, 50, 17, 61, 43, 33, 22, 19][21, 24, 42, 49, 62, 15, 30, 26, 8, 28] 
[28, 10, 59, 9, 68, 1, 31, 11, 15, 42][9, 16, 10, 8, 56, 6, 21, 30, 62, 24][6, 47, 40, 46, 53, 7, 4, 12, 25, 27][47, 53, 4, 25, 34, 45, 41, 36, 38, 66][13, 20, 55, 52, 64, 35, 58, 34, 57, 41][51, 64, 52, 20, 13, 50, 17, 61, 14, 60][3, 23, 0, 50, 17, 61, 43, 33, 22, 19][2, 23, 3, 29, 69, 19, 18, 67, 65, 39][5, 18, 69, 29, 48, 39, 65, 54, 32, 37][9, 68, 11, 1, 26, 49, 15, 30, 63, 21][3, 23, 0, 50, 17, 44, 61, 43, 33, 22][47, 53, 4, 25, 34, 45, 41, 36, 38, 66][5, 18, 69, 29, 48, 39, 65, 54, 32, 37][3, 23, 0, 50, 17, 61, 43, 33, 22, 19][21, 24, 42, 49, 62, 15, 30, 26, 8, 28] 
[28, 10, 59, 9, 68, 1, 31, 11, 15, 42][9, 16, 10, 8, 56, 6, 21, 30, 62, 24][6, 47, 40, 46, 53, 7, 4, 12, 25, 27][47, 53, 4, 25, 34, 45, 41, 36, 38, 66][13, 20, 55, 52, 64, 35, 58, 34, 57, 41][51, 64, 52, 20, 13, 50, 17, 61, 14, 60][3, 23, 0, 50, 17, 61, 43, 33, 22, 19][2, 23, 3, 29, 69, 19, 18, 67, 65, 39][5, 18, 69, 29, 48, 39, 65, 54, 32, 37][9, 68, 11, 1, 26, 49, 15, 30, 63, 21][3, 23, 0, 50, 17, 44, 61, 43, 33, 22][47, 53, 4, 25, 34, 45, 41, 36, 38, 66][5, 18, 69, 29, 48, 39, 65, 54, 32, 37][3, 23, 0, 50, 17, 61, 43, 33, 22, 19][21, 24, 42, 49, 62, 15, 30, 26, 8, 28] 
[28, 10, 59, 9, 68, 1, 31, 11, 15, 42][9, 16, 10, 8, 56, 6, 21, 30, 62, 24][6, 47, 40, 46, 53, 7, 4, 12, 25, 27][47, 53, 4, 25, 34, 45, 41, 36, 38, 66][13, 20, 55, 52, 64, 35, 58, 34, 57, 41][51, 64, 52, 20, 13, 50, 17, 61, 14, 60][3, 23, 0, 50, 17, 61, 43, 33, 22, 19][2, 23, 3, 29, 69, 19, 18, 67, 65, 39][5, 18, 69, 29, 48, 39, 65, 54, 32, 37][9, 68, 11, 1, 26, 49, 15, 30, 63, 21][3, 23, 0, 50, 17, 44, 61, 43, 33, 22][47, 53, 4, 25, 34, 45, 41, 36, 38, 66][5, 18, 69, 29, 48, 39, 65, 54, 32, 37][3, 23, 0, 50, 17, 61, 43, 33, 22, 19][21, 24, 42, 49, 62, 15, 30, 26, 8, 28] 
[28, 10, 59, 9, 68, 1, 31, 11, 15, 42][9, 16, 10, 8, 56, 6, 21, 30, 62, 24][6, 47, 40, 46, 53, 7, 4, 12, 25, 27][47, 53, 4, 25, 34, 45, 41, 36, 38, 66][13, 20, 55, 52, 64, 35, 58, 34, 57, 41][51, 64, 52, 20, 13, 50, 17, 61, 14, 60][3, 23, 0, 50, 17, 61, 43, 33, 22, 19][2, 23, 3, 29, 69, 19, 18, 67, 65, 39][5, 18, 69, 29, 48, 39, 65, 54, 32, 37][9, 68, 11, 1, 26, 49, 15, 30, 63, 21][3, 23, 0, 50, 17, 44, 61, 43, 33, 22][3, 23, 0, 50, 17, 61, 43, 33, 22, 19][47, 53, 4, 25, 34, 45, 41, 36, 38, 66][21, 24, 42, 49, 62, 15, 30, 26, 8, 28][5, 18, 69, 29, 48, 39, 65, 54, 32, 37] 
[28, 10, 59, 9, 68, 1, 31, 11, 15, 42][9, 16, 10, 8, 56, 6, 21, 30, 62, 24][6, 47, 40, 46, 53, 7, 4, 12, 25, 27][47, 53, 4, 25, 34, 45, 41, 36, 38, 66][13, 20, 55, 52, 64, 35, 58, 34, 57, 41][51, 64, 52, 20, 13, 50, 17, 61, 14, 60][3, 23, 0, 50, 17, 61, 43, 33, 22, 19][2, 23, 3, 29, 69, 19, 18, 67, 65, 39][5, 18, 69, 29, 48, 39, 65, 54, 32, 37][9, 68, 11, 1, 26, 49, 15, 30, 63, 21][3, 23, 0, 50, 17, 44, 61, 43, 33, 22][47, 53, 4, 25, 34, 45, 41, 36, 38, 66][5, 18, 69, 29, 48, 39, 65, 54, 32, 37][3, 23, 0, 50, 17, 61, 43, 33, 22, 19][21, 24, 42, 49, 62, 15, 30, 26, 8, 28] 
[28, 10, 59, 9, 68, 1, 31, 11, 15, 42][9, 16, 10, 8, 56, 6, 21, 30, 62, 24][6, 47, 40, 46, 53, 7, 4, 12, 25, 27][47, 53, 4, 25, 34, 45, 41, 36, 38, 66][13, 20, 55, 52, 64, 35, 58, 34, 57, 41][51, 64, 52, 20, 13, 50, 17, 61, 14, 60][3, 23, 0, 50, 17, 61, 43, 33, 22, 19][2, 23, 3, 29, 69, 19, 18, 67, 65, 39][5, 18, 69, 29, 48, 39, 65, 54, 32, 37][9, 68, 11, 1, 26, 49, 15, 30, 63, 21][3, 23, 0, 50, 17, 44, 61, 43, 33, 22][47, 53, 4, 25, 34, 45, 41, 36, 38, 66][5, 18, 69, 29, 48, 39, 65, 54, 32, 37][3, 23, 0, 50, 17, 61, 43, 33, 22, 19][21, 24, 42, 49, 62, 15, 30, 26, 8, 28] 
[28, 10, 59, 9, 68, 1, 31, 11, 15, 42][9, 16, 10, 8, 56, 6, 21, 30, 62, 24][6, 47, 40, 46, 53, 7, 4, 12, 25, 27][47, 53, 4, 25, 34, 45, 41, 36, 38, 66][13, 20, 55, 52, 64, 35, 58, 34, 57, 41][51, 64, 52, 20, 13, 50, 17, 61, 14, 60][3, 23, 0, 50, 17, 61, 43, 33, 22, 19][2, 23, 3, 29, 69, 19, 18, 67, 65, 39][5, 18, 69, 29, 48, 39, 65, 54, 32, 37][9, 68, 11, 1, 26, 49, 15, 30, 63, 21][3, 23, 0, 50, 17, 44, 61, 43, 33, 22][47, 53, 4, 25, 34, 45, 41, 36, 38, 66][5, 18, 69, 29, 48, 39, 65, 54, 32, 37][3, 23, 0, 50, 17, 61, 43, 33, 22, 19][21, 24, 42, 49, 62, 15, 30, 26, 8, 28] 
[28, 10, 59, 9, 68, 1, 31, 11, 15, 42][9, 16, 10, 8, 56, 6, 21, 30, 62, 24][6, 47, 40, 46, 53, 7, 4, 12, 25, 27][47, 53, 4, 25, 34, 45, 41, 36, 38, 66][13, 20, 55, 52, 64, 35, 58, 34, 57, 41][51, 64, 52, 20, 13, 50, 17, 61, 14, 60][3, 23, 0, 50, 17, 61, 43, 33, 22, 19][2, 23, 3, 29, 69, 19, 18, 67, 65, 39][5, 18, 69, 29, 48, 39, 65, 54, 32, 37][9, 68, 11, 1, 26, 49, 15, 30, 63, 21][3, 23, 0, 50, 17, 44, 61, 43, 33, 22][47, 53, 4, 25, 34, 45, 41, 36, 38, 66][5, 18, 69, 29, 48, 39, 65, 54, 32, 37][3, 23, 0, 50, 17, 61, 43, 33, 22, 19][21, 24, 42, 49, 62, 15, 30, 26, 8, 28] 
[28, 10, 59, 9, 68, 1, 31, 11, 15, 42][9, 16, 10, 8, 56, 6, 21, 30, 62, 24][6, 47, 40, 46, 53, 7, 4, 12, 25, 27][47, 53, 4, 25, 34, 45, 41, 36, 38, 66][13, 20, 55, 52, 64, 35, 58, 34, 57, 41][51, 64, 52, 20, 13, 50, 17, 61, 14, 60][3, 23, 0, 50, 17, 61, 43, 33, 22, 19][2, 23, 3, 29, 69, 19, 18, 67, 65, 39][5, 18, 69, 29, 48, 39, 65, 54, 32, 37][9, 68, 11, 1, 26, 49, 15, 30, 63, 21][3, 23, 0, 50, 17, 44, 61, 43, 33, 22][47, 53, 4, 25, 34, 45, 41, 36, 38, 66][5, 18, 69, 29, 48, 39, 65, 54, 32, 37][3, 23, 0, 50, 17, 61, 43, 33, 22, 19][21, 24, 42, 49, 62, 15, 30, 26, 8, 28] 
[28, 10, 59, 9, 68, 1, 31, 11, 15, 42][9, 16, 10, 8, 56, 6, 21, 30, 62, 24][6, 47, 40, 46, 53, 7, 4, 12, 25, 27][47, 53, 4, 25, 34, 45, 41, 36, 38, 66][13, 20, 55, 52, 64, 35, 58, 34, 57, 41][51, 64, 52, 20, 13, 50, 17, 61, 14, 60][3, 23, 0, 50, 17, 61, 43, 33, 22, 19][2, 23, 3, 29, 69, 19, 18, 67, 65, 39][5, 18, 69, 29, 48, 39, 65, 54, 32, 37][9, 68, 11, 1, 26, 49, 15, 30, 63, 21][3, 23, 0, 50, 17, 44, 61, 43, 33, 22][47, 53, 4, 25, 34, 45, 41, 36, 38, 66][5, 18, 69, 29, 48, 39, 65, 54, 32, 37][3, 23, 0, 50, 17, 61, 43, 33, 22, 19][21, 24, 42, 49, 62, 15, 30, 26, 8, 28] 
[28, 10, 59, 9, 68, 1, 31, 11, 15, 42][9, 16, 10, 8, 56, 6, 21, 30, 62, 24][6, 47, 40, 46, 53, 7, 4, 12, 25, 27][47, 53, 4, 25, 34, 45, 41, 36, 38, 66][13, 20, 55, 52, 64, 35, 58, 34, 57, 41][51, 64, 52, 20, 13, 50, 17, 61, 14, 60][3, 23, 0, 50, 17, 61, 43, 33, 22, 19][2, 23, 3, 29, 69, 19, 18, 67, 65, 39][5, 18, 69, 29, 48, 39, 65, 54, 32, 37][9, 68, 11, 1, 26, 49, 15, 30, 63, 21][3, 23, 0, 50, 17, 44, 61, 43, 33, 22][47, 53, 4, 25, 34, 45, 41, 36, 38, 66][5, 18, 69, 29, 48, 39, 65, 54, 32, 37][3, 23, 0, 50, 17, 61, 43, 33, 22, 19][21, 24, 42, 49, 62, 15, 30, 26, 8, 28] 
[28, 10, 59, 9, 68, 1, 31, 11, 15, 42][9, 16, 10, 8, 56, 6, 21, 30, 62, 24][6, 47, 40, 46, 53, 7, 4, 12, 25, 27][47, 53, 4, 25, 34, 45, 41, 36, 38, 66][13, 20, 55, 52, 64, 35, 58, 34, 57, 41][51, 64, 52, 20, 13, 50, 17, 61, 14, 60][3, 23, 0, 50, 17, 61, 43, 33, 22, 19][2, 23, 3, 29, 69, 19, 18, 67, 65, 39][5, 18, 69, 29, 48, 39, 65, 54, 32, 37][9, 68, 11, 1, 26, 49, 15, 30, 63, 21][3, 23, 0, 50, 17, 44, 61, 43, 33, 22][47, 53, 4, 25, 34, 45, 41, 36, 38, 66][5, 18, 69, 29, 48, 39, 65, 54, 32, 37][3, 23, 0, 50, 17, 61, 43, 33, 22, 19][21, 24, 42, 49, 62, 15, 30, 26, 8, 28] 
[28, 10, 59, 9, 68, 1, 31, 11, 15, 42][9, 16, 10, 8, 56, 6, 21, 30, 62, 24][6, 47, 40, 46, 53, 7, 4, 12, 25, 27][47, 53, 4, 25, 34, 45, 41, 36, 38, 66][13, 20, 55, 52, 64, 35, 58, 34, 57, 41][51, 64, 52, 20, 13, 50, 17, 61, 14, 60][3, 23, 0, 50, 17, 61, 43, 33, 22, 19][2, 23, 3, 29, 69, 19, 18, 67, 65, 39][5, 18, 69, 29, 48, 39, 65, 54, 32, 37][9, 68, 11, 1, 26, 49, 15, 30, 63, 21][3, 23, 0, 50, 17, 44, 61, 43, 33, 22][47, 53, 4, 25, 34, 45, 41, 36, 38, 66][5, 18, 69, 29, 48, 39, 65, 54, 32, 37][3, 23, 0, 50, 17, 61, 43, 33, 22, 19][21, 24, 42, 49, 62, 15, 30, 26, 8, 28] 
[28, 10, 59, 9, 68, 1, 31, 11, 15, 42][9, 16, 10, 8, 56, 6, 21, 30, 62, 24][6, 47, 40, 46, 53, 7, 4, 12, 25, 27][47, 53, 4, 25, 34, 45, 41, 36, 38, 66][13, 20, 55, 52, 64, 35, 58, 34, 57, 41][51, 64, 52, 20, 13, 50, 17, 61, 14, 60][3, 23, 0, 50, 17, 61, 43, 33, 22, 19][2, 23, 3, 29, 69, 19, 18, 67, 65, 39][5, 18, 69, 29, 48, 39, 65, 54, 32, 37][9, 68, 11, 1, 26, 49, 15, 30, 63, 21][3, 23, 0, 50, 17, 44, 61, 43, 33, 22][47, 53, 4, 25, 34, 45, 41, 36, 38, 66][5, 18, 69, 29, 48, 39, 65, 54, 32, 37][3, 23, 0, 50, 17, 61, 43, 33, 22, 19][21, 24, 42, 49, 62, 15, 30, 26, 8, 28] 
[28, 10, 59, 9, 68, 1, 31, 11, 15, 42][9, 16, 10, 8, 56, 6, 21, 30, 62, 24][6, 47, 40, 46, 53, 7, 4, 12, 25, 27][47, 53, 4, 25, 34, 45, 41, 36, 38, 66][13, 20, 55, 52, 64, 35, 58, 34, 57, 41][51, 64, 52, 20, 13, 50, 17, 61, 14, 60][3, 23, 0, 50, 17, 61, 43, 33, 22, 19][2, 23, 3, 29, 69, 19, 18, 67, 65, 39][5, 18, 69, 29, 48, 39, 65, 54, 32, 37][9, 68, 11, 1, 26, 49, 15, 30, 63, 21][3, 23, 0, 50, 17, 44, 61, 43, 33, 22][13, 20, 55, 52, 64, 35, 58, 34, 57, 41][5, 18, 69, 29, 48, 39, 65, 54, 32, 37][21, 24, 42, 49, 62, 15, 30, 26, 8, 28][13, 20, 55, 52, 64, 35, 58, 34, 57, 41] 
[28, 10, 59, 9, 68, 1, 31, 11, 15, 42][9, 16, 10, 8, 56, 6, 21, 30, 62, 24][6, 47, 40, 46, 53, 7, 4, 12, 25, 27][47, 53, 4, 25, 34, 45, 41, 36, 38, 66][13, 20, 55, 52, 64, 35, 58, 34, 57, 41][51, 64, 52, 20, 13, 50, 17, 61, 14, 60][3, 23, 0, 50, 17, 61, 43, 33, 22, 19][2, 23, 3, 29, 69, 19, 18, 67, 65, 39][5, 18, 69, 29, 48, 39, 65, 54, 32, 37][9, 68, 11, 1, 26, 49, 15, 30, 63, 21][3, 23, 0, 50, 17, 44, 61, 43, 33, 22][47, 53, 4, 25, 34, 45, 41, 36, 38, 66][5, 18, 69, 29, 48, 39, 65, 54, 32, 37][3, 23, 0, 50, 17, 61, 43, 33, 22, 19][21, 24, 42, 49, 62, 15, 30, 26, 8, 28] 
[28, 10, 59, 9, 68, 1, 31, 11, 15, 42][9, 16, 10, 8, 56, 6, 21, 30, 62, 24][6, 47, 40, 46, 53, 7, 4, 12, 25, 27][47, 53, 4, 25, 34, 45, 41, 36, 38, 66][13, 20, 55, 52, 64, 35, 58, 34, 57, 41][51, 64, 52, 20, 13, 50, 17, 61, 14, 60][3, 23, 0, 50, 17, 61, 43, 33, 22, 19][2, 23, 3, 29, 69, 19, 18, 67, 65, 39][5, 18, 69, 29, 48, 39, 65, 54, 32, 37][9, 68, 11, 1, 26, 49, 15, 30, 63, 21][3, 23, 0, 50, 17, 44, 61, 43, 33, 22][47, 53, 4, 25, 34, 45, 41, 36, 38, 66][5, 18, 69, 29, 48, 39, 65, 54, 32, 37][3, 23, 0, 50, 17, 61, 43, 33, 22, 19][21, 24, 42, 49, 62, 15, 30, 26, 8, 28] 
[28, 10, 59, 9, 68, 1, 31, 11, 15, 42][9, 16, 10, 8, 56, 6, 21, 30, 62, 24][6, 47, 40, 46, 53, 7, 4, 12, 25, 27][47, 53, 4, 25, 34, 45, 41, 36, 38, 66][13, 20, 55, 52, 64, 35, 58, 34, 57, 41][51, 64, 52, 20, 13, 50, 17, 61, 14, 60][3, 23, 0, 50, 17, 61, 43, 33, 22, 19][2, 23, 3, 29, 69, 19, 18, 67, 65, 39][5, 18, 69, 29, 48, 39, 65, 54, 32, 37][9, 68, 11, 1, 26, 49, 15, 30, 63, 21][3, 23, 0, 50, 17, 44, 61, 43, 33, 22][47, 53, 4, 25, 34, 45, 41, 36, 38, 66][5, 18, 69, 29, 48, 39, 65, 54, 32, 37][3, 23, 0, 50, 17, 61, 43, 33, 22, 19][21, 24, 42, 49, 62, 15, 30, 26, 8, 28] 
[28, 10, 59, 9, 68, 1, 31, 11, 15, 42][9, 16, 10, 8, 56, 6, 21, 30, 62, 24][6, 47, 40, 46, 53, 7, 4, 12, 25, 27][47, 53, 4, 25, 34, 45, 41, 36, 38, 66][13, 20, 55, 52, 64, 35, 58, 34, 57, 41][51, 64, 52, 20, 13, 50, 17, 61, 14, 60][3, 23, 0, 50, 17, 61, 43, 33, 22, 19][2, 23, 3, 29, 69, 19, 18, 67, 65, 39][5, 18, 69, 29, 48, 39, 65, 54, 32, 37][9, 68, 11, 1, 26, 49, 15, 30, 63, 21][3, 23, 0, 50, 17, 44, 61, 43, 33, 22][47, 53, 4, 25, 34, 45, 41, 36, 38, 66][5, 18, 69, 29, 48, 39, 65, 54, 32, 37][3, 23, 0, 50, 17, 61, 43, 33, 22, 19][21, 24, 42, 49, 62, 15, 30, 26, 8, 28] 
[28, 10, 59, 9, 68, 1, 31, 11, 15, 42][9, 16, 10, 8, 56, 6, 21, 30, 62, 24][6, 47, 40, 46, 53, 7, 4, 12, 25, 27][47, 53, 4, 25, 34, 45, 41, 36, 38, 66][13, 20, 55, 52, 64, 35, 58, 34, 57, 41][51, 64, 52, 20, 13, 50, 17, 61, 14, 60][3, 23, 0, 50, 17, 61, 43, 33, 22, 19][2, 23, 3, 29, 69, 19, 18, 67, 65, 39][5, 18, 69, 29, 48, 39, 65, 54, 32, 37][9, 68, 11, 1, 26, 49, 15, 30, 63, 21][3, 23, 0, 50, 17, 44, 61, 43, 33, 22][47, 53, 4, 25, 34, 45, 41, 36, 38, 66][5, 18, 69, 29, 48, 39, 65, 54, 32, 37][3, 23, 0, 50, 17, 61, 43, 33, 22, 19][21, 24, 42, 49, 62, 15, 30, 26, 8, 28] 
[28, 10, 59, 9, 68, 1, 31, 11, 15, 42][9, 16, 10, 8, 56, 6, 21, 30, 62, 24][6, 47, 40, 46, 53, 7, 4, 12, 25, 27][47, 53, 4, 25, 34, 45, 41, 36, 38, 66][13, 20, 55, 52, 64, 35, 58, 34, 57, 41][51, 64, 52, 20, 13, 50, 17, 61, 14, 60][3, 23, 0, 50, 17, 61, 43, 33, 22, 19][2, 23, 3, 29, 69, 19, 18, 67, 65, 39][5, 18, 69, 29, 48, 39, 65, 54, 32, 37][9, 68, 11, 1, 26, 49, 15, 30, 63, 21][3, 23, 0, 50, 17, 44, 61, 43, 33, 22][47, 53, 4, 25, 34, 45, 41, 36, 38, 66][5, 18, 69, 29, 48, 39, 65, 54, 32, 37][3, 23, 0, 50, 17, 61, 43, 33, 22, 19][21, 24, 42, 49, 62, 15, 30, 26, 8, 28] 
[28, 10, 59, 9, 68, 1, 31, 11, 15, 42][9, 16, 10, 8, 56, 6, 21, 30, 62, 24][6, 47, 40, 46, 53, 7, 4, 12, 25, 27][47, 53, 4, 25, 34, 45, 41, 36, 38, 66][13, 20, 55, 52, 64, 35, 58, 34, 57, 41][51, 64, 52, 20, 13, 50, 17, 61, 14, 60][3, 23, 0, 50, 17, 61, 43, 33, 22, 19][2, 23, 3, 29, 69, 19, 18, 67, 65, 39][5, 18, 69, 29, 48, 39, 65, 54, 32, 37][9, 68, 11, 1, 26, 49, 15, 30, 63, 21][3, 23, 0, 50, 17, 44, 61, 43, 33, 22][47, 53, 4, 25, 34, 45, 41, 36, 38, 66][5, 18, 69, 29, 48, 39, 65, 54, 32, 37][3, 23, 0, 50, 17, 61, 43, 33, 22, 19][21, 24, 42, 49, 62, 15, 30, 26, 8, 28] 
[28, 10, 59, 9, 68, 1, 31, 11, 15, 42][9, 16, 10, 8, 56, 6, 21, 30, 62, 24][6, 47, 40, 46, 53, 7, 4, 12, 25, 27][47, 53, 4, 25, 34, 45, 41, 36, 38, 66][13, 20, 55, 52, 64, 35, 58, 34, 57, 41][51, 64, 52, 20, 13, 50, 17, 61, 14, 60][3, 23, 0, 50, 17, 61, 43, 33, 22, 19][2, 23, 3, 29, 69, 19, 18, 67, 65, 39][5, 18, 69, 29, 48, 39, 65, 54, 32, 37][9, 68, 11, 1, 26, 49, 15, 30, 63, 21][3, 23, 0, 50, 17, 44, 61, 43, 33, 22][47, 53, 4, 25, 34, 45, 41, 36, 38, 66][5, 18, 69, 29, 48, 39, 65, 54, 32, 37][3, 23, 0, 50, 17, 61, 43, 33, 22, 19][21, 24, 42, 49, 62, 15, 30, 26, 8, 28] 
[28, 10, 59, 9, 68, 1, 31, 11, 15, 42][9, 16, 10, 8, 56, 6, 21, 30, 62, 24][6, 47, 40, 46, 53, 7, 4, 12, 25, 27][47, 53, 4, 25, 34, 45, 41, 36, 38, 66][13, 20, 55, 52, 64, 35, 58, 34, 57, 41][51, 64, 52, 20, 13, 50, 17, 61, 14, 60][3, 23, 0, 50, 17, 61, 43, 33, 22, 19][2, 23, 3, 29, 69, 19, 18, 67, 65, 39][5, 18, 69, 29, 48, 39, 65, 54, 32, 37][9, 68, 11, 1, 26, 49, 15, 30, 63, 21][3, 23, 0, 50, 17, 44, 61, 43, 33, 22][47, 53, 4, 25, 34, 45, 41, 36, 38, 66][5, 18, 69, 29, 48, 39, 65, 54, 32, 37][3, 23, 0, 50, 17, 61, 43, 33, 22, 19][21, 24, 42, 49, 62, 15, 30, 26, 8, 28] 
[28, 10, 59, 9, 68, 1, 31, 11, 15, 42][9, 16, 10, 8, 56, 6, 21, 30, 62, 24][6, 47, 40, 46, 53, 7, 4, 12, 25, 27][47, 53, 4, 25, 34, 45, 41, 36, 38, 66][13, 20, 55, 52, 64, 35, 58, 34, 57, 41][51, 64, 52, 20, 13, 50, 17, 61, 14, 60][3, 23, 0, 50, 17, 61, 43, 33, 22, 19][2, 23, 3, 29, 69, 19, 18, 67, 65, 39][5, 18, 69, 29, 48, 39, 65, 54, 32, 37][9, 68, 11, 1, 26, 49, 15, 30, 63, 21][3, 23, 0, 50, 17, 44, 61, 43, 33, 22][47, 53, 4, 25, 34, 45, 41, 36, 38, 66][5, 18, 69, 29, 48, 39, 65, 54, 32, 37][3, 23, 0, 50, 17, 61, 43, 33, 22, 19][21, 24, 42, 49, 62, 15, 30, 26, 8, 28] 
[28, 10, 59, 9, 68, 1, 31, 11, 15, 42][9, 16, 10, 8, 56, 6, 21, 30, 62, 24][6, 47, 40, 46, 53, 7, 4, 12, 25, 27][47, 53, 4, 25, 34, 45, 41, 36, 38, 66][13, 20, 55, 52, 64, 35, 58, 34, 57, 41][51, 64, 52, 20, 13, 50, 17, 61, 14, 60][3, 23, 0, 50, 17, 61, 43, 33, 22, 19][2, 23, 3, 29, 69, 19, 18, 67, 65, 39][5, 18, 69, 29, 48, 39, 65, 54, 32, 37][9, 68, 11, 1, 26, 49, 15, 30, 63, 21][3, 23, 0, 50, 17, 44, 61, 43, 33, 22][47, 53, 4, 25, 34, 45, 41, 36, 38, 66][5, 18, 69, 29, 48, 39, 65, 54, 32, 37][3, 23, 0, 50, 17, 61, 43, 33, 22, 19][21, 24, 42, 49, 62, 15, 30, 26, 8, 28] 
[28, 10, 59, 9, 68, 1, 31, 11, 15, 42][9, 16, 10, 8, 56, 6, 21, 30, 62, 24][6, 47, 40, 46, 53, 7, 4, 12, 25, 27][47, 53, 4, 25, 34, 45, 41, 36, 38, 66][13, 20, 55, 52, 64, 35, 58, 34, 57, 41][51, 64, 52, 20, 13, 50, 17, 61, 14, 60][3, 23, 0, 50, 17, 61, 43, 33, 22, 19][2, 23, 3, 29, 69, 19, 18, 67, 65, 39][5, 18, 69, 29, 48, 39, 65, 54, 32, 37][9, 68, 11, 1, 26, 49, 15, 30, 63, 21][3, 23, 0, 50, 17, 44, 61, 43, 33, 22][47, 53, 4, 25, 34, 45, 41, 36, 38, 66][5, 18, 69, 29, 48, 39, 65, 54, 32, 37][3, 23, 0, 50, 17, 61, 43, 33, 22, 19][21, 24, 42, 49, 62, 15, 30, 26, 8, 28] 
[28, 10, 59, 9, 68, 1, 31, 11, 15, 42][9, 16, 10, 8, 56, 6, 21, 30, 62, 24][6, 47, 40, 46, 53, 7, 4, 12, 25, 27][47, 53, 4, 25, 34, 45, 41, 36, 38, 66][13, 20, 55, 52, 64, 35, 58, 34, 57, 41][51, 64, 52, 20, 13, 50, 17, 61, 14, 60][3, 23, 0, 50, 17, 61, 43, 33, 22, 19][2, 23, 3, 29, 69, 19, 18, 67, 65, 39][5, 18, 69, 29, 48, 39, 65, 54, 32, 37][9, 68, 11, 1, 26, 49, 15, 30, 63, 21][3, 23, 0, 50, 17, 44, 61, 43, 33, 22][47, 53, 4, 25, 34, 45, 41, 36, 38, 66][5, 18, 69, 29, 48, 39, 65, 54, 32, 37][3, 23, 0, 50, 17, 61, 43, 33, 22, 19][21, 24, 42, 49, 62, 15, 30, 26, 8, 28] 
[28, 10, 59, 9, 68, 1, 31, 11, 15, 42][9, 16, 10, 8, 56, 6, 21, 30, 62, 24][6, 47, 40, 46, 53, 7, 4, 12, 25, 27][47, 53, 4, 25, 34, 45, 41, 36, 38, 66][13, 20, 55, 52, 64, 35, 58, 34, 57, 41][51, 64, 52, 20, 13, 50, 17, 61, 14, 60][3, 23, 0, 50, 17, 61, 43, 33, 22, 19][2, 23, 3, 29, 69, 19, 18, 67, 65, 39][5, 18, 69, 29, 48, 39, 65, 54, 32, 37][9, 68, 11, 1, 26, 49, 15, 30, 63, 21][3, 23, 0, 50, 17, 44, 61, 43, 33, 22][47, 53, 4, 25, 34, 45, 41, 36, 38, 66][5, 18, 69, 29, 48, 39, 65, 54, 32, 37][3, 23, 0, 50, 17, 61, 43, 33, 22, 19][21, 24, 42, 49, 62, 15, 30, 26, 8, 28] 
[28, 10, 59, 9, 68, 1, 31, 11, 15, 42][9, 16, 10, 8, 56, 6, 21, 30, 62, 24][6, 47, 40, 46, 53, 7, 4, 12, 25, 27][47, 53, 4, 25, 34, 45, 41, 36, 38, 66][13, 20, 55, 52, 64, 35, 58, 34, 57, 41][51, 64, 52, 20, 13, 50, 17, 61, 14, 60][3, 23, 0, 50, 17, 61, 43, 33, 22, 19][2, 23, 3, 29, 69, 19, 18, 67, 65, 39][5, 18, 69, 29, 48, 39, 65, 54, 32, 37][9, 68, 11, 1, 26, 49, 15, 30, 63, 21][3, 23, 0, 50, 17, 44, 61, 43, 33, 22][47, 53, 4, 25, 34, 45, 41, 36, 38, 66][5, 18, 69, 29, 48, 39, 65, 54, 32, 37][3, 23, 0, 50, 17, 61, 43, 33, 22, 19][21, 24, 42, 49, 62, 15, 30, 26, 8, 28] 
[28, 10, 59, 9, 68, 1, 31, 11, 15, 42][9, 16, 10, 8, 56, 6, 21, 30, 62, 24][6, 47, 40, 46, 53, 7, 4, 12, 25, 27][47, 53, 4, 25, 34, 45, 41, 36, 38, 66][13, 20, 55, 52, 64, 35, 58, 34, 57, 41][51, 64, 52, 20, 13, 50, 17, 61, 14, 60][3, 23, 0, 50, 17, 61, 43, 33, 22, 19][2, 23, 3, 29, 69, 19, 18, 67, 65, 39][5, 18, 69, 29, 48, 39, 65, 54, 32, 37][9, 68, 11, 1, 26, 49, 15, 30, 63, 21][3, 23, 0, 50, 17, 44, 61, 43, 33, 22][47, 53, 4, 25, 34, 45, 41, 36, 38, 66][5, 18, 69, 29, 48, 39, 65, 54, 32, 37][3, 23, 0, 50, 17, 61, 43, 33, 22, 19][21, 24, 42, 49, 62, 15, 30, 26, 8, 28] 
[28, 10, 59, 9, 68, 1, 31, 11, 15, 42][9, 16, 10, 8, 56, 6, 21, 30, 62, 24][6, 47, 40, 46, 53, 7, 4, 12, 25, 27][47, 53, 4, 25, 34, 45, 41, 36, 38, 66][13, 20, 55, 52, 64, 35, 58, 34, 57, 41][51, 64, 52, 20, 13, 50, 17, 61, 14, 60][3, 23, 0, 50, 17, 61, 43, 33, 22, 19][2, 23, 3, 29, 69, 19, 18, 67, 65, 39][5, 18, 69, 29, 48, 39, 65, 54, 32, 37][9, 68, 11, 1, 26, 49, 15, 30, 63, 21][3, 23, 0, 50, 17, 44, 61, 43, 33, 22][3, 23, 0, 50, 17, 61, 43, 33, 22, 19][47, 53, 4, 25, 34, 45, 41, 36, 38, 66][21, 24, 42, 49, 62, 15, 30, 26, 8, 28][5, 18, 69, 29, 48, 39, 65, 54, 32, 37] 
[28, 10, 59, 9, 68, 1, 31, 11, 15, 42][9, 16, 10, 8, 56, 6, 21, 30, 62, 24][6, 47, 40, 46, 53, 7, 4, 12, 25, 27][47, 53, 4, 25, 34, 45, 41, 36, 38, 66][13, 20, 55, 52, 64, 35, 58, 34, 57, 41][51, 64, 52, 20, 13, 50, 17, 61, 14, 60][3, 23, 0, 50, 17, 61, 43, 33, 22, 19][2, 23, 3, 29, 69, 19, 18, 67, 65, 39][5, 18, 69, 29, 48, 39, 65, 54, 32, 37][9, 68, 11, 1, 26, 49, 15, 30, 63, 21][3, 23, 0, 50, 17, 44, 61, 43, 33, 22][47, 53, 4, 25, 34, 45, 41, 36, 38, 66][5, 18, 69, 29, 48, 39, 65, 54, 32, 37][3, 23, 0, 50, 17, 61, 43, 33, 22, 19][21, 24, 42, 49, 62, 15, 30, 26, 8, 28] 
[28, 10, 59, 9, 68, 1, 31, 11, 15, 42][9, 16, 10, 8, 56, 6, 21, 30, 62, 24][6, 47, 40, 46, 53, 7, 4, 12, 25, 27][47, 53, 4, 25, 34, 45, 41, 36, 38, 66][13, 20, 55, 52, 64, 35, 58, 34, 57, 41][51, 64, 52, 20, 13, 50, 17, 61, 14, 60][3, 23, 0, 50, 17, 61, 43, 33, 22, 19][2, 23, 3, 29, 69, 19, 18, 67, 65, 39][5, 18, 69, 29, 48, 39, 65, 54, 32, 37][9, 68, 11, 1, 26, 49, 15, 30, 63, 21][3, 23, 0, 50, 17, 44, 61, 43, 33, 22][47, 53, 4, 25, 34, 45, 41, 36, 38, 66][5, 18, 69, 29, 48, 39, 65, 54, 32, 37][3, 23, 0, 50, 17, 61, 43, 33, 22, 19][21, 24, 42, 49, 62, 15, 30, 26, 8, 28] 
[28, 10, 59, 9, 68, 1, 31, 11, 15, 42][9, 16, 10, 8, 56, 6, 21, 30, 62, 24][6, 47, 40, 46, 53, 7, 4, 12, 25, 27][47, 53, 4, 25, 34, 45, 41, 36, 38, 66][13, 20, 55, 52, 64, 35, 58, 34, 57, 41][51, 64, 52, 20, 13, 50, 17, 61, 14, 60][3, 23, 0, 50, 17, 61, 43, 33, 22, 19][2, 23, 3, 29, 69, 19, 18, 67, 65, 39][5, 18, 69, 29, 48, 39, 65, 54, 32, 37][9, 68, 11, 1, 26, 49, 15, 30, 63, 21][3, 23, 0, 50, 17, 44, 61, 43, 33, 22][47, 53, 4, 25, 34, 45, 41, 36, 38, 66][5, 18, 69, 29, 48, 39, 65, 54, 32, 37][3, 23, 0, 50, 17, 61, 43, 33, 22, 19][21, 24, 42, 49, 62, 15, 30, 26, 8, 28] 
[28, 10, 59, 9, 68, 1, 31, 11, 15, 42][9, 16, 10, 8, 56, 6, 21, 30, 62, 24][6, 47, 40, 46, 53, 7, 4, 12, 25, 27][47, 53, 4, 25, 34, 45, 41, 36, 38, 66][13, 20, 55, 52, 64, 35, 58, 34, 57, 41][51, 64, 52, 20, 13, 50, 17, 61, 14, 60][3, 23, 0, 50, 17, 61, 43, 33, 22, 19][2, 23, 3, 29, 69, 19, 18, 67, 65, 39][5, 18, 69, 29, 48, 39, 65, 54, 32, 37][9, 68, 11, 1, 26, 49, 15, 30, 63, 21][3, 23, 0, 50, 17, 44, 61, 43, 33, 22][47, 53, 4, 25, 34, 45, 41, 36, 38, 66][5, 18, 69, 29, 48, 39, 65, 54, 32, 37][3, 23, 0, 50, 17, 61, 43, 33, 22, 19][21, 24, 42, 49, 62, 15, 30, 26, 8, 28] 
[28, 10, 59, 9, 68, 1, 31, 11, 15, 42][9, 16, 10, 8, 56, 6, 21, 30, 62, 24][6, 47, 40, 46, 53, 7, 4, 12, 25, 27][47, 53, 4, 25, 34, 45, 41, 36, 38, 66][13, 20, 55, 52, 64, 35, 58, 34, 57, 41][51, 64, 52, 20, 13, 50, 17, 61, 14, 60][3, 23, 0, 50, 17, 61, 43, 33, 22, 19][2, 23, 3, 29, 69, 19, 18, 67, 65, 39][5, 18, 69, 29, 48, 39, 65, 54, 32, 37][9, 68, 11, 1, 26, 49, 15, 30, 63, 21][3, 23, 0, 50, 17, 44, 61, 43, 33, 22][47, 53, 4, 25, 34, 45, 41, 36, 38, 66][5, 18, 69, 29, 48, 39, 65, 54, 32, 37][3, 23, 0, 50, 17, 61, 43, 33, 22, 19][21, 24, 42, 49, 62, 15, 30, 26, 8, 28] 
[3, 23, 0, 50, 17, 44, 61, 43, 33, 22][2, 23, 3, 29, 69, 19, 18, 67, 65, 39][51, 64, 52, 20, 13, 50, 17, 61, 14, 60][13, 20, 55, 52, 64, 35, 58, 34, 57, 41][47, 53, 4, 25, 34, 45, 41, 36, 38, 66][6, 47, 40, 46, 53, 7, 4, 12, 25, 27][9, 16, 10, 8, 56, 6, 21, 30, 62, 24][28, 10, 59, 9, 68, 1, 31, 11, 15, 42][5, 18, 69, 29, 48, 39, 65, 54, 32, 37][9, 68, 11, 1, 26, 49, 15, 30, 63, 21][2, 23, 3, 29, 69, 19, 18, 67, 65, 39][13, 20, 55, 52, 64, 35, 58, 34, 57, 41][3, 23, 0, 50, 17, 61, 43, 33, 22, 19][21, 24, 42, 49, 62, 15, 30, 26, 8, 28][2, 23, 3, 29, 69, 19, 18, 67, 65, 39] 
[3, 23, 0, 50, 17, 44, 61, 43, 33, 22][2, 23, 3, 29, 69, 19, 18, 67, 65, 39][51, 64, 52, 20, 13, 50, 17, 61, 14, 60][13, 20, 55, 52, 64, 35, 58, 34, 57, 41][47, 53, 4, 25, 34, 45, 41, 36, 38, 66][6, 47, 40, 46, 53, 7, 4, 12, 25, 27][9, 16, 10, 8, 56, 6, 21, 30, 62, 24][28, 10, 59, 9, 68, 1, 31, 11, 15, 42][5, 18, 69, 29, 48, 39, 65, 54, 32, 37][9, 68, 11, 1, 26, 49, 15, 30, 63, 21][2, 23, 3, 29, 69, 19, 18, 67, 65, 39][13, 20, 55, 52, 64, 35, 58, 34, 57, 41][3, 23, 0, 50, 17, 61, 43, 33, 22, 19][21, 24, 42, 49, 62, 15, 30, 26, 8, 28][2, 23, 3, 29, 69, 19, 18, 67, 65, 39] 
[3, 23, 0, 50, 17, 44, 61, 43, 33, 22][2, 23, 3, 29, 69, 19, 18, 67, 65, 39][51, 64, 52, 20, 13, 50, 17, 61, 14, 60][13, 20, 55, 52, 64, 35, 58, 34, 57, 41][47, 53, 4, 25, 34, 45, 41, 36, 38, 66][6, 47, 40, 46, 53, 7, 4, 12, 25, 27][9, 16, 10, 8, 56, 6, 21, 30, 62, 24][28, 10, 59, 9, 68, 1, 31, 11, 15, 42][5, 18, 69, 29, 48, 39, 65, 54, 32, 37][9, 68, 11, 1, 26, 49, 15, 30, 63, 21][2, 23, 3, 29, 69, 19, 18, 67, 65, 39][13, 20, 55, 52, 64, 35, 58, 34, 57, 41][3, 23, 0, 50, 17, 61, 43, 33, 22, 19][21, 24, 42, 49, 62, 15, 30, 26, 8, 28][2, 23, 3, 29, 69, 19, 18, 67, 65, 39] 
[3, 23, 0, 50, 17, 44, 61, 43, 33, 22][2, 23, 3, 29, 69, 19, 18, 67, 65, 39][51, 64, 52, 20, 13, 50, 17, 61, 14, 60][13, 20, 55, 52, 64, 35, 58, 34, 57, 41][47, 53, 4, 25, 34, 45, 41, 36, 38, 66][6, 47, 40, 46, 53, 7, 4, 12, 25, 27][9, 16, 10, 8, 56, 6, 21, 30, 62, 24][28, 10, 59, 9, 68, 1, 31, 11, 15, 42][5, 18, 69, 29, 48, 39, 65, 54, 32, 37][9, 68, 11, 1, 26, 49, 15, 30, 63, 21][2, 23, 3, 29, 69, 19, 18, 67, 65, 39][13, 20, 55, 52, 64, 35, 58, 34, 57, 41][3, 23, 0, 50, 17, 61, 43, 33, 22, 19][21, 24, 42, 49, 62, 15, 30, 26, 8, 28][2, 23, 3, 29, 69, 19, 18, 67, 65, 39] 
[3, 23, 0, 50, 17, 44, 61, 43, 33, 22][2, 23, 3, 29, 69, 19, 18, 67, 65, 39][51, 64, 52, 20, 13, 50, 17, 61, 14, 60][13, 20, 55, 52, 64, 35, 58, 34, 57, 41][47, 53, 4, 25, 34, 45, 41, 36, 38, 66][6, 47, 40, 46, 53, 7, 4, 12, 25, 27][9, 16, 10, 8, 56, 6, 21, 30, 62, 24][28, 10, 59, 9, 68, 1, 31, 11, 15, 42][5, 18, 69, 29, 48, 39, 65, 54, 32, 37][9, 68, 11, 1, 26, 49, 15, 30, 63, 21][2, 23, 3, 29, 69, 19, 18, 67, 65, 39][13, 20, 55, 52, 64, 35, 58, 34, 57, 41][3, 23, 0, 50, 17, 61, 43, 33, 22, 19][21, 24, 42, 49, 62, 15, 30, 26, 8, 28][2, 23, 3, 29, 69, 19, 18, 67, 65, 39] 
[47, 53, 4, 25, 34, 45, 41, 36, 38, 66][13, 20, 55, 52, 64, 35, 58, 34, 57, 41][51, 64, 52, 20, 13, 50, 17, 61, 14, 60][9, 68, 1, 31, 11, 15, 42, 62, 30, 24][3, 23, 0, 50, 17, 61, 43, 33, 22, 19][2, 23, 3, 29, 69, 19, 18, 67, 65, 39][5, 18, 69, 29, 48, 39, 65, 54, 32, 37][6, 47, 40, 46, 53, 7, 4, 12, 25, 27][9, 68, 11, 1, 26, 49, 15, 30, 63, 21][3, 23, 0, 50, 17, 44, 61, 43, 33, 22][21, 24, 42, 49, 62, 15, 30, 26, 8, 28][2, 23, 3, 29, 69, 19, 18, 67, 65, 39][9, 16, 10, 8, 56, 6, 21, 30, 62, 24][28, 10, 59, 9, 68, 1, 31, 11, 15, 42][13, 20, 55, 52, 64, 35, 58, 34, 57, 41] 
[28, 10, 59, 9, 68, 1, 31, 11, 15, 42][9, 16, 10, 8, 56, 6, 21, 30, 62, 24][6, 47, 40, 46, 53, 7, 4, 12, 25, 27][47, 53, 4, 25, 34, 45, 41, 36, 38, 66][13, 20, 55, 52, 64, 35, 58, 34, 57, 41][51, 64, 52, 20, 13, 50, 17, 61, 14, 60][3, 23, 0, 50, 17, 61, 43, 33, 22, 19][2, 23, 3, 29, 69, 19, 18, 67, 65, 39][5, 18, 69, 29, 48, 39, 65, 54, 32, 37][9, 68, 11, 1, 26, 49, 15, 30, 63, 21][3, 23, 0, 50, 17, 44, 61, 43, 33, 22][47, 53, 4, 25, 34, 45, 41, 36, 38, 66][5, 18, 69, 29, 48, 39, 65, 54, 32, 37][3, 23, 0, 50, 17, 61, 43, 33, 22, 19][21, 24, 42, 49, 62, 15, 30, 26, 8, 28] 
[28, 10, 59, 9, 68, 1, 31, 11, 15, 42][9, 16, 10, 8, 56, 6, 21, 30, 62, 24][6, 47, 40, 46, 53, 7, 4, 12, 25, 27][47, 53, 4, 25, 34, 45, 41, 36, 38, 66][13, 20, 55, 52, 64, 35, 58, 34, 57, 41][51, 64, 52, 20, 13, 50, 17, 61, 14, 60][3, 23, 0, 50, 17, 61, 43, 33, 22, 19][2, 23, 3, 29, 69, 19, 18, 67, 65, 39][5, 18, 69, 29, 48, 39, 65, 54, 32, 37][9, 68, 11, 1, 26, 49, 15, 30, 63, 21][3, 23, 0, 50, 17, 44, 61, 43, 33, 22][47, 53, 4, 25, 34, 45, 41, 36, 38, 66][5, 18, 69, 29, 48, 39, 65, 54, 32, 37][3, 23, 0, 50, 17, 61, 43, 33, 22, 19][21, 24, 42, 49, 62, 15, 30, 26, 8, 28] 
[28, 10, 59, 9, 68, 1, 31, 11, 15, 42][9, 16, 10, 8, 56, 6, 21, 30, 62, 24][6, 47, 40, 46, 53, 7, 4, 12, 25, 27][47, 53, 4, 25, 34, 45, 41, 36, 38, 66][13, 20, 55, 52, 64, 35, 58, 34, 57, 41][51, 64, 52, 20, 13, 50, 17, 61, 14, 60][3, 23, 0, 50, 17, 61, 43, 33, 22, 19][2, 23, 3, 29, 69, 19, 18, 67, 65, 39][5, 18, 69, 29, 48, 39, 65, 54, 32, 37][9, 68, 11, 1, 26, 49, 15, 30, 63, 21][3, 23, 0, 50, 17, 44, 61, 43, 33, 22][47, 53, 4, 25, 34, 45, 41, 36, 38, 66][5, 18, 69, 29, 48, 39, 65, 54, 32, 37][3, 23, 0, 50, 17, 61, 43, 33, 22, 19][21, 24, 42, 49, 62, 15, 30, 26, 8, 28] 
[28, 10, 59, 9, 68, 1, 31, 11, 15, 42][9, 16, 10, 8, 56, 6, 21, 30, 62, 24][6, 47, 40, 46, 53, 7, 4, 12, 25, 27][47, 53, 4, 25, 34, 45, 41, 36, 38, 66][13, 20, 55, 52, 64, 35, 58, 34, 57, 41][51, 64, 52, 20, 13, 50, 17, 61, 14, 60][3, 23, 0, 50, 17, 61, 43, 33, 22, 19][2, 23, 3, 29, 69, 19, 18, 67, 65, 39][5, 18, 69, 29, 48, 39, 65, 54, 32, 37][9, 68, 11, 1, 26, 49, 15, 30, 63, 21][3, 23, 0, 50, 17, 44, 61, 43, 33, 22][47, 53, 4, 25, 34, 45, 41, 36, 38, 66][5, 18, 69, 29, 48, 39, 65, 54, 32, 37][3, 23, 0, 50, 17, 61, 43, 33, 22, 19][21, 24, 42, 49, 62, 15, 30, 26, 8, 28] 
[28, 10, 59, 9, 68, 1, 31, 11, 15, 42][9, 16, 10, 8, 56, 6, 21, 30, 62, 24][6, 47, 40, 46, 53, 7, 4, 12, 25, 27][47, 53, 4, 25, 34, 45, 41, 36, 38, 66][13, 20, 55, 52, 64, 35, 58, 34, 57, 41][51, 64, 52, 20, 13, 50, 17, 61, 14, 60][3, 23, 0, 50, 17, 61, 43, 33, 22, 19][2, 23, 3, 29, 69, 19, 18, 67, 65, 39][5, 18, 69, 29, 48, 39, 65, 54, 32, 37][9, 68, 11, 1, 26, 49, 15, 30, 63, 21][3, 23, 0, 50, 17, 44, 61, 43, 33, 22][47, 53, 4, 25, 34, 45, 41, 36, 38, 66][5, 18, 69, 29, 48, 39, 65, 54, 32, 37][3, 23, 0, 50, 17, 61, 43, 33, 22, 19][21, 24, 42, 49, 62, 15, 30, 26, 8, 28] 
[28, 10, 59, 9, 68, 1, 31, 11, 15, 42][9, 16, 10, 8, 56, 6, 21, 30, 62, 24][6, 47, 40, 46, 53, 7, 4, 12, 25, 27][47, 53, 4, 25, 34, 45, 41, 36, 38, 66][13, 20, 55, 52, 64, 35, 58, 34, 57, 41][51, 64, 52, 20, 13, 50, 17, 61, 14, 60][3, 23, 0, 50, 17, 61, 43, 33, 22, 19][2, 23, 3, 29, 69, 19, 18, 67, 65, 39][5, 18, 69, 29, 48, 39, 65, 54, 32, 37][9, 68, 11, 1, 26, 49, 15, 30, 63, 21][3, 23, 0, 50, 17, 44, 61, 43, 33, 22][47, 53, 4, 25, 34, 45, 41, 36, 38, 66][5, 18, 69, 29, 48, 39, 65, 54, 32, 37][3, 23, 0, 50, 17, 61, 43, 33, 22, 19][21, 24, 42, 49, 62, 15, 30, 26, 8, 28] 
[28, 10, 59, 9, 68, 1, 31, 11, 15, 42][9, 16, 10, 8, 56, 6, 21, 30, 62, 24][6, 47, 40, 46, 53, 7, 4, 12, 25, 27][47, 53, 4, 25, 34, 45, 41, 36, 38, 66][13, 20, 55, 52, 64, 35, 58, 34, 57, 41][51, 64, 52, 20, 13, 50, 17, 61, 14, 60][3, 23, 0, 50, 17, 61, 43, 33, 22, 19][2, 23, 3, 29, 69, 19, 18, 67, 65, 39][5, 18, 69, 29, 48, 39, 65, 54, 32, 37][9, 68, 11, 1, 26, 49, 15, 30, 63, 21][3, 23, 0, 50, 17, 44, 61, 43, 33, 22][47, 53, 4, 25, 34, 45, 41, 36, 38, 66][5, 18, 69, 29, 48, 39, 65, 54, 32, 37][3, 23, 0, 50, 17, 61, 43, 33, 22, 19][21, 24, 42, 49, 62, 15, 30, 26, 8, 28] 
