81795.0 7090.136450182868 0.1464354527938343 0.023121387283236993 105.0 81.0 1.324812030075188 
138120.0 7101.2716469453035 0.44315992292870904 0.028259473346178548 140.0 71.0 0.0 
100750.0 6441.283618133366 0.14900449582530506 0.018625561978163133 104.0 77.0 1.7211538461538463 
99625.0 6943.461312150634 0.12652536929993577 0.18882466281310212 119.0 80.0 0.0 
58955.0 8853.449054330638 0.2915863840719332 0.2132305716120745 63.0 64.0 0.0 
95460.0 8249.380017761043 0.10597302504816955 0.0 102.0 105.0 2.110576923076923 
78100.0 8532.091142981182 0.15028901734104047 0.048811817597944764 95.0 79.0 0.3395585738539898 
78130.0 8932.78411188847 0.14065510597302505 0.08734746307000642 82.0 81.0 1.5708791208791208 
85245.0 7529.058811348109 0.1245985870263327 0.16506101477199744 106.0 80.0 0.0 
102310.0 7740.973154102125 0.15928066795118817 0.03982016698779704 106.0 73.0 0.0 
94415.70477989786 8181.397480458726 0.18882466281310212 0.009633911368015413 124.0 108.0 1.2784900284900285 
83456.21611921274 11487.483086106547 0.10211946050096339 6.422607578676942E-4 90.0 121.0 0.5602564102564103 
85000.0 7518.365600085001 0.24084778420038536 0.04174694926140013 105.0 70.0 0.0 
76440.0 7039.518854867386 0.13808606294155426 0.21836865767501606 78.0 79.0 1.7211538461538463 
120640.0 7291.8387330825635 0.14836223506743737 0.036608863198458574 132.0 80.0 0.4358974358974359 
77790.0 8855.904104895413 0.5394990366088632 0.06486833654463713 85.0 63.0 0.0 
115470.0 6574.468234669279 0.16634553628773283 0.006422607578676943 124.0 79.0 1.564102564102564 
80415.0 10311.899764233745 0.46692357096981374 0.030828516377649325 77.0 73.0 0.8486842105263157 
77785.0 8951.73879040283 0.14771997430956968 0.22350674373795762 73.0 87.0 1.675274725274725 
80020.0 8267.70795545237 0.51252408477842 0.057161207450224794 100.0 63.0 0.0 
80735.0 7074.817848782772 0.3018625561978163 0.12138728323699421 96.0 81.0 1.4705882352941178 
68750.0 9705.944653178627 0.14129736673089274 0.25305073859987154 60.0 78.0 0.4195804195804196 
92810.0 9285.64199873498 0.13808606294155426 0.033397559409120106 84.0 79.0 0.27692307692307694 
126592.28361274267 7864.0549382897425 0.11881824020552344 0.0 155.0 133.0 2.375139353400223 
54850.0 8226.110329581994 0.0789980732177264 0.35324341682723187 61.0 69.0 0.0 
126480.0 8547.324467664002 0.40847784200385356 0.0 124.0 86.0 1.2045454545454546 
85062.99542405675 12179.221281504237 0.06679511881824021 0.0 88.0 135.0 2.6114163614163615 
60705.0 7527.114449018473 0.10340398201669879 0.3468208092485549 69.0 76.0 0.2833333333333333 
68685.0 8162.89356605065 0.36416184971098264 0.24855491329479767 72.0 70.0 0.26515151515151514 
87860.0 8440.604851793505 0.2003853564547206 0.021836865767501604 81.0 66.0 0.0 
85250.0 8205.114287077688 0.14129736673089274 0.09377007064868337 82.0 73.0 0.0 
92478.95126740464 10253.253269628069 0.11946050096339114 0.0 100.0 117.0 2.224908424908425 
103645.0 7836.611198159424 0.18497109826589594 0.01798330122029544 107.0 75.0 0.0 
161610.0 6851.895104478798 0.4007707129094412 0.05202312138728324 162.0 74.0 0.0 
97810.0 8119.03553584252 0.11368015414258188 0.0 124.0 107.0 1.3561126373626373 
95710.0 7307.451059868097 0.17148362235067438 0.13872832369942195 116.0 80.0 0.0 
94285.0 9901.946895128676 0.17662170841361594 0.0032113037893384713 91.0 102.0 0.9732963588136001 
87860.0 8440.604851793505 0.2003853564547206 0.021836865767501604 81.0 66.0 0.0 
100750.0 6441.283618133366 0.14900449582530506 0.018625561978163133 104.0 77.0 1.7211538461538463 
86510.0 7441.5324216753515 0.4026974951830443 0.06037251123956326 117.0 80.0 1.7857142857142858 
136310.0 6666.364083655323 0.4142581888246628 0.04174694926140013 133.0 78.0 1.6904761904761905 
82570.0 8431.808256748793 0.2010276172125883 0.05523442517662171 101.0 87.0 0.4358974358974359 
83520.0 8476.495078380178 0.22992935131663456 0.0340398201669878 92.0 73.0 0.0 
68065.0 8451.169963566179 0.4271034039820167 0.24855491329479767 69.0 68.0 0.0 
84440.0 7908.329195630583 0.4720616570327553 0.07064868336544637 109.0 63.0 0.0 
91190.0 7860.636991260656 0.14900449582530506 0.018625561978163133 93.0 88.0 2.0288461538461537 
60705.0 7625.512934879569 0.12909441233140656 0.3468208092485549 69.0 74.0 0.0 
162810.0 5609.925110169431 0.32113037893384716 0.04174694926140013 183.0 103.0 2.1440217391304346 
98410.81920714246 9139.279497447653 0.06037251123956326 0.0 126.0 144.0 2.980757575757576 
82020.0 8609.212636280696 0.5709698137443803 0.08863198458574181 91.0 66.0 0.0 
81490.0 7788.833176291111 0.12909441233140656 0.19524727039177905 96.0 82.0 0.0 
100290.0 6397.520673321267 0.16184971098265896 0.0 127.0 96.0 2.056062030075188 
76270.0 6817.031636871253 0.12074502247912652 0.29736673089274246 89.0 84.0 1.2380952380952381 
56935.0 8478.690936835792 0.08413615928066795 0.36095054592164416 60.0 72.0 0.0 
70780.0 8422.588082523345 0.4309569685292229 0.23699421965317918 72.0 71.0 0.3977272727272727 
125125.0 7199.766011304417 0.13423249839434812 0.0 133.0 105.0 2.13986013986014 
77790.0 8855.904104895413 0.5394990366088632 0.06486833654463713 85.0 63.0 0.0 
114350.0 6158.457192979632 0.17212588310854207 0.006422607578676943 123.0 83.0 1.2564102564102564 
76440.0 7282.016019263323 0.13808606294155426 0.21836865767501606 77.0 87.0 2.0915242165242165 
90724.5681631101 11327.303475232877 0.08220937700706486 0.0 109.0 127.0 2.0669108669108667 
98710.0 8098.737591509495 0.14129736673089274 0.018625561978163133 114.0 92.0 1.8854166666666667 
67315.0 8397.849424294764 0.2960822093770071 0.2845215157353886 67.0 79.0 0.402046783625731 
81685.0 7524.126516389702 0.16441875401412973 0.10404624277456648 79.0 70.0 0.0 
75780.0 8130.266008666346 0.4341682723185613 0.09377007064868337 90.0 63.0 0.0 
60705.0 7625.512934879569 0.12909441233140656 0.3468208092485549 69.0 74.0 0.0 
86620.0 8387.270003865478 0.2003853564547206 0.07193320488118175 99.0 76.0 0.0 
68065.0 8451.169963566179 0.4271034039820167 0.24855491329479767 69.0 68.0 0.0 
88595.0 7962.272430706662 0.23121387283236994 0.035324341682723186 85.0 65.0 0.0 
60330.0 8969.771994472594 0.1111111111111111 0.29736673089274246 54.0 68.0 0.0 
97118.80275640372 10316.184103553727 0.07964033397559409 0.0 119.0 137.0 1.8103041885650581 
84440.0 7908.329195630583 0.4720616570327553 0.07064868336544637 109.0 63.0 0.0 
115450.0970095581 7153.4902929649725 0.1123956326268465 0.0 135.0 140.0 2.8695244310302632 
98849.60838351445 10256.871239264236 0.12010276172125883 0.0 95.0 111.0 2.2788461538461537 
114770.0 6281.779719618207 0.170199100834939 0.006422607578676943 123.0 83.0 1.5846153846153848 
102310.0 7740.973154102125 0.15928066795118817 0.03982016698779704 106.0 73.0 0.0 
80675.0 6714.833479760932 0.25626204238921 0.11046885035324341 99.0 86.0 1.503076923076923 
80020.0 8267.70795545237 0.51252408477842 0.057161207450224794 100.0 63.0 0.0 
96985.0 7776.718275488814 0.2222222222222222 0.03018625561978163 92.0 75.0 0.875 
114100.0 8833.775015816127 0.16056518946692358 0.006422607578676943 118.0 108.0 1.625801282051282 
128025.0 6154.4163084341635 0.36801541425818884 0.023121387283236993 154.0 85.0 1.723809523809524 
89330.0 8869.545119111202 0.17662170841361594 0.02119460500963391 97.0 88.0 2.111111111111111 
94523.39171761369 10144.054484113844 0.06872190109184328 0.0 109.0 127.0 2.4339743589743588 
76440.0 7061.055194906322 0.1329479768786127 0.21836865767501606 79.0 85.0 2.016852770885029 
87860.0 8440.604851793505 0.2003853564547206 0.021836865767501604 81.0 66.0 0.0 
105990.0 7067.911201192155 0.12652536929993577 0.0 112.0 102.0 2.206868131868132 
61320.0 7975.384447075835 0.06165703275529865 0.3911368015414258 77.0 73.0 0.0 
110016.62765300414 9260.377353187067 0.08863198458574181 0.0 127.0 120.0 2.8545150501672243 
113080.0 8193.173254554193 0.37700706486833657 0.0 116.0 87.0 1.9044117647058822 
109132.1167652731 7934.003532899407 0.12973667308927425 0.006422607578676943 127.0 104.0 1.9129319955406912 
60705.0 7625.512934879569 0.12909441233140656 0.3468208092485549 69.0 74.0 0.0 
66750.0 9101.34630093172 0.3930635838150289 0.16184971098265896 72.0 66.0 0.0 
103127.78195488722 7774.523667425239 0.17597944765574824 0.07964033397559409 102.0 85.0 0.301994301994302 
92940.0 8630.106207844254 0.1708413615928067 0.0032113037893384713 93.0 81.0 0.48717948717948717 
80020.0 8267.70795545237 0.51252408477842 0.057161207450224794 100.0 63.0 0.0 
102310.0 7740.973154102125 0.15928066795118817 0.03982016698779704 106.0 73.0 0.0 
83975.0 7381.203371837074 0.2357096981374438 0.08220937700706486 99.0 73.0 0.0 
116305.0 7207.851968404158 0.39627488760436735 0.10597302504816955 129.0 69.0 0.0 
75590.0 9188.658344810778 0.35131663455362877 0.12202954399486192 78.0 67.0 0.0 
89931.39025521414 10864.919773275522 0.09505459216441875 0.0 89.0 115.0 1.6471087533156499 
97819.33004025275 8937.350430108756 0.1123956326268465 0.006422607578676943 117.0 105.0 1.2060200668896321 
133800.0 6857.466729606858 0.13359023763648042 0.0 156.0 110.0 2.464994425863991 
81685.0 7524.126516389702 0.16441875401412973 0.10404624277456648 79.0 70.0 0.0 
85250.0 8205.114287077688 0.14129736673089274 0.09377007064868337 82.0 73.0 0.0 
97774.4184348657 9162.607505762708 0.08285163776493257 0.0032113037893384713 118.0 121.0 1.7276768148731065 
71025.0 8736.361553844818 0.1599229287090559 0.25112395632626844 61.0 71.0 0.0 
73340.0 7293.936570268559 0.12909441233140656 0.3262684649967887 89.0 74.0 0.0 
68065.0 8451.169963566179 0.4271034039820167 0.24855491329479767 69.0 68.0 0.0 
110565.33033002664 7156.907986111545 0.1123956326268465 0.0 124.0 109.0 2.3867521367521367 
101691.24083096634 11032.369383233026 0.057161207450224794 0.0 118.0 145.0 2.6342780026990553 
100480.0 7897.191082355404 0.14900449582530506 0.018625561978163133 104.0 77.0 1.7980769230769231 
86155.0 7492.813939603851 0.20937700706486834 0.09633911368015415 103.0 73.0 0.0 
82555.0 8410.109891013582 0.21579961464354527 0.048811817597944764 98.0 73.0 0.0 
