82430.0 7710.264662565186 0.2909441233140655 0.05908798972382787 111.0 72.0 0.38888888888888884 
68750.0 9705.944653178627 0.14129736673089274 0.25305073859987154 60.0 78.0 0.4195804195804196 
92908.23778112487 8235.134855537302 0.13872832369942195 0.017341040462427744 137.0 109.0 1.2391304347826089 
120730.0 7251.708866852799 0.15350032113037893 0.03982016698779704 121.0 77.0 0.48717948717948717 
55400.0 9529.264088259486 0.3012202954399486 0.23378291586384073 61.0 65.0 0.0 
71160.0 7328.958761013114 0.15606936416184972 0.22992935131663456 72.0 80.0 1.798263027295285 
83670.0 8328.63515998507 0.49775208734746307 0.06101477199743096 102.0 67.0 0.0 
78080.0 8634.273759285059 0.21066152858060372 0.1014771997430957 106.0 114.0 2.4173604173604173 
39900.0 8794.672035480859 0.1252408477842004 0.38599871547848424 49.0 65.0 0.0 
97060.0 8016.148003418236 0.1682723185613359 0.018625561978163133 97.0 74.0 0.35384615384615387 
84955.0 9896.764339878513 0.1361592806679512 0.05523442517662171 76.0 85.0 1.5873076923076923 
83749.01563108413 11580.973521779613 0.06037251123956326 0.0 87.0 128.0 2.4987179487179487 
75310.0 9741.128638165024 0.35260115606936415 0.06229929351316635 71.0 72.0 0.4105263157894737 
91190.0 7286.85026522673 0.14900449582530506 0.018625561978163133 93.0 77.0 1.7211538461538463 
60705.0 7527.114449018473 0.10340398201669879 0.3468208092485549 69.0 76.0 0.2833333333333333 
97370.0 7604.827422731211 0.22350674373795762 0.035324341682723186 91.0 73.0 0.735897435897436 
71545.0 7186.516132944617 0.2980089916506101 0.12780989081567115 83.0 85.0 1.6798245614035088 
106715.0 7220.635833894674 0.11946050096339114 0.0 150.0 133.0 3.03966267358007 
100750.0 6459.08233087293 0.14900449582530506 0.018625561978163133 104.0 77.0 1.7211538461538463 
91555.60270531663 9698.42275251592 0.10918432883750803 0.0012845215157353885 126.0 121.0 1.2274247491638797 
85750.0 8948.041002743763 0.14450867052023122 0.07000642260757868 81.0 77.0 0.4195804195804196 
116290.0 8149.3841241227265 0.14193962748876043 0.018625561978163133 109.0 110.0 2.8144796380090495 
138869.56834532373 5957.366685559179 0.3827874116891458 0.024405908798972382 153.0 74.0 0.0 
68410.0 7960.12777420201 0.2697495183044316 0.16249197174052665 69.0 74.0 0.402046783625731 
85196.1216164077 10484.29048921912 0.10404624277456648 6.422607578676942E-4 92.0 112.0 0.7547008547008547 
84165.0 8605.467260012718 0.12909441233140656 0.03018625561978163 95.0 74.0 0.13247863247863248 
79270.0 7249.773363570587 0.12716763005780346 0.1579961464354528 98.0 73.0 0.0 
87860.0 8440.604851793505 0.2003853564547206 0.021836865767501604 81.0 66.0 0.0 
83580.0 8679.476292793133 0.22350674373795762 0.026332691072575465 99.0 80.0 0.0 
79420.0 9515.306545558933 0.13808606294155426 0.22928709055876687 68.0 94.0 1.218137254901961 
96133.9405811296 9498.460912717423 0.1599229287090559 0.0 117.0 116.0 0.9532286598850066 
101375.0 8559.8375009244 0.147077713551702 0.07064868336544637 94.0 83.0 0.4195804195804196 
88595.0 7962.272430706662 0.23121387283236994 0.035324341682723186 85.0 65.0 0.0 
88998.55656941699 11790.39897956073 0.10597302504816955 0.0 100.0 114.0 2.1735347985347984 
108720.0 8682.058228771475 0.08092485549132948 0.0 125.0 107.0 2.8288740245261983 
87111.49741972907 10113.957076514598 0.12716763005780346 0.00449582530507386 90.0 100.0 1.087820512820513 
84740.0 8179.90388145463 0.21066152858060372 0.04816955684007707 103.0 67.0 0.1608187134502924 
188274.56834532373 5739.270340473293 0.3827874116891458 0.024405908798972382 167.0 75.0 0.0 
90182.47740859425 11285.106829009976 0.04816955684007707 0.0 90.0 142.0 2.9581382385730213 
73340.0 7987.403906951976 0.07064868336544637 0.3262684649967887 89.0 77.0 2.0 
70255.0 10088.565658006144 0.3236994219653179 0.12780989081567115 72.0 82.0 0.9263157894736842 
71545.0 7228.333492799951 0.2980089916506101 0.12780989081567115 83.0 79.0 1.513157894736842 
56205.0 9080.536484388478 0.28901734104046245 0.32883750802825945 51.0 72.0 0.0 
98340.0 6442.46152488277 0.18368657675016056 0.018625561978163133 101.0 73.0 1.4307692307692308 
89275.0 7737.581784444345 0.31920359666024406 0.13102119460500963 101.0 73.0 0.0 
98388.11806585011 8639.436543333115 0.07450224791265253 0.0 130.0 147.0 2.7951505016722407 
66925.0 7938.493276283617 0.10083493898522801 0.340398201669878 75.0 73.0 0.0 
79270.0 7249.773363570587 0.12716763005780346 0.1579961464354528 98.0 73.0 0.0 
60330.0 8969.771994472594 0.1111111111111111 0.29736673089274246 54.0 68.0 0.0 
65280.0 8322.082379862699 0.3166345536287733 0.29030186255619783 65.0 72.0 0.0 
101480.0 7936.187287699116 0.1329479768786127 0.0 117.0 90.0 0.5418060200668896 
131879.2556950134 7994.458921522084 0.13037893384714194 0.0 158.0 134.0 2.285395763656633 
105400.21853624705 9185.928645490452 0.09505459216441875 0.0 124.0 129.0 2.790489179850882 
138120.0 7101.2716469453035 0.44315992292870904 0.028259473346178548 140.0 71.0 0.0 
114582.17609067958 8275.01364051041 0.10533076429030186 0.0 121.0 112.0 2.488472312001724 
91175.0 6729.644205815172 0.1798330122029544 0.18818240205523443 95.0 81.0 1.3311965811965814 
79270.0 7249.773363570587 0.12716763005780346 0.1579961464354528 98.0 73.0 0.0 
56350.0 9202.599532327129 0.3333333333333333 0.3134232498394348 58.0 69.0 0.0 
87100.0 8435.596504548095 0.19910083493898523 0.021836865767501604 82.0 67.0 0.0 
113944.42500036344 9888.190949155283 0.07964033397559409 0.0 129.0 131.0 2.8680897108007084 
92485.0 9694.746617801284 0.4733461785484907 0.0 106.0 96.0 1.3160821965927054 
84085.0 7690.577331211034 0.2357096981374438 0.08220937700706486 97.0 75.0 0.0 
75260.0 7077.563935044761 0.22286448298008993 0.2594733461785485 88.0 76.0 1.0689655172413792 
72000.0 7788.769663327608 0.380218368657675 0.12202954399486192 86.0 68.0 1.1764705882352942 
86749.01006558184 10731.452723270364 0.15542710340398203 0.0 94.0 111.0 2.1952380952380954 
111534.64285830088 8703.817416590293 0.10533076429030186 0.0 126.0 118.0 1.8824877250409167 
97663.54783924861 9641.705540265839 0.15093127809890816 0.0012845215157353885 98.0 99.0 1.0978779840848807 
61085.0 8023.34704501528 0.17212588310854207 0.3153500321130379 89.0 71.0 0.0 
91005.0 8050.4741860627155 0.19717405266538215 0.03147077713551702 89.0 78.0 0.7538461538461538 
96350.92512977899 10716.172205977016 0.04945407835581246 0.0 107.0 139.0 2.6093695777906305 
122379.61264903164 8406.24259417704 0.09441233140655106 0.0 144.0 142.0 3.295830546265329 
94384.07473111454 11058.490859935207 0.10725754656390495 0.0 101.0 142.0 2.1064165719338135 
73915.0 7956.653144999294 0.17276814386640976 0.26653821451509313 81.0 74.0 0.0 
45105.0 8794.934994582882 0.13872832369942195 0.363519588953115 50.0 66.0 0.0 
107855.0 6184.537091865978 0.1894669235709698 0.07193320488118175 125.0 89.0 1.2564102564102564 
59980.0 9169.153132950356 0.15606936416184972 0.3044315992292871 59.0 76.0 0.0 
74755.0 7368.474101366954 0.380218368657675 0.12202954399486192 88.0 73.0 1.2413793103448276 
94496.66780137928 10436.875285949673 0.08606294155427104 0.0 98.0 123.0 2.1295092838196283 
74140.0 7853.713491384578 0.29030186255619783 0.13230571612074501 86.0 72.0 0.0 
60590.0 8693.245855550469 0.37315350032113037 0.31727681438664096 63.0 72.0 0.0 
64545.0 7678.076609616953 0.07129094412331406 0.3583815028901734 76.0 73.0 0.0 
96060.0 6366.537481207451 0.20488118175979447 0.03275529865125241 107.0 82.0 1.656498673740053 
150295.0 7311.09243697479 0.3063583815028902 0.06551059730250482 151.0 81.0 0.0 
75595.0 6564.289976133652 0.07642903018625562 0.33397559409120103 89.0 89.0 2.12 
92025.63138467455 9659.372255770355 0.10597302504816955 0.0 105.0 127.0 2.8461538461538463 
82435.0 8232.445767598478 0.18047527296082208 0.05973025048169557 110.0 80.0 0.13555555555555554 
112030.0 8047.03463234614 0.5157353885677585 0.01348747591522158 125.0 70.0 0.0 
110964.85148239731 8549.169480151988 0.05330764290301863 0.0 132.0 141.0 3.1574972129319954 
95035.0 9921.954777748024 0.1811175337186898 0.020552344251766216 92.0 97.0 1.2362470862470862 
98108.88214366813 10279.602032392493 0.10789980732177264 0.0 98.0 121.0 1.919019199191613 
79270.0 7249.773363570587 0.12716763005780346 0.1579961464354528 98.0 73.0 0.0 
86031.26144482892 10336.330826248748 0.2491971740526654 0.03275529865125241 93.0 102.0 0.6285714285714286 
87860.0 8440.604851793505 0.2003853564547206 0.021836865767501604 81.0 66.0 0.0 
112023.0061543038 8426.3717198241 0.12267180475272961 0.0 127.0 102.0 1.4279416235937976 
135170.0 5669.546708843723 0.1682723185613359 0.006422607578676943 139.0 80.0 1.1025641025641026 
100074.59959823145 10343.425127144994 0.06358381502890173 0.0 109.0 146.0 2.882226469182991 
89494.82851052517 10517.912008287694 0.08798972382787412 0.0 102.0 105.0 2.005128205128205 
97045.83193178386 8615.095105807373 0.13102119460500963 6.422607578676942E-4 149.0 142.0 3.0192753623188406 
109157.56462278058 9859.130478298734 0.0680796403339756 0.0 127.0 155.0 2.60742727330094 
71160.0 7211.39124419661 0.16120745022479127 0.22992935131663456 71.0 75.0 1.4307692307692308 
95200.0 7484.983192805806 0.23121387283236994 0.035324341682723186 90.0 66.0 0.0 
86435.0 7633.73286523258 0.23763648041104687 0.03211303789338472 110.0 77.0 0.5684210526315789 
96060.0 6283.367936482595 0.20488118175979447 0.03275529865125241 107.0 79.0 1.8564986737400528 
64545.0 7678.076609616953 0.07129094412331406 0.3583815028901734 76.0 73.0 0.0 
94581.56303863642 10926.224570473296 0.09826589595375723 0.0 92.0 127.0 1.7513999410551135 
67320.0 8177.458592132506 0.36416184971098264 0.24855491329479767 79.0 74.0 0.0 
69165.0 7756.188598277769 0.16056518946692358 0.1708413615928067 88.0 70.0 0.0 
81300.0 9277.804523132432 0.1438664097623635 0.03596660244059088 101.0 91.0 1.0622556390977445 
90765.0 9509.1093482507 0.28387925497752087 0.009633911368015413 91.0 77.0 0.6726168568273831 
70005.0 8504.947964363002 0.11046885035324341 0.3384714193962749 85.0 94.0 1.2577175697865353 
102520.0 7621.535387872553 0.19588953114964675 0.08606294155427104 115.0 79.0 0.0 
96356.2236032857 9537.770097911474 0.18625561978163135 0.0 112.0 114.0 1.5744047619047619 
