65570.0 8909.349130401766 0.12780989081567115 0.2691072575465639 63.0 75.0 1.4807692307692308 
120640.0 7291.8387330825635 0.14836223506743737 0.036608863198458574 132.0 80.0 0.4358974358974359 
87860.0 8440.604851793505 0.2003853564547206 0.021836865767501604 81.0 66.0 0.0 
81795.0 7056.4177926596685 0.1464354527938343 0.023121387283236993 105.0 81.0 1.324812030075188 
55400.0 9529.264088259486 0.3012202954399486 0.23378291586384073 61.0 65.0 0.0 
82853.90638282362 12776.746720040393 0.06294155427103404 0.0 91.0 144.0 2.724351011307533 
66620.0 7617.991727941177 0.07707129094412331 0.35324341682723187 74.0 71.0 0.30526315789473685 
68895.0 9254.031561962338 0.12267180475272961 0.2607578676942839 66.0 76.0 0.45546558704453444 
93780.94665605086 8137.874150875338 0.1464354527938343 0.0 116.0 108.0 1.948872180451128 
94975.0 7897.006598061016 0.2145150931278099 0.028901734104046242 88.0 71.0 0.35384615384615387 
68685.0 8162.89356605065 0.36416184971098264 0.24855491329479767 72.0 70.0 0.26515151515151514 
84999.81853798768 8390.743795228254 0.16377649325626203 0.023121387283236993 107.0 78.0 0.19047619047619047 
73785.0 7443.978148678913 0.33911368015414256 0.1111111111111111 91.0 77.0 1.7005444646098 
76320.0 10180.099371968414 0.3179190751445087 0.06229929351316635 70.0 76.0 0.8486842105263157 
136300.0 5774.7822509970865 0.16441875401412973 0.006422607578676943 140.0 82.0 1.735897435897436 
83718.37570710578 11438.05740597582 0.10211946050096339 0.006422607578676943 87.0 117.0 0.6134010643444605 
100675.0 6648.92183358758 0.16056518946692358 0.018625561978163133 103.0 81.0 1.6789297658862876 
44045.0 8847.212420606915 0.12074502247912652 0.371868978805395 55.0 73.0 0.0 
95910.0 6150.795823340575 0.2119460500963391 0.023121387283236993 117.0 75.0 0.0 
79270.0 7249.773363570587 0.12716763005780346 0.1579961464354528 98.0 73.0 0.0 
120542.5 8349.27434127263 0.15285806037251123 0.006422607578676943 120.0 108.0 1.502454991816694 
96642.45944570971 8520.220459852762 0.1817597944765575 0.017341040462427744 127.0 100.0 1.092063492063492 
76440.0 7057.617939211911 0.13808606294155426 0.21836865767501606 78.0 79.0 1.7211538461538463 
80190.0 8266.547062750335 0.4682080924855491 0.05330764290301863 92.0 63.0 0.0 
92440.0 9262.166362716798 0.12909441233140656 0.03018625561978163 86.0 79.0 0.12570356472795496 
78840.0 10849.523673118229 0.12395632626846499 0.08734746307000642 72.0 90.0 1.8141025641025639 
83390.0 7521.53568166333 0.22029543994861914 0.0449582530507386 103.0 74.0 0.15407407407407409 
99526.1587665267 8477.217739782685 0.14322414900449582 0.0 132.0 112.0 2.121985815602837 
76230.0 8546.364895798093 0.1329479768786127 0.21836865767501606 79.0 85.0 2.093775847808106 
79270.0 7249.773363570587 0.12716763005780346 0.1579961464354528 98.0 73.0 0.0 
83615.0 7856.59186763 0.147077713551702 0.0680796403339756 83.0 72.0 0.7211538461538461 
95937.08756855947 12003.243709001148 0.09955041746949261 0.0 84.0 124.0 1.930164835164835 
83515.0 8529.267032802525 0.34104046242774566 0.08606294155427104 91.0 67.0 0.0 
88045.0 7404.789465660063 0.24534360950545922 0.1457931920359666 94.0 73.0 0.0 
86095.0 7315.869887761582 0.4174694926140013 0.08670520231213873 97.0 77.0 1.2413793103448276 
96060.0 6311.596054157396 0.16955684007707128 0.03275529865125241 111.0 89.0 2.0488063660477454 
134079.13849621627 6950.363472328586 0.13166345536287732 0.0 160.0 113.0 2.160597381342062 
51325.0 8214.699485447867 0.15221579961464354 0.3384714193962749 63.0 71.0 0.0 
87860.0 8440.604851793505 0.2003853564547206 0.021836865767501604 81.0 66.0 0.0 
119490.0 7232.405891980361 0.15928066795118817 0.03982016698779704 120.0 73.0 0.0 
61980.0 9128.55611674524 0.11946050096339114 0.28387925497752087 56.0 70.0 0.47692307692307695 
117279.54600799608 8335.607047542278 0.1355170199100835 0.03468208092485549 135.0 121.0 1.5600081339016074 
80190.0 8266.547062750335 0.4682080924855491 0.05330764290301863 92.0 63.0 0.0 
98874.07999043047 9440.554867223267 0.12074502247912652 0.0032113037893384713 104.0 102.0 0.5492307692307692 
60705.0 7625.512934879569 0.12909441233140656 0.3468208092485549 69.0 74.0 0.0 
107028.18685060347 7783.969909711021 0.11368015414258188 0.0 110.0 99.0 1.7211538461538463 
102120.0 9504.885036910206 0.1361592806679512 0.018625561978163133 97.0 108.0 2.0526688072967563 
90256.33226526529 7865.367199954827 0.3018625561978163 0.12780989081567115 104.0 76.0 0.0 
67330.0 8071.452501391111 0.24791265253692998 0.20166987797045602 73.0 67.0 0.0 
84045.0 8297.018989021548 0.21001926782273603 0.033397559409120106 104.0 77.0 0.17478991596638654 
114655.0 7172.628031591644 0.3834296724470135 0.11946050096339114 128.0 69.0 0.0 
134130.0 7491.716528179156 0.147077713551702 0.006422607578676943 149.0 96.0 2.2342251950947603 
92615.0 6452.452092100519 0.3018625561978163 0.12138728323699421 109.0 75.0 1.1176470588235294 
79270.0 7249.773363570587 0.12716763005780346 0.1579961464354528 98.0 73.0 0.0 
70235.0 7790.939156484136 0.22093770070648683 0.24855491329479767 74.0 75.0 0.7291666666666667 
120755.0 7038.254879853431 0.22350674373795762 0.03982016698779704 118.0 73.0 0.0 
139237.30877693358 7404.175230474891 0.2697495183044316 0.0 136.0 90.0 2.0538124156545208 
68535.0 8869.801314859902 0.29865125240847784 0.15028901734104047 72.0 71.0 0.5263157894736842 
65500.0 8042.772596843616 0.12267180475272961 0.3596660244059088 73.0 69.0 0.0 
69220.0 8408.062820327239 0.357096981374438 0.14964675658317278 83.0 63.0 0.0 
57990.0 8589.167592544898 0.12780989081567115 0.32241490044958254 60.0 69.0 0.0 
95372.02809026463 8934.576244416572 0.1457931920359666 0.0 147.0 132.0 2.3529834291819154 
74110.0 8214.990012325217 0.42003853564547206 0.09826589595375723 90.0 64.0 0.0 
113235.0 9362.22972972973 0.15542710340398203 0.029543994861913937 102.0 89.0 0.0 
93995.04870808781 9987.797379552836 0.10468850353243417 0.0 113.0 124.0 1.9514472455648926 
91980.0 6765.724304498979 0.21644187540141296 0.038535645472061654 108.0 80.0 1.2592592592592593 
86095.0 7105.320257832585 0.4174694926140013 0.08670520231213873 98.0 80.0 1.4166666666666667 
71790.0 8549.6429013489 0.13037893384714194 0.2472703917790623 69.0 77.0 0.7961538461538462 
106008.59380229609 8324.19308781641 0.18754014129736674 0.009633911368015413 128.0 105.0 1.0771241830065361 
76440.0 7282.00147570607 0.13808606294155426 0.21836865767501606 77.0 87.0 2.0915242165242165 
120530.0 7392.7540944338225 0.15478484264611433 0.03982016698779704 133.0 101.0 1.2984496124031009 
87860.0 8440.604851793505 0.2003853564547206 0.021836865767501604 81.0 66.0 0.0 
88831.38374512587 10862.665200808078 0.1111111111111111 0.0 98.0 127.0 1.5709193245778612 
91115.0 9222.28869691327 0.15028901734104047 0.018625561978163133 89.0 89.0 1.3629605688429218 
119490.0 7232.405891980361 0.15928066795118817 0.03982016698779704 120.0 73.0 0.0 
179525.0 5575.289548920038 0.4071933204881182 0.0 197.0 98.0 1.9047619047619047 
101040.0 8629.612854205512 0.16570327552986513 0.018625561978163133 89.0 83.0 1.7165912518853697 
76105.0 8675.725799862437 0.4155427103403982 0.08349389852280026 85.0 63.0 0.0 
84075.0 8403.579565645265 0.22992935131663456 0.0340398201669878 82.0 67.0 0.0 
116410.0 6337.8060462327685 0.16634553628773283 0.006422607578676943 124.0 87.0 1.6373626373626373 
89455.0 7691.975298123678 0.20488118175979447 0.03275529865125241 101.0 87.0 1.8103448275862069 
83310.0 8801.589939096657 0.15542710340398203 0.057803468208092484 82.0 71.0 0.40384615384615385 
72130.0 8559.747382371464 0.365446371226718 0.14836223506743737 73.0 66.0 0.0 
74110.0 8214.990012325217 0.42003853564547206 0.09826589595375723 90.0 64.0 0.0 
85320.0 6754.572166551377 0.2543352601156069 0.10404624277456648 106.0 81.0 1.08 
109503.54010995106 9440.686767721108 0.09569685292228645 0.0 118.0 141.0 2.8516483516483517 
95065.43522114286 12187.880324937374 0.0892742453436095 0.0 91.0 145.0 2.7004198949476312 
50755.0 9094.472341529266 0.07964033397559409 0.35388567758509953 52.0 78.0 0.8486842105263157 
87486.11962513806 11111.146083285452 0.06679511881824021 0.0 105.0 144.0 1.5657997701475963 
62140.0 10069.47947152202 0.15285806037251123 0.28837508028259473 59.0 82.0 0.0 
105820.0 7558.298622426315 0.14258188824662812 0.006422607578676943 102.0 92.0 1.7144522144522145 
86470.0 7693.246898610205 0.25690430314707774 0.14129736673089274 90.0 73.0 0.0 
65690.0 8000.739026108083 0.12780989081567115 0.2691072575465639 64.0 83.0 1.7264267990074442 
59785.0 8388.067324465164 0.07964033397559409 0.35388567758509953 60.0 78.0 0.8486842105263157 
71790.0 7766.3095680155675 0.1252408477842004 0.2472703917790623 70.0 79.0 1.7961538461538462 
54905.0 9003.51138410076 0.15606936416184972 0.3281952472703918 60.0 74.0 0.20050125313283207 
87860.0 8440.604851793505 0.2003853564547206 0.021836865767501604 81.0 66.0 0.0 
137780.0 6078.858598255062 0.15863840719332048 0.0 151.0 92.0 1.9524886877828056 
91190.0 7925.675271959339 0.14900449582530506 0.018625561978163133 92.0 78.0 1.8461538461538463 
75780.0 7854.794990067342 0.15350032113037893 0.2697495183044316 93.0 82.0 0.0 
55160.0 9009.082613235798 0.2472703917790623 0.3416827231856134 53.0 71.0 0.4605263157894737 
109070.77450455757 9939.624528894547 0.12074502247912652 0.0 123.0 115.0 1.580071974808817 
127799.4959876223 7519.277833452256 0.3911368015414258 0.017341040462427744 154.0 81.0 0.0 
80375.0 7799.95644599303 0.16698779704560052 0.07385998715478484 88.0 72.0 0.6564986737400531 
88525.0 8005.7112416084765 0.1791907514450867 0.19781631342324985 92.0 79.0 0.33119658119658124 
103405.0 8111.2023626569135 0.1901091843288375 0.021836865767501604 105.0 85.0 0.95 
75780.0 8130.266008666346 0.4341682723185613 0.09377007064868337 90.0 63.0 0.0 
63500.0 8493.623137642011 0.28644829800899163 0.2825947334617855 63.0 77.0 0.8486842105263157 
93991.15643016981 9773.234462278326 0.0789980732177264 0.0 102.0 126.0 1.9984131011417368 
93624.22429792762 9802.481183279355 0.05844572896596018 0.0 108.0 130.0 2.9669540229885056 
83280.0 8310.127528795962 0.15414258188824662 0.06936416184971098 88.0 80.0 0.951497975708502 
112650.0 9581.966157022436 0.3436095054592164 0.0 111.0 90.0 1.407017543859649 
