0.9998013289905912 0.0017126287355554003 
1.868515287587808E-7 1.0006286267410693 
0.8086180158733596 0.3476849293955921 
0.787289077378573 0.3818262544864056 
0.5095444254961213 0.7417006771721005 
0.8469227698989402 0.2840186409631328 
0.9647578244375792 0.07087872648369557 
0.14025007654901256 0.9813013508145576 
0.8592540635800276 0.2631938625145247 
0.3295458233808431 0.89264554190068 
0.16509336425280918 0.9736378420763557 
0.25433704603342117 0.9361581577265645 
0.8882668637463896 0.21218450377520756 
0.17989187816587104 0.9683664847440674 
0.8949441490717802 0.20063615882653302 
0.8768171917624578 0.23254138996247775 
0.615389429535319 0.6227625953415299 
0.6044442955616499 0.6363559097863747 
0.20041046916069116 0.960431639296096 
0.05125612337152289 0.9981714392393349 
0.9771875905029209 0.0464814599293276 
0.9872229522002305 0.02697929952929467 
0.42875432149087467 0.8169252424760444 
0.3047243727081627 0.9085572856601313 
0.47227037358056456 0.7792356368255275 
0.5832331535867005 0.6615661113133664 
0.2835446631088576 0.9204963651024882 
0.3097116833068101 0.9051497032047463 
0.5548223287278845 0.6933130743034007 
0.826268363293871 0.3184847133328723 
0.48485941792205023 0.7659824613814017 
0.644054760010944 0.5863834533944613 
0.6247103521303429 0.6112374032905835 
0.5697282470851036 0.6794615589127037 
0.40364976127166513 0.8381139558590674 
0.5232274810119448 0.7278153997116259 
0.9934165772307715 0.014575084751154863 
0.08101253422129334 0.9944324145557054 
0.463502402938764 0.7860890680025603 
0.9578869995829762 0.08421349045415903 
0.36774864253937545 0.8656537342363153 
0.9381237035395482 0.12164389811655939 
0.5402936483045534 0.70918029473564 
0.27528924615734723 0.924849469755217 
0.9112073298754508 0.17105636112710115 
0.9275743986847249 0.14093861197889723 
0.39314272526639243 0.8462838425113092 
0.9076022064867233 0.18385106340269133 
0.7565068352090535 0.42862010071975326 
0.652604481877527 0.5751251009041166 
0.494619866751309 0.7565020887038953 
0.7093561810348534 0.49772807624870263 
0.688524972140144 0.5271757065625302 
0.10211101763245067 0.9904612501194792 
0.021924875485601597 1.000579053562911 
0.9518194093713561 0.09529846790705279 
0.8664508518734768 0.25029670347850624 
0.35024471277160996 0.878143139662421 
0.8381576817550809 0.2993237912523777 
0.6595732540148489 0.5662012385816744 
0.9461018254598481 0.10645322709564317 
0.7497194521985856 0.4406587787274437 
0.3414575018445207 0.884299828388823 
0.6666902014921094 0.5565176862751562 
0.5774465437059498 0.677511819083522 
0.9213714215750755 0.15441039749999963 
0.73727662603701 0.45737546892525427 
0.6767366234640098 0.5433303456948315 
0.9813177983717218 0.04466658564119861 
0.7281141900553542 0.47096383849058526 
0.774719316862847 0.41100002388584905 
0.7197035452776066 0.48326158149156967 
0.8716075536419304 0.24180948973717858 
0.780299978722984 0.401975632456908 
0.7817600148772056 0.39009002861239594 
0.8175925354149766 0.33252912928451517 
0.21176516497079273 0.9559177740304888 
0.12209598058331939 0.9859344298114765 
0.4166821578876527 0.8273791740531777 
0.5966720151341641 0.6486334869397318 
0.6356735693572922 0.597130307986673 
0.5282635141361812 0.7219283960460489 
0.6331932197802841 0.6018339447926138 
0.11881713895793938 0.9866466352272444 
0.22360489118549026 0.9509281412421636 
0.41444756053200876 0.8292336478111477 
0.38341482138465866 0.8538086954266769 
0.9444762313479422 0.12059406224043709 
0.23613103378749767 0.9452915198996561 
0.4520350336626019 0.7965797310821827 
0.4392054838480446 0.8080204907408072 
0.24143984597855495 0.9422957124084872 
0.0337463725041498 0.9998826534662981 
0.7668352145517829 0.4190511520476486 
0.8333395249400823 0.30793836988130396 
0.7330774619780607 0.4638907738661095 
0.7051133531057463 0.5037774176532734 
0.3719879445864136 0.8625658995331554 
0.09042729478873873 0.9927723969761083 
0.6732712161934735 0.548229197921135 
