0.9998215747933039 0.0013244653209490815 
5.068376149314773E-11 1.0004854029906576 
0.8393897524186973 0.29629372681169897 
0.8566969128602913 0.26708379245779046 
0.4150309359147882 0.8286312885629 
0.9725937748565125 0.05547817716513223 
0.5534903720005924 0.6944695725100819 
0.2812698041770187 0.9215061297515083 
0.39756260092325035 0.8430579559606426 
0.5385633577452998 0.7108694303963995 
0.5147860795226492 0.7358336311353231 
0.260535652334838 0.9329306509221351 
0.8952849941783522 0.19932480623751098 
0.5291703416692248 0.7209973259466061 
0.10291047577792112 0.9900273102713041 
0.6887719410194532 0.5266769546213671 
0.992523920554007 0.016498185528553717 
0.6663699110709874 0.5567475647924676 
0.9579242062584254 0.08387097345059152 
0.7806655530487221 0.3916805325407794 
0.47553324018955145 0.7747314796821556 
0.7238550318038518 0.4770081358606412 
0.716657087133776 0.487285085624142 
0.9248336733607161 0.1457928206858577 
0.9444618975120695 0.10929753465369345 
0.9655976985589388 0.0689278996742143 
0.12359253365715611 0.9853351505490769 
0.3693463163927845 0.8641505410692739 
0.7606131114763433 0.4270589005672065 
0.3561528693061703 0.8740727234808805 
0.6385627528938865 0.5933775718648562 
0.2145093619322323 0.9546972992372196 
0.4293615213951261 0.8160847689566221 
0.24917144490996546 0.9385993188810283 
0.7069573640339032 0.5011794009953788 
0.8882382428414141 0.2126978296844595 
0.8282105982876073 0.3150153053683175 
0.1886876863706167 0.9652159127642346 
0.984564779977209 0.031980090965430426 
0.20243883147968997 0.9599310674550878 
0.8731958476695505 0.23856947807932155 
0.5652946238163834 0.6817916761813444 
0.48970672540464344 0.7612813726951422 
0.7876753265514083 0.38072805030983614 
0.9374574584025355 0.12231384878718947 
0.8164251932750662 0.33451467476290714 
0.46551970359382183 0.7838563177720327 
0.9056399368026149 0.18102569519445283 
0.7982387702788125 0.3637400353114569 
0.3144669436890359 0.9018613836324018 
0.7436344550954461 0.4481853497760665 
0.8056867489906018 0.3517465962682712 
0.6299957561076659 0.6047623269026631 
0.5927952706520665 0.649740875989358 
0.5840106729036987 0.6600159635916529 
0.6761825636289509 0.5438798306298326 
0.6127957852217583 0.6254735656794926 
0.5045957996810405 0.7479952752902094 
0.38622588924622436 0.851726840495795 
0.695059607064337 0.5178437531567937 
0.7657827743828374 0.41450114136884014 
0.7010042290629757 0.5094441523734219 
0.3286309813259951 0.8926648559966626 
0.29481848228862256 0.9136394491842252 
0.9158127897956769 0.1628583919662423 
0.7336407055567834 0.46268149271456455 
0.8102720267931325 0.34427460658342257 
0.059192292049838224 0.9969801511705991 
0.48703560264675094 0.7634825794987269 
0.7934789275332433 0.37145587145916875 
0.7504923037169446 0.4380138216394646 
0.6577145617077518 0.5684235310887487 
0.08331730976396445 0.9936180326011358 
0.171031712818564 0.9714167485183811 
0.7712797086657142 0.4065442215308188 
0.23492709221906277 0.9454530030187462 
0.9068135817571388 0.1788848227732097 
0.3316401689848405 0.8906168582046781 
0.3440775055872181 0.8823270878246087 
0.6031980949137186 0.6368458782975738 
0.8655772539190129 0.25211764469611175 
0.9148834612421339 0.16413512683505918 
0.6248944736661401 0.6109085248477872 
0.22930390635096806 0.9482748509870316 
0.7353024288437446 0.4604660533314345 
0.8227606438340864 0.3242729313531317 
0.5696281128652135 0.6765207560701505 
0.023398978540409766 1.000163928668905 
0.044014530848123234 0.9986714288375758 
0.14147532600840565 0.9806544087245402 
0.17540580404097583 0.9696988543277257 
0.8639018219037815 0.2545736775129486 
0.6548675486137879 0.5721095263668492 
0.06923048805485862 0.995932933425877 
0.014219504881019362 1.0003046266928735 
0.15543072969264543 0.9765252234255479 
0.9849797550288155 0.031217904228035498 
0.6761670821882612 0.5439373396969447 
0.9591818794574877 0.08139692343272903 
0.13470753892838366 0.9826352293801215 
