[10, 59, 1, 49, 15, 42, 30, 63, 24, 21][8, 56, 28, 10, 17, 59, 1, 31, 11, 68][41, 57, 35, 34, 51, 8, 52, 64, 58, 45][13, 33, 50, 43, 61, 60, 17, 20, 55, 16][6, 47, 7, 53, 46, 40, 12, 27, 25, 34][19, 29, 66, 3, 23, 0, 2, 14, 44, 60][38, 22, 36, 54, 66, 18, 5, 37, 65, 39][48, 69, 38, 18, 39, 32, 65, 37, 5, 67][11, 68, 59, 9, 31, 1, 49, 26, 8, 28][30, 24, 62, 42, 49, 1, 31, 11, 68, 59][40, 47, 53, 46, 7, 4, 25, 57, 34, 45][30, 24, 62, 42, 49, 1, 31, 11, 68, 59][10, 59, 1, 49, 15, 42, 30, 63, 24, 21][49, 42, 30, 24, 63, 21, 62, 15, 11, 68][30, 24, 62, 42, 49, 1, 31, 11, 68, 59] 
[38, 22, 36, 54, 66, 18, 5, 37, 65, 39][19, 29, 66, 3, 23, 0, 2, 14, 44, 60][13, 33, 50, 43, 61, 60, 17, 20, 55, 16][8, 56, 28, 10, 17, 59, 1, 31, 11, 68][41, 57, 35, 34, 51, 8, 52, 64, 58, 45][6, 47, 7, 53, 46, 40, 12, 27, 25, 34][49, 42, 30, 24, 63, 21, 62, 15, 11, 68][48, 69, 38, 18, 39, 32, 65, 37, 5, 67][11, 68, 59, 9, 31, 1, 49, 26, 8, 28][40, 47, 53, 46, 7, 4, 25, 57, 34, 45][11, 68, 59, 9, 31, 1, 49, 26, 8, 28][30, 24, 62, 42, 49, 1, 31, 11, 68, 59][10, 59, 1, 49, 15, 42, 30, 63, 24, 21][48, 69, 38, 18, 39, 32, 65, 37, 5, 67][11, 68, 59, 9, 31, 1, 49, 26, 8, 28] 
[30, 24, 62, 42, 49, 1, 31, 11, 68, 59][8, 56, 28, 10, 17, 59, 1, 31, 11, 68][13, 33, 50, 43, 61, 60, 17, 20, 55, 16][41, 57, 35, 34, 51, 8, 52, 64, 58, 45][19, 29, 66, 3, 23, 0, 2, 14, 44, 60][6, 47, 7, 53, 46, 40, 12, 27, 25, 34][38, 22, 36, 54, 66, 18, 5, 37, 65, 39][48, 69, 38, 18, 39, 32, 65, 37, 5, 67][10, 59, 1, 49, 15, 42, 30, 63, 24, 21][11, 68, 59, 9, 31, 1, 49, 26, 8, 28][40, 47, 53, 46, 7, 4, 25, 57, 34, 45][48, 69, 38, 18, 39, 32, 65, 37, 5, 67][30, 24, 62, 42, 49, 1, 31, 11, 68, 59][48, 69, 38, 18, 39, 32, 65, 37, 5, 67][8, 56, 28, 10, 17, 59, 1, 31, 11, 68] 
[6, 47, 7, 53, 46, 40, 12, 27, 25, 34][41, 57, 35, 34, 51, 8, 52, 64, 58, 45][8, 56, 28, 10, 17, 59, 1, 31, 11, 68][13, 33, 50, 43, 61, 60, 17, 20, 55, 16][19, 29, 66, 3, 23, 0, 2, 14, 44, 60][38, 22, 36, 54, 66, 18, 5, 37, 65, 39][10, 59, 1, 49, 15, 42, 30, 63, 24, 21][48, 69, 38, 18, 39, 32, 65, 37, 5, 67][11, 68, 59, 9, 31, 1, 49, 26, 8, 28][30, 24, 62, 42, 49, 1, 31, 11, 68, 59][40, 47, 53, 46, 7, 4, 25, 57, 34, 45][48, 69, 38, 18, 39, 32, 65, 37, 5, 67][48, 69, 38, 18, 39, 32, 65, 37, 5, 67][11, 68, 59, 9, 31, 1, 49, 26, 8, 28][30, 24, 62, 42, 49, 1, 31, 11, 68, 59] 
[52, 64, 51, 57, 34, 35, 58, 41, 27, 67][48, 69, 38, 18, 39, 32, 65, 37, 5, 67][6, 47, 7, 53, 46, 40, 12, 27, 25, 34][38, 22, 36, 54, 66, 18, 5, 37, 65, 39][19, 29, 66, 3, 23, 0, 2, 14, 44, 60][13, 33, 50, 43, 61, 60, 17, 20, 55, 16][8, 56, 28, 10, 17, 59, 1, 31, 11, 68][49, 42, 30, 24, 63, 21, 62, 15, 11, 68][40, 47, 53, 46, 7, 4, 25, 57, 34, 45][11, 68, 59, 9, 31, 1, 49, 26, 8, 28][48, 69, 38, 18, 39, 32, 65, 37, 5, 67][19, 29, 66, 3, 23, 0, 2, 14, 44, 60][6, 47, 7, 53, 46, 40, 12, 27, 25, 34][8, 56, 28, 10, 17, 59, 1, 31, 11, 68][19, 29, 66, 3, 23, 0, 2, 14, 44, 60] 
[11, 68, 59, 9, 31, 1, 49, 26, 8, 28][49, 42, 30, 24, 63, 21, 62, 15, 11, 68][8, 56, 28, 10, 17, 59, 1, 31, 11, 68][13, 33, 50, 43, 61, 60, 17, 20, 55, 16][19, 29, 66, 3, 23, 0, 2, 14, 44, 60][38, 22, 36, 54, 66, 18, 5, 37, 65, 39][48, 69, 38, 18, 39, 32, 65, 37, 5, 67][52, 64, 51, 57, 34, 35, 58, 41, 27, 67][40, 47, 53, 46, 7, 4, 25, 57, 34, 45][6, 47, 7, 53, 46, 40, 12, 27, 25, 34][48, 69, 38, 18, 39, 32, 65, 37, 5, 67][38, 22, 36, 54, 66, 18, 5, 37, 65, 39][40, 47, 53, 46, 7, 4, 25, 57, 34, 45][13, 33, 50, 43, 61, 60, 17, 20, 55, 16][6, 47, 7, 53, 46, 40, 12, 27, 25, 34] 
[49, 42, 30, 24, 63, 21, 62, 15, 11, 68][8, 56, 28, 10, 17, 59, 1, 31, 11, 68][13, 33, 50, 43, 61, 60, 17, 20, 55, 16][19, 29, 66, 3, 23, 0, 2, 14, 44, 60][38, 22, 36, 54, 66, 18, 5, 37, 65, 39][48, 69, 38, 18, 39, 32, 65, 37, 5, 67][52, 64, 51, 57, 34, 35, 58, 41, 27, 67][40, 47, 53, 46, 7, 4, 25, 57, 34, 45][6, 47, 7, 53, 46, 40, 12, 27, 25, 34][11, 68, 59, 9, 31, 1, 49, 26, 8, 28][38, 22, 36, 54, 66, 18, 5, 37, 65, 39][19, 29, 66, 3, 23, 0, 2, 14, 44, 60][8, 56, 28, 10, 17, 59, 1, 31, 11, 68][40, 47, 53, 46, 7, 4, 25, 57, 34, 45][48, 69, 38, 18, 39, 32, 65, 37, 5, 67] 
[34, 25, 27, 12, 40, 46, 53, 7, 47, 6, 35, 41][13, 33, 50, 43, 61, 60, 17, 20, 55, 16][19, 29, 66, 3, 23, 0, 2, 14, 44, 60][38, 22, 36, 54, 66, 18, 5, 37, 65, 39][8, 56, 28, 10, 17, 59, 1, 31, 11, 68][49, 42, 30, 24, 63, 21, 62, 15, 11, 68][48, 69, 38, 18, 39, 32, 65, 37, 5, 67][52, 64, 51, 57, 34, 35, 58, 41, 27, 67][40, 47, 53, 46, 7, 4, 25, 57, 34, 45][11, 68, 59, 9, 31, 1, 49, 26, 8, 28][48, 69, 38, 18, 39, 32, 65, 37, 5, 67][13, 33, 50, 43, 61, 60, 17, 20, 55, 16][38, 22, 36, 54, 66, 18, 5, 37, 65, 39][38, 22, 36, 54, 66, 18, 5, 37, 65, 39][48, 69, 38, 18, 39, 32, 65, 37, 5, 67] 
[11, 68, 59, 9, 31, 1, 49, 26, 8, 28][49, 42, 30, 24, 63, 21, 62, 15, 11, 68][8, 56, 28, 10, 17, 59, 1, 31, 11, 68][13, 33, 50, 43, 61, 60, 17, 20, 55, 16][19, 29, 66, 3, 23, 0, 2, 14, 44, 60][38, 22, 36, 54, 66, 18, 5, 37, 65, 39][48, 69, 38, 18, 39, 32, 65, 37, 5, 67][52, 64, 51, 57, 34, 35, 58, 41, 27, 67][40, 47, 53, 46, 7, 4, 25, 57, 34, 45][6, 47, 7, 53, 46, 40, 12, 27, 25, 34][48, 69, 38, 18, 39, 32, 65, 37, 5, 67][38, 22, 36, 54, 66, 18, 5, 37, 65, 39][40, 47, 53, 46, 7, 4, 25, 57, 34, 45][13, 33, 50, 43, 61, 60, 17, 20, 55, 16][6, 47, 7, 53, 46, 40, 12, 27, 25, 34] 
[19, 29, 66, 3, 23, 0, 2, 14, 44, 60][38, 22, 36, 54, 66, 18, 5, 37, 65, 39][13, 33, 50, 43, 61, 60, 17, 20, 55, 16][8, 56, 28, 10, 17, 59, 1, 31, 11, 68][49, 42, 30, 24, 63, 21, 62, 15, 11, 68][48, 69, 38, 18, 39, 32, 65, 37, 5, 67][52, 64, 51, 57, 34, 35, 58, 41, 27, 67][40, 47, 53, 46, 7, 4, 25, 57, 34, 45][11, 68, 59, 9, 31, 1, 49, 26, 8, 28][6, 47, 7, 53, 46, 40, 12, 27, 25, 34][48, 69, 38, 18, 39, 32, 65, 37, 5, 67][38, 22, 36, 54, 66, 18, 5, 37, 65, 39][40, 47, 53, 46, 7, 4, 25, 57, 34, 45][19, 29, 66, 3, 23, 0, 2, 14, 44, 60][8, 56, 28, 10, 17, 59, 1, 31, 11, 68] 
[11, 68, 59, 9, 31, 1, 49, 26, 8, 28][41, 57, 35, 34, 51, 8, 52, 64, 58, 45][6, 47, 7, 53, 46, 40, 12, 27, 25, 34][49, 42, 30, 24, 63, 21, 62, 15, 11, 68][8, 56, 28, 10, 17, 59, 1, 31, 11, 68][13, 33, 50, 43, 61, 60, 17, 20, 55, 16][19, 29, 66, 3, 23, 0, 2, 14, 44, 60][38, 22, 36, 54, 66, 18, 5, 37, 65, 39][48, 69, 38, 18, 39, 32, 65, 37, 5, 67][40, 47, 53, 46, 7, 4, 25, 57, 34, 45][30, 24, 62, 42, 49, 1, 31, 11, 68, 59][10, 59, 1, 49, 15, 42, 30, 63, 24, 21][30, 24, 62, 42, 49, 1, 31, 11, 68, 59][30, 24, 62, 42, 49, 1, 31, 11, 68, 59][6, 47, 7, 53, 46, 40, 12, 27, 25, 34] 
[38, 22, 36, 54, 66, 18, 5, 37, 65, 39][19, 29, 66, 3, 23, 0, 2, 14, 44, 60][13, 33, 50, 43, 61, 60, 17, 20, 55, 16][8, 56, 28, 10, 17, 59, 1, 31, 11, 68][41, 57, 35, 34, 51, 8, 52, 64, 58, 45][6, 47, 7, 53, 46, 40, 12, 27, 25, 34][49, 42, 30, 24, 63, 21, 62, 15, 11, 68][48, 69, 38, 18, 39, 32, 65, 37, 5, 67][11, 68, 59, 9, 31, 1, 49, 26, 8, 28][40, 47, 53, 46, 7, 4, 25, 57, 34, 45][48, 69, 38, 18, 39, 32, 65, 37, 5, 67][30, 24, 62, 42, 49, 1, 31, 11, 68, 59][10, 59, 1, 49, 15, 42, 30, 63, 24, 21][11, 68, 59, 9, 31, 1, 49, 26, 8, 28][30, 24, 62, 42, 49, 1, 31, 11, 68, 59] 
[40, 47, 53, 46, 7, 4, 25, 57, 34, 45][41, 57, 35, 34, 51, 8, 52, 64, 58, 45][11, 68, 59, 9, 31, 1, 49, 26, 8, 28][10, 59, 1, 49, 15, 42, 30, 63, 24, 21][6, 47, 7, 53, 46, 40, 12, 27, 25, 34][8, 56, 28, 10, 17, 59, 1, 31, 11, 68][13, 33, 50, 43, 61, 60, 17, 20, 55, 16][19, 29, 66, 3, 23, 0, 2, 14, 44, 60][38, 22, 36, 54, 66, 18, 5, 37, 65, 39][48, 69, 38, 18, 39, 32, 65, 37, 5, 67][30, 24, 62, 42, 49, 1, 31, 11, 68, 59][30, 24, 62, 42, 49, 1, 31, 11, 68, 59][48, 69, 38, 18, 39, 32, 65, 37, 5, 67][48, 69, 38, 18, 39, 32, 65, 37, 5, 67][11, 68, 59, 9, 31, 1, 49, 26, 8, 28] 
[40, 47, 53, 46, 7, 4, 25, 57, 34, 45][52, 64, 51, 57, 34, 35, 58, 41, 27, 67][48, 69, 38, 18, 39, 32, 65, 37, 5, 67][38, 22, 36, 54, 66, 18, 5, 37, 65, 39][19, 29, 66, 3, 23, 0, 2, 14, 44, 60][13, 33, 50, 43, 61, 60, 17, 20, 55, 16][8, 56, 28, 10, 17, 59, 1, 31, 11, 68][49, 42, 30, 24, 63, 21, 62, 15, 11, 68][11, 68, 59, 9, 31, 1, 49, 26, 8, 28][6, 47, 7, 53, 46, 40, 12, 27, 25, 34][13, 33, 50, 43, 61, 60, 17, 20, 55, 16][40, 47, 53, 46, 7, 4, 25, 57, 34, 45][8, 56, 28, 10, 17, 59, 1, 31, 11, 68][48, 69, 38, 18, 39, 32, 65, 37, 5, 67][6, 47, 7, 53, 46, 40, 12, 27, 25, 34] 
[19, 29, 66, 3, 23, 0, 2, 14, 44, 60][13, 33, 50, 43, 61, 60, 17, 20, 55, 16][38, 22, 36, 54, 66, 18, 5, 37, 65, 39][8, 56, 28, 10, 17, 59, 1, 31, 11, 68][49, 42, 30, 24, 63, 21, 62, 15, 11, 68][48, 69, 38, 18, 39, 32, 65, 37, 5, 67][52, 64, 51, 57, 34, 35, 58, 41, 27, 67][40, 47, 53, 46, 7, 4, 25, 57, 34, 45][11, 68, 59, 9, 31, 1, 49, 26, 8, 28][6, 47, 7, 53, 46, 40, 12, 27, 25, 34][48, 69, 38, 18, 39, 32, 65, 37, 5, 67][48, 69, 38, 18, 39, 32, 65, 37, 5, 67][38, 22, 36, 54, 66, 18, 5, 37, 65, 39][13, 33, 50, 43, 61, 60, 17, 20, 55, 16][8, 56, 28, 10, 17, 59, 1, 31, 11, 68] 
[19, 29, 66, 3, 23, 0, 2, 14, 44, 60][38, 22, 36, 54, 66, 18, 5, 37, 65, 39][13, 33, 50, 43, 61, 60, 17, 20, 55, 16][8, 56, 28, 10, 17, 59, 1, 31, 11, 68][49, 42, 30, 24, 63, 21, 62, 15, 11, 68][48, 69, 38, 18, 39, 32, 65, 37, 5, 67][52, 64, 51, 57, 34, 35, 58, 41, 27, 67][40, 47, 53, 46, 7, 4, 25, 57, 34, 45][6, 47, 7, 53, 46, 40, 12, 27, 25, 34][11, 68, 59, 9, 31, 1, 49, 26, 8, 28][8, 56, 28, 10, 17, 59, 1, 31, 11, 68][13, 33, 50, 43, 61, 60, 17, 20, 55, 16][19, 29, 66, 3, 23, 0, 2, 14, 44, 60][48, 69, 38, 18, 39, 32, 65, 37, 5, 67][40, 47, 53, 46, 7, 4, 25, 57, 34, 45] 
[48, 69, 38, 18, 39, 32, 65, 37, 5, 67][38, 22, 36, 54, 66, 18, 5, 37, 65, 39][19, 29, 66, 3, 23, 0, 2, 14, 44, 60][13, 33, 50, 43, 61, 60, 17, 20, 55, 16][8, 56, 28, 10, 17, 59, 1, 31, 11, 68][41, 57, 35, 34, 51, 8, 52, 64, 58, 45][6, 47, 7, 53, 46, 40, 12, 27, 25, 34][49, 42, 30, 24, 63, 21, 62, 15, 11, 68][11, 68, 59, 9, 31, 1, 49, 26, 8, 28][40, 47, 53, 46, 7, 4, 25, 57, 34, 45][30, 24, 62, 42, 49, 1, 31, 11, 68, 59][30, 24, 62, 42, 49, 1, 31, 11, 68, 59][10, 59, 1, 49, 15, 42, 30, 63, 24, 21][19, 29, 66, 3, 23, 0, 2, 14, 44, 60][30, 24, 62, 42, 49, 1, 31, 11, 68, 59] 
[6, 47, 7, 53, 46, 40, 12, 27, 25, 34][41, 57, 35, 34, 51, 8, 52, 64, 58, 45][11, 68, 59, 9, 31, 1, 49, 26, 8, 28][10, 59, 1, 49, 15, 42, 30, 63, 24, 21][8, 56, 28, 10, 17, 59, 1, 31, 11, 68][13, 33, 50, 43, 61, 60, 17, 20, 55, 16][19, 29, 66, 3, 23, 0, 2, 14, 44, 60][38, 22, 36, 54, 66, 18, 5, 37, 65, 39][48, 69, 38, 18, 39, 32, 65, 37, 5, 67][49, 42, 30, 24, 63, 21, 62, 15, 11, 68][40, 47, 53, 46, 7, 4, 25, 57, 34, 45][11, 68, 59, 9, 31, 1, 49, 26, 8, 28][11, 68, 59, 9, 31, 1, 49, 26, 8, 28][48, 69, 38, 18, 39, 32, 65, 37, 5, 67][30, 24, 62, 42, 49, 1, 31, 11, 68, 59] 
[19, 29, 66, 3, 23, 0, 2, 14, 44, 60][38, 22, 36, 54, 66, 18, 5, 37, 65, 39][13, 33, 50, 43, 61, 60, 17, 20, 55, 16][8, 56, 28, 10, 17, 59, 1, 31, 11, 68][49, 42, 30, 24, 63, 21, 62, 15, 11, 68][48, 69, 38, 18, 39, 32, 65, 37, 5, 67][52, 64, 51, 57, 34, 35, 58, 41, 27, 67][40, 47, 53, 46, 7, 4, 25, 57, 34, 45][6, 47, 7, 53, 46, 40, 12, 27, 25, 34][11, 68, 59, 9, 31, 1, 49, 26, 8, 28][8, 56, 28, 10, 17, 59, 1, 31, 11, 68][13, 33, 50, 43, 61, 60, 17, 20, 55, 16][19, 29, 66, 3, 23, 0, 2, 14, 44, 60][48, 69, 38, 18, 39, 32, 65, 37, 5, 67][40, 47, 53, 46, 7, 4, 25, 57, 34, 45] 
[8, 56, 28, 10, 17, 59, 1, 31, 11, 68][13, 33, 50, 43, 61, 60, 17, 20, 55, 16][19, 29, 66, 3, 23, 0, 2, 14, 44, 60][38, 22, 36, 54, 66, 18, 5, 37, 65, 39][41, 57, 35, 34, 51, 8, 52, 64, 58, 45][6, 47, 7, 53, 46, 40, 12, 27, 25, 34][49, 42, 30, 24, 63, 21, 62, 15, 11, 68][48, 69, 38, 18, 39, 32, 65, 37, 5, 67][11, 68, 59, 9, 31, 1, 49, 26, 8, 28][40, 47, 53, 46, 7, 4, 25, 57, 34, 45][48, 69, 38, 18, 39, 32, 65, 37, 5, 67][30, 24, 62, 42, 49, 1, 31, 11, 68, 59][30, 24, 62, 42, 49, 1, 31, 11, 68, 59][10, 59, 1, 49, 15, 42, 30, 63, 24, 21][38, 22, 36, 54, 66, 18, 5, 37, 65, 39] 
[11, 68, 59, 9, 31, 1, 49, 26, 8, 28][41, 57, 35, 34, 51, 8, 52, 64, 58, 45][6, 47, 7, 53, 46, 40, 12, 27, 25, 34][10, 59, 1, 49, 15, 42, 30, 63, 24, 21][8, 56, 28, 10, 17, 59, 1, 31, 11, 68][13, 33, 50, 43, 61, 60, 17, 20, 55, 16][19, 29, 66, 3, 23, 0, 2, 14, 44, 60][38, 22, 36, 54, 66, 18, 5, 37, 65, 39][48, 69, 38, 18, 39, 32, 65, 37, 5, 67][49, 42, 30, 24, 63, 21, 62, 15, 11, 68][40, 47, 53, 46, 7, 4, 25, 57, 34, 45][48, 69, 38, 18, 39, 32, 65, 37, 5, 67][48, 69, 38, 18, 39, 32, 65, 37, 5, 67][48, 69, 38, 18, 39, 32, 65, 37, 5, 67][30, 24, 62, 42, 49, 1, 31, 11, 68, 59] 
[49, 42, 30, 24, 63, 21, 62, 15, 11, 68][8, 56, 28, 10, 17, 59, 1, 31, 11, 68][41, 57, 35, 34, 51, 8, 52, 64, 58, 45][6, 47, 7, 53, 46, 40, 12, 27, 25, 34][13, 33, 50, 43, 61, 60, 17, 20, 55, 16][19, 29, 66, 3, 23, 0, 2, 14, 44, 60][38, 22, 36, 54, 66, 18, 5, 37, 65, 39][48, 69, 38, 18, 39, 32, 65, 37, 5, 67][11, 68, 59, 9, 31, 1, 49, 26, 8, 28][40, 47, 53, 46, 7, 4, 25, 57, 34, 45][48, 69, 38, 18, 39, 32, 65, 37, 5, 67][11, 68, 59, 9, 31, 1, 49, 26, 8, 28][30, 24, 62, 42, 49, 1, 31, 11, 68, 59][10, 59, 1, 49, 15, 42, 30, 63, 24, 21][30, 24, 62, 42, 49, 1, 31, 11, 68, 59] 
[40, 47, 53, 46, 7, 4, 25, 57, 34, 45][41, 57, 35, 34, 51, 8, 52, 64, 58, 45][11, 68, 59, 9, 31, 1, 49, 26, 8, 28][10, 59, 1, 49, 15, 42, 30, 63, 24, 21][6, 47, 7, 53, 46, 40, 12, 27, 25, 34][8, 56, 28, 10, 17, 59, 1, 31, 11, 68][13, 33, 50, 43, 61, 60, 17, 20, 55, 16][19, 29, 66, 3, 23, 0, 2, 14, 44, 60][38, 22, 36, 54, 66, 18, 5, 37, 65, 39][48, 69, 38, 18, 39, 32, 65, 37, 5, 67][30, 24, 62, 42, 49, 1, 31, 11, 68, 59][30, 24, 62, 42, 49, 1, 31, 11, 68, 59][48, 69, 38, 18, 39, 32, 65, 37, 5, 67][48, 69, 38, 18, 39, 32, 65, 37, 5, 67][11, 68, 59, 9, 31, 1, 49, 26, 8, 28] 
[48, 69, 38, 18, 39, 32, 65, 37, 5, 67][38, 22, 36, 54, 66, 18, 5, 37, 65, 39][19, 29, 66, 3, 23, 0, 2, 14, 44, 60][13, 33, 50, 43, 61, 60, 17, 20, 55, 16][52, 64, 51, 57, 34, 35, 58, 41, 27, 67][8, 56, 28, 10, 17, 59, 1, 31, 11, 68][40, 47, 53, 46, 7, 4, 25, 57, 34, 45][49, 42, 30, 24, 63, 21, 62, 15, 11, 68][11, 68, 59, 9, 31, 1, 49, 26, 8, 28][6, 47, 7, 53, 46, 40, 12, 27, 25, 34][40, 47, 53, 46, 7, 4, 25, 57, 34, 45][6, 47, 7, 53, 46, 40, 12, 27, 25, 34][8, 56, 28, 10, 17, 59, 1, 31, 11, 68][19, 29, 66, 3, 23, 0, 2, 14, 44, 60][19, 29, 66, 3, 23, 0, 2, 14, 44, 60] 
[19, 29, 66, 3, 23, 0, 2, 14, 44, 60][13, 33, 50, 43, 61, 60, 17, 20, 55, 16][38, 22, 36, 54, 66, 18, 5, 37, 65, 39][8, 56, 28, 10, 17, 59, 1, 31, 11, 68][49, 42, 30, 24, 63, 21, 62, 15, 11, 68][48, 69, 38, 18, 39, 32, 65, 37, 5, 67][52, 64, 51, 57, 34, 35, 58, 41, 27, 67][40, 47, 53, 46, 7, 4, 25, 57, 34, 45][11, 68, 59, 9, 31, 1, 49, 26, 8, 28][6, 47, 7, 53, 46, 40, 12, 27, 25, 34][48, 69, 38, 18, 39, 32, 65, 37, 5, 67][48, 69, 38, 18, 39, 32, 65, 37, 5, 67][38, 22, 36, 54, 66, 18, 5, 37, 65, 39][13, 33, 50, 43, 61, 60, 17, 20, 55, 16][8, 56, 28, 10, 17, 59, 1, 31, 11, 68] 
[34, 25, 27, 12, 40, 46, 53, 7, 47, 6, 35, 41][13, 33, 50, 43, 61, 60, 17, 20, 55, 16][19, 29, 66, 3, 23, 0, 2, 14, 44, 60][38, 22, 36, 54, 66, 18, 5, 37, 65, 39][8, 56, 28, 10, 17, 59, 1, 31, 11, 68][49, 42, 30, 24, 63, 21, 62, 15, 11, 68][48, 69, 38, 18, 39, 32, 65, 37, 5, 67][52, 64, 51, 57, 34, 35, 58, 41, 27, 67][40, 47, 53, 46, 7, 4, 25, 57, 34, 45][11, 68, 59, 9, 31, 1, 49, 26, 8, 28][48, 69, 38, 18, 39, 32, 65, 37, 5, 67][13, 33, 50, 43, 61, 60, 17, 20, 55, 16][38, 22, 36, 54, 66, 18, 5, 37, 65, 39][38, 22, 36, 54, 66, 18, 5, 37, 65, 39][48, 69, 38, 18, 39, 32, 65, 37, 5, 67] 
[40, 47, 53, 46, 7, 4, 25, 57, 34, 45][41, 57, 35, 34, 51, 8, 52, 64, 58, 45][8, 56, 28, 10, 17, 59, 1, 31, 11, 68][13, 33, 50, 43, 61, 60, 17, 20, 55, 16][19, 29, 66, 3, 23, 0, 2, 14, 44, 60][38, 22, 36, 54, 66, 18, 5, 37, 65, 39][49, 42, 30, 24, 63, 21, 62, 15, 11, 68][48, 69, 38, 18, 39, 32, 65, 37, 5, 67][6, 47, 7, 53, 46, 40, 12, 27, 25, 34][11, 68, 59, 9, 31, 1, 49, 26, 8, 28][48, 69, 38, 18, 39, 32, 65, 37, 5, 67][30, 24, 62, 42, 49, 1, 31, 11, 68, 59][10, 59, 1, 49, 15, 42, 30, 63, 24, 21][30, 24, 62, 42, 49, 1, 31, 11, 68, 59][30, 24, 62, 42, 49, 1, 31, 11, 68, 59] 
[10, 59, 1, 49, 15, 42, 30, 63, 24, 21][8, 56, 28, 10, 17, 59, 1, 31, 11, 68][41, 57, 35, 34, 51, 8, 52, 64, 58, 45][6, 47, 7, 53, 46, 40, 12, 27, 25, 34][13, 33, 50, 43, 61, 60, 17, 20, 55, 16][19, 29, 66, 3, 23, 0, 2, 14, 44, 60][38, 22, 36, 54, 66, 18, 5, 37, 65, 39][48, 69, 38, 18, 39, 32, 65, 37, 5, 67][11, 68, 59, 9, 31, 1, 49, 26, 8, 28][40, 47, 53, 46, 7, 4, 25, 57, 34, 45][30, 24, 62, 42, 49, 1, 31, 11, 68, 59][11, 68, 59, 9, 31, 1, 49, 26, 8, 28][49, 42, 30, 24, 63, 21, 62, 15, 11, 68][48, 69, 38, 18, 39, 32, 65, 37, 5, 67][48, 69, 38, 18, 39, 32, 65, 37, 5, 67] 
[19, 29, 66, 3, 23, 0, 2, 14, 44, 60][38, 22, 36, 54, 66, 18, 5, 37, 65, 39][13, 33, 50, 43, 61, 60, 17, 20, 55, 16][8, 56, 28, 10, 17, 59, 1, 31, 11, 68][49, 42, 30, 24, 63, 21, 62, 15, 11, 68][48, 69, 38, 18, 39, 32, 65, 37, 5, 67][52, 64, 51, 57, 34, 35, 58, 41, 27, 67][40, 47, 53, 46, 7, 4, 25, 57, 34, 45][11, 68, 59, 9, 31, 1, 49, 26, 8, 28][6, 47, 7, 53, 46, 40, 12, 27, 25, 34][13, 33, 50, 43, 61, 60, 17, 20, 55, 16][13, 33, 50, 43, 61, 60, 17, 20, 55, 16][40, 47, 53, 46, 7, 4, 25, 57, 34, 45][19, 29, 66, 3, 23, 0, 2, 14, 44, 60][8, 56, 28, 10, 17, 59, 1, 31, 11, 68] 
[19, 29, 66, 3, 23, 0, 2, 14, 44, 60][38, 22, 36, 54, 66, 18, 5, 37, 65, 39][13, 33, 50, 43, 61, 60, 17, 20, 55, 16][8, 56, 28, 10, 17, 59, 1, 31, 11, 68][41, 57, 35, 34, 51, 8, 52, 64, 58, 45][6, 47, 7, 53, 46, 40, 12, 27, 25, 34][49, 42, 30, 24, 63, 21, 62, 15, 11, 68][48, 69, 38, 18, 39, 32, 65, 37, 5, 67][11, 68, 59, 9, 31, 1, 49, 26, 8, 28][40, 47, 53, 46, 7, 4, 25, 57, 34, 45][30, 24, 62, 42, 49, 1, 31, 11, 68, 59][38, 22, 36, 54, 66, 18, 5, 37, 65, 39][10, 59, 1, 49, 15, 42, 30, 63, 24, 21][30, 24, 62, 42, 49, 1, 31, 11, 68, 59][6, 47, 7, 53, 46, 40, 12, 27, 25, 34] 
[48, 69, 38, 18, 39, 32, 65, 37, 5, 67][38, 22, 36, 54, 66, 18, 5, 37, 65, 39][19, 29, 66, 3, 23, 0, 2, 14, 44, 60][13, 33, 50, 43, 61, 60, 17, 20, 55, 16][8, 56, 28, 10, 17, 59, 1, 31, 11, 68][41, 57, 35, 34, 51, 8, 52, 64, 58, 45][6, 47, 7, 53, 46, 40, 12, 27, 25, 34][49, 42, 30, 24, 63, 21, 62, 15, 11, 68][11, 68, 59, 9, 31, 1, 49, 26, 8, 28][40, 47, 53, 46, 7, 4, 25, 57, 34, 45][30, 24, 62, 42, 49, 1, 31, 11, 68, 59][30, 24, 62, 42, 49, 1, 31, 11, 68, 59][48, 69, 38, 18, 39, 32, 65, 37, 5, 67][30, 24, 62, 42, 49, 1, 31, 11, 68, 59][10, 59, 1, 49, 15, 42, 30, 63, 24, 21] 
[6, 47, 7, 53, 46, 40, 12, 27, 25, 34][41, 57, 35, 34, 51, 8, 52, 64, 58, 45][11, 68, 59, 9, 31, 1, 49, 26, 8, 28][10, 59, 1, 49, 15, 42, 30, 63, 24, 21][8, 56, 28, 10, 17, 59, 1, 31, 11, 68][13, 33, 50, 43, 61, 60, 17, 20, 55, 16][19, 29, 66, 3, 23, 0, 2, 14, 44, 60][38, 22, 36, 54, 66, 18, 5, 37, 65, 39][48, 69, 38, 18, 39, 32, 65, 37, 5, 67][49, 42, 30, 24, 63, 21, 62, 15, 11, 68][40, 47, 53, 46, 7, 4, 25, 57, 34, 45][11, 68, 59, 9, 31, 1, 49, 26, 8, 28][11, 68, 59, 9, 31, 1, 49, 26, 8, 28][48, 69, 38, 18, 39, 32, 65, 37, 5, 67][30, 24, 62, 42, 49, 1, 31, 11, 68, 59] 
[19, 29, 66, 3, 23, 0, 2, 14, 44, 60][38, 22, 36, 54, 66, 18, 5, 37, 65, 39][13, 33, 50, 43, 61, 60, 17, 20, 55, 16][8, 56, 28, 10, 17, 59, 1, 31, 11, 68][49, 42, 30, 24, 63, 21, 62, 15, 11, 68][48, 69, 38, 18, 39, 32, 65, 37, 5, 67][52, 64, 51, 57, 34, 35, 58, 41, 27, 67][40, 47, 53, 46, 7, 4, 25, 57, 34, 45][11, 68, 59, 9, 31, 1, 49, 26, 8, 28][6, 47, 7, 53, 46, 40, 12, 27, 25, 34][13, 33, 50, 43, 61, 60, 17, 20, 55, 16][13, 33, 50, 43, 61, 60, 17, 20, 55, 16][40, 47, 53, 46, 7, 4, 25, 57, 34, 45][19, 29, 66, 3, 23, 0, 2, 14, 44, 60][8, 56, 28, 10, 17, 59, 1, 31, 11, 68] 
[8, 56, 28, 10, 17, 59, 1, 31, 11, 68][13, 33, 50, 43, 61, 60, 17, 20, 55, 16][19, 29, 66, 3, 23, 0, 2, 14, 44, 60][41, 57, 35, 34, 51, 8, 52, 64, 58, 45][38, 22, 36, 54, 66, 18, 5, 37, 65, 39][6, 47, 7, 53, 46, 40, 12, 27, 25, 34][49, 42, 30, 24, 63, 21, 62, 15, 11, 68][48, 69, 38, 18, 39, 32, 65, 37, 5, 67][11, 68, 59, 9, 31, 1, 49, 26, 8, 28][40, 47, 53, 46, 7, 4, 25, 57, 34, 45][30, 24, 62, 42, 49, 1, 31, 11, 68, 59][30, 24, 62, 42, 49, 1, 31, 11, 68, 59][48, 69, 38, 18, 39, 32, 65, 37, 5, 67][10, 59, 1, 49, 15, 42, 30, 63, 24, 21][13, 33, 50, 43, 61, 60, 17, 20, 55, 16] 
[8, 56, 28, 10, 17, 59, 1, 31, 11, 68][13, 33, 50, 43, 61, 60, 17, 20, 55, 16][41, 57, 35, 34, 51, 8, 52, 64, 58, 45][19, 29, 66, 3, 23, 0, 2, 14, 44, 60][38, 22, 36, 54, 66, 18, 5, 37, 65, 39][6, 47, 7, 53, 46, 40, 12, 27, 25, 34][49, 42, 30, 24, 63, 21, 62, 15, 11, 68][48, 69, 38, 18, 39, 32, 65, 37, 5, 67][11, 68, 59, 9, 31, 1, 49, 26, 8, 28][40, 47, 53, 46, 7, 4, 25, 57, 34, 45][38, 22, 36, 54, 66, 18, 5, 37, 65, 39][30, 24, 62, 42, 49, 1, 31, 11, 68, 59][10, 59, 1, 49, 15, 42, 30, 63, 24, 21][30, 24, 62, 42, 49, 1, 31, 11, 68, 59][48, 69, 38, 18, 39, 32, 65, 37, 5, 67] 
[4, 25, 27, 67, 5, 37, 65, 32, 39, 18, 38, 69, 48, 3, 66, 54, 36, 45, 58, 64, 52, 8, 51, 34, 35, 57, 41][49, 42, 30, 24, 63, 21, 62, 15, 11, 68][8, 56, 28, 10, 17, 59, 1, 31, 11, 68][13, 33, 50, 43, 61, 60, 17, 20, 55, 16][19, 29, 66, 3, 23, 0, 2, 14, 44, 60][6, 47, 7, 53, 46, 40, 12, 27, 25, 34][11, 68, 59, 9, 31, 1, 49, 26, 8, 28][38, 22, 36, 54, 66, 18, 5, 37, 65, 39][11, 68, 59, 9, 31, 1, 49, 26, 8, 28][30, 24, 62, 42, 49, 1, 31, 11, 68, 59][48, 69, 38, 18, 39, 32, 65, 37, 5, 67][10, 59, 1, 49, 15, 42, 30, 63, 24, 21][48, 69, 38, 18, 39, 32, 65, 37, 5, 67][13, 33, 50, 43, 61, 60, 17, 20, 55, 16][48, 69, 38, 18, 39, 32, 65, 37, 5, 67] 
[25, 27, 67, 5, 37, 65, 32, 39, 18, 38, 69, 48, 3, 66, 54, 36, 45, 58, 64, 52, 8, 51, 34, 35, 57, 41][5, 37, 65, 32, 39, 18, 38, 69, 48, 3, 66, 54, 36, 45, 58, 64, 52, 8, 51, 34, 35, 57, 41][48, 69, 38, 18, 39, 32, 65, 37, 5, 67][11, 68, 59, 9, 31, 1, 49, 26, 8, 28][19, 29, 66, 3, 23, 0, 2, 14, 44, 60][13, 33, 50, 43, 61, 60, 17, 20, 55, 16][10, 59, 1, 49, 15, 42, 30, 63, 24, 21][6, 47, 7, 53, 46, 40, 12, 27, 25, 34][40, 47, 53, 46, 7, 4, 25, 57, 34, 45][8, 56, 28, 10, 17, 59, 1, 31, 11, 68][38, 22, 36, 54, 66, 18, 5, 37, 65, 39][30, 24, 62, 42, 49, 1, 31, 11, 68, 59][19, 29, 66, 3, 23, 0, 2, 14, 44, 60][41, 57, 35, 34, 51, 8, 52, 64, 58, 45][38, 22, 36, 54, 66, 18, 5, 37, 65, 39] 
[48, 69, 38, 18, 39, 32, 65, 37, 5, 67, 27, 41, 34, 51, 35, 58, 64, 52, 10, 8, 56, 6, 21, 62][48, 69, 38, 18, 39, 32, 65, 37, 5, 67][40, 47, 53, 46, 7, 4, 25, 57, 34, 45][11, 68, 59, 9, 31, 1, 49, 26, 8, 28][38, 22, 36, 54, 66, 18, 5, 37, 65, 39][19, 29, 66, 3, 23, 0, 2, 14, 44, 60][13, 33, 50, 43, 61, 60, 17, 20, 55, 16][49, 42, 30, 24, 63, 21, 62, 15, 11, 68][6, 47, 7, 53, 46, 40, 12, 27, 25, 34][48, 69, 38, 18, 39, 32, 65, 37, 5, 67][6, 47, 7, 53, 46, 40, 12, 27, 25, 34][6, 47, 7, 53, 46, 40, 12, 27, 25, 34][6, 47, 7, 53, 46, 40, 12, 27, 25, 34][41, 57, 35, 34, 51, 8, 52, 64, 58, 45][40, 47, 53, 46, 7, 4, 25, 57, 34, 45] 
[20, 55, 16, 10, 59, 68, 9, 49, 62, 24][56, 28, 10, 17, 44, 14, 2, 0, 23, 69][37, 67, 18, 54, 32, 39, 48, 29, 3, 69][40, 47, 7, 46, 53, 4, 25, 12, 27, 67][38, 22, 36, 54, 66, 18, 5, 37, 65, 39][13, 33, 50, 43, 61, 60, 17, 20, 55, 16][10, 59, 1, 49, 15, 42, 30, 63, 24, 21][11, 68, 59, 9, 31, 1, 49, 26, 8, 28][41, 57, 35, 34, 51, 8, 52, 64, 58, 45][19, 18, 65, 37, 5, 54, 32, 39, 48, 69][6, 47, 7, 53, 46, 40, 12, 27, 25, 34][13, 33, 50, 43, 61, 60, 17, 20, 55, 16][13, 33, 50, 43, 61, 60, 17, 20, 55, 16][10, 59, 1, 49, 15, 42, 30, 63, 24, 21][13, 33, 50, 43, 61, 60, 17, 20, 55, 16] 
[17, 20, 55, 8, 28, 56, 6, 47, 7, 53, 46, 40, 12, 27, 25, 34][19, 29, 66, 3, 23, 0, 2, 14, 44, 60][13, 33, 50, 43, 61, 60, 17, 20, 55, 16][8, 56, 28, 10, 17, 59, 1, 31, 11, 68][38, 22, 36, 54, 66, 18, 5, 37, 65, 39][41, 57, 35, 34, 51, 8, 52, 64, 58, 45][6, 47, 7, 53, 46, 40, 12, 27, 25, 34][49, 42, 30, 24, 63, 21, 62, 15, 11, 68][48, 69, 38, 18, 39, 32, 65, 37, 5, 67][11, 68, 59, 9, 31, 1, 49, 26, 8, 28][40, 47, 53, 46, 7, 4, 25, 57, 34, 45][6, 47, 7, 53, 46, 40, 12, 27, 25, 34][6, 47, 7, 53, 46, 40, 12, 27, 25, 34][8, 56, 28, 10, 17, 59, 1, 31, 11, 68][40, 47, 53, 46, 7, 4, 25, 57, 34, 45] 
[41, 57, 35, 34, 51, 8, 52, 64, 58, 45][11, 68, 59, 9, 31, 1, 49, 26, 8, 28][6, 47, 7, 53, 46, 40, 12, 27, 25, 34][10, 59, 1, 49, 15, 42, 30, 63, 24, 21][56, 28, 10, 17, 44, 14, 2, 0, 23, 69][13, 33, 50, 43, 61, 60, 17, 20, 55, 16][37, 67, 18, 54, 32, 39, 48, 29, 3, 69][38, 22, 36, 54, 66, 18, 5, 37, 65, 39][20, 55, 16, 10, 59, 68, 9, 49, 62, 24][40, 47, 53, 46, 7, 4, 25, 57, 34, 45][19, 18, 65, 37, 5, 54, 32, 39, 48, 69][6, 47, 7, 53, 46, 40, 12, 27, 25, 34][38, 22, 36, 54, 66, 18, 5, 37, 65, 39][11, 68, 59, 9, 31, 1, 49, 26, 8, 28][6, 47, 7, 53, 46, 40, 12, 27, 25, 34] 
[25, 27, 67, 5, 37, 65, 32, 39, 18, 38, 69, 48, 3, 66, 54, 36, 45, 58, 64, 52, 8, 51, 34, 35, 57, 41][8, 56, 28, 10, 17, 59, 1, 31, 11, 68][41, 57, 35, 34, 51, 8, 52, 64, 58, 45][13, 33, 50, 43, 61, 60, 17, 20, 55, 16][19, 29, 66, 3, 23, 0, 2, 14, 44, 60][6, 47, 7, 53, 46, 40, 12, 27, 25, 34][10, 59, 1, 49, 15, 42, 30, 63, 24, 21][11, 68, 59, 9, 31, 1, 49, 26, 8, 28][30, 24, 62, 42, 49, 1, 31, 11, 68, 59][40, 47, 53, 46, 7, 4, 25, 57, 34, 45][38, 22, 36, 54, 66, 18, 5, 37, 65, 39][6, 47, 7, 53, 46, 40, 12, 27, 25, 34][10, 59, 1, 49, 15, 42, 30, 63, 24, 21][30, 24, 62, 42, 49, 1, 31, 11, 68, 59][41, 57, 35, 34, 51, 8, 52, 64, 58, 45] 
[25, 27, 67, 5, 37, 65, 32, 39, 18, 38, 69, 48, 3, 66, 54, 36, 45, 58, 64, 52, 8, 51, 34, 35, 57, 41][8, 56, 28, 10, 17, 59, 1, 31, 11, 68][41, 57, 35, 34, 51, 8, 52, 64, 58, 45][13, 33, 50, 43, 61, 60, 17, 20, 55, 16][19, 29, 66, 3, 23, 0, 2, 14, 44, 60][6, 47, 7, 53, 46, 40, 12, 27, 25, 34][10, 59, 1, 49, 15, 42, 30, 63, 24, 21][11, 68, 59, 9, 31, 1, 49, 26, 8, 28][30, 24, 62, 42, 49, 1, 31, 11, 68, 59][40, 47, 53, 46, 7, 4, 25, 57, 34, 45][38, 22, 36, 54, 66, 18, 5, 37, 65, 39][6, 47, 7, 53, 46, 40, 12, 27, 25, 34][10, 59, 1, 49, 15, 42, 30, 63, 24, 21][30, 24, 62, 42, 49, 1, 31, 11, 68, 59][41, 57, 35, 34, 51, 8, 52, 64, 58, 45] 
[37, 67, 18, 54, 32, 39, 48, 29, 3, 69][56, 28, 10, 17, 44, 14, 2, 0, 23, 69][13, 33, 50, 43, 61, 60, 17, 20, 55, 16][11, 68, 59, 9, 31, 1, 49, 26, 8, 28][40, 47, 7, 46, 53, 4, 25, 12, 27, 67][41, 57, 35, 34, 51, 8, 52, 64, 58, 45][10, 59, 1, 49, 15, 42, 30, 63, 24, 21][38, 22, 36, 54, 66, 18, 5, 37, 65, 39][20, 55, 16, 10, 59, 68, 9, 49, 62, 24][19, 18, 65, 37, 5, 54, 32, 39, 48, 69][6, 47, 7, 53, 46, 40, 12, 27, 25, 34][19, 18, 65, 37, 5, 54, 32, 39, 48, 69][20, 55, 16, 10, 59, 68, 9, 49, 62, 24][6, 47, 7, 53, 46, 40, 12, 27, 25, 34][13, 33, 50, 43, 61, 60, 17, 20, 55, 16] 
[4, 25, 27, 67, 5, 37, 65, 32, 39, 18, 38, 69, 48, 3, 66, 54, 36, 45, 58, 64, 52, 8, 51, 34, 35, 57, 41][11, 68, 59, 9, 31, 1, 49, 26, 8, 28][19, 29, 66, 3, 23, 0, 2, 14, 44, 60][13, 33, 50, 43, 61, 60, 17, 20, 55, 16][49, 42, 30, 24, 63, 21, 62, 15, 11, 68][6, 47, 7, 53, 46, 40, 12, 27, 25, 34][8, 56, 28, 10, 17, 59, 1, 31, 11, 68][38, 22, 36, 54, 66, 18, 5, 37, 65, 39][6, 47, 7, 53, 46, 40, 12, 27, 25, 34][30, 24, 62, 42, 49, 1, 31, 11, 68, 59][48, 69, 38, 18, 39, 32, 65, 37, 5, 67][10, 59, 1, 49, 15, 42, 30, 63, 24, 21][48, 69, 38, 18, 39, 32, 65, 37, 5, 67][30, 24, 62, 42, 49, 1, 31, 11, 68, 59][6, 47, 7, 53, 46, 40, 12, 27, 25, 34] 
[25, 27, 67, 5, 37, 65, 32, 39, 18, 38, 69, 48, 3, 66, 54, 36, 45, 58, 64, 52, 8, 51, 34, 35, 57, 41][30, 24, 62, 42, 49, 1, 31, 11, 68, 59][8, 56, 28, 10, 17, 59, 1, 31, 11, 68][41, 57, 35, 34, 51, 8, 52, 64, 58, 45][6, 47, 7, 53, 46, 40, 12, 27, 25, 34][13, 33, 50, 43, 61, 60, 17, 20, 55, 16][19, 29, 66, 3, 23, 0, 2, 14, 44, 60][38, 22, 36, 54, 66, 18, 5, 37, 65, 39][48, 69, 38, 18, 39, 32, 65, 37, 5, 67][10, 59, 1, 49, 15, 42, 30, 63, 24, 21][11, 68, 59, 9, 31, 1, 49, 26, 8, 28][40, 47, 53, 46, 7, 4, 25, 57, 34, 45][40, 47, 53, 46, 7, 4, 25, 57, 34, 45][10, 59, 1, 49, 15, 42, 30, 63, 24, 21][13, 33, 50, 43, 61, 60, 17, 20, 55, 16] 
[48, 69, 38, 18, 39, 32, 65, 37, 5, 67, 27, 41, 34, 51, 35, 58, 64, 52, 10, 8, 56, 6, 21, 62][48, 69, 38, 18, 39, 32, 65, 37, 5, 67][40, 47, 53, 46, 7, 4, 25, 57, 34, 45][11, 68, 59, 9, 31, 1, 49, 26, 8, 28][38, 22, 36, 54, 66, 18, 5, 37, 65, 39][19, 29, 66, 3, 23, 0, 2, 14, 44, 60][13, 33, 50, 43, 61, 60, 17, 20, 55, 16][49, 42, 30, 24, 63, 21, 62, 15, 11, 68][6, 47, 7, 53, 46, 40, 12, 27, 25, 34][48, 69, 38, 18, 39, 32, 65, 37, 5, 67][6, 47, 7, 53, 46, 40, 12, 27, 25, 34][6, 47, 7, 53, 46, 40, 12, 27, 25, 34][6, 47, 7, 53, 46, 40, 12, 27, 25, 34][41, 57, 35, 34, 51, 8, 52, 64, 58, 45][40, 47, 53, 46, 7, 4, 25, 57, 34, 45] 
[20, 55, 16, 10, 59, 68, 9, 49, 62, 24][56, 28, 10, 17, 44, 14, 2, 0, 23, 69][37, 67, 18, 54, 32, 39, 48, 29, 3, 69][40, 47, 7, 46, 53, 4, 25, 12, 27, 67][38, 22, 36, 54, 66, 18, 5, 37, 65, 39][13, 33, 50, 43, 61, 60, 17, 20, 55, 16][10, 59, 1, 49, 15, 42, 30, 63, 24, 21][11, 68, 59, 9, 31, 1, 49, 26, 8, 28][41, 57, 35, 34, 51, 8, 52, 64, 58, 45][19, 18, 65, 37, 5, 54, 32, 39, 48, 69][6, 47, 7, 53, 46, 40, 12, 27, 25, 34][13, 33, 50, 43, 61, 60, 17, 20, 55, 16][13, 33, 50, 43, 61, 60, 17, 20, 55, 16][10, 59, 1, 49, 15, 42, 30, 63, 24, 21][13, 33, 50, 43, 61, 60, 17, 20, 55, 16] 
[41, 57, 35, 34, 51, 8, 52, 64, 58, 45, 36, 54, 66, 3, 48, 69, 38, 18, 39, 32, 65, 37, 5, 67][8, 56, 28, 10, 17, 59, 1, 31, 11, 68][13, 33, 50, 43, 61, 60, 17, 20, 55, 16][6, 47, 7, 53, 46, 40, 12, 27, 25, 34][19, 29, 66, 3, 23, 0, 2, 14, 44, 60][10, 59, 1, 49, 15, 42, 30, 63, 24, 21][11, 68, 59, 9, 31, 1, 49, 26, 8, 28][38, 22, 36, 54, 66, 18, 5, 37, 65, 39][40, 47, 53, 46, 7, 4, 25, 57, 34, 45][30, 24, 62, 42, 49, 1, 31, 11, 68, 59][10, 59, 1, 49, 15, 42, 30, 63, 24, 21][48, 69, 38, 18, 39, 32, 65, 37, 5, 67][6, 47, 7, 53, 46, 40, 12, 27, 25, 34][48, 69, 38, 18, 39, 32, 65, 37, 5, 67][13, 33, 50, 43, 61, 60, 17, 20, 55, 16] 
[4, 25, 27, 67, 5, 37, 65, 32, 39, 18, 38, 69, 48, 3, 66, 54, 36, 45, 58, 64, 52, 8, 51, 34, 35, 57, 41][11, 68, 59, 9, 31, 1, 49, 26, 8, 28][19, 29, 66, 3, 23, 0, 2, 14, 44, 60][13, 33, 50, 43, 61, 60, 17, 20, 55, 16][10, 59, 1, 49, 15, 42, 30, 63, 24, 21][6, 47, 7, 53, 46, 40, 12, 27, 25, 34][8, 56, 28, 10, 17, 59, 1, 31, 11, 68][38, 22, 36, 54, 66, 18, 5, 37, 65, 39][30, 24, 62, 42, 49, 1, 31, 11, 68, 59][48, 69, 38, 18, 39, 32, 65, 37, 5, 67][49, 42, 30, 24, 63, 21, 62, 15, 11, 68][30, 24, 62, 42, 49, 1, 31, 11, 68, 59][48, 69, 38, 18, 39, 32, 65, 37, 5, 67][48, 69, 38, 18, 39, 32, 65, 37, 5, 67][30, 24, 62, 42, 49, 1, 31, 11, 68, 59] 
[4, 25, 27, 67, 5, 37, 65, 32, 39, 18, 38, 69, 48, 3, 66, 54, 36, 45, 58, 64, 52, 8, 51, 34, 35, 57, 41][30, 24, 62, 42, 49, 1, 31, 11, 68, 59][8, 56, 28, 10, 17, 59, 1, 31, 11, 68][13, 33, 50, 43, 61, 60, 17, 20, 55, 16][6, 47, 7, 53, 46, 40, 12, 27, 25, 34][19, 29, 66, 3, 23, 0, 2, 14, 44, 60][10, 59, 1, 49, 15, 42, 30, 63, 24, 21][11, 68, 59, 9, 31, 1, 49, 26, 8, 28][38, 22, 36, 54, 66, 18, 5, 37, 65, 39][48, 69, 38, 18, 39, 32, 65, 37, 5, 67][8, 56, 28, 10, 17, 59, 1, 31, 11, 68][30, 24, 62, 42, 49, 1, 31, 11, 68, 59][48, 69, 38, 18, 39, 32, 65, 37, 5, 67][6, 47, 7, 53, 46, 40, 12, 27, 25, 34][48, 69, 38, 18, 39, 32, 65, 37, 5, 67] 
[4, 25, 27, 67, 5, 37, 65, 32, 39, 18, 38, 69, 48, 3, 66, 54, 36, 45, 58, 64, 52, 8, 51, 34, 35, 57, 41][8, 56, 28, 10, 17, 59, 1, 31, 11, 68][13, 33, 50, 43, 61, 60, 17, 20, 55, 16][6, 47, 7, 53, 46, 40, 12, 27, 25, 34][19, 29, 66, 3, 23, 0, 2, 14, 44, 60][10, 59, 1, 49, 15, 42, 30, 63, 24, 21][11, 68, 59, 9, 31, 1, 49, 26, 8, 28][30, 24, 62, 42, 49, 1, 31, 11, 68, 59][38, 22, 36, 54, 66, 18, 5, 37, 65, 39][48, 69, 38, 18, 39, 32, 65, 37, 5, 67][48, 69, 38, 18, 39, 32, 65, 37, 5, 67][11, 68, 59, 9, 31, 1, 49, 26, 8, 28][48, 69, 38, 18, 39, 32, 65, 37, 5, 67][11, 68, 59, 9, 31, 1, 49, 26, 8, 28][6, 47, 7, 53, 46, 40, 12, 27, 25, 34] 
[4, 25, 27, 67, 5, 37, 65, 32, 39, 18, 38, 69, 48, 3, 66, 54, 36, 45, 58, 64][48, 69, 38, 18, 39, 32, 65, 37, 5, 67][38, 22, 36, 54, 66, 18, 5, 37, 65, 39][19, 29, 66, 3, 23, 0, 2, 14, 44, 60][13, 33, 50, 43, 61, 60, 17, 20, 55, 16][8, 56, 28, 10, 17, 59, 1, 31, 11, 68][41, 57, 35, 34, 51, 8, 52, 64, 58, 45][6, 47, 7, 53, 46, 40, 12, 27, 25, 34][30, 24, 62, 42, 49, 1, 31, 11, 68, 59][10, 59, 1, 49, 15, 42, 30, 63, 24, 21][11, 68, 59, 9, 31, 1, 49, 26, 8, 28][41, 57, 35, 34, 51, 8, 52, 64, 58, 45][48, 69, 38, 18, 39, 32, 65, 37, 5, 67][19, 29, 66, 3, 23, 0, 2, 14, 44, 60][6, 47, 7, 53, 46, 40, 12, 27, 25, 34] 
[4, 25, 27, 67, 5, 37, 65, 32, 39, 18, 38, 69, 48, 3, 66, 54, 36, 45, 58, 64, 52, 8, 51, 34, 35, 57, 41][8, 56, 28, 10, 17, 59, 1, 31, 11, 68][13, 33, 50, 43, 61, 60, 17, 20, 55, 16][6, 47, 7, 53, 46, 40, 12, 27, 25, 34][19, 29, 66, 3, 23, 0, 2, 14, 44, 60][10, 59, 1, 49, 15, 42, 30, 63, 24, 21][11, 68, 59, 9, 31, 1, 49, 26, 8, 28][30, 24, 62, 42, 49, 1, 31, 11, 68, 59][38, 22, 36, 54, 66, 18, 5, 37, 65, 39][48, 69, 38, 18, 39, 32, 65, 37, 5, 67][48, 69, 38, 18, 39, 32, 65, 37, 5, 67][11, 68, 59, 9, 31, 1, 49, 26, 8, 28][48, 69, 38, 18, 39, 32, 65, 37, 5, 67][11, 68, 59, 9, 31, 1, 49, 26, 8, 28][6, 47, 7, 53, 46, 40, 12, 27, 25, 34] 
[4, 25, 27, 67, 5, 37, 65, 32, 39, 18, 38, 69, 48, 3, 66, 54, 36, 45, 58, 64, 52, 8, 51, 34, 35, 57, 41][10, 59, 1, 49, 15, 42, 30, 63, 24, 21][8, 56, 28, 10, 17, 59, 1, 31, 11, 68][13, 33, 50, 43, 61, 60, 17, 20, 55, 16][6, 47, 7, 53, 46, 40, 12, 27, 25, 34][19, 29, 66, 3, 23, 0, 2, 14, 44, 60][11, 68, 59, 9, 31, 1, 49, 26, 8, 28][30, 24, 62, 42, 49, 1, 31, 11, 68, 59][38, 22, 36, 54, 66, 18, 5, 37, 65, 39][30, 24, 62, 42, 49, 1, 31, 11, 68, 59][48, 69, 38, 18, 39, 32, 65, 37, 5, 67][30, 24, 62, 42, 49, 1, 31, 11, 68, 59][48, 69, 38, 18, 39, 32, 65, 37, 5, 67][6, 47, 7, 53, 46, 40, 12, 27, 25, 34][48, 69, 38, 18, 39, 32, 65, 37, 5, 67] 
[4, 25, 27, 67, 5, 37, 65, 32, 39, 18, 38, 69, 48, 3, 66, 54, 36, 45, 58, 64, 52, 8, 51, 34, 35, 57, 41][10, 59, 1, 49, 15, 42, 30, 63, 24, 21][8, 56, 28, 10, 17, 59, 1, 31, 11, 68][13, 33, 50, 43, 61, 60, 17, 20, 55, 16][6, 47, 7, 53, 46, 40, 12, 27, 25, 34][19, 29, 66, 3, 23, 0, 2, 14, 44, 60][11, 68, 59, 9, 31, 1, 49, 26, 8, 28][30, 24, 62, 42, 49, 1, 31, 11, 68, 59][38, 22, 36, 54, 66, 18, 5, 37, 65, 39][30, 24, 62, 42, 49, 1, 31, 11, 68, 59][48, 69, 38, 18, 39, 32, 65, 37, 5, 67][30, 24, 62, 42, 49, 1, 31, 11, 68, 59][48, 69, 38, 18, 39, 32, 65, 37, 5, 67][6, 47, 7, 53, 46, 40, 12, 27, 25, 34][48, 69, 38, 18, 39, 32, 65, 37, 5, 67] 
[6, 47, 7, 53, 46, 40, 12, 27, 25, 34][41, 57, 35, 34, 51, 8, 52, 64, 58, 45][8, 56, 28, 10, 17, 59, 1, 31, 11, 68][13, 33, 50, 43, 61, 60, 17, 20, 55, 16][19, 29, 66, 3, 23, 0, 2, 14, 44, 60][38, 22, 36, 54, 66, 18, 5, 37, 65, 39][49, 42, 30, 24, 63, 21, 62, 15, 11, 68][48, 69, 38, 18, 39, 32, 65, 37, 5, 67][11, 68, 59, 9, 31, 1, 49, 26, 8, 28][40, 47, 53, 46, 7, 4, 25, 57, 34, 45][13, 33, 50, 43, 61, 60, 17, 20, 55, 16][30, 24, 62, 42, 49, 1, 31, 11, 68, 59][13, 33, 50, 43, 61, 60, 17, 20, 55, 16][13, 33, 50, 43, 61, 60, 17, 20, 55, 16][10, 59, 1, 49, 15, 42, 30, 63, 24, 21] 
[38, 22, 36, 54, 66, 18, 5, 37, 65, 39][19, 29, 66, 3, 23, 0, 2, 14, 44, 60][13, 33, 50, 43, 61, 60, 17, 20, 55, 16][8, 56, 28, 10, 17, 59, 1, 31, 11, 68][41, 57, 35, 34, 51, 8, 52, 64, 58, 45][6, 47, 7, 53, 46, 40, 12, 27, 25, 34][49, 42, 30, 24, 63, 21, 62, 15, 11, 68][48, 69, 38, 18, 39, 32, 65, 37, 5, 67][11, 68, 59, 9, 31, 1, 49, 26, 8, 28][40, 47, 53, 46, 7, 4, 25, 57, 34, 45][38, 22, 36, 54, 66, 18, 5, 37, 65, 39][48, 69, 38, 18, 39, 32, 65, 37, 5, 67][13, 33, 50, 43, 61, 60, 17, 20, 55, 16][30, 24, 62, 42, 49, 1, 31, 11, 68, 59][10, 59, 1, 49, 15, 42, 30, 63, 24, 21] 
[41, 57, 35, 34, 51, 8, 52, 64, 58, 45][8, 56, 28, 10, 17, 59, 1, 31, 11, 68][13, 33, 50, 43, 61, 60, 17, 20, 55, 16][6, 47, 7, 53, 46, 40, 12, 27, 25, 34][19, 29, 66, 3, 23, 0, 2, 14, 44, 60][38, 22, 36, 54, 66, 18, 5, 37, 65, 39][49, 42, 30, 24, 63, 21, 62, 15, 11, 68][48, 69, 38, 18, 39, 32, 65, 37, 5, 67][11, 68, 59, 9, 31, 1, 49, 26, 8, 28][40, 47, 53, 46, 7, 4, 25, 57, 34, 45][13, 33, 50, 43, 61, 60, 17, 20, 55, 16][38, 22, 36, 54, 66, 18, 5, 37, 65, 39][30, 24, 62, 42, 49, 1, 31, 11, 68, 59][10, 59, 1, 49, 15, 42, 30, 63, 24, 21][13, 33, 50, 43, 61, 60, 17, 20, 55, 16] 
[8, 56, 28, 10, 17, 59, 1, 31, 11, 68][13, 33, 50, 43, 61, 60, 17, 20, 55, 16][19, 29, 66, 3, 23, 0, 2, 14, 44, 60][41, 57, 35, 34, 51, 8, 52, 64, 58, 45][6, 47, 7, 53, 46, 40, 12, 27, 25, 34][38, 22, 36, 54, 66, 18, 5, 37, 65, 39][49, 42, 30, 24, 63, 21, 62, 15, 11, 68][48, 69, 38, 18, 39, 32, 65, 37, 5, 67][11, 68, 59, 9, 31, 1, 49, 26, 8, 28][40, 47, 53, 46, 7, 4, 25, 57, 34, 45][13, 33, 50, 43, 61, 60, 17, 20, 55, 16][30, 24, 62, 42, 49, 1, 31, 11, 68, 59][13, 33, 50, 43, 61, 60, 17, 20, 55, 16][13, 33, 50, 43, 61, 60, 17, 20, 55, 16][10, 59, 1, 49, 15, 42, 30, 63, 24, 21] 
[41, 57, 35, 34, 51, 8, 52, 64, 58, 45][6, 47, 7, 53, 46, 40, 12, 27, 25, 34][8, 56, 28, 10, 17, 59, 1, 31, 11, 68][13, 33, 50, 43, 61, 60, 17, 20, 55, 16][19, 29, 66, 3, 23, 0, 2, 14, 44, 60][38, 22, 36, 54, 66, 18, 5, 37, 65, 39][49, 42, 30, 24, 63, 21, 62, 15, 11, 68][48, 69, 38, 18, 39, 32, 65, 37, 5, 67][11, 68, 59, 9, 31, 1, 49, 26, 8, 28][40, 47, 53, 46, 7, 4, 25, 57, 34, 45][30, 24, 62, 42, 49, 1, 31, 11, 68, 59][13, 33, 50, 43, 61, 60, 17, 20, 55, 16][10, 59, 1, 49, 15, 42, 30, 63, 24, 21][19, 29, 66, 3, 23, 0, 2, 14, 44, 60][13, 33, 50, 43, 61, 60, 17, 20, 55, 16] 
[41, 57, 35, 34, 51, 8, 52, 64, 58, 45][8, 56, 28, 10, 17, 59, 1, 31, 11, 68][13, 33, 50, 43, 61, 60, 17, 20, 55, 16][6, 47, 7, 53, 46, 40, 12, 27, 25, 34][19, 29, 66, 3, 23, 0, 2, 14, 44, 60][38, 22, 36, 54, 66, 18, 5, 37, 65, 39][49, 42, 30, 24, 63, 21, 62, 15, 11, 68][48, 69, 38, 18, 39, 32, 65, 37, 5, 67][11, 68, 59, 9, 31, 1, 49, 26, 8, 28][40, 47, 53, 46, 7, 4, 25, 57, 34, 45][13, 33, 50, 43, 61, 60, 17, 20, 55, 16][38, 22, 36, 54, 66, 18, 5, 37, 65, 39][30, 24, 62, 42, 49, 1, 31, 11, 68, 59][10, 59, 1, 49, 15, 42, 30, 63, 24, 21][13, 33, 50, 43, 61, 60, 17, 20, 55, 16] 
[8, 56, 28, 10, 17, 59, 1, 31, 11, 68][13, 33, 50, 43, 61, 60, 17, 20, 55, 16][19, 29, 66, 3, 23, 0, 2, 14, 44, 60][41, 57, 35, 34, 51, 8, 52, 64, 58, 45][6, 47, 7, 53, 46, 40, 12, 27, 25, 34][38, 22, 36, 54, 66, 18, 5, 37, 65, 39][49, 42, 30, 24, 63, 21, 62, 15, 11, 68][48, 69, 38, 18, 39, 32, 65, 37, 5, 67][11, 68, 59, 9, 31, 1, 49, 26, 8, 28][40, 47, 53, 46, 7, 4, 25, 57, 34, 45][13, 33, 50, 43, 61, 60, 17, 20, 55, 16][30, 24, 62, 42, 49, 1, 31, 11, 68, 59][13, 33, 50, 43, 61, 60, 17, 20, 55, 16][13, 33, 50, 43, 61, 60, 17, 20, 55, 16][10, 59, 1, 49, 15, 42, 30, 63, 24, 21] 
[41, 57, 35, 34, 51, 8, 52, 64, 58, 45][8, 56, 28, 10, 17, 59, 1, 31, 11, 68][6, 47, 7, 53, 46, 40, 12, 27, 25, 34][13, 33, 50, 43, 61, 60, 17, 20, 55, 16][19, 29, 66, 3, 23, 0, 2, 14, 44, 60][38, 22, 36, 54, 66, 18, 5, 37, 65, 39][49, 42, 30, 24, 63, 21, 62, 15, 11, 68][48, 69, 38, 18, 39, 32, 65, 37, 5, 67][11, 68, 59, 9, 31, 1, 49, 26, 8, 28][40, 47, 53, 46, 7, 4, 25, 57, 34, 45][30, 24, 62, 42, 49, 1, 31, 11, 68, 59][6, 47, 7, 53, 46, 40, 12, 27, 25, 34][38, 22, 36, 54, 66, 18, 5, 37, 65, 39][48, 69, 38, 18, 39, 32, 65, 37, 5, 67][10, 59, 1, 49, 15, 42, 30, 63, 24, 21] 
[48, 69, 38, 18, 39, 32, 65, 37, 5, 67][38, 22, 36, 54, 66, 18, 5, 37, 65, 39][19, 29, 66, 3, 23, 0, 2, 14, 44, 60][13, 33, 50, 43, 61, 60, 17, 20, 55, 16][8, 56, 28, 10, 17, 59, 1, 31, 11, 68][41, 57, 35, 34, 51, 8, 52, 64, 58, 45][6, 47, 7, 53, 46, 40, 12, 27, 25, 34][49, 42, 30, 24, 63, 21, 62, 15, 11, 68][11, 68, 59, 9, 31, 1, 49, 26, 8, 28][40, 47, 53, 46, 7, 4, 25, 57, 34, 45][19, 29, 66, 3, 23, 0, 2, 14, 44, 60][30, 24, 62, 42, 49, 1, 31, 11, 68, 59][48, 69, 38, 18, 39, 32, 65, 37, 5, 67][13, 33, 50, 43, 61, 60, 17, 20, 55, 16][10, 59, 1, 49, 15, 42, 30, 63, 24, 21] 
[41, 57, 35, 34, 51, 8, 52, 64, 58, 45][8, 56, 28, 10, 17, 59, 1, 31, 11, 68][6, 47, 7, 53, 46, 40, 12, 27, 25, 34][13, 33, 50, 43, 61, 60, 17, 20, 55, 16][19, 29, 66, 3, 23, 0, 2, 14, 44, 60][38, 22, 36, 54, 66, 18, 5, 37, 65, 39][49, 42, 30, 24, 63, 21, 62, 15, 11, 68][48, 69, 38, 18, 39, 32, 65, 37, 5, 67][11, 68, 59, 9, 31, 1, 49, 26, 8, 28][40, 47, 53, 46, 7, 4, 25, 57, 34, 45][30, 24, 62, 42, 49, 1, 31, 11, 68, 59][6, 47, 7, 53, 46, 40, 12, 27, 25, 34][38, 22, 36, 54, 66, 18, 5, 37, 65, 39][48, 69, 38, 18, 39, 32, 65, 37, 5, 67][10, 59, 1, 49, 15, 42, 30, 63, 24, 21] 
[6, 47, 7, 53, 46, 40, 12, 27, 25, 34][41, 57, 35, 34, 51, 8, 52, 64, 58, 45][8, 56, 28, 10, 17, 59, 1, 31, 11, 68][13, 33, 50, 43, 61, 60, 17, 20, 55, 16][19, 29, 66, 3, 23, 0, 2, 14, 44, 60][38, 22, 36, 54, 66, 18, 5, 37, 65, 39][49, 42, 30, 24, 63, 21, 62, 15, 11, 68][48, 69, 38, 18, 39, 32, 65, 37, 5, 67][11, 68, 59, 9, 31, 1, 49, 26, 8, 28][40, 47, 53, 46, 7, 4, 25, 57, 34, 45][13, 33, 50, 43, 61, 60, 17, 20, 55, 16][30, 24, 62, 42, 49, 1, 31, 11, 68, 59][13, 33, 50, 43, 61, 60, 17, 20, 55, 16][13, 33, 50, 43, 61, 60, 17, 20, 55, 16][10, 59, 1, 49, 15, 42, 30, 63, 24, 21] 
[48, 69, 38, 18, 39, 32, 65, 37, 5, 67][38, 22, 36, 54, 66, 18, 5, 37, 65, 39][19, 29, 66, 3, 23, 0, 2, 14, 44, 60][13, 33, 50, 43, 61, 60, 17, 20, 55, 16][8, 56, 28, 10, 17, 59, 1, 31, 11, 68][41, 57, 35, 34, 51, 8, 52, 64, 58, 45][6, 47, 7, 53, 46, 40, 12, 27, 25, 34][49, 42, 30, 24, 63, 21, 62, 15, 11, 68][11, 68, 59, 9, 31, 1, 49, 26, 8, 28][40, 47, 53, 46, 7, 4, 25, 57, 34, 45][30, 24, 62, 42, 49, 1, 31, 11, 68, 59][48, 69, 38, 18, 39, 32, 65, 37, 5, 67][19, 29, 66, 3, 23, 0, 2, 14, 44, 60][10, 59, 1, 49, 15, 42, 30, 63, 24, 21][19, 29, 66, 3, 23, 0, 2, 14, 44, 60] 
[13, 33, 50, 43, 61, 60, 17, 20, 55, 16][19, 29, 66, 3, 23, 0, 2, 14, 44, 60][8, 56, 28, 10, 17, 59, 1, 31, 11, 68][38, 22, 36, 54, 66, 18, 5, 37, 65, 39][41, 57, 35, 34, 51, 8, 52, 64, 58, 45][6, 47, 7, 53, 46, 40, 12, 27, 25, 34][49, 42, 30, 24, 63, 21, 62, 15, 11, 68][48, 69, 38, 18, 39, 32, 65, 37, 5, 67][11, 68, 59, 9, 31, 1, 49, 26, 8, 28][40, 47, 53, 46, 7, 4, 25, 57, 34, 45][19, 29, 66, 3, 23, 0, 2, 14, 44, 60][30, 24, 62, 42, 49, 1, 31, 11, 68, 59][38, 22, 36, 54, 66, 18, 5, 37, 65, 39][10, 59, 1, 49, 15, 42, 30, 63, 24, 21][6, 47, 7, 53, 46, 40, 12, 27, 25, 34] 
[48, 69, 38, 18, 39, 32, 65, 37, 5, 67][38, 22, 36, 54, 66, 18, 5, 37, 65, 39][19, 29, 66, 3, 23, 0, 2, 14, 44, 60][13, 33, 50, 43, 61, 60, 17, 20, 55, 16][8, 56, 28, 10, 17, 59, 1, 31, 11, 68][41, 57, 35, 34, 51, 8, 52, 64, 58, 45][6, 47, 7, 53, 46, 40, 12, 27, 25, 34][49, 42, 30, 24, 63, 21, 62, 15, 11, 68][11, 68, 59, 9, 31, 1, 49, 26, 8, 28][40, 47, 53, 46, 7, 4, 25, 57, 34, 45][30, 24, 62, 42, 49, 1, 31, 11, 68, 59][13, 33, 50, 43, 61, 60, 17, 20, 55, 16][48, 69, 38, 18, 39, 32, 65, 37, 5, 67][6, 47, 7, 53, 46, 40, 12, 27, 25, 34][10, 59, 1, 49, 15, 42, 30, 63, 24, 21] 
[38, 22, 36, 54, 66, 18, 5, 37, 65, 39][19, 29, 66, 3, 23, 0, 2, 14, 44, 60][13, 33, 50, 43, 61, 60, 17, 20, 55, 16][8, 56, 28, 10, 17, 59, 1, 31, 11, 68][41, 57, 35, 34, 51, 8, 52, 64, 58, 45][6, 47, 7, 53, 46, 40, 12, 27, 25, 34][49, 42, 30, 24, 63, 21, 62, 15, 11, 68][48, 69, 38, 18, 39, 32, 65, 37, 5, 67][11, 68, 59, 9, 31, 1, 49, 26, 8, 28][40, 47, 53, 46, 7, 4, 25, 57, 34, 45][30, 24, 62, 42, 49, 1, 31, 11, 68, 59][38, 22, 36, 54, 66, 18, 5, 37, 65, 39][6, 47, 7, 53, 46, 40, 12, 27, 25, 34][13, 33, 50, 43, 61, 60, 17, 20, 55, 16][10, 59, 1, 49, 15, 42, 30, 63, 24, 21] 
[8, 56, 28, 10, 17, 59, 1, 31, 11, 68][13, 33, 50, 43, 61, 60, 17, 20, 55, 16][19, 29, 66, 3, 23, 0, 2, 14, 44, 60][38, 22, 36, 54, 66, 18, 5, 37, 65, 39][41, 57, 35, 34, 51, 8, 52, 64, 58, 45][6, 47, 7, 53, 46, 40, 12, 27, 25, 34][49, 42, 30, 24, 63, 21, 62, 15, 11, 68][48, 69, 38, 18, 39, 32, 65, 37, 5, 67][11, 68, 59, 9, 31, 1, 49, 26, 8, 28][40, 47, 53, 46, 7, 4, 25, 57, 34, 45][48, 69, 38, 18, 39, 32, 65, 37, 5, 67][30, 24, 62, 42, 49, 1, 31, 11, 68, 59][38, 22, 36, 54, 66, 18, 5, 37, 65, 39][30, 24, 62, 42, 49, 1, 31, 11, 68, 59][10, 59, 1, 49, 15, 42, 30, 63, 24, 21] 
[48, 69, 38, 18, 39, 32, 65, 37, 5, 67][38, 22, 36, 54, 66, 18, 5, 37, 65, 39][19, 29, 66, 3, 23, 0, 2, 14, 44, 60][13, 33, 50, 43, 61, 60, 17, 20, 55, 16][8, 56, 28, 10, 17, 59, 1, 31, 11, 68][41, 57, 35, 34, 51, 8, 52, 64, 58, 45][6, 47, 7, 53, 46, 40, 12, 27, 25, 34][49, 42, 30, 24, 63, 21, 62, 15, 11, 68][11, 68, 59, 9, 31, 1, 49, 26, 8, 28][40, 47, 53, 46, 7, 4, 25, 57, 34, 45][6, 47, 7, 53, 46, 40, 12, 27, 25, 34][30, 24, 62, 42, 49, 1, 31, 11, 68, 59][48, 69, 38, 18, 39, 32, 65, 37, 5, 67][10, 59, 1, 49, 15, 42, 30, 63, 24, 21][30, 24, 62, 42, 49, 1, 31, 11, 68, 59] 
[40, 47, 53, 46, 7, 4, 25, 57, 34, 45][41, 57, 35, 34, 51, 8, 52, 64, 58, 45][8, 56, 28, 10, 17, 59, 1, 31, 11, 68][13, 33, 50, 43, 61, 60, 17, 20, 55, 16][19, 29, 66, 3, 23, 0, 2, 14, 44, 60][38, 22, 36, 54, 66, 18, 5, 37, 65, 39][49, 42, 30, 24, 63, 21, 62, 15, 11, 68][48, 69, 38, 18, 39, 32, 65, 37, 5, 67][6, 47, 7, 53, 46, 40, 12, 27, 25, 34][11, 68, 59, 9, 31, 1, 49, 26, 8, 28][13, 33, 50, 43, 61, 60, 17, 20, 55, 16][30, 24, 62, 42, 49, 1, 31, 11, 68, 59][10, 59, 1, 49, 15, 42, 30, 63, 24, 21][48, 69, 38, 18, 39, 32, 65, 37, 5, 67][30, 24, 62, 42, 49, 1, 31, 11, 68, 59] 
[48, 69, 38, 18, 39, 32, 65, 37, 5, 67][38, 22, 36, 54, 66, 18, 5, 37, 65, 39][19, 29, 66, 3, 23, 0, 2, 14, 44, 60][13, 33, 50, 43, 61, 60, 17, 20, 55, 16][8, 56, 28, 10, 17, 59, 1, 31, 11, 68][41, 57, 35, 34, 51, 8, 52, 64, 58, 45][6, 47, 7, 53, 46, 40, 12, 27, 25, 34][49, 42, 30, 24, 63, 21, 62, 15, 11, 68][11, 68, 59, 9, 31, 1, 49, 26, 8, 28][40, 47, 53, 46, 7, 4, 25, 57, 34, 45][30, 24, 62, 42, 49, 1, 31, 11, 68, 59][6, 47, 7, 53, 46, 40, 12, 27, 25, 34][10, 59, 1, 49, 15, 42, 30, 63, 24, 21][40, 47, 53, 46, 7, 4, 25, 57, 34, 45][30, 24, 62, 42, 49, 1, 31, 11, 68, 59] 
[48, 69, 38, 18, 39, 32, 65, 37, 5, 67][38, 22, 36, 54, 66, 18, 5, 37, 65, 39][19, 29, 66, 3, 23, 0, 2, 14, 44, 60][13, 33, 50, 43, 61, 60, 17, 20, 55, 16][8, 56, 28, 10, 17, 59, 1, 31, 11, 68][41, 57, 35, 34, 51, 8, 52, 64, 58, 45][6, 47, 7, 53, 46, 40, 12, 27, 25, 34][49, 42, 30, 24, 63, 21, 62, 15, 11, 68][11, 68, 59, 9, 31, 1, 49, 26, 8, 28][40, 47, 53, 46, 7, 4, 25, 57, 34, 45][6, 47, 7, 53, 46, 40, 12, 27, 25, 34][30, 24, 62, 42, 49, 1, 31, 11, 68, 59][48, 69, 38, 18, 39, 32, 65, 37, 5, 67][10, 59, 1, 49, 15, 42, 30, 63, 24, 21][30, 24, 62, 42, 49, 1, 31, 11, 68, 59] 
[10, 59, 1, 49, 15, 42, 30, 63, 24, 21][11, 68, 59, 9, 31, 1, 49, 26, 8, 28][41, 57, 35, 34, 51, 8, 52, 64, 58, 45][6, 47, 7, 53, 46, 40, 12, 27, 25, 34][8, 56, 28, 10, 17, 59, 1, 31, 11, 68][13, 33, 50, 43, 61, 60, 17, 20, 55, 16][19, 29, 66, 3, 23, 0, 2, 14, 44, 60][38, 22, 36, 54, 66, 18, 5, 37, 65, 39][48, 69, 38, 18, 39, 32, 65, 37, 5, 67][30, 24, 62, 42, 49, 1, 31, 11, 68, 59][40, 47, 53, 46, 7, 4, 25, 57, 34, 45][49, 42, 30, 24, 63, 21, 62, 15, 11, 68][10, 59, 1, 49, 15, 42, 30, 63, 24, 21][38, 22, 36, 54, 66, 18, 5, 37, 65, 39][10, 59, 1, 49, 15, 42, 30, 63, 24, 21] 
[49, 42, 30, 24, 63, 21, 62, 15, 11, 68][8, 56, 28, 10, 17, 59, 1, 31, 11, 68][41, 57, 35, 34, 51, 8, 52, 64, 58, 45][13, 33, 50, 43, 61, 60, 17, 20, 55, 16][6, 47, 7, 53, 46, 40, 12, 27, 25, 34][19, 29, 66, 3, 23, 0, 2, 14, 44, 60][38, 22, 36, 54, 66, 18, 5, 37, 65, 39][48, 69, 38, 18, 39, 32, 65, 37, 5, 67][11, 68, 59, 9, 31, 1, 49, 26, 8, 28][40, 47, 53, 46, 7, 4, 25, 57, 34, 45][30, 24, 62, 42, 49, 1, 31, 11, 68, 59][19, 29, 66, 3, 23, 0, 2, 14, 44, 60][19, 29, 66, 3, 23, 0, 2, 14, 44, 60][38, 22, 36, 54, 66, 18, 5, 37, 65, 39][10, 59, 1, 49, 15, 42, 30, 63, 24, 21] 
[8, 56, 28, 10, 17, 59, 1, 31, 11, 68][41, 57, 35, 34, 51, 8, 52, 64, 58, 45][13, 33, 50, 43, 61, 60, 17, 20, 55, 16][6, 47, 7, 53, 46, 40, 12, 27, 25, 34][19, 29, 66, 3, 23, 0, 2, 14, 44, 60][38, 22, 36, 54, 66, 18, 5, 37, 65, 39][49, 42, 30, 24, 63, 21, 62, 15, 11, 68][48, 69, 38, 18, 39, 32, 65, 37, 5, 67][11, 68, 59, 9, 31, 1, 49, 26, 8, 28][40, 47, 53, 46, 7, 4, 25, 57, 34, 45][30, 24, 62, 42, 49, 1, 31, 11, 68, 59][13, 33, 50, 43, 61, 60, 17, 20, 55, 16][6, 47, 7, 53, 46, 40, 12, 27, 25, 34][10, 59, 1, 49, 15, 42, 30, 63, 24, 21][13, 33, 50, 43, 61, 60, 17, 20, 55, 16] 
[8, 56, 28, 10, 17, 59, 1, 31, 11, 68][41, 57, 35, 34, 51, 8, 52, 64, 58, 45][13, 33, 50, 43, 61, 60, 17, 20, 55, 16][6, 47, 7, 53, 46, 40, 12, 27, 25, 34][19, 29, 66, 3, 23, 0, 2, 14, 44, 60][38, 22, 36, 54, 66, 18, 5, 37, 65, 39][49, 42, 30, 24, 63, 21, 62, 15, 11, 68][48, 69, 38, 18, 39, 32, 65, 37, 5, 67][11, 68, 59, 9, 31, 1, 49, 26, 8, 28][40, 47, 53, 46, 7, 4, 25, 57, 34, 45][30, 24, 62, 42, 49, 1, 31, 11, 68, 59][13, 33, 50, 43, 61, 60, 17, 20, 55, 16][6, 47, 7, 53, 46, 40, 12, 27, 25, 34][10, 59, 1, 49, 15, 42, 30, 63, 24, 21][13, 33, 50, 43, 61, 60, 17, 20, 55, 16] 
[41, 57, 35, 34, 51, 8, 52, 64, 58, 45][8, 56, 28, 10, 17, 59, 1, 31, 11, 68][6, 47, 7, 53, 46, 40, 12, 27, 25, 34][13, 33, 50, 43, 61, 60, 17, 20, 55, 16][19, 29, 66, 3, 23, 0, 2, 14, 44, 60][38, 22, 36, 54, 66, 18, 5, 37, 65, 39][49, 42, 30, 24, 63, 21, 62, 15, 11, 68][48, 69, 38, 18, 39, 32, 65, 37, 5, 67][11, 68, 59, 9, 31, 1, 49, 26, 8, 28][40, 47, 53, 46, 7, 4, 25, 57, 34, 45][30, 24, 62, 42, 49, 1, 31, 11, 68, 59][13, 33, 50, 43, 61, 60, 17, 20, 55, 16][10, 59, 1, 49, 15, 42, 30, 63, 24, 21][6, 47, 7, 53, 46, 40, 12, 27, 25, 34][40, 47, 53, 46, 7, 4, 25, 57, 34, 45] 
[6, 47, 7, 53, 46, 40, 12, 27, 25, 34][41, 57, 35, 34, 51, 8, 52, 64, 58, 45][11, 68, 59, 9, 31, 1, 49, 26, 8, 28][49, 42, 30, 24, 63, 21, 62, 15, 11, 68][8, 56, 28, 10, 17, 59, 1, 31, 11, 68][13, 33, 50, 43, 61, 60, 17, 20, 55, 16][19, 29, 66, 3, 23, 0, 2, 14, 44, 60][38, 22, 36, 54, 66, 18, 5, 37, 65, 39][48, 69, 38, 18, 39, 32, 65, 37, 5, 67][40, 47, 53, 46, 7, 4, 25, 57, 34, 45][30, 24, 62, 42, 49, 1, 31, 11, 68, 59][10, 59, 1, 49, 15, 42, 30, 63, 24, 21][13, 33, 50, 43, 61, 60, 17, 20, 55, 16][13, 33, 50, 43, 61, 60, 17, 20, 55, 16][19, 29, 66, 3, 23, 0, 2, 14, 44, 60] 
[8, 56, 28, 10, 17, 59, 1, 31, 11, 68][13, 33, 50, 43, 61, 60, 17, 20, 55, 16][41, 57, 35, 34, 51, 8, 52, 64, 58, 45][19, 29, 66, 3, 23, 0, 2, 14, 44, 60][38, 22, 36, 54, 66, 18, 5, 37, 65, 39][6, 47, 7, 53, 46, 40, 12, 27, 25, 34][49, 42, 30, 24, 63, 21, 62, 15, 11, 68][48, 69, 38, 18, 39, 32, 65, 37, 5, 67][11, 68, 59, 9, 31, 1, 49, 26, 8, 28][40, 47, 53, 46, 7, 4, 25, 57, 34, 45][38, 22, 36, 54, 66, 18, 5, 37, 65, 39][30, 24, 62, 42, 49, 1, 31, 11, 68, 59][10, 59, 1, 49, 15, 42, 30, 63, 24, 21][30, 24, 62, 42, 49, 1, 31, 11, 68, 59][48, 69, 38, 18, 39, 32, 65, 37, 5, 67] 
[11, 68, 59, 9, 31, 1, 49, 26, 8, 28][41, 57, 35, 34, 51, 8, 52, 64, 58, 45][6, 47, 7, 53, 46, 40, 12, 27, 25, 34][49, 42, 30, 24, 63, 21, 62, 15, 11, 68][8, 56, 28, 10, 17, 59, 1, 31, 11, 68][13, 33, 50, 43, 61, 60, 17, 20, 55, 16][19, 29, 66, 3, 23, 0, 2, 14, 44, 60][38, 22, 36, 54, 66, 18, 5, 37, 65, 39][48, 69, 38, 18, 39, 32, 65, 37, 5, 67][40, 47, 53, 46, 7, 4, 25, 57, 34, 45][30, 24, 62, 42, 49, 1, 31, 11, 68, 59][38, 22, 36, 54, 66, 18, 5, 37, 65, 39][48, 69, 38, 18, 39, 32, 65, 37, 5, 67][10, 59, 1, 49, 15, 42, 30, 63, 24, 21][38, 22, 36, 54, 66, 18, 5, 37, 65, 39] 
[38, 22, 36, 54, 66, 18, 5, 37, 65, 39][19, 29, 66, 3, 23, 0, 2, 14, 44, 60][13, 33, 50, 43, 61, 60, 17, 20, 55, 16][8, 56, 28, 10, 17, 59, 1, 31, 11, 68][41, 57, 35, 34, 51, 8, 52, 64, 58, 45][6, 47, 7, 53, 46, 40, 12, 27, 25, 34][49, 42, 30, 24, 63, 21, 62, 15, 11, 68][48, 69, 38, 18, 39, 32, 65, 37, 5, 67][11, 68, 59, 9, 31, 1, 49, 26, 8, 28][40, 47, 53, 46, 7, 4, 25, 57, 34, 45][6, 47, 7, 53, 46, 40, 12, 27, 25, 34][30, 24, 62, 42, 49, 1, 31, 11, 68, 59][10, 59, 1, 49, 15, 42, 30, 63, 24, 21][30, 24, 62, 42, 49, 1, 31, 11, 68, 59][48, 69, 38, 18, 39, 32, 65, 37, 5, 67] 
[13, 33, 50, 43, 61, 60, 17, 20, 55, 16][8, 56, 28, 10, 17, 59, 1, 31, 11, 68][19, 29, 66, 3, 23, 0, 2, 14, 44, 60][41, 57, 35, 34, 51, 8, 52, 64, 58, 45][38, 22, 36, 54, 66, 18, 5, 37, 65, 39][6, 47, 7, 53, 46, 40, 12, 27, 25, 34][49, 42, 30, 24, 63, 21, 62, 15, 11, 68][48, 69, 38, 18, 39, 32, 65, 37, 5, 67][11, 68, 59, 9, 31, 1, 49, 26, 8, 28][40, 47, 53, 46, 7, 4, 25, 57, 34, 45][30, 24, 62, 42, 49, 1, 31, 11, 68, 59][10, 59, 1, 49, 15, 42, 30, 63, 24, 21][30, 24, 62, 42, 49, 1, 31, 11, 68, 59][6, 47, 7, 53, 46, 40, 12, 27, 25, 34][30, 24, 62, 42, 49, 1, 31, 11, 68, 59] 
[19, 29, 66, 3, 23, 0, 2, 14, 44, 60][13, 33, 50, 43, 61, 60, 17, 20, 55, 16][8, 56, 28, 10, 17, 59, 1, 31, 11, 68][41, 57, 35, 34, 51, 8, 52, 64, 58, 45][38, 22, 36, 54, 66, 18, 5, 37, 65, 39][6, 47, 7, 53, 46, 40, 12, 27, 25, 34][49, 42, 30, 24, 63, 21, 62, 15, 11, 68][48, 69, 38, 18, 39, 32, 65, 37, 5, 67][11, 68, 59, 9, 31, 1, 49, 26, 8, 28][40, 47, 53, 46, 7, 4, 25, 57, 34, 45][30, 24, 62, 42, 49, 1, 31, 11, 68, 59][10, 59, 1, 49, 15, 42, 30, 63, 24, 21][30, 24, 62, 42, 49, 1, 31, 11, 68, 59][30, 24, 62, 42, 49, 1, 31, 11, 68, 59][48, 69, 38, 18, 39, 32, 65, 37, 5, 67] 
[13, 33, 50, 43, 61, 60, 17, 20, 55, 16][8, 56, 28, 10, 17, 59, 1, 31, 11, 68][19, 29, 66, 3, 23, 0, 2, 14, 44, 60][41, 57, 35, 34, 51, 8, 52, 64, 58, 45][38, 22, 36, 54, 66, 18, 5, 37, 65, 39][6, 47, 7, 53, 46, 40, 12, 27, 25, 34][49, 42, 30, 24, 63, 21, 62, 15, 11, 68][48, 69, 38, 18, 39, 32, 65, 37, 5, 67][11, 68, 59, 9, 31, 1, 49, 26, 8, 28][40, 47, 53, 46, 7, 4, 25, 57, 34, 45][30, 24, 62, 42, 49, 1, 31, 11, 68, 59][10, 59, 1, 49, 15, 42, 30, 63, 24, 21][30, 24, 62, 42, 49, 1, 31, 11, 68, 59][6, 47, 7, 53, 46, 40, 12, 27, 25, 34][30, 24, 62, 42, 49, 1, 31, 11, 68, 59] 
[38, 22, 36, 54, 66, 18, 5, 37, 65, 39][19, 29, 66, 3, 23, 0, 2, 14, 44, 60][13, 33, 50, 43, 61, 60, 17, 20, 55, 16][8, 56, 28, 10, 17, 59, 1, 31, 11, 68][41, 57, 35, 34, 51, 8, 52, 64, 58, 45][6, 47, 7, 53, 46, 40, 12, 27, 25, 34][49, 42, 30, 24, 63, 21, 62, 15, 11, 68][48, 69, 38, 18, 39, 32, 65, 37, 5, 67][11, 68, 59, 9, 31, 1, 49, 26, 8, 28][40, 47, 53, 46, 7, 4, 25, 57, 34, 45][30, 24, 62, 42, 49, 1, 31, 11, 68, 59][48, 69, 38, 18, 39, 32, 65, 37, 5, 67][10, 59, 1, 49, 15, 42, 30, 63, 24, 21][30, 24, 62, 42, 49, 1, 31, 11, 68, 59][30, 24, 62, 42, 49, 1, 31, 11, 68, 59] 
[19, 29, 66, 3, 23, 0, 2, 14, 44, 60][13, 33, 50, 43, 61, 60, 17, 20, 55, 16][38, 22, 36, 54, 66, 18, 5, 37, 65, 39][8, 56, 28, 10, 17, 59, 1, 31, 11, 68][41, 57, 35, 34, 51, 8, 52, 64, 58, 45][6, 47, 7, 53, 46, 40, 12, 27, 25, 34][49, 42, 30, 24, 63, 21, 62, 15, 11, 68][48, 69, 38, 18, 39, 32, 65, 37, 5, 67][11, 68, 59, 9, 31, 1, 49, 26, 8, 28][40, 47, 53, 46, 7, 4, 25, 57, 34, 45][30, 24, 62, 42, 49, 1, 31, 11, 68, 59][30, 24, 62, 42, 49, 1, 31, 11, 68, 59][48, 69, 38, 18, 39, 32, 65, 37, 5, 67][30, 24, 62, 42, 49, 1, 31, 11, 68, 59][10, 59, 1, 49, 15, 42, 30, 63, 24, 21] 
[48, 69, 38, 18, 39, 32, 65, 37, 5, 67][38, 22, 36, 54, 66, 18, 5, 37, 65, 39][19, 29, 66, 3, 23, 0, 2, 14, 44, 60][13, 33, 50, 43, 61, 60, 17, 20, 55, 16][8, 56, 28, 10, 17, 59, 1, 31, 11, 68][41, 57, 35, 34, 51, 8, 52, 64, 58, 45][6, 47, 7, 53, 46, 40, 12, 27, 25, 34][49, 42, 30, 24, 63, 21, 62, 15, 11, 68][11, 68, 59, 9, 31, 1, 49, 26, 8, 28][40, 47, 53, 46, 7, 4, 25, 57, 34, 45][30, 24, 62, 42, 49, 1, 31, 11, 68, 59][30, 24, 62, 42, 49, 1, 31, 11, 68, 59][10, 59, 1, 49, 15, 42, 30, 63, 24, 21][19, 29, 66, 3, 23, 0, 2, 14, 44, 60][30, 24, 62, 42, 49, 1, 31, 11, 68, 59] 
[13, 33, 50, 43, 61, 60, 17, 20, 55, 16][19, 29, 66, 3, 23, 0, 2, 14, 44, 60][8, 56, 28, 10, 17, 59, 1, 31, 11, 68][38, 22, 36, 54, 66, 18, 5, 37, 65, 39][41, 57, 35, 34, 51, 8, 52, 64, 58, 45][6, 47, 7, 53, 46, 40, 12, 27, 25, 34][49, 42, 30, 24, 63, 21, 62, 15, 11, 68][48, 69, 38, 18, 39, 32, 65, 37, 5, 67][11, 68, 59, 9, 31, 1, 49, 26, 8, 28][40, 47, 53, 46, 7, 4, 25, 57, 34, 45][48, 69, 38, 18, 39, 32, 65, 37, 5, 67][30, 24, 62, 42, 49, 1, 31, 11, 68, 59][6, 47, 7, 53, 46, 40, 12, 27, 25, 34][10, 59, 1, 49, 15, 42, 30, 63, 24, 21][30, 24, 62, 42, 49, 1, 31, 11, 68, 59] 
[38, 22, 36, 54, 66, 18, 5, 37, 65, 39][19, 29, 66, 3, 23, 0, 2, 14, 44, 60][13, 33, 50, 43, 61, 60, 17, 20, 55, 16][8, 56, 28, 10, 17, 59, 1, 31, 11, 68][41, 57, 35, 34, 51, 8, 52, 64, 58, 45][6, 47, 7, 53, 46, 40, 12, 27, 25, 34][49, 42, 30, 24, 63, 21, 62, 15, 11, 68][48, 69, 38, 18, 39, 32, 65, 37, 5, 67][11, 68, 59, 9, 31, 1, 49, 26, 8, 28][40, 47, 53, 46, 7, 4, 25, 57, 34, 45][30, 24, 62, 42, 49, 1, 31, 11, 68, 59][48, 69, 38, 18, 39, 32, 65, 37, 5, 67][10, 59, 1, 49, 15, 42, 30, 63, 24, 21][30, 24, 62, 42, 49, 1, 31, 11, 68, 59][30, 24, 62, 42, 49, 1, 31, 11, 68, 59] 
[19, 29, 66, 3, 23, 0, 2, 14, 44, 60][13, 33, 50, 43, 61, 60, 17, 20, 55, 16][38, 22, 36, 54, 66, 18, 5, 37, 65, 39][8, 56, 28, 10, 17, 59, 1, 31, 11, 68][41, 57, 35, 34, 51, 8, 52, 64, 58, 45][6, 47, 7, 53, 46, 40, 12, 27, 25, 34][49, 42, 30, 24, 63, 21, 62, 15, 11, 68][48, 69, 38, 18, 39, 32, 65, 37, 5, 67][11, 68, 59, 9, 31, 1, 49, 26, 8, 28][40, 47, 53, 46, 7, 4, 25, 57, 34, 45][30, 24, 62, 42, 49, 1, 31, 11, 68, 59][30, 24, 62, 42, 49, 1, 31, 11, 68, 59][48, 69, 38, 18, 39, 32, 65, 37, 5, 67][30, 24, 62, 42, 49, 1, 31, 11, 68, 59][10, 59, 1, 49, 15, 42, 30, 63, 24, 21] 
[8, 56, 28, 10, 17, 59, 1, 31, 11, 68][41, 57, 35, 34, 51, 8, 52, 64, 58, 45][6, 47, 7, 53, 46, 40, 12, 27, 25, 34][13, 33, 50, 43, 61, 60, 17, 20, 55, 16][19, 29, 66, 3, 23, 0, 2, 14, 44, 60][38, 22, 36, 54, 66, 18, 5, 37, 65, 39][49, 42, 30, 24, 63, 21, 62, 15, 11, 68][48, 69, 38, 18, 39, 32, 65, 37, 5, 67][11, 68, 59, 9, 31, 1, 49, 26, 8, 28][40, 47, 53, 46, 7, 4, 25, 57, 34, 45][48, 69, 38, 18, 39, 32, 65, 37, 5, 67][48, 69, 38, 18, 39, 32, 65, 37, 5, 67][30, 24, 62, 42, 49, 1, 31, 11, 68, 59][30, 24, 62, 42, 49, 1, 31, 11, 68, 59][10, 59, 1, 49, 15, 42, 30, 63, 24, 21] 
[13, 33, 50, 43, 61, 60, 17, 20, 55, 16][19, 29, 66, 3, 23, 0, 2, 14, 44, 60][38, 22, 36, 54, 66, 18, 5, 37, 65, 39][8, 56, 28, 10, 17, 59, 1, 31, 11, 68][41, 57, 35, 34, 51, 8, 52, 64, 58, 45][6, 47, 7, 53, 46, 40, 12, 27, 25, 34][49, 42, 30, 24, 63, 21, 62, 15, 11, 68][48, 69, 38, 18, 39, 32, 65, 37, 5, 67][11, 68, 59, 9, 31, 1, 49, 26, 8, 28][40, 47, 53, 46, 7, 4, 25, 57, 34, 45][30, 24, 62, 42, 49, 1, 31, 11, 68, 59][19, 29, 66, 3, 23, 0, 2, 14, 44, 60][30, 24, 62, 42, 49, 1, 31, 11, 68, 59][10, 59, 1, 49, 15, 42, 30, 63, 24, 21][30, 24, 62, 42, 49, 1, 31, 11, 68, 59] 
[40, 47, 53, 46, 7, 4, 25, 57, 34, 45][41, 57, 35, 34, 51, 8, 52, 64, 58, 45][8, 56, 28, 10, 17, 59, 1, 31, 11, 68][13, 33, 50, 43, 61, 60, 17, 20, 55, 16][19, 29, 66, 3, 23, 0, 2, 14, 44, 60][38, 22, 36, 54, 66, 18, 5, 37, 65, 39][49, 42, 30, 24, 63, 21, 62, 15, 11, 68][48, 69, 38, 18, 39, 32, 65, 37, 5, 67][6, 47, 7, 53, 46, 40, 12, 27, 25, 34][11, 68, 59, 9, 31, 1, 49, 26, 8, 28][48, 69, 38, 18, 39, 32, 65, 37, 5, 67][30, 24, 62, 42, 49, 1, 31, 11, 68, 59][10, 59, 1, 49, 15, 42, 30, 63, 24, 21][30, 24, 62, 42, 49, 1, 31, 11, 68, 59][30, 24, 62, 42, 49, 1, 31, 11, 68, 59] 
[13, 33, 50, 43, 61, 60, 17, 20, 55, 16][19, 29, 66, 3, 23, 0, 2, 14, 44, 60][38, 22, 36, 54, 66, 18, 5, 37, 65, 39][8, 56, 28, 10, 17, 59, 1, 31, 11, 68][41, 57, 35, 34, 51, 8, 52, 64, 58, 45][6, 47, 7, 53, 46, 40, 12, 27, 25, 34][49, 42, 30, 24, 63, 21, 62, 15, 11, 68][48, 69, 38, 18, 39, 32, 65, 37, 5, 67][11, 68, 59, 9, 31, 1, 49, 26, 8, 28][40, 47, 53, 46, 7, 4, 25, 57, 34, 45][30, 24, 62, 42, 49, 1, 31, 11, 68, 59][19, 29, 66, 3, 23, 0, 2, 14, 44, 60][30, 24, 62, 42, 49, 1, 31, 11, 68, 59][10, 59, 1, 49, 15, 42, 30, 63, 24, 21][30, 24, 62, 42, 49, 1, 31, 11, 68, 59] 
[38, 22, 36, 54, 66, 18, 5, 37, 65, 39][19, 29, 66, 3, 23, 0, 2, 14, 44, 60][13, 33, 50, 43, 61, 60, 17, 20, 55, 16][8, 56, 28, 10, 17, 59, 1, 31, 11, 68][41, 57, 35, 34, 51, 8, 52, 64, 58, 45][6, 47, 7, 53, 46, 40, 12, 27, 25, 34][49, 42, 30, 24, 63, 21, 62, 15, 11, 68][48, 69, 38, 18, 39, 32, 65, 37, 5, 67][11, 68, 59, 9, 31, 1, 49, 26, 8, 28][40, 47, 53, 46, 7, 4, 25, 57, 34, 45][6, 47, 7, 53, 46, 40, 12, 27, 25, 34][30, 24, 62, 42, 49, 1, 31, 11, 68, 59][10, 59, 1, 49, 15, 42, 30, 63, 24, 21][30, 24, 62, 42, 49, 1, 31, 11, 68, 59][48, 69, 38, 18, 39, 32, 65, 37, 5, 67] 
[40, 47, 53, 46, 7, 4, 25, 57, 34, 45][41, 57, 35, 34, 51, 8, 52, 64, 58, 45][11, 68, 59, 9, 31, 1, 49, 26, 8, 28][10, 59, 1, 49, 15, 42, 30, 63, 24, 21][6, 47, 7, 53, 46, 40, 12, 27, 25, 34][8, 56, 28, 10, 17, 59, 1, 31, 11, 68][13, 33, 50, 43, 61, 60, 17, 20, 55, 16][19, 29, 66, 3, 23, 0, 2, 14, 44, 60][38, 22, 36, 54, 66, 18, 5, 37, 65, 39][48, 69, 38, 18, 39, 32, 65, 37, 5, 67][49, 42, 30, 24, 63, 21, 62, 15, 11, 68][30, 24, 62, 42, 49, 1, 31, 11, 68, 59][10, 59, 1, 49, 15, 42, 30, 63, 24, 21][10, 59, 1, 49, 15, 42, 30, 63, 24, 21][10, 59, 1, 49, 15, 42, 30, 63, 24, 21] 
[38, 22, 36, 54, 66, 18, 5, 37, 65, 39][19, 29, 66, 3, 23, 0, 2, 14, 44, 60][13, 33, 50, 43, 61, 60, 17, 20, 55, 16][8, 56, 28, 10, 17, 59, 1, 31, 11, 68][41, 57, 35, 34, 51, 8, 52, 64, 58, 45][6, 47, 7, 53, 46, 40, 12, 27, 25, 34][49, 42, 30, 24, 63, 21, 62, 15, 11, 68][48, 69, 38, 18, 39, 32, 65, 37, 5, 67][11, 68, 59, 9, 31, 1, 49, 26, 8, 28][40, 47, 53, 46, 7, 4, 25, 57, 34, 45][30, 24, 62, 42, 49, 1, 31, 11, 68, 59][30, 24, 62, 42, 49, 1, 31, 11, 68, 59][30, 24, 62, 42, 49, 1, 31, 11, 68, 59][30, 24, 62, 42, 49, 1, 31, 11, 68, 59][10, 59, 1, 49, 15, 42, 30, 63, 24, 21] 
[30, 24, 62, 42, 49, 1, 31, 11, 68, 59][8, 56, 28, 10, 17, 59, 1, 31, 11, 68][13, 33, 50, 43, 61, 60, 17, 20, 55, 16][41, 57, 35, 34, 51, 8, 52, 64, 58, 45][6, 47, 7, 53, 46, 40, 12, 27, 25, 34][19, 29, 66, 3, 23, 0, 2, 14, 44, 60][38, 22, 36, 54, 66, 18, 5, 37, 65, 39][48, 69, 38, 18, 39, 32, 65, 37, 5, 67][49, 42, 30, 24, 63, 21, 62, 15, 11, 68][11, 68, 59, 9, 31, 1, 49, 26, 8, 28][40, 47, 53, 46, 7, 4, 25, 57, 34, 45][30, 24, 62, 42, 49, 1, 31, 11, 68, 59][11, 68, 59, 9, 31, 1, 49, 26, 8, 28][30, 24, 62, 42, 49, 1, 31, 11, 68, 59][10, 59, 1, 49, 15, 42, 30, 63, 24, 21] 
[30, 24, 62, 42, 49, 1, 31, 11, 68, 59][8, 56, 28, 10, 17, 59, 1, 31, 11, 68][13, 33, 50, 43, 61, 60, 17, 20, 55, 16][41, 57, 35, 34, 51, 8, 52, 64, 58, 45][6, 47, 7, 53, 46, 40, 12, 27, 25, 34][19, 29, 66, 3, 23, 0, 2, 14, 44, 60][38, 22, 36, 54, 66, 18, 5, 37, 65, 39][48, 69, 38, 18, 39, 32, 65, 37, 5, 67][49, 42, 30, 24, 63, 21, 62, 15, 11, 68][11, 68, 59, 9, 31, 1, 49, 26, 8, 28][40, 47, 53, 46, 7, 4, 25, 57, 34, 45][30, 24, 62, 42, 49, 1, 31, 11, 68, 59][11, 68, 59, 9, 31, 1, 49, 26, 8, 28][30, 24, 62, 42, 49, 1, 31, 11, 68, 59][10, 59, 1, 49, 15, 42, 30, 63, 24, 21] 
[13, 33, 50, 43, 61, 60, 17, 20, 55, 16][19, 29, 66, 3, 23, 0, 2, 14, 44, 60][48, 69, 38, 18, 39, 32, 65, 37, 5, 67][11, 68, 59, 9, 31, 1, 49, 26, 8, 28][10, 59, 1, 49, 15, 42, 30, 63, 24, 21][6, 47, 7, 53, 46, 40, 12, 27, 25, 34][38, 22, 36, 54, 66, 18, 5, 37, 65, 39][40, 47, 53, 46, 7, 4, 25, 57, 34, 45][30, 24, 62, 42, 49, 1, 31, 11, 68, 59][8, 56, 28, 10, 17, 59, 1, 31, 11, 68][10, 59, 1, 49, 15, 42, 30, 63, 24, 21][10, 59, 1, 49, 15, 42, 30, 63, 24, 21][11, 68, 59, 9, 31, 1, 49, 26, 8, 28][49, 42, 30, 24, 63, 21, 62, 15, 11, 68][41, 57, 35, 34, 51, 8, 52, 64, 58, 45] 
[8, 56, 28, 10, 17, 59, 1, 31, 11, 68][13, 33, 50, 43, 61, 60, 17, 20, 55, 16][41, 57, 35, 34, 51, 8, 52, 64, 58, 45][19, 29, 66, 3, 23, 0, 2, 14, 44, 60][38, 22, 36, 54, 66, 18, 5, 37, 65, 39][6, 47, 7, 53, 46, 40, 12, 27, 25, 34][10, 59, 1, 49, 15, 42, 30, 63, 24, 21][48, 69, 38, 18, 39, 32, 65, 37, 5, 67][11, 68, 59, 9, 31, 1, 49, 26, 8, 28][30, 24, 62, 42, 49, 1, 31, 11, 68, 59][40, 47, 53, 46, 7, 4, 25, 57, 34, 45][30, 24, 62, 42, 49, 1, 31, 11, 68, 59][30, 24, 62, 42, 49, 1, 31, 11, 68, 59][30, 24, 62, 42, 49, 1, 31, 11, 68, 59][30, 24, 62, 42, 49, 1, 31, 11, 68, 59] 
[6, 47, 7, 53, 46, 40, 12, 27, 25, 34][41, 57, 35, 34, 51, 8, 52, 64, 58, 45][8, 56, 28, 10, 17, 59, 1, 31, 11, 68][13, 33, 50, 43, 61, 60, 17, 20, 55, 16][19, 29, 66, 3, 23, 0, 2, 14, 44, 60][38, 22, 36, 54, 66, 18, 5, 37, 65, 39][49, 42, 30, 24, 63, 21, 62, 15, 11, 68][48, 69, 38, 18, 39, 32, 65, 37, 5, 67][11, 68, 59, 9, 31, 1, 49, 26, 8, 28][40, 47, 53, 46, 7, 4, 25, 57, 34, 45][38, 22, 36, 54, 66, 18, 5, 37, 65, 39][30, 24, 62, 42, 49, 1, 31, 11, 68, 59][48, 69, 38, 18, 39, 32, 65, 37, 5, 67][48, 69, 38, 18, 39, 32, 65, 37, 5, 67][10, 59, 1, 49, 15, 42, 30, 63, 24, 21] 
[8, 56, 28, 10, 17, 59, 1, 31, 11, 68][13, 33, 50, 43, 61, 60, 17, 20, 55, 16][19, 29, 66, 3, 23, 0, 2, 14, 44, 60][41, 57, 35, 34, 51, 8, 52, 64, 58, 45][6, 47, 7, 53, 46, 40, 12, 27, 25, 34][38, 22, 36, 54, 66, 18, 5, 37, 65, 39][49, 42, 30, 24, 63, 21, 62, 15, 11, 68][48, 69, 38, 18, 39, 32, 65, 37, 5, 67][11, 68, 59, 9, 31, 1, 49, 26, 8, 28][40, 47, 53, 46, 7, 4, 25, 57, 34, 45][6, 47, 7, 53, 46, 40, 12, 27, 25, 34][30, 24, 62, 42, 49, 1, 31, 11, 68, 59][13, 33, 50, 43, 61, 60, 17, 20, 55, 16][10, 59, 1, 49, 15, 42, 30, 63, 24, 21][48, 69, 38, 18, 39, 32, 65, 37, 5, 67] 
[13, 33, 50, 43, 61, 60, 17, 20, 55, 16][19, 29, 66, 3, 23, 0, 2, 14, 44, 60][8, 56, 28, 10, 17, 59, 1, 31, 11, 68][41, 57, 35, 34, 51, 8, 52, 64, 58, 45][38, 22, 36, 54, 66, 18, 5, 37, 65, 39][6, 47, 7, 53, 46, 40, 12, 27, 25, 34][49, 42, 30, 24, 63, 21, 62, 15, 11, 68][48, 69, 38, 18, 39, 32, 65, 37, 5, 67][11, 68, 59, 9, 31, 1, 49, 26, 8, 28][40, 47, 53, 46, 7, 4, 25, 57, 34, 45][6, 47, 7, 53, 46, 40, 12, 27, 25, 34][40, 47, 53, 46, 7, 4, 25, 57, 34, 45][30, 24, 62, 42, 49, 1, 31, 11, 68, 59][38, 22, 36, 54, 66, 18, 5, 37, 65, 39][10, 59, 1, 49, 15, 42, 30, 63, 24, 21] 
[48, 69, 38, 18, 39, 32, 65, 37, 5, 67][38, 22, 36, 54, 66, 18, 5, 37, 65, 39][19, 29, 66, 3, 23, 0, 2, 14, 44, 60][13, 33, 50, 43, 61, 60, 17, 20, 55, 16][8, 56, 28, 10, 17, 59, 1, 31, 11, 68][41, 57, 35, 34, 51, 8, 52, 64, 58, 45][6, 47, 7, 53, 46, 40, 12, 27, 25, 34][49, 42, 30, 24, 63, 21, 62, 15, 11, 68][11, 68, 59, 9, 31, 1, 49, 26, 8, 28][40, 47, 53, 46, 7, 4, 25, 57, 34, 45][6, 47, 7, 53, 46, 40, 12, 27, 25, 34][30, 24, 62, 42, 49, 1, 31, 11, 68, 59][10, 59, 1, 49, 15, 42, 30, 63, 24, 21][48, 69, 38, 18, 39, 32, 65, 37, 5, 67][48, 69, 38, 18, 39, 32, 65, 37, 5, 67] 
[48, 69, 38, 18, 39, 32, 65, 37, 5, 67][38, 22, 36, 54, 66, 18, 5, 37, 65, 39][19, 29, 66, 3, 23, 0, 2, 14, 44, 60][13, 33, 50, 43, 61, 60, 17, 20, 55, 16][8, 56, 28, 10, 17, 59, 1, 31, 11, 68][41, 57, 35, 34, 51, 8, 52, 64, 58, 45][6, 47, 7, 53, 46, 40, 12, 27, 25, 34][49, 42, 30, 24, 63, 21, 62, 15, 11, 68][11, 68, 59, 9, 31, 1, 49, 26, 8, 28][40, 47, 53, 46, 7, 4, 25, 57, 34, 45][6, 47, 7, 53, 46, 40, 12, 27, 25, 34][30, 24, 62, 42, 49, 1, 31, 11, 68, 59][10, 59, 1, 49, 15, 42, 30, 63, 24, 21][48, 69, 38, 18, 39, 32, 65, 37, 5, 67][48, 69, 38, 18, 39, 32, 65, 37, 5, 67] 
[8, 56, 28, 10, 17, 59, 1, 31, 11, 68][13, 33, 50, 43, 61, 60, 17, 20, 55, 16][41, 57, 35, 34, 51, 8, 52, 64, 58, 45][6, 47, 7, 53, 46, 40, 12, 27, 25, 34][19, 29, 66, 3, 23, 0, 2, 14, 44, 60][38, 22, 36, 54, 66, 18, 5, 37, 65, 39][49, 42, 30, 24, 63, 21, 62, 15, 11, 68][48, 69, 38, 18, 39, 32, 65, 37, 5, 67][11, 68, 59, 9, 31, 1, 49, 26, 8, 28][40, 47, 53, 46, 7, 4, 25, 57, 34, 45][48, 69, 38, 18, 39, 32, 65, 37, 5, 67][30, 24, 62, 42, 49, 1, 31, 11, 68, 59][10, 59, 1, 49, 15, 42, 30, 63, 24, 21][6, 47, 7, 53, 46, 40, 12, 27, 25, 34][30, 24, 62, 42, 49, 1, 31, 11, 68, 59] 
[41, 57, 35, 34, 51, 8, 52, 64, 58, 45][8, 56, 28, 10, 17, 59, 1, 31, 11, 68][6, 47, 7, 53, 46, 40, 12, 27, 25, 34][13, 33, 50, 43, 61, 60, 17, 20, 55, 16][19, 29, 66, 3, 23, 0, 2, 14, 44, 60][38, 22, 36, 54, 66, 18, 5, 37, 65, 39][49, 42, 30, 24, 63, 21, 62, 15, 11, 68][48, 69, 38, 18, 39, 32, 65, 37, 5, 67][11, 68, 59, 9, 31, 1, 49, 26, 8, 28][40, 47, 53, 46, 7, 4, 25, 57, 34, 45][30, 24, 62, 42, 49, 1, 31, 11, 68, 59][13, 33, 50, 43, 61, 60, 17, 20, 55, 16][10, 59, 1, 49, 15, 42, 30, 63, 24, 21][6, 47, 7, 53, 46, 40, 12, 27, 25, 34][40, 47, 53, 46, 7, 4, 25, 57, 34, 45] 
