205220.0 8940.736419382332 0.3577852004110997 0.025693730729701953 175.0 102.0 1.0557053009883197 
178050.97134204325 10436.390490598089 0.34879239465570405 0.07836587872559093 162.0 102.0 0.9712986643932936 
114320.0 6644.567766027909 0.15930451327987627 0.12268055085269564 129.0 92.0 2.2846153846153845 
98434.49361838594 18109.20142267314 0.05267190046500676 7.906669930311703E-49 103.0 208.0 4.794302443199502 
67184.32378382189 15388.398085549754 0.19527235354573486 0.18820657759506682 67.0 113.0 2.646361556064073 
105403.84252964133 12069.441413889494 0.12139231636986035 2.467802660560258E-84 113.0 135.0 2.8678183229813663 
71810.0 15133.867298846455 0.18948804622693258 0.08414647307752476 66.0 124.0 2.10236646382691 
103951.3818887136 17618.607611383926 0.05331457613800205 3.9658070727887824E-157 114.0 247.0 5.657819225251076 
77210.0 13976.003957659788 0.22931654676258992 0.05331449126413155 66.0 100.0 3.186363636363636 
130923.47843447278 10868.38836197388 0.3128185290029722 0.0 125.0 136.0 3.232667004048583 
92330.05552168631 18131.72201804315 0.02569373168356419 2.6056673904386537E-17 98.0 236.0 5.308114700727497 
86548.76916399623 18880.92844313344 0.08478931150370776 4.085634005081104E-14 91.0 194.0 4.934083263246426 
113067.10842501772 16730.477346289532 0.15287770368126014 0.0 126.0 257.0 4.8720531854147975 
160849.61752879346 12980.352324890027 0.19719938335046247 3.9658070727887824E-157 167.0 161.0 3.0775202156334234 
80083.31722584074 15098.143834012093 0.14838129496402874 0.03404419321685508 101.0 169.0 3.1352484472049693 
50735.0 11240.16576926147 0.2055406042411015 0.4052665382145151 54.0 79.0 1.08 
65310.0 10625.643032878554 0.2896893033499453 0.3346308898137114 62.0 77.0 0.0 
99309.034530764 11760.526120021977 0.161233358461086 0.015484061911813512 105.0 131.0 2.876279239766082 
83498.35327839946 19601.16661929799 0.1059866392600369 9.268481168779907E-18 100.0 234.0 5.0127091377091375 
122688.84622905623 13381.163575073007 0.09701107598963701 1.3034964642658408E-5 134.0 193.0 4.5468253968253975 
179782.5 6082.881086939062 0.40981500513874614 5.581387760325064E-153 205.0 122.0 4.492857142857143 
98680.00097121505 14824.042865393336 0.09960355415089893 3.382668424145069E-145 98.0 180.0 4.569715447154472 
168078.51247331544 9068.21310004551 0.3950022475832686 0.025048169556840076 168.0 94.0 1.957070707070707 
117805.16870745103 12244.315092933939 0.2460174688758828 3.382668424145069E-145 131.0 136.0 4.1310160427807485 
93035.0 10677.325025259528 0.22094801470471773 0.03018625561978163 95.0 91.0 0.38222222222222224 
94818.46496074267 14157.133822248137 0.1169050721437877 0.012845215157353896 110.0 176.0 3.7890297129427566 
120027.99830184337 15024.518748591128 0.032117164164630535 5.581387760325064E-153 126.0 220.0 5.282847245926094 
59220.0 11458.174016848458 0.3128167147066552 0.25693730616296556 59.0 76.0 0.0 
109038.9226754126 17856.512542146134 0.05074512007760677 6.155342540747661E-45 110.0 218.0 5.017516728913788 
79165.0 10641.105978963153 0.33656575977863457 0.13424281219120493 79.0 72.0 1.1333333333333333 
90144.07230948994 10154.354265389939 0.2312435761753927 0.011562178764878963 111.0 110.0 3.131467181467182 
45285.0 13923.053950299502 0.24858684480986637 0.361639260020555 44.0 80.0 0.425 
174992.1393974205 7584.754080243926 0.4136690647482015 2.633407368196936E-141 174.0 93.0 2.5972222222222223 
102949.03296950282 12741.006414017409 0.12462094733791826 3.358172256579543E-5 142.0 214.0 4.948309178743961 
182100.0 11114.814734063204 0.4939636210377079 0.0 206.0 128.0 4.424932523616734 
137261.56147536187 12585.233969346707 0.14838129600269506 7.169412665799697E-157 151.0 197.0 4.984848484848484 
104390.0 9157.872274410309 0.2948213684870684 0.18756010624321182 112.0 85.0 1.0512820512820513 
113644.82115994976 12649.441770381158 0.15933380463259453 2.633407368196936E-141 120.0 159.0 3.7507407407407407 
94990.0 8558.513258568284 0.33144912641324914 0.2723535457343166 85.0 90.0 2.354066985645933 
101503.0386126974 16507.219590931756 0.05397523434596667 3.087380806166067E-153 115.0 217.0 5.469139979968057 
121075.0 10151.85421994885 0.40981954320882946 0.09698830531008687 115.0 69.0 0.0 
95701.16923943933 18671.327824916614 0.07130010275372564 8.828426067020342E-134 101.0 232.0 4.875560759994722 
110241.2435510123 13750.607242948736 0.2029743655872877 0.007065610834530612 101.0 121.0 1.7625231910946197 
109239.49745031107 10365.46509258186 0.17921377170239533 7.169412665799697E-157 146.0 162.0 4.291729323308271 
86995.0 10318.757488063538 0.29032455290928283 0.10147917999209222 103.0 108.0 1.65 
88525.05734159371 12707.902351804603 0.238316281831489 6.812865541064641E-4 99.0 126.0 3.5684702093397744 
156150.0 5883.091076360331 0.38090955806783144 0.06551901336073998 164.0 90.0 3.3857142857142857 
69985.0 10847.840618460821 0.32179929229155674 0.120103752662372 81.0 70.0 0.0 
111265.0 7541.048024928187 0.18435367182741794 0.15542710340404464 125.0 88.0 2.1584249084249088 
142325.0 8714.467877346591 0.44514388073742134 0.05395683902619541 136.0 76.0 1.1142857142857143 
76976.67882997483 18687.155692211003 0.14131551901336076 0.03918293936279548 70.0 173.0 4.291610478183368 
82648.4919668678 12618.869592523464 0.17664439876670093 0.015416238437821172 108.0 144.0 2.8146198830409355 
107290.0 6877.014968358977 0.14516957862281601 0.022482014388489208 122.0 96.0 2.563529411764706 
139528.06419533966 14914.3114803131 0.0777235353731774 3.382668424145069E-145 138.0 216.0 5.163093477236155 
75200.0 9845.448270851497 0.20683337722885273 0.21965317919075145 76.0 90.0 1.2333333333333334 
131712.59302036173 6664.072260003217 0.4027492291880781 1.5274139481387072E-21 158.0 86.0 3.3252747252747255 
89358.87049401885 20497.6585501666 0.0590955806783145 2.3850870871894226E-37 84.0 230.0 5.0568181818181825 
62765.0 11481.940315031658 0.16122816032887974 0.236382322713258 73.0 112.0 2.2044444444444444 
91856.39372218723 15036.947613664295 0.1175444449222677 0.00899165061035057 90.0 142.0 3.9688588850174216 
55410.0 11119.494148267166 0.2922540581418411 0.30381582371882276 67.0 75.0 1.08 
156820.0 10205.718310876713 0.4194410780211504 0.08992657236720944 155.0 84.0 0.0 
153521.03130659118 12046.982356102153 0.21133093525212257 5.581387760325064E-153 154.0 154.0 4.301948051948052 
239315.0 8682.04409449001 0.3956798226007424 0.0032117163412603944 201.0 114.0 1.7594090046920234 
125607.86199835442 11880.82332827106 0.1111224983906556 1.4566863497966326E-141 131.0 208.0 4.710972596585805 
38570.0 10697.876572904637 0.17279033915730413 0.5678314491263544 48.0 83.0 0.7575757575757576 
159374.55752212388 8620.76024941268 0.4322941309645824 0.04688544787621596 152.0 81.0 0.0 
148445.64253268024 12846.874780419146 0.12140287713611406 1.2790750310827798E-169 142.0 191.0 4.5962861030595015 
116750.35304078013 15377.276226049627 0.0899736816365864 6.935365309095998E-6 120.0 227.0 3.786004421110804 
192405.0 8574.669194058753 0.4213690154400014 0.027620513003305036 170.0 91.0 0.5238095238095237 
82624.4408762904 16855.580828686445 0.17214857346162707 0.01348945616421809 108.0 184.0 3.7934210526315786 
188110.0 8695.145911623413 0.39440099394051564 0.014782227858949481 189.0 110.0 1.904328523862375 
42690.0 9701.667377494856 0.20169561955452997 0.5434219834681843 46.0 76.0 1.0833333333333333 
145980.0 6369.861390143849 0.301901336073987 0.005781089414568169 178.0 97.0 2.256862745098039 
125425.0 7544.101411528439 0.4098140975246227 0.04367373153500321 142.0 79.0 2.2183622828784118 
63675.0 14806.32482917682 0.32117163412127436 0.2183967112024666 59.0 98.0 2.1805555555555554 
138435.0 9057.436979184484 0.23122657932411117 0.1014771997430957 125.0 89.0 0.0 
85054.56666127473 15074.658835391994 0.09249743574606782 1.9619960798185063E-25 92.0 151.0 3.6727346727346726 
202335.95218399423 9633.693778980725 0.40980955927383167 0.0032117163412603944 177.0 113.0 2.052910052910053 
72415.0 8640.184235998586 0.16123525453612486 0.2363569088819473 79.0 87.0 2.3600000000000003 
129073.66090082962 14198.476847896727 0.08029447622744085 2.427798441521368E-33 133.0 210.0 4.611162790697675 
135433.5618184301 14821.526585399293 0.0726222490216968 2.0501076361413147E-137 135.0 226.0 5.435383244206774 
145204.44977240034 9829.012517904732 0.19784172661840824 6.424511719462675E-21 170.0 133.0 2.4147286821705425 
140130.0 6203.945781797073 0.18563588383676582 0.06808838823547816 167.0 108.0 2.9761904761904763 
117695.29387837705 8337.330922443656 0.193335176448709 4.875372101070481E-10 133.0 104.0 2.5491941391941393 
80108.90526734763 18093.216133711976 0.1258992808299068 0.03918293936279548 76.0 187.0 4.660387984981226 
217843.35312430444 9102.24997682894 0.377052858147623 0.0032117167121690593 187.0 121.0 2.0589250192830755 
230606.15933069814 9035.21509076848 0.36741894677960757 0.0032117167121690593 199.0 121.0 2.203853449136468 
225365.0 8406.936314538734 0.3789825282631038 0.0276207605344296 190.0 99.0 1.0557053009883197 
135185.0 8531.103979912612 0.38409536947900635 0.13102169176555029 122.0 80.0 1.2857142857142856 
56400.0 7988.829267540634 0.11241799293843208 0.37190256052796083 70.0 99.0 3.611111111111111 
234192.69450024568 9020.384652104678 0.35650067924512746 0.0032146042361285584 201.0 128.0 2.3106777302115815 
74019.99999999999 14265.547103634954 0.1644398766700925 0.08029290853031859 76.0 141.0 3.2935208866155157 
140614.3107047791 11680.563563460031 0.12139850464797443 9.95759911697944E-166 135.0 158.0 4.1191573205120005 
48970.0 8689.192452393778 0.07065775950668038 0.4040339157245632 60.0 93.0 1.2333333333333334 
46700.0 10924.683747982031 0.3083144561042029 0.3025107582855984 47.0 63.0 0.0 
76780.0 7040.037069875401 0.1740750256937307 0.2614337101747174 101.0 111.0 4.406944444444444 
150825.0 8317.777330067489 0.41750035441939565 0.0687242947193831 134.0 80.0 1.2857142857142856 
162825.0 9380.955084535119 0.24023580198384548 0.025051387048112633 131.0 92.0 1.541019955654102 
81403.47511368943 21658.249414960763 0.07579502046587337 5.77092545145409E-26 78.0 193.0 4.561961722488038 
64110.0 7784.545182521343 0.18370893706174612 0.32630204671935453 79.0 99.0 3.6666666666666665 
86436.92112977144 22750.107193204814 0.03918293936282406 1.9211843712461607E-80 86.0 223.0 4.955952380952381 
82050.0 8972.13392185824 0.2543679321044108 0.07001541508328188 96.0 83.0 2.425 
128025.0 5932.90884058563 0.36806269270282527 0.023124357656682745 156.0 85.0 3.4380952380952383 
88245.0 7785.462455481265 0.2338129496402932 0.09570914696798598 102.0 84.0 2.3133333333333335 
48180.0 14638.861705010264 0.25822199383350464 0.34429599177800607 47.0 88.0 1.0694444444444444 
162810.0 5732.5698577095845 0.3899023638232271 0.041752312435765666 173.0 89.0 3.4464285714285716 
91630.0 7079.820496425959 0.26016700858955966 0.2113037928249745 112.0 103.0 3.611111111111111 
101480.0 7396.193315809532 0.2948029688643765 0.04046242774566474 126.0 81.0 2.15625 
196310.0 5915.379460393396 0.375772791916489 0.025048169970133753 177.0 98.0 2.308300395256917 
68555.0 7517.926126223769 0.1772867420349435 0.29290853031860226 86.0 102.0 3.6315789473684212 
60990.0 7508.9356373893925 0.13746459332528277 0.3237370418637477 78.0 102.0 3.611111111111111 
35905.0 11469.40559440559 0.10855295998965153 0.48940270528517993 38.0 74.0 0.0 
