86575.0 12213.30504369309 0.3230683001080556 0.05973025048169557 107.0 107.0 1.7511174682639012 
144524.94575772426 13868.838712630239 0.23188666241804112 0.0 158.0 226.0 4.238674793851166 
100832.70795836906 14833.746772353814 0.09827860781893571 5.299317588602069E-11 123.0 196.0 4.833958357748349 
87621.72287340507 15932.018314411636 0.050747015929783014 2.3805003308959195E-34 117.0 216.0 4.927629134150873 
127709.71859826845 14728.48874530994 0.11499520448612077 0.0 137.0 236.0 4.622514506769826 
91532.42635678744 10501.23984736941 0.30572883261020095 0.04174694931439331 90.0 89.0 2.075113871635611 
94636.18732266793 14301.274279264433 0.16700388656869716 0.0012845215157353885 92.0 124.0 2.640186851018935 
102677.27405556562 16989.029140377777 0.06551901485514754 0.0 103.0 193.0 5.185061315496098 
90953.10255151463 13373.054366993641 0.12332990750256936 5.390881196616552E-22 107.0 146.0 2.5863997113997117 
138595.12809916976 12209.122411993267 0.18177085156625708 0.01348747591522158 128.0 159.0 3.1651300236406614 
134475.0 10510.212995308819 0.30382836617528314 0.04239465511143764 120.0 94.0 0.717948717948718 
85458.64258483748 20665.475987370766 0.04432168550873587 2.2728374534137575E-107 87.0 219.0 5.133477633477634 
85186.9476674282 15584.815456344515 0.06551901336073998 2.3805003308959195E-34 102.0 187.0 4.356695156695157 
114798.26195739307 10653.401086338288 0.35712594509106504 0.010334747019985227 115.0 95.0 1.3749369387549186 
114218.56220014703 17839.553422980614 0.09699383350475012 0.0 110.0 227.0 4.554549114331723 
90938.57178678605 19847.621164398533 0.04689732847990965 3.3436497923947684E-30 92.0 237.0 5.3936170212765955 
44330.0 12765.27571764869 0.2261048303577718 0.4656988697089878 45.0 95.0 1.1769230769230767 
141878.58546084366 11635.093013312691 0.23766692445012702 0.0 156.0 188.0 4.068462027893719 
174420.0 10346.015709341915 0.4252297580718377 0.02504858210871435 153.0 87.0 0.7670454545454546 
90283.1446024901 16437.18348522913 0.09570221609665198 2.603031363379327E-26 100.0 193.0 4.6171464330413015 
111470.89138130815 14950.597781726387 0.13874078276615026 0.0 122.0 217.0 4.662037037037037 
157667.42656671695 11807.780679593741 0.23572083703804916 0.007707129094412331 141.0 128.0 1.734887218045113 
106899.44290734649 12485.30399148219 0.06489242957409465 1.841472001842558E-271 116.0 164.0 5.108169934640523 
159573.29225894014 13315.407493726947 0.16893429929879517 0.0 166.0 208.0 4.646557971014493 
83055.6328520691 12432.00266593139 0.2755602289431873 0.029546552683534424 88.0 88.0 1.2992286751361162 
97611.38903411999 15468.083411277912 0.08354661795708256 5.8574841115743475E-6 118.0 199.0 4.440016708437761 
160645.8442969172 10586.090375029926 0.3185740477675548 0.0025690430844639528 176.0 107.0 1.9062278337352816 
140920.57549792976 15414.677361911974 0.07001541623843782 0.0 139.0 218.0 4.659895929694727 
89059.99999999999 7355.839675050796 0.4284462599087281 0.0655105983835656 110.0 74.0 3.1588235294117646 
82332.31543564261 9419.991319422978 0.21902363029806224 0.09441233145954422 98.0 89.0 1.2994652406417113 
124494.15953361357 13996.332480576955 0.15223535457348406 2.911267688002261E-73 120.0 151.0 3.266971916971917 
191979.99999999997 5884.583550635637 0.4239465568704905 1.1367005394549303E-17 195.0 88.0 3.1195286195286194 
50155.0 9876.58851881687 0.22548253394171544 0.45600555058499725 52.0 76.0 1.0930232558139534 
107690.88786612099 18388.670807448725 0.09313977389516959 0.0 108.0 224.0 4.835171471041036 
100891.22528348424 11092.021820000662 0.3064091213983389 0.028279520791799854 124.0 102.0 0.4099444958371878 
96380.0 10357.764524198845 0.2504936595727506 0.047529111310456174 89.0 76.0 0.0 
144250.0 10163.182593856656 0.5164026499692073 0.019959507208436287 143.0 79.0 0.0 
63119.99999999999 7564.700817556344 0.10277492291936592 0.368062692702289 83.0 77.0 2.0434782608695654 
103825.29208550949 8604.38399404034 0.4541333894481889 8.41605823516249E-6 122.0 85.0 3.1588235294117646 
125117.4224126013 8228.464284375581 0.16766289475977408 1.980132393824319E-6 149.0 146.0 4.021488469601677 
114628.34975665505 13814.962966065652 0.2774748810046397 0.0 144.0 177.0 4.021039546716004 
117981.79105012806 14293.656690178705 0.1124260766659266 0.0 143.0 231.0 4.871592789598109 
97269.53674485843 12831.60342874101 0.09955528563522982 0.006422607579176557 102.0 169.0 3.747863247863248 
64905.0 10926.737967914436 0.1946300102779375 0.3847636176764917 72.0 77.0 0.0 
122755.0 10274.813057449177 0.3950100860682236 0.15606936416184972 128.0 79.0 0.0 
53185.0 10260.899345703214 0.2158471409158584 0.46563904945506535 53.0 81.0 1.121212121212121 
86262.90789424302 18324.450104391235 0.0378986702640697 3.889497620245065E-9 90.0 221.0 4.90961135300758 
78238.5092741882 17323.298168908743 0.09313977386337366 0.014131551901336073 85.0 164.0 3.4194828469022016 
96530.73218997369 7884.192329692156 0.2010534429599178 0.041752312435765666 115.0 105.0 3.4145021645021645 
111822.25637444049 19310.247716216156 0.10470096357411164 0.0 113.0 217.0 4.380273878212409 
78180.0 11659.961099824548 0.34814138470330025 0.11819033440871791 76.0 65.0 0.0 
81998.43285773865 17673.225559469087 0.09570914696813977 3.1913573627349114E-244 90.0 207.0 5.086263330165769 
72910.0 11475.255793164031 0.1316764099474708 0.16056518946692358 77.0 86.0 0.7095543137522149 
102894.09307557733 12919.635599385394 0.09896187041458746 4.1255187427267107E-7 124.0 184.0 4.401057924847916 
59505.0 7681.701970734007 0.11630447912520521 0.363519588953115 80.0 79.0 2.0476190476190474 
120655.7592426863 14510.351018461346 0.11562178828365878 6.170300135512689E-85 125.0 172.0 3.4542363433667784 
136046.49274839673 14800.657731056692 0.1419486211196196 0.0 145.0 201.0 4.721039546716003 
61600.0 10842.049080565608 0.23445529290885841 0.35457348406920214 57.0 72.0 0.0 
150056.78668362723 11618.279383019199 0.23700684423866777 0.0 164.0 195.0 4.255647700408339 
195301.61943640513 10971.857775250493 0.38152673625467787 0.0032113042035987545 175.0 105.0 1.8300171526586622 
38170.0 12337.618938055728 0.24989314851349562 0.5138090188460297 45.0 70.0 0.0 
165940.0 7172.95586706351 0.4303699897224669 2.5852233593529686E-32 176.0 82.0 2.0444444444444443 
58760.0 11341.059602649008 0.10727132582835056 0.29676258992747484 52.0 75.0 0.27692307692307694 
146915.0 7659.472509567098 0.4194093965700009 0.03917790648428162 134.0 77.0 2.2041343669250644 
179150.9519086245 7700.741622261278 0.40210276069748974 9.870276657111825E-13 175.0 98.0 2.6251248751248752 
76140.00000000001 7682.590387330772 0.41366980734157516 0.1348747591522158 94.0 74.0 3.1702898550724634 
117930.0 9463.408000393792 0.240232093923704 0.027619854107157293 117.0 81.0 1.0571428571428572 
35650.0 10469.644483476452 0.1862795477908524 0.5395683453225973 42.0 77.0 1.1578947368421053 
110638.69902506699 12068.313615716179 0.10923169092655288 6.888227943812724E-10 137.0 181.0 5.003684361343936 
80187.46831062624 15090.044261684552 0.09121274409044193 0.014131551901336073 87.0 149.0 3.0960273947651227 
168700.0 9587.792327345505 0.29868837906710644 0.007065775855277598 178.0 104.0 2.018939393939394 
93829.99999999999 6958.428014668661 0.47597636205389177 0.060380266218527885 121.0 74.0 3.15 
187490.00000000003 7105.905788809484 0.36871386321424604 5.362485454258205E-6 184.0 119.0 3.753785220627326 
98080.59285792826 18970.371115077825 0.12525693730729703 0.0 98.0 198.0 4.289049919484702 
101525.06038097099 19339.370403958474 0.07258478931140804 0.0 97.0 217.0 4.7412640901771335 
147326.45955682118 13621.729209122897 0.1284686533305344 0.0 150.0 196.0 4.251360182370821 
68620.0 12866.272098315623 0.37127440904419323 0.09378211716341213 91.0 95.0 1.8789788642729819 
71765.0 8181.413102057926 0.32566556168776745 0.15416238437821164 88.0 78.0 2.090909090909091 
119544.49061662209 7156.8402351271625 0.18756423432682426 1.4335859534344314E-267 125.0 101.0 2.9926470588235294 
117229.02795041092 16900.640910313923 0.15608941418293937 0.0 105.0 156.0 3.9855072463768115 
156675.0 9035.807917361522 0.3218016008336264 0.006481189943863862 140.0 101.0 1.7747962631683563 
47740.0 12126.897422066453 0.20940242026021597 0.4560623104322517 42.0 80.0 0.6751633986928105 
140010.0 7137.356071892107 0.35007708167972634 0.0963514895368724 145.0 83.0 2.271062271062271 
129305.0 10146.844611345337 0.40467377947380667 0.012204197651167963 154.0 109.0 1.638157894736842 
172083.00302479294 10993.644427319543 0.41816117756330456 0.003211716341212744 155.0 93.0 1.1488636363636364 
122720.0 6226.09977569007 0.21646968139773895 0.030832476875642344 132.0 89.0 3.4745341614906833 
174920.0 6852.307205782696 0.2556357048413746 0.015415330685922322 176.0 88.0 2.169811320754717 
171490.0 6345.363339194235 0.4284429599177801 7.504211492759625E-21 167.0 96.0 3.665799875182026 
156150.0 5871.3622652709655 0.38090955806783144 0.06551901336073998 169.0 84.0 3.1454545454545455 
85264.99999999999 7696.0522526495415 0.4149537512847179 0.08928571428561353 107.0 74.0 3.145780051150895 
135060.0 7402.480726303516 0.35071942446043164 0.10984069886947583 137.0 85.0 2.2857142857142856 
109406.68849452907 8275.515054065407 0.4933196300102407 1.2797324427195747E-13 129.0 98.0 3.7464912280701754 
164630.0 10161.52811720928 0.40210523563820927 0.052027163929311164 146.0 82.0 0.0 
132202.67949304212 14055.469775984657 0.08607944331126656 0.0 137.0 211.0 4.382233198243837 
99085.0 6913.387001234807 0.4374251229052817 0.04174694926140013 125.0 75.0 3.1328976034858385 
54334.99999999999 7882.4779339653505 0.13038990804495665 0.3487911571590607 68.0 73.0 2.0625 
55640.0 11820.347722873175 0.3372250176737223 0.23572776790953695 63.0 72.0 0.0 
81305.83190368745 21068.93124252048 0.05716855087358685 0.0 80.0 203.0 4.669389412590582 
182687.98011990718 5801.300951712986 0.3699920299577699 7.684010377561556E-9 199.0 112.0 4.142857142857143 
159779.99999999997 6887.993184492219 0.4104207958876825 0.045600513808606295 156.0 80.0 2.052631578947368 
76414.32129046571 14931.624243003298 0.16572398489267404 0.05202848987079444 81.0 135.0 2.2895604395604394 
113160.0 6600.30271224103 0.3854059609456245 0.04946043165467624 142.0 86.0 3.647461234417756 
73542.8068295281 14956.36237594536 0.2498715304136716 0.0738694757207095 73.0 112.0 0.9619565217391304 
197810.0 8932.844502644857 0.41366658925679267 0.003211716341212744 173.0 94.0 1.8425171526586621 
67180.0 8106.124517323116 0.2967625899280576 0.14067317574511815 94.0 88.0 2.6619047619047618 
162810.0 5730.057015660592 0.38990236382322707 0.0417523124357658 179.0 98.0 3.5 
197369.99999999997 5718.19119975921 0.4136682393582897 6.889112865182688E-10 201.0 95.0 4.045454545454546 
31575.0 11319.247008079703 0.14709009010793017 0.5986107893206493 32.0 77.0 0.0 
152875.0 7199.002777073359 0.37962487153128366 0.05395683453246393 156.0 89.0 2.271062271062271 
60625.0 14241.418189529384 0.13297000651276442 0.2845215204305554 49.0 104.0 1.2385714285714287 
44430.0 8390.69668316568 0.15608941418303066 0.39247173689536546 59.0 72.0 2.090909090909091 
144455.0 6922.360322291707 0.3108720274273278 0.017984043718281415 167.0 86.0 2.2034313725490193 
