85899.5742891129 12226.897237490846 0.1490242957715977 0.0 94.0 136.0 2.9047619047619047 
118410.0 7402.774191140229 0.1907514450867052 0.12909441233140656 113.0 77.0 0.0 
91993.17416704756 9953.065360306644 0.08028259473346179 0.0 112.0 133.0 1.7066244566244566 
94990.23764819893 9398.336641658681 0.13808606294155426 0.0 101.0 113.0 2.1245997536945813 
86515.0 7735.906613651638 0.26396917148362237 0.24149004495825305 102.0 74.0 0.0 
130380.88123117121 9767.362163694339 0.18368657675016056 0.0 145.0 116.0 1.2204004098010757 
67235.0 9265.923331886584 0.325626204238921 0.262684649967887 81.0 106.0 1.8333333333333335 
131750.0 6369.528684125261 0.34938985228002567 0.024405908798972382 140.0 75.0 1.1052631578947367 
58920.0 8766.543472425823 0.19012683928094845 0.3340179989761778 61.0 77.0 0.0 
104057.5 10180.926906277791 0.12395632626846499 0.0 105.0 121.0 2.459058383476988 
112316.9921926313 10615.702437534608 0.16377649325626203 0.0 116.0 103.0 1.2536231884057971 
101235.0 6278.819063050802 0.16056518946692358 0.10468850353243417 123.0 82.0 0.0 
50780.0 9476.187075024285 0.13808606294155426 0.37572254335260113 49.0 71.0 0.0 
53285.0 8574.198865107955 0.15414258188824662 0.35131663455362877 66.0 81.0 0.2205128205128205 
156560.0 5841.658037858985 0.3737957610789981 0.006422607578676943 163.0 86.0 1.7627450980392156 
90485.0 7660.754890878147 0.23699421965317918 0.0 127.0 109.0 2.505714285714286 
96870.0 8294.369344960623 0.22928709055876687 0.009633911368015413 122.0 97.0 1.1980392156862745 
96453.34141678533 11202.311768366997 0.147077713551702 0.0 83.0 101.0 1.740252850597678 
127957.25961457327 9225.06392951122 0.10982658959537572 0.0 139.0 155.0 2.539690170940171 
99310.0 9252.382055600194 0.1676300578034682 0.0019267822736030828 119.0 105.0 1.1095571095571095 
88820.0 9753.158656486814 0.17597944765574824 0.009633911368015413 87.0 85.0 1.2 
143365.0 6832.794869171805 0.38856775850995506 0.0 159.0 92.0 0.975 
87914.01260956026 12724.075328534687 0.11432241490044959 0.0 92.0 148.0 2.4110394000860533 
137950.0 6047.247662853964 0.38985228002569045 0.006422607578676943 154.0 85.0 1.2666666666666666 
115827.00859903407 8544.70398389096 0.09569685292228645 0.0 115.0 123.0 2.7068560370447163 
140970.0 5744.659541921368 0.45536287732819525 0.0 166.0 78.0 1.0625 
190090.0 7357.764447448461 0.3673731535003211 0.014129736673089274 173.0 85.0 0.0 
197760.0 5705.771344543668 0.3642045845950643 0.006427475065473885 183.0 87.0 1.4902777777777778 
122350.0 8814.476421954667 0.15736675729585003 0.008349389852280027 117.0 98.0 1.0606060606060606 
101370.73521031867 9681.031380598599 0.2363519588953115 0.0 124.0 122.0 1.7305555555555556 
145365.0 6212.082774062855 0.15480068260314844 0.006427475065473885 162.0 88.0 0.37092391304347827 
75495.0 6914.117240164702 0.16570327552986513 0.2800256904303147 93.0 98.0 2.185185185185185 
86085.0 10114.933156020534 0.17726396917148363 0.006422607578676943 103.0 120.0 2.0831501831501833 
120755.0 7038.254879853431 0.22350674373795762 0.03982016698779704 118.0 73.0 0.0 
109535.97564211629 9788.430184237313 0.09569685292228645 0.0 126.0 148.0 3.2452991452991453 
147665.0 7266.318901719797 0.36801541425818884 0.035324341682723186 139.0 71.0 0.0 
84270.0 7843.380958769487 0.1907514450867052 0.11560693641618497 101.0 79.0 0.0 
111089.95689125644 8541.229010829236 0.3737957610789981 0.015414258188824663 134.0 97.0 1.0517676767676767 
108760.0 7589.467712369636 0.21644187540141296 0.20809248554913296 110.0 76.0 0.0 
134650.0 5730.372994284966 0.19588953114964675 0.0 165.0 103.0 1.8385836385836385 
203240.0 6465.9826491911335 0.3590698869468238 0.0 185.0 101.0 1.1527777777777777 
90365.0 11596.86469835163 0.15414258188824662 0.0 88.0 111.0 2.7142857142857144 
75997.81955905899 9047.083779014434 0.1612281576686223 0.2254624834330137 89.0 105.0 2.011111111111111 
69550.0 7159.209674919023 0.18240205523442518 0.262684649967887 77.0 84.0 2.1550000000000002 
74017.5 9717.382852999961 0.17597944765574824 0.2254335260115607 86.0 104.0 2.0822649572649574 
194999.9218796167 7860.236655406206 0.3378291586384072 0.002569043031470777 182.0 98.0 0.8015607580824973 
139770.0 7556.080442591497 0.45536287732819525 0.0 165.0 96.0 1.38125 
164200.0 7557.956507594903 0.3699421965317919 0.024405908798972382 152.0 75.0 0.0 
119029.99999999999 9724.692047978235 0.08863198458574181 0.0 137.0 160.0 2.9682673403864106 
79965.0 6381.174289702361 0.13230571612074501 0.2691072575465639 92.0 92.0 1.2111111111111112 
134980.00000000003 7659.822424868536 0.1676300578034682 0.0032113037893384713 134.0 107.0 1.9871794871794872 
125161.15752937132 9014.651789698642 0.09120102761721259 0.0 133.0 146.0 2.9237829803047197 
80735.0 9906.077348066297 0.22992935131663456 0.023763648041104687 87.0 79.0 0.0 
64125.0 7763.786076563156 0.35581245985870263 0.2800256904303147 70.0 73.0 1.0555555555555556 
63105.0 10016.687833163442 0.30057803468208094 0.2825947334617855 62.0 83.0 0.0 
174920.0 6789.991416309012 0.2556197816313423 0.015414258188824663 174.0 79.0 0.0 
61365.0 8895.209580838322 0.1245985870263327 0.28644829800899163 56.0 69.0 0.0 
83225.90714594151 12566.225088386644 0.11496467565831728 0.0 89.0 132.0 1.9929824561403509 
83465.19402674529 14627.05129562091 0.11883350266412403 0.0 87.0 140.0 1.8046453546453545 
102515.53219675484 11740.310251417017 0.10597302504816955 0.0 94.0 142.0 2.124493927125506 
112580.0 6623.423355844848 0.170199100834939 0.006422607578676943 128.0 89.0 0.0 
66175.0 7104.802175729405 0.1811175337186898 0.2691072575465639 81.0 81.0 1.338095238095238 
82010.0 8244.724872810824 0.3346178548490687 0.2845215157353886 79.0 77.0 0.0 
83580.0 10521.032684657564 0.19974309569685292 0.026332691072575465 75.0 78.0 0.0 
93045.0 12051.822881175065 0.1245985870263327 0.0 94.0 131.0 3.0285714285714285 
158183.3576910879 7444.437242610056 0.37962478853269366 5.77572614451817E-7 141.0 83.0 0.5048076923076923 
104285.0 6487.473156421368 0.20423892100192678 0.029543994861913937 127.0 86.0 1.21875 
71050.0 9552.263767730336 0.24405908798972384 0.21901091843288376 73.0 80.0 0.20050125313283207 
154685.0 7285.10654318199 0.37897872702020297 0.004496402803507395 138.0 78.0 0.0 
73340.0 6487.403906951978 0.07064868336544637 0.3262684649967887 90.0 76.0 1.08 
100361.2490470765 12462.824199278268 0.10020554819245053 0.0 101.0 138.0 1.7885262885262887 
70570.0 11493.473688652384 0.1708413615928067 0.17790622992935132 76.0 104.0 0.705960705960706 
181870.0 7529.471169819453 0.3519588953114965 0.0 165.0 92.0 0.4444444444444444 
88700.78170011123 14597.539790312872 0.09826589595375723 0.0 86.0 142.0 3.2333333333333334 
170600.0 7135.554794520548 0.25369299935773926 0.015414258188824663 175.0 85.0 0.0 
81434.56592152147 13903.906641018451 0.11689145793192036 0.0 89.0 141.0 1.8621452621452619 
68485.0 11809.828627876519 0.14193962748876043 0.17790622992935132 69.0 99.0 1.0141317016317015 
95203.96993438073 13208.385148427367 0.07771355170199101 0.0 95.0 155.0 3.2191697191697193 
129045.0 6992.0255538428155 0.20873474630700065 0.01991008349389852 133.0 79.0 0.0 
114270.0 5118.718301197253 0.2010276172125883 0.0 146.0 91.0 2.2779973649538867 
82925.0 6497.6013035587075 0.20680796403339757 0.0905587668593449 105.0 92.0 2.331957671957672 
80733.992060864 11867.06076654377 0.12975334018471987 0.009635149023617812 82.0 110.0 1.0 
88590.0 6528.423024211968 0.17342673957996887 0.27427677602424505 100.0 76.0 1.1176470588235294 
91885.20799749145 13907.703234718832 0.07064868336544637 0.0 87.0 143.0 2.202922077922078 
166910.0 6124.827523396934 0.38856775850995506 0.0 157.0 89.0 2.0957207207207205 
77870.0 8229.236791346771 0.34104046242774566 0.2845215157353886 84.0 76.0 0.0 
95000.0 6215.908595205077 0.25626204238921 0.11046885035324341 116.0 81.0 1.08 
75150.92531134724 11564.98902071432 0.13230571612074501 0.17790622992935132 67.0 97.0 1.39010989010989 
161240.0 6642.561576723134 0.3886176772859184 0.0 168.0 93.0 0.975 
78215.0 10521.654303973328 0.15093127809890816 0.17790622992935132 91.0 112.0 1.263242504621815 
48330.0 8820.473421926908 0.2382787411689146 0.45407835581245987 53.0 72.0 0.0 
45805.0 9503.243737686462 0.25112395632626844 0.4187540141297367 44.0 70.0 0.0 
42915.0 7698.768801501844 0.1438664097623635 0.48233782915863843 71.0 94.0 1.1111111111111112 
124245.0 5822.91061168541 0.15350032113037893 0.03596660244059088 140.0 90.0 2.0706521739130435 
185835.0 7239.839157944933 0.34938985228002567 0.00449582530507386 151.0 86.0 0.4854700854700855 
46345.0 7509.392166035909 0.12654945923459182 0.48239978649057913 77.0 101.0 1.4774774774774775 
97445.0 6073.551403385148 0.18047527296082208 0.14193962748876043 137.0 110.0 2.441566426089281 
178215.0 5786.416252557731 0.3673731535003211 0.002569043031470777 196.0 86.0 1.08 
58890.0 11583.865357472438 0.13744380218368657 0.27167630057803466 52.0 88.0 0.529891304347826 
55650.0 10037.281423205493 0.13744380218368657 0.3301220295439949 70.0 118.0 2.398830409356725 
159070.0 4558.469236471458 0.4258188824662813 0.0 185.0 87.0 1.25 
151530.0 7705.642800170476 0.2491971740526654 0.0032113037893384713 147.0 86.0 0.0 
65630.0 11944.591544174726 0.1361592806679512 0.19524727039177905 63.0 91.0 0.4640151515151515 
59850.0 6966.682330827064 0.13744380218368657 0.3301220295439949 74.0 88.0 1.9666666666666668 
52355.0 6920.783132530118 0.10918432883750803 0.3815028901734104 66.0 79.0 0.0 
78961.4085351009 13440.765996078893 0.12654162384378212 0.009635149023638233 85.0 124.0 0.8727272727272728 
106885.0 5633.134649002715 0.14065510597302505 0.03789338471419396 125.0 79.0 0.0 
150865.0 5127.868778999426 0.3622350674373796 0.03789338471419396 159.0 77.0 0.0 
56400.0 7175.910957353941 0.1123956326268465 0.371868978805395 68.0 81.0 0.0 
192065.0 5066.794906833013 0.33269107257546565 0.03789338471419396 175.0 85.0 0.4444444444444444 
126665.0 5179.047184458455 0.14065510597302505 0.03789338471419396 141.0 79.0 0.0 
39910.0 9867.264880551527 0.13423249839434812 0.5016056518946692 44.0 77.0 0.0 
