149664.4116894538 8712.79660423523 0.32113037893384716 0.010276172125883108 146.0 99.0 0.8391608391608392 
134130.0 5726.305879715103 0.15478484264611433 0.006422607578676943 150.0 82.0 1.4983277591973245 
85330.0 10438.018234464964 0.11624919717405266 0.010918432883750802 100.0 113.0 0.6414529914529915 
91648.05229381083 11416.9844827729 0.10661528580603725 0.0 101.0 139.0 2.924512987012987 
137530.0 5909.89827856025 0.3917790622992935 0.006422607578676943 154.0 78.0 1.2 
100035.0 7844.464698019197 0.1573538856775851 0.03982016698779704 112.0 79.0 0.0 
96603.98232106242 11078.664865522274 0.05908798972382787 0.0 101.0 140.0 2.4814159678546472 
102625.13863217852 11333.287547045917 0.1233140655105973 0.0 104.0 124.0 1.0050941306755259 
111940.0 8633.291014699806 0.6088631984585742 0.0 118.0 82.0 1.1 
94800.15000702241 12660.253788135937 0.054592164418754016 0.0 96.0 149.0 2.5051878354203936 
170065.0 7068.139303482587 0.25369299935773926 0.015414258188824663 177.0 85.0 0.0 
86997.06760046021 10389.628035567215 0.11689145793192036 0.0032113037893384713 96.0 106.0 1.1164772727272727 
104354.41552696336 10471.07766699081 0.08028259473346179 0.0 123.0 155.0 3.1969246031746033 
106080.0 8634.4538309169 0.13364080999930286 8.2499776219357E-7 105.0 99.0 1.7564102564102564 
106112.31591833795 10477.565803530155 0.09120102761721259 0.0 115.0 164.0 2.355878674171357 
147780.0 5769.414756192338 0.15928066795118817 0.0 165.0 92.0 1.7203804347826086 
97023.23348051377 8320.212927487742 0.16249197174052665 0.0 99.0 90.0 1.6188197767145136 
141920.0 5920.339113827072 0.3937058445728966 0.006422607578676943 142.0 72.0 1.0769230769230769 
90189.67443590332 10231.92493457154 0.20166987797045602 0.0 109.0 118.0 2.1753239307418877 
82345.0 8380.231741837624 0.2132305716120745 0.03275529865125241 107.0 88.0 0.9533333333333334 
90440.0 8005.669700623255 0.16056518946692358 0.06101477199743096 99.0 74.0 0.0 
114501.51359019548 9613.108948448453 0.10984069705710924 0.0 131.0 119.0 2.250685817805383 
116500.0 9996.155833966632 0.09184328837508028 0.0 120.0 140.0 2.76390412461606 
70195.0 9370.972845195023 0.23378291586384073 0.18368657675016056 78.0 76.0 0.0 
108552.00450170226 9409.007193982152 0.07514450867052024 0.0 123.0 131.0 2.4283773291925463 
102641.51675594959 8937.381601634865 0.10982658959537572 0.0 127.0 121.0 1.9235660173160172 
110446.88181922588 9976.492779886177 0.09633911368015415 0.0 119.0 129.0 2.3193993506493507 
111370.0 6224.683544303798 0.170199100834939 0.006422607578676943 129.0 87.0 1.8 
168029.09367507184 7813.162299987755 0.36228159731116727 0.0 143.0 85.0 1.5951417004048583 
155770.0 5709.470163703572 0.38985228002569045 0.006422607578676943 163.0 86.0 1.7272727272727273 
196550.0 5667.148264979104 0.3622350674373796 0.006422607578676943 179.0 87.0 1.6444444444444444 
146002.4134373328 6967.350057217695 0.379624865267553 0.0 142.0 82.0 1.3269230769230769 
126250.0 8303.550924183399 0.1361592806679512 0.0 139.0 110.0 0.8982161234991424 
71895.0 7999.100070589654 0.13230571612074501 0.2813102119460501 93.0 97.0 1.483859649122807 
91959.6015587778 15176.89263820358 0.07193320488118175 0.0 90.0 151.0 2.728936966923237 
103715.0 6480.048662932933 0.178548490687219 0.07771355170199101 115.0 81.0 1.0869565217391304 
159740.0 5685.9305281235365 0.37508028259473347 0.006422607578676943 155.0 75.0 1.205128205128205 
151825.0 6870.976312495575 0.4174694926140013 0.08477842003853564 162.0 75.0 0.0 
66205.0 8337.735336309976 0.32113037893384716 0.2806679511881824 64.0 72.0 0.0 
163755.0 5714.811846480214 0.380218368657675 0.03596660244059088 173.0 78.0 1.0434782608695652 
136590.0 7639.97231361043 0.3705844572896596 0.0 145.0 83.0 0.12916666666666665 
123950.0 7969.945443453318 0.44508670520231214 0.05908798972382787 108.0 72.0 0.0 
68300.0 7766.562405408134 0.16510977213974307 0.23763648041104687 76.0 78.0 0.0 
144380.0 5712.287188126318 0.15285806037251123 0.006422607578676943 159.0 88.0 1.5855072463768116 
118610.0 9102.232128902973 0.12010276172125883 0.006422607578676943 115.0 105.0 0.40094339622641506 
84516.18876733596 8973.034404835864 0.33269107257546565 0.10276172125883108 98.0 80.0 0.32291666666666663 
99491.23665247051 10353.99821069552 0.08542068079640334 0.0 118.0 147.0 2.5267762760495316 
70275.0 6990.317654621555 0.31085420680796405 0.2691072575465639 84.0 79.0 1.1333333333333333 
93045.0 7608.968925100664 0.2678227360308285 0.11946050096339114 108.0 82.0 0.0 
59050.0 8562.21304312167 0.302504816955684 0.27681438664097624 76.0 78.0 0.18 
162870.22116537564 7959.663305333185 0.3622350674373796 0.0 153.0 89.0 0.47719298245614034 
64245.0 8606.863733901126 0.3673731535003211 0.2915863840719332 68.0 68.0 0.0 
80095.0 9955.344879068376 0.366131207909561 0.041751487437914986 77.0 66.0 0.0 
84609.77300760258 13314.123996508757 0.08285163776493257 0.0 86.0 138.0 3.0449578491683753 
61070.0 10674.04727651948 0.1252408477842004 0.2594733461785485 69.0 100.0 1.0208333333333335 
198610.95495870337 7418.087872531071 0.4174694926140013 0.0032113037893384713 187.0 86.0 0.29523809523809524 
203240.0 6466.553509047444 0.3590237636480411 0.0 185.0 101.0 1.1527777777777777 
133389.17014574909 7979.739894231395 0.15478484264611433 0.006422607578676943 149.0 105.0 1.8783277591973244 
130200.88999383991 8033.443404037837 0.15285806037251123 0.006422607578676943 153.0 111.0 1.6188405797101448 
94472.14152971833 9853.153489933566 0.15928066795118817 0.0 96.0 98.0 0.5661881977671451 
189955.0 7339.012054327354 0.37443802183686575 0.0 180.0 91.0 1.0327812284334024 
131150.0 6109.243303130277 0.170199100834939 0.006422607578676943 144.0 87.0 1.2666666666666666 
108005.0 7352.979059331892 0.23956326268464997 0.01798330122029544 135.0 82.0 0.0 
127939.33423740642 7309.480817594599 0.1278263082711388 0.0 146.0 133.0 3.041025641025641 
86515.0 8423.514265916674 0.19845857418111754 0.018625561978163133 91.0 74.0 0.0 
95000.0 6180.490213695937 0.25626204238921 0.11046885035324341 116.0 81.0 1.08 
79385.6 12518.735039755486 0.12332990750230799 0.012846865364823748 81.0 111.0 0.3871212121212121 
138870.0 7337.019884218475 0.40976236351958895 0.024405908798972382 139.0 71.0 0.0 
77135.0 8306.289257418122 0.17662170841361594 0.16120745022479127 73.0 77.0 0.0 
82867.5912812718 11691.43619901125 0.16252554914944792 6.434982545109847E-4 88.0 112.0 0.5307692307692308 
56730.0 9742.708335548265 0.30061664941032507 0.3455806783145565 53.0 73.0 0.0 
75095.0 6838.012033345322 0.26396917148362237 0.25176621708413616 89.0 85.0 1.3930904183535764 
88590.0 6528.423024211968 0.1734327641618931 0.2742799150533027 100.0 76.0 1.1176470588235294 
88919.04645656089 13051.43959481392 0.15414258188824662 0.0 81.0 118.0 2.8 
70589.52998515358 11879.022749193682 0.13553442736286578 0.1747173660791445 77.0 105.0 0.5904761904761905 
76360.0 10738.1883026375 0.08992896356768632 0.14709528600403673 71.0 84.0 0.5661881977671451 
54775.0 8673.183941444477 0.30828516377649323 0.3827874116891458 58.0 72.0 0.0 
61455.0 7789.319408622623 0.3352601156069364 0.3198458574181118 67.0 74.0 1.0444444444444445 
86075.0 6400.364479393105 0.15285806037251123 0.08670520231213873 110.0 86.0 1.5999999999999999 
119675.0 7295.55615892841 0.1849879282202447 0.01798330122029544 121.0 75.0 0.0 
74490.0 9390.241623894563 0.147077713551702 0.2145150931278099 90.0 114.0 2.0825396825396822 
86907.0834606904 14382.638220126813 0.0789980732177264 0.0 76.0 138.0 2.5409340659340662 
139895.0 5112.209040081348 0.1233140655105973 0.03789338471419396 155.0 86.0 0.3855072463768116 
99169.89856060896 12674.022323042598 0.0674373795761079 0.0 95.0 147.0 2.5191315327184896 
68280.0 9887.943676650055 0.14771997430956968 0.2241490044958253 68.0 89.0 0.5743589743589743 
116840.0 7031.963439232876 0.34296724470134876 0.10982658959537572 125.0 71.0 0.0 
91630.0 6243.9362662882195 0.26011560693641617 0.2113037893384714 110.0 85.0 0.0 
200940.0 5677.589100245926 0.36416184971098264 0.006422607578676943 167.0 81.0 1.5623931623931624 
177820.0 5755.296546748774 0.2382787411689146 0.0032113037893384713 200.0 108.0 2.4320384757676656 
99470.0 6211.149819877092 0.12652536929993577 0.25176621708413616 124.0 110.0 2.978008415147265 
64545.0 6563.678607621282 0.05394990366088632 0.3583815028901734 83.0 87.0 1.3043478260869565 
51380.0 9087.152599495015 0.2909441233140655 0.37636480411046885 50.0 70.0 0.0 
82865.0 6451.671615201649 0.15285806037251123 0.262684649967887 95.0 96.0 2.0139393939393937 
79965.0 6381.174289702361 0.13230571612074501 0.2691072575465639 92.0 92.0 1.2111111111111112 
114350.0 6119.535967391061 0.17212588310854207 0.006422607578676943 123.0 75.0 1.0769230769230769 
46300.0 7993.559000212788 0.1579961464354528 0.4932562620423892 55.0 71.0 0.0 
49175.0 8221.987951807227 0.11946050096339114 0.3892100192678227 63.0 74.0 0.0 
74585.0 12156.304288033267 0.09698137443802184 0.13680154142581888 71.0 98.0 0.9226944366263252 
81787.07484211746 13586.430326729336 0.10404624277456648 0.0 86.0 145.0 2.481493506493506 
192065.0 5066.794906833013 0.33269107257546565 0.03789338471419396 175.0 85.0 0.4444444444444444 
187250.0 7196.281910223497 0.4187540141297367 0.03147077713551702 169.0 74.0 0.0 
122615.0 5737.868846381973 0.20423892100192678 0.029543994861913937 143.0 81.0 0.0 
65100.0 12059.589388270899 0.1233140655105973 0.23892100192678228 64.0 99.0 0.8333333333333333 
41500.0 8401.08771521638 0.1579961464354528 0.4932562620423892 51.0 70.0 0.0 
43475.0 9001.366733624798 0.2023121387283237 0.457931920359666 57.0 76.0 0.0 
58630.0 6731.644705185679 0.16249197174052665 0.3230571612074502 76.0 82.0 0.0 
126665.0 5179.047184458455 0.14065510597302505 0.03789338471419396 141.0 79.0 0.0 
52355.0 6920.783132530118 0.10918432883750803 0.3815028901734104 66.0 79.0 0.0 
150865.0 5077.755860447564 0.3436095054592164 0.03789338471419396 163.0 79.0 0.11794871794871795 
43765.0 11082.377912644253 0.13872832369942195 0.5067437379576107 42.0 82.0 0.0 
106885.0 5633.134649002715 0.14065510597302505 0.03789338471419396 125.0 79.0 0.0 
39910.0 9867.264880551527 0.13423249839434812 0.5016056518946692 44.0 77.0 0.0 
