39585.0 7964.030420098649 0.13423249839434812 0.38792549775208734 59.0 69.0 0.0 
39415.0 8086.7070000243 0.14838129251574406 0.3879753276169238 56.0 65.0 0.0 
39415.0 8086.7070000243 0.14838129251574406 0.3879753276169238 56.0 65.0 0.0 
39415.0 8086.7070000243 0.14836223506743737 0.38792549775208734 56.0 65.0 0.0 
42400.0 8747.50631313131 0.18114080164401486 0.48175745118089053 44.0 70.0 0.0 
42040.0 9224.51332703221 0.15350032113037893 0.3692999357739242 45.0 65.0 0.0 
42040.0 9224.51332703221 0.15350032113037893 0.3692999357739242 45.0 65.0 0.0 
42400.0 8747.50631313131 0.1811175337186898 0.4816955684007707 44.0 70.0 0.0 
42040.0 9224.51332703221 0.15350032113037893 0.3692999357739242 45.0 65.0 0.0 
42400.0 8747.50631313131 0.18114079865558363 0.48175744323293523 44.0 70.0 0.0 
39585.0 7964.030420098649 0.13423249839434812 0.38792549775208734 59.0 69.0 0.0 
39415.0 8086.7070000243 0.14836223506743737 0.38792549775208734 56.0 65.0 0.0 
39415.0 8086.7070000243 0.14838129251574406 0.3879753276169238 56.0 65.0 0.0 
42400.0 8747.50631313131 0.1811175337186898 0.4816955684007707 44.0 70.0 0.0 
42040.0 9224.51332703221 0.15350032113037893 0.3692999357739242 45.0 65.0 0.0 
42400.0 8747.50631313131 0.18114079865558363 0.48175744323293523 44.0 70.0 0.0 
40390.0 7757.224556489264 0.11753371868978806 0.38599871547848424 61.0 73.0 0.30952380952380953 
39415.0 8086.7070000243 0.14836223506743737 0.38792549775208734 56.0 65.0 0.0 
42400.0 8747.50631313131 0.1811175337186898 0.4816955684007707 44.0 70.0 0.0 
42795.0 8214.732825754416 0.1252408477842004 0.38599871547848424 52.0 66.0 0.0 
39585.0 7964.030420098649 0.13423249839434812 0.38792549775208734 59.0 69.0 0.0 
39415.0 8086.7070000243 0.14838129251574406 0.3879753276169238 56.0 65.0 0.0 
39415.0 8086.7070000243 0.14838129251574406 0.3879753276169238 56.0 65.0 0.0 
42400.0 8747.50631313131 0.1811175337186898 0.4816955684007707 44.0 70.0 0.0 
42040.0 9224.51332703221 0.15350032113037893 0.3692999357739242 45.0 65.0 0.0 
42400.0 8747.50631313131 0.18114079865558363 0.48175744323293523 44.0 70.0 0.0 
40390.0 7757.224556489264 0.11753371868978806 0.38599871547848424 61.0 73.0 0.30952380952380953 
39415.0 8086.7070000243 0.14836223506743737 0.38792549775208734 56.0 65.0 0.0 
42400.0 8747.50631313131 0.18114079865558363 0.48175744323293523 44.0 70.0 0.0 
40390.0 7757.224556489264 0.11753371868978806 0.38599871547848424 61.0 73.0 0.30952380952380953 
40390.0 7757.224556489264 0.11753371868978806 0.38599871547848424 61.0 73.0 0.30952380952380953 
39415.0 8086.7070000243 0.14836223506743737 0.38792549775208734 56.0 65.0 0.0 
42400.0 8747.50631313131 0.1811175337186898 0.4816955684007707 44.0 70.0 0.0 
40390.0 7757.224556489264 0.11753371868978806 0.38599871547848424 61.0 73.0 0.30952380952380953 
39685.0 7923.252187351885 0.12909441233140656 0.38792549775208734 66.0 79.0 0.6904761904761905 
159070.0 4570.405554815863 0.42587358684390725 0.0 185.0 89.0 2.2847222222222223 
159070.0 4570.405554815863 0.4258188824662813 0.0 185.0 89.0 2.2847222222222223 
159070.0 4558.469236471458 0.4258188824662813 0.0 185.0 81.0 2.0625 
159070.0 4570.405554815863 0.42587358684480975 0.0 185.0 89.0 2.2847222222222223 
159070.0 4632.474410206769 0.4258188824662813 0.0 185.0 86.0 2.2180555555555554 
159070.0 4721.740478511168 0.4258188824662813 0.0 185.0 94.0 2.4409722222222223 
159070.0 4570.405554815863 0.42587358684390725 0.0 185.0 89.0 2.2847222222222223 
159070.0 4570.405554815863 0.42587358684480975 0.0 185.0 89.0 2.2847222222222223 
159070.0 4581.961735633376 0.4258188824662813 0.0 185.0 97.0 2.2222222222222223 
159070.0 4570.405554815863 0.4258188824662813 0.0 185.0 89.0 2.2847222222222223 
159070.0 4570.405554815863 0.42587357981791474 0.0 185.0 89.0 2.2847222222222223 
159070.0 4570.405554815863 0.4258188824662813 0.0 185.0 89.0 2.2847222222222223 
159070.0 4570.405554815863 0.4258188824662813 0.0 185.0 89.0 2.2847222222222223 
159070.0 4558.469236471458 0.4258188824662813 0.0 185.0 81.0 2.0625 
159070.0 4558.469236471458 0.4258188824662813 0.0 185.0 81.0 2.0625 
159070.0 4570.405554815863 0.42587358684480975 0.0 185.0 89.0 2.2847222222222223 
159070.0 4558.469236471458 0.4258188824662813 0.0 185.0 81.0 2.0625 
159070.0 4581.961735633376 0.4258188824662813 0.0 185.0 97.0 2.2222222222222223 
159070.0 4570.405554815863 0.4258188824662813 0.0 185.0 89.0 2.2847222222222223 
159070.0 4570.405554815863 0.42587357981791474 0.0 185.0 89.0 2.2847222222222223 
159070.0 4558.469236471458 0.4258188824662813 0.0 185.0 81.0 2.0625 
39415.0 8086.7070000243 0.14836223506743737 0.38792549775208734 56.0 65.0 0.0 
39415.0 8086.7070000243 0.14836223506743737 0.38792549775208734 56.0 65.0 0.0 
39415.0 8086.7070000243 0.14836223506743737 0.38792549775208734 56.0 65.0 0.0 
39415.0 8086.7070000243 0.14836223506743737 0.38792549775208734 56.0 65.0 0.0 
39415.0 8086.7070000243 0.14836223506743737 0.38792549775208734 56.0 65.0 0.0 
39415.0 8086.7070000243 0.14836223506743737 0.38792549775208734 56.0 65.0 0.0 
39415.0 8086.7070000243 0.14836223506743737 0.38792549775208734 56.0 65.0 0.0 
39415.0 8086.7070000243 0.14836223506743737 0.38792549775208734 56.0 65.0 0.0 
39415.0 8086.7070000243 0.14836223506743737 0.38792549775208734 56.0 65.0 0.0 
39415.0 8086.7070000243 0.14836223506743737 0.38792549775208734 56.0 65.0 0.0 
39415.0 8086.7070000243 0.14836223506743737 0.38792549775208734 56.0 65.0 0.0 
39415.0 8086.7070000243 0.14836223506743737 0.38792549775208734 56.0 65.0 0.0 
39415.0 8086.7070000243 0.14836223506743737 0.38792549775208734 56.0 65.0 0.0 
39415.0 8086.7070000243 0.14836223506743737 0.38792549775208734 56.0 65.0 0.0 
39415.0 8086.7070000243 0.14836223506743737 0.38792549775208734 56.0 65.0 0.0 
40390.0 7757.224556489264 0.11753371868978806 0.38599871547848424 61.0 73.0 0.30952380952380953 
40390.0 7757.224556489264 0.11755079808276656 0.3860487167118347 61.0 73.0 0.30952380952380953 
40390.0 7757.224556489264 0.11753371868978806 0.38599871547848424 61.0 73.0 0.30952380952380953 
40390.0 7757.224556489264 0.11753371868978806 0.38599871547848424 61.0 73.0 0.30952380952380953 
40390.0 7757.224556489264 0.11753371868978806 0.38599871547848424 61.0 73.0 0.30952380952380953 
40390.0 7757.224556489264 0.11753371868978806 0.38599871547848424 61.0 73.0 0.30952380952380953 
39415.0 8086.7070000243 0.14836223506743737 0.38792549775208734 56.0 65.0 0.0 
39415.0 8086.7070000243 0.14836223506743737 0.38792549775208734 56.0 65.0 0.0 
39415.0 8086.7070000243 0.14836223506743737 0.38792549775208734 56.0 65.0 0.0 
39415.0 8086.7070000243 0.14836223506743737 0.38792549775208734 56.0 65.0 0.0 
39415.0 8086.7070000243 0.14836223506743737 0.38792549775208734 56.0 65.0 0.0 
40390.0 7757.224556489264 0.11753371868978806 0.38599871547848424 61.0 73.0 0.30952380952380953 
39415.0 8086.7070000243 0.14836223506743737 0.38792549775208734 56.0 65.0 0.0 
39685.0 7923.252187351885 0.12909441233140656 0.38792549775208734 66.0 79.0 0.6904761904761905 
40390.0 7757.224556489264 0.11753371868978806 0.38599871547848424 61.0 73.0 0.30952380952380953 
40390.0 7757.224556489264 0.11753371868978806 0.38599871547848424 61.0 73.0 0.30952380952380953 
39685.0 7923.252187351885 0.12909441233140656 0.38792549775208734 66.0 79.0 0.6904761904761905 
40390.0 7757.224556489264 0.11753371868978806 0.38599871547848424 61.0 73.0 0.30952380952380953 
39685.0 7923.252187351885 0.12909441233140656 0.38792549775208734 66.0 79.0 0.6904761904761905 
39685.0 7923.252187351885 0.12909441233140656 0.38792549775208734 66.0 79.0 0.6904761904761905 
40390.0 7757.224556489264 0.11755079808276656 0.3860487167118347 61.0 73.0 0.30952380952380953 
40390.0 7757.224556489264 0.11753371868978806 0.38599871547848424 61.0 73.0 0.30952380952380953 
40390.0 7757.224556489264 0.11753371868978806 0.38599871547848424 61.0 73.0 0.30952380952380953 
40390.0 7757.224556489264 0.11753371868978806 0.38599871547848424 61.0 73.0 0.30952380952380953 
40390.0 7757.224556489264 0.11753371868978806 0.38599871547848424 61.0 73.0 0.30952380952380953 
40390.0 7757.224556489264 0.11753371868978806 0.38599871547848424 61.0 73.0 0.30952380952380953 
40390.0 7757.224556489264 0.11753371868978806 0.38599871547848424 61.0 73.0 0.30952380952380953 
40390.0 7757.224556489264 0.11753371868978806 0.38599871547848424 61.0 73.0 0.30952380952380953 
52355.0 6920.783132530118 0.10919835379946531 0.3815518950404847 66.0 79.0 1.0666666666666667 
52355.0 6920.783132530118 0.10918432883750803 0.3815028901734104 66.0 79.0 1.0666666666666667 
52355.0 6920.783132530118 0.10919835379946531 0.3815518950404847 66.0 79.0 1.0666666666666667 
52355.0 6920.783132530118 0.10918432883750803 0.3815028901734104 66.0 79.0 1.0666666666666667 
52355.0 6920.783132530118 0.10919835560100186 0.38155190133526534 66.0 79.0 1.0666666666666667 
56830.0 6828.067993572815 0.13102119460500963 0.3519588953114965 75.0 93.0 2.1055555555555556 
39685.0 7923.252187351885 0.12909441233140656 0.38792549775208734 66.0 79.0 0.6904761904761905 
39685.0 7923.252187351885 0.1291116547846364 0.3879753276169238 66.0 79.0 0.6904761904761905 
39685.0 7923.252187351885 0.12909441233140656 0.38792549775208734 66.0 79.0 0.6904761904761905 
39685.0 7923.252187351885 0.12911347222768346 0.3879753340176772 66.0 79.0 0.6904761904761905 
39685.0 7923.252187351885 0.12909441233140656 0.38792549775208734 66.0 79.0 0.6904761904761905 
40390.0 7757.224556489264 0.11753371868978806 0.38599871547848424 61.0 73.0 0.30952380952380953 
39685.0 7923.252187351885 0.12909441233140656 0.38792549775208734 66.0 79.0 0.6904761904761905 
