89592.0133232047 22470.356332346317 0.045606372045220965 0.0 78.0 225.0 5.091729404839359 
31470.0 11763.205174542933 0.055876685934489405 0.4707771355170199 33.0 63.0 0.0 
50490.0 12423.113666840165 0.16637573458635943 0.3076711223823502 41.0 70.0 0.0 
85545.0 9740.308480433918 0.06872190109184328 0.03789338471419396 85.0 103.0 2.916515426497278 
78835.0 8298.46955326985 0.18882466281310212 0.06165703275529865 82.0 69.0 0.0 
81959.33498661206 13480.890261111148 0.19845857418111754 0.036608863198458574 70.0 78.0 0.0 
85865.06166782865 15255.745405076133 0.0398251169743702 0.0 92.0 190.0 4.993626028059991 
79790.00000000001 8263.927632620229 0.11881824020552344 0.09826589595375723 98.0 87.0 3.477011494252874 
46695.0 9663.811275503489 0.1355170199100835 0.3519588953114965 50.0 89.0 3.7333333333333334 
66235.0 9121.2538156113 0.09184328837508028 0.18432883750802825 69.0 76.0 0.0 
46600.0 9059.801953757988 0.09699366837769957 0.3828338649552415 50.0 79.0 0.5333333333333333 
64665.0 9736.233388339766 0.1676300578034682 0.16441875401412973 65.0 87.0 2.8368253968253967 
68210.0 10833.075131269521 0.2023121387283237 0.11753371868978806 67.0 72.0 0.26050420168067223 
52285.0 9696.257583600474 0.22350674373795762 0.2575465639049454 58.0 74.0 1.1111111111111112 
61510.0 10758.856076479831 0.3269107257546564 0.15928066795118817 67.0 69.0 0.0 
66826.86486415224 13896.823104320714 0.13037893384714194 0.12780989081567115 67.0 88.0 2.8754208754208754 
85769.89099859147 18842.603691485714 0.11434700310832054 0.008996353701436827 96.0 201.0 3.7491100940757693 
68199.7300427657 14213.106866628832 0.1432421360858821 0.10983995654181125 69.0 91.0 1.8966329966329967 
54685.0 12385.558214763063 0.10470393099058718 0.2826313633624269 50.0 88.0 0.8444444444444444 
69625.0 12010.321614060706 0.21836865767501606 0.1348747591522158 60.0 72.0 0.0 
83340.0 9240.248997633558 0.11303789338471419 0.06872190109184328 95.0 92.0 1.0 
78580.0 10086.055327721213 0.24987037222661534 0.08414696675135269 66.0 77.0 0.5964912280701754 
80380.15294748204 14044.499369721701 0.16570327552986513 0.014771997430956968 75.0 101.0 1.3339920948616601 
89591.33206813828 22482.133624738737 0.04560637204522368 0.0 78.0 225.0 5.091729404839359 
31470.0 11763.205174542933 0.055876685934489405 0.4707771355170199 33.0 63.0 0.0 
62165.0 12243.038033760255 0.18754014129736674 0.1913937058445729 47.0 66.0 0.0 
102793.99844452215 11824.827637162894 0.07837107491845928 1.2622465761561623E-5 104.0 122.0 3.566885604816639 
78835.0 8298.46955326985 0.18882466281310212 0.06165703275529865 82.0 69.0 0.0 
93587.58058231871 14908.236323007692 0.046885035324341684 0.0 90.0 173.0 4.347478747667427 
81300.0 9164.720401222337 0.11817597944765575 0.08734746307000642 104.0 98.0 3.8839080459770114 
50875.0 8180.071355759428 0.0892742453436095 0.357096981374438 64.0 91.0 3.0707535121328227 
66235.0 9121.2538156113 0.09184328837508028 0.18432883750802825 69.0 76.0 0.0 
38150.0 9880.318711611935 0.08734746307000642 0.43545279383429675 43.0 70.0 1.2 
66110.0 9808.713358499364 0.26140012845215155 0.14322414900449582 76.0 83.0 2.7001499250374814 
73745.0 10040.078430096328 0.2646225697112797 0.09184328837508028 76.0 71.0 1.0689655172413792 
52285.0 9696.257583600474 0.22350674373795762 0.2575465639049454 58.0 74.0 1.1111111111111112 
74755.0 9085.77384079763 0.4026974951830443 0.12202954399486192 77.0 83.0 1.3333333333333333 
69543.4128168584 15242.221607823503 0.12909441233140656 0.10404624277456648 68.0 107.0 3.5784511784511785 
73580.0 12307.155789217133 0.14771997430956968 0.12267180475272961 75.0 80.0 2.0 
56010.0 13156.555996304953 0.10855386554763971 0.27428271600813287 50.0 77.0 0.0 
60513.13513513513 13192.58553776048 0.29672447013487474 0.18689788053949905 53.0 73.0 0.8333333333333333 
95550.0 7819.669372099149 0.12780989081567115 0.07129094412331406 109.0 84.0 1.1428571428571428 
77595.0 9677.640187129871 0.24791265253692998 0.12909441233140656 66.0 75.0 1.1538461538461537 
89591.33206813828 22482.133624738737 0.04560637204522368 0.0 78.0 225.0 5.091729404839359 
31470.0 11763.205174542933 0.055876685934489405 0.4707771355170199 33.0 63.0 0.0 
57070.0 13344.168692386806 0.2350937548081901 0.21968774659698737 47.0 76.0 0.40384615384615385 
78835.0 8298.46955326985 0.18882466281310212 0.06165703275529865 82.0 69.0 0.0 
84035.96302773188 15273.459992014712 0.07386947462905007 0.0 101.0 196.0 5.131913116123643 
72714.53485279856 9483.883436968123 0.15095182054318676 0.1181911594064801 93.0 112.0 4.074074074074074 
49580.0 8292.530314348332 0.09570832039118095 0.36163867655508986 61.0 89.0 2.8781609195402305 
66235.0 9121.2538156113 0.09184328837508028 0.18432883750802825 69.0 76.0 0.0 
38150.0 9993.15243811034 0.08734746307000642 0.43545279383429675 43.0 68.0 1.1333333333333333 
61175.0 9890.952592498494 0.2524084778420039 0.19588953114964675 70.0 94.0 3.1444444444444444 
69335.0 10305.25364434152 0.17597944765574824 0.14001284521515736 68.0 72.0 1.1304347826086956 
52285.0 9696.257583600474 0.22350674373795762 0.2575465639049454 58.0 74.0 1.1111111111111112 
65435.0 11081.221671280384 0.37764932562620424 0.15028901734104047 70.0 67.0 0.0 
69252.5 13719.410833104606 0.11433751401288482 0.13938923167482317 64.0 107.0 2.89 
84647.75287965647 13521.204682372736 0.18115102862783486 0.021218364945185086 98.0 125.0 2.33859649122807 
55180.0 12343.618933367889 0.09184328837508028 0.2909441233140655 49.0 74.0 0.0 
65750.0 11790.60084172155 0.1901091843288375 0.1798330122029544 58.0 67.0 0.0 
79600.0 7733.173454292958 0.10982658959537572 0.1252408477842004 85.0 81.0 1.0666666666666667 
80055.0 10395.257003122897 0.2999357739242132 0.06422607578676943 70.0 74.0 1.1333333333333333 
89591.33206813828 22482.133624738737 0.04560637204522368 0.0 78.0 225.0 5.091729404839359 
31470.0 11763.205174542933 0.055876685934489405 0.4707771355170199 33.0 63.0 0.0 
43540.0 11744.096674874872 0.1567290323724997 0.3712719279248955 40.0 66.0 0.0 
78835.0 8298.46955326985 0.18882466281310212 0.06165703275529865 82.0 69.0 0.0 
84036.42865770358 15285.904710872885 0.07385998715478484 0.0 101.0 193.0 5.024770258980785 
77680.0 11089.48185218545 0.12138728323699421 0.12010276172125883 95.0 108.0 3.273706896551724 
39545.0 8979.516074508281 0.1297530905447419 0.3860482978439921 58.0 86.0 3.1607142857142856 
66235.0 9121.2538156113 0.09184328837508028 0.18432883750802825 69.0 76.0 0.0 
38150.0 9993.152438110157 0.08735868303957225 0.43550872868257345 43.0 68.0 1.1333333333333333 
67485.0 10933.575363039996 0.3281952472703918 0.1329479768786127 74.0 97.0 3.2929292929292933 
70625.0 10952.678693453598 0.18497109826589594 0.13102119460500963 69.0 69.0 0.0 
57905.0 9163.456935716022 0.1708413615928067 0.21708413615928066 54.0 72.0 0.0 
67515.0 11522.997760867598 0.38856775850995506 0.1464354527938343 73.0 65.0 0.0 
73811.34266333611 12835.169841663499 0.12138728323699421 0.12010276172125883 67.0 92.0 2.6834935897435894 
55180.0 12343.618933367889 0.09184328837508028 0.2909441233140655 49.0 74.0 0.0 
71165.0 11779.574405055791 0.17148362235067438 0.15478484264611433 63.0 79.0 0.0 
79600.0 7733.173454292958 0.10982658959537572 0.1252408477842004 85.0 81.0 1.0666666666666667 
81445.0 11191.594799685652 0.33911368015414256 0.09826589595375723 68.0 71.0 0.0 
89589.30709633869 22501.4736186881 0.04560637206631885 0.0 78.0 225.0 5.091729404839359 
31470.0 11763.205174542933 0.055876685934489405 0.4707771355170199 33.0 63.0 0.0 
78780.0 8492.560501672562 0.19974309569685292 0.06358381502890173 81.0 69.0 0.0 
86187.64357107884 16751.688949554795 0.05073859987154785 0.00449582530507386 86.0 181.0 4.9381818181818184 
79925.0 10809.875496597686 0.14193962748876043 0.06615285806037251 83.0 94.0 3.4444444444444446 
40970.0 12306.719179376867 0.08094152255498326 0.3764143928449382 50.0 101.0 3.8333333333333335 
66235.0 9121.2538156113 0.09184328837508028 0.18432883750802825 69.0 76.0 0.0 
38150.0 9993.152438110157 0.08735868303957225 0.43550872868257345 43.0 68.0 1.1333333333333333 
71485.0 10874.904066603798 0.18432883750802825 0.1111111111111111 74.0 94.0 2.479352226720648 
61555.0 9696.467047488224 0.2947976878612717 0.1708413615928067 75.0 74.0 1.351190476190476 
56230.0 9241.222485973241 0.2382787411689146 0.22992935131663456 56.0 72.0 0.0 
70929.17753490899 14512.424985296437 0.11626759693462889 0.09571096210103298 71.0 111.0 3.803316498316498 
55180.0 12343.618933367889 0.09184328837508028 0.2909441233140655 49.0 74.0 0.0 
58050.0 12175.844638992276 0.2607578676942839 0.18497109826589594 58.0 76.0 0.0 
79600.0 7733.173454292958 0.10982658959537572 0.1252408477842004 85.0 81.0 1.0666666666666667 
87116.39414412869 20167.165951095558 0.055876685934489405 0.0 86.0 212.0 4.997369736184539 
31470.0 11763.205174542933 0.055876685934489405 0.4707771355170199 33.0 63.0 0.0 
78780.0 8492.560501672562 0.19974309569685292 0.06358381502890173 81.0 69.0 0.0 
85506.58227644124 16346.362081603453 0.038535645472061654 0.0 91.0 200.0 4.993626028059991 
73130.0 9305.390166235431 0.20166987797045602 0.0905587668593449 103.0 96.0 3.8461904761904764 
66235.0 9121.2538156113 0.09184328837508028 0.18432883750802825 69.0 76.0 0.0 
53050.0 8624.161218557603 0.08542068079640334 0.3044315992292871 57.0 80.0 0.0 
71785.0 11764.889469653774 0.17469492614001284 0.15350032113037893 66.0 82.0 2.2133333333333334 
61555.0 9696.467044701836 0.29483555525855637 0.17086330653328105 75.0 74.0 1.351190476190476 
47485.0 10924.659399798575 0.23763648041104687 0.2742453436095055 53.0 69.0 0.0 
67947.5 12127.195142684117 0.11754659030830211 0.1451685884983341 67.0 102.0 2.7890683229813664 
58730.0 11049.165768648709 0.13937058445728967 0.23763648041104687 55.0 64.0 0.0 
81177.75643517665 15169.58605601458 0.19141919827542467 0.03661356568570308 70.0 95.0 0.7951127819548872 
95550.0 7555.116827807568 0.12780989081567115 0.07129094412331406 110.0 87.0 1.2666666666666666 
78780.0 8492.560501672562 0.19974309569685292 0.06358381502890173 81.0 69.0 0.0 
43860.0 9112.536993816318 0.12204183793453965 0.39311003708112463 49.0 74.0 0.0 
80045.0 11492.583524005984 0.14001284521515736 0.06615285806037251 79.0 101.0 3.2825396825396824 
