38540.0 11071.70397509196 0.21261562178828367 0.4496402877697842 46.0 77.0 0.47692307692307695 
40100.0 11272.54561006601 0.236382322808677 0.40467625868544943 46.0 71.0 0.0 
41175.0 11130.629859982435 0.22546248684577425 0.3886176772125516 45.0 71.0 0.0 
44260.0 11697.711210086612 0.21133093525179855 0.43036998972250773 40.0 70.0 0.0 
37205.0 11595.96309657374 0.1933479638504271 0.4785411146094797 40.0 78.0 0.2583333333333333 
44260.0 11697.711210086612 0.21133093525179855 0.4303699897225076 40.0 70.0 0.0 
44260.0 11697.711210086612 0.21133093525179855 0.43036998972250773 40.0 70.0 0.0 
35570.0 11951.342939590635 0.19141829408465633 0.48818088346160665 39.0 76.0 0.0 
44260.0 11697.711210086612 0.21133093525179855 0.4303699897225076 40.0 70.0 0.0 
35570.0 11951.342939590635 0.1914194490497316 0.4881777486078749 39.0 76.0 0.0 
38540.0 11071.70397509196 0.21261562175648366 0.4496402877697937 46.0 77.0 0.47692307692307695 
40100.0 11272.54561006601 0.236382322713258 0.40467625899280574 46.0 71.0 0.0 
41175.0 11130.629859982435 0.22546248684577422 0.3886176772125516 45.0 71.0 0.0 
37205.0 11595.96309657374 0.1933479638504271 0.4785411146094797 40.0 78.0 0.2583333333333333 
44260.0 11697.711210086612 0.21133093525179855 0.4303699897225076 40.0 70.0 0.0 
35570.0 11951.342939590635 0.19141829408465633 0.48818088346160665 39.0 76.0 0.0 
38540.0 11071.70397509196 0.21261562175648366 0.4496402877697937 46.0 77.0 0.47692307692307695 
40100.0 11272.54561006601 0.236382322713258 0.40467625899280574 46.0 71.0 0.0 
37205.0 11595.96309657374 0.1933479638504271 0.4785411146094797 40.0 78.0 0.2583333333333333 
38540.0 11071.70397509196 0.21261562178828367 0.4496402877697842 46.0 77.0 0.47692307692307695 
38540.0 11071.70397509196 0.21261562178828367 0.4496402877697842 46.0 77.0 0.47692307692307695 
40100.0 11272.54561006601 0.236382322713258 0.40467625899280574 46.0 71.0 0.0 
41175.0 11130.629859982435 0.22546248684577422 0.3886176772125516 45.0 71.0 0.0 
37205.0 11595.96309657374 0.1933479638504271 0.4785411146094797 40.0 78.0 0.2583333333333333 
44260.0 11697.711210086612 0.21133093525179855 0.43036998972250773 40.0 70.0 0.0 
35570.0 11951.342939590635 0.1914194490497316 0.4881777486078749 39.0 76.0 0.0 
38540.0 11071.70397509196 0.21261562175648366 0.4496402877697937 46.0 77.0 0.47692307692307695 
40100.0 11272.54561006601 0.236382322713258 0.40467625899280574 46.0 71.0 0.0 
37205.0 11595.96309657374 0.1933479638504271 0.4785411146094797 40.0 78.0 0.2583333333333333 
38540.0 11071.70397509196 0.21261562178828367 0.4496402877697842 46.0 77.0 0.47692307692307695 
38540.0 11071.70397509196 0.21261562178828367 0.4496402877697842 46.0 77.0 0.47692307692307695 
40100.0 11272.54561006601 0.236382322713258 0.40467625899280574 46.0 71.0 0.0 
37205.0 11595.96309657374 0.1933479638504271 0.4785411146094797 40.0 78.0 0.2583333333333333 
38540.0 11071.70397509196 0.21261562178828367 0.4496402877697842 46.0 77.0 0.47692307692307695 
38540.0 11071.70397509196 0.21261562178828367 0.4496402877697842 46.0 77.0 0.47692307692307695 
157889.52000000002 6086.32149621547 0.43036998972250773 0.007065775950668035 212.0 113.0 3.627272727272727 
157890.0 6072.155643438216 0.4303699896903497 0.007065775834829107 212.0 110.0 3.9 
157890.0 6072.155643438216 0.4303699896903497 0.007065775834829107 212.0 110.0 3.9 
159289.99999999997 6078.427389607465 0.34044193365235975 0.007065775950668036 192.0 115.0 4.316666666666666 
159289.99999999997 6078.427389607465 0.34044193365235975 0.007065775950668036 192.0 115.0 4.316666666666666 
159289.99999999997 6078.429333390455 0.3404419321687414 0.007065775950668036 192.0 115.0 4.316666666666666 
157889.52000000002 6086.321496218565 0.43036998972250357 0.007065775950653158 212.0 113.0 3.627272727272727 
157890.0 6072.155643438216 0.4303699896903497 0.007065775834829107 212.0 110.0 3.9 
159289.99999999997 6078.427389607465 0.34044193365235975 0.007065775950668036 192.0 115.0 4.316666666666666 
157889.52000000002 6086.321496215458 0.43036998972250773 0.007065775950668036 212.0 113.0 3.627272727272727 
157889.52000000002 6086.32149621547 0.43036998972250773 0.007065775950668035 212.0 113.0 3.627272727272727 
157890.0 6072.15589265333 0.4303697393721462 0.007064874144596714 212.0 110.0 3.9 
159290.0 6077.674724143734 0.34045348362103056 0.007065775950668036 192.0 115.0 4.316666666666666 
157889.52000000002 6086.321496218565 0.43036998972250357 0.007065775950653158 212.0 113.0 3.627272727272727 
157889.52000000002 6086.321496215458 0.43036998972250773 0.007065775950668036 212.0 113.0 3.627272727272727 
157889.52000000002 6086.321496215458 0.43036998972250773 0.007065775950668036 212.0 113.0 3.627272727272727 
157890.0 6072.155642560028 0.43036998972250357 0.007065775950653158 212.0 110.0 3.9 
159290.0 6077.674724143734 0.34045348362103056 0.007065775950668036 192.0 115.0 4.316666666666666 
157889.52000000002 6086.32149621547 0.43036998972250773 0.007065775950668035 212.0 113.0 3.627272727272727 
157889.52000000002 6086.32149621547 0.43036998972250773 0.007065775950668035 212.0 113.0 3.627272727272727 
157890.0 6072.155642556932 0.43036998972250773 0.007065775950668035 212.0 110.0 3.9 
35340.0 11646.604377499134 0.19848406988694758 0.4721223021582734 40.0 75.0 0.0 
35340.0 11646.604377499134 0.1984840701731107 0.47212230052608356 40.0 75.0 0.0 
35340.0 11646.604377499134 0.19848629766706866 0.47210959556054577 40.0 75.0 0.0 
35340.0 11646.604377499134 0.19848406988698433 0.4721223021580637 40.0 75.0 0.0 
35340.0 11646.604377499134 0.19848406988698433 0.4721223021580637 40.0 75.0 0.0 
35340.0 11646.604377499134 0.19848406988698433 0.4721223021580637 40.0 75.0 0.0 
35340.0 11646.604377499134 0.19848406988694758 0.47212230215827333 40.0 75.0 0.0 
35340.0 11646.604377499134 0.19848406988694758 0.4721223021582734 40.0 75.0 0.0 
35340.0 11646.604377499134 0.19848406988698433 0.4721223021580637 40.0 75.0 0.0 
35340.0 11646.604377499134 0.19848406988694758 0.4721223021582734 40.0 75.0 0.0 
35340.0 11646.604377499134 0.19848406988698433 0.4721223021580637 40.0 75.0 0.0 
35340.0 11646.604377499134 0.19848406988694758 0.47212230215827333 40.0 75.0 0.0 
35340.0 11646.604377499134 0.19848406988698433 0.4721223021580637 40.0 75.0 0.0 
35340.0 11646.604377499134 0.19848406988694758 0.47212230215827333 40.0 75.0 0.0 
35340.0 11646.604377499134 0.19848406988694758 0.4721223021582734 40.0 75.0 0.0 
40100.0 10899.09866032502 0.2190382293669606 0.4367950726124303 50.0 83.0 1.5721611721611721 
40100.0 10904.38748914326 0.21710987936443937 0.43679688797845934 52.0 93.0 2.356776556776557 
40100.0 10899.09866032502 0.2190382293669606 0.4367950726124303 50.0 83.0 1.5721611721611721 
38540.0 11071.70397509196 0.21261562178828367 0.4496402877697842 46.0 77.0 0.47692307692307695 
40100.0 10899.09866032502 0.2190382293669606 0.4367950726124303 50.0 83.0 1.5721611721611721 
42075.0 9600.126936438652 0.21711012692736936 0.38412086185717675 51.0 79.0 1.3333333333333333 
35340.0 11646.604377499134 0.19848406988694758 0.4721223021582734 40.0 75.0 0.0 
35340.0 11646.604377499134 0.19848406988694758 0.47212230215827333 40.0 75.0 0.0 
35340.0 11646.604377499134 0.19848406988694758 0.47212230215827333 40.0 75.0 0.0 
35340.0 11646.604377499134 0.1984840701731107 0.47212230052608356 40.0 75.0 0.0 
35340.0 11646.604377499134 0.19848406988694758 0.4721223021582734 40.0 75.0 0.0 
37535.0 11220.845839110534 0.20876156217882835 0.454136690647482 43.0 77.0 0.2583333333333333 
35340.0 11646.604377499134 0.19848406988694758 0.4721223021582734 40.0 75.0 0.0 
40100.0 10899.09866032502 0.2190382293669606 0.4367950726124303 50.0 83.0 1.5721611721611721 
40075.90497737557 10991.520943923773 0.2286744508346829 0.43679342240496044 52.0 92.0 1.9743589743589742 
40100.0 10997.735317785206 0.2305997480063413 0.4367934226169059 49.0 81.0 1.0952380952380951 
40100.0 10997.735317785206 0.2305997480063413 0.4367934226169059 49.0 81.0 1.0952380952380951 
40100.0 10997.735317785206 0.2305997480063413 0.4367934226169059 49.0 81.0 1.0952380952380951 
40100.0 10997.735317785206 0.2305997480063413 0.4367934226169059 49.0 81.0 1.0952380952380951 
40100.0 10899.09866032502 0.2190382293669606 0.4367950726124303 50.0 83.0 1.5721611721611721 
40100.0 10904.38748914326 0.21710987936443937 0.43679688797845934 52.0 93.0 2.356776556776557 
38845.0 11067.032385237238 0.2138985755751009 0.4425772347992686 46.0 83.0 1.3535714285714284 
38540.0 11071.70397509196 0.21261562178827956 0.4496402877697842 46.0 77.0 0.47692307692307695 
40075.90497737557 10991.520943923773 0.2286744508346829 0.43679342240496044 52.0 92.0 1.9743589743589742 
38540.0 11071.70397509196 0.21261562175648366 0.4496402877697937 46.0 77.0 0.47692307692307695 
38845.0 11067.032385237238 0.2138985755751009 0.4425772347992686 46.0 83.0 1.3535714285714284 
40100.0 10997.735317785206 0.23060098579972185 0.4367934224049332 49.0 81.0 1.0952380952380951 
40100.0 10997.735317785206 0.23060098579972185 0.4367934224049332 49.0 81.0 1.0952380952380951 
49438.94366197183 8643.516304658384 0.25757965056526205 0.35200411099691675 65.0 94.0 2.327272727272727 
49438.94366197183 8643.516304658384 0.25757965056526205 0.35200411099691675 65.0 94.0 2.327272727272727 
49438.94366197183 8643.516304658384 0.25757965056526205 0.35200411099691675 65.0 94.0 2.327272727272727 
49438.94366197183 8643.516304658384 0.25757965056526205 0.35200411099691675 65.0 94.0 2.327272727272727 
49438.94366197183 8643.516304658384 0.25757965056526205 0.35200411099691675 65.0 94.0 2.327272727272727 
49440.0 8612.98273829671 0.25757965056526205 0.35200411099691675 65.0 91.0 2.6 
36275.0 11527.240636067605 0.2004108521605874 0.4637729123057837 43.0 81.0 1.0952380952380951 
36275.0 11527.240636067605 0.2004108521605874 0.4637729123057837 43.0 81.0 1.0952380952380951 
36275.0 11527.240636067605 0.20041085216055066 0.4637729123059933 43.0 81.0 1.0952380952380951 
36275.0 11527.240636067605 0.20041085216055066 0.4637729123059934 43.0 81.0 1.0952380952380951 
36275.0 11527.240636067605 0.20041085216055066 0.4637729123059934 43.0 81.0 1.0952380952380951 
40100.0 10899.09866032502 0.2190382293669606 0.4367950726124303 50.0 83.0 1.5721611721611721 
35340.0 11646.604377499134 0.1984840701731107 0.47212230052608356 40.0 75.0 0.0 
