[4, 1, 2, 5, 3, 11][6, 9, 10, 12, 13][5, 14, 8][0, 1, 2][7, 9][7, 14] 
[4, 1, 2, 5][7, 14, 6, 9][0, 1, 3, 11][11, 10, 12][5, 14, 8][12, 13] 
[6, 9, 13, 12, 10][2, 5, 14, 6][4, 3, 5, 7][0, 1, 2][8, 14][3, 11] 
[6, 9, 13, 12, 10][2, 5, 14, 6][4, 3, 5, 7][0, 1, 2][8, 14][3, 11] 
[0, 1, 2, 5, 3, 4][6, 9, 10, 12, 13][5, 14, 8][7, 9][7, 14][3, 11] 
[0, 1, 2, 5, 3, 4][6, 9, 10, 12, 13][5, 14, 8][7, 9][7, 14][3, 11] 
[6, 9, 13, 12, 10][2, 5, 14, 6][4, 3, 5, 7][0, 1, 2][8, 14][3, 11] 
[0, 1, 2, 5, 3, 4][6, 9, 10, 12, 13][7, 9, 10][5, 14, 8][7, 14][3, 11] 
[0, 1, 2, 5, 3, 4][6, 9, 10, 12, 13][5, 14, 8][7, 9][7, 14][3, 11] 
[0, 1, 2, 5, 3, 4][6, 9, 10, 12, 13][7, 9, 10][5, 14, 8][7, 14][3, 11] 
[4, 1, 2, 5, 3, 11][6, 9, 10, 12, 13][5, 14, 8][0, 1, 2][7, 9][7, 14] 
[4, 1, 2, 5][7, 14, 6, 9][0, 1, 3, 11][11, 10, 12][5, 14, 8][12, 13] 
[6, 9, 13, 12, 10][2, 5, 14, 6][4, 3, 5, 7][0, 1, 2][8, 14][3, 11] 
[0, 1, 2, 5, 3, 4][6, 9, 10, 12, 13][5, 14, 8][7, 9][7, 14][3, 11] 
[0, 1, 2, 5, 3, 4][6, 9, 10, 12, 13][5, 14, 8][7, 9][7, 14][3, 11] 
[0, 1, 2, 5, 3, 4][6, 9, 10, 12, 13][7, 9, 10][5, 14, 8][7, 14][3, 11] 
[4, 1, 2, 5, 3, 11][6, 9, 10, 12, 13][5, 14, 8][0, 1, 2][7, 9][7, 14] 
[4, 1, 2, 5][7, 14, 6, 9][0, 1, 3, 11][11, 10, 12][5, 14, 8][12, 13] 
[0, 1, 2, 5, 3, 4][6, 9, 10, 12, 13][5, 14, 8][7, 9][7, 14][3, 11] 
[4, 1, 2, 5, 3, 11][6, 9, 10, 12, 13][8, 14, 5, 3, 11][0, 1, 2][7, 9][7, 14] 
[4, 1, 2, 5, 3, 11][6, 9, 10, 12, 13][5, 14, 8][0, 1, 2][7, 9][7, 14] 
[4, 1, 2, 5][7, 14, 6, 9][0, 1, 3, 11][11, 10, 12][5, 14, 8][12, 13] 
[6, 9, 13, 12, 10][2, 5, 14, 6][4, 3, 5, 7][0, 1, 2][8, 14][3, 11] 
[0, 1, 2, 5, 3, 4][6, 9, 10, 12, 13][5, 14, 8][7, 9][7, 14][3, 11] 
[0, 1, 2, 5, 3, 4][6, 9, 10, 12, 13][5, 14, 8][7, 9][7, 14][3, 11] 
[0, 1, 2, 5, 3, 4][6, 9, 10, 12, 13][7, 9, 10][5, 14, 8][7, 14][3, 11] 
[4, 1, 2, 5, 3, 11][6, 9, 10, 12, 13][5, 14, 8][0, 1, 2][7, 9][7, 14] 
[4, 1, 2, 5][7, 14, 6, 9][0, 1, 3, 11][11, 10, 12][5, 14, 8][12, 13] 
[0, 1, 2, 5, 3, 4][6, 9, 10, 12, 13][5, 14, 8][7, 9][7, 14][3, 11] 
[4, 1, 2, 5, 3, 11][6, 9, 10, 12, 13][5, 14, 8][0, 1, 2][7, 9][7, 14] 
[4, 1, 2, 5, 3, 11][6, 9, 10, 12, 13][5, 14, 8][0, 1, 2][7, 9][7, 14] 
[4, 1, 2, 5][7, 14, 6, 9][0, 1, 3, 11][11, 10, 12][5, 14, 8][12, 13] 
[0, 1, 2, 5, 3, 4][6, 9, 10, 12, 13][5, 14, 8][7, 9][7, 14][3, 11] 
[4, 1, 2, 5, 3, 11][6, 9, 10, 12, 13][5, 14, 8][0, 1, 2][7, 9][7, 14] 
[4, 1, 2, 5, 3, 11][6, 9, 10, 12, 13][5, 14, 8][0, 1, 2][7, 9][7, 14] 
[0, 1, 4, 3, 11, 10, 9, 6][8, 14, 5, 7, 9, 13, 12][7, 14][2, 5][12, 13][9, 10] 
[0, 1, 4, 3, 11, 10, 9, 6][8, 14, 5, 7, 9, 13, 12][7, 14][2, 5][12, 13][9, 10] 
[0, 1, 4, 3, 11, 10, 9, 6][8, 14, 5, 7, 9, 13, 12][7, 14][2, 5][12, 13][9, 10] 
[0, 1, 4, 3, 11, 10, 9, 6][8, 14, 5, 7, 9, 13, 12][7, 14][2, 5][12, 13][9, 10] 
[0, 1, 4, 3, 11, 10, 9, 6][8, 14, 5, 7, 9, 13, 12][7, 14][2, 5][12, 13][9, 10] 
[0, 1, 4, 3, 11, 10, 9, 6][8, 14, 5, 7, 9, 13, 12][7, 14][2, 5][12, 13][9, 10] 
[0, 1, 4, 3, 11, 10, 9, 6][8, 14, 5, 7, 9, 13, 12][5, 14, 7][2, 5][12, 13][9, 10] 
[0, 1, 4, 3, 11, 10, 9, 6][8, 14, 5, 7, 9, 13, 12][7, 14][2, 5][12, 13][9, 10] 
[0, 1, 4, 3, 11, 10, 9, 6][8, 14, 5, 7, 9, 13, 12][7, 14][2, 5][12, 13][9, 10] 
[0, 1, 4, 3, 11, 10, 9, 6][8, 14, 5, 7, 9, 13, 12][7, 14][2, 5][12, 13][9, 10] 
[0, 1, 4, 3, 11, 10, 9, 6][8, 14, 5, 7, 9, 13, 12][7, 14][2, 5][12, 13][9, 10] 
[0, 1, 4, 3, 11, 10, 9, 6][8, 14, 5, 7, 9, 13, 12][7, 14][2, 5][12, 13][9, 10] 
[0, 1, 4, 3, 11, 10, 9, 6][8, 14, 5, 7, 9, 13, 12][7, 14][2, 5][12, 13][9, 10] 
[0, 1, 4, 3, 11, 10, 9, 6][8, 14, 5, 7, 9, 13, 12][5, 14, 7][2, 5][12, 13][9, 10] 
[0, 1, 4, 3, 11, 10, 9, 6][8, 14, 5, 7, 9, 13, 12][5, 14, 7][2, 5][12, 13][9, 10] 
[0, 1, 4, 3, 11, 10, 9, 6][8, 14, 5, 7, 9, 13, 12, 10][5, 14, 7][2, 5][12, 13][9, 10] 
[0, 1, 4, 3, 11, 10, 9, 6][8, 14, 5, 7, 9, 13, 12, 10][7, 14][2, 5][12, 13][9, 10] 
[0, 1, 4, 3, 11, 10, 9, 6][8, 14, 5, 7, 9, 13, 12][7, 14][2, 5][12, 13][9, 10] 
[0, 1, 4, 3, 11, 10, 9, 6][8, 14, 5, 7, 9, 13, 12, 10][5, 14, 7][2, 5][12, 13][9, 10] 
[0, 1, 4, 3, 11, 10, 9, 6][8, 14, 5, 7, 9, 13, 12, 10][5, 14, 7][2, 5][12, 13][9, 10] 
[0, 1, 4, 3, 11, 10, 9, 6][8, 14, 5, 7, 9, 13, 12, 10][5, 14, 7][2, 5][12, 13][9, 10] 
[6, 9, 10, 12, 13][1, 3, 5, 14, 8][2, 5, 3, 11][7, 9, 13][0, 1, 4][7, 14] 
[6, 9, 10, 12, 13][1, 3, 5, 14, 8][2, 5, 3, 11][7, 9, 13][0, 1, 4][7, 14] 
[6, 9, 10, 12, 13][1, 3, 5, 14, 8][2, 5, 3, 11][7, 9, 13][0, 1, 4][7, 14] 
[6, 9, 10, 12, 13][1, 3, 5, 14, 8][7, 9, 13, 12][2, 5, 3, 11][0, 1, 4][7, 14] 
[6, 9, 10, 12, 13][1, 3, 5, 14, 8][2, 5, 3, 11][7, 9, 13][0, 1, 4][7, 14] 
[6, 9, 10, 12, 13][1, 3, 5, 14, 8][7, 9, 13, 12][2, 5, 3, 11][0, 1, 4][7, 14] 
[6, 9, 10, 12, 13][1, 3, 5, 14, 8][2, 5, 3, 11][7, 9, 13][0, 1, 4][7, 14] 
[6, 9, 10, 12, 13][1, 3, 5, 14, 8][2, 5, 3, 11][7, 9, 13][0, 1, 4][7, 14] 
[6, 9, 10, 12, 13][1, 3, 5, 14, 8][7, 9, 13, 12][2, 5, 3, 11][0, 1, 4][7, 14] 
[6, 9, 10, 12, 13][1, 3, 5, 14, 8][2, 5, 3, 11][7, 9, 13][0, 1, 4][7, 14] 
[6, 9, 10, 12, 13][1, 3, 5, 14, 8][2, 5, 3, 11][7, 9, 13][0, 1, 4][7, 14] 
[6, 9, 10, 12, 13][1, 3, 5, 14, 8][2, 5, 3, 11][7, 9, 13][0, 1, 4][7, 14] 
[6, 9, 10, 12, 13][1, 3, 5, 14, 8][7, 9, 13, 12][2, 5, 3, 11][0, 1, 4][7, 14] 
[6, 9, 10, 12, 13][1, 3, 5, 14, 8][2, 5, 3, 11][7, 9, 13][0, 1, 4][7, 14] 
[6, 9, 10, 12, 13][1, 3, 5, 14, 8][2, 5, 3, 11][7, 9, 13][0, 1, 4][7, 14] 
[4, 1, 2, 5, 3, 11][6, 9, 10, 12, 13][5, 14, 8][0, 1, 2][7, 9][7, 14] 
[4, 1, 2, 5, 3, 11][6, 9, 10, 12, 13][5, 14, 8][0, 1, 2][7, 9][7, 14] 
[4, 1, 2, 5, 3, 11][6, 9, 10, 12, 13][5, 14, 8][0, 1, 2][7, 9][7, 14] 
[4, 1, 2, 5, 3, 11][6, 9, 10, 12, 13][5, 14, 8][0, 1, 2][7, 9][7, 14] 
[4, 1, 2, 5, 3, 11][6, 9, 10, 12, 13][5, 14, 8][0, 1, 2][7, 9][7, 14] 
[4, 1, 2, 5, 3, 11][6, 9, 10, 12, 13][5, 14, 8][0, 1, 2][7, 9][7, 14] 
[6, 9, 10, 12, 13][1, 3, 5, 14, 8][2, 5, 3, 11][7, 9, 13][0, 1, 4][7, 14] 
[6, 9, 10, 12, 13][1, 3, 5, 14, 8][2, 5, 3, 11][7, 9, 13][0, 1, 4][7, 14] 
[6, 9, 10, 12, 13][1, 3, 5, 14, 8][7, 9, 13, 12][2, 5, 3, 11][0, 1, 4][7, 14] 
[6, 9, 10, 12, 13][1, 3, 5, 14, 8][2, 5, 3, 11][7, 9, 13][0, 1, 4][7, 14] 
[6, 9, 10, 12, 13][1, 3, 5, 14, 8][2, 5, 3, 11][7, 9, 13][0, 1, 4][7, 14] 
[4, 1, 2, 5, 3, 11][6, 9, 10, 12, 13][0, 1, 4, 3][5, 14, 8][7, 9][7, 14] 
[6, 9, 10, 12, 13][1, 3, 5, 14, 8][2, 5, 3, 11][7, 9, 13][0, 1, 4][7, 14] 
[4, 1, 2, 5, 3, 11][6, 9, 10, 12, 13][5, 14, 8][0, 1, 2][7, 9][7, 14] 
[4, 1, 2, 5, 3, 11][6, 9, 10, 12, 13][5, 14, 8][0, 1, 2][7, 9][7, 14] 
[4, 1, 2, 5, 3, 11][6, 9, 10, 12, 13][5, 14, 8][0, 1, 2][7, 9][7, 14] 
[4, 1, 2, 5, 3, 11][6, 9, 10, 12, 13][5, 14, 8][0, 1, 2][7, 9][7, 14] 
[4, 1, 2, 5, 3, 11][6, 9, 10, 12, 13][5, 14, 8][0, 1, 2][7, 9][7, 14] 
[4, 1, 2, 5, 3, 11][6, 9, 10, 12, 13][5, 14, 8][0, 1, 2][7, 9][7, 14] 
[4, 1, 2, 5, 3, 11][6, 9, 10, 12, 13][5, 14, 8][0, 1, 2][7, 9][7, 14] 
[4, 1, 2, 5, 3, 11][6, 9, 10, 12, 13][5, 14, 8][0, 1, 2][7, 9][7, 14] 
[4, 1, 2, 5, 3, 11][6, 9, 10, 12, 13][5, 14, 8][0, 1, 2][7, 9][7, 14] 
[4, 1, 2, 5, 3, 11][6, 9, 10, 12, 13][5, 14, 8][0, 1, 2][7, 9][7, 14] 
[4, 1, 2, 5, 3, 11][6, 9, 10, 12, 13][5, 14, 8][0, 1, 2][7, 9][7, 14] 
[4, 1, 2, 5, 3, 11][6, 9, 10, 12, 13][5, 14, 8][0, 1, 2][7, 9][7, 14] 
[4, 1, 2, 5, 3, 11][6, 9, 10, 12, 13][5, 14, 8][0, 1, 2][7, 9][7, 14] 
[4, 1, 2, 5, 3, 11][6, 9, 10, 12, 13][5, 14, 8][0, 1, 2][7, 9][7, 14] 
[4, 1, 2, 5, 3, 11][6, 9, 10, 12, 13][5, 14, 8][0, 1, 2][7, 9][7, 14] 
[0, 1, 3, 11, 10, 12, 13][11, 10, 12, 13][4, 1, 2, 5][7, 14, 6, 9][5, 14, 8][12, 13] 
[0, 1, 3, 11, 10, 12, 13][11, 10, 12, 13][4, 1, 2, 5][7, 14, 6, 9][5, 14, 8][12, 13] 
[0, 1, 3, 11, 10, 12, 13][11, 10, 12, 13][4, 1, 2, 5][7, 14, 6, 9][5, 14, 8][12, 13] 
[0, 1, 3, 11, 10, 12, 13][11, 10, 12, 13][4, 1, 2, 5][7, 14, 6, 9][5, 14, 8][12, 13] 
[0, 1, 3, 11, 10, 12, 13][11, 10, 12, 13][4, 1, 2, 5][7, 14, 6, 9][5, 14, 8][12, 13] 
[0, 1, 3, 11, 10, 12, 13][3, 4, 1, 2, 5][7, 14, 6, 9][5, 14, 8][10, 11][12, 13] 
[6, 9, 10, 12, 13][1, 3, 5, 14, 8][2, 5, 3, 11][0, 1, 4][7, 9][7, 14] 
[6, 9, 10, 12, 13][1, 3, 5, 14, 8][2, 5, 3, 11][0, 1, 4][7, 9][7, 14] 
[6, 9, 10, 12, 13][1, 3, 5, 14, 8][2, 5, 3, 11][0, 1, 4][7, 9][7, 14] 
[6, 9, 10, 12, 13][1, 3, 5, 14, 8][2, 5, 3, 11][0, 1, 4][7, 9][7, 14] 
[6, 9, 10, 12, 13][1, 3, 5, 14, 8][2, 5, 3, 11][0, 1, 4][7, 9][7, 14] 
[4, 1, 2, 5, 3, 11][6, 9, 10, 12, 13][5, 14, 8][0, 1, 2][7, 9][7, 14] 
[6, 9, 10, 12, 13][1, 3, 5, 14, 8][2, 5, 3, 11][7, 9, 13][0, 1, 4][7, 14] 
