54510.0 8646.298450733775 0.2094039054470709 0.3828365878725591 58.0 73.0 0.0 
61910.0 8446.569576960086 0.17471736896199774 0.190775950667958 64.0 72.0 0.0 
61910.0 8446.569576960086 0.17471736896199774 0.190775950667958 64.0 72.0 0.0 
61910.0 8446.569576960086 0.17471736896199774 0.190775950667958 64.0 72.0 0.0 
54510.0 8646.298450733775 0.2094039054470709 0.3828365878725591 58.0 73.0 0.0 
61910.0 8446.569576960086 0.17471736896199774 0.190775950667958 64.0 72.0 0.0 
61910.0 8446.569576960086 0.1747173691523539 0.19077595005299078 64.0 72.0 0.0 
54510.0 8646.298450733775 0.2094039054470709 0.3828365878725591 58.0 73.0 0.0 
54510.0 8646.298450733775 0.2094039054470709 0.3828365878725591 58.0 73.0 0.0 
54510.0 8646.298450733775 0.2094039054470709 0.3828365878725591 58.0 73.0 0.0 
54510.0 8646.298450733775 0.2094039054470709 0.3828365878725591 58.0 73.0 0.0 
61910.0 8446.569576960086 0.17471736896197326 0.190775950668037 64.0 72.0 0.0 
61910.0 8446.569576960086 0.17471736896199774 0.190775950667958 64.0 72.0 0.0 
54510.0 8646.298450733775 0.20940390544734175 0.3828365878720771 58.0 73.0 0.0 
61910.0 8446.569576960086 0.17471736896197326 0.190775950668037 64.0 72.0 0.0 
54510.0 8646.298450733775 0.20940390544707094 0.38283658787255903 58.0 73.0 0.0 
54510.0 8646.298450733775 0.20940390544707094 0.38283658787255903 58.0 73.0 0.0 
61910.0 8446.569576960086 0.17471736896197326 0.190775950668037 64.0 72.0 0.0 
54510.0 8646.298450733775 0.2094039054470709 0.3828365878725591 58.0 73.0 0.0 
54510.0 8646.298450733775 0.20940778293655324 0.3828281728953847 58.0 73.0 0.0 
54510.0 8646.298450733775 0.2094039054470709 0.3828365878725591 58.0 73.0 0.0 
61910.0 8446.569576960086 0.17471736896199774 0.190775950667958 64.0 72.0 0.0 
61910.0 8446.569576960086 0.17471736896199774 0.190775950667958 64.0 72.0 0.0 
54510.0 8646.298450733775 0.2094039054470709 0.3828365878725591 58.0 73.0 0.0 
61910.0 8446.569576960086 0.17471736896199774 0.190775950667958 64.0 72.0 0.0 
54510.0 8646.298450733775 0.2094039054470709 0.3828365878725591 58.0 73.0 0.0 
54510.0 8646.298450733775 0.2094039054470709 0.3828365878725591 58.0 73.0 0.0 
61910.0 8446.569576960086 0.17471885107511645 0.19077116253322163 64.0 72.0 0.0 
54510.0 8646.298450733775 0.20940390544707094 0.38283658787255903 58.0 73.0 0.0 
54510.0 8646.298450733775 0.20940390544707094 0.38283658787255903 58.0 73.0 0.0 
54510.0 8646.298450733775 0.20940390544734175 0.3828365878720771 58.0 73.0 0.0 
61910.0 8446.569576960086 0.17471736896197326 0.190775950668037 64.0 72.0 0.0 
54510.0 8646.298450733775 0.20940390544707094 0.38283658787255903 58.0 73.0 0.0 
54510.0 8646.298450733775 0.20940390544734175 0.3828365878720771 58.0 73.0 0.0 
54510.0 8646.298450733775 0.20940390544707094 0.38283658787255903 58.0 73.0 0.0 
181045.0 5519.2122189528955 0.3899023638232271 0.04175231243576566 177.0 79.0 1.0476190476190477 
181045.0 5519.2122189528955 0.3899023638232271 0.04175231243576566 177.0 79.0 1.0476190476190477 
181045.0 5519.2122189528955 0.3899023638232271 0.04175231243576566 177.0 79.0 1.0476190476190477 
181045.0 5580.6651028030265 0.364206158524184 0.041752312435765666 174.0 81.0 1.3216931216931216 
181045.0 5580.660843820326 0.36421193350859143 0.04175231243567726 174.0 81.0 1.3216931216931216 
181045.0 5580.6651028030265 0.364206158524184 0.041752312435765666 174.0 81.0 1.3216931216931216 
181045.0 5519.2122189528955 0.38990673280321847 0.04174695387180635 177.0 79.0 1.0476190476190477 
181045.0 5519.2122189528955 0.389902364384432 0.0417523117474466 177.0 79.0 1.0476190476190477 
181045.0 5580.660843820326 0.3642119335085697 0.04175231243567726 174.0 81.0 1.3216931216931216 
181045.0 5519.236919519601 0.3899023642148757 0.0417523117474466 177.0 79.0 1.0476190476190477 
181045.0 5519.2122189528955 0.38990673280321847 0.04174695387180635 177.0 79.0 1.0476190476190477 
181045.0 5519.2122189528955 0.389902364384432 0.0417523117474466 177.0 79.0 1.0476190476190477 
181045.0 5580.660843820326 0.36421193350859143 0.04175231243567726 174.0 81.0 1.3216931216931216 
181045.0 5519.2122189528955 0.38990673280321847 0.04174695387180635 177.0 79.0 1.0476190476190477 
181045.0 5519.2122189528955 0.38990673280321847 0.04174695387180635 177.0 79.0 1.0476190476190477 
181045.0 5485.834350814644 0.3796261922585489 0.0417523117474466 181.0 85.0 1.6984126984126984 
181045.0 5485.834350814644 0.3796261916973943 0.04175231243567726 181.0 85.0 1.6984126984126984 
181045.0 5519.2122189528955 0.389902364384432 0.0417523117474466 177.0 79.0 1.0476190476190477 
181045.0 5485.834350814644 0.3796261916973943 0.04175231243567726 181.0 85.0 1.6984126984126984 
181045.0 5485.834350814644 0.3796261922585489 0.0417523117474466 181.0 85.0 1.6984126984126984 
181045.0 5485.834350814644 0.3796261922585489 0.0417523117474466 187.0 87.0 1.6962481962481961 
52185.0 8795.974042920574 0.27749229207094384 0.42266186713276827 62.0 80.0 0.0 
52185.0 8795.974042920574 0.2774922918808055 0.4226618705031641 62.0 80.0 0.0 
52185.0 8795.974042920574 0.27749229188078106 0.4226618705035971 62.0 80.0 0.0 
52185.0 8795.974042920574 0.27749229207094384 0.42266186713276827 62.0 80.0 0.0 
52185.0 8795.974042920574 0.27749229188078106 0.4226618705035971 62.0 80.0 0.0 
52185.0 8795.974042920574 0.27749229188078106 0.4226618705035971 62.0 80.0 0.0 
52185.0 8795.974042920574 0.27749229188078106 0.4226618705035971 62.0 80.0 0.0 
52185.0 8795.974042920574 0.2774922918808055 0.4226618705031641 62.0 80.0 0.0 
52185.0 8795.974042920574 0.27749229188078106 0.4226618705035971 62.0 80.0 0.0 
52185.0 8795.974042920574 0.27749229188078106 0.4226618705035971 62.0 80.0 0.0 
52185.0 8795.974042920574 0.2774922918808055 0.4226618705031641 62.0 80.0 0.0 
52185.0 8795.974042920574 0.27749229188078106 0.4226618705035971 62.0 80.0 0.0 
52185.0 8795.974042920574 0.27749229188078106 0.4226618705035971 62.0 80.0 0.0 
52185.0 8795.974042920574 0.27749229188078106 0.4226618705035971 62.0 80.0 0.0 
52185.0 8795.974042920574 0.27749229188078106 0.4226618705035971 62.0 80.0 0.0 
54510.0 8646.298450733775 0.2094039054470709 0.3828365878725591 58.0 73.0 0.0 
54510.0 8646.298450733775 0.20940390544707094 0.38283658787255903 58.0 73.0 0.0 
54510.0 8646.298450733775 0.20940390544734175 0.3828365878720771 58.0 73.0 0.0 
54510.0 8646.298450733775 0.2094039054470709 0.3828365878725591 58.0 73.0 0.0 
54510.0 8646.298450733775 0.20940390544734175 0.3828365878720771 58.0 73.0 0.0 
57755.0 8384.362441387933 0.21582651302574785 0.3609997221050575 68.0 79.0 0.406060606060606 
52185.0 8795.974042920574 0.27749229207094384 0.42266186713276827 62.0 80.0 0.0 
52185.0 8795.974042920574 0.27749229188078106 0.4226618705035971 62.0 80.0 0.0 
52185.0 8795.974042920574 0.27749229207094384 0.42266186713276827 62.0 80.0 0.0 
52185.0 8795.974042920574 0.27749229188078106 0.4226618705035971 62.0 80.0 0.0 
52185.0 8795.974042920574 0.27749229188078106 0.4226618705035971 62.0 80.0 0.0 
52185.0 8795.974042920574 0.27749229207094384 0.42266186713276827 62.0 80.0 0.0 
52185.0 8795.974042920574 0.27749229188078106 0.4226618705035971 62.0 80.0 0.0 
54510.0 8646.298450733775 0.2094039054470709 0.3828365878725591 58.0 73.0 0.0 
54510.0 8646.298450733775 0.20940390755548458 0.3828365841203128 58.0 73.0 0.0 
54510.0 8646.298450733775 0.2094039054470709 0.3828365878725591 58.0 73.0 0.0 
54510.0 8646.298450733775 0.20940390544707094 0.38283658787255903 58.0 73.0 0.0 
54510.0 8646.298450733775 0.2094039054470709 0.3828365878725591 58.0 73.0 0.0 
54510.0 8646.298450733775 0.20940390544734175 0.3828365878720771 58.0 73.0 0.0 
54510.0 8646.298450733775 0.2094039054470709 0.3828365878725591 58.0 73.0 0.0 
54510.0 8646.298450733775 0.20940390544707094 0.38283658787255903 58.0 73.0 0.0 
54510.0 8646.298450733775 0.20940390544707094 0.38283658787255903 58.0 73.0 0.0 
54510.0 8646.298450733775 0.2094039054470709 0.3828365878725591 58.0 73.0 0.0 
54510.0 8646.298450733775 0.2094039054470709 0.3828365878725591 58.0 73.0 0.0 
54510.0 8646.298450733775 0.2094039054470709 0.3828365878725591 58.0 73.0 0.0 
54510.0 8646.298450733775 0.2094039054470709 0.3828365878725591 58.0 73.0 0.0 
54510.0 8646.298450733775 0.2094039054470709 0.3828365878725591 58.0 73.0 0.0 
54510.0 8646.298450733775 0.2094039054470709 0.3828365878725591 58.0 73.0 0.0 
61970.0 7392.964873100485 0.19657486357361784 0.319886942306669 73.0 84.0 1.0888888888888888 
61970.0 7392.964873100485 0.19657486357361784 0.319886942306669 73.0 84.0 1.0888888888888888 
61970.0 7392.964873100485 0.19655704008251404 0.31988694758478925 73.0 84.0 1.0888888888888888 
61970.0 7392.964873100485 0.19655704008251404 0.31988694758478925 73.0 84.0 1.0888888888888888 
61970.0 7446.766479676236 0.19655704237168575 0.31988694758411135 73.0 94.0 1.3111111111111111 
62990.0 7152.143494262706 0.16765530597817374 0.3198869475847893 77.0 87.0 1.4127525252525253 
52185.0 8795.974042920574 0.27749377229814265 0.4226356286008574 62.0 80.0 0.0 
52185.0 8795.974042920574 0.27749229188078106 0.4226618705035971 62.0 80.0 0.0 
52185.0 8795.974042920574 0.2774922918808055 0.4226618705031641 62.0 80.0 0.0 
52185.0 8795.974042920574 0.27749229188078106 0.4226618705035971 62.0 80.0 0.0 
52185.0 8795.974042920574 0.2774922918808055 0.4226618705031641 62.0 80.0 0.0 
54510.0 8646.298450733775 0.2094039054470709 0.3828365878725591 58.0 73.0 0.0 
52185.0 8795.974042920574 0.27749229207094384 0.42266186713276827 62.0 80.0 0.0 
