[0, 1, 2, 5, 3, 11, 10, 12][3, 4, 1, 2, 5, 7][13, 9, 6, 14][7, 14, 8] 
[0, 1, 2, 5, 14, 8][3, 11, 10, 12, 13][7, 14, 6, 9][1, 4, 3] 
[0, 1, 2, 5, 14, 8][3, 11, 10, 12, 13][7, 14, 6, 9][1, 4, 3] 
[0, 1, 2, 5, 14, 8][3, 11, 10, 12, 13][7, 14, 6, 9][1, 4, 3] 
[0, 1, 2, 5, 3, 11, 10, 12][4, 1, 2, 5, 7][13, 9, 6, 14][7, 14, 8] 
[0, 1, 2, 5, 14, 8][5, 7, 14, 6, 9][3, 11, 10, 12, 13][1, 4, 3] 
[0, 1, 2, 5, 14, 8][3, 11, 10, 12, 13][7, 14, 6, 9][1, 4, 3] 
[0, 1, 2, 5, 3, 11, 10, 12][4, 1, 2, 5, 7][13, 9, 6, 14][7, 14, 8] 
[0, 1, 2, 5, 14, 8][5, 7, 14, 6, 9][3, 11, 10, 12, 13][1, 4, 3] 
[0, 1, 2, 5, 3, 11, 10, 12][4, 1, 2, 5, 7][13, 9, 6, 14][7, 14, 8] 
[0, 1, 2, 5, 3, 11, 10, 12][3, 4, 1, 2, 5, 7][13, 9, 6, 14][7, 14, 8] 
[0, 1, 2, 5, 14, 8][3, 11, 10, 12, 13][7, 14, 6, 9][1, 4, 3] 
[0, 1, 2, 5, 14, 8][3, 11, 10, 12, 13][7, 14, 6, 9][1, 4, 3] 
[0, 1, 2, 5, 3, 11, 10, 12][4, 1, 2, 5, 7][13, 9, 6, 14][7, 14, 8] 
[0, 1, 2, 5, 14, 8][5, 7, 14, 6, 9][3, 11, 10, 12, 13][1, 4, 3] 
[0, 1, 2, 5, 3, 11, 10, 12][4, 1, 2, 5, 7][13, 9, 6, 14][7, 14, 8] 
[7, 5, 2, 1, 4, 3, 11, 10][0, 1, 2, 5, 3, 11, 10, 12][13, 9, 6, 14][7, 14, 8] 
[0, 1, 2, 5, 14, 8][3, 11, 10, 12, 13][7, 14, 6, 9][1, 4, 3] 
[0, 1, 2, 5, 3, 11, 10, 12][4, 1, 2, 5, 7][13, 9, 6, 14][7, 14, 8] 
[7, 5, 2, 1, 4, 3, 11, 10][0, 1, 2, 5, 3, 11, 10, 12][13, 9, 6, 14][7, 14, 8] 
[0, 1, 2, 5, 3, 11, 10, 12][3, 4, 1, 2, 5, 7][13, 9, 6, 14][7, 14, 8] 
[0, 1, 2, 5, 14, 8][3, 11, 10, 12, 13][7, 14, 6, 9][1, 4, 3] 
[0, 1, 2, 5, 14, 8][3, 11, 10, 12, 13][7, 14, 6, 9][1, 4, 3] 
[0, 1, 2, 5, 3, 11, 10, 12][4, 1, 2, 5, 7][13, 9, 6, 14][7, 14, 8] 
[0, 1, 2, 5, 14, 8][5, 7, 14, 6, 9][3, 11, 10, 12, 13][1, 4, 3] 
[0, 1, 2, 5, 3, 11, 10, 12][4, 1, 2, 5, 7][13, 9, 6, 14][7, 14, 8] 
[7, 5, 2, 1, 4, 3, 11, 10][0, 1, 2, 5, 3, 11, 10, 12][13, 9, 6, 14][7, 14, 8] 
[0, 1, 2, 5, 14, 8][3, 11, 10, 12, 13][7, 14, 6, 9][1, 4, 3] 
[0, 1, 2, 5, 3, 11, 10, 12][4, 1, 2, 5, 7][13, 9, 6, 14][7, 14, 8] 
[7, 5, 2, 1, 4, 3, 11, 10][0, 1, 2, 5, 3, 11, 10, 12][13, 9, 6, 14][7, 14, 8] 
[7, 5, 2, 1, 4, 3, 11, 10][0, 1, 2, 5, 3, 11, 10, 12][13, 9, 6, 14][7, 14, 8] 
[0, 1, 2, 5, 14, 8][3, 11, 10, 12, 13][7, 14, 6, 9][1, 4, 3] 
[0, 1, 2, 5, 3, 11, 10, 12][4, 1, 2, 5, 7][13, 9, 6, 14][7, 14, 8] 
[7, 5, 2, 1, 4, 3, 11, 10][0, 1, 2, 5, 3, 11, 10, 12][13, 9, 6, 14][7, 14, 8] 
[7, 5, 2, 1, 4, 3, 11, 10][0, 1, 2, 5, 3, 11, 10, 12][13, 9, 6, 14][7, 14, 8] 
[0, 1, 4, 3, 11, 10, 12, 13][1, 2, 5, 7, 9, 6, 14, 8][10, 12][1, 2] 
[0, 1, 4, 3, 11, 10, 12, 13][1, 2, 5, 7, 9, 6, 14, 8][10, 12, 13][1, 2] 
[0, 1, 4, 3, 11, 10, 12, 13][1, 2, 5, 7, 9, 6, 14, 8][10, 12][1, 2] 
[0, 1, 4, 3, 11, 10, 12, 13][1, 2, 5, 7, 9, 6, 14, 8][10, 12][1, 2] 
[0, 1, 4, 3, 11, 10, 12, 13][1, 2, 5, 7, 9, 6, 14, 8][10, 12][1, 2] 
[0, 1, 4, 3, 11, 10, 12, 13][1, 2, 5, 7, 9, 6, 14, 8][1, 2, 5, 14][10, 12] 
[0, 1, 4, 3, 11, 10, 12, 13][1, 2, 5, 7, 9, 6, 14, 8][10, 12][1, 2] 
[0, 1, 4, 3, 11, 10, 12, 13][1, 2, 5, 7, 9, 6, 14, 8][10, 12, 13][1, 2] 
[0, 1, 4, 3, 11, 10, 12, 13][1, 2, 5, 7, 9, 6, 14, 8][10, 12][1, 2] 
[0, 1, 4, 3, 11, 10, 12, 13][1, 2, 5, 7, 9, 6, 14, 8][10, 12][1, 2] 
[0, 1, 4, 3, 11, 10, 12, 13][1, 2, 5, 7, 9, 6, 14, 8][10, 12, 13][1, 2] 
[0, 1, 4, 3, 11, 10, 12, 13][1, 2, 5, 7, 9, 6, 14, 8][10, 12, 13][1, 2] 
[0, 1, 4, 3, 11, 10, 12, 13][1, 2, 5, 7, 9, 6, 14, 8][10, 12][1, 2] 
[0, 1, 4, 3, 11, 10, 12, 13][1, 2, 5, 7, 9, 6, 14, 8][10, 12][1, 2] 
[0, 1, 4, 3, 11, 10, 12, 13][1, 2, 5, 7, 9, 6, 14, 8][10, 12][1, 2] 
[0, 1, 4, 3, 11, 10, 12, 13][1, 2, 5, 7, 9, 6, 14, 8][10, 12][1, 2] 
[0, 1, 4, 3, 11, 10, 12, 13][1, 2, 5, 7, 9, 6, 14, 8][10, 12][1, 2] 
[0, 1, 4, 3, 11, 10, 12, 13][1, 2, 5, 7, 9, 6, 14, 8][10, 12][1, 2] 
[0, 1, 4, 3, 11, 10, 12, 13][1, 2, 5, 7, 9, 6, 14, 8][10, 12][1, 2] 
[0, 1, 4, 3, 11, 10, 12, 13][1, 2, 5, 7, 9, 6, 14, 8][10, 12][1, 2] 
[0, 1, 4, 3, 11, 10, 12, 13][1, 2, 5, 7, 9, 6, 14, 8][10, 12][1, 2] 
[0, 1, 2, 5, 3, 11, 10, 12][3, 4, 1, 2, 5, 7][13, 9, 6, 14][7, 14, 8] 
[0, 1, 2, 5, 3, 11, 10, 12][3, 4, 1, 2, 5, 7][13, 9, 6, 14][7, 14, 8] 
[0, 1, 2, 5, 3, 11, 10, 12][3, 4, 1, 2, 5, 7][13, 9, 6, 14][7, 14, 8] 
[0, 1, 2, 5, 3, 11, 10, 12][3, 4, 1, 2, 5, 7][13, 9, 6, 14][7, 14, 8] 
[0, 1, 2, 5, 3, 11, 10, 12][3, 4, 1, 2, 5, 7][13, 9, 6, 14][7, 14, 8] 
[0, 1, 2, 5, 3, 11, 10, 12][3, 4, 1, 2, 5, 7][13, 9, 6, 14][7, 14, 8] 
[0, 1, 2, 5, 3, 11, 10, 12][3, 4, 1, 2, 5, 7][13, 9, 6, 14][7, 14, 8] 
[0, 1, 2, 5, 3, 11, 10, 12][3, 4, 1, 2, 5, 7][13, 9, 6, 14][7, 14, 8] 
[0, 1, 2, 5, 3, 11, 10, 12][3, 4, 1, 2, 5, 7][13, 9, 6, 14][7, 14, 8] 
[0, 1, 2, 5, 3, 11, 10, 12][3, 4, 1, 2, 5, 7][13, 9, 6, 14][7, 14, 8] 
[0, 1, 2, 5, 3, 11, 10, 12][3, 4, 1, 2, 5, 7][13, 9, 6, 14][7, 14, 8] 
[0, 1, 2, 5, 3, 11, 10, 12][3, 4, 1, 2, 5, 7][13, 9, 6, 14][7, 14, 8] 
[0, 1, 2, 5, 3, 11, 10, 12][3, 4, 1, 2, 5, 7][13, 9, 6, 14][7, 14, 8] 
[0, 1, 2, 5, 3, 11, 10, 12][3, 4, 1, 2, 5, 7][13, 9, 6, 14][7, 14, 8] 
[0, 1, 2, 5, 3, 11, 10, 12][3, 4, 1, 2, 5, 7][13, 9, 6, 14][7, 14, 8] 
[7, 5, 2, 1, 4, 3, 11, 10][0, 1, 2, 5, 3, 11, 10, 12][13, 9, 6, 14][7, 14, 8] 
[7, 5, 2, 1, 4, 3, 11, 10][0, 1, 2, 5, 3, 11, 10, 12][13, 9, 6, 14][7, 14, 8] 
[7, 5, 2, 1, 4, 3, 11, 10][0, 1, 2, 5, 3, 11, 10, 12][13, 9, 6, 14][7, 14, 8] 
[7, 5, 2, 1, 4, 3, 11, 10][0, 1, 2, 5, 3, 11, 10, 12][13, 9, 6, 14][7, 14, 8] 
[7, 5, 2, 1, 4, 3, 11, 10][0, 1, 2, 5, 3, 11, 10, 12][13, 9, 6, 14][7, 14, 8] 
[0, 1, 4, 3, 11, 10, 12, 13][2, 5, 7, 9, 6, 14, 8][10, 12][1, 2] 
[0, 1, 2, 5, 3, 11, 10, 12][3, 4, 1, 2, 5, 7][13, 9, 6, 14][7, 14, 8] 
[0, 1, 2, 5, 3, 11, 10, 12][3, 4, 1, 2, 5, 7][13, 9, 6, 14][7, 14, 8] 
[0, 1, 2, 5, 3, 11, 10, 12][3, 4, 1, 2, 5, 7][13, 9, 6, 14][7, 14, 8] 
[0, 1, 2, 5, 3, 11, 10, 12][3, 4, 1, 2, 5, 7][13, 9, 6, 14][7, 14, 8] 
[0, 1, 2, 5, 3, 11, 10, 12][3, 4, 1, 2, 5, 7][13, 9, 6, 14][7, 14, 8] 
[7, 5, 2, 1, 4, 3, 11, 10][0, 1, 2, 5, 3, 11, 10, 12][13, 9, 6, 14][7, 14, 8] 
[0, 1, 2, 5, 3, 11, 10, 12][3, 4, 1, 2, 5, 7][13, 9, 6, 14][7, 14, 8] 
[7, 5, 2, 1, 4, 3, 11, 10][0, 1, 2, 5, 3, 11, 10, 12][13, 9, 6, 14][7, 14, 8] 
[7, 5, 2, 1, 4, 3, 11, 10][0, 1, 2, 5, 3, 11, 10, 12][13, 9, 6, 14][7, 14, 8] 
[7, 5, 2, 1, 4, 3, 11, 10][0, 1, 2, 5, 3, 11, 10, 12][13, 9, 6, 14][7, 14, 8] 
[7, 5, 2, 1, 4, 3, 11, 10][0, 1, 2, 5, 3, 11, 10, 12][13, 9, 6, 14][7, 14, 8] 
[7, 5, 2, 1, 4, 3, 11, 10][0, 1, 2, 5, 3, 11, 10, 12][13, 9, 6, 14][7, 14, 8] 
[7, 5, 2, 1, 4, 3, 11, 10][0, 1, 2, 5, 3, 11, 10, 12][13, 9, 6, 14][7, 14, 8] 
[7, 5, 2, 1, 4, 3, 11, 10][0, 1, 2, 5, 3, 11, 10, 12][13, 9, 6, 14][7, 14, 8] 
[7, 5, 2, 1, 4, 3, 11, 10][0, 1, 2, 5, 3, 11, 10, 12][13, 9, 6, 14][7, 14, 8] 
[7, 5, 2, 1, 4, 3, 11, 10][0, 1, 2, 5, 3, 11, 10, 12][13, 9, 6, 14][7, 14, 8] 
[7, 5, 2, 1, 4, 3, 11, 10][0, 1, 2, 5, 3, 11, 10, 12][13, 9, 6, 14][7, 14, 8] 
[7, 5, 2, 1, 4, 3, 11, 10][0, 1, 2, 5, 3, 11, 10, 12][13, 9, 6, 14][7, 14, 8] 
[7, 5, 2, 1, 4, 3, 11, 10][0, 1, 2, 5, 3, 11, 10, 12][13, 9, 6, 14][7, 14, 8] 
[7, 5, 2, 1, 4, 3, 11, 10][0, 1, 2, 5, 3, 11, 10, 12][13, 9, 6, 14][7, 14, 8] 
[7, 5, 2, 1, 4, 3, 11, 10][0, 1, 2, 5, 3, 11, 10, 12][13, 9, 6, 14][7, 14, 8] 
[7, 5, 2, 1, 4, 3, 11, 10][0, 1, 2, 5, 3, 11, 10, 12][13, 9, 6, 14][7, 14, 8] 
[0, 1, 4, 3, 11, 10, 12, 13][2, 5, 7, 9, 6, 14, 8][10, 12][1, 2] 
[0, 1, 4, 3, 11, 10, 12, 13][2, 5, 7, 9, 6, 14, 8][10, 12][1, 2] 
[0, 1, 4, 3, 11, 10, 12, 13][2, 5, 7, 9, 6, 14, 8][10, 12][1, 2] 
[0, 1, 4, 3, 11, 10, 12, 13][2, 5, 7, 9, 6, 14, 8][10, 12][1, 2] 
[0, 1, 4, 3, 11, 10, 12, 13][2, 5, 7, 9, 6, 14, 8][10, 12][1, 2] 
[0, 1, 4, 3, 11, 10, 12, 13][2, 5, 7, 9, 6, 14, 8][10, 12][1, 2] 
[7, 5, 2, 1, 4, 3, 11, 10][0, 1, 2, 5, 3, 11, 10, 12][13, 9, 6, 14][7, 14, 8] 
[7, 5, 2, 1, 4, 3, 11, 10][0, 1, 2, 5, 3, 11, 10, 12][13, 9, 6, 14][7, 14, 8] 
[7, 5, 2, 1, 4, 3, 11, 10][0, 1, 2, 5, 3, 11, 10, 12][13, 9, 6, 14][7, 14, 8] 
[7, 5, 2, 1, 4, 3, 11, 10][0, 1, 2, 5, 3, 11, 10, 12][13, 9, 6, 14][7, 14, 8] 
[7, 5, 2, 1, 4, 3, 11, 10][0, 1, 2, 5, 3, 11, 10, 12][13, 9, 6, 14][7, 14, 8] 
[7, 5, 2, 1, 4, 3, 11, 10][0, 1, 2, 5, 3, 11, 10, 12][13, 9, 6, 14][7, 14, 8] 
[0, 1, 2, 5, 3, 11, 10, 12][7, 5, 2, 1, 4, 3, 11][13, 9, 6, 14][7, 14, 8] 
