[8, 14, 6, 9, 10, 12, 13][0, 1, 2, 5, 7][1, 4, 3, 11][7, 14] 
[8, 14, 6, 9, 10, 12, 13][0, 1, 2, 5, 7][1, 4, 3, 11][7, 14] 
[8, 14, 6, 9, 10, 12, 13][0, 1, 2, 5, 7][1, 4, 3, 11][7, 14] 
[8, 14, 6, 9, 10, 12, 13][0, 1, 2, 5, 7][1, 4, 3, 11][7, 14] 
[4, 1, 3, 11, 10, 12][8, 14, 6, 9, 13][0, 1, 2, 5, 7][12, 13] 
[13, 12, 10, 9, 6, 14][0, 1, 2, 5, 7][1, 4, 3, 11][7, 14, 8] 
[13, 12, 10, 9, 6, 14][0, 1, 2, 5, 7][1, 4, 3, 11][7, 14, 8] 
[4, 1, 3, 11, 10, 12][8, 14, 6, 9, 13][0, 1, 2, 5, 7][12, 13] 
[13, 12, 10, 9, 6, 14][0, 1, 2, 5, 7][1, 4, 3, 11][7, 14, 8] 
[4, 1, 3, 11, 10, 12][8, 14, 6, 9, 13][0, 1, 2, 5, 7][12, 13] 
[8, 14, 6, 9, 10, 12, 13][0, 1, 2, 5, 7][1, 4, 3, 11][7, 14] 
[8, 14, 6, 9, 10, 12, 13][0, 1, 2, 5, 7][1, 4, 3, 11][7, 14] 
[8, 14, 6, 9, 10, 12, 13][0, 1, 2, 5, 7][1, 4, 3, 11][7, 14] 
[4, 1, 3, 11, 10, 12][8, 14, 6, 9, 13][0, 1, 2, 5, 7][12, 13] 
[13, 12, 10, 9, 6, 14][0, 1, 2, 5, 7][1, 4, 3, 11][7, 14, 8] 
[4, 1, 3, 11, 10, 12][8, 14, 6, 9, 13][0, 1, 2, 5, 7][12, 13] 
[8, 14, 6, 9, 10, 12, 13][0, 1, 2, 5, 7][1, 4, 3, 11][7, 14] 
[8, 14, 6, 9, 10, 12, 13][0, 1, 2, 5, 7][1, 4, 3, 11][7, 14] 
[4, 1, 3, 11, 10, 12][8, 14, 6, 9, 13][0, 1, 2, 5, 7][12, 13] 
[8, 14, 6, 9, 10, 12, 13][0, 1, 2, 5, 7][1, 4, 3, 11][7, 14] 
[8, 14, 6, 9, 10, 12, 13][0, 1, 2, 5, 7][1, 4, 3, 11][7, 14] 
[8, 14, 6, 9, 10, 12, 13][0, 1, 2, 5, 7][1, 4, 3, 11][7, 14] 
[8, 14, 6, 9, 10, 12, 13][0, 1, 2, 5, 7][1, 4, 3, 11][7, 14] 
[4, 1, 3, 11, 10, 12][8, 14, 6, 9, 13][0, 1, 2, 5, 7][12, 13] 
[13, 12, 10, 9, 6, 14][0, 1, 2, 5, 7][1, 4, 3, 11][7, 14, 8] 
[4, 1, 3, 11, 10, 12][8, 14, 6, 9, 13][0, 1, 2, 5, 7][12, 13] 
[8, 14, 6, 9, 10, 12, 13][0, 1, 2, 5, 7][1, 4, 3, 11][7, 14] 
[8, 14, 6, 9, 10, 12, 13][0, 1, 2, 5, 7][1, 4, 3, 11][7, 14] 
[4, 1, 3, 11, 10, 12][8, 14, 6, 9, 13][0, 1, 2, 5, 7][12, 13] 
[8, 14, 6, 9, 10, 12, 13][0, 1, 2, 5, 7][1, 4, 3, 11][7, 14] 
[8, 14, 6, 9, 10, 12, 13][0, 1, 2, 5, 7][1, 4, 3, 11][7, 14] 
[8, 14, 6, 9, 10, 12, 13][0, 1, 2, 5, 7][1, 4, 3, 11][7, 14] 
[4, 1, 3, 11, 10, 12][8, 14, 6, 9, 13][0, 1, 2, 5, 7][12, 13] 
[8, 14, 6, 9, 10, 12, 13][0, 1, 2, 5, 7][1, 4, 3, 11][7, 14] 
[8, 14, 6, 9, 10, 12, 13][0, 1, 2, 5, 7][1, 4, 3, 11][7, 14] 
[4, 1, 3, 11, 10, 12, 13, 9][0, 1, 2, 5, 7][8, 14, 6, 9][12, 13] 
[4, 1, 3, 11, 10, 12, 13, 9][0, 1, 2, 5, 7][8, 14, 6, 9][12, 13] 
[4, 1, 3, 11, 10, 12, 13, 9][0, 1, 2, 5, 7][8, 14, 6, 9][12, 13] 
[4, 1, 3, 11, 10, 12, 13, 9][0, 1, 2, 5, 7][8, 14, 6, 9][12, 13] 
[4, 1, 3, 11, 10, 12, 13, 9][0, 1, 2, 5, 7][8, 14, 6, 9][12, 13] 
[4, 1, 3, 11, 10, 12, 13, 9][0, 1, 2, 5, 7][8, 14, 6, 9][9, 12, 13] 
[4, 1, 3, 11, 10, 12, 13, 9][0, 1, 2, 5, 7][8, 14, 6, 9][12, 13] 
[4, 1, 3, 11, 10, 12, 13, 9][0, 1, 2, 5, 7][8, 14, 6, 9][12, 13] 
[4, 1, 3, 11, 10, 12, 13, 9][0, 1, 2, 5, 7][8, 14, 6, 9][12, 13] 
[4, 1, 3, 11, 10, 12, 13, 9][0, 1, 2, 5, 7][8, 14, 6, 9][12, 13] 
[4, 1, 3, 11, 10, 12, 13, 9][0, 1, 2, 5, 7][8, 14, 6, 9][12, 13] 
[4, 1, 3, 11, 10, 12, 13, 9][0, 1, 2, 5, 7][8, 14, 6, 9][12, 13] 
[4, 1, 3, 11, 10, 12, 13, 9][0, 1, 2, 5, 7][8, 14, 6, 9][12, 13] 
[4, 1, 3, 11, 10, 12, 13, 9][0, 1, 2, 5, 7][8, 14, 6, 9][12, 13] 
[4, 1, 3, 11, 10, 12, 13, 9][0, 1, 2, 5, 7][8, 14, 6, 9][12, 13] 
[4, 1, 3, 11, 10, 12, 13, 9][0, 1, 2, 5, 7][8, 14, 6, 9][12, 13] 
[4, 1, 3, 11, 10, 12, 13, 9][0, 1, 2, 5, 7][8, 14, 6, 9][12, 13] 
[4, 1, 3, 11, 10, 12, 13, 9][0, 1, 2, 5, 7][8, 14, 6, 9][12, 13] 
[4, 1, 3, 11, 10, 12, 13, 9][0, 1, 2, 5, 7][8, 14, 6, 9][12, 13] 
[4, 1, 3, 11, 10, 12, 13, 9][0, 1, 2, 5, 7][8, 14, 6, 9][12, 13] 
[4, 1, 3, 11, 10, 12, 13, 9][0, 1, 2, 5, 7][8, 14, 6, 9][12, 13] 
[4, 1, 3, 11, 10, 12][8, 14, 6, 9, 13][0, 1, 2, 5, 7][12, 13] 
[4, 1, 3, 11, 10, 12][8, 14, 6, 9, 13][0, 1, 2, 5, 7][12, 13] 
[4, 1, 3, 11, 10, 12][8, 14, 6, 9, 13][0, 1, 2, 5, 7][12, 13] 
[4, 1, 3, 11, 10, 12][8, 14, 6, 9, 13][0, 1, 2, 5, 7][12, 13] 
[4, 1, 3, 11, 10, 12][8, 14, 6, 9, 13][0, 1, 2, 5, 7][12, 13] 
[4, 1, 3, 11, 10, 12][8, 14, 6, 9, 13][0, 1, 2, 5, 7][12, 13] 
[4, 1, 3, 11, 10, 12][8, 14, 6, 9, 13][0, 1, 2, 5, 7][12, 13] 
[4, 1, 3, 11, 10, 12][8, 14, 6, 9, 13][0, 1, 2, 5, 7][12, 13] 
[4, 1, 3, 11, 10, 12][8, 14, 6, 9, 13][0, 1, 2, 5, 7][12, 13] 
[4, 1, 3, 11, 10, 12][8, 14, 6, 9, 13][0, 1, 2, 5, 7][12, 13] 
[4, 1, 3, 11, 10, 12][8, 14, 6, 9, 13][0, 1, 2, 5, 7][12, 13] 
[4, 1, 3, 11, 10, 12][8, 14, 6, 9, 13][0, 1, 2, 5, 7][12, 13] 
[4, 1, 3, 11, 10, 12][8, 14, 6, 9, 13][0, 1, 2, 5, 7][12, 13] 
[4, 1, 3, 11, 10, 12][8, 14, 6, 9, 13][0, 1, 2, 5, 7][12, 13] 
[4, 1, 3, 11, 10, 12][8, 14, 6, 9, 13][0, 1, 2, 5, 7][12, 13] 
[8, 14, 6, 9, 10, 12, 13][0, 1, 2, 5, 7][1, 4, 3, 11][7, 14] 
[8, 14, 6, 9, 10, 12, 13][0, 1, 2, 5, 7][1, 4, 3, 11][7, 14] 
[8, 14, 6, 9, 10, 12, 13][0, 1, 2, 5, 7][1, 4, 3, 11][7, 14] 
[8, 14, 6, 9, 10, 12, 13][0, 1, 2, 5, 7][1, 4, 3, 11][7, 14] 
[8, 14, 6, 9, 10, 12, 13][0, 1, 2, 5, 7][1, 4, 3, 11][7, 14] 
[8, 14, 6, 9, 10, 12, 13][0, 1, 2, 5, 7][1, 4, 3, 11][7, 14] 
[4, 1, 3, 11, 10, 12][8, 14, 6, 9, 13][0, 1, 2, 5, 7][12, 13] 
[4, 1, 3, 11, 10, 12][8, 14, 6, 9, 13][0, 1, 2, 5, 7][12, 13] 
[4, 1, 3, 11, 10, 12][8, 14, 6, 9, 13][0, 1, 2, 5, 7][12, 13] 
[4, 1, 3, 11, 10, 12][8, 14, 6, 9, 13][0, 1, 2, 5, 7][12, 13] 
[4, 1, 3, 11, 10, 12][8, 14, 6, 9, 13][0, 1, 2, 5, 7][12, 13] 
[4, 1, 3, 11, 10, 12][8, 14, 6, 9, 13][0, 1, 2, 5, 7][12, 13] 
[4, 1, 3, 11, 10, 12][8, 14, 6, 9, 13][0, 1, 2, 5, 7][12, 13] 
[8, 14, 6, 9, 10, 12, 13][0, 1, 2, 5, 7][1, 4, 3, 11][7, 14] 
[8, 14, 6, 9, 10, 12, 13][0, 1, 2, 5, 7][1, 4, 3, 11][7, 14] 
[8, 14, 6, 9, 10, 12, 13][0, 1, 2, 5, 7][1, 4, 3, 11][7, 14] 
[8, 14, 6, 9, 10, 12, 13][0, 1, 2, 5, 7][1, 4, 3, 11][7, 14] 
[8, 14, 6, 9, 10, 12, 13][0, 1, 2, 5, 7][1, 4, 3, 11][7, 14] 
[8, 14, 6, 9, 10, 12, 13][0, 1, 2, 5, 7][1, 4, 3, 11][7, 14] 
[8, 14, 6, 9, 10, 12, 13][0, 1, 2, 5, 7][1, 4, 3, 11][7, 14] 
[8, 14, 6, 9, 10, 12, 13][0, 1, 2, 5, 7][1, 4, 3, 11][7, 14] 
[8, 14, 6, 9, 10, 12, 13][0, 1, 2, 5, 7][1, 4, 3, 11][7, 14] 
[8, 14, 6, 9, 10, 12, 13][0, 1, 2, 5, 7][1, 4, 3, 11][7, 14] 
[8, 14, 6, 9, 10, 12, 13][0, 1, 2, 5, 7][1, 4, 3, 11][7, 14] 
[8, 14, 6, 9, 10, 12, 13][0, 1, 2, 5, 7][1, 4, 3, 11][7, 14] 
[8, 14, 6, 9, 10, 12, 13][0, 1, 2, 5, 7][1, 4, 3, 11][7, 14] 
[8, 14, 6, 9, 10, 12, 13][0, 1, 2, 5, 7][1, 4, 3, 11][7, 14] 
[8, 14, 6, 9, 10, 12, 13][0, 1, 2, 5, 7][1, 4, 3, 11][7, 14] 
[8, 14, 6, 9, 10, 12, 13][0, 1, 2, 5, 7][1, 4, 3, 11][7, 14, 8] 
[8, 14, 6, 9, 10, 12, 13][0, 1, 2, 5, 7][1, 4, 3, 11][7, 14, 8] 
[8, 14, 6, 9, 10, 12, 13][0, 1, 2, 5, 7][1, 4, 3, 11][7, 14, 8] 
[8, 14, 6, 9, 10, 12, 13][0, 1, 2, 5, 7][1, 4, 3, 11][7, 14, 8] 
[8, 14, 6, 9, 10, 12, 13][0, 1, 2, 5, 7][1, 4, 3, 11][7, 14, 8] 
[13, 12, 10, 9, 6, 14][0, 1, 2, 5, 7][1, 4, 3, 11][8, 14, 7, 9] 
[4, 1, 3, 11, 10, 12][8, 14, 6, 9, 13][0, 1, 2, 5, 7][12, 13] 
[4, 1, 3, 11, 10, 12][8, 14, 6, 9, 13][0, 1, 2, 5, 7][12, 13] 
[4, 1, 3, 11, 10, 12][8, 14, 6, 9, 13][0, 1, 2, 5, 7][12, 13] 
[4, 1, 3, 11, 10, 12][8, 14, 6, 9, 13][0, 1, 2, 5, 7][12, 13] 
[4, 1, 3, 11, 10, 12][8, 14, 6, 9, 13][0, 1, 2, 5, 7][12, 13] 
[8, 14, 6, 9, 10, 12, 13][0, 1, 2, 5, 7][1, 4, 3, 11][7, 14] 
[4, 1, 3, 11, 10, 12][8, 14, 6, 9, 13][0, 1, 2, 5, 7][12, 13] 
