2541120.0 18384.52844632287 0.19525952770633623 0.47518704699555764 2289.0 174.0 3.0812618502778686 
1771800.0000000002 14025.945353329746 0.3299041384147767 0.4309971942950666 1746.0 138.0 5.447089947089948 
4807690.626172238 16114.862492186927 0.1871346738368015 0.0 4956.0 311.0 8.874375926553785 
1781105.0 17746.542326226263 0.31254383913958383 0.48319499649286884 1586.0 134.0 2.103448275862069 
2085843.3001308704 26981.955577456483 0.41954056581716154 0.262450315641805 1829.0 232.0 2.8528528528528527 
1253185.139119014 16758.10249419779 0.13666121112929625 0.5767769464577975 1082.0 177.0 7.222222222222222 
3052339.3502885364 20812.352782223832 0.483633387888707 0.17845452419920504 3676.0 179.0 1.4913861548132648 
929500.0 22359.612789688905 0.11889174655132102 0.6426233341126958 808.0 135.0 4.486274509803922 
3073423.521713937 18164.36561601398 0.2319090483984101 0.23225976151508065 3178.0 221.0 7.299274457329766 
890870.0 15803.892059989576 0.09565700257189619 0.6508066401683423 806.0 149.0 4.424603174603175 
1196845.0 22905.339105764448 0.2970247837269114 0.5358311900865093 1039.0 121.0 0.0 
5517893.914988654 16516.81511824356 0.5307750759878419 0.05897825578676642 5898.0 165.0 2.169491525423729 
1138839.9999999998 25251.958152134757 0.14791325695581015 0.5780044423661445 958.0 190.0 2.3529411764705883 
854340.0 18585.140514906027 0.12596446107084405 0.6534077624503156 739.0 128.0 2.25 
2257719.2837944953 20103.98357986534 0.4457271451952303 0.28203179798924477 2203.0 183.0 7.257609882609882 
4703967.393319727 19869.391166655125 0.25774491465980826 0.04053659106850596 4543.0 311.0 3.552285932744557 
4017141.968795259 24989.462121497716 0.09381575870937572 0.0 4353.0 590.0 9.60846221332419 
463945.0 22366.86419460668 0.06268996960486323 0.7593231236848258 414.0 125.0 0.0 
4026806.4702234967 30811.03707849566 0.1466565349544073 0.005202244563946691 4201.0 634.0 8.118986089310583 
4539329.566852415 16920.821281209002 0.435790273556231 0.042436287117138184 4395.0 192.0 8.500978203083466 
3807150.861998128 13399.139549217152 0.3400163666121113 0.17132335749357025 4726.0 271.0 7.717293233082707 
3802222.376864047 33986.44296513381 0.04892447977554361 0.0 3925.0 738.0 9.663414629501013 
4474873.017670293 30297.54224359632 0.23705284077624503 0.0 4450.0 461.0 6.037209106495394 
2395811.9198682676 28215.126799174705 0.24576221650689736 0.3178922141688099 2282.0 333.0 8.195193867020492 
3334620.0 18389.16742630085 0.3995206920738836 0.23699438859013328 3017.0 141.0 1.2564102564102564 
3076166.7994012865 22964.691696500966 0.37520458265139117 0.28507131166705635 3034.0 153.0 0.46766169154228854 
1585014.9999999998 19844.09135380969 0.3766366612111293 0.4533259293897592 1448.0 133.0 6.227272727272727 
4610348.53033661 24746.531162552288 0.09387421089548749 0.0 5086.0 651.0 10.109592877414855 
1027020.0 17529.540484709934 0.18874210895487492 0.6217559036707972 862.0 143.0 3.906320346320346 
4416735.0 12726.901356375909 0.518061725508534 0.13414776712649054 4571.0 158.0 5.245283018867925 
1506367.5 21145.981868375835 0.31046878653261634 0.4939501987374328 1389.0 125.0 0.0 
4232914.37384827 30646.654152312563 0.07420505026888005 0.0 4247.0 678.0 8.45228084827591 
4294714.663382917 28922.45902835796 0.14463993453355156 0.0 4360.0 558.0 8.56105861066122 
2588460.0 17086.049797003176 0.3345218611176058 0.3555938742108955 2859.0 137.0 2.1366396761133606 
3973459.0734410593 30461.641159927596 0.06917816226326864 0.0 4154.0 698.0 10.289275439079326 
809350.0 18599.84287929629 0.08723988777180267 0.6724339490296937 703.0 138.0 4.1555977229601515 
3853669.0111796865 20606.66589689666 0.5062251578209025 0.09781973345803133 3626.0 244.0 8.26936856247201 
983815.0 20685.562518330516 0.15831774608370353 0.6143617021276596 858.0 142.0 5.138888888888889 
4048093.8173074867 17892.019375050175 0.40875613747954176 0.10828267477203647 4052.0 261.0 5.479500891265596 
2441610.0 19258.335609044712 0.24552840776245033 0.44192775309796584 2180.0 142.0 3.0294117647058822 
904610.0 20146.927459314596 0.19087561374795417 0.6442599953238252 780.0 124.0 1.2777777777777777 
4035888.57353908 24757.51717769507 0.17342763619359364 0.0 4434.0 453.0 9.328505450958422 
4293850.944806878 28239.009879493984 0.16141571194762683 0.0 4258.0 477.0 7.0270363930367985 
4918557.99516874 23278.56534334219 0.4334229600187047 0.0 5311.0 299.0 7.503716919417187 
1784750.0 20739.555089093188 0.24383329436520926 0.49149520692073884 1628.0 138.0 2.0 
1788533.076827449 20515.560669691542 0.2633563245265373 0.46779284545241995 1862.0 150.0 5.4779766979255475 
4408985.892688523 18572.350662644258 0.3748246434416647 0.003419452887537994 5389.0 337.0 9.247503373819164 
4795945.1324501345 18504.885725446187 0.22474865559971943 0.0 5176.0 365.0 8.436511786367138 
749090.0 21701.135300172762 0.11930091185410334 0.6852057516951134 697.0 136.0 2.0 
3151299.9383028117 15974.106731966238 0.35936404021510404 0.2461421557166238 3225.0 149.0 5.377645502645502 
828410.0 18346.236069554983 0.11631985036240355 0.6617079728781856 757.0 140.0 4.167964404894327 
1980114.6608297788 23812.93396867583 0.3487257423427636 0.3554185176525602 2049.0 229.0 5.362745098039216 
1172595.0 19798.923197482767 0.271481178396072 0.5509703062894552 1028.0 127.0 1.2272727272727273 
1614180.0 23017.466733138965 0.2645253682487725 0.542962356792144 1421.0 133.0 2.0 
4109467.746491634 31239.627556064508 0.08665536591068505 0.0 4122.0 695.0 9.967907627201013 
1495978.1238464625 17873.81726169142 0.19864975450081834 0.5409749824643442 1394.0 134.0 2.188679245283019 
4914277.299664111 22563.13961274755 0.3375906008884732 0.0035655833528173953 4716.0 310.0 6.549682366315227 
1529480.0 16853.45404328368 0.2378127191956979 0.5266834229600187 1489.0 143.0 3.1891891891891895 
4768213.075092732 17654.87899854664 0.4115910685059621 0.056815524900631284 5181.0 264.0 4.025768197065933 
2187402.956234375 20588.474495283106 0.32850128594809447 0.39808861351414543 2057.0 171.0 6.181372549019608 
4171827.383441168 18702.738648458446 0.4716506897357961 0.11652443301379471 3682.0 202.0 5.153566433566434 
5717643.644156817 13262.568809461472 0.36947626841243864 0.06169628244096329 6537.0 335.0 8.9961408100943 
4572049.91358422 27596.148600472494 0.33490180032733224 0.043751461304652794 4402.0 388.0 6.804856811145512 
4056917.631469019 31514.658517843094 0.15370002338087443 0.0 4124.0 583.0 8.31975718079604 
4796813.706840966 19907.159705433893 0.3400163666121113 0.007686462473696516 4976.0 309.0 7.446422066094198 
864285.0 19686.63157660653 0.08832125321487024 0.6561550151975684 768.0 135.0 5.066666666666666 
4490559.8481071545 28006.179119257522 0.057195464110357724 0.0 4904.0 704.0 9.681527638383896 
4262788.637505448 28541.14746572111 0.060234977788169275 0.0 4266.0 672.0 10.031808064524233 
5345014.221788678 16334.26813518483 0.444090483984101 0.06812602291325695 4951.0 207.0 4.870653165480752 
1211900.0 20669.014789595698 0.19818213701192425 0.5729191021744213 1089.0 114.0 2.0 
1815315.0 19408.39496078147 0.19864975450081834 0.5040916530278232 1742.0 143.0 4.2 
2478976.049282257 23486.986122309478 0.25850479307926116 0.3476151508066402 2608.0 248.0 6.1228354978354975 
4389199.367501908 24658.36523831176 0.23050619593172786 0.0 4887.0 513.0 9.08863705375937 
800620.0 18659.335300717925 0.07803366845920037 0.6717617488894084 685.0 134.0 4.291666666666666 
3953242.4915569364 32701.960950970853 0.10638297872340426 0.0 4303.0 727.0 9.738010548929937 
4685581.370910245 26083.915142554557 0.34290974982464345 0.0 4621.0 332.0 6.34804674730304 
1069335.0 22652.565686439535 0.12511690437222353 0.6268120177694646 939.0 138.0 4.460714285714285 
2544085.0 17251.624115108396 0.3889408463876549 0.31254383913958383 2375.0 166.0 4.7216202270381835 
3947032.113978874 23107.492090986416 0.5377308861351414 0.04302080897825579 3511.0 225.0 5.570052170052171 
5359727.229973108 17107.038596929564 0.3509761515080664 0.0 6041.0 344.0 7.487278720942719 
2273597.326834596 22712.94608185267 0.27925531914893614 0.316167874678513 2426.0 251.0 4.289010989010989 
1727500.0 18994.948700029607 0.2614566284779051 0.5027764788403086 1656.0 124.0 3.0980392156862746 
676930.0 20633.038426012445 0.14008066401683422 0.6990296937105448 573.0 129.0 1.1111111111111112 
910120.0 19636.07162972073 0.13797638531681086 0.6395545943418284 790.0 133.0 3.138888888888889 
1612975.0 21017.979314667904 0.319821136310498 0.5024257657236381 1524.0 121.0 0.0 
4116779.0852398556 20163.171039034514 0.47290741173719897 0.06605097030628945 4297.0 208.0 7.376696832579185 
757800.0 21058.498230578294 0.09732288987608137 0.6873977086743044 645.0 131.0 2.0 
799780.0 18588.320319769387 0.09346504559270517 0.6606558335281739 709.0 129.0 4.290909090909091 
4234096.973691525 31128.237312734644 0.06558335281739537 0.0 4344.0 704.0 9.451092715920156 
4474425.0 17907.020523074414 0.4673836801496376 0.18856675239653964 3816.0 140.0 2.1311475409836067 
1992721.5151308477 18835.965004017202 0.3738309562777648 0.36640752864157117 1945.0 141.0 3.161290322580645 
4349239.686947804 15892.147281950223 0.5891980360065466 0.05102875847556699 4721.0 156.0 4.268251981643721 
4190310.9357567113 29427.92610750923 0.058832125321487024 0.0 4728.0 765.0 10.222029662478237 
4517916.32140809 21411.544421357135 0.30430208089782557 0.0 5300.0 390.0 8.658462181093759 
2451585.391046955 22753.159777171768 0.44596095393967733 0.22129997661912557 2270.0 196.0 2.247184684684685 
1063945.0 19579.736825532833 0.21121697451484686 0.6096270750526069 849.0 138.0 2.824880952380952 
4583525.919007481 20733.260712525793 0.20820668693009117 0.007978723404255319 5096.0 450.0 7.212725157170832 
4029747.69252022 28474.001680658377 0.1685761047463175 0.0 4269.0 537.0 9.33428278407092 
1238840.0 20053.822495274217 0.25561140986672903 0.5635375263034837 962.0 117.0 1.2777777777777777 
1455350.0 17209.050717769664 0.23389642272620997 0.5426993219546411 1389.0 142.0 5.574404761904763 
761465.0 18590.04923389058 0.16483516483516483 0.6549275192892214 747.0 130.0 2.6493506493506493 
3335355.0 11673.492938261359 0.4278700023380874 0.23196750058452187 3295.0 157.0 6.680709534368071 
4372695.336638985 26775.64259500311 0.08431727846621463 0.0 4445.0 610.0 9.021401747293925 
3989880.2292633145 27667.35842034999 0.10816577039981295 0.0 3878.0 549.0 9.090899533218412 
1217695.8306188923 20485.856689834152 0.21679915828851998 0.5551204115033902 1189.0 139.0 3.142857142857143 
4093415.9573222683 16131.677925787808 0.4571545475800795 0.1592529810614917 3947.0 183.0 6.291666666666666 
2733205.0 17215.697464611312 0.28510053776011224 0.3860182370820669 2566.0 154.0 5.351307189542483 
4701795.744581256 16081.519742834993 0.4173778349310264 0.0 4878.0 233.0 8.779852344776375 
2941404.2861090214 21677.900941311047 0.33671381809679685 0.3576397007248071 2611.0 149.0 2.482051282051282 
1536302.2734196498 21476.15187290363 0.3069616553659107 0.46399345335515546 1503.0 139.0 2.331196581196581 
955355.0 19492.13322915916 0.21817278466214637 0.6059445873275661 865.0 123.0 2.292307692307692 
780370.0 21351.15923436614 0.1497545008183306 0.657733224222586 624.0 114.0 0.0 
