121550.0 7284.827187830943 0.15350032113037893 0.03982016698779704 121.0 79.0 0.32967032967032966 
53665.0 9574.34077793941 0.2581888246628131 0.26718047527296085 56.0 65.0 0.0 
52545.0 8071.474937006769 0.22736030828516376 0.4174694926140013 57.0 72.0 0.0 
64545.0 8650.521492244454 0.05394990366088632 0.3583815028901734 83.0 119.0 2.0 
100590.0 8375.875641653518 0.1464354527938343 0.006422607578676943 89.0 83.0 1.3538461538461537 
87860.0 8440.604851793505 0.2003853564547206 0.021836865767501604 81.0 66.0 0.0 
88759.99999999999 8962.045640608316 0.12138728323699421 0.07771355170199101 90.0 102.0 1.8813390313390315 
101539.00685494467 9156.261539350115 0.14450867052023122 0.0 107.0 83.0 0.0 
76840.0 10119.017646908169 0.18368657675016056 0.09184328837508028 73.0 81.0 1.4923569794050344 
83520.0 8476.495078380178 0.22992935131663456 0.0340398201669878 92.0 73.0 0.0 
81795.0 7240.888380894964 0.1464354527938343 0.023121387283236993 105.0 83.0 1.439097744360902 
63745.0 9722.341617575405 0.41297366730892743 0.18304431599229287 65.0 65.0 0.0 
92170.0 9278.810879190387 0.13872832369942195 0.037251123956326265 83.0 78.0 0.27692307692307694 
67215.0 7969.390685608672 0.35388567758509953 0.2928709055876686 70.0 73.0 0.2994652406417112 
84165.0 8605.467260012718 0.12909441233140656 0.03018625561978163 95.0 74.0 0.13247863247863248 
63159.031487283704 9744.740581000991 0.1252408477842004 0.2800256904303147 59.0 87.0 1.6615384615384616 
64596.60243541376 9483.996351577674 0.12780989081567115 0.262684649967887 60.0 77.0 0.24358974358974358 
69365.0 7337.545472584028 0.1599229287090559 0.23763648041104687 70.0 78.0 1.4164816507770666 
54850.0 8226.110329581994 0.0789980732177264 0.35324341682723187 61.0 69.0 0.0 
92694.59075709792 9534.714857484183 0.17212588310854207 0.01348747591522158 117.0 119.0 0.689810547875064 
72495.0 8610.406052969 0.36801541425818884 0.1329479768786127 74.0 67.0 0.0 
79075.0 7507.802806452023 0.1111111111111111 0.2003853564547206 99.0 80.0 0.0 
157475.0 7101.2716469453035 0.44315992292870904 0.028259473346178548 142.0 72.0 0.0 
82430.0 7710.241440343711 0.2909441233140655 0.05908798972382787 111.0 72.0 0.38888888888888884 
136740.0 5979.012956571416 0.15863840719332048 0.0 140.0 84.0 1.9524886877828056 
78014.80769230769 9774.029986065663 0.36416184971098264 0.06229929351316635 71.0 72.0 0.32748538011695905 
87888.19987638626 13799.28864637482 0.05908798972382787 0.0 80.0 140.0 2.907867494824017 
74755.0 7417.641983280107 0.3448940269749518 0.12202954399486192 91.0 79.0 1.964705882352941 
90126.55846113942 10738.571814786354 0.11881824020552344 0.0012845215157353885 93.0 112.0 0.9245421245421246 
97355.0 7178.032944865496 0.1361592806679512 0.0 136.0 130.0 2.405341614906832 
52355.0 6920.783132530118 0.10918432883750803 0.3815028901734104 66.0 79.0 0.0 
63073.48294192051 9921.949823913395 0.1252408477842004 0.2800256904303147 59.0 89.0 1.7384615384615383 
96195.0 8441.39639906187 0.45022479126525367 0.0 106.0 93.0 1.865657668903105 
51830.0 8201.204819277107 0.1348747591522158 0.3834296724470135 52.0 71.0 0.0 
121305.0 7389.180677616264 0.17597944765574824 0.012845215157353885 135.0 84.0 0.5506993006993007 
159740.0 5795.812586293822 0.3937058445728966 0.006422607578676943 151.0 73.0 1.0769230769230769 
136320.0 7298.7252003784215 0.15863840719332048 0.0 139.0 90.0 2.3461538461538463 
87860.0 8440.604851793505 0.2003853564547206 0.021836865767501604 81.0 66.0 0.0 
88135.0 9307.039055482033 0.25176621708413616 0.037251123956326265 73.0 69.0 0.0 
131750.0 8132.61023979998 0.449582530507386 0.0 160.0 89.0 0.7999999999999999 
90802.21354163633 10315.417504159026 0.0674373795761079 0.0 99.0 118.0 2.1688644688644687 
69610.0 8031.831872946333 0.12716763005780346 0.1579961464354528 88.0 73.0 0.0 
114120.0 8563.89815043566 0.12138728323699421 0.0 150.0 143.0 3.5652173913043477 
47520.0 8382.956499009395 0.2588310854206808 0.42132305716120744 54.0 72.0 0.0 
85250.0 8188.978437815288 0.13359023763648042 0.09377007064868337 85.0 83.0 0.8166666666666667 
92034.1352583644 9094.612356604177 0.12010276172125883 0.0 110.0 129.0 2.2647619047619045 
93228.09338521402 9338.526569156596 0.14515093127809892 0.028259473346178548 87.0 80.0 0.0 
96374.0192360083 11383.62173149083 0.11303789338471419 0.0 88.0 122.0 2.01994301994302 
86603.50556754717 9435.56057021897 0.15414258188824662 0.018625561978163133 112.0 103.0 1.3227329192546582 
61455.0 8268.157575861711 0.3333333333333333 0.3198458574181118 67.0 82.0 1.6818181818181819 
69320.0 7766.562405408134 0.16506101477199744 0.23763648041104687 69.0 74.0 1.0769230769230769 
69365.0 9425.014959388038 0.16120745022479127 0.23763648041104687 63.0 80.0 1.3956989247311828 
88979.02218475293 10961.850173033197 0.10725754656390495 0.0 101.0 109.0 2.328130806391676 
53100.0 8173.3782325432685 0.12267180475272961 0.3911368015414258 64.0 82.0 0.0 
78785.0 8600.81295593814 0.363519588953115 0.1111111111111111 79.0 71.0 0.0 
62805.0 9144.092658961796 0.2029543994861914 0.32048811817597944 62.0 72.0 0.0 
95525.0 7333.126918349595 0.14900449582530506 0.018625561978163133 95.0 81.0 1.6794871794871795 
70170.0 8409.31726371695 0.36287732819524726 0.1457931920359666 84.0 64.0 0.0 
62928.86615162031 10274.256739637072 0.1252408477842004 0.2800256904303147 62.0 97.0 2.046153846153846 
62680.0 8506.97145585205 0.340398201669878 0.3301220295439949 68.0 78.0 0.0 
88987.9655058275 12275.058219495368 0.0789980732177264 0.0 91.0 135.0 2.2026646556058322 
56935.0 8478.690936835792 0.08413615928066795 0.36095054592164416 60.0 72.0 0.0 
132260.0 7109.909154682875 0.33590237636480413 0.024405908798972382 140.0 100.0 2.7921281464530896 
119490.0 7232.405891980361 0.15928066795118817 0.03982016698779704 120.0 73.0 0.0 
96487.25161815973 9840.332648630969 0.14322414900449582 0.0 93.0 97.0 0.919047619047619 
136740.0 5792.989474911661 0.14129736673089274 0.0 153.0 93.0 2.114696045642337 
84760.0 10188.979508299706 0.18497109826589594 0.0 96.0 95.0 1.0717543859649123 
91810.0 9209.731773024654 0.16056518946692358 0.018625561978163133 86.0 80.0 0.38461538461538464 
69610.0 8031.831872946333 0.12716763005780346 0.1579961464354528 88.0 73.0 0.0 
113758.33237462977 8542.688834294117 0.12395632626846499 0.0 131.0 141.0 2.497150997150997 
87860.0 8440.604851793505 0.2003853564547206 0.021836865767501604 81.0 66.0 0.0 
82555.0 8410.109891013582 0.21579961464354527 0.048811817597944764 98.0 73.0 0.0 
63660.0 9145.471573335562 0.3114964675658317 0.18625561978163135 68.0 65.0 0.0 
66470.0 8736.361553844818 0.1599229287090559 0.25112395632626844 59.0 68.0 0.0 
69890.0 8953.562592775854 0.2999357739242132 0.12652536929993577 66.0 70.0 0.0 
175690.0 7198.7967609188845 0.340398201669878 0.04238921001926782 145.0 82.0 0.8478889531521111 
92900.31947045281 10173.73393919566 0.08285163776493257 0.0 106.0 131.0 2.578632478632479 
47520.0 8382.956499009395 0.2588310854206808 0.42132305716120744 54.0 72.0 0.0 
63645.0 7836.774903460107 0.1252408477842004 0.2800256904303147 61.0 74.0 1.0769230769230769 
88218.92912235387 10253.045183067245 0.14515093127809892 0.015414258188824663 82.0 89.0 1.1429648782589958 
64545.0 8069.935461133507 0.12010276172125883 0.3583815028901734 69.0 73.0 0.0 
115766.37365170335 8634.475348930122 0.11817597944765575 0.0 130.0 135.0 2.71466291145925 
118018.81439897281 8326.69948976719 0.33397559409120103 0.0 130.0 85.0 0.0 
47945.0 8356.819168566153 0.22800256904303148 0.41168914579319205 59.0 77.0 0.0 
56935.0 8478.690936835792 0.08413615928066795 0.36095054592164416 60.0 72.0 0.0 
99625.0 6943.461312150634 0.12652536929993577 0.18882466281310212 119.0 80.0 0.0 
87860.0 8440.604851793505 0.2003853564547206 0.021836865767501604 81.0 66.0 0.0 
69610.0 8031.831872946333 0.12716763005780346 0.1579961464354528 88.0 73.0 0.0 
73585.0 6965.975914873683 0.18240205523442518 0.262684649967887 87.0 90.0 1.77 
71625.0 9404.422149143758 0.14193962748876043 0.22607578676942838 83.0 100.0 1.5973804541579477 
97455.0 9195.43513606256 0.2703917790622993 0.008349389852280027 99.0 90.0 0.5391891891891891 
93395.0 9963.14806589624 0.14836223506743737 0.006422607578676943 85.0 91.0 0.7388888888888889 
92138.51691488229 11455.673587558336 0.11689145793192036 0.0012845215157353885 94.0 123.0 1.9157509157509158 
62895.0 10195.713423318626 0.3468208092485549 0.25626204238921 58.0 71.0 0.0 
72685.0 8634.198449121695 0.2363519588953115 0.2132305716120745 75.0 80.0 0.0 
96382.09839533531 8568.75773743752 0.15221579961464354 0.0 104.0 92.0 1.7341430499325237 
88877.33972882935 9528.596904852317 0.11817597944765575 0.0 130.0 146.0 2.3175558117597737 
88153.57786357783 10763.036361716036 0.09569685292228645 0.0 113.0 144.0 2.60980685980686 
99060.0 9335.01036440031 0.14001284521515736 0.0 91.0 97.0 1.8529762920006823 
86315.0 8360.817715845857 0.36608863198458574 0.09120102761721259 84.0 70.0 0.0 
110165.19712251834 9069.016014057175 0.1001926782273603 0.0 126.0 118.0 2.70066889632107 
64665.0 9188.847230400837 0.2909441233140655 0.18304431599229287 69.0 73.0 0.5571428571428572 
69165.0 7756.188598277769 0.16056518946692358 0.1708413615928067 88.0 70.0 0.0 
88325.0 7336.083376865512 0.12652536929993577 0.0 111.0 90.0 1.8516483516483517 
56935.0 8478.690936835792 0.08413615928066795 0.36095054592164416 60.0 72.0 0.0 
81110.0 8452.71707901102 0.40141297366730894 0.10725754656390495 92.0 70.0 0.0 
87100.0 8435.596504548095 0.19910083493898523 0.021836865767501604 82.0 67.0 0.0 
101404.18468915256 9665.718962881243 0.07129094412331406 0.0 111.0 129.0 1.8995664560881953 
54960.0 9290.861854624094 0.2491971740526654 0.33911368015414256 56.0 73.0 0.0 
83197.3379370933 10207.977318866415 0.16120745022479127 0.008349389852280027 98.0 106.0 0.9316816816816818 
46345.0 8237.775299693336 0.18754014129736674 0.48233782915863843 51.0 71.0 0.0 
158990.0 6090.0316502215 0.44508670520231214 0.010276172125883108 145.0 74.0 1.1666666666666667 
