85159.86324776062 21225.71156773724 0.04753571214044454 6.23259959040803E-25 82.0 215.0 4.9681184668989555 
45910.0 11569.022998839835 0.0982771998751123 0.3642086330935252 42.0 78.0 0.0 
104103.65173047407 10504.530041818056 0.10277781078194405 0.015420611487688463 123.0 173.0 4.381226053639846 
78835.0 8298.46955326985 0.1888376994523577 0.06165851794207735 82.0 69.0 0.0 
69545.0 10381.247717293916 0.2126160343401579 0.14258584874462116 64.0 65.0 0.0 
88371.52797733861 15024.498389280758 0.10020571481359417 1.2940898235654962E-17 106.0 198.0 4.1144115574348135 
74531.4736426114 8099.744912566262 0.15994347396197148 0.08414696831994117 114.0 111.0 3.9214896214896213 
89116.74837657959 14548.655011577403 0.11176772848343079 2.1352424170380125E-25 122.0 198.0 3.704998275681106 
56675.0 8932.900959526873 0.12076053405866466 0.25822199383350875 64.0 87.0 3.0197802197802197 
67685.0 11226.865959538663 0.13938849023657546 0.18178314226346584 89.0 85.0 0.3543743078626799 
53050.0 8624.161218557603 0.08543173718663384 0.3044670786904745 57.0 80.0 0.0 
70211.10576923077 9715.494189474039 0.2588633472740107 0.11819215148112724 75.0 87.0 3.2139355742296916 
76370.0 10462.053492222743 0.3308067831444198 0.06937307297082015 93.0 88.0 0.6512605042016807 
51430.0 9253.060294782385 0.2973872759760812 0.28196328156302375 59.0 70.0 1.1428571428571428 
68055.0 10559.721938601866 0.4804228458691459 0.13680211899858047 71.0 63.0 0.0 
71540.0 13935.953967172603 0.1079136690647482 0.13874614594039053 68.0 97.0 3.0259740259740266 
50388.62660944206 12943.141242089467 0.14260020554984584 0.24922918807810893 53.0 84.0 0.9832775919732442 
63091.8366314121 12353.270115020401 0.2665724563206237 0.12332990750256938 66.0 83.0 0.49516908212560384 
87774.99999999999 11232.269268459779 0.1772754377214389 0.016698779704560053 84.0 98.0 3.292249417249417 
96370.0 8368.137422638167 0.12525792743179529 0.04946043165467626 111.0 98.0 0.9927442528735632 
69675.0 10546.94343934489 0.26656791800683155 0.13167838944404586 67.0 66.0 0.0 
79385.90468497577 13330.252005438626 0.1914215918499945 0.03725590894334702 77.0 96.0 0.3128054740957967 
45910.0 11569.022998839835 0.09827852004111003 0.3642086330935251 42.0 78.0 0.0 
106836.3540895676 13298.901040875433 0.1015007989503444 1.5181908973236392E-5 112.0 158.0 4.814102564102564 
81845.0 8186.938676967647 0.18884397024095695 0.06808162058300478 85.0 69.0 0.0 
69545.0 10381.247717293916 0.2126160343401579 0.14258584874462116 64.0 65.0 0.0 
88434.538577771 15967.475331155296 0.07772353582830337 2.1352424170380125E-25 106.0 214.0 4.461529245947851 
74531.97383749747 8101.939323259436 0.15994347379241644 0.08414696813979704 114.0 111.0 3.9214896214896213 
89116.74837657959 14548.655011577403 0.11176772848343079 2.1352424170380125E-25 122.0 198.0 3.704998275681106 
57505.0 7841.319221430678 0.08607399794450155 0.27620760534429595 70.0 90.0 2.333333333333333 
67685.0 11226.865959538663 0.13938849023657546 0.18178314226346584 89.0 85.0 0.3543743078626799 
53050.0 8624.161218557603 0.08543173718663384 0.3044670786904745 57.0 80.0 0.0 
70211.10576923077 9715.742026058557 0.25886433697460165 0.1181911614838126 75.0 87.0 3.2139355742296916 
76370.0 10462.053492222743 0.3308067793081849 0.06937307783496881 93.0 88.0 0.6512605042016807 
51430.0 9253.060294782385 0.2973872759760812 0.28196328156302375 59.0 70.0 1.1428571428571428 
71540.0 13935.953967172603 0.1079136690647482 0.13874614594039053 68.0 97.0 3.0259740259740266 
50388.62660944206 12943.141242089467 0.14260020554984584 0.24922918807810893 53.0 84.0 0.9832775919732442 
63091.836631385806 12353.250032983899 0.2665724563206578 0.12332990750256938 66.0 83.0 0.49516908212560384 
88765.0 12188.240831072017 0.17213974485151762 1.7822240968579386E-5 88.0 104.0 2.943621084797556 
96370.0 8368.328138399904 0.12525693743448063 0.04946043165467626 111.0 98.0 0.9927442528735632 
74075.0 10767.244288580925 0.23124168318391133 0.11626182189704307 76.0 80.0 0.8508403361344539 
80055.62094113129 15190.090736775903 0.1894948095763914 0.03725590894334702 74.0 108.0 1.2453567937438903 
45910.0 11569.022998839835 0.09827852004111003 0.3642086330935251 42.0 78.0 0.0 
119540.3370655204 13057.827012356853 0.08674340234758844 3.621879018150594E-5 123.0 163.0 4.571172166382778 
83265.0 9325.962901057374 0.2158273381294964 0.030832476875642344 86.0 72.0 0.0 
69545.0 10381.247717293916 0.2126160343401579 0.14258584874462116 64.0 65.0 0.0 
88432.8612814465 15971.928403999644 0.07772642334165877 1.6622862216640928E-21 106.0 214.0 4.461529245947851 
74531.97383749747 8101.939323259436 0.15994347379241644 0.08414696813979704 114.0 111.0 3.9214896214896213 
89116.57167526631 14548.732096215997 0.11176772867417899 2.7427648259961625E-29 122.0 198.0 3.704998275681106 
57505.0 7841.319221430678 0.08607399794450155 0.27620760534429595 70.0 90.0 2.333333333333333 
67685.0 11226.865959538663 0.13938849023657546 0.18178314226346584 89.0 85.0 0.3543743078626799 
53050.0 8624.161218557603 0.08543173718663384 0.3044670786904745 57.0 80.0 0.0 
70211.10576923077 9715.742026058557 0.25886433697460165 0.1181911614838126 75.0 87.0 3.2139355742296916 
76370.0 10462.053492222743 0.3308067793081849 0.06937307783496881 93.0 88.0 0.6512605042016807 
51430.0 9253.060294782385 0.2973872759760812 0.28196328156302375 59.0 70.0 1.1428571428571428 
71540.0 13935.953967172603 0.1079136690647482 0.13874614594039053 68.0 97.0 3.0259740259740266 
50388.62660944206 12943.141242089467 0.14260020554984584 0.24922918807810893 53.0 84.0 0.9832775919732442 
63091.836631385806 12353.250032983899 0.2665724563206578 0.12332990750256938 66.0 83.0 0.49516908212560384 
88765.0 12188.218134230714 0.17214799482913956 2.2893051982760935E-9 88.0 104.0 2.943621084797556 
96370.0 8368.328138399904 0.12525693743448063 0.04946043165467626 111.0 98.0 0.9927442528735632 
74075.0 10767.24425177376 0.2312435763241084 0.1162641312552212 76.0 80.0 0.8508403361344539 
80243.17447495915 13336.538786927424 0.2170925522070084 0.037251123956620336 76.0 88.0 0.3128054740957967 
45910.0 11569.022998839835 0.09827852004111003 0.3642086330935251 42.0 78.0 0.0 
117970.3299087033 12095.208948650421 0.05332026699037143 4.6783382542452355E-5 126.0 189.0 4.873809523809523 
83265.0 9325.962901057374 0.2158273381294964 0.030832476875642344 86.0 72.0 0.0 
69545.0 10381.247717293916 0.21261562184127683 0.14260020370568333 64.0 65.0 0.0 
92714.45264231839 16972.85524515543 0.06873576283481884 1.7822240968579386E-5 103.0 232.0 5.6389260249554365 
74531.97383749747 8101.939323259436 0.15994347379241644 0.08414696813979704 114.0 111.0 3.9214896214896213 
89116.57167526631 14548.732096215997 0.11176772867417899 2.7427648259961625E-29 122.0 198.0 3.704998275681106 
57505.0 7841.319221430678 0.08607399794450155 0.27620760534429595 70.0 90.0 2.333333333333333 
67685.0 11226.866357416231 0.13938848920876512 0.18178314491230105 89.0 85.0 0.3543743078626799 
53050.0 8624.161218557603 0.08543173718663384 0.3044670786904745 57.0 80.0 0.0 
70211.10576923077 9715.742026058557 0.25886433697460165 0.1181911614838126 75.0 87.0 3.2139355742296916 
76370.0 10462.053492222743 0.3307769142196371 0.06941094523225351 93.0 88.0 0.6512605042016807 
51430.0 9253.060294782385 0.2973872759760812 0.28196328156302375 59.0 70.0 1.1428571428571428 
71540.0 13935.953967172603 0.1079136690647482 0.13874614594039053 68.0 97.0 3.0259740259740266 
50388.62660944206 12943.141242089467 0.14260020554984584 0.24922918807810893 53.0 84.0 0.9832775919732442 
63091.836631385806 12353.250032983899 0.2665724563206578 0.12332990750256938 66.0 83.0 0.49516908212560384 
92939.30921935872 11163.092753105797 0.218395721872866 0.005781091268944097 89.0 103.0 3.660364145658263 
96370.0 8368.328138399904 0.12525693743448063 0.04946043165467626 111.0 98.0 0.9927442528735632 
74075.0 10767.24425131884 0.23124357656731756 0.11626413155190132 76.0 80.0 0.8508403361344539 
86820.0 13426.947702880998 0.20746804652349934 0.02956470459505019 77.0 96.0 1.161064425770308 
45910.0 11569.022998839835 0.09827852004111003 0.3642086330935251 42.0 78.0 0.0 
124964.72345046519 13377.836360557916 0.09637673621717033 3.45687946571188E-5 131.0 190.0 5.057020169160702 
83265.0 9325.962901057374 0.2158273381294964 0.030832476875642344 86.0 72.0 0.0 
94016.00179775455 16827.46728800758 0.04370797334056784 1.584199197207057E-5 108.0 210.0 5.333943355119826 
74531.97383749747 8101.939323259436 0.15994347379241644 0.08414696813979704 114.0 111.0 3.9214896214896213 
89116.57167526631 14548.732096215997 0.11176772867417899 2.7427648259961625E-29 122.0 198.0 3.704998275681106 
57505.0 7841.319221430678 0.08607399794450155 0.27620760534429595 70.0 90.0 2.333333333333333 
67685.0 11226.866357416231 0.13938848920876512 0.18178314491230105 89.0 85.0 0.3543743078626799 
53050.0 8624.161218557603 0.08543173718663384 0.3044670786904745 57.0 80.0 0.0 
70211.10576923077 9715.742026058557 0.25886433697460165 0.1181911614838126 75.0 87.0 3.2139355742296916 
73500.0 9872.259165337955 0.31025179856115104 0.11241007194244612 94.0 94.0 1.7737556561085972 
51430.0 9253.060294782385 0.2973872759760812 0.28196328156302375 59.0 70.0 1.1428571428571428 
71540.0 13935.953967172603 0.1079136690647482 0.13874614594039053 68.0 97.0 3.0259740259740266 
50388.62660944206 12943.141242089467 0.14260020554984584 0.24922918807810893 53.0 84.0 0.9832775919732442 
63091.836631385806 12353.250032983899 0.2665724563206578 0.12332990750256938 66.0 83.0 0.49516908212560384 
87746.49105227731 13662.386592490377 0.16058730224724846 2.940661783270512E-13 89.0 122.0 3.322780748663102 
96370.0 8368.328138399904 0.12525693743448063 0.04946043165467626 111.0 98.0 0.9927442528735632 
74075.0 10767.24425132433 0.23124357656728636 0.11626413155186323 76.0 80.0 0.8508403361344539 
83265.0 9325.962901057374 0.2158273381294964 0.030832476875642344 86.0 72.0 0.0 
53050.0 8624.161218557603 0.08543173718663384 0.3044670786904745 57.0 80.0 0.0 
73500.0 9872.259165337955 0.31025179856070184 0.11241007194297972 94.0 94.0 1.7737556561085972 
52980.0 9860.451762039636 0.29289145067100736 0.2691180664056699 56.0 70.0 1.1428571428571428 
57505.0 7841.319221430678 0.08607399794450155 0.27620760534429595 70.0 90.0 2.333333333333333 
96370.0 8368.328138399904 0.12525693743448063 0.04946043165467626 111.0 98.0 0.9927442528735632 
96859.05828917936 15118.239056544884 0.05974460728692026 3.5231404315943E-33 118.0 228.0 4.795997973657548 
63091.836631385806 12353.250032983899 0.2665724563206578 0.12332990750256938 66.0 83.0 0.49516908212560384 
67685.0 11226.866357416231 0.13938848920876512 0.18178314491230105 89.0 85.0 0.3543743078626799 
89918.40252075932 13625.847059393003 0.09829361943970834 0.003215264287331489 92.0 143.0 4.2589448865310935 
73743.8363244393 12706.733212286099 0.22675228933286073 0.09057460885131696 79.0 109.0 3.1347951565342873 
69035.0 11358.51856670271 0.24730463300167074 0.12911132670384637 69.0 83.0 0.751304347826087 
