0.4007682049267103
0.3707051123877581
0.3360722572540422
0.3901002808860306
0.40097161622051464
0.37017813475866745
0.3864573239546083
0.4073471419806964
0.4000602752437574
0.3835604470223121
0.450143302976336
0.44449158681142836
0.3898457743140101
0.3643313314374146
0.40460654550860353
0.4274737309549227
0.4535904956117967
0.4035142097978423
0.3831509501817214
0.40659418366528116
0.3733437280799509
0.37960375046794614
0.4013303099201354
0.41542823989903077
0.40117107906479
0.3645003440888254
0.44180337456783697
0.39550495417307224
0.39810370123292077
0.3830162715390418
