28780.0 11175.056188483297 0.14129736673089274 0.575465639049454 30.0 74.0 0.3395585738539898 
31725.0 11704.84079810786 0.06037251123956326 0.464354527938343 33.0 64.0 0.0 
31725.0 11704.84079810786 0.060380266218527885 0.46441417527654955 33.0 64.0 0.0 
31725.0 11704.84079810786 0.060380267214671615 0.4644141829383785 33.0 64.0 0.0 
25140.0 12012.621089711685 0.06486833654463713 0.6043673731535003 23.0 69.0 0.0 
25140.0 12012.621089711685 0.06486833654463713 0.6043673731535003 23.0 69.0 0.0 
31885.0 11412.125944371755 0.13681911387815363 0.5626926936960684 29.0 69.0 0.0 
25140.0 12012.621089711685 0.06487666902203527 0.6044450054429228 23.0 69.0 0.0 
25140.0 12012.621089711685 0.06486833654463713 0.6043673731535003 23.0 69.0 0.0 
25140.0 12012.621089711685 0.06487666902203527 0.6044450054429228 23.0 69.0 0.0 
28780.0 11175.056188483297 0.14129736673089274 0.575465639049454 30.0 74.0 0.3395585738539898 
31725.0 11704.84079810786 0.060380266218527885 0.46441417527654955 33.0 64.0 0.0 
31725.0 11704.84079810786 0.060380266218527885 0.46441417527654955 33.0 64.0 0.0 
29120.0 11902.86499215071 0.08092485549132948 0.5863840719332049 24.0 77.0 1.5272727272727273 
25140.0 12012.621089711685 0.06486833654463713 0.6043673731535003 23.0 69.0 0.0 
25140.0 12012.621089711685 0.06486833654463713 0.6043673731535003 23.0 69.0 0.0 
29025.0 10744.603217560634 0.0892742453436095 0.5806037251123957 30.0 72.0 1.1333333333333333 
31725.0 11704.84079810786 0.06037251123956326 0.464354527938343 33.0 64.0 0.0 
29120.0 11902.86499215071 0.08092485549132948 0.5863840719332049 24.0 77.0 1.5272727272727273 
30010.0 11506.852946657695 0.10789980732177264 0.5664739884393064 29.0 70.0 0.0 
28780.0 11175.056188483297 0.14129736673089274 0.575465639049454 30.0 74.0 0.3395585738539898 
31725.0 11704.84079810786 0.060380266218527885 0.46441417527654955 33.0 64.0 0.0 
31725.0 11704.84079810786 0.060380267214671615 0.4644141829383785 33.0 64.0 0.0 
29120.0 11902.86499215071 0.08092485549132948 0.5863840719332049 24.0 77.0 1.5272727272727273 
25140.0 12012.621089711685 0.06487666902203527 0.6044450054429228 23.0 69.0 0.0 
25140.0 12012.621089711685 0.06487666902203527 0.6044450054429228 23.0 69.0 0.0 
29025.0 10744.603217560634 0.0892742453436095 0.5806037251123957 30.0 72.0 1.1333333333333333 
31725.0 11704.84079810786 0.06037251123956326 0.464354527938343 33.0 64.0 0.0 
29120.0 11902.86499215071 0.08092485549132948 0.5863840719332049 24.0 77.0 1.5272727272727273 
29025.0 10710.261107642831 0.089285712812504 0.5806783049100979 30.0 78.0 1.5333333333333332 
29025.0 10744.603217560634 0.089285712812504 0.5806783049100979 30.0 72.0 1.1333333333333333 
31725.0 11704.84079810786 0.06037251123956326 0.464354527938343 33.0 64.0 0.0 
29120.0 11902.86499215071 0.08092485549132948 0.5863840719332049 24.0 77.0 1.5272727272727273 
29025.0 10710.261107642831 0.08928571428552505 0.5806783144900334 30.0 78.0 1.5333333333333332 
29025.0 10710.261107642831 0.08928571428552505 0.5806783144900334 30.0 78.0 1.5333333333333332 
153850.0 5894.199085884356 0.3937058445728966 0.06551059730250482 163.0 86.0 3.0476190476190474 
153850.0 5894.199085884356 0.39375642343184786 0.0655190133606011 163.0 86.0 3.0476190476190474 
153850.0 5894.199085884356 0.39375642343184786 0.0655190133606011 163.0 86.0 3.0476190476190474 
153680.0 5986.47694135495 0.4078879750364303 0.06551901316985019 161.0 85.0 3.166666666666667 
153680.0 5986.47694135495 0.40788565861015097 0.06551752728370724 161.0 85.0 3.166666666666667 
155190.0 6106.967005552223 0.4348608644050903 0.0590955806783145 154.0 82.0 3.0625 
153850.0 5894.199085884356 0.39375642343184786 0.0655190133606011 163.0 86.0 3.0476190476190474 
153850.0 5894.199085884356 0.39375642343184786 0.0655190133606011 163.0 86.0 3.0476190476190474 
153680.0 5986.47694135495 0.4078879750364303 0.06551901316985019 161.0 85.0 3.166666666666667 
153850.0 5894.199085884356 0.39375642343184786 0.0655190133606011 163.0 86.0 3.0476190476190474 
153850.0 5894.199085884356 0.39375641693571906 0.06551901227967918 163.0 86.0 3.0476190476190474 
153850.0 5894.199085884356 0.39375641693571906 0.06551901227967918 163.0 86.0 3.0476190476190474 
153680.0 5986.47694135495 0.4078879750364303 0.06551901316985019 161.0 85.0 3.166666666666667 
153850.0 5894.199085884356 0.39375642343184786 0.0655190133606011 163.0 86.0 3.0476190476190474 
153850.0 5894.199085884356 0.39375641693571906 0.06551901227967918 163.0 86.0 3.0476190476190474 
153850.0 5894.199085884356 0.39375642343268236 0.06551901336073995 163.0 86.0 3.0476190476190474 
153850.0 5894.199085884356 0.39375641693571906 0.06551901227967918 163.0 86.0 3.0476190476190474 
153850.0 5894.199085884356 0.39375642343184786 0.0655190133606011 163.0 86.0 3.0476190476190474 
153850.0 5894.199085884356 0.39375642343268236 0.06551901336073995 163.0 86.0 3.0476190476190474 
153850.0 5894.199085884356 0.3937058445728966 0.06551059730250482 163.0 86.0 3.0476190476190474 
155360.0 5874.846723811209 0.3776999044859901 0.05909640578206304 183.0 96.0 3.6190476190476186 
25140.0 12012.621089711685 0.06486833654463713 0.6043673731535003 23.0 69.0 0.0 
25140.0 12012.621089711685 0.06486833654463713 0.6043673731535003 23.0 69.0 0.0 
25140.0 12012.621089711685 0.06487666902203527 0.6044450054429228 23.0 69.0 0.0 
25140.0 12012.621089711685 0.06486833654463713 0.6043673731535003 23.0 69.0 0.0 
25140.0 12012.621089711685 0.06486833654463713 0.6043673731535003 23.0 69.0 0.0 
25140.0 12012.621089711685 0.06486833654463713 0.6043673731535003 23.0 69.0 0.0 
25140.0 12012.621089711685 0.06486833654463713 0.6043673731535003 23.0 69.0 0.0 
25140.0 12012.621089711685 0.06487666902203527 0.6044450054429228 23.0 69.0 0.0 
25140.0 12012.621089711685 0.06486833654463713 0.6043673731535003 23.0 69.0 0.0 
25140.0 12012.621089711685 0.06487666902203527 0.6044450054429228 23.0 69.0 0.0 
25140.0 12012.621089711685 0.06486833654463713 0.6043673731535003 23.0 69.0 0.0 
25140.0 12012.621089711685 0.06486833654463713 0.6043673731535003 23.0 69.0 0.0 
25140.0 12012.621089711685 0.06486833654463713 0.6043673731535003 23.0 69.0 0.0 
25140.0 12012.621089711685 0.06486833654463713 0.6043673731535003 23.0 69.0 0.0 
25140.0 12012.621089711685 0.06486833654463713 0.6043673731535003 23.0 69.0 0.0 
29025.0 10710.261107642831 0.089285712812504 0.5806783049100979 30.0 78.0 1.5333333333333332 
29025.0 10710.261107642831 0.0892742453436095 0.5806037251123957 30.0 78.0 1.5333333333333332 
29025.0 10710.261107642831 0.08928571428552505 0.5806783144900334 30.0 78.0 1.5333333333333332 
29025.0 10710.261107642831 0.08928571428552505 0.5806783144900334 30.0 78.0 1.5333333333333332 
29025.0 10710.261107642831 0.0892742453436095 0.5806037251123957 30.0 78.0 1.5333333333333332 
32200.0 10073.844516974488 0.10854206807964033 0.5536287732819525 36.0 82.0 1.7606112054329373 
25140.0 12012.621089711685 0.06487666902203527 0.6044450054429228 23.0 69.0 0.0 
25140.0 12012.621089711685 0.06487666902203527 0.6044450054429228 23.0 69.0 0.0 
25140.0 12012.621089711685 0.06486833654463713 0.6043673731535003 23.0 69.0 0.0 
25140.0 12012.621089711685 0.06486833654463713 0.6043673731535003 23.0 69.0 0.0 
25140.0 12012.621089711685 0.06486833654463713 0.6043673731535003 23.0 69.0 0.0 
27285.0 11329.633265287568 0.10661528580603725 0.5921644187540142 28.0 72.0 0.4857142857142857 
25140.0 12012.621089711685 0.06486833654463713 0.6043673731535003 23.0 69.0 0.0 
29025.0 10710.261107642831 0.089285712812504 0.5806783049100979 30.0 78.0 1.5333333333333332 
29025.0 10710.261107642831 0.0892742453436095 0.5806037251123957 30.0 78.0 1.5333333333333332 
29025.0 10710.261107642831 0.0892742453436095 0.5806037251123957 30.0 78.0 1.5333333333333332 
29025.0 10710.261107642831 0.0892742453436095 0.5806037251123957 30.0 78.0 1.5333333333333332 
29025.0 10710.261107642831 0.0892742453436095 0.5806037251123957 30.0 78.0 1.5333333333333332 
29025.0 10710.261107642831 0.089285712812504 0.5806783049100979 30.0 78.0 1.5333333333333332 
29025.0 10710.261107642831 0.089285712812504 0.5806783049100979 30.0 78.0 1.5333333333333332 
29025.0 10710.261107642831 0.089285712812504 0.5806783049100979 30.0 78.0 1.5333333333333332 
29025.0 10710.261107642831 0.0892742453436095 0.5806037251123957 30.0 78.0 1.5333333333333332 
29025.0 10710.261107642831 0.0892742453436095 0.5806037251123957 30.0 78.0 1.5333333333333332 
29025.0 10710.261107642831 0.089285712812504 0.5806783049100979 30.0 78.0 1.5333333333333332 
29025.0 10710.261107642831 0.089285712812504 0.5806783049100979 30.0 78.0 1.5333333333333332 
29025.0 10710.261107642831 0.0892742453436095 0.5806037251123957 30.0 78.0 1.5333333333333332 
29025.0 10710.261107642831 0.089285712812504 0.5806783049100979 30.0 78.0 1.5333333333333332 
29025.0 10710.261107642831 0.089285712812504 0.5806783049100979 30.0 78.0 1.5333333333333332 
41270.0 9347.888743539706 0.16187050382991924 0.47340698869375514 54.0 80.0 0.0 
41270.0 9347.888743539706 0.16187050382991924 0.47340698869375514 54.0 80.0 0.0 
41270.0 9347.888743539706 0.16187231592134305 0.47340698088356437 54.0 80.0 0.0 
41270.0 9347.888743539706 0.16184971098265896 0.4733461785484907 54.0 80.0 0.0 
41270.0 9347.888743539706 0.16184971098265896 0.4733461785484907 54.0 80.0 0.0 
43650.0 8773.063568714531 0.1599229287090559 0.45536287732819525 58.0 84.0 2.08 
26285.0 11901.591003919746 0.07129094412331406 0.596660244059088 28.0 79.0 1.0918114143920596 
26285.0 11901.591003919746 0.07129094412331406 0.596660244059088 28.0 79.0 1.0918114143920596 
26285.0 11901.591003919746 0.07129094412331406 0.596660244059088 28.0 79.0 1.0918114143920596 
26285.0 11901.591003919746 0.07129094412331406 0.596660244059088 28.0 79.0 1.0918114143920596 
26285.0 11901.591003919746 0.07129094412331406 0.596660244059088 28.0 79.0 1.0918114143920596 
29025.0 10710.261107642831 0.089285712812504 0.5806783049100979 30.0 78.0 1.5333333333333332 
25140.0 12012.621089711685 0.06487666902203527 0.6044450054429228 23.0 69.0 0.0 
