4348793.460663744 21735.16011028357 0.49351180734159455 0.0550035071311667 4915.0 340.0 6.239190417855793 
1480650.0268059797 22577.441830634983 0.19058335281739536 0.5485153144727613 1529.0 191.0 4.608347636136683 
4658668.531871523 23279.10514623571 0.4581482347439794 0.1316927753097966 4369.0 236.0 5.751877316532489 
5024221.19145599 20053.864213660643 0.5232639700724807 0.1192132335749357 4587.0 247.0 7.075312618416066 
6189738.808375944 20668.68106787979 0.5189677343932663 0.019815291091886837 5881.0 267.0 5.57243345130162 
4447450.440410721 23606.05426809505 0.4366962824409633 0.00502688800561141 4838.0 291.0 7.524158074602756 
4518844.207634082 28695.246975891794 0.11731353752630348 0.0 4644.0 620.0 10.060693504306464 
2178858.3420217643 21640.71056631883 0.2639408463876549 0.41483516483516486 1928.0 180.0 5.898425751879699 
5196392.879232361 16114.27330858523 0.538578442833762 0.04176408697685294 4498.0 252.0 8.253083857079705 
5529011.651947049 20180.66891793966 0.4960544774374562 0.07712765957446809 5320.0 246.0 6.9464042006682885 
923105.0 21658.77889127078 0.18669628244096328 0.6251461304652794 829.0 128.0 0.0 
2049350.0 17962.78779489297 0.22416413373860183 0.45382277297170914 1836.0 154.0 4.300322061191626 
5375244.983769688 21587.557744780082 0.29617722702829086 0.0 5747.0 470.0 9.612641211102655 
2276901.75127899 20959.040244005766 0.2462882861819032 0.40890226794482115 2108.0 211.0 5.704545454545455 
4982563.4004828315 22617.407925917825 0.39393850830021043 0.023556231003039513 5160.0 348.0 8.503194864905879 
2369960.0 19653.763813892732 0.3323299041384148 0.44385667523965394 2064.0 146.0 5.066666666666666 
5126351.646086028 25919.472420307517 0.12003156418050034 0.0 5351.0 649.0 10.296994050725395 
4604029.363879692 26982.963058112313 0.29407294832826747 0.04278700023380874 4466.0 502.0 8.929932147045095 
4866993.208506585 20233.144708827625 0.500964461070844 0.036766425064297406 5232.0 233.0 5.386873748235519 
2108298.912090168 20146.023840068196 0.23386719663315408 0.4433306055646481 1833.0 221.0 8.173913043478262 
4387591.380171139 18934.975029760437 0.334463408931494 0.0 5018.0 373.0 8.669453428912197 
2447555.0 20707.694362050053 0.32987491232172084 0.42240472293663783 2371.0 155.0 5.157894736842105 
4712137.047114835 28452.15953431652 0.13008534019172316 0.0 4730.0 678.0 10.188840605139124 
5266375.044311253 23485.67546303867 0.1651858779518354 0.0 5514.0 502.0 8.94024131705925 
2234770.0 18543.651254918757 0.32987491232172084 0.38689501987374325 2079.0 160.0 4.057142857142857 
3438705.448100563 24551.285651504902 0.42947743745616085 0.10907177928454524 3713.0 308.0 7.831494246126566 
2681602.6294098245 20668.824077910365 0.275631283610007 0.38099134907645543 2396.0 245.0 7.61827485380117 
5857185.250813197 19305.4033164696 0.5044715922375497 0.07037643207855974 5475.0 191.0 6.7166527128680205 
2952126.235561778 20643.773030122487 0.34483867196633156 0.3665244330137947 2547.0 151.0 2.0 
4754661.463074077 25827.02982601471 0.1297346270750526 0.0 4963.0 525.0 9.261626338151363 
1060445.0 21251.84895118461 0.20458265139116202 0.6048924479775544 1044.0 153.0 5.333333333333333 
4179580.0 17104.990599888653 0.43561491699789573 0.21980944587327567 4030.0 163.0 4.3501915708812255 
1543155.0000000005 18961.407218217824 0.08247603460369418 0.5857201309328969 1323.0 169.0 5.144927536231884 
5966545.105271313 22029.219541909384 0.27574818798223055 0.0 6126.0 424.0 7.643997041424034 
1349790.0 20899.93124190169 0.15904839841010054 0.6048924479775544 1199.0 146.0 4.0 
5918145.978767086 16592.883771524357 0.37044072948328266 0.0 6480.0 312.0 9.635120990344872 
2328052.3857837734 23672.806507239195 0.2807166238017302 0.3650923544540566 2136.0 230.0 3.5573116219667944 
3392430.0 19738.25883168626 0.3512976385316811 0.3188274491465981 3679.0 144.0 4.0 
7116742.905571131 17354.65364567597 0.5117488894084639 0.028173953705868598 6526.0 211.0 4.5761961961961966 
5597817.117999818 21319.109579220793 0.5130932896890343 0.0 4720.0 239.0 6.367299984204946 
4812415.6884841295 21238.664551063346 0.40963292027121817 0.0 5286.0 366.0 9.315719842521808 
4928216.131945222 19946.15907391886 0.29822305354220247 0.0 5144.0 361.0 6.584312316767161 
6064908.500275121 18930.94250753511 0.43766074351180734 0.030570493336450785 6191.0 296.0 8.40591907697171 
5435006.946015845 19813.450032211484 0.4909106850596212 0.0 5936.0 314.0 7.430281488083434 
2795200.0 19690.145374276013 0.3112286649520692 0.431873977086743 2696.0 151.0 3.072463768115942 
4081290.0 18247.707554661138 0.37935468786532617 0.31219312602291327 3612.0 151.0 4.147058823529411 
6749246.427359655 18484.87240299731 0.5671323357493571 0.032557867664250645 6306.0 206.0 7.8500874125874125 
2845825.0 20268.313770975317 0.3477612812719196 0.370119242459668 2883.0 144.0 2.0862708719851577 
2891505.0 18650.881100460494 0.3008241758241758 0.39671498714051906 2761.0 153.0 1.0675675675675675 
4304233.1562815085 21709.703317051895 0.4665945756371288 0.1106207622165069 3815.0 297.0 6.718767465121384 
5737570.945243943 20520.59299132291 0.26502221183072244 0.0 6384.0 480.0 9.118512970809181 
3271882.3203326915 26151.59414001669 0.45680383446340894 0.2150163666121113 3248.0 253.0 5.253729158054292 
3713288.727575676 25452.47526509719 0.4380406827215338 0.06873977086743044 3826.0 279.0 4.531731565338123 
5657580.828081549 20069.095697449193 0.4871112929623568 0.01505143792377835 5501.0 288.0 8.050286650286651 
2012529.4639235153 22913.827907548064 0.19420738835632453 0.4784895955108721 1743.0 184.0 7.471031746031746 
1678250.0 20538.653874506203 0.29541734860883795 0.5189092822071546 1391.0 129.0 1.2777777777777777 
1785115.0 19821.219594769213 0.22831423895253683 0.5163081599251812 1827.0 145.0 1.0816326530612246 
3186259.461314257 22549.853106712595 0.36529693710544775 0.2530979658639233 3035.0 236.0 8.096774193548388 
1192775.0 21989.792174615905 0.256108253448679 0.5884673836801496 1046.0 135.0 0.0 
1600545.0 20510.35898312041 0.1885959784895955 0.5485153144727613 1642.0 148.0 2.2081081081081084 
850725.0 23528.48256800955 0.1555704933364508 0.6614449380406827 729.0 131.0 2.0 
1858320.0 20375.301303124186 0.2068622866495207 0.48439326630815993 1742.0 150.0 3.0 
2512755.0 17066.9815766406 0.24023848491933597 0.4288052373158756 2177.0 157.0 4.158730158730158 
5796518.355276696 20675.12016240546 0.5068681318681318 0.0 6425.0 280.0 5.958691437262866 
3228972.0158295264 25441.628336498874 0.4705400981996727 0.152589431844751 3154.0 292.0 5.47343839735144 
3332698.212022121 18782.42450069696 0.35910100537760115 0.284428337619827 3323.0 170.0 3.078125 
4225426.132221184 28508.23087867288 0.0670154313771335 0.0 4612.0 661.0 9.99723100104831 
3559265.1875169673 27266.250301524233 0.46273673135375265 0.08005026888005612 3446.0 297.0 6.362927965073855 
3142498.6102048955 21454.41215107436 0.395516717325228 0.2132335749357026 3065.0 175.0 6.196078431372549 
1736905.0 21554.03279310714 0.2935468786532616 0.5061082534486789 1471.0 159.0 3.198029556650246 
3089245.0000000005 11563.18602144822 0.390139116202946 0.3509761515080664 2905.0 166.0 6.46875 
6907017.911880739 15747.883450435147 0.4573591302314707 0.0584229600187047 6822.0 333.0 9.580479824229824 
1248440.0 21928.06686733831 0.14838087444470424 0.604980126256722 1123.0 153.0 3.7571595558153126 
1130480.0 22156.77808752634 0.18722235211596913 0.6116144493804069 1007.0 138.0 2.508658008658009 
6347191.737958163 17605.0327897811 0.5096446107084405 0.10249590834697217 5927.0 166.0 5.0675675675675675 
3792244.8494215054 20886.16831450887 0.48196750058452187 0.1344984802431611 3220.0 231.0 6.671283164265803 
1958080.0 18040.61569790513 0.1672609305588029 0.4906768763151742 1797.0 168.0 6.125 
3859806.5245007602 24115.812199189553 0.5065174187514613 0.09311433247603461 3450.0 295.0 6.491532606815429 
3931447.8778169025 21021.713819361437 0.3973871872808043 0.18999883095627776 3679.0 214.0 5.503663074908261 
3037134.5748795993 20610.812224325622 0.3193827449146598 0.2695522562543839 2959.0 290.0 5.308939832186783 
987193.4892617876 19204.93434730022 0.16138648585457097 0.6279810614916997 857.0 140.0 2.166666666666667 
5326229.474995043 17658.60574816175 0.41314005143792376 0.12575987841945288 5235.0 304.0 5.687168610816543 
6019609.726014532 16682.241066490744 0.46799742810381106 0.10310965630114566 5653.0 220.0 7.5658710658710655 
1307480.0 22452.927681321755 0.17518120177694646 0.5943126022913257 1180.0 135.0 0.0 
6619142.445120181 15823.631695421649 0.5144961421557166 0.0 6244.0 243.0 7.370640330750729 
2734425.0 21951.477206858664 0.3659983633387889 0.33916880991349074 2747.0 171.0 6.282245532245533 
4012803.9487028862 21830.73319525455 0.3407762450315642 0.1773439326630816 4076.0 288.0 5.59857513171405 
2594745.3061287636 22126.12707294636 0.33472644376899696 0.3883855506195932 2226.0 182.0 3.4879505303234115 
3516620.5659201774 25962.651281588987 0.44783142389525366 0.16869300911854104 3220.0 302.0 6.878576367502027 
1406198.3653065083 22799.896927355105 0.30821837736731356 0.4957329904138415 1290.0 161.0 2.7756578947368418 
6243784.741877335 21392.347766648098 0.43126022913256956 0.0 6084.0 293.0 7.8977272727272725 
6134553.54819263 18034.16354579803 0.46095393967734394 0.0 5527.0 265.0 6.011203107155131 
1915895.0 18344.585846471884 0.17848375029226093 0.5221533785363572 1619.0 145.0 2.144927536231884 
525665.0 25075.46269551084 0.09527706336216975 0.737549684358195 456.0 153.0 2.0 
3629915.576785823 22914.107913978798 0.5052022445639467 0.1026128127191957 3779.0 264.0 4.165811177296001 
7304031.430434003 15581.348206387218 0.5558802899228431 0.0 6721.0 209.0 9.052806799112219 
7575842.828549442 13381.36106378119 0.5600888473228899 0.0 6890.0 225.0 8.199783175152632 
6506062.978429204 19961.017830994926 0.5354512508767828 0.06724924012158055 5826.0 174.0 6.3310276679841895 
2993107.0912734545 22622.222903994007 0.39180500350713116 0.29740472293663783 3156.0 165.0 4.211352657004831 
7156335.128835073 20490.373998564315 0.5614916997895721 0.0 6460.0 210.0 6.373867417345678 
6565655.548846455 14623.988076438889 0.3831833060556465 0.12134673836801496 6367.0 372.0 9.032046998552179 
6789633.073067982 16248.758898327236 0.4714753331774608 0.0 6157.0 294.0 7.368591516417603 
7233064.048228921 16905.602789119555 0.5634206219312602 0.0 6839.0 203.0 5.750270270270271 
6998321.793655665 17855.0588582703 0.45575169511339725 0.028173953705868598 6626.0 340.0 5.858118439294909 
603855.0 22289.228183469917 0.1457797521627309 0.7061900865092354 541.0 140.0 0.0 
803325.0 21576.721921108503 0.18175707271451952 0.6577039981295301 745.0 131.0 0.0 
6437092.101497642 17075.276870739664 0.4620645312134674 0.0 6263.0 271.0 9.040528214441258 
7622542.361483036 16642.90714268974 0.5349251812017769 0.0 7074.0 241.0 8.248890959925443 
7530795.074672459 15842.69717943686 0.5396013560907178 0.0 6787.0 218.0 7.570748679714196 
739455.0 22627.539021218174 0.15685644143090952 0.6743628711713818 649.0 138.0 2.0 
673845.0 21484.519664492153 0.152589431844751 0.6982990413841478 590.0 149.0 1.2380952380952381 
454815.0 23044.108774202643 0.08458031330371756 0.7537701660042085 386.0 121.0 0.0 
