[0, 26, 8, 12, 19, 18, 17, 28, 16, 7, 24, 20, 23, 1][8, 12, 0, 13, 6, 10, 16, 7, 2, 21][9, 14, 4, 1, 3, 11, 25, 7, 27, 29][9, 14, 1, 3, 11, 25, 7, 27, 29][5, 15, 10, 7, 28, 17, 22, 18][9, 14, 20, 24, 23, 3, 11, 25][5, 21, 10, 29, 27][5, 21, 10, 27][8, 19][4, 20][8, 26][6, 10] 
[5, 21, 2, 7, 16, 6, 13, 0, 19, 12, 8, 26][4, 1, 24, 23, 3, 11, 25, 7, 27][13, 18, 17, 22, 0, 12, 19, 8, 26][6, 5, 15, 10, 7, 28, 17][6, 13, 18, 22][9, 14, 20][2, 10, 6][11, 14][2, 15][27, 29][25, 28][2, 16] 
[5, 15, 29, 27, 7, 25, 11, 3, 23, 24, 20, 14, 9][6, 13, 0, 12, 18, 19, 8][9, 14, 20, 4, 1, 24, 23][6, 10, 16, 7, 2, 21][18, 22, 17, 28][0, 26][9, 14][17, 18][10, 27][9, 14][17, 18][9, 14] 
[5, 15, 29, 27, 7, 25, 11, 3, 23, 24, 1, 4, 20, 14, 9][8, 12, 0, 13, 6, 10, 16, 7, 2, 21][9, 14, 20, 4, 1, 24, 23, 3, 11, 25][8, 12, 0, 13, 6, 10, 16, 7, 2, 21][0, 22, 17][16, 28][8, 19][8, 26][17, 28][8, 12][20, 24][17, 18] 
[9, 14, 20, 4, 1, 3, 11, 25, 7, 27, 29][13, 18, 17, 12, 22, 25, 28, 0, 26][13, 18, 22, 25, 0, 26][5, 15, 10, 7, 28][4, 24, 23, 3, 11][2, 16, 10, 6][21, 15, 29][0, 22, 17][8, 26][8, 19][9, 14][11, 25] 
[9, 14, 20, 4, 1, 24, 23, 3, 11, 25, 7, 27, 29][0, 28, 25, 22, 12, 17, 18][0, 18, 13, 6, 21, 2][13, 6, 5, 21][21, 15, 29][7, 16][0, 19][10, 29][8, 19][8, 26][8, 19][8, 19] 
[5, 21, 6, 13, 18, 17, 12, 22, 25, 28, 0, 26, 8, 19][9, 14, 20, 4, 1, 24, 23, 3, 11, 25][1, 24, 23, 3, 11, 25, 7, 27][2, 10, 29, 27, 7][2, 16, 10, 6][3, 4, 14][21, 15, 29][22, 17, 28][7, 16][16, 28][10, 15][8, 19] 
[9, 14, 20, 4, 1, 24, 23, 3, 11, 25, 7, 27, 29][5, 21, 2, 7, 16, 10, 6, 13, 0, 19, 12, 8][13, 18, 17, 12, 22, 25, 28, 0, 26][10, 15, 2, 29, 27, 7, 24][6, 5, 21][6, 13][8, 26][5, 15][15, 16][8, 19][10, 21][5, 15] 
[9, 14, 1, 4, 7, 20, 24, 3, 11, 17, 18, 19, 0, 25, 22][21, 15, 27, 7, 25, 11, 3, 23][2, 16, 10, 6][0, 26, 8][25, 28][0, 13][10, 15][10, 27][15, 29][5, 15][8, 12][15, 29] 
[5, 15, 29, 27, 7, 25, 11, 3, 23, 24, 1, 4, 20, 14, 9][8, 19, 0, 13, 6, 16, 7, 2, 21][20, 24, 14, 4, 3, 23][10, 7, 28, 17, 22, 18][8, 12][0, 13][1, 23][8, 26][27, 29][5, 15][2, 29][5, 15] 
[8, 12, 0, 18, 22, 17, 28, 7, 10, 15, 6, 21][8, 12, 0, 22, 17, 28, 7, 10, 15, 5, 21][9, 14, 20, 4, 1, 24, 23, 3, 11, 25][0, 28, 25, 22, 12, 17, 18][4, 14, 3, 24, 7][2, 10, 27, 7][5, 6, 13][16, 27, 29][16, 27, 29][8, 26][8, 19][0, 13] 
[5, 15, 29, 27, 7, 25, 11, 3, 23, 24, 1, 4, 20, 14, 9][5, 21, 6, 13, 18, 17, 12, 22, 25, 28, 0, 26, 8, 19][2, 15, 21, 10][2, 16, 10, 6][6, 13, 18, 22][7, 10, 15][8, 26][11, 25][3, 9][8, 26][3, 24][14, 20] 
[10, 15, 2, 29, 27, 7, 24][16, 28, 17, 22, 0, 18][13, 0, 12, 8, 26][14, 20, 4, 1, 23][24, 3, 11, 25, 28][13, 6, 5, 21][1, 3][27, 29][0, 19][9, 14][27, 29][8, 19] 
[5, 21, 15, 27, 2, 10, 6, 13, 18, 0, 25, 28, 16, 7, 20][8, 26, 0, 28, 7, 10, 27, 2, 29][24, 3, 11, 25, 7, 27, 29][11, 17, 12, 19, 22][20, 4, 24, 23][14, 11, 3, 23][14, 3, 23][0, 26][8, 26][1, 3][1, 9][8, 19] 
[9, 14, 20, 4, 1, 24, 23, 3, 11, 25][2, 7, 16, 10, 6, 13, 0, 19, 12, 8][21, 5, 6, 13, 18, 22, 25][2, 16, 6, 13, 0, 19, 8][2, 10, 29, 27, 7][2, 29, 27, 7][21, 15, 29][16, 28][8, 26][17, 22][8, 26][17, 22] 
[5, 21, 6, 13, 18, 17, 12, 22, 25, 28, 0, 26, 8, 19][21, 10, 29, 27, 16, 7, 2, 6, 13, 0, 12, 8, 26][4, 1, 24, 23, 3, 11, 25, 7, 27, 29][10, 2, 16][13, 18, 22][1, 9][15, 21][10, 27][14, 23][4, 20][14, 23][8, 19] 
[5, 15, 29, 27, 7, 25, 11, 3, 23, 24, 1, 4, 20, 14, 9][0, 28, 25, 22, 12, 17, 18, 13, 6, 5, 21, 10, 15, 29, 2][5, 21, 2, 7, 16, 6, 13, 0, 19, 8, 26][0, 28, 25, 22, 12, 17, 18, 13][6, 13, 0, 12, 18, 22, 17, 28][5, 21, 2, 7, 16, 10, 6][5, 15, 10, 7, 28, 17, 18][5, 15, 10, 7, 28, 17, 18][5, 15][5, 15][8, 26][9, 14] 
[5, 21, 6, 13, 18, 17, 12, 22, 25, 28, 0, 26, 8, 19][9, 14, 20, 4, 1, 23, 3, 11, 25, 7, 27, 15, 21][9, 14, 1, 23, 3, 11, 17, 22, 25, 28, 7, 20][19, 8, 26, 0, 28, 25, 22][1, 24, 3, 9][6, 10, 16][22, 25][2, 15][2, 29][8, 26][2, 29][3, 9] 
[14, 20, 4, 1, 24, 23, 3, 11, 25, 7, 27][5, 6, 13, 18, 12, 22, 17, 0, 26, 8][6, 10, 2, 21][9, 14][8, 19][2, 29][2, 16][7, 28][15, 29][10, 29][0, 28][6, 13] 
[5, 21, 6, 13, 18, 17, 12, 22, 25, 28, 0, 26, 8, 19][14, 20, 4, 1, 24, 23, 3, 11, 25, 7, 27, 29][0, 13][16, 28][10, 15][10, 21][2, 7][3, 24][7, 28][3, 24][8, 26][9, 14] 
[9, 14, 20, 4, 1, 24, 23, 3, 11, 25, 7, 27, 15, 21][8, 12, 0, 18, 22, 17, 28, 7, 10, 15, 5, 6, 21][8, 12, 19, 0, 13, 6, 10, 16, 7, 2, 21][22, 18, 12, 19, 8, 26][16, 27, 29][21, 15, 29][22, 25][0, 13][8, 26][8, 26][13, 18][13, 18] 
[5, 15, 29, 27, 7, 25, 11, 3, 23, 24, 1, 4, 20, 14, 9][5, 21, 6, 13, 18, 17, 12, 22, 25, 28, 0, 26, 8, 19][5, 6, 13, 18, 17, 22, 25, 0, 26, 8, 19][5, 15, 27, 7, 25, 11, 3, 24, 4, 14][13, 6, 5, 21][8, 19, 18][10, 29][2, 21][16, 28][9, 14][9, 14][3, 9] 
[9, 14, 20, 4, 1, 24, 23, 3, 11, 25, 7, 27, 29][17, 18, 19, 8, 26, 0, 28, 7, 10, 27, 2, 15, 29][9, 14, 4, 24, 3, 11, 25, 7, 27, 29][17, 19, 8, 26, 0, 25, 7, 2, 29][5, 21, 2, 16, 15, 6][15, 10, 7, 28, 17][6, 13, 0, 19, 12][17, 22][0, 19][8, 26][10, 16][0, 13] 
[17, 18, 19, 8, 26, 0, 28, 25, 7, 10, 27, 2, 21, 15, 29][26, 8, 19, 12, 0, 22, 17, 18, 13, 6, 16, 7, 2, 27, 29][4, 1, 24, 23, 3, 11, 25][1, 24, 7, 25, 28, 16][4, 20, 14, 9][10, 6, 15, 16][4, 20, 14, 9][22, 25][11, 17][5, 15][11, 25][3, 23] 
[21, 10, 7, 16, 2, 6, 13, 18, 17, 12, 22, 25, 28, 0, 26][2, 27, 29, 15, 16, 10, 7, 20, 14, 23, 4, 3, 24, 1, 9][9, 14, 11, 25, 0, 18, 13, 6, 5, 21, 2, 15, 16, 10][5, 15, 29, 27, 7, 25, 11, 3, 23, 24, 1, 4, 20][9, 14, 20, 4, 24, 3, 11, 25, 7, 27, 15, 21][5, 21, 2, 7, 16, 10, 6, 13, 0, 19, 12][7, 25, 11, 3, 4, 14, 9][10, 27][8, 26][11, 14][8, 26][11, 14] 
[8, 19, 0, 13, 18, 12, 22, 25, 28, 7, 27, 29, 10, 16, 15][5, 15, 29, 27, 7, 25, 11, 3, 23, 24, 1, 4, 20, 14, 9][8, 19, 18, 17, 11, 3, 23, 20, 7, 28, 25, 22, 12, 0, 13][13, 6, 15, 16, 2, 21, 10, 29, 27, 7, 14, 3, 4, 24, 23][5, 15, 10, 7, 28, 17, 22, 18, 0, 13, 6, 16, 2, 27, 29][15, 6, 13, 0, 19, 17, 28, 25, 11, 14, 23, 4, 7, 10, 27][6, 2, 10, 15, 16, 28, 25, 7, 14, 9, 3, 23, 24, 4, 20][5, 21, 2, 16, 15, 6, 13, 0, 12, 8, 26][5, 21, 2, 10, 6, 13, 0, 19, 8, 26][5, 15, 10, 7, 28, 17, 22, 18][13, 6, 15, 16, 2, 10, 29][8, 26] 
[9, 14, 20, 4, 1, 24, 23, 3, 11, 25, 7, 27][18, 0, 22, 17, 28][13, 6, 5, 21][0, 26, 8, 12][21, 15, 29][7, 10, 15][0, 13][0, 19][8, 12][16, 28][2, 29][0, 19] 
[5, 15, 27, 7, 25, 11, 3, 23, 24, 1, 4, 20, 14, 9][6, 16, 2, 15, 21, 10, 29, 27, 7, 25, 11, 3, 24][5, 21, 6, 13, 18, 12, 22, 25, 28, 0, 26, 8, 19][13, 18, 17, 22, 0, 12, 8, 26][13, 18, 0, 19, 8, 26][18, 22, 17, 28][21, 5, 15, 29][7, 28, 16][3, 1, 9][7, 27][12, 17][7, 16] 
[5, 15, 29, 27, 7, 25, 11, 3, 23, 24, 1, 4, 20, 14][21, 2, 7, 16, 10, 6, 13, 0, 19, 12, 8, 26][17, 22, 18][27, 29][25, 28][17, 28][0, 19][9, 14][10, 27][4, 7][9, 14][17, 28] 
[16, 15, 5, 21, 6, 13, 18, 12, 22, 25, 28, 0, 26, 8, 19][4, 24, 7, 27, 29, 2, 15, 10, 21, 6, 13, 18, 0, 28, 16][11, 17, 22, 0, 26, 8, 12, 19, 18, 13, 6, 2, 7, 28, 16][1, 24, 23, 14, 20, 4, 3, 11, 25, 22, 19, 18, 12, 8, 26][5, 21, 6, 13, 18, 12, 22, 25, 28, 0, 26, 8, 19][6, 13, 0, 12, 19, 8, 26][16, 28, 17, 22, 0, 18][14, 20, 4, 1, 23][3, 11, 25, 7][3, 1, 9][4, 20][12, 17] 
[11, 25, 7, 20, 24, 14, 4, 3, 23][13, 18, 17, 12, 22, 25, 28, 0, 26][5, 21, 10, 6, 13, 0, 19, 8, 26][7, 27, 29, 10, 21][5, 15, 10, 7][1, 3, 11, 25][18, 22, 17, 28][2, 7, 16][8, 19, 18][3, 9][10, 15][11, 25] 
[6, 16, 2, 27, 10, 7, 14, 11, 25, 0, 17, 19, 12, 8, 26][11, 14, 23, 24, 4, 7, 16, 27, 10, 15, 6, 13, 18, 22, 17][4, 14, 3, 23, 24, 20, 7, 2, 27, 29, 10, 6, 15, 21, 5][3, 9, 14, 20, 23, 4, 1, 24, 7, 27, 10, 29, 2, 15, 5][4, 20, 14, 11, 3, 9, 23, 1, 24, 7, 2, 16, 10, 15, 29][9, 3, 14, 20, 4, 24, 7, 2, 6, 13, 0, 12, 18, 22, 17][18, 13, 6, 16, 28, 7, 14, 11, 25, 0, 17, 19, 12, 8, 26][8, 26, 0, 28, 25, 22, 12, 17, 18, 19][10, 27, 16, 2, 15, 21, 5, 6, 13][7, 25, 11, 3, 4, 14, 9][20, 4, 1, 24, 23][27, 29] 
[5, 21, 6, 15, 29, 2, 16, 10, 7, 25, 0, 13, 18, 12, 17][5, 21, 2, 7, 16, 10, 6, 13, 0, 19, 12, 8, 26][4, 24, 23, 3, 1, 14, 11, 25][5, 15, 10, 7, 28, 17, 22, 18][27, 15, 29][9, 14, 20][3, 9][5, 21][8, 19][12, 17][5, 21][3, 9] 
[5, 15, 29, 27, 7, 25, 11, 3, 23, 24, 1, 4, 20, 14, 9][5, 21, 2, 7, 16, 10, 6, 13, 0, 19, 12, 8, 26][11, 25, 7, 20, 24, 14, 4, 3, 23][5, 15, 10, 7, 28, 17, 22, 18][11, 25, 7, 24, 4, 23][5, 15, 10, 7][9, 14, 20][2, 29][1, 23][9, 14][27, 29][8, 12] 
[5, 21, 6, 13, 18, 17, 12, 22, 25, 28, 0, 26, 8, 19][21, 10, 29, 27, 16, 7, 2, 6, 13, 0, 12, 8, 26][9, 14, 4, 1, 3, 11, 25, 7, 27, 29][9, 14, 20, 24, 23, 3, 11, 25][13, 18, 22, 0, 26, 8, 19][10, 2, 16][8, 19][15, 21][4, 20][6, 10][6, 10][8, 19] 
[5, 15, 29, 27, 7, 25, 11, 3, 23, 24, 1, 4, 20, 14, 9][5, 21, 2, 7, 16, 10, 6, 13, 0, 19, 12, 8, 26][13, 18, 17, 12, 22, 25, 28, 0, 26][5, 15, 10, 7, 28, 17, 22, 18][2, 16, 15, 6, 13][8, 26][10, 27][0, 19][10, 27][11, 25][4, 14][22, 25] 
[20, 23, 4, 7, 2, 15, 5, 21, 10, 6, 13, 0, 19, 8, 26][5, 15, 29, 27, 7, 25, 11, 3, 23, 24, 1, 4, 20, 14, 9][5, 21, 2, 7, 27, 29, 15, 6, 13, 18, 17, 22, 0, 26, 8][26, 8, 19, 12, 0, 22, 17, 18, 13, 6, 15, 27, 7, 25, 28][6, 21, 15, 29, 10, 7, 25, 28, 17, 19, 18, 22, 12, 0, 13][5, 21, 2, 16, 10, 6][21, 15, 29][0, 22, 17][25, 28][17, 18][4, 20][25, 28] 
[6, 16, 2, 27, 10, 7, 14, 11, 25, 0, 17, 19, 12, 8, 26][7, 14, 11, 25, 0, 17, 19, 12, 8, 26][8, 26, 0, 28, 25, 22, 12, 17, 18][7, 27, 29, 10, 2, 21, 15, 16][20, 4, 1, 24, 23][13, 6, 5, 21][3, 14, 4][3, 9][0, 19][3, 9][8, 19][8, 19] 
[5, 15, 29, 27, 7, 25, 11, 3, 23, 24, 20, 14, 9][6, 13, 0, 12, 18, 19, 8, 26][15, 10, 7, 28, 17][3, 1, 4, 14, 9][15, 10, 7, 28, 17][5, 15, 10, 7, 28][18, 22, 17, 28][2, 10, 6][21, 15, 29][2, 16, 6][10, 15][9, 14] 
[4, 1, 24, 23, 3, 11, 25, 7, 27, 29, 15][18, 17, 12, 22, 25, 28, 0, 26][10, 2, 21, 15, 16][5, 6, 13][9, 14, 24][8, 26][8, 19][4, 20][5, 21][8, 26][5, 21][4, 20] 
[20, 4, 1, 24, 23, 3, 11, 25][10, 15, 2, 29, 27, 7, 24][15, 10, 7, 28, 17, 22, 18][16, 28, 17, 22, 0, 18][13, 6, 5, 21][12, 0, 13][8, 19, 18][12, 0, 13][5, 15][8, 26][14, 20][9, 14] 
[9, 23, 3, 1, 24, 20, 14, 7, 28, 25, 11, 17, 19, 18, 12][1, 23, 20, 24, 4, 3, 9, 14, 7, 28, 0, 13, 18, 22, 12][0, 13, 6, 21, 15, 10, 27, 7, 4, 24, 23, 3, 14, 1, 9][5, 15, 29, 27, 7, 25, 11, 3, 23, 24, 1, 4, 14, 9][5, 21, 2, 7, 16, 10, 6, 13, 0, 19, 12, 8, 26][5, 15, 10, 7, 28, 17, 22, 18, 19, 0, 26][17, 22, 0, 12, 19][6, 13, 18, 22][2, 16, 10, 6][9, 14, 20][25, 28][27, 29] 
[5, 15, 29, 27, 7, 25, 11, 3, 23, 24, 1, 4, 20, 14, 9][5, 21, 6, 13, 18, 12, 22, 25, 28, 0, 26, 8, 19][5, 6, 13, 18, 17, 22, 25, 0, 26, 8, 19][2, 16, 10][9, 14][3, 9][10, 15][11, 25][17, 18][8, 26][0, 19][9, 14] 
[9, 1, 3, 11, 25, 7, 27, 15][0, 28, 25, 22, 12, 17, 18, 13][2, 7, 16, 10, 6][24, 7, 27, 29][9, 14, 20][5, 21][4, 14][8, 12][8, 26][8, 19][1, 23][5, 15] 
[0, 26, 8, 12, 19, 18, 17, 28, 16, 7, 24, 20, 23, 3, 1][8, 12, 0, 13, 6, 10, 16, 7, 2, 21][5, 15, 10, 7, 28, 17, 22, 18][7, 25, 11, 3, 24, 20, 14][5, 21, 10, 29, 27][7, 4, 3, 9][9, 14][8, 19][2, 29][8, 26][2, 29][27, 29] 
[9, 14, 20, 4, 1, 24, 23, 3, 11, 25, 7, 27, 29][13, 18, 17, 22, 0, 12, 8, 26][6, 5, 15, 10, 7, 28, 17][6, 15, 10, 7, 28, 17][7, 28, 17, 22, 18][16, 28, 17][2, 10][6, 21][8, 19][11, 14][8, 19][2, 15] 
[9, 14, 1, 4, 7, 20, 24, 3, 11, 17, 18, 19, 0, 25, 22][9, 14, 20, 23, 4, 1, 3, 24, 7, 28, 16, 2, 6, 10, 21][5, 15, 29, 27, 7, 25, 11, 3, 23, 24, 1, 4, 20, 14][13, 18, 17, 22, 0, 12, 19, 8, 26][0, 28, 25, 22, 12, 17, 18, 13][0, 28, 25, 22, 12, 17, 18, 13][2, 16, 10, 6][2, 16, 10, 6][10, 15][2, 21][5, 15][15, 29] 
[23, 14, 9, 1, 24, 20, 7, 27, 15, 6, 13, 0, 19, 8, 26][9, 14, 20, 4, 1, 24, 23, 3, 11, 25, 7, 27, 15, 21][5, 6, 13, 18, 17, 12, 22, 25, 28, 0, 26, 8, 19][5, 21, 2, 15, 6, 10, 16, 7, 25, 11, 14, 24][2, 10, 29, 27][12, 17][16, 28][6, 10][2, 10][1, 4][15, 29][3, 23] 
[5, 15, 29, 27, 7, 25, 11, 3, 23, 24, 1, 4, 20, 14, 9][5, 21, 2, 7, 16, 10, 6, 13, 0, 19, 12, 8][5, 21, 2, 16, 15, 6, 13, 0, 12, 8, 26][7, 28, 17, 22, 18][0, 13][0, 19][10, 15][0, 19][10, 15][6, 15][8, 26][8, 26] 
[15, 10, 2, 7, 27, 16, 28, 17, 12, 0, 25, 22, 19, 8, 26][4, 1, 24, 23, 3, 11, 25, 7, 27, 29][13, 18, 22][6, 10][14, 20][1, 9][5, 15][10, 27][2, 21][5, 15][12, 19][14, 23] 
[2, 7, 16, 10, 6, 13, 0, 19, 12, 8][21, 5, 6, 13, 18, 22, 25][14, 20, 24, 3, 11, 25][1, 24, 23][16, 28][17, 22][10, 29][9, 14][5, 15][10, 27][8, 26][4, 20] 
[16, 27, 29, 15, 21, 2, 10, 6, 13, 0, 19][9, 1, 3, 11, 25, 7, 27][7, 28, 17, 22, 18][11, 14, 24, 20][12, 19][8, 19][8, 26][5, 21][4, 20][1, 23][12, 19][10, 27] 
[9, 14, 20, 4, 1, 24, 23, 3, 11, 25][0, 28, 25, 22, 12, 17, 18][2, 10, 29, 27, 7][5, 6, 13][21, 15, 29][0, 13][7, 16][8, 19][8, 26][0, 19][8, 19][16, 28] 
[20, 4, 1, 24, 23, 3, 11, 25, 7, 27, 29][2, 10, 6, 13, 0, 12, 8][5, 6, 13, 18, 22, 25][17, 22, 0, 18][21, 15, 29][8, 26][8, 19][10, 15][25, 28][1, 9][9, 14][16, 28] 
[15, 10, 2, 7, 27, 16, 28, 17, 12, 0, 25, 22, 19, 8, 26][23, 14, 24, 20, 4, 7, 16, 10, 21, 6, 5, 15, 29, 2, 27][4, 1, 23, 9, 3, 11, 25, 28, 7, 14, 24, 20][10, 27, 16, 28, 25, 0, 18, 22, 19, 12, 8, 26][5, 21, 6, 2, 16, 7, 10, 15, 27, 29][5, 21, 6, 2, 16, 7, 10, 15, 27, 29][9, 14, 4, 24, 23, 3, 11, 25][21, 5, 6, 13, 18, 22, 25][2, 21][1, 9][8, 26][5, 15] 
[5, 21, 6, 13, 18, 17, 12, 22, 25, 28, 0, 26, 8, 19][1, 24, 23, 3, 11, 25, 7, 27][2, 16, 10, 6][3, 4, 14][9, 14][10, 15][2, 29][17, 28][22, 25][3, 23][4, 20][0, 22] 
[5, 21, 2, 16, 15, 6, 13, 0, 12, 8, 26][7, 25, 11, 3, 23, 24, 4, 20, 14, 9][13, 18, 17, 22, 0, 12, 19, 8, 26][7, 27, 29, 2, 21][9, 14, 4, 24][20, 4, 1, 23][18, 22, 17, 28][2, 10, 6][16, 28][7, 27][5, 15][7, 27] 
[0, 28, 25, 22, 12, 17, 18, 13][5, 21, 2, 7, 16, 10, 6][11, 3, 23, 24, 1, 4, 20][24, 7, 27, 29][5, 15][9, 14][0, 26][16, 28][4, 14][4, 14][0, 19][8, 26] 
[14, 20, 4, 1, 24, 23, 3, 11, 25, 7, 27, 29][14, 20, 4, 1, 24, 23, 3, 11, 25, 7, 27, 29][1, 3, 11, 25, 0, 13, 18, 22, 19][2, 15, 6, 13, 0, 12, 8, 26][5, 15, 10, 7, 28, 17, 18][5, 21, 2, 16, 15, 6, 13][18, 0, 12, 19, 8, 26][16, 28, 17, 22, 0, 18][10, 7, 28, 17, 22, 18][9, 14, 4, 24][4, 20][0, 19] 
[9, 14, 4, 24, 23, 3, 11, 25, 7, 27, 29][7, 25, 11, 3, 24, 20, 14][17, 22, 0, 12, 19, 8, 26][5, 21, 2, 16, 15, 6][15, 10, 7, 28, 17][17, 22, 0, 18][4, 1, 23][5, 15][9, 14][0, 13][4, 20][23, 24] 
[7, 25, 11, 3, 24, 20, 14][21, 5, 6, 13, 18, 22, 25][10, 2, 29, 27, 7, 24][13, 0, 17, 22, 12, 19][16, 28, 17, 22, 0, 18][17, 22, 0, 12, 8, 26][5, 21, 2, 15, 6][7, 4, 3, 9][1, 3, 23][8, 19][27, 29][5, 15] 
[6, 13, 18, 12, 22, 25, 28, 0, 26, 8][11, 3, 24, 4, 20, 14][5, 21, 2, 15, 6][2, 10, 29, 27][3, 23][4, 7][1, 9][7, 27][12, 17][16, 28][8, 19][1, 4] 
[4, 1, 24, 23, 3, 11, 25, 7, 27][13, 18, 17, 22, 0, 12, 19, 8, 26][6, 5, 15, 10, 7, 28, 17][11, 14][15, 29][2, 15][9, 14][2, 16][2, 15][6, 21][20, 24][2, 10] 
[5, 15, 29, 27, 7, 25, 11, 3, 23, 24, 1, 4, 20, 14, 9][15, 5, 21, 2, 7, 16, 10, 6, 13, 0, 19, 12, 8, 26][5, 21, 2, 10, 6, 13, 0, 19, 8, 26][5, 15, 10, 7, 28, 17, 22, 18][5, 15, 10, 7, 28, 17, 22, 18][5, 15, 10, 7, 28, 17, 22, 18][0, 13][9, 14][22, 25][9, 14][6, 15][3, 23] 
[12, 19, 0, 13, 6, 10, 2, 21, 15, 29, 27, 16][11, 25, 0, 12, 18, 13, 6, 15, 5, 21][8, 26, 0, 28, 7, 10, 27, 2, 29][4, 1, 23, 3, 11, 14, 9][7, 28, 17, 22, 18][20, 4, 24, 23][0, 28][0, 26][8, 19][8, 26][16, 28][1, 3] 
[9, 14, 20, 4, 1, 24, 23, 3, 11, 25, 7, 27, 29][5, 21, 2, 16, 15, 6][15, 10, 7, 28, 17][17, 22, 0, 18][8, 26][8, 19][0, 19][23, 24][0, 13][8, 12][9, 14][8, 26] 
[5, 15, 29, 27, 7, 25, 11, 3, 23, 24, 1, 4, 20][9, 14, 20, 4, 24, 3, 11, 25, 7, 27, 15, 21][5, 6, 13, 18, 22, 25, 0, 26, 8, 19][6, 13, 18, 17, 12, 22, 25, 28, 0, 26][6, 10, 2, 21][10, 16][11, 14][15, 29][9, 14][8, 26][2, 16][15, 29] 
[2, 27, 10, 21, 6, 13, 18, 17, 12, 22, 25, 28, 0, 26][11, 25, 7, 20, 24, 14, 4, 3, 23][7, 27, 29, 10, 21][1, 3, 11, 25][5, 15, 10, 7][18, 22, 17, 28][8, 19, 18][17, 28][16, 28][9, 14][7, 27][8, 26] 
[5, 15, 29, 27, 7, 25, 11, 3, 23, 24, 1, 4, 14][6, 13, 18, 17, 12, 22, 25, 28, 0, 26, 8, 19][2, 15, 21, 10][4, 20][16, 28][27, 29][16, 28][1, 9][17, 28][1, 9][11, 25][16, 28] 
[16, 28, 17, 19, 18, 12, 0, 13, 6, 15, 2, 29, 27, 10, 21][6, 15, 27, 7, 10, 29, 2, 16, 28, 0, 17, 12, 18, 19, 8][9, 1, 23, 20, 24, 3, 4, 7, 25, 22, 18, 12, 19, 8, 26][5, 15, 29, 27, 7, 25, 11, 3, 23, 24, 1, 4, 20, 14][15, 10, 7, 28, 17, 22, 18][13, 6, 5, 21][0, 26, 8, 12][8, 19, 18][18, 19][9, 14][2, 21][10, 29] 
[5, 15, 29, 27, 7, 25, 11, 3, 23, 24, 1, 4, 20, 14, 9][5, 21, 2, 10, 6, 13, 0, 12, 8, 26][13, 18, 0, 17, 22, 12, 19][13, 18, 0, 22, 19][5, 21, 15, 6][7, 4, 3, 9][10, 16, 28][12, 8, 26][9, 14][8, 19][10, 29][8, 19] 
[9, 14, 20, 4, 1, 24, 23, 3, 11, 25, 7, 27, 15, 21][5, 21, 2, 7, 16, 10, 6, 13, 0, 19, 12, 8, 26][8, 12, 19, 0, 13, 6, 10, 16, 7, 2, 21][22, 18, 12, 19, 8, 26][17, 22, 0, 18][0, 26, 8, 12][21, 15, 29][25, 28][10, 27][22, 25][1, 9][0, 13] 
[4, 1, 24, 23, 3, 11, 25, 7, 27, 29][0, 28, 25, 22, 12, 17, 18, 13][6, 10, 16, 7, 2, 21][14, 24, 20][0, 26][8, 26][5, 21][10, 15][17, 19][1, 9][8, 26][5, 21] 
[5, 15, 29, 27, 7, 25, 11, 3, 23, 24, 20, 14, 9][6, 13, 0, 12, 18, 19, 8, 26][3, 24, 4, 20, 14, 9][5, 15, 10, 7, 28][3, 1, 4, 14, 9][5, 15, 10, 7, 28][18, 22, 17, 28][2, 15, 21, 10][10, 6, 16][21, 15, 29][9, 14][16, 28] 
[5, 21, 2, 7, 16, 10, 6, 13, 0, 19, 12][7, 25, 11, 3, 4, 14, 9][20, 4, 1, 24, 23][7, 28, 17][17, 22, 18][4, 20][10, 15][10, 27][0, 26][27, 29][8, 26][27, 29] 
[5, 15, 29, 27, 7, 25, 11, 3, 23, 24, 1, 4, 20, 14, 9][5, 21, 2, 7, 16, 10, 6, 13, 0, 19, 12, 8][5, 21, 10, 6, 13, 0, 19, 8, 26][5, 15, 10, 7, 28, 17, 22, 18][0, 22, 17][12, 0, 13][11, 25][17, 18][16, 28][0, 13][8, 26][0, 19] 
[5, 21, 6, 13, 18, 17, 12, 22, 25, 28, 0, 26, 8, 19][4, 1, 24, 23, 3, 11, 25, 7, 27, 29][2, 16, 10][7, 10, 15][22, 25][3, 9][8, 26][3, 24][3, 9][22, 25][9, 14][4, 20] 
[5, 15, 29, 27, 7, 25, 11, 3, 23, 24, 1, 4, 20, 14, 9][5, 21, 2, 7, 16, 10, 6, 13, 0, 19, 12, 8, 26][5, 15, 10, 7, 28, 17, 22, 18][1, 4, 20, 14, 9][1, 14, 23, 9][3, 23][15, 21][5, 15][9, 14][9, 14][0, 22][4, 20] 
[5, 15, 29, 27, 7, 25, 11, 3, 23, 24, 1, 4, 20, 14, 9][6, 16, 2, 15, 21, 10, 29, 27, 7, 25, 11, 3, 24][5, 21, 6, 13, 18, 12, 22, 25, 28, 0, 26, 8, 19][5, 15, 10, 7, 28, 17, 18][18, 22, 17, 28][3, 1, 9][3, 23][12, 17][20, 24][4, 20][8, 19][16, 28] 
[20, 4, 1, 24, 23, 3, 11, 25, 7, 27, 29][17, 22, 0, 12, 19][2, 16, 10, 6][6, 13, 18, 22][7, 10, 15][1, 9][14, 20][25, 28][5, 15][8, 12][8, 26][2, 21] 
[14, 20, 4, 24, 3, 11, 25][13, 18, 0, 17, 22, 12, 19][5, 21, 2, 15, 6][2, 10, 29, 27][4, 1, 23][19, 8, 26][9, 14][4, 7][25, 28][16, 28][17, 28][7, 27] 
[10, 29, 15, 21, 5, 6, 13, 18, 12, 22, 17, 0, 26, 8, 19][9, 14, 20, 4, 1, 24, 23, 3, 11, 25, 7, 27, 29][0, 18, 13, 6, 21, 2][7, 28, 17, 22][13, 6, 15, 16][7, 28, 17, 22][2, 29][0, 19][10, 29][8, 26][8, 19][8, 26] 
[5, 15, 29, 27, 7, 25, 11, 3, 23, 24, 1, 4, 20, 14, 9][5, 21, 2, 7, 16, 10, 6, 13, 0, 19, 12, 8][9, 14, 4, 24, 3, 11, 25][7, 28, 17, 22][12, 0, 13][8, 26][17, 18][4, 20][4, 20][10, 27][11, 25][25, 28] 
[9, 14, 20, 4, 1, 24, 23, 3, 11, 25, 7, 27, 15, 21][5, 6, 13, 18, 17, 12, 22, 25, 28, 0, 26, 8, 19][5, 15, 6, 10, 21, 2, 29, 27, 16, 7][2, 6, 10][8, 26][16, 28][15, 29][0, 13][10, 15][0, 13][1, 14][15, 29] 
[8, 12, 0, 18, 22, 17, 28, 7, 10, 15, 5, 6, 21][20, 4, 1, 24, 23, 3, 11, 25, 7, 27, 29][9, 1, 3, 11, 25, 7, 27][1, 24, 4, 3, 9][2, 29, 10, 27][1, 23][8, 19][10, 16][8, 26][9, 14][13, 18][0, 22] 
[5, 15, 29, 27, 7, 25, 11, 3, 23, 24, 1, 4, 20, 14, 9][5, 21, 6, 13, 18, 17, 12, 22, 25, 28, 0, 26, 8, 19][5, 21, 2, 7, 16, 10, 6, 13, 0, 19, 12, 8, 26][11, 25, 7, 20, 24, 14, 4, 3, 23][1, 14, 23, 9][5, 15, 10, 7][0, 22, 17][18, 17, 28][9, 14][15, 21][2, 29][4, 20] 
[9, 14, 20, 4, 1, 24, 23, 3, 11, 25][10, 15, 2, 29, 27, 7, 24][16, 28, 17, 22, 0, 18][13, 6, 5, 21][12, 0, 13][10, 15][8, 26][8, 19][4, 20][17, 19][17, 19][5, 15] 
[8, 19, 12, 0, 22, 17, 18, 13, 6, 15, 16, 7, 24, 20, 23][10, 29, 15, 21, 5, 6, 13, 18, 12, 22, 17, 0, 26, 8, 19][9, 14, 20, 4, 1, 24, 23, 3, 11, 25, 7, 27, 29][0, 18, 13, 6, 21, 2][0, 18, 13, 6, 21][13, 6, 5, 21][8, 26][8, 19][10, 29][17, 28][0, 19][2, 29] 
[3, 9, 23, 1, 24, 14, 11, 25, 22, 19, 0, 18, 17, 12, 8][8, 26, 0, 28, 25, 22, 12, 18][10, 15, 2, 29, 27, 7, 24][5, 15, 29, 27, 16, 6, 10][20, 4, 24, 23][13, 6, 5, 21][10, 21, 15][0, 13][6, 15][15, 16][8, 26][15, 16] 
[5, 15, 29, 27, 7, 25, 11, 3, 23, 24, 1, 4, 20, 14, 9][5, 21, 2, 7, 16, 10, 6, 13, 0, 19, 12, 8, 26][9, 14, 20, 4, 1, 24, 23, 3, 11, 25][13, 18, 17, 12, 22, 25, 28, 0, 26][2, 16, 15, 6, 13][10, 27][0, 19][8, 26][8, 26][4, 14][8, 26][4, 14] 
[12, 19, 0, 13, 6, 10, 2, 21, 15, 29, 27, 16][1, 24, 23, 3, 11, 25, 7, 27, 15, 5][7, 28, 17, 22, 18][8, 26][1, 4][4, 20][3, 9][9, 14][9, 14][9, 14][10, 15][8, 19] 
[9, 14, 20, 4, 1, 24, 23, 3, 11, 25, 7, 27, 29][5, 21, 2, 7, 16, 10, 6, 13, 0, 19, 12, 8, 26][9, 14, 20, 4, 1, 24, 23, 3, 11, 25, 7, 27, 29][5, 21, 2, 7, 16, 10, 6, 13, 0, 19, 12, 8][13, 18, 17, 12, 22, 25, 28, 0, 26][6, 13, 0, 19, 12, 8][0, 22, 17][0, 22, 17][8, 26][5, 15][16, 28][8, 19] 
[8, 12, 0, 18, 22, 17, 28, 7, 10, 15, 5, 6, 21][4, 14, 3, 24, 7][11, 14, 24, 20][3, 1, 9][16, 27, 29][8, 19][15, 29][8, 26][11, 25][2, 10][13, 18][1, 23] 
[9, 14, 20, 4, 1, 24, 23, 3, 11, 25, 7, 27, 15, 21][5, 21, 2, 7, 16, 10, 6, 13, 0, 19, 12, 8, 26][15, 10, 7, 28, 17, 22, 18][0, 26, 8, 12][2, 29, 27, 7][21, 15, 29][8, 19, 18][0, 13][0, 13][22, 25][11, 25][22, 25] 
[5, 15, 29, 27, 7, 25, 11, 3, 23, 24, 1, 4, 20, 14, 9][8, 12, 0, 13, 6, 10, 16, 7, 2, 21][5, 15, 10, 7, 28, 17, 22, 18][0, 22, 17][9, 14][16, 28][8, 26][17, 18][0, 19][2, 29][9, 14][0, 19] 
[5, 15, 29, 27, 7, 25, 11, 3, 23, 24, 1, 4, 20, 14, 9][5, 21, 2, 7, 16, 6, 13, 0, 19, 8, 26][5, 21, 2, 10, 6, 13, 0, 12, 8, 26][21, 15, 6, 13, 0, 12, 8, 26][5, 15, 10, 7, 28, 17, 22, 18][5, 15, 10, 7, 28, 17, 18][18, 22, 17, 28][10, 16, 28][0, 13][0, 19][5, 15][5, 15] 
[5, 15, 29, 27, 7, 25, 11, 3, 23, 24, 1, 4, 20, 14, 9][5, 21, 6, 13, 18, 17, 12, 22, 25, 28, 0, 26, 8, 19][3, 23, 24, 1, 4, 20, 14, 9][10, 6, 2, 16][5, 21][6, 10][5, 21][8, 19][4, 20][16, 28][10, 15][8, 19] 
[5, 15, 29, 27, 7, 25, 11, 3, 23, 24, 1, 4, 20, 14, 9][5, 21, 2, 7, 16, 10, 6, 13, 0, 19, 12, 8, 26][18, 17, 22, 0, 12, 19, 8, 26][5, 15, 10, 7, 28, 17, 22, 18][2, 16, 15, 6, 13][9, 14, 4, 24][12, 0, 13][9, 14, 24][25, 28][16, 28][10, 27][0, 19] 
[5, 15, 29, 27, 7, 25, 11, 3, 23, 24, 1, 4, 20, 14, 9][5, 6, 13, 18, 17, 12, 22, 25, 28, 0, 26, 8][8, 12, 19, 0, 13, 6, 10, 16, 7, 2, 21][5, 15, 27, 7, 25, 11, 3, 24, 4, 14, 9][16, 27, 29][0, 22, 17][6, 10][16, 28][2, 29][9, 14][17, 18][9, 14] 
[5, 21, 2, 16, 15, 6, 13][7, 27, 29, 10, 2, 21][18, 0, 12, 19, 8, 26][18, 22, 17, 28][9, 14, 4, 24][1, 3, 11, 25][4, 1, 23][0, 19][4, 20][7, 27][25, 28][16, 28] 
[5, 15, 29, 27, 7, 25, 11, 3, 23, 24, 1, 4, 20, 14, 9][5, 21, 2, 7, 16, 10, 6, 13, 0, 19, 12, 8, 26][5, 21, 2, 7, 16, 10, 6, 13, 0, 19, 12, 8][5, 15, 10, 7, 28, 17, 22, 18][12, 0, 13][0, 22, 17][2, 10, 29][16, 28][8, 26][4, 20][11, 25][8, 26] 
[13, 18, 17, 12, 22, 25, 28, 0, 26][9, 1, 3, 11, 25, 7, 27, 15][16, 2, 6, 10, 21][11, 14, 24, 20][1, 23][7, 16][8, 19][4, 20][5, 21][8, 12][27, 29][4, 20] 
[5, 15, 29, 27, 7, 25, 11, 3, 23, 24, 1, 4, 20, 14, 9][5, 21, 6, 13, 18, 17, 12, 22, 25, 28, 0, 26, 8, 19][6, 16, 2, 15, 21, 10, 29, 27, 7, 25, 11, 3, 24][18, 0, 22, 17, 28][3, 1, 9][16, 28][3, 9][8, 19][20, 24][0, 19][16, 28][8, 19] 
[21, 15, 6, 13, 0, 12, 8, 26][4, 14, 3, 24, 7, 20][1, 23, 3, 11, 25][18, 22, 17, 28][10, 16, 28][7, 10, 15][10, 27][9, 14][0, 19][5, 15][15, 29][2, 16] 
[20, 4, 1, 24, 23, 3, 11, 25][15, 10, 7, 28, 17, 22, 18][2, 29, 27, 7][13, 6, 5, 21][0, 26, 8, 12][8, 19, 18][5, 15][22, 25][16, 28][14, 20][9, 14][22, 25] 
[13, 18, 17, 22, 0, 12, 19, 8, 26][4, 1, 24, 23, 3, 11][5, 15, 10, 7, 28][2, 16, 10, 6][21, 15, 29][11, 14][4, 20][11, 25][25, 28][10, 27][17, 28][9, 14] 
[5, 15, 29, 27, 7, 25, 11, 3, 23, 24, 1, 4, 20, 14, 9][5, 21, 2, 16, 15, 6, 13, 0, 12, 8, 26][7, 28, 17, 22, 18][8, 26][10, 15][0, 19][6, 15][11, 25][9, 14][11, 25][1, 9][17, 18] 
[5, 15, 29, 27, 7, 25, 11, 3, 23, 24, 1, 4, 20, 14, 9][5, 21, 15, 29, 27, 7, 25, 11, 3, 23, 24, 1, 4, 20][5, 21, 2, 7, 16, 10, 6, 13, 0, 19, 12, 8, 26][5, 15, 10, 7, 28, 17, 22, 18][18, 0, 22, 17, 28][8, 12, 19][8, 26][17, 28][11, 25][8, 26][9, 14][16, 28] 
[5, 15, 29, 27, 7, 25, 11, 3, 23, 24, 1, 4, 20, 14, 9][5, 21, 2, 7, 16, 10, 6, 13, 0, 19, 12, 8, 26][5, 15, 10, 7, 28, 17, 22, 18][9, 14, 20][12, 0, 13][8, 19][0, 19][8, 26][16, 28][16, 28][11, 25][0, 13] 
[5, 15, 29, 27, 7, 25, 11, 3, 23, 24, 1, 4, 20, 14, 9][5, 21, 2, 16, 15, 6, 13, 0, 12, 8, 26][5, 21, 2, 10, 6, 13, 0, 19, 8, 26][5, 15, 10, 7, 28, 17, 22, 18][8, 19, 0, 13][0, 19][11, 25][6, 15][0, 13][8, 26][22, 25][17, 18] 
[10, 15, 2, 29, 27, 7, 24][16, 28, 17, 22, 0, 18][14, 20, 4, 1, 23][13, 6, 5, 21][3, 11, 25, 7][12, 0, 13][25, 28][3, 23][0, 19][1, 9][8, 26][8, 19] 
[13, 18, 17, 22, 0, 12, 19, 8, 26][4, 23, 9, 1, 3, 24, 20][7, 25, 28, 16][21, 5, 15, 29][6, 10, 27][7, 24][22, 25][7, 27][11, 25][11, 14][10, 29][2, 15] 
