0.9998245777342835 3.7813505610105656E-4 -8.567096722710802E-5 2.5428562196698815E-4 6.122375087628188E-4 -2.580942547154935E-5 3.1503921632508876E-5 -6.083651397934637E-4 -2.38048425064327E-4 7.489015033711479E-4 
0.0 3.9983485072467995E-4 -3.643767954595751E-5 2.761199365949742E-4 6.977081251957468E-4 -7.985417305733067E-5 6.894522631996438E-5 -5.854072962551402E-4 -2.692683598407801E-4 7.474780630348147E-4 
0.48654900741556456 3.956091350780044E-4 4.0589040019726796E-4 2.785421264254039E-4 7.381709817012569E-4 -2.6503914757034294E-5 3.1441776172396336E-4 -7.460586504465996E-4 -2.3802820945381136E-4 7.393399728840009E-4 
0.34230475353274675 3.9072475001620285E-4 -8.247423852119235E-5 2.719809060866423E-4 7.299466874349313E-4 -1.9987425462082425E-5 -7.844384948407021E-5 -6.065229541776119E-4 -2.5476029462777767E-4 7.406702423155698E-4 
0.23706274641714603 3.9798753546651475E-4 -8.509989637318674E-5 2.6781456875731014E-4 7.115600986401042E-4 2.63145255570908E-4 6.230574160535045E-5 -7.353351993810127E-4 -2.3948969044799924E-5 6.545447850878277E-4 
0.4700668545539305 3.780251679747336E-4 -8.307420708123466E-5 2.9852510358410007E-4 6.705360825705066E-4 2.5497155336867304E-4 5.2201715299104606E-5 -6.290458965902559E-4 -2.8045233460525E-4 7.45582096778285E-4 
0.2570611616395258 3.983062387565191E-4 -8.509989637318674E-5 2.6781456875731014E-4 7.123358312859252E-4 2.6274322333218783E-4 6.580101584764721E-5 -7.353351993810127E-4 -2.0335881841637325E-5 8.149594702071279E-4 
0.022030720541842352 6.031364080983968E-4 2.8008873398556515E-4 2.5801936402097836E-4 6.088538534651242E-4 2.8857106555030374E-4 3.1250252030474974E-4 -6.110551479458924E-4 -2.3741106941637183E-4 7.386456397319509E-4 
0.5627455530885681 3.772448822590466E-4 2.9018467742661716E-4 2.7864053462607987E-4 7.564863095015116E-4 -1.0789827119314533E-5 -8.578893225795613E-6 -6.092711609050187E-4 -2.3685152509500876E-4 7.39769951692397E-4 
0.526775454730912 3.813151353589838E-4 -9.929873481556865E-5 2.788704225167593E-4 7.564863095015116E-4 -9.05053836932188E-6 -8.578893225795613E-6 -6.107876826059499E-4 -2.3685152509500876E-4 7.489347264998516E-4 
0.6487744487603754 3.81230834503715E-4 -8.575157905188051E-5 3.636082441381484E-4 6.140059373571325E-4 3.4624705517673606E-4 1.4501144457699856E-6 -7.273678987929931E-4 -2.7700400397964194E-4 6.55894956660952E-4 
0.15066793709760112 4.009040711001518E-4 -8.697153277914814E-5 3.572821691106111E-4 6.170374706904172E-4 -6.761733641691151E-6 3.151518751156827E-5 -6.082358389478205E-4 -2.7198197743225446E-4 8.113125863180514E-4 
0.16535782833767224 3.7973517972421513E-4 3.016203639141876E-4 2.421852640360926E-4 7.46129821114412E-4 -3.724298301029647E-5 -4.427456018469556E-6 -5.995024806325378E-4 -2.4500839524171816E-4 8.082982625768939E-4 
0.0021600745761938267 3.9468514466708005E-4 -1.5551640043267857E-5 3.808826552413779E-4 5.420915691763693E-4 -5.8844411083928516E-5 -1.6713951781787397E-5 -6.084250092739584E-4 -2.409502261626178E-4 7.313857634930285E-4 
0.5857312742435486 3.9468514466708005E-4 -1.5551640043267857E-5 3.808826552413779E-4 5.50258938291821E-4 -1.3799694623913938E-5 -2.1508338795833346E-5 -6.14636180151206E-4 -2.409502261626178E-4 7.286631823850963E-4 
0.3174104515765637 5.378386133326389E-4 2.6692616921319224E-4 2.4389609173579654E-4 7.30415903299374E-4 -4.1877115665560374E-5 -6.332455864190546E-6 -7.51375083156463E-4 -7.81623991427022E-6 7.477739334834964E-4 
0.7238898032250995 3.977502663145235E-4 2.9928353970378526E-4 3.8085940351961843E-4 7.46129821114412E-4 -4.2363892422368575E-5 -4.427456018469556E-6 -7.235477453515559E-4 -2.4532154414878983E-4 8.050347554354017E-4 
0.3003723765638896 3.843234836248744E-4 -5.904408636772337E-5 1.490040521124438E-4 7.535766852620521E-4 -1.0677273576501212E-5 -1.7026434553326123E-6 -6.0819335053756E-4 -2.3702338049494062E-4 7.492185384919359E-4 
0.018358195685394235 7.094231503128432E-4 -8.065498418366775E-5 2.577253530008373E-4 7.347243673033684E-4 3.415651996496971E-4 -1.3697064031550476E-5 -7.323979140605247E-4 -2.7700400397964194E-4 7.389923939768232E-4 
0.0754018006190873 6.090662759724262E-4 2.9928371951465675E-4 2.9662418194022916E-4 6.73518372070033E-4 -3.603211810512088E-5 -2.003007818562485E-5 -7.356918255843437E-4 -2.4122684454525408E-4 -8.052239519697722E-4 
0.08871982897858664 3.9799002178523283E-4 -8.867599914549266E-5 2.765553516583025E-4 7.11566815370116E-4 2.6225309714796404E-4 6.575784853876284E-5 -7.223225843318865E-4 -2.150980859628591E-5 8.194919343828469E-4 
0.03268902318123598 3.8349210445869254E-4 -9.101983440044688E-5 2.4279640028539493E-4 6.176214567249325E-4 -6.077677989458678E-5 3.191433896941656E-5 -7.042808229448586E-4 -2.3515861196004277E-4 8.074629911747429E-4 
0.8325770526341273 5.264942678816069E-4 2.6692616921319224E-4 2.448518650861177E-4 7.30415903299374E-4 -4.1877115665560374E-5 -6.346360176707056E-6 -7.486874215477332E-4 -2.9152933002175066E-5 7.477739334834964E-4 
0.7476776932603215 6.130933687641451E-4 5.794096860189581E-4 2.957750135008225E-4 6.538996218078062E-4 2.842180720865983E-4 -3.231104747681134E-5 -7.25078602623156E-4 -2.2311282445961256E-4 7.477587836112738E-4 
0.6235733927992219 3.814171144369848E-4 -8.671396747214521E-5 2.450521197548342E-4 7.308869422001686E-4 -5.206513217259826E-5 -4.622444675175973E-5 -7.417111574770337E-4 -2.4095978256638765E-4 7.477739334834964E-4 
0.7723699580769672 3.7798857442659386E-4 -8.599473188795456E-5 2.688570784007966E-4 6.122384541057628E-4 2.4153962373547883E-4 -7.688135698902817E-5 -7.218075697953523E-4 -2.2890297508146117E-4 7.491292713439717E-4 
0.19108284433076028 3.9473447490974905E-4 -8.438217031973198E-5 1.4643163869336462E-4 5.407363238900323E-4 2.761002394517391E-4 -7.0293513690258956E-6 -6.201379741637862E-4 -2.3832863550031155E-4 7.474983439314591E-4 
0.9228753271245546 3.9981746981973434E-4 4.0196485520248184E-4 2.6962889074936386E-4 6.149189776969821E-4 -7.985417305733067E-5 -8.149237732198763E-5 -6.152481361065066E-4 -2.69261380215703E-4 7.490836218711857E-4 
0.42434590672406636 4.2237476648522836E-4 -7.289164068970943E-5 2.4584460027987333E-4 6.692399514894681E-4 3.5129039385843207E-4 5.226021382199391E-5 -6.083651397934637E-4 -3.653696732239634E-5 7.542358492267179E-4 
0.8140899596373387 6.031364080983968E-4 2.8008873398556515E-4 5.524440009947848E-4 6.088538534651242E-4 2.7441937064010506E-4 -4.5990284550692184E-5 -7.221316635508462E-4 -2.3741106941637183E-4 7.386456397319509E-4 
0.22668749124184753 7.01404236430607E-4 2.883307097651129E-4 2.6979701096854975E-4 6.708929855722704E-4 2.779232482957775E-4 5.316940316901393E-5 -5.7633024139087E-4 -3.4369500850330335E-5 7.542025231978343E-4 
0.8669737022004007 3.843234836248744E-4 -8.436738944780586E-5 1.4782103947773962E-4 7.535766852620521E-4 -4.20436850946866E-5 -6.414841104934831E-6 -6.0819335053756E-4 -2.3702338049494062E-4 7.477629630446567E-4 
0.0438743690704701 4.0079798995281535E-4 -8.697153277914814E-5 3.572821691106111E-4 7.172530691285772E-4 -1.4402251253982596E-5 6.5783600772192E-5 -6.145698859761732E-4 -2.6963978696231325E-4 8.084260494788199E-4 
0.054725949711935784 4.009040711001518E-4 -8.697153277914814E-5 3.572821691106111E-4 6.845849453594176E-4 -7.380261701413836E-6 6.5783600772192E-5 -6.145698859761732E-4 -2.7158218054874054E-4 8.128465921751226E-4 
0.5477926368602846 3.9468514466708005E-4 -2.1481765675582283E-5 2.4220429193334288E-4 6.114484267337597E-4 -2.3380480928170433E-5 -8.34055385277593E-6 -7.136197149452767E-4 -2.401563756840154E-4 8.088800380485226E-4 
0.607649555496057 4.135917260278635E-4 -8.694088039218849E-5 2.722768398464737E-4 7.177328740185603E-4 -1.3899204113202028E-5 7.217363054452358E-5 -6.146523407204343E-4 -2.696925590036947E-4 8.084243127461966E-4 
0.673991414448273 5.935719671621724E-4 -2.887939924638204E-5 2.761199365949742E-4 5.158943693956026E-4 -1.316606707729102E-5 -2.0697010531395792E-5 -5.954060401850839E-4 -2.377285408078869E-4 7.474544110118692E-4 
0.7020632410458909 6.338477201030238E-4 2.486491105213839E-4 2.544532820585775E-4 6.153857952316584E-4 -0.0013647204694397519 -6.847815375975953E-5 -6.025062736660298E-4 -2.3736746729312332E-4 7.295412604371789E-4 
0.36073985078193527 3.956091350780044E-4 3.998257185396149E-4 1.484365581910006E-4 7.379989441420681E-4 -2.6272868400270342E-5 -9.701693062751999E-6 -7.46357114366373E-4 -2.3802820945381136E-4 7.393399728840009E-4 
0.7441166701058514 6.191557913799021E-4 -3.678595652850596E-5 2.7647076551256205E-4 7.308869422001686E-4 -5.0760823816754054E-5 3.066941360316402E-4 -7.46195499178867E-4 -2.2317672306769869E-4 7.495047626437498E-4 
0.8787776968829213 3.9977024186406803E-4 -8.567096722710802E-5 2.6821866612057507E-4 6.122375087628188E-4 -4.943687508375604E-5 -7.317737570251129E-6 -5.850990226505437E-4 -2.735717267012608E-4 7.489015033711479E-4 
0.934642463409588 3.983062387565191E-4 -8.509989637318674E-5 2.460637104794488E-4 5.495369051862825E-4 2.6274322333218783E-4 6.580101584764721E-5 -7.353351993810127E-4 -2.0335881841637325E-5 8.149594702071279E-4 
0.5126704988807242 6.09199943325851E-4 3.0244201379267733E-4 2.975260970790725E-4 7.297828740490496E-4 -4.39123502714766E-5 -8.176689394697959E-6 -7.224464559725703E-4 -2.353341638547528E-4 6.532388015506064E-4 
0.9697237777579769 3.8531988960238857E-4 -7.648581641922569E-5 5.729148188780715E-4 0.0014373159103890105 2.798181238210818E-4 -1.7761256247619066E-6 -7.360688599847014E-4 -2.4441461131438798E-5 7.294089218205969E-4 
0.20768560618537463 3.780251679747336E-4 -8.307420708123466E-5 2.9716866062008527E-4 6.705360825705066E-4 2.550221959361942E-4 3.0944851475890535E-5 -6.290458965902559E-4 -2.3737192361162715E-4 7.405973247588185E-4 
0.7134018323785699 3.9988833282471976E-4 -1.2731023245870503E-4 3.8026490887864623E-4 7.347433014914037E-4 -1.3352578416068765E-5 -4.470800678099569E-6 -5.987017514112699E-4 -2.9385946834327865E-5 7.474883385985624E-4 
0.12364351347982472 3.80174988327035E-4 -1.7966315953828737E-5 2.466191289074334E-4 6.978001576838095E-4 2.3647740044498955E-4 -7.04824991092552E-5 -6.069301343009176E-4 -2.7224340373241374E-4 7.477010649773622E-4 
0.052096799199176924 3.9504735180020907E-4 -3.4195478662145816E-5 2.4402815134080282E-4 7.30415903299374E-4 -4.1877115665560374E-5 -7.446033793991156E-5 -7.518071975522122E-4 -7.81623991427022E-6 7.477739334834964E-4 
0.20053486708665635 4.034832072266031E-4 -8.556573557763138E-5 5.436123552911337E-4 0.001479854812508818 2.4468727997422886E-4 3.181271904039983E-5 -6.097623337554679E-4 -2.3705663609342853E-4 7.40770619472092E-4 
0.012276083730506926 3.956091350780044E-4 2.748408296684235E-4 2.7838288722846087E-4 7.381709817012569E-4 -2.6503914757034294E-5 3.1271108246846784E-4 -6.03943607057675E-4 -2.796849984833211E-4 7.393399728840009E-4 
0.8913138973099564 3.9981746981973434E-4 4.0196485520248184E-4 2.6962889074936386E-4 6.149189776969821E-4 -7.985417305733067E-5 -8.149237732198763E-5 -6.152481361065066E-4 -2.69261380215703E-4 7.490836218711857E-4 
0.7886096454202822 3.980376980085217E-4 5.961751190352036E-4 2.9668282367381637E-4 7.115600986401042E-4 2.835856716513364E-4 6.230574160535045E-5 -7.353351993810127E-4 -2.3948969044799924E-5 6.545447850878277E-4 
0.1295371644299435 3.75599027134118E-4 -3.114980099584484E-5 2.4690202932080405E-4 6.195377053435064E-4 -2.460965063046149E-5 3.077244247342206E-5 -6.084632124514819E-4 -2.3553129696729527E-4 7.492218970964351E-4 
0.11580347219334688 6.04068389036679E-4 2.053667609817325E-6 -0.0016660856815654903 7.055276351506251E-4 -4.7449138199351125E-5 -8.246591035749876E-6 -7.244616500086607E-4 -2.373215852829707E-4 6.473804871733424E-4 
0.955139438270697 3.7813505610105656E-4 -7.774387958240381E-5 2.462746917153428E-4 6.149569115448106E-4 -4.5375564911859565E-5 3.1098810310910865E-5 -6.083651397934637E-4 -2.3708278524274675E-4 7.489015033711479E-4 
0.29198268653695364 7.261428158318063E-4 -5.904408636772337E-5 1.490040521124438E-4 6.195534019526308E-4 -3.060465532882931E-5 -6.735855886627929E-5 -6.017736870327575E-4 -2.3791865994993278E-4 7.492263301360993E-4 
0.4521423327320609 4.1688362246703066E-4 -8.698833068134688E-5 5.390697241340035E-4 0.0014599461769000063 -1.315759864301035E-6 6.765423477132426E-5 -6.096550690791238E-4 -2.3010407200660182E-4 7.387262812858943E-4 
0.5126704988807242 6.09199943325851E-4 3.0244201379267733E-4 2.975260970790725E-4 7.297828740490496E-4 -4.39123502714766E-5 -8.176689394697959E-6 -7.224464559725703E-4 -2.353341638547528E-4 6.532388015506064E-4 
0.9853676684920195 3.796033637723755E-4 -8.567096722710802E-5 1.2166570909576821E-4 6.122375087628188E-4 -4.7568726169419656E-5 8.650848645112266E-5 -6.083651397934637E-4 -2.3734650151570105E-4 7.488172273701123E-4 
0.0054819721943890065 6.191065364177652E-4 2.486491105213839E-4 2.5433640121073843E-4 6.153857952316584E-4 -3.865638180978949E-5 -6.847815375975953E-5 -6.025062736660298E-4 -2.798926644825896E-4 7.295412604371789E-4 
0.9472737042887629 3.9428096869581876E-4 -8.806723660618604E-5 2.9630563134063593E-4 7.113194659469905E-4 3.3919918312975197E-4 6.546356123649422E-5 -7.244590630425539E-4 -2.6564235584246133E-5 7.39804856625314E-4 
0.1745483945315094 5.283295425577439E-4 -4.899752487048338E-6 2.7054966631015687E-4 7.302312898809774E-4 -3.733825256012311E-5 -1.8794987241412843E-5 -8.399766759418976E-4 -2.6531245356409673E-4 7.499063790445447E-4 
0.06480341542831813 3.9504735180020907E-4 -3.678595652850596E-5 2.7647076551256205E-4 7.308869422001686E-4 -5.0760823816754054E-5 3.066941360316402E-4 -7.46195499178867E-4 -2.448271698505103E-4 6.50033726391511E-4 
0.07173295677732094 3.986791786027819E-4 -3.082678949547753E-5 2.516299928121934E-4 5.424069850484182E-4 -4.870123946545168E-5 -1.069514318052655E-5 -6.108053016195358E-4 -2.697836681375743E-4 7.384833240248206E-4 
0.3924326085841328 4.0080984381863206E-4 -8.668485549680842E-5 5.443455970129691E-4 0.0014097927056840758 -4.8391610989998034E-5 5.5797618949679454E-5 -7.267954549845674E-4 -2.4203533725288356E-4 7.457553914915584E-4 
0.14077146279839317 4.3041297163455306E-4 2.803168274356188E-4 1.2055431474044438E-4 6.221915673356985E-4 -2.9920084069703684E-5 5.328580936499239E-5 -6.147721198031211E-4 -2.3271368761942893E-4 7.387033410756322E-4 
0.40575821908843485 4.1282057618586225E-4 -8.667767012008077E-5 2.476600288529786E-4 7.347243673033684E-4 3.4674818405063196E-4 1.4457408321212418E-6 -7.322614610005612E-4 -2.7700400397964194E-4 7.463400277336928E-4 
0.7975735714154044 7.25810585877137E-4 -8.965314314043604E-5 2.7764866961677205E-4 0.001385561984507009 -4.7317853562357006E-5 6.407340047442563E-5 -6.027513484363095E-4 -2.477410495969858E-4 7.407311118478068E-4 
0.9074863560045777 3.9988833282471976E-4 -2.684904748704627E-5 3.8129091533721163E-4 7.444675342222304E-4 -1.3352578416068765E-5 -4.470800678099569E-6 -5.987017514112699E-4 -2.9385946834327865E-5 7.474883385985624E-4 
0.8532871256276621 3.9517584242417376E-4 2.87072366269646E-4 4.0208309932573787E-4 7.126510608206469E-4 2.7647289825795927E-4 -9.970998058389008E-6 -7.13503334201149E-4 -2.8009602953621383E-4 7.438736165099683E-4 
0.09233411717651674 3.80172964710184E-4 -8.448296126586843E-5 2.46046262124706E-4 6.179369312302702E-4 2.4769852728640223E-4 3.2671911607803526E-5 -6.083651397934637E-4 -2.3533110147395885E-4 7.501731997605185E-4 
0.41680407265671326 4.0777106852498736E-4 -1.2760308515151917E-4 3.8013076531237273E-4 7.347695837866507E-4 -3.269171406591068E-5 -3.858624918655053E-6 -7.322860141829804E-4 -2.8415900558643206E-5 6.55748991203596E-4 
0.37485173092657786 4.2562146657770025E-4 5.783600764621017E-4 2.970100823929371E-4 7.118502798915737E-4 3.346428531233378E-4 2.98075774676368E-6 -7.254653138712618E-4 -2.3531454435461214E-4 6.508560679690149E-4 
0.00933165126989935 4.153029750165103E-4 -8.667767012008077E-5 2.3057392803008478E-4 7.347243673033684E-4 2.87993466317948E-4 1.4457408321212418E-6 -6.062664693583477E-4 -2.239379460340643E-4 7.385758535223101E-4 
0.1378259259277813 4.308146131326317E-4 3.6782768142311866E-4 1.1966133308833643E-4 6.221915673356985E-4 -2.472872609283634E-5 8.768047168636704E-5 -6.081755139752882E-4 -2.326664143814145E-4 7.45816994630482E-4 
0.005549629749847091 4.0223983387816333E-4 -3.423995170388498E-5 2.761199365949742E-4 6.967269484256565E-4 -3.886977897754734E-5 -6.863057526054719E-5 -5.844236099787415E-4 -2.793563361444098E-4 7.474780630348147E-4 
0.279209933337979 3.626838857211562E-4 2.5727026615007505E-4 2.9603692432662485E-4 6.197477619322296E-4 -2.4983072751940663E-5 -6.594496286002712E-5 -6.08353114304382E-4 -2.3577201600365804E-4 7.413803036203346E-4 
0.8071155719378658 4.1049973886273444E-4 -8.62638861713026E-5 5.51752466976396E-4 7.306823095369418E-4 -8.180830651612752E-5 -3.8107231474189906E-5 -7.19326530610042E-4 -2.1079450678779162E-4 7.507153647879521E-4 
0.6896366839996593 7.143982137393004E-4 -8.572698562697497E-5 3.636082441381484E-4 7.089440546467539E-4 2.64869321810877E-4 6.161250278695837E-7 -7.273227697234858E-4 -2.7650014914992006E-4 6.580405387142499E-4 
0.3629617963296999 3.941448895972147E-4 4.0722553790913124E-4 2.785421264254039E-4 6.147943123434205E-4 -2.6503914757034294E-5 -9.735381089611091E-6 -7.46357114366373E-4 -2.755124083561838E-4 7.393399728840009E-4 
7.455446570731883E-4 6.266898959376989E-4 2.7372439002737827E-4 2.4690202932080405E-4 6.178978761663521E-4 -7.838130437339858E-5 3.089632153513669E-5 -6.025143904923293E-4 -2.8183492180738814E-4 7.50228430515763E-4 
0.37799403060479647 4.2503324599808416E-4 -8.40973998232352E-5 3.643898561314369E-4 6.071806715661859E-4 3.5695407193285E-4 3.232817411915552E-4 -6.080655414688325E-4 -2.724688656572089E-4 6.504696880428178E-4 
0.18079949909924067 3.9961237792828213E-4 4.339632228922295E-4 2.914133252524563E-4 6.992421115138141E-4 2.444166795817439E-4 -8.046709792308739E-5 -7.393389956191879E-4 -2.800547769630569E-4 7.400324740803944E-4 
0.7754218455736828 5.318659891646636E-4 -9.053833259018049E-5 2.440560233973595E-4 6.091791484956615E-4 2.4153962373547883E-4 -7.593575834615506E-5 -7.218075697953523E-4 -2.2890297508146117E-4 7.491292713439717E-4 
0.3887530505502688 4.0080935477457524E-4 -3.284072601754431E-5 2.772687017381066E-4 6.160949963843435E-4 -7.886462684818555E-5 -8.379209065381119E-6 -6.079493384870198E-4 -2.413806338738628E-4 7.494600445272128E-4 
0.5498637127730457 3.8136343318169826E-4 -2.1481765675582283E-5 2.448896031453366E-4 6.114484267337597E-4 -2.3380480928170433E-5 -8.34055385277593E-6 -7.136197149452767E-4 -2.401563756840154E-4 7.5074376162104E-4 
0.6614362679675894 5.578445018357679E-4 -3.458574972521581E-5 2.761199365949742E-4 5.158943693956026E-4 -7.97979976481612E-5 -8.15161772062341E-5 -5.854498788736682E-4 -2.697651519914428E-4 7.474544110118692E-4 
0.6855015275739171 7.143982137393004E-4 -8.575157905188051E-5 3.636082441381484E-4 7.119757455579898E-4 3.4511882572814775E-4 1.4457408321212418E-6 -7.273227697234858E-4 -2.7650014914992006E-4 6.582016937964534E-4 
0.8433499822468348 3.732595931269665E-4 -1.904389308135498E-5 2.2903753173974858E-4 7.313305168869603E-4 2.401215228321295E-4 -7.150484124311443E-5 -6.048981832327821E-4 -2.2371095064117161E-4 7.503113866358815E-4 
0.03922909256775137 4.085673332418793E-4 -8.695179358391912E-5 3.549101165716177E-4 7.095655049031088E-4 -6.025778916130407E-5 6.47245368428214E-5 -6.171561036508894E-4 -2.6968395651289287E-4 8.125042014974576E-4 
0.9789567157394538 3.6996572103096387E-4 -8.567096722710802E-5 2.6954458480834165E-4 5.154037980603272E-4 -2.5383121118715152E-5 -1.8187264142642076E-5 -5.957660929817972E-4 -2.3708278524274675E-4 7.488210937219259E-4 
0.3262020970914878 3.827297159848278E-4 -5.4788669107828285E-6 2.7052040818883365E-4 7.31095098146039E-4 2.4015970063502766E-4 -2.331618299355026E-5 -6.059995099151929E-4 -2.3770259023164604E-4 7.4423706092411E-4 
0.03355171507571976 3.9809722402598703E-4 -9.101983440044688E-5 2.4279640028539493E-4 6.176214567249325E-4 -5.56417025965296E-5 6.137772007806811E-5 -7.042808229448586E-4 -2.3316391403206235E-4 8.074629911747429E-4 
0.10661133104841991 3.80174988327035E-4 -1.7966315953828737E-5 2.466191289074334E-4 6.978001576838095E-4 2.3647740044498955E-4 -7.04824991092552E-5 -6.069301343009176E-4 -2.7224340373241374E-4 7.477010649773622E-4 
0.2671956025121538 3.9483539540522463E-4 -8.385593834847407E-5 3.778879300312242E-4 5.4806078087554E-4 2.762932391469038E-4 -2.1508338795833346E-5 -6.201379741637862E-4 -1.95779729815226E-5 8.126126965634662E-4 
0.26901071921236946 6.031883245685822E-4 -8.307420708123466E-5 2.6450025131353474E-4 6.831931467572202E-4 2.552151956313589E-4 3.0944851475890535E-5 -7.322844320050019E-4 -1.8621261092838197E-5 7.411757990602642E-4 
0.43941318705408383 7.094231503128432E-4 -8.71212520479553E-5 3.636082441381484E-4 7.347243673033684E-4 3.4452659265062297E-4 1.4457408321212418E-6 -7.322860141829804E-4 -2.7700400397964194E-4 6.55748991203596E-4 
0.43941318705408383 7.094231503128432E-4 -8.71212520479553E-5 3.636082441381484E-4 7.347243673033684E-4 3.4452659265062297E-4 1.4457408321212418E-6 -7.322860141829804E-4 -2.7700400397964194E-4 6.55748991203596E-4 
0.5954412093450541 4.0044208108500366E-4 -7.544323877465054E-5 2.483779854936593E-4 5.915006304318148E-4 -1.1664030350984898E-5 5.17732290760192E-5 -7.23026680161514E-4 -2.4137778700886444E-4 7.456434575235991E-4 
2.5396791840381905E-5 6.167015532642817E-4 2.486491105213839E-4 2.5433640121073843E-4 6.165007927822447E-4 -7.964077588957282E-5 -8.114010596999513E-5 -6.034899599424285E-4 -2.6980468817895995E-4 7.295412604371789E-4 
