4.912268984780882E-18 -7.881289833437948E-5 0.001911787661817754 -3.2771323141265725E-4 6.852610736267287E-5 -1.9525421466343426E-4 0.0015311016423335895 -3.3972765239758377E-4 -3.11162977562397E-5 -8.967785166271486E-4 
0.9975525776789074 -7.052971756022525E-4 0.0019298665932810303 -3.628952582464101E-4 2.0924577221261774E-5 -1.7048369657657068E-4 0.001557232400114031 -2.282434273721807E-4 -4.8259124192263935E-5 -9.440067461024649E-4 
0.6960251225821908 -8.749810233214272E-4 0.001937979468542963 -3.318529101151876E-4 1.566130946665508E-5 -2.390186397447597E-4 0.002361365938134559 -3.3281065880657305E-4 -4.790822536337285E-4 -8.713896581412784E-4 
0.24774304009618853 -8.564202086628813E-4 0.0019217663066183697 -3.519852931615889E-4 1.3083750337964067E-5 -2.3793600148313388E-4 0.0015168358660221728 -3.2382157761217154E-4 -3.9057500885484345E-4 -9.654604642077636E-4 
0.13804568129758632 -6.4826044031111E-4 0.001921287458712275 -3.628936328128097E-4 7.527535466101212E-5 -1.636864354177732E-4 0.002352538946290287 -2.816586008126516E-4 -5.4858226364389786E-5 -9.438461246045632E-4 
0.8698708445788988 -5.994924304239317E-4 0.0019200210392089708 -4.184078360626002E-4 6.725026910237475E-5 -1.7103671045149931E-4 0.0024300614399541025 -2.888903973067962E-4 -3.8923071928114513E-4 -8.331399301224758E-4 
0.8939230636361916 -6.558325574116953E-5 0.0019197118232340818 -3.2758553202173724E-4 -1.5825104645090054E-4 -1.9530730231303876E-4 0.0015771490343912016 -3.3698236269883515E-4 -5.376514109797629E-5 -9.472873377274912E-4 
0.46152544704767756 -7.052971756022525E-4 0.001920686179629073 -4.441433338821524E-4 2.0924577221261774E-5 -5.737702290044179E-4 0.0023614776111167833 -2.24330057696764E-4 -3.7658691358581647E-4 -0.0010792768486746376 
0.27826409624363235 -0.0011451538906328907 0.001932299100324851 -3.3653293720717315E-4 6.276715232650466E-5 -1.9642583800249557E-4 0.0023614778227513326 -2.0062604359230422E-4 -4.008407603904403E-4 -8.801009807371332E-4 
0.8072102853062602 -6.434712670567726E-4 0.001925589594593499 -4.5069184717298717E-4 1.3108108715748667E-5 -1.6534742481327038E-4 0.001558098411532441 -3.1799004584938867E-4 -6.55785387559498E-5 -8.413715179466135E-4 
0.7205394414285027 -6.108594825744429E-4 0.0019253002982185827 -3.61833021036898E-4 4.539222150205006E-6 -5.416563833282526E-4 0.0016205113957379106 -2.534262302677225E-4 -5.009074253748787E-4 -8.424787280772691E-4 
0.15416741019365326 -7.039482658782374E-4 0.0019213431464102171 -3.615730413724739E-4 6.520444878033563E-5 -2.3873846102101108E-4 0.00234927078820317 -2.8419750077838613E-4 -4.611560315396788E-5 -8.26645851259794E-4 
0.22747322641741965 -6.477795967811204E-4 0.0019211514619602976 -4.462965774173717E-4 6.39160301965921E-5 -1.6967403271612357E-4 0.001533337264889547 -3.6138093878949E-4 -4.5800600851316484E-4 -8.691420479420751E-4 
0.4390635530019013 -7.05311726571108E-4 0.0019306209113673725 -3.6152902964072886E-4 2.167324370117749E-5 -4.1154184100471305E-4 0.0015571628746847792 -2.2722053466277484E-4 -4.487055205119394E-4 -8.272090276238548E-4 
0.003663137299279015 -6.434483106875028E-4 0.0019207261218329534 -4.3777887708864466E-4 1.2624715671073368E-5 -1.7077231569384793E-4 0.0015883891230337316 -3.21196826547307E-4 -3.981513688110276E-4 -8.337224723159643E-4 
0.7632247385213689 -0.0012246689715224297 0.0019322787846308043 -3.629548496078391E-4 1.8333337590656776E-5 -8.767004220397269E-5 0.0023592354400422968 -3.25004116839711E-4 -3.8949287244492746E-4 -8.42434766028975E-4 
0.11926342907788501 -8.606495303045755E-4 0.0019254090797798315 -4.4986606502602676E-4 2.931362252391869E-4 -2.07915168190964E-4 0.0016242437980806405 -2.8973623215412716E-4 -3.811313572531605E-4 -9.642859259020649E-4 
0.6691226305199511 -9.90870499192567E-4 0.0019206862016675082 -3.61833021036898E-4 1.2419883452289308E-5 -2.389173426398267E-4 0.0023501189642697604 -2.7925679977467126E-4 -3.9681227189312213E-4 -8.424787280772691E-4 
0.578545768056026 -6.565422262788871E-4 0.001925833793631266 -4.1769796593815864E-4 4.625737102309139E-6 -1.9611307504855758E-4 0.0015564707418134988 -3.618309890930561E-4 -3.9878978229984473E-4 -8.827414809279129E-4 
0.9397393908196631 -6.128761844921964E-4 0.0019253002982185827 -2.822987979672899E-4 1.1294159234400531E-5 -2.0401299466820872E-4 0.0023655554208614994 -3.2260135313586413E-4 -4.590298608030621E-4 -9.840966425900554E-4 
0.9613331914652382 -6.0565331026517E-4 0.001929639473892533 -4.3416226238307364E-4 6.721249444702139E-5 -2.0213921120361406E-4 0.0023618350403153115 -3.263131116216644E-4 -4.5625826791384304E-4 -8.713446187446755E-4 
0.36496469377152274 -6.09133546374077E-4 0.0019212390653939398 -4.337274119784868E-4 6.44754128666798E-5 -9.09549152282657E-5 0.0016063161573547284 -3.216429702215765E-4 -4.428368294673327E-4 -8.740947875550669E-4 
0.83049296024053 -6.427111741784444E-4 0.0019216658324759115 -4.376281614440293E-4 -1.7641313052608055E-4 -4.145871127440334E-4 0.001558062701916195 -3.1799004584938867E-4 -4.929193550546486E-4 -8.385884182294594E-4 
0.03708089095638399 -9.675822397833415E-4 0.0019210245398337022 -3.5205650961953787E-4 3.977283800562897E-6 -5.350848528035021E-4 0.0016054865568894024 -3.1963316745807914E-4 -3.965984374294625E-4 -9.813661008150885E-4 
0.7926023655450939 -8.648051178883976E-4 0.001925589594593499 -4.3851422057419E-4 1.3108108715748667E-5 -2.3515382177239044E-4 0.0015577665282470983 -3.1799004584938867E-4 -4.8660200132928904E-4 -8.413715179466135E-4 
0.06340225554311826 -8.840223651288691E-4 0.0019101733164095605 -3.643198846061932E-4 1.5852628734356513E-5 -1.708835092730273E-4 0.001614802161538208 -3.14800838087333E-4 -4.589775337572164E-4 -9.631451576082819E-4 
0.5961075196901326 -4.8970062032777095E-6 0.0020484629162178425 -5.237738951254531E-4 -3.501952458775851E-5 -5.499470881152405E-4 0.002350642387710393 -2.487877174273268E-4 -9.000846263756265E-5 -8.739628426281666E-4 
0.09695038504044265 -6.394725043317791E-4 0.0019115535328374466 -4.105786214321196E-4 -1.5278591657463545E-4 -2.0077369536380864E-4 0.0016054367347962974 -3.1963316745807914E-4 -3.7378598885677464E-4 -9.8126488854095E-4 
0.639204830484 -6.232497635003888E-4 0.0019211372590351697 -5.222340849864564E-4 7.114253715329063E-5 -2.0417972426229494E-4 0.0023523110973528456 -2.2927286391860358E-4 -4.5769580959553594E-4 -8.715138869775065E-4 
0.12706248319048502 -6.444841633255322E-4 0.0019217927221235468 -3.529497470412122E-4 7.527535466101212E-5 -2.3792239109993434E-4 0.0023576134843378152 -3.2383691740111203E-4 -4.006139949398819E-4 -8.770359916353433E-4 
0.08815747367681409 -7.052971756022525E-4 0.0019191423828716248 -4.427406423970705E-4 2.0924577221261774E-5 -2.3180389779932606E-4 0.002339566513841965 -3.309222667543815E-4 -3.7797154461408165E-4 -9.713603706805776E-4 
0.5659447550447946 -6.434483106875028E-4 0.001943252004181254 -4.3808186869642073E-4 2.0966901097453465E-5 -2.0774411158854688E-4 0.0016363524859310079 -3.215150180558815E-4 -4.574802159875698E-4 -0.0010905808606357548 
0.29316417101919573 -8.835906104580896E-4 0.0019101733164095605 -3.704479617369929E-4 3.1310696069678686E-5 -2.0712980655199762E-4 0.0016198630729489893 -3.14800838087333E-4 -5.050984834016563E-4 -9.631670197221439E-4 
0.04386739604766246 -6.820396733377098E-4 0.0019117913416082251 -3.5903133700535054E-4 6.689840677092759E-5 -1.9576745837899097E-4 0.0023616780155597482 7.220651469091768E-4 -4.144482278874783E-4 -9.31867588265566E-4 
0.6547363371213626 -8.749810233214272E-4 0.001937979468542963 -3.226353692634157E-4 -6.477911845903931E-5 -2.3281392345694547E-4 0.0023599105089148987 7.139300637032374E-4 -4.76448418127109E-4 -8.713896581412784E-4 
0.8550160971843832 -0.0011103572383395156 0.0019210278235793174 -5.222340849864564E-4 7.401266882634105E-5 -2.0417972426229494E-4 0.002352309186114635 -2.2927286391860358E-4 -4.6102870488895525E-5 -8.966146992438817E-4 
0.42015901117664584 -7.00812585483349E-4 0.0019308114912362253 -4.4348474159701704E-4 2.0430005828230496E-5 -5.630375285624793E-4 0.00236223164211555 -2.24330057696764E-4 -4.122564236733287E-5 -0.0010780366516050374 
0.5208488321050525 -7.049019180766686E-4 0.0019216036835031883 -4.3450122026025644E-4 6.680459180591802E-5 -2.0264876297983438E-4 0.002362972708622337 -3.2631390839483825E-4 -4.591434588913071E-4 -9.539662308778517E-4 
0.4920664277959367 -6.360494311366124E-4 0.0019114870901732889 -4.1785538043720557E-4 1.4707660107085082E-5 -2.059462273973351E-4 0.0016055696041586973 -1.9940917614054898E-4 -3.789077478191292E-4 -8.429944163537694E-4 
0.24287811136116183 -8.749810233214272E-4 0.0019368443426306156 -4.143812993681618E-4 7.975086111938213E-5 -2.391399469745232E-4 0.0023511656416554377 -2.487188343327418E-4 -3.81982640948752E-4 -8.68976937947882E-4 
0.5538304599198575 -6.040302320167586E-4 0.0019211514619602976 -5.116860554520023E-4 6.392800037919032E-5 -2.7397887064027474E-4 0.002350936177522026 -3.2326445894363985E-4 -5.7901100502536726E-5 -8.736775067484156E-4 
0.16147075257013582 -6.405549294086799E-4 0.0019110601137888215 -4.4111864961675297E-4 -1.535873551809058E-4 -2.0686618938965212E-4 0.0015987940132272862 -1.9523486150942572E-4 -3.6672975858131906E-4 -9.70398609212674E-4 
0.20503570998389276 -6.490157313583696E-4 0.0019218111944724332 -4.384666422638182E-4 3.2599054977783845E-4 -2.0554937759948883E-4 0.0023520272075039862 -3.2564110566335203E-4 -4.5961949624554214E-4 -0.0010942878750408614 
0.18771111066127222 -8.60609395140779E-4 0.0020593137099386887 -3.571308669472216E-4 6.840636553651918E-5 -2.3565312036610839E-4 0.002339643208725761 -1.9950166112321118E-4 -5.003422625259635E-4 -8.388110058329184E-4 
0.627184473444799 -8.749810233214272E-4 0.0019323896653856362 -3.315399541136656E-4 7.163139098608428E-5 -2.390186397447597E-4 0.002361365938134559 -3.294506407850069E-4 -4.811772342409629E-4 -8.724520547577633E-4 
0.01867097383168833 -6.495772229372171E-4 0.0019408067358071734 -4.3599111039916203E-4 6.3570342324956E-6 -2.0811533616398509E-4 0.0015675735548527337 -2.0000428636692525E-4 -3.78196746009548E-4 -8.78684487987238E-4 
0.7399559860035431 -6.402188513651593E-4 0.0019176671940051542 -4.3416226238307364E-4 -1.710262861054011E-4 -2.0633657950967703E-4 0.0016236027270623778 -2.830246824015056E-4 -4.5680204347642707E-4 -8.380963658178249E-4 
0.025228696709927834 -6.399954504956331E-4 0.002120977630919763 -3.2852340582431876E-4 7.21363833749532E-5 -1.6871417395548246E-4 0.0023573673350481324 -3.14800838087333E-4 -4.589775337572164E-4 -8.716200554815984E-4 
0.0707303416048361 -0.0011930421052453982 0.0019207365629510561 -3.620968916804638E-4 2.26841961937506E-5 -5.73929406126645E-4 0.001572095306480535 -2.840110951238805E-4 -4.930804069345538E-5 -9.108467133117429E-4 
0.38572856139556716 -6.399954504956331E-4 0.002120977630919763 -5.11851674885074E-4 2.101583206581904E-5 -1.7130665183770033E-4 0.002351082907655816 -3.14800838087333E-4 -4.589775337572164E-4 -8.280533314401148E-4 
0.1968243319224939 -6.569917230631867E-4 0.002047996589145206 -4.341989814393953E-4 6.642404310093894E-5 -2.0633657950967703E-4 0.0023581494127358363 -3.2556517345261234E-4 -4.5625826791384304E-4 -0.0010934758613404879 
0.5363220639778699 -7.049019180766686E-4 0.0019308401741935043 -4.347429586330398E-4 6.680459180591802E-5 -5.715843672498282E-4 0.002362146120367465 -3.2631390839483825E-4 -4.588537634495832E-4 -9.539662308778517E-4 
0.10710594555392489 -8.606562202085526E-4 0.0019217998097118144 -4.384666422638182E-4 3.0490834546952793E-4 -2.37920575017237E-4 0.0023531148445641433 -3.2496941092172106E-4 -4.5961949624554214E-4 -9.643783706391573E-4 
0.0010592627439930113 -0.0011507404739687244 0.0019248341818115223 -3.5190071117126E-4 2.175420880750889E-5 -8.299336754225158E-5 0.0023504683131070295 -3.1963316745807914E-4 -3.883821420893439E-4 -9.813257120109679E-4 
0.031023064336559547 -9.96564787042935E-4 0.002132391047620606 -4.392716088032856E-4 6.45113938870736E-6 -2.041577760298296E-4 0.002361257182677472 -2.4938496885392174E-4 -3.665148559474981E-4 -8.282772998108757E-4 
0.1723590774287909 -8.512748793620564E-4 0.0019210817621584484 -3.361813564146794E-4 6.723858422566547E-5 -2.0285039315374139E-4 0.002368227551628403 -1.9675842750606964E-4 -3.82329324102848E-4 -8.715719847245518E-4 
0.3408643890717258 -7.13315936335642E-4 0.0019213233415955853 -3.1894787242840245E-4 3.2233900807459535E-4 -3.1446062370550084E-4 0.0023500579519727047 -2.851085346769575E-4 -5.527562853643525E-5 -8.267236233143525E-4 
0.17730184541956812 -8.617022775364356E-4 0.0019112840605970554 -3.5655177924411263E-4 1.5005408923349275E-5 -2.07330523394993E-4 0.0016055696041586973 -1.9949105482484436E-4 -3.6727580579743764E-4 -8.501984794184516E-4 
0.016080452050039606 -6.289642884211667E-4 0.0019199129743812595 -4.115708945486262E-4 -1.5910518131354126E-4 -8.302268541619497E-5 0.0016062318564962809 -3.190372650727257E-4 -3.970784305234314E-4 -9.777036648352883E-4 
0.32728174160727574 -8.835906104580896E-4 0.0019101733164095605 -3.643198846061932E-4 2.9350661581455447E-5 -1.708835092730273E-4 0.001614802161538208 -3.14800838087333E-4 -4.589775337572164E-4 -9.631670197221439E-4 
0.6152317714271284 -6.208651827138256E-4 0.0019210221420965462 -3.361813564146794E-4 7.403521294627184E-5 -2.7267551670012697E-4 0.0023616911926492663 -2.2785614959019342E-4 -3.80798402681445E-4 -9.55815337039881E-4 
0.478833928961398 -6.048768584800427E-4 0.0019178175378269542 -4.1148196947173797E-4 -1.5997237850197012E-4 -4.061567393723368E-4 0.0016274916739759929 -3.309955658440224E-4 -5.483568330375444E-5 -9.773456430116167E-4 
0.47353954471008336 -6.048294615097293E-4 0.0019178573451097624 -4.3618105283571904E-4 6.1581560187184805E-6 -4.0521511383703984E-4 0.001627417783052625 -3.0688990799330584E-4 -4.8634109767786216E-4 -9.144205531167416E-4 
0.7784793480377752 -6.336031572471112E-4 0.0019260907522598307 -3.614858682397621E-4 5.213886336886785E-6 -2.0101674579471907E-4 0.002349243952055759 -2.736054301733369E-4 -3.58955053018249E-4 -8.281681609830431E-4 
0.6065593716493928 -8.612763063865474E-4 0.0019207498362114573 -4.501241756910566E-4 -1.565850064073697E-4 -2.3804441045714202E-4 0.0015777509679972292 -3.184502710330123E-4 -3.8912437334624457E-4 -9.66555577242776E-4 
0.2790690205686889 -0.0011534495701442324 0.001932299100324851 -3.541277634772612E-4 6.27015979339559E-5 -1.9642583800249557E-4 0.002361463054517157 -3.1859322921197025E-4 -4.008407603904403E-4 -8.801009807371332E-4 
0.08441808470697831 -6.09038383230969E-4 -0.004310509207652487 -3.3371023701745246E-4 1.7438253923775417E-5 -4.24880600371849E-4 0.0016178666942019708 -3.309955658440224E-4 -4.5152469566233245E-4 -9.765592595159899E-4 
9.511392155915066E-4 -0.0011507404739687244 0.0019248341818115223 -3.5190071117126E-4 2.175420880750889E-5 -8.299336754225158E-5 0.0023504683131070295 -3.1963316745807914E-4 -3.883821420893439E-4 -9.813257120109679E-4 
0.5426224196189796 -0.0011333947529668215 0.0019209584534578075 -3.5917979297762237E-4 1.6088500001689472E-5 -2.3069888731550852E-4 0.002350163215528123 5.960140939863998E-4 -6.286586755495398E-5 -9.53861709287047E-4 
0.07730422795705641 -6.461520625744616E-4 0.0021313079874391043 -3.5914548241579026E-4 -1.7095026086825667E-5 -2.0101674579471907E-4 0.0023609597948401244 -3.183469656721573E-4 -3.6519762131821904E-4 -8.751292038258907E-4 
0.5037456483709893 -8.710704954127151E-4 0.0019216428005522348 -3.571308669472216E-4 6.838923481907067E-5 -2.36647439250925E-4 0.002339643208725761 -1.9932590371405105E-4 -5.001958043089264E-4 -8.443948296255351E-4 
0.05511505655728888 -6.37900932238375E-4 0.0019253802172988382 -4.492403695764646E-4 2.9948198755608973E-4 -2.4161755706141597E-4 0.0016046047723047908 -2.8325345452493355E-4 -4.003261379059061E-4 -8.358234333701535E-4 
0.909052874903705 -8.840223651288691E-4 0.0019108963273272478 -3.643198846061932E-4 -1.6155800369138903E-4 -1.708835092730273E-4 0.001577599031254646 -3.14800838087333E-4 -6.22885213986384E-5 -9.639315411039087E-4 
0.7311545137546098 -8.630274386856844E-4 0.0019253002982185827 -3.61833021036898E-4 4.539222150205006E-6 -5.416563833282526E-4 0.0015749210554567173 -2.534262302677225E-4 -5.009074253748787E-4 -8.424787280772691E-4 
0.012186379642959433 -6.621007697995512E-4 0.0019216658324759115 -3.3619064561296483E-4 -1.7641313052608055E-4 -4.145871127440334E-4 0.0015307531642963102 -3.1799004584938867E-4 -4.94965539938737E-4 -8.37531291726742E-4 
0.21517223609807096 -6.088426390124903E-4 0.001919278392679946 -4.1148941699237505E-4 -1.5997237850197012E-4 -4.24880600371849E-4 0.001577177090739504 -3.309572996541307E-4 -5.483568330375444E-5 -0.0010848859927381361 
0.8427017338162043 -7.039482658782374E-4 0.0019212898936993373 -4.206206610688631E-4 6.520444878033563E-5 -2.0447194352823207E-4 0.0023522515926720547 -2.8419750077838613E-4 -4.280799353900287E-5 -8.26645851259794E-4 
0.011433777782707322 -6.09133546374077E-4 0.001929864583334802 -3.208172851446907E-4 2.1650436147870916E-5 -9.015704739028298E-5 0.002350847025013547 -3.191484899792044E-4 -4.0402751833932963E-4 -9.794231095670513E-4 
0.30127183304374605 -0.001153592261312065 0.0019368188853517798 -3.2532695830092746E-4 -6.549404443913112E-5 -2.0770869149162456E-4 0.0023752754670183433 7.174133135494383E-4 -4.960773399219201E-4 -0.0010740396296328035 
0.7731849207878336 -6.139495598900757E-4 0.0019253009269139029 -3.61833021036898E-4 -1.791589262264266E-4 -2.0646608789116E-4 0.0023493444703767538 -2.738528564157768E-4 -4.590298608030621E-4 -8.424787280772691E-4 
0.33034808535360644 -8.564202086628813E-4 0.0019207498362114573 -4.501241756910566E-4 1.3083750337964067E-5 -2.380882202049707E-4 0.0023492961355121742 -2.763938660439117E-4 -4.0533590526019086E-4 -9.666268670262624E-4 
0.10474568356544584 -6.09038383230969E-4 0.0019185553817622587 -4.1148941699237505E-4 1.7438253923775417E-5 -4.24880600371849E-4 0.0016178666942019708 -3.309955658440224E-4 -4.5152469566233245E-4 -9.765592595159899E-4 
0.9895288942506764 -6.09133546374077E-4 0.001929864583334802 -3.20396885860302E-4 6.44754128666798E-5 -9.015704739028298E-5 0.002350847025013547 -2.3281402393000243E-4 -4.823871596929721E-5 -8.740947875550669E-4 
0.6651985617522834 -6.735597452153112E-4 0.0019253896441507614 -4.1349882902350684E-4 2.2611804924873246E-5 -1.2142522903222635E-4 0.0023652595527973155 -2.848239228466938E-4 -4.003261379059061E-4 -8.697287907017342E-4 
0.30682436910627986 -6.09133546374077E-4 0.001929864583334802 -3.20396885860302E-4 6.44386289498318E-5 -1.9650122683912444E-4 0.0023613717266570363 -2.3281402393000243E-4 -4.1320156094610074E-4 -8.740947875550669E-4 
0.4077762568064166 -6.396343864709039E-4 0.001911540248218365 -3.536191081596596E-4 1.3437529235315237E-5 -1.1217257236769761E-4 0.00235033390062832 -2.492370877931466E-4 -3.8850242636334723E-4 -8.431784309360044E-4 
0.2147668558904138 -6.434483106875028E-4 0.0019244715039112503 -4.3808186869642073E-4 2.0966901097453465E-5 -2.0774411158854688E-4 0.0016363524859310079 -3.215150180558815E-4 -4.574802159875698E-4 -0.0010905808606357548 
0.028329708310540602 -9.694482450060773E-4 0.0021305181620931766 -4.396187616004216E-4 -1.791589262264266E-4 -2.0646608789116E-4 0.0023613577009984664 -3.217197217388773E-4 -4.6658966373231125E-4 -8.424787280772691E-4 
0.9710241615806761 -5.994924304239317E-4 0.0019200216505064337 -4.1681157278395124E-4 7.834353270237007E-6 -1.7055975279718755E-4 0.0015506875251374548 -2.272245505585582E-4 -3.8923071928114513E-4 -9.481269699454861E-4 
0.04921154124524389 -6.089521215713543E-4 0.0019111935416877136 -4.1773070583956285E-4 1.7357675237535885E-5 -2.059326566721597E-4 0.0016199916418316623 -3.289603944739164E-4 -3.314169863623178E-5 -8.429049139037241E-4 
0.006062654193596584 -6.434483106875028E-4 0.0021251865778159048 -4.3808186869642073E-4 2.1717182552133575E-5 -1.7077231569384793E-4 0.0015883891230337316 -3.2158612340905056E-4 -4.574802159875698E-4 -8.303282359001498E-4 
0.39607338434049777 -6.323331464568503E-4 0.0019118202946871526 -5.05233082259411E-4 2.0932465907937632E-5 -1.7104743779442437E-4 0.0023169884291862498 -3.310664104024556E-4 -3.11162977562397E-5 -8.967785166271486E-4 
0.3592481754100912 -6.165819805537126E-4 0.00192515544153086 -2.822987979672899E-4 1.1294159234400531E-5 -2.0401299466820872E-4 0.0023655554208614994 -3.2260135313586413E-4 -4.590298608030621E-4 -8.353856045443501E-4 
0.34889302513595266 -7.13315936335642E-4 0.0019213233415955853 -3.189434895659423E-4 3.141232660489737E-5 -3.1446062370550084E-4 0.0023500579519727047 -2.851456521106582E-4 -4.1943778661349254E-4 -8.364160860007881E-4 
0.31305447952874793 -8.474666347656761E-4 0.0019113062517384705 -3.566117138070689E-4 2.926742068815358E-5 -2.3780135822303806E-4 0.00235266284897251 -2.0255838276516744E-4 -3.7628883252275344E-4 -9.669890007485632E-4 
0.9206618404833427 -6.089909862606557E-4 0.0019193181999627542 -4.361885003563561E-4 6.1581560187184805E-6 -4.2393897483655204E-4 0.0015805896729950413 -3.0688990799330584E-4 -4.8634109767786216E-4 -9.144205531167416E-4 
0.008447419125295536 -6.441021977600605E-4 0.001920686179629073 -4.37502168596533E-4 2.0924577221261774E-5 -5.737702290044179E-4 0.002330216127941372 -2.2900136771498384E-4 -3.7588396035777814E-4 -0.0010792768486746376 
0.9292459496786644 -7.096101402741259E-4 0.0019214681982833081 -3.189434895659423E-4 3.141232660489737E-5 -3.1446062370550084E-4 0.0023500579519727047 -2.851456521106582E-4 -4.1943778661349254E-4 -9.851271240464933E-4 
0.31305447952874793 -8.474666347656761E-4 0.0019113062517384705 -3.566117138070689E-4 2.926742068815358E-5 -2.3780135822303806E-4 0.00235266284897251 -2.0255838276516744E-4 -3.7628883252275344E-4 -9.669890007485632E-4 
0.386682360662842 -0.0011451538906328907 0.0019296804001213649 -3.339952731693258E-4 6.67932238193813E-5 -1.9642583800249557E-4 0.002362139925805676 -2.052750863263463E-4 -4.558057816628819E-4 -8.801009807371332E-4 
