102226.71678920499 11951.45299361771 0.06165703275529865 0.0 139.0 204.0 5.235852311939269 
63005.140802830254 14429.236442474139 0.12267180475272961 0.25369299935773926 65.0 108.0 3.8264957264957262 
80700.0 8542.884036144576 0.09955041746949261 0.3127809890815671 91.0 83.0 0.0 
49437.68476804372 12886.516221087091 0.12652536929993577 0.35773924213230573 45.0 79.0 0.717948717948718 
24885.0 12070.98546614676 0.06037251123956326 0.6107899807321773 23.0 68.0 0.0 
56970.0 8824.758220502901 0.09698137443802184 0.3140655105973025 61.0 92.0 3.0 
103279.60923438368 12631.432991926049 0.1123956326268465 0.0 115.0 171.0 2.7750278706800446 
90425.0 6346.470314803707 0.3018625561978163 0.12780989081567115 109.0 87.0 3.3076923076923075 
80295.0 9281.802147983899 0.17597944765574824 0.224791265253693 67.0 87.0 2.7866666666666666 
48000.0 11564.316239316242 0.3147077713551702 0.3705844572896596 39.0 68.0 0.0 
40715.0 9650.081725833466 0.11753371868978806 0.5452793834296724 45.0 75.0 1.1081081081081081 
101935.0 10490.40469587642 0.3834296724470135 0.07642903018625562 86.0 73.0 0.0 
64515.0 13194.555432553942 0.3050738599871548 0.14900449582530506 62.0 79.0 0.8184143222506394 
84550.19609732195 19979.794431554204 0.04816955684007707 0.0 83.0 206.0 5.0153683581995745 
59130.0 9999.288730829074 0.027617212588310854 0.4155427103403982 69.0 73.0 0.0 
70115.00000000001 11473.027078217909 0.07578676942838793 0.3269107257546564 81.0 161.0 3.761904761904762 
74475.0 8681.448386135537 0.25112395632626844 0.14322414900449582 81.0 82.0 0.0 
63335.0 9228.600074958358 0.2780989081567116 0.1676300578034682 75.0 91.0 2.526315789473684 
84978.17204301075 11624.117794661732 0.21901091843288376 0.023121387283236993 75.0 82.0 0.0 
49960.0 9839.838203458088 0.24405908798972384 0.36608863198458574 50.0 74.0 0.0 
71450.0 7656.049822349869 0.07064868336544637 0.3397559409120103 85.0 81.0 1.1521739130434783 
71777.85777604344 11476.337825883476 0.1233140655105973 0.14450867052023122 64.0 78.0 0.7211538461538461 
112730.0 6801.231631875309 0.12780989081567115 0.07129094412331406 124.0 81.0 1.0666666666666667 
93625.0 12190.643247241938 0.16249197174052665 0.006422607578676943 94.0 103.0 0.7628205128205129 
133195.0 7503.1939369332795 0.37572254335260113 0.03596660244059088 142.0 78.0 0.0 
91494.83561892076 16041.356878588467 0.07385998715478484 0.0032113037893384713 105.0 209.0 3.8257507691469956 
126665.0 5179.047184458455 0.14065510597302505 0.03789338471419396 143.0 89.0 4.0 
69110.0 10819.51706034634 0.11368015414258188 0.15414258188824662 76.0 82.0 0.525 
74940.0 8073.244651563263 0.11817597944765575 0.12202954399486192 93.0 95.0 3.487878787878788 
121691.01591746869 8973.696575626518 0.26846499678869623 0.0 122.0 125.0 4.0606060606060606 
72951.99707758745 9607.873225850624 0.4071933204881182 0.09826589595375723 89.0 70.0 1.1764705882352942 
70515.0 10350.879768500195 0.2999357739242132 0.24084778420038536 70.0 90.0 1.8377616747181964 
155125.0 6304.028442875904 0.3917790622992935 0.006422607578676943 164.0 95.0 2.8 
60720.0 8942.430889478464 0.01991008349389852 0.4039820166987797 77.0 85.0 2.0 
26590.0 12668.939561156207 0.07321772639691715 0.6088631984585742 24.0 72.0 0.0 
81180.0 9815.753867280584 0.17533718689788053 0.055876685934489405 87.0 84.0 2.0 
64410.0 12755.331402505608 0.1361592806679512 0.2466281310211946 68.0 106.0 1.9836601307189543 
89205.0 11469.60668543862 0.23185613359023763 0.03468208092485549 78.0 82.0 2.1166666666666667 
90659.97424395154 16792.000945656444 0.03468208092485549 0.0 110.0 214.0 5.02506105006105 
73915.0 10908.618108610362 0.14258188824662812 0.1438664097623635 78.0 82.0 0.0 
40715.0 11211.744472059512 0.11753371868978806 0.5452793834296724 44.0 81.0 2.0 
101867.98468015817 11459.019626383924 0.20166987797045602 0.0 112.0 125.0 4.0551721682156465 
62495.0 11004.321464006174 0.3699421965317919 0.20552344251766216 69.0 68.0 0.0 
60720.0 9800.471590820995 0.01991008349389852 0.4039820166987797 76.0 91.0 3.0 
92049.03205980713 14258.02577116787 0.3603082851637765 0.0 107.0 140.0 4.380952380952381 
105775.18465326611 13701.047913051749 0.2594733461785485 0.00449582530507386 97.0 141.0 3.6103896103896105 
93531.92776040519 15278.280760197742 0.07707129094412331 0.0 107.0 185.0 4.622073578595318 
86422.1571102572 17188.69945690975 0.08477842003853564 0.00899165061014772 83.0 167.0 4.454545454545455 
51025.0 11467.730587020358 0.2729608220937701 0.27874116891457934 58.0 67.0 0.0 
85031.02352104735 12718.293179476696 0.1676300578034682 0.03596660244059088 80.0 98.0 1.75 
95366.50895026208 13491.572425787224 0.09377007064868337 0.0032113037893384713 117.0 161.0 3.2605384807596196 
75730.0 8268.643566050647 0.36416184971098264 0.24855491329479767 82.0 83.0 2.380952380952381 
71450.0 8830.888550483405 0.09441233140655106 0.3397559409120103 79.0 74.0 0.0 
85714.03348949291 17818.72639912207 0.036608863198458574 0.0 86.0 202.0 5.175293305728089 
82405.0 10751.407884151246 0.3615928066795119 0.18240205523442518 75.0 76.0 0.0 
84279.15132777857 13829.081030161242 0.12845215157353887 0.0032113037893384713 92.0 131.0 1.635064935064935 
98610.70066802211 10580.559852081944 0.12395632626846499 0.00449582530507386 112.0 122.0 3.5791643139469227 
54630.0 9039.652014652016 0.06936416184971098 0.3519588953114965 57.0 79.0 2.0 
29685.0 11325.731181975827 0.1676300578034682 0.5491329479768786 35.0 70.0 0.0 
92514.2095792249 16451.504765091413 0.03147077713551702 0.0 110.0 223.0 5.288770053475936 
91157.10355538475 10919.531398932873 0.2999357739242132 0.0019267822736030828 98.0 118.0 4.092962962962963 
64135.0 11957.72071843677 0.31727681438664096 0.17212588310854207 77.0 75.0 0.7878787878787878 
40715.0 9650.081725833466 0.11753371868978806 0.5452793834296724 45.0 75.0 1.1081081081081081 
117327.39518853286 11437.490251950458 0.20745022479126526 0.0 107.0 114.0 4.122689075630252 
126665.0 7151.119208467518 0.13744380218368657 0.03789338471419396 141.0 110.0 3.7051282051282053 
46880.0 11536.757724541878 0.1252408477842004 0.4110468850353243 45.0 73.0 0.0 
84266.60719039428 15108.203858616318 0.15221579961464354 0.0019267822736030828 81.0 124.0 1.86102766798419 
137343.51451136096 12704.693762856783 0.3937058445728966 0.0032113037893384713 157.0 133.0 2.797596664987969 
92964.42078003628 15589.859994008519 0.11175337186897881 0.011560693641618497 90.0 160.0 4.080392156862745 
58380.0 10246.528191672405 0.4161849710982659 0.3262684649967887 63.0 74.0 1.1176470588235294 
53640.0 11374.599470604628 0.3147077713551702 0.340398201669878 49.0 67.0 0.0 
135535.0 10038.153796017556 0.5112395632626846 0.028901734104046242 111.0 74.0 0.25 
126385.0 10024.867957746479 0.4913294797687861 0.05073859987154785 106.0 70.0 0.0 
90741.55061003214 14694.85110243813 0.09698137443802184 0.0038535645472061657 103.0 146.0 2.971884057971015 
65810.0 9703.17477464939 0.35581245985870263 0.2800256904303147 67.0 90.0 2.9696969696969697 
92639.6038637096 16078.154174899288 0.05523442517662171 0.0 95.0 207.0 4.445848595848596 
63180.0 9464.331891251633 0.23121387283236994 0.3416827231856134 77.0 80.0 1.0689655172413792 
107685.68903394099 13977.709995556348 0.09120102761721259 0.0 108.0 186.0 3.9887534825423026 
62090.0 10709.59406773182 0.31213872832369943 0.20873474630700065 77.0 67.0 0.0 
39605.0 10772.50233426704 0.11624919717405266 0.548490687219011 43.0 72.0 0.0 
108866.71045479523 11766.922556809544 0.14258188824662812 0.0 99.0 131.0 4.467505241090147 
91767.85518551135 12444.44870801739 0.17597944765574824 0.015414258188824663 109.0 127.0 2.8737244897959187 
53640.0 11374.599470604628 0.3147077713551702 0.340398201669878 49.0 67.0 0.0 
79990.0 13872.194303693399 0.13102119460500963 0.06486833654463713 84.0 122.0 2.7800000000000002 
119015.0 8377.865163257471 0.09184328837508028 0.03789338471419396 127.0 127.0 4.10935441370224 
77440.0 11458.547819026186 0.20166987797045602 0.09890815671162492 71.0 72.0 1.5984654731457801 
49325.0 12851.034363947107 0.2132305716120745 0.3737957610789981 59.0 87.0 1.8666666666666667 
71475.0 12069.57728073321 0.4836223506743738 0.10982658959537572 83.0 85.0 1.6083916083916083 
40715.0 10028.693036354327 0.11753371868978806 0.5452793834296724 45.0 73.0 2.0 
101405.00000000001 9579.309874883913 0.10404624277456648 0.007064868336544637 122.0 119.0 2.453945249597423 
82025.0 8821.790286144576 0.15157353885677585 0.31085420680796405 89.0 85.0 2.0 
64545.0 10079.981662591688 0.0674373795761079 0.3583815028901734 80.0 89.0 3.0 
86421.25001163603 11562.299034954432 0.16698779704560052 0.05009633911368015 81.0 88.0 0.7285714285714285 
99819.30149100437 15017.699843256763 0.07578676942838793 0.0012845215157353885 115.0 197.0 4.842261904761905 
74440.0 7479.32384471845 0.0789980732177264 0.34425176621708414 86.0 79.0 2.0 
92379.07999051495 18370.910005069974 0.04816955684007707 0.0 98.0 208.0 4.562474923450534 
135930.0 7963.513836976767 0.4951830443159923 0.06229929351316635 135.0 86.0 2.0 
91973.6183349859 13541.03419148955 0.1573538856775851 0.011560693641618497 100.0 153.0 3.6950532967164835 
74613.30627361835 11411.844101473724 0.1676300578034682 0.07385998715478484 80.0 90.0 1.046195652173913 
91598.79216947508 12517.780761453725 0.28837508028259473 0.008349389852280027 99.0 108.0 2.626868686868687 
73340.0 10851.975518237134 0.07450224791265253 0.3262684649967887 88.0 136.0 4.0588235294117645 
32935.0 10997.527838168251 0.15157353885677585 0.5639049454078355 37.0 72.0 0.0 
112730.0 7951.166342682588 0.1798330122029544 0.07129094412331406 115.0 79.0 0.0 
118430.35887204597 9964.588604938892 0.12973667308927425 0.0 145.0 145.0 5.297145241075153 
117030.00000000001 8165.212809855608 0.13166345536287732 0.006422607578676943 140.0 131.0 4.672463768115942 
42365.0 10474.29261559696 0.20616570327552985 0.5131663455362877 44.0 71.0 0.0 
94865.0 10498.87579518246 0.16441875401412973 0.10404624277456648 85.0 89.0 3.0 
61210.0 10153.532728881028 0.13230571612074501 0.4026974951830443 69.0 70.0 0.0 
55895.0 10968.834841628961 0.34617854849068724 0.37700706486833657 51.0 72.0 0.0 
51370.0 12404.004579359833 0.23185613359023763 0.2466281310211946 55.0 73.0 2.0 
92113.62997658079 9902.948163742289 0.3153500321130379 0.00449582530507386 103.0 88.0 3.4362229102167183 
51280.0 12203.252277915071 0.2723185613359024 0.3500321130378934 57.0 70.0 0.0 
