51610.0 10328.93877847091 0.31795694708802386 0.3796168696880849 44.0 75.0 1.1081081081081081 
84211.57658440227 18388.0033590057 0.06039652175824976 1.5676970963692175E-6 90.0 181.0 4.307688208791775 
93440.0 7789.439447023128 0.37063206577595065 0.045606372045220965 125.0 93.0 4.315301120448179 
43480.0 12265.227895410824 0.22286448298008993 0.34425176621708414 40.0 64.0 0.0 
25675.0 12027.845361238475 0.06679511881824021 0.6043673731535003 23.0 68.0 0.0 
87290.27588104214 15100.117114671293 0.1361873347357361 0.007717772974982062 97.0 160.0 2.9812820512820513 
71702.10341269715 12012.93410471449 0.5164447216436925 0.09956320493480661 66.0 73.0 0.0 
106151.420546206 8553.747145711093 0.10791366728417748 0.0032117162882195683 126.0 111.0 3.608361204013378 
61765.89498388102 13785.984149087404 0.28198869010567806 0.17535970933678843 58.0 87.0 1.5925925925925926 
65285.0 9449.45953436807 0.18368657675016056 0.3281952472703918 74.0 85.0 1.2380952380952381 
93614.71877357703 14187.030922159443 0.2035966602440591 0.0 116.0 177.0 3.821519912312751 
70995.0 9051.951756789485 0.1907514450867052 0.14065510597302505 74.0 94.0 2.373333333333333 
45225.0 10158.475810670385 0.11818992190983683 0.36806268662996255 53.0 86.0 3.540834845735027 
72155.0 9183.560377774016 0.1214028776234035 0.12011818917941185 83.0 91.0 2.528205128205128 
88530.19554779494 14271.933058815372 0.05073859987154785 0.0 96.0 182.0 5.44358509004607 
44470.0 12800.619273525723 0.11305241521068858 0.34558067831449124 44.0 82.0 0.8805491990846681 
110303.53655832527 13416.570000624872 0.044964029635467834 0.0 136.0 205.0 5.071171171171171 
96650.0 8996.237290172823 0.1245985870263327 0.1123956326268465 101.0 82.0 1.0606060606060606 
64625.0 9235.01442144554 0.3217726396917148 0.16441875401412973 81.0 71.0 1.0666666666666667 
58965.0 9113.844830218524 0.1252408477842004 0.3615928066795119 58.0 72.0 1.08 
83880.0 9937.51408660793 0.25114433791452867 0.08542068220584075 68.0 68.0 1.1333333333333333 
74140.0 9366.046548251536 0.363519588953115 0.2742453436095055 68.0 74.0 0.0 
41505.0 9641.026467344109 0.12395632626846499 0.5388567758509955 44.0 73.0 1.1333333333333333 
77535.0 8559.143518518518 0.08798972382787412 0.3114964675658317 90.0 80.0 0.0 
79252.81756031513 12253.764811343395 0.1573538856775851 0.12267180475272961 64.0 83.0 1.3377777777777777 
65356.2941178434 13124.81564775661 0.1901091843288375 0.11689145793192036 67.0 92.0 2.428571428571429 
81735.0 8989.99940504194 0.2909441233140655 0.05202312138728324 90.0 69.0 0.0 
85746.10126682476 13159.632397223308 0.18689788053949905 0.012202954399486191 87.0 91.0 0.5769230769230769 
60310.0 9628.046994222568 0.2761721258831085 0.2003853564547206 70.0 85.0 3.297208538587849 
68020.0 11882.425587053507 0.24665255095495553 0.11819099440692767 67.0 79.0 1.2523809523809524 
85552.93648209209 12101.601681241831 0.19271724975446006 0.02312707976779613 75.0 88.0 2.4722222222222223 
85746.10126682473 13159.632397223322 0.1869218879743789 0.012204521895234358 87.0 91.0 0.5769230769230769 
92126.15388461061 15856.165168077241 0.12463307193279238 5.362485454258205E-6 88.0 157.0 4.4108465608465615 
97422.87865400988 11636.025867084334 0.16634553628773283 0.0 114.0 158.0 5.054084397986837 
71699.93686575149 12013.811141775099 0.5164439877612902 0.09956320657738404 66.0 73.0 0.0 
50933.753416985346 11466.898791859849 0.17469492614001284 0.3050738599871548 53.0 83.0 2.450994694960212 
99104.83548226106 10913.289499008644 0.1457931920359666 0.0 112.0 139.0 4.420449157291262 
39765.0 11724.051729048693 0.1528805003116429 0.41108607242902856 38.0 67.0 0.0 
87706.62041210166 17999.635016508786 0.0565262066726644 0.0 94.0 200.0 5.306513409961686 
48660.0 12115.747178292571 0.26204238921001927 0.29865125240847784 46.0 64.0 0.0 
78835.0 8298.46955326985 0.18882466281310212 0.06165703275529865 82.0 69.0 0.0 
70675.0 8921.57618638662 0.2678227360308285 0.2703917790622993 74.0 81.0 1.2580645161290323 
81480.0 11272.817497747159 0.42324983943481054 0.045600513808606295 103.0 106.0 4.4025735294117645 
61540.0 9626.372967208747 0.12718008752401258 0.2556197816313423 66.0 77.0 0.0 
64160.0 10780.69099378882 0.2003853564547206 0.3378291586384072 72.0 75.0 0.0 
98334.99999999999 8359.10956485215 0.42324983943481054 0.045600513808606295 124.0 102.0 4.357142857142858 
46700.0 11465.060395813423 0.1483846778890275 0.33337252576074256 50.0 74.0 0.5698005698005698 
36860.0 11038.752622713439 0.1245985870263327 0.45343609505459215 43.0 67.0 0.0 
71670.0 9078.068266079848 0.1438664097623635 0.29929351316634556 78.0 81.0 2.0 
90131.32596685083 11287.030681469865 0.3943481053307643 0.023763648041104687 121.0 100.0 2.450595238095238 
85085.38253492366 12022.178314896571 0.20426367594730307 0.02312435800639278 77.0 87.0 2.1365546218487395 
95743.43126351929 15024.686562056177 0.03018625561978163 0.0 116.0 197.0 5.358620689655172 
81700.97033356394 13784.832862402998 0.17662170841361594 0.005780346820809248 79.0 111.0 2.1703774486383183 
135470.0 7999.366766163074 0.1316803678170023 0.0 160.0 129.0 4.748764822134388 
66600.0 9012.582359171658 0.15221579961464354 0.3436095054592164 69.0 77.0 2.0 
71630.0 8305.760176647354 0.07257546563904946 0.3378291586384072 85.0 77.0 1.0434782608695652 
96324.52980349142 13392.186477197689 0.0674373795761079 0.0 112.0 188.0 5.416515426497278 
57765.0 10052.09571527315 0.29865125240847784 0.20680796403339757 68.0 76.0 2.3234811165845652 
93080.0 8400.88161961617 0.4232974479211016 0.045606372045220965 120.0 80.0 2.238095238095238 
104055.3606785273 12956.963021991709 0.3821451509312781 0.0 111.0 117.0 3.504980842911878 
91376.80191442546 19509.36588852459 0.04881808838673453 8.167455691492781E-15 93.0 225.0 5.261376015289059 
58870.0 10635.241139567353 0.09633911368015415 0.3924213230571612 72.0 83.0 2.0 
50810.0 9353.840829155128 0.13937058445728967 0.35260115606936415 58.0 68.0 1.0625 
89550.09459987539 16857.614978678474 0.20554588245679384 3.918739370419458E-5 99.0 160.0 3.7775820166927248 
84200.00000000001 13665.435981659291 0.18432883750802825 0.03917790622992935 99.0 129.0 3.875 
82510.31784281111 15242.831929078404 0.21198185499921832 0.04496699802701785 79.0 123.0 1.816826923076923 
64850.0 10822.957281095112 0.3012202954399486 0.22157996146435452 73.0 76.0 0.0 
93440.0 7789.439447023128 0.37063206577595065 0.045606372045220965 125.0 93.0 4.315301120448179 
50933.74930534689 11467.139410079293 0.1747173660791445 0.305113047380859 53.0 83.0 2.450994694960212 
90924.41140426754 14325.55753410309 0.13166345536287732 0.0 97.0 157.0 4.715489874110563 
59575.0 11219.751120328878 0.36480411046885036 0.19460500963391136 70.0 69.0 0.2532467532467533 
43480.0 12265.227895410824 0.22286448298008993 0.34425176621708414 40.0 64.0 0.0 
92515.48466259043 12708.707635084867 0.19848406661196932 0.015416238183453928 80.0 98.0 1.4539926739926738 
85746.10126682473 13159.632397223322 0.1869218879743789 0.012204521895234358 87.0 91.0 0.5769230769230769 
85006.17212973788 17039.75237981591 0.04368387900747819 0.0 97.0 187.0 5.089206770241253 
85720.0 12559.552527399042 0.16958175500948952 0.06166660272934009 76.0 99.0 1.0338461538461539 
93440.0 7789.439447023128 0.37063206577595065 0.045606372045220965 125.0 93.0 4.315301120448179 
60430.0 8753.609511686374 0.24791265253692998 0.3050738599871548 64.0 73.0 0.0 
62355.0 10630.168160857984 0.15478484264611433 0.3705844572896596 67.0 73.0 0.0 
71450.0 8139.278251938943 0.1252408477842004 0.3397559409120103 84.0 74.0 0.0 
101947.24136390656 13743.808393694952 0.056518946692357096 0.0 111.0 177.0 5.140367316341829 
122763.1294009989 10937.666679314449 0.16056518946692358 0.03596660244059088 140.0 139.0 3.0 
83927.2384899731 12845.039124790424 0.2825947334617855 0.007064868336544637 97.0 94.0 0.8513931888544892 
89365.9734456634 10188.581685916202 0.170199100834939 0.0 96.0 110.0 4.537608225108225 
85615.80682495698 15741.194141874063 0.09377007064868337 0.0012845215157353885 86.0 144.0 3.323986663491307 
91557.5 12308.403285119603 0.15543716837668078 0.003854059545863482 111.0 152.0 3.9289377289377283 
37080.0 10733.737998013463 0.16313423249839434 0.5581245985870263 37.0 71.0 0.0 
50933.74930534689 11467.139410079293 0.1747173660791445 0.305113047380859 53.0 83.0 2.450994694960212 
103846.42632205825 7477.025945467252 0.11046885035324341 0.015414258188824663 132.0 116.0 4.777021153288902 
83355.0 10295.78988904057 0.2658959537572254 0.08863198458574181 66.0 66.0 0.0 
85746.10126682473 13159.632397223322 0.1869218879743789 0.012204521895234358 87.0 91.0 0.5769230769230769 
37145.0 10730.076628352486 0.15159210130642523 0.4033896683055247 46.0 63.0 0.0 
128590.0 7817.36145333649 0.3988439306358382 0.05330764290301863 131.0 85.0 1.3478260869565217 
102206.59581638202 14658.4779569854 0.04238921001926782 0.0 127.0 223.0 5.398482649122036 
55110.0 11723.354700854701 0.325626204238921 0.2350674373795761 49.0 63.0 0.0 
82630.0 8002.227552744478 0.2691456199425059 0.0847893100089966 99.0 87.0 3.206984126984127 
85743.15968674298 11275.615206246974 0.18240205523442518 0.005780346820809248 101.0 114.0 4.108465890893562 
88369.89968361927 18565.451318394837 0.061022031977738256 0.0 90.0 199.0 4.652298850574713 
50933.74930534689 11467.139410079293 0.1747173660791445 0.305113047380859 53.0 83.0 2.450994694960212 
79380.0 12322.652963550716 0.262684649967887 0.0789980732177264 67.0 78.0 0.0 
98442.92331522498 14008.066764826168 0.2035966602440591 0.0 112.0 132.0 3.2236904761904763 
58040.0 11208.546703022646 0.1457931920359666 0.325626204238921 52.0 87.0 1.3225806451612903 
101223.85133842648 14166.412389366942 0.16252365479138792 1.5181887528185955E-5 105.0 149.0 3.7084721453889813 
57765.0 11697.125175215184 0.2845215157353886 0.3969171483622351 59.0 72.0 0.0 
38940.0 10751.209089013964 0.1001926782273603 0.4290301862556198 38.0 66.0 0.0 
92620.32462556301 14488.21915894904 0.05523442517662171 0.0 101.0 172.0 4.142857142857143 
82928.10809141069 12125.218959606813 0.26846499678869623 0.04174694926140013 77.0 92.0 1.256578947368421 
128770.0 8522.09095444555 0.4007707129094412 0.05138086062941554 131.0 80.0 2.0869565217391304 
82979.68318545245 13085.085321556697 0.1348747591522158 0.07064868336544637 78.0 108.0 3.8057692307692306 
80710.70748762166 13102.957592252122 0.14580103044726753 0.037251123956326265 100.0 134.0 3.5279794313369632 
87705.56368688153 18005.520833752882 0.056518946692357096 0.0 94.0 200.0 5.306513409961686 
61080.0 11488.35904335844 0.13744380218368657 0.2138728323699422 63.0 71.0 0.0 
