31470.0 11763.205174542933 0.055876685934489405 0.4707771355170199 33.0 63.0 0.0 
82325.0 10749.96484523445 0.14644849006868266 0.05394990440269548 71.0 85.0 0.7681159420289855 
63055.0 8958.992267793425 0.12909441233140656 0.2999357739242132 69.0 100.0 3.3190789473684212 
78020.0 8487.13554688052 0.19845857418111754 0.06358381502890173 82.0 70.0 0.0 
67150.0 10296.304185677076 0.48233782915863843 0.12909441233140656 78.0 65.0 1.0625 
56755.0 8816.747497260729 0.2678227360308285 0.20423892100192678 63.0 72.0 0.3571428571428571 
86030.71514572782 19547.57939727297 0.06037251123956326 0.0 86.0 216.0 4.987401967450927 
71845.0 9030.015145256779 0.19781631342324985 0.11753371868978806 71.0 69.0 0.0 
86585.0 8889.58982297159 0.14001284521515736 0.0449582530507386 82.0 88.0 2.6666666666666665 
76291.08328840436 15462.02865982504 0.11947584789311408 0.12332990750256938 76.0 154.0 2.3745072132168907 
90806.24701371936 11966.657005122834 0.09698137443802184 0.0 97.0 152.0 3.398997493734336 
107885.0 5681.417516346015 0.14065510597302505 0.03789338471419396 130.0 85.0 3.0666666666666664 
80540.0 8324.39954250858 0.12010276172125883 0.19717405266538215 94.0 82.0 0.0 
69310.0 8853.233045572852 0.30189885609935285 0.12846865152878273 91.0 80.0 0.9912781954887218 
47895.0 8947.342995169081 0.0905587668593449 0.37829158638407195 52.0 81.0 0.7259259259259259 
63665.0 10010.878157262898 0.340398201669878 0.1811175337186898 72.0 87.0 3.7666666666666666 
86350.0 6945.355574302022 0.20490750348030431 0.08671633978192834 103.0 93.0 3.586206896551724 
94795.0 7623.193865722611 0.1252408477842004 0.03789338471419396 111.0 86.0 1.0666666666666667 
68080.0 11896.604261365464 0.15285806037251123 0.12716763005780346 90.0 95.0 0.8837719298245614 
67820.0 13938.442950375189 0.14193962748876043 0.12010276172125883 72.0 98.0 3.053721802200504 
45810.0 11970.08547008547 0.2774566473988439 0.302504816955684 46.0 65.0 0.0 
45970.0 13039.883154521856 0.13937058445728967 0.33140655105973027 51.0 86.0 0.3075 
62780.0 13271.109309536141 0.30956968529222867 0.13102119460500963 60.0 80.0 0.40625 
75999.33234502887 11069.087549313612 0.3134232498394348 0.09120102761721259 89.0 96.0 3.065714285714286 
76540.0 9250.49944663583 0.13167987281834498 0.09570172040908338 83.0 75.0 0.0 
70955.0 11809.153945992608 0.3006102095948065 0.12846246404556627 59.0 65.0 0.0 
87210.0 12843.295767681211 0.14581282950485794 0.07901441027167803 106.0 122.0 2.522095680377414 
106173.05755395684 10567.97893100461 0.25693730729647496 0.03147482014381818 100.0 100.0 1.5560271646859083 
90109.04402102497 11039.394412325359 0.2318677660586846 0.01482058979915017 119.0 111.0 1.8348231690336951 
71200.0 11110.56982197922 0.40849871444723707 0.15093127809890816 82.0 71.0 0.0 
73375.0 9524.746664583578 0.14773779518319588 0.12268451748606905 68.0 65.0 1.0769230769230769 
96005.0 9027.969654195414 0.20426515930113048 0.030190133607399788 98.0 85.0 2.3669565217391306 
34605.0 10523.278505715085 0.13744380218368657 0.5568400770712909 45.0 70.0 0.0 
59910.0 9657.628635571062 0.1682723185613359 0.31920359666024406 65.0 82.0 1.4166666666666667 
89365.10094079285 18359.334897582576 0.05330764290301863 0.0 86.0 183.0 4.677627627627627 
51425.0 11394.569882440752 0.09698137443802184 0.357096981374438 61.0 79.0 2.0 
55530.0 8504.091653027825 0.07964033397559409 0.32883750802825945 58.0 77.0 1.1 
110705.0 8288.517820407498 0.15673175745114784 0.017343268242592372 130.0 97.0 3.421951219512195 
55020.0 11539.890127716611 0.30700064226075785 0.2504816955684008 53.0 67.0 0.0 
65620.0 10719.840030729962 0.1894669235709698 0.28709055876685935 96.0 79.0 0.0 
97404.424378712 10629.9953363408 0.19974309569685292 0.0032113037893384713 111.0 111.0 2.8176651305683564 
68720.0 12324.904635134657 0.15801578138219302 0.1156232713718764 87.0 97.0 1.2697368421052633 
73820.0 8476.339495010378 0.16184971098265896 0.10789980732177264 77.0 69.0 0.0 
94963.08248314835 12035.07944826399 0.09699185402986231 2.586360968972714E-13 106.0 147.0 4.517675764101332 
61750.0 9340.354674025975 0.1682723185613359 0.29543994861913936 70.0 94.0 2.6451612903225805 
96005.0 9027.969654196433 0.204265159300816 0.030190133607335808 98.0 85.0 2.3669565217391306 
85430.0 13057.409121682127 0.2504816955684008 0.08028259473346179 74.0 83.0 2.0 
92110.0 8214.720638099234 0.3057520906474541 0.08607399652428442 105.0 76.0 0.0 
111936.50726579301 11320.570959564224 0.15221579961464354 0.0038535645472061657 117.0 120.0 2.1296650717703347 
95016.79917639575 12947.781592135392 0.09184328837508028 0.002569043031470777 100.0 156.0 3.3395732174801944 
51440.0 8131.234136053279 0.14129736673089274 0.35645472061657035 62.0 91.0 2.416666666666667 
101288.95634739447 10831.237082875305 0.14065510597302505 0.018625561978163133 124.0 111.0 2.8119588744588744 
106173.05755395684 10567.97893100461 0.25693730729647496 0.03147482014381818 100.0 100.0 1.5560271646859083 
55385.0 11641.49599630428 0.2928709055876686 0.21836865767501606 59.0 69.0 0.0 
106690.71652995436 11918.114382186926 0.28326570814754704 2.8930557364013437E-9 116.0 119.0 2.01617989853284 
110705.0 8287.727498007038 0.15672969237070947 0.01734590794922469 130.0 97.0 3.421951219512195 
60300.0 11653.286156567892 0.1245985870263327 0.22864482980089917 62.0 70.0 0.0 
97539.86699731342 14256.034807537628 0.09315025254319795 0.0038555467251542757 113.0 149.0 2.835 
40700.0 10639.597039473685 0.11883350479417605 0.3924717353693581 42.0 71.0 0.0 
66725.0 10301.50110176461 0.2922286448298009 0.1329479768786127 89.0 90.0 3.0776190476190477 
85005.0 10138.592383285357 0.15287769531925147 0.05395683364208874 76.0 85.0 0.7681159420289855 
64790.0 10133.60131731887 0.37315350032113037 0.21644187540141296 82.0 71.0 0.0 
49345.0 9222.345563111066 0.15028901734104047 0.3692999357739242 53.0 80.0 1.4166666666666667 
93233.43623609342 14757.554436426173 0.05523442517662171 0.0 106.0 180.0 4.732448165869218 
75895.0 9665.614135765503 0.1509509155677995 0.1496630936371244 82.0 81.0 0.0 
74370.0 11758.414494166786 0.4707771355170199 0.1001926782273603 77.0 72.0 0.0 
90868.19688572362 9687.051193485637 0.3854059545863482 0.0423946550044983 140.0 125.0 4.084597701149425 
112226.51616560949 13438.932683336383 0.038535645472061654 0.0 138.0 229.0 5.438210594315246 
38345.0 11305.797918074148 0.13744380218368657 0.3930635838150289 51.0 82.0 2.348484848484848 
96934.61059188278 11205.63455456645 0.34617854849068724 0.01348747591522158 133.0 91.0 1.2530795072788354 
64995.0 9362.776645858075 0.30057803468208094 0.1573538856775851 76.0 71.0 1.08 
94350.0 7717.080390078485 0.12780989081567115 0.03789338471419396 110.0 89.0 1.0975609756097562 
72980.0 10705.87295598614 0.2254335260115607 0.21001926782273603 68.0 71.0 0.0 
100882.11023303523 12160.172656922809 0.2132305716120745 0.014129736673089274 97.0 108.0 2.3151918158567777 
130935.0 9112.698595520129 0.3911368015414258 0.025048169556840076 144.0 93.0 1.5674603174603174 
65020.0 10953.214570441518 0.29543994861913936 0.18689788053949905 59.0 72.0 0.0 
45855.0 10473.61111111111 0.17533718689788053 0.4020552344251766 51.0 69.0 0.0 
97079.25277734808 16104.745870241584 0.05844572896596018 0.0 100.0 230.0 5.353537006728496 
87339.36157774094 12639.775003360894 0.16251284418391015 0.0 112.0 138.0 1.8256814449917897 
90950.37093999132 12197.249477033647 0.17726396917148363 0.0032113037893384713 103.0 118.0 2.7683067231454324 
102365.0 8885.039705003494 0.12588310854206808 0.0340398201669878 114.0 110.0 4.192063492063492 
103405.86958504164 11474.672061255047 0.22029543994861914 0.025048169556840076 104.0 113.0 3.066281512605042 
110705.0 8288.411522115475 0.1567317571859179 0.01734326858162482 130.0 97.0 3.421951219512195 
106173.05755395684 10567.97893100461 0.25693730729647496 0.03147482014381818 100.0 100.0 1.5560271646859083 
65770.0 9887.41091978295 0.3352601156069364 0.14065510597302505 71.0 66.0 1.1052631578947367 
54260.0 10801.695270625338 0.11496467565831728 0.2832369942196532 62.0 87.0 2.0 
107692.47633402904 9444.527592674596 0.24020552344251767 0.01798330122029544 100.0 95.0 2.7681159420289854 
84495.0 7842.023767931756 0.26653821451509313 0.09120102761721259 102.0 105.0 4.275179340028695 
52865.0 11151.42660697255 0.2382787411689146 0.28837508028259473 54.0 72.0 0.0 
43440.0 10337.698441075516 0.17212588310854207 0.3911368015414258 49.0 74.0 0.0 
70765.0 9970.482120741939 0.39820166987797045 0.12973667308927425 72.0 73.0 2.0 
102835.17478551177 9277.474974571274 0.14065510597302505 0.018625561978163133 123.0 105.0 3.617857142857143 
94052.2439918809 14092.480237576394 0.09509765704760526 1.8067450992039183E-5 103.0 159.0 4.093992673992674 
106173.05755395682 10567.978931004982 0.25693730305756546 0.03147481962455177 100.0 100.0 1.5560271646859083 
67105.0 13179.147086252135 0.15287769531925147 0.1271839650134949 88.0 105.0 1.0847523219814241 
132692.1591620868 11349.803674785433 0.4168272318561336 0.0032113037893384713 156.0 105.0 1.2647058823529411 
191452.81944224343 8702.136751199798 0.30956968529222867 0.03596660244059088 197.0 119.0 2.48748427672956 
85005.0 10138.790988223962 0.15285806037251123 0.05394990366088632 76.0 85.0 0.7681159420289855 
76205.0 10646.730462519938 0.21709172797202123 0.04046242793641567 83.0 88.0 1.4266666666666665 
91404.190006285 15409.48064036775 0.0533676202403301 1.4107461733510048E-5 110.0 188.0 4.880964685615849 
38135.0 10265.122643127852 0.08798972382787412 0.39820166987797045 50.0 83.0 2.8476190476190477 
114350.00000000003 8413.989123415939 0.16764185527146758 0.00642293757778182 119.0 107.0 2.871794871794872 
54225.0 12014.926637600045 0.13359023763648042 0.3333333333333333 57.0 70.0 0.0 
78650.0 9223.262018465628 0.19974309569685292 0.06358381502890173 81.0 71.0 0.0 
97879.56279854549 12097.103491179581 0.1123956326268465 0.0 112.0 144.0 4.452428632557003 
91402.88215551434 14659.52670002801 0.07323810384164334 4.94998657316142E-7 102.0 183.0 4.538785460992908 
117663.57318175088 14184.527083125988 0.06294155427103404 0.0 127.0 221.0 4.857444498199215 
102920.0 8741.780863566262 0.2472703917790623 0.04945407835581246 101.0 82.0 0.0 
94350.0 7671.802492354718 0.12780989081567115 0.03789338471419396 110.0 95.0 1.2439024390243902 
100189.71261704838 9807.85621394165 0.1573538856775851 0.006422607578676943 113.0 93.0 3.097560975609756 
57970.0 11534.263980518432 0.40723308538025593 0.22737713823951253 70.0 65.0 0.0 
59895.0 10738.494993742175 0.3179190751445087 0.18047527296082208 72.0 76.0 2.200980392156863 
