[27, 25, 57, 58, 64, 52, 10, 28, 56, 6, 35][36, 45, 34, 41, 12, 4, 7, 46, 40, 47][12, 25, 41, 35, 57, 34, 58, 45, 36, 19][6, 56, 28, 10, 52, 64, 58, 57, 25, 27][9, 68, 59, 1, 49, 26, 8, 10, 55, 16][42, 30, 21, 24, 62, 15, 11, 31, 9, 68][1, 59, 17, 61, 60, 14, 2, 50, 13, 43][48, 3, 29, 23, 0, 2, 14, 44, 60, 61][0, 69, 48, 39, 65, 37, 5, 32, 54, 18][5, 67, 37, 65, 54, 66, 38, 22, 33, 20][36, 45, 34, 51, 35, 57, 41, 25, 4, 53][9, 16, 26, 62, 21, 63, 24, 30, 15, 49][48, 3, 29, 23, 0, 2, 14, 44, 60, 61][9, 11, 15, 30, 63, 21, 62, 24, 42, 49][48, 3, 29, 23, 0, 2, 14, 44, 60, 61] 
[27, 25, 57, 58, 64, 52, 10, 28, 56, 6, 35][1, 59, 17, 61, 60, 14, 2, 50, 13, 43][9, 68, 59, 1, 49, 26, 8, 10, 55, 16][6, 56, 28, 10, 52, 64, 58, 57, 25, 27][42, 30, 21, 24, 62, 15, 11, 31, 9, 68][36, 45, 34, 51, 35, 57, 41, 25, 4, 53][48, 3, 29, 23, 0, 2, 14, 44, 60, 61][0, 69, 48, 39, 65, 37, 5, 32, 54, 18][5, 67, 37, 65, 54, 66, 38, 22, 33, 20][36, 45, 34, 41, 12, 4, 7, 46, 40, 47][9, 16, 26, 62, 21, 63, 24, 30, 15, 49][12, 25, 41, 35, 57, 34, 58, 45, 36, 19][5, 67, 37, 65, 54, 66, 38, 22, 33, 20][5, 67, 37, 65, 54, 66, 38, 22, 33, 20][30, 21, 63, 24, 62, 15, 11, 31, 9, 68] 
[6, 56, 28, 10, 52, 64, 58, 57, 25, 27][9, 68, 59, 1, 49, 26, 8, 10, 55, 16][36, 45, 34, 51, 35, 57, 41, 25, 4, 53][42, 30, 21, 24, 62, 15, 11, 31, 9, 68][1, 59, 17, 61, 60, 14, 2, 50, 13, 43][48, 3, 29, 23, 0, 2, 14, 44, 60, 61][0, 69, 48, 39, 65, 37, 5, 32, 54, 18][5, 67, 37, 65, 54, 66, 38, 22, 33, 20][36, 45, 34, 41, 12, 4, 7, 46, 40, 47][9, 16, 26, 62, 21, 63, 24, 30, 15, 49][12, 25, 41, 35, 57, 34, 58, 45, 36, 19][9, 11, 15, 30, 63, 21, 62, 24, 42, 49][36, 45, 34, 51, 35, 57, 41, 25, 4, 53][12, 25, 41, 35, 57, 34, 58, 45, 36, 19][0, 69, 48, 39, 65, 37, 5, 32, 54, 18] 
[27, 25, 57, 58, 64, 52, 10, 28, 56, 6, 35][0, 69, 48, 39, 65, 37, 5, 32, 54, 18][48, 3, 29, 23, 0, 2, 14, 44, 60, 61][5, 67, 37, 65, 54, 66, 38, 22, 33, 20][1, 59, 17, 61, 60, 14, 2, 50, 13, 43][9, 68, 59, 1, 49, 26, 8, 10, 55, 16][42, 30, 21, 24, 62, 15, 11, 31, 9, 68][36, 45, 34, 51, 35, 57, 41, 25, 4, 53][36, 45, 34, 41, 12, 4, 7, 46, 40, 47][12, 25, 41, 35, 57, 34, 58, 45, 36, 19][9, 16, 26, 62, 21, 63, 24, 30, 15, 49][5, 67, 37, 65, 54, 66, 38, 22, 33, 20][5, 67, 37, 65, 54, 66, 38, 22, 33, 20][12, 25, 41, 35, 57, 34, 58, 45, 36, 19][6, 56, 28, 10, 52, 64, 58, 57, 25, 27] 
[27, 25, 57, 58, 64, 52, 10, 28, 56, 6, 35][1, 59, 17, 61, 60, 14, 2, 50, 13, 43][9, 68, 59, 1, 49, 26, 8, 10, 55, 16][6, 56, 28, 10, 52, 64, 58, 57, 25, 27][42, 30, 21, 24, 62, 15, 11, 31, 9, 68][36, 45, 34, 51, 35, 57, 41, 25, 4, 53][48, 3, 29, 23, 0, 2, 14, 44, 60, 61][0, 69, 48, 39, 65, 37, 5, 32, 54, 18][5, 67, 37, 65, 54, 66, 38, 22, 33, 20][36, 45, 34, 41, 12, 4, 7, 46, 40, 47][9, 16, 26, 62, 21, 63, 24, 30, 15, 49][12, 25, 41, 35, 57, 34, 58, 45, 36, 19][5, 67, 37, 65, 54, 66, 38, 22, 33, 20][5, 67, 37, 65, 54, 66, 38, 22, 33, 20][30, 21, 63, 24, 62, 15, 11, 31, 9, 68] 
[27, 25, 57, 58, 64, 52, 10, 28, 56, 6, 35][1, 59, 17, 61, 60, 14, 2, 50, 13, 43][9, 68, 59, 1, 49, 26, 8, 10, 55, 16][6, 56, 28, 10, 52, 64, 58, 57, 25, 27][42, 30, 21, 24, 62, 15, 11, 31, 9, 68][36, 45, 34, 51, 35, 57, 41, 25, 4, 53][48, 3, 29, 23, 0, 2, 14, 44, 60, 61][0, 69, 48, 39, 65, 37, 5, 32, 54, 18][5, 67, 37, 65, 54, 66, 38, 22, 33, 20][36, 45, 34, 41, 12, 4, 7, 46, 40, 47][9, 16, 26, 62, 21, 63, 24, 30, 15, 49][12, 25, 41, 35, 57, 34, 58, 45, 36, 19][5, 67, 37, 65, 54, 66, 38, 22, 33, 20][5, 67, 37, 65, 54, 66, 38, 22, 33, 20][30, 21, 63, 24, 62, 15, 11, 31, 9, 68] 
[27, 25, 57, 58, 64, 52, 10, 28, 56, 6, 35][1, 59, 17, 61, 60, 14, 2, 50, 13, 43][9, 68, 59, 1, 49, 26, 8, 10, 55, 16][6, 56, 28, 10, 52, 64, 58, 57, 25, 27][42, 30, 21, 24, 62, 15, 11, 31, 9, 68][36, 45, 34, 51, 35, 57, 41, 25, 4, 53][48, 3, 29, 23, 0, 2, 14, 44, 60, 61][0, 69, 48, 39, 65, 37, 5, 32, 54, 18][5, 67, 37, 65, 54, 66, 38, 22, 33, 20][36, 45, 34, 41, 12, 4, 7, 46, 40, 47][9, 16, 26, 62, 21, 63, 24, 30, 15, 49][12, 25, 41, 35, 57, 34, 58, 45, 36, 19][5, 67, 37, 65, 54, 66, 38, 22, 33, 20][5, 67, 37, 65, 54, 66, 38, 22, 33, 20][30, 21, 63, 24, 62, 15, 11, 31, 9, 68] 
[27, 25, 57, 58, 64, 52, 10, 28, 56, 6, 35][1, 59, 17, 61, 60, 14, 2, 50, 13, 43][9, 68, 59, 1, 49, 26, 8, 10, 55, 16][6, 56, 28, 10, 52, 64, 58, 57, 25, 27][42, 30, 21, 24, 62, 15, 11, 31, 9, 68][36, 45, 34, 51, 35, 57, 41, 25, 4, 53][48, 3, 29, 23, 0, 2, 14, 44, 60, 61][0, 69, 48, 39, 65, 37, 5, 32, 54, 18][5, 67, 37, 65, 54, 66, 38, 22, 33, 20][36, 45, 41, 12, 4, 7, 46, 40, 47, 53][9, 16, 26, 62, 21, 63, 24, 30, 15, 49][12, 25, 41, 35, 57, 34, 58, 45, 36, 19][5, 67, 37, 65, 54, 66, 38, 22, 33, 20][5, 67, 37, 65, 54, 66, 38, 22, 33, 20][30, 21, 63, 24, 62, 15, 11, 31, 9, 68] 
[27, 25, 57, 58, 64, 52, 10, 28, 56, 6, 35][1, 59, 17, 61, 60, 14, 2, 50, 13, 43][9, 68, 59, 1, 49, 26, 8, 10, 55, 16][6, 56, 28, 10, 52, 64, 58, 57, 25, 27][42, 30, 21, 24, 62, 15, 11, 31, 9, 68][36, 45, 34, 51, 35, 57, 41, 25, 4, 53][48, 3, 29, 23, 0, 2, 14, 44, 60, 61][0, 69, 48, 39, 65, 37, 5, 32, 54, 18][5, 67, 37, 65, 54, 66, 38, 22, 33, 20][36, 45, 41, 12, 4, 7, 46, 40, 47, 53][9, 16, 26, 62, 21, 63, 24, 30, 15, 49][12, 25, 41, 35, 57, 34, 58, 45, 36, 19][5, 67, 37, 65, 54, 66, 38, 22, 33, 20][5, 67, 37, 65, 54, 66, 38, 22, 33, 20][30, 21, 63, 24, 62, 15, 11, 31, 9, 68] 
[27, 25, 57, 58, 64, 52, 10, 28, 56, 6, 35][12, 25, 41, 35, 57, 34, 58, 45, 36, 19][6, 56, 28, 10, 52, 64, 58, 57, 25, 27][9, 68, 59, 1, 49, 26, 8, 10, 55, 16][1, 59, 17, 61, 60, 14, 2, 50, 13, 43][42, 30, 21, 24, 62, 15, 11, 31, 9, 68][48, 3, 29, 23, 0, 2, 14, 44, 60, 61][0, 69, 48, 39, 65, 37, 5, 32, 54, 18][5, 67, 37, 65, 54, 66, 38, 22, 33, 20][36, 45, 41, 12, 4, 7, 46, 40, 47, 53][9, 16, 26, 62, 21, 63, 24, 30, 15, 49][36, 45, 34, 51, 35, 57, 41, 25, 4, 53][0, 69, 48, 39, 65, 37, 5, 32, 54, 18][5, 67, 37, 65, 54, 66, 38, 22, 33, 20][0, 69, 48, 39, 65, 37, 5, 32, 54, 18] 
[27, 25, 57, 58, 64, 52, 10, 28, 56, 6, 35][36, 45, 34, 41, 12, 4, 7, 46, 40, 47][12, 25, 41, 35, 57, 34, 58, 45, 36, 19][6, 56, 28, 10, 52, 64, 58, 57, 25, 27][9, 68, 59, 1, 49, 26, 8, 10, 55, 16][42, 30, 21, 24, 62, 15, 11, 31, 9, 68][1, 59, 17, 61, 60, 14, 2, 50, 13, 43][48, 3, 29, 23, 0, 2, 14, 44, 60, 61][0, 69, 48, 39, 65, 37, 5, 32, 54, 18][5, 67, 37, 65, 54, 66, 38, 22, 33, 20][36, 45, 34, 51, 35, 57, 41, 25, 4, 53][9, 16, 26, 62, 21, 63, 24, 30, 15, 49][48, 3, 29, 23, 0, 2, 14, 44, 60, 61][9, 11, 15, 30, 63, 21, 62, 24, 42, 49][48, 3, 29, 23, 0, 2, 14, 44, 60, 61] 
[27, 25, 57, 58, 64, 52, 10, 28, 56, 6, 35][1, 59, 17, 61, 60, 14, 2, 50, 13, 43][9, 68, 59, 1, 49, 26, 8, 10, 55, 16][6, 56, 28, 10, 52, 64, 58, 57, 25, 27][42, 30, 21, 24, 62, 15, 11, 31, 9, 68][36, 45, 34, 51, 35, 57, 41, 25, 4, 53][48, 3, 29, 23, 0, 2, 14, 44, 60, 61][0, 69, 48, 39, 65, 37, 5, 32, 54, 18][5, 67, 37, 65, 54, 66, 38, 22, 33, 20][36, 45, 34, 41, 12, 4, 7, 46, 40, 47][9, 16, 26, 62, 21, 63, 24, 30, 15, 49][12, 25, 41, 35, 57, 34, 58, 45, 36, 19][5, 67, 37, 65, 54, 66, 38, 22, 33, 20][5, 67, 37, 65, 54, 66, 38, 22, 33, 20][30, 21, 63, 24, 62, 15, 11, 31, 9, 68] 
[6, 56, 28, 10, 52, 64, 58, 57, 25, 27][9, 68, 59, 1, 49, 26, 8, 10, 55, 16][36, 45, 34, 51, 35, 57, 41, 25, 4, 53][42, 30, 21, 24, 62, 15, 11, 31, 9, 68][1, 59, 17, 61, 60, 14, 2, 50, 13, 43][48, 3, 29, 23, 0, 2, 14, 44, 60, 61][0, 69, 48, 39, 65, 37, 5, 32, 54, 18][5, 67, 37, 65, 54, 66, 38, 22, 33, 20][36, 45, 34, 41, 12, 4, 7, 46, 40, 47][9, 16, 26, 62, 21, 63, 24, 30, 15, 49][12, 25, 41, 35, 57, 34, 58, 45, 36, 19][9, 11, 15, 30, 63, 21, 62, 24, 42, 49][36, 45, 34, 51, 35, 57, 41, 25, 4, 53][12, 25, 41, 35, 57, 34, 58, 45, 36, 19][0, 69, 48, 39, 65, 37, 5, 32, 54, 18] 
[27, 25, 57, 58, 64, 52, 10, 28, 56, 6, 35][1, 59, 17, 61, 60, 14, 2, 50, 13, 43][9, 68, 59, 1, 49, 26, 8, 10, 55, 16][6, 56, 28, 10, 52, 64, 58, 57, 25, 27][42, 30, 21, 24, 62, 15, 11, 31, 9, 68][36, 45, 34, 51, 35, 57, 41, 25, 4, 53][48, 3, 29, 23, 0, 2, 14, 44, 60, 61][0, 69, 48, 39, 65, 37, 5, 32, 54, 18][5, 67, 37, 65, 54, 66, 38, 22, 33, 20][36, 45, 34, 41, 12, 4, 7, 46, 40, 47][9, 16, 26, 62, 21, 63, 24, 30, 15, 49][12, 25, 41, 35, 57, 34, 58, 45, 36, 19][5, 67, 37, 65, 54, 66, 38, 22, 33, 20][5, 67, 37, 65, 54, 66, 38, 22, 33, 20][30, 21, 63, 24, 62, 15, 11, 31, 9, 68] 
[27, 25, 57, 58, 64, 52, 10, 28, 56, 6, 35][1, 59, 17, 61, 60, 14, 2, 50, 13, 43][9, 68, 59, 1, 49, 26, 8, 10, 55, 16][6, 56, 28, 10, 52, 64, 58, 57, 25, 27][42, 30, 21, 24, 62, 15, 11, 31, 9, 68][36, 45, 34, 51, 35, 57, 41, 25, 4, 53][48, 3, 29, 23, 0, 2, 14, 44, 60, 61][0, 69, 48, 39, 65, 37, 5, 32, 54, 18][5, 67, 37, 65, 54, 66, 38, 22, 33, 20][36, 45, 34, 41, 12, 4, 7, 46, 40, 47][9, 16, 26, 62, 21, 63, 24, 30, 15, 49][12, 25, 41, 35, 57, 34, 58, 45, 36, 19][5, 67, 37, 65, 54, 66, 38, 22, 33, 20][5, 67, 37, 65, 54, 66, 38, 22, 33, 20][30, 21, 63, 24, 62, 15, 11, 31, 9, 68] 
[27, 25, 57, 58, 64, 52, 10, 28, 56, 6, 35][1, 59, 17, 61, 60, 14, 2, 50, 13, 43][9, 68, 59, 1, 49, 26, 8, 10, 55, 16][6, 56, 28, 10, 52, 64, 58, 57, 25, 27][42, 30, 21, 24, 62, 15, 11, 31, 9, 68][36, 45, 34, 51, 35, 57, 41, 25, 4, 53][48, 3, 29, 23, 0, 2, 14, 44, 60, 61][0, 69, 48, 39, 65, 37, 5, 32, 54, 18][5, 67, 37, 65, 54, 66, 38, 22, 33, 20][36, 45, 41, 12, 4, 7, 46, 40, 47, 53][9, 16, 26, 62, 21, 63, 24, 30, 15, 49][12, 25, 41, 35, 57, 34, 58, 45, 36, 19][5, 67, 37, 65, 54, 66, 38, 22, 33, 20][5, 67, 37, 65, 54, 66, 38, 22, 33, 20][30, 21, 63, 24, 62, 15, 11, 31, 9, 68] 
[27, 25, 57, 58, 64, 52, 10, 28, 56, 6, 35][42, 30, 21, 24, 62, 15, 11, 31, 9, 68][9, 68, 59, 1, 49, 26, 8, 10, 55, 16][1, 59, 17, 61, 60, 14, 2, 50, 13, 43][36, 45, 34, 51, 35, 57, 41, 25, 4, 53][48, 3, 29, 23, 0, 2, 14, 44, 60, 61][0, 69, 48, 39, 65, 37, 5, 32, 54, 18][5, 67, 37, 65, 54, 66, 38, 22, 33, 20][36, 45, 34, 41, 12, 4, 7, 46, 40, 47][9, 16, 26, 62, 21, 63, 24, 30, 15, 49][12, 25, 41, 35, 57, 34, 58, 45, 36, 19][1, 59, 17, 61, 60, 14, 2, 50, 13, 43][36, 45, 34, 41, 12, 4, 7, 46, 40, 47][6, 56, 28, 10, 52, 64, 58, 57, 25, 27][9, 11, 15, 30, 63, 21, 62, 24, 42, 49] 
[27, 25, 57, 58, 64, 52, 10, 28, 56, 6, 35][1, 59, 17, 61, 60, 14, 2, 50, 13, 43][9, 68, 59, 1, 49, 26, 8, 10, 55, 16][6, 56, 28, 10, 52, 64, 58, 57, 25, 27][42, 30, 21, 24, 62, 15, 11, 31, 9, 68][36, 45, 34, 51, 35, 57, 41, 25, 4, 53][48, 3, 29, 23, 0, 2, 14, 44, 60, 61][0, 69, 48, 39, 65, 37, 5, 32, 54, 18][5, 67, 37, 65, 54, 66, 38, 22, 33, 20][36, 45, 34, 41, 12, 4, 7, 46, 40, 47][9, 16, 26, 62, 21, 63, 24, 30, 15, 49][12, 25, 41, 35, 57, 34, 58, 45, 36, 19][5, 67, 37, 65, 54, 66, 38, 22, 33, 20][5, 67, 37, 65, 54, 66, 38, 22, 33, 20][30, 21, 63, 24, 62, 15, 11, 31, 9, 68] 
[27, 25, 57, 58, 64, 52, 10, 28, 56, 6, 35][1, 59, 17, 61, 60, 14, 2, 50, 13, 43][9, 68, 59, 1, 49, 26, 8, 10, 55, 16][6, 56, 28, 10, 52, 64, 58, 57, 25, 27][42, 30, 21, 24, 62, 15, 11, 31, 9, 68][36, 45, 34, 51, 35, 57, 41, 25, 4, 53][48, 3, 29, 23, 0, 2, 14, 44, 60, 61][0, 69, 48, 39, 65, 37, 5, 32, 54, 18][5, 67, 37, 65, 54, 66, 38, 22, 33, 20][36, 45, 34, 41, 12, 4, 7, 46, 40, 47][9, 16, 26, 62, 21, 63, 24, 30, 15, 49][12, 25, 41, 35, 57, 34, 58, 45, 36, 19][5, 67, 37, 65, 54, 66, 38, 22, 33, 20][5, 67, 37, 65, 54, 66, 38, 22, 33, 20][30, 21, 63, 24, 62, 15, 11, 31, 9, 68] 
[27, 25, 57, 58, 64, 52, 10, 28, 56, 6, 35][0, 69, 48, 39, 65, 37, 5, 32, 54, 18][48, 3, 29, 23, 0, 2, 14, 44, 60, 61][1, 59, 17, 61, 60, 14, 2, 50, 13, 43][9, 68, 59, 1, 49, 26, 8, 10, 55, 16][42, 30, 21, 24, 62, 15, 11, 31, 9, 68][36, 45, 34, 51, 35, 57, 41, 25, 4, 53][5, 67, 37, 65, 54, 66, 38, 22, 33, 20][36, 45, 34, 41, 12, 4, 7, 46, 40, 47][12, 25, 41, 35, 57, 34, 58, 45, 36, 19][9, 16, 26, 62, 21, 63, 24, 30, 15, 49][6, 56, 28, 10, 52, 64, 58, 57, 25, 27][9, 11, 15, 30, 63, 21, 62, 24, 42, 49][0, 69, 48, 39, 65, 37, 5, 32, 54, 18][5, 67, 37, 65, 54, 66, 38, 22, 33, 20] 
[27, 25, 57, 58, 64, 52, 10, 28, 56, 6, 35][36, 45, 34, 41, 12, 4, 7, 46, 40, 47][12, 25, 41, 35, 57, 34, 58, 45, 36, 19][6, 56, 28, 10, 52, 64, 58, 57, 25, 27][9, 68, 59, 1, 49, 26, 8, 10, 55, 16][42, 30, 21, 24, 62, 15, 11, 31, 9, 68][1, 59, 17, 61, 60, 14, 2, 50, 13, 43][48, 3, 29, 23, 0, 2, 14, 44, 60, 61][0, 69, 48, 39, 65, 37, 5, 32, 54, 18][5, 67, 37, 65, 54, 66, 38, 22, 33, 20][36, 45, 34, 51, 35, 57, 41, 25, 4, 53][9, 16, 26, 62, 21, 63, 24, 30, 15, 49][48, 3, 29, 23, 0, 2, 14, 44, 60, 61][9, 11, 15, 30, 63, 21, 62, 24, 42, 49][48, 3, 29, 23, 0, 2, 14, 44, 60, 61] 
[27, 25, 57, 58, 64, 52, 10, 28, 56, 6, 35][1, 59, 17, 61, 60, 14, 2, 50, 13, 43][9, 68, 59, 1, 49, 26, 8, 10, 55, 16][6, 56, 28, 10, 52, 64, 58, 57, 25, 27][42, 30, 21, 24, 62, 15, 11, 31, 9, 68][36, 45, 34, 51, 35, 57, 41, 25, 4, 53][48, 3, 29, 23, 0, 2, 14, 44, 60, 61][0, 69, 48, 39, 65, 37, 5, 32, 54, 18][5, 67, 37, 65, 54, 66, 38, 22, 33, 20][36, 45, 34, 41, 12, 4, 7, 46, 40, 47][9, 16, 26, 62, 21, 63, 24, 30, 15, 49][12, 25, 41, 35, 57, 34, 58, 45, 36, 19][5, 67, 37, 65, 54, 66, 38, 22, 33, 20][5, 67, 37, 65, 54, 66, 38, 22, 33, 20][30, 21, 63, 24, 62, 15, 11, 31, 9, 68] 
[6, 56, 28, 10, 52, 64, 58, 57, 25, 27][9, 68, 59, 1, 49, 26, 8, 10, 55, 16][36, 45, 34, 51, 35, 57, 41, 25, 4, 53][42, 30, 21, 24, 62, 15, 11, 31, 9, 68][1, 59, 17, 61, 60, 14, 2, 50, 13, 43][48, 3, 29, 23, 0, 2, 14, 44, 60, 61][0, 69, 48, 39, 65, 37, 5, 32, 54, 18][5, 67, 37, 65, 54, 66, 38, 22, 33, 20][36, 45, 34, 41, 12, 4, 7, 46, 40, 47][9, 16, 26, 62, 21, 63, 24, 30, 15, 49][12, 25, 41, 35, 57, 34, 58, 45, 36, 19][9, 11, 15, 30, 63, 21, 62, 24, 42, 49][36, 45, 34, 51, 35, 57, 41, 25, 4, 53][12, 25, 41, 35, 57, 34, 58, 45, 36, 19][0, 69, 48, 39, 65, 37, 5, 32, 54, 18] 
[27, 25, 57, 58, 64, 52, 10, 28, 56, 6, 35][1, 59, 17, 61, 60, 14, 2, 50, 13, 43][9, 68, 59, 1, 49, 26, 8, 10, 55, 16][6, 56, 28, 10, 52, 64, 58, 57, 25, 27][42, 30, 21, 24, 62, 15, 11, 31, 9, 68][36, 45, 34, 51, 35, 57, 41, 25, 4, 53][48, 3, 29, 23, 0, 2, 14, 44, 60, 61][0, 69, 48, 39, 65, 37, 5, 32, 54, 18][5, 67, 37, 65, 54, 66, 38, 22, 33, 20][36, 45, 34, 41, 12, 4, 7, 46, 40, 47][9, 16, 26, 62, 21, 63, 24, 30, 15, 49][12, 25, 41, 35, 57, 34, 58, 45, 36, 19][5, 67, 37, 65, 54, 66, 38, 22, 33, 20][5, 67, 37, 65, 54, 66, 38, 22, 33, 20][30, 21, 63, 24, 62, 15, 11, 31, 9, 68] 
[27, 25, 57, 58, 64, 52, 10, 28, 56, 6, 35][1, 59, 17, 61, 60, 14, 2, 50, 13, 43][9, 68, 59, 1, 49, 26, 8, 10, 55, 16][6, 56, 28, 10, 52, 64, 58, 57, 25, 27][42, 30, 21, 24, 62, 15, 11, 31, 9, 68][36, 45, 34, 51, 35, 57, 41, 25, 4, 53][48, 3, 29, 23, 0, 2, 14, 44, 60, 61][0, 69, 48, 39, 65, 37, 5, 32, 54, 18][5, 67, 37, 65, 54, 66, 38, 22, 33, 20][36, 45, 34, 41, 12, 4, 7, 46, 40, 47][9, 16, 26, 62, 21, 63, 24, 30, 15, 49][12, 25, 41, 35, 57, 34, 58, 45, 36, 19][5, 67, 37, 65, 54, 66, 38, 22, 33, 20][5, 67, 37, 65, 54, 66, 38, 22, 33, 20][30, 21, 63, 24, 62, 15, 11, 31, 9, 68] 
[27, 25, 57, 58, 64, 52, 10, 28, 56, 6, 35][1, 59, 17, 61, 60, 14, 2, 50, 13, 43][9, 68, 59, 1, 49, 26, 8, 10, 55, 16][6, 56, 28, 10, 52, 64, 58, 57, 25, 27][42, 30, 21, 24, 62, 15, 11, 31, 9, 68][36, 45, 34, 51, 35, 57, 41, 25, 4, 53][48, 3, 29, 23, 0, 2, 14, 44, 60, 61][0, 69, 48, 39, 65, 37, 5, 32, 54, 18][5, 67, 37, 65, 54, 66, 38, 22, 33, 20][36, 45, 41, 12, 4, 7, 46, 40, 47, 53][9, 16, 26, 62, 21, 63, 24, 30, 15, 49][12, 25, 41, 35, 57, 34, 58, 45, 36, 19][5, 67, 37, 65, 54, 66, 38, 22, 33, 20][5, 67, 37, 65, 54, 66, 38, 22, 33, 20][30, 21, 63, 24, 62, 15, 11, 31, 9, 68] 
[27, 25, 57, 58, 64, 52, 10, 28, 56, 6, 35][42, 30, 21, 24, 62, 15, 11, 31, 9, 68][9, 68, 59, 1, 49, 26, 8, 10, 55, 16][1, 59, 17, 61, 60, 14, 2, 50, 13, 43][36, 45, 34, 51, 35, 57, 41, 25, 4, 53][48, 3, 29, 23, 0, 2, 14, 44, 60, 61][0, 69, 48, 39, 65, 37, 5, 32, 54, 18][5, 67, 37, 65, 54, 66, 38, 22, 33, 20][36, 45, 34, 41, 12, 4, 7, 46, 40, 47][9, 16, 26, 62, 21, 63, 24, 30, 15, 49][12, 25, 41, 35, 57, 34, 58, 45, 36, 19][1, 59, 17, 61, 60, 14, 2, 50, 13, 43][36, 45, 34, 41, 12, 4, 7, 46, 40, 47][6, 56, 28, 10, 52, 64, 58, 57, 25, 27][9, 11, 15, 30, 63, 21, 62, 24, 42, 49] 
[27, 25, 57, 58, 64, 52, 10, 28, 56, 6, 35][1, 59, 17, 61, 60, 14, 2, 50, 13, 43][9, 68, 59, 1, 49, 26, 8, 10, 55, 16][6, 56, 28, 10, 52, 64, 58, 57, 25, 27][42, 30, 21, 24, 62, 15, 11, 31, 9, 68][36, 45, 34, 51, 35, 57, 41, 25, 4, 53][48, 3, 29, 23, 0, 2, 14, 44, 60, 61][0, 69, 48, 39, 65, 37, 5, 32, 54, 18][5, 67, 37, 65, 54, 66, 38, 22, 33, 20][36, 45, 34, 41, 12, 4, 7, 46, 40, 47][9, 16, 26, 62, 21, 63, 24, 30, 15, 49][12, 25, 41, 35, 57, 34, 58, 45, 36, 19][5, 67, 37, 65, 54, 66, 38, 22, 33, 20][5, 67, 37, 65, 54, 66, 38, 22, 33, 20][30, 21, 63, 24, 62, 15, 11, 31, 9, 68] 
[27, 25, 57, 58, 64, 52, 10, 28, 56, 6, 35][1, 59, 17, 61, 60, 14, 2, 50, 13, 43][9, 68, 59, 1, 49, 26, 8, 10, 55, 16][6, 56, 28, 10, 52, 64, 58, 57, 25, 27][42, 30, 21, 24, 62, 15, 11, 31, 9, 68][36, 45, 34, 51, 35, 57, 41, 25, 4, 53][48, 3, 29, 23, 0, 2, 14, 44, 60, 61][0, 69, 48, 39, 65, 37, 5, 32, 54, 18][5, 67, 37, 65, 54, 66, 38, 22, 33, 20][36, 45, 34, 41, 12, 4, 7, 46, 40, 47][9, 16, 26, 62, 21, 63, 24, 30, 15, 49][12, 25, 41, 35, 57, 34, 58, 45, 36, 19][5, 67, 37, 65, 54, 66, 38, 22, 33, 20][5, 67, 37, 65, 54, 66, 38, 22, 33, 20][30, 21, 63, 24, 62, 15, 11, 31, 9, 68] 
[27, 25, 57, 58, 64, 52, 10, 28, 56, 6, 35][0, 69, 48, 39, 65, 37, 5, 32, 54, 18][48, 3, 29, 23, 0, 2, 14, 44, 60, 61][1, 59, 17, 61, 60, 14, 2, 50, 13, 43][9, 68, 59, 1, 49, 26, 8, 10, 55, 16][42, 30, 21, 24, 62, 15, 11, 31, 9, 68][36, 45, 34, 51, 35, 57, 41, 25, 4, 53][5, 67, 37, 65, 54, 66, 38, 22, 33, 20][36, 45, 34, 41, 12, 4, 7, 46, 40, 47][12, 25, 41, 35, 57, 34, 58, 45, 36, 19][9, 16, 26, 62, 21, 63, 24, 30, 15, 49][6, 56, 28, 10, 52, 64, 58, 57, 25, 27][9, 11, 15, 30, 63, 21, 62, 24, 42, 49][0, 69, 48, 39, 65, 37, 5, 32, 54, 18][5, 67, 37, 65, 54, 66, 38, 22, 33, 20] 
[27, 25, 57, 58, 64, 52, 10, 28, 56, 6, 35][42, 30, 21, 24, 62, 15, 11, 31, 9, 68][9, 68, 59, 1, 49, 26, 8, 10, 55, 16][1, 59, 17, 61, 60, 14, 2, 50, 13, 43][36, 45, 34, 51, 35, 57, 41, 25, 4, 53][48, 3, 29, 23, 0, 2, 14, 44, 60, 61][0, 69, 48, 39, 65, 37, 5, 32, 54, 18][5, 67, 37, 65, 54, 66, 38, 22, 33, 20][36, 45, 34, 41, 12, 4, 7, 46, 40, 47][9, 16, 26, 62, 21, 63, 24, 30, 15, 49][12, 25, 41, 35, 57, 34, 58, 45, 36, 19][1, 59, 17, 61, 60, 14, 2, 50, 13, 43][36, 45, 34, 41, 12, 4, 7, 46, 40, 47][6, 56, 28, 10, 52, 64, 58, 57, 25, 27][9, 11, 15, 30, 63, 21, 62, 24, 42, 49] 
[27, 25, 57, 58, 64, 52, 10, 28, 56, 6, 35][1, 59, 17, 61, 60, 14, 2, 50, 13, 43][9, 68, 59, 1, 49, 26, 8, 10, 55, 16][6, 56, 28, 10, 52, 64, 58, 57, 25, 27][42, 30, 21, 24, 62, 15, 11, 31, 9, 68][36, 45, 34, 51, 35, 57, 41, 25, 4, 53][48, 3, 29, 23, 0, 2, 14, 44, 60, 61][0, 69, 48, 39, 65, 37, 5, 32, 54, 18][5, 67, 37, 65, 54, 66, 38, 22, 33, 20][36, 45, 34, 41, 12, 4, 7, 46, 40, 47][9, 16, 26, 62, 21, 63, 24, 30, 15, 49][12, 25, 41, 35, 57, 34, 58, 45, 36, 19][5, 67, 37, 65, 54, 66, 38, 22, 33, 20][5, 67, 37, 65, 54, 66, 38, 22, 33, 20][30, 21, 63, 24, 62, 15, 11, 31, 9, 68] 
[27, 25, 57, 58, 64, 52, 10, 28, 56, 6, 35][1, 59, 17, 61, 60, 14, 2, 50, 13, 43][9, 68, 59, 1, 49, 26, 8, 10, 55, 16][6, 56, 28, 10, 52, 64, 58, 57, 25, 27][42, 30, 21, 24, 62, 15, 11, 31, 9, 68][36, 45, 34, 51, 35, 57, 41, 25, 4, 53][48, 3, 29, 23, 0, 2, 14, 44, 60, 61][0, 69, 48, 39, 65, 37, 5, 32, 54, 18][5, 67, 37, 65, 54, 66, 38, 22, 33, 20][36, 45, 34, 41, 12, 4, 7, 46, 40, 47][9, 16, 26, 62, 21, 63, 24, 30, 15, 49][12, 25, 41, 35, 57, 34, 58, 45, 36, 19][5, 67, 37, 65, 54, 66, 38, 22, 33, 20][5, 67, 37, 65, 54, 66, 38, 22, 33, 20][30, 21, 63, 24, 62, 15, 11, 31, 9, 68] 
[27, 25, 57, 58, 64, 52, 10, 28, 56, 6, 35][0, 69, 48, 39, 65, 37, 5, 32, 54, 18][48, 3, 29, 23, 0, 2, 14, 44, 60, 61][1, 59, 17, 61, 60, 14, 2, 50, 13, 43][9, 68, 59, 1, 49, 26, 8, 10, 55, 16][42, 30, 21, 24, 62, 15, 11, 31, 9, 68][36, 45, 34, 51, 35, 57, 41, 25, 4, 53][5, 67, 37, 65, 54, 66, 38, 22, 33, 20][36, 45, 34, 41, 12, 4, 7, 46, 40, 47][12, 25, 41, 35, 57, 34, 58, 45, 36, 19][9, 16, 26, 62, 21, 63, 24, 30, 15, 49][6, 56, 28, 10, 52, 64, 58, 57, 25, 27][9, 11, 15, 30, 63, 21, 62, 24, 42, 49][0, 69, 48, 39, 65, 37, 5, 32, 54, 18][5, 67, 37, 65, 54, 66, 38, 22, 33, 20] 
[27, 25, 57, 58, 64, 52, 10, 28, 56, 6, 35][0, 69, 48, 39, 65, 37, 5, 32, 54, 18][48, 3, 29, 23, 0, 2, 14, 44, 60, 61][1, 59, 17, 61, 60, 14, 2, 50, 13, 43][9, 68, 59, 1, 49, 26, 8, 10, 55, 16][42, 30, 21, 24, 62, 15, 11, 31, 9, 68][36, 45, 34, 51, 35, 57, 41, 25, 4, 53][5, 67, 37, 65, 54, 66, 38, 22, 33, 20][36, 45, 34, 41, 12, 4, 7, 46, 40, 47][12, 25, 41, 35, 57, 34, 58, 45, 36, 19][9, 16, 26, 62, 21, 63, 24, 30, 15, 49][6, 56, 28, 10, 52, 64, 58, 57, 25, 27][9, 11, 15, 30, 63, 21, 62, 24, 42, 49][0, 69, 48, 39, 65, 37, 5, 32, 54, 18][5, 67, 37, 65, 54, 66, 38, 22, 33, 20] 
[5, 67, 37, 65, 54, 66, 38, 22, 33, 20, 13, 50, 2, 23, 0, 3, 19, 18, 69, 48, 39, 32][36, 45, 34, 41, 12, 4, 7, 46, 40, 47][12, 25, 41, 35, 57, 34, 58, 45, 36, 19][6, 56, 28, 10, 52, 64, 58, 57, 25, 27][31, 9, 68, 59, 1, 49, 26, 8, 10, 55][1, 59, 17, 61, 60, 14, 2, 50, 13, 43][9, 11, 15, 30, 63, 21, 62, 24, 42, 49][48, 3, 29, 23, 0, 2, 14, 44, 60, 61][0, 69, 48, 39, 65, 37, 5, 32, 54, 18][5, 67, 37, 65, 54, 66, 38, 22, 33, 20][36, 45, 34, 51, 35, 57, 41, 25, 4, 53][9, 16, 26, 62, 21, 63, 24, 30, 15, 49][5, 67, 37, 65, 54, 66, 38, 22, 33, 20][5, 67, 37, 65, 54, 66, 38, 22, 33, 20][5, 67, 37, 65, 54, 66, 38, 22, 33, 20] 
[5, 67, 37, 65, 54, 66, 38, 22, 33, 20, 17, 59, 9, 1, 68, 11, 49, 42, 30][5, 67, 37, 65, 54, 66, 38, 22, 33, 20, 55, 52][36, 45, 34, 41, 12, 4, 7, 46, 40, 47][12, 25, 41, 35, 57, 34, 58, 45, 36, 19][6, 56, 28, 10, 52, 64, 58, 57, 25, 27][31, 9, 68, 59, 1, 49, 26, 8, 10, 55][1, 59, 17, 61, 60, 14, 2, 50, 13, 43][9, 11, 15, 30, 63, 21, 62, 24, 42, 49][48, 3, 29, 23, 0, 2, 14, 44, 60, 61][0, 69, 48, 39, 65, 37, 5, 32, 54, 18][36, 45, 34, 51, 35, 57, 41, 25, 4, 53][9, 16, 26, 62, 21, 63, 24, 30, 15, 49][5, 67, 37, 65, 54, 66, 38, 22, 33, 20][5, 67, 37, 65, 54, 66, 38, 22, 33, 20][5, 67, 37, 65, 54, 66, 38, 22, 33, 20] 
[5, 67, 37, 65, 54, 66, 38, 22, 33, 20, 55, 52][36, 45, 34, 41, 12, 4, 7, 46, 40, 47][12, 25, 41, 35, 57, 34, 58, 45, 36, 19][6, 56, 28, 10, 52, 64, 58, 57, 25, 27][31, 9, 68, 59, 1, 49, 26, 8, 10, 55][1, 59, 17, 61, 60, 14, 2, 50, 13, 43][9, 11, 15, 30, 63, 21, 62, 24, 42, 49][48, 3, 29, 23, 0, 2, 14, 44, 60, 61][0, 69, 48, 39, 65, 37, 5, 32, 54, 18][36, 45, 34, 51, 35, 57, 41, 25, 4, 53][9, 16, 26, 62, 21, 63, 24, 30, 15, 49][5, 67, 37, 65, 54, 66, 38, 22, 33, 20][5, 67, 37, 65, 54, 66, 38, 22, 33, 20][5, 67, 37, 65, 54, 66, 38, 22, 33, 20][5, 67, 37, 65, 54, 66, 38, 22, 33, 20] 
[5, 67, 37, 65, 54, 66, 38, 22, 33, 20, 55, 52][1, 31, 9, 16, 26, 62, 21, 63, 24, 30, 15, 49][36, 45, 34, 41, 12, 4, 7, 46, 40, 47][12, 25, 41, 35, 57, 34, 58, 45, 36, 19][6, 56, 28, 10, 52, 64, 58, 57, 25, 27][31, 9, 68, 59, 1, 49, 26, 8, 10, 55][1, 59, 17, 61, 60, 14, 2, 50, 13, 43][9, 11, 15, 30, 63, 21, 62, 24, 42, 49][48, 3, 29, 23, 0, 2, 14, 44, 60, 61][0, 69, 48, 39, 65, 37, 5, 32, 54, 18][36, 45, 34, 51, 35, 57, 41, 25, 4, 53][5, 67, 37, 65, 54, 66, 38, 22, 33, 20][5, 67, 37, 65, 54, 66, 38, 22, 33, 20][5, 67, 37, 65, 54, 66, 38, 22, 33, 20][5, 67, 37, 65, 54, 66, 38, 22, 33, 20] 
[5, 67, 37, 65, 54, 66, 38, 22, 33, 20, 55, 52][36, 45, 34, 41, 12, 4, 7, 46, 40, 47][12, 25, 41, 35, 57, 34, 58, 45, 36, 19][6, 56, 28, 10, 52, 64, 58, 57, 25, 27][31, 9, 68, 59, 1, 49, 26, 8, 10, 55][1, 59, 17, 61, 60, 14, 2, 50, 13, 43][9, 11, 15, 30, 63, 21, 62, 24, 42, 49][48, 3, 29, 23, 0, 2, 14, 44, 60, 61][0, 69, 48, 39, 65, 37, 5, 32, 54, 18][36, 45, 34, 51, 35, 57, 41, 25, 4, 53][9, 16, 26, 62, 21, 63, 24, 30, 15, 49][5, 67, 37, 65, 54, 66, 38, 22, 33, 20][5, 67, 37, 65, 54, 66, 38, 22, 33, 20][5, 67, 37, 65, 54, 66, 38, 22, 33, 20][5, 67, 37, 65, 54, 66, 38, 22, 33, 20] 
[0, 69, 48, 39, 65, 37, 5, 32, 54, 18][48, 3, 29, 23, 0, 2, 14, 44, 60, 61][16, 10, 52, 55, 20, 33, 22, 38, 66, 54][6, 56, 28, 10, 52, 64, 58, 57, 25, 27][36, 45, 34, 51, 35, 57, 41, 25, 4, 53][31, 9, 68, 59, 1, 49, 26, 8, 10, 55][9, 11, 15, 30, 63, 21, 62, 24, 42, 49][36, 45, 34, 41, 12, 4, 7, 46, 40, 47][1, 59, 17, 61, 60, 14, 2, 50, 13, 43][12, 25, 41, 35, 57, 34, 58, 45, 36, 19][5, 67, 37, 65, 54, 66, 38, 22, 33, 20][5, 67, 37, 65, 54, 66, 38, 22, 33, 20][5, 67, 37, 65, 54, 66, 38, 22, 33, 20][12, 25, 41, 35, 57, 34, 58, 45, 36, 19][5, 67, 37, 65, 54, 66, 38, 22, 33, 20] 
[5, 67, 37, 65, 54, 66, 38, 22, 33, 20, 55, 52, 10, 16, 26, 62, 15, 49, 11][1, 31, 9, 16, 26, 62, 21, 63, 24, 30, 15, 49][36, 45, 34, 41, 12, 4, 7, 46, 40, 47][12, 25, 41, 35, 57, 34, 58, 45, 36, 19][6, 56, 28, 10, 52, 64, 58, 57, 25, 27][31, 9, 68, 59, 1, 49, 26, 8, 10, 55][1, 59, 17, 61, 60, 14, 2, 50, 13, 43][9, 11, 15, 30, 63, 21, 62, 24, 42, 49][48, 3, 29, 23, 0, 2, 14, 44, 60, 61][0, 69, 48, 39, 65, 37, 5, 32, 54, 18][36, 45, 34, 51, 35, 57, 41, 25, 4, 53][5, 67, 37, 65, 54, 66, 38, 22, 33, 20][5, 67, 37, 65, 54, 66, 38, 22, 33, 20][5, 67, 37, 65, 54, 66, 38, 22, 33, 20][5, 67, 37, 65, 54, 66, 38, 22, 33, 20] 
[5, 67, 37, 65, 54, 66, 38, 22, 33, 20, 55, 52, 10, 16, 26, 62, 15, 49, 11][1, 31, 9, 16, 26, 62, 21, 63, 24, 30, 15, 49][36, 45, 34, 41, 12, 4, 7, 46, 40, 47][12, 25, 41, 35, 57, 34, 58, 45, 36, 19][6, 56, 28, 10, 52, 64, 58, 57, 25, 27][31, 9, 68, 59, 1, 49, 26, 8, 10, 55][1, 59, 17, 61, 60, 14, 2, 50, 13, 43][9, 11, 15, 30, 63, 21, 62, 24, 42, 49][48, 3, 29, 23, 0, 2, 14, 44, 60, 61][0, 69, 48, 39, 65, 37, 5, 32, 54, 18][36, 45, 34, 51, 35, 57, 41, 25, 4, 53][5, 67, 37, 65, 54, 66, 38, 22, 33, 20][5, 67, 37, 65, 54, 66, 38, 22, 33, 20][5, 67, 37, 65, 54, 66, 38, 22, 33, 20][5, 67, 37, 65, 54, 66, 38, 22, 33, 20] 
[5, 67, 37, 65, 54, 66, 38, 22, 33, 20, 55, 52][36, 45, 34, 41, 12, 4, 7, 46, 40, 47][12, 25, 41, 35, 57, 34, 58, 45, 36, 19][6, 56, 28, 10, 52, 64, 58, 57, 25, 27][31, 9, 68, 59, 1, 49, 26, 8, 10, 55][1, 59, 17, 61, 60, 14, 2, 50, 13, 43][9, 11, 15, 30, 63, 21, 62, 24, 42, 49][48, 3, 29, 23, 0, 2, 14, 44, 60, 61][0, 69, 48, 39, 65, 37, 5, 32, 54, 18][36, 45, 34, 51, 35, 57, 41, 25, 4, 53][9, 16, 26, 62, 21, 63, 24, 30, 15, 49][5, 67, 37, 65, 54, 66, 38, 22, 33, 20][5, 67, 37, 65, 54, 66, 38, 22, 33, 20][5, 67, 37, 65, 54, 66, 38, 22, 33, 20][5, 67, 37, 65, 54, 66, 38, 22, 33, 20] 
[26, 8, 28, 10, 16, 9, 49, 1, 59, 17, 61, 60, 14, 2, 50, 13, 43][5, 67, 37, 65, 54, 66, 38, 22, 33, 20, 55, 52][36, 45, 34, 41, 12, 4, 7, 46, 40, 47][12, 25, 41, 35, 57, 34, 58, 45, 36, 19][6, 56, 28, 10, 52, 64, 58, 57, 25, 27][31, 9, 68, 59, 1, 49, 26, 8, 10, 55][9, 11, 15, 30, 63, 21, 62, 24, 42, 49][48, 3, 29, 23, 0, 2, 14, 44, 60, 61][0, 69, 48, 39, 65, 37, 5, 32, 54, 18][36, 45, 34, 51, 35, 57, 41, 25, 4, 53][9, 16, 26, 62, 21, 63, 24, 30, 15, 49][5, 67, 37, 65, 54, 66, 38, 22, 33, 20][5, 67, 37, 65, 54, 66, 38, 22, 33, 20][5, 67, 37, 65, 54, 66, 38, 22, 33, 20][5, 67, 37, 65, 54, 66, 38, 22, 33, 20] 
[8, 28, 10, 16, 9, 49, 1, 59, 17, 61, 60, 14, 2, 50, 13, 43][5, 67, 37, 65, 54, 66, 38, 22, 33, 20, 55, 52][36, 45, 34, 41, 12, 4, 7, 46, 40, 47][12, 25, 41, 35, 57, 34, 58, 45, 36, 19][6, 56, 28, 10, 52, 64, 58, 57, 25, 27][31, 9, 68, 59, 1, 49, 26, 8, 10, 55][9, 11, 15, 30, 63, 21, 62, 24, 42, 49][48, 3, 29, 23, 0, 2, 14, 44, 60, 61][0, 69, 48, 39, 65, 37, 5, 32, 54, 18][36, 45, 34, 51, 35, 57, 41, 25, 4, 53][9, 16, 26, 62, 21, 63, 24, 30, 15, 49][5, 67, 37, 65, 54, 66, 38, 22, 33, 20][5, 67, 37, 65, 54, 66, 38, 22, 33, 20][5, 67, 37, 65, 54, 66, 38, 22, 33, 20][5, 67, 37, 65, 54, 66, 38, 22, 33, 20] 
[26, 8, 28, 10, 16, 9, 49, 1, 59, 17, 61, 60, 14, 2, 50, 13, 43][5, 67, 37, 65, 54, 66, 38, 22, 33, 20, 55, 52][36, 45, 34, 41, 12, 4, 7, 46, 40, 47][12, 25, 41, 35, 57, 34, 58, 45, 36, 19][6, 56, 28, 10, 52, 64, 58, 57, 25, 27][31, 9, 68, 59, 1, 49, 26, 8, 10, 55][9, 11, 15, 30, 63, 21, 62, 24, 42, 49][48, 3, 29, 23, 0, 2, 14, 44, 60, 61][0, 69, 48, 39, 65, 37, 5, 32, 54, 18][36, 45, 34, 51, 35, 57, 41, 25, 4, 53][9, 16, 26, 62, 21, 63, 24, 30, 15, 49][5, 67, 37, 65, 54, 66, 38, 22, 33, 20][5, 67, 37, 65, 54, 66, 38, 22, 33, 20][5, 67, 37, 65, 54, 66, 38, 22, 33, 20][5, 67, 37, 65, 54, 66, 38, 22, 33, 20] 
[5, 67, 37, 65, 54, 66, 38, 22, 33, 20, 55, 52, 10][26, 1, 9, 11, 15, 30, 63, 21, 62, 24, 42, 49][36, 45, 34, 41, 12, 4, 7, 46, 40, 47][12, 25, 41, 35, 57, 34, 58, 45, 36, 19][6, 56, 28, 10, 52, 64, 58, 57, 25, 27][31, 9, 68, 59, 1, 49, 26, 8, 10, 55][1, 59, 17, 61, 60, 14, 2, 50, 13, 43][48, 3, 29, 23, 0, 2, 14, 44, 60, 61][0, 69, 48, 39, 65, 37, 5, 32, 54, 18][36, 45, 34, 51, 35, 57, 41, 25, 4, 53][9, 16, 26, 62, 21, 63, 24, 30, 15, 49][5, 67, 37, 65, 54, 66, 38, 22, 33, 20][5, 67, 37, 65, 54, 66, 38, 22, 33, 20][5, 67, 37, 65, 54, 66, 38, 22, 33, 20][5, 67, 37, 65, 54, 66, 38, 22, 33, 20] 
[5, 67, 37, 65, 54, 66, 38, 22, 33, 20, 17, 59, 9, 1, 68, 11, 49, 42][5, 67, 37, 65, 54, 66, 38, 22, 33, 20, 55, 52][36, 45, 34, 41, 12, 4, 7, 46, 40, 47][12, 25, 41, 35, 57, 34, 58, 45, 36, 19][6, 56, 28, 10, 52, 64, 58, 57, 25, 27][31, 9, 68, 59, 1, 49, 26, 8, 10, 55][1, 59, 17, 61, 60, 14, 2, 50, 13, 43][9, 11, 15, 30, 63, 21, 62, 24, 42, 49][48, 3, 29, 23, 0, 2, 14, 44, 60, 61][0, 69, 48, 39, 65, 37, 5, 32, 54, 18][36, 45, 34, 51, 35, 57, 41, 25, 4, 53][9, 16, 26, 62, 21, 63, 24, 30, 15, 49][5, 67, 37, 65, 54, 66, 38, 22, 33, 20][5, 67, 37, 65, 54, 66, 38, 22, 33, 20][5, 67, 37, 65, 54, 66, 38, 22, 33, 20] 
[8, 26, 1, 9, 11, 15, 30, 63, 21, 62, 24, 42, 49][5, 67, 37, 65, 54, 66, 38, 22, 33, 20, 55, 52, 10][36, 45, 34, 41, 12, 4, 7, 46, 40, 47][12, 25, 41, 35, 57, 34, 58, 45, 36, 19][6, 56, 28, 10, 52, 64, 58, 57, 25, 27][31, 9, 68, 59, 1, 49, 26, 8, 10, 55][1, 59, 17, 61, 60, 14, 2, 50, 13, 43][48, 3, 29, 23, 0, 2, 14, 44, 60, 61][0, 69, 48, 39, 65, 37, 5, 32, 54, 18][36, 45, 34, 51, 35, 57, 41, 25, 4, 53][9, 16, 26, 62, 21, 63, 24, 30, 15, 49][5, 67, 37, 65, 54, 66, 38, 22, 33, 20][5, 67, 37, 65, 54, 66, 38, 22, 33, 20][5, 67, 37, 65, 54, 66, 38, 22, 33, 20][5, 67, 37, 65, 54, 66, 38, 22, 33, 20] 
[5, 67, 37, 65, 54, 66, 38, 22, 33, 20, 55, 52, 10, 16, 26, 62, 15, 49, 11, 31, 1, 59][36, 45, 34, 41, 12, 4, 7, 46, 40, 47][12, 25, 41, 35, 57, 34, 58, 45, 36, 19][6, 56, 28, 10, 52, 64, 58, 57, 25, 27][31, 9, 68, 59, 1, 49, 26, 8, 10, 55][1, 59, 17, 61, 60, 14, 2, 50, 13, 43][9, 11, 15, 30, 63, 21, 62, 24, 42, 49][48, 3, 29, 23, 0, 2, 14, 44, 60, 61][0, 69, 48, 39, 65, 37, 5, 32, 54, 18][36, 45, 34, 51, 35, 57, 41, 25, 4, 53][9, 16, 26, 62, 21, 63, 24, 30, 15, 49][5, 67, 37, 65, 54, 66, 38, 22, 33, 20][5, 67, 37, 65, 54, 66, 38, 22, 33, 20][5, 67, 37, 65, 54, 66, 38, 22, 33, 20][5, 67, 37, 65, 54, 66, 38, 22, 33, 20] 
[5, 67, 37, 65, 54, 66, 38, 22, 33, 20, 55, 52, 10, 16, 26, 62, 15, 49, 11, 31, 1, 59][36, 45, 34, 41, 12, 4, 7, 46, 40, 47][12, 25, 41, 35, 57, 34, 58, 45, 36, 19][6, 56, 28, 10, 52, 64, 58, 57, 25, 27][31, 9, 68, 59, 1, 49, 26, 8, 10, 55][1, 59, 17, 61, 60, 14, 2, 50, 13, 43][9, 11, 15, 30, 63, 21, 62, 24, 42, 49][48, 3, 29, 23, 0, 2, 14, 44, 60, 61][0, 69, 48, 39, 65, 37, 5, 32, 54, 18][36, 45, 34, 51, 35, 57, 41, 25, 4, 53][9, 16, 26, 62, 21, 63, 24, 30, 15, 49][5, 67, 37, 65, 54, 66, 38, 22, 33, 20][5, 67, 37, 65, 54, 66, 38, 22, 33, 20][5, 67, 37, 65, 54, 66, 38, 22, 33, 20][5, 67, 37, 65, 54, 66, 38, 22, 33, 20] 
[29, 23, 2, 14, 44, 61, 17, 9, 16, 26, 62, 21, 63, 24, 30, 15, 49][5, 67, 37, 65, 54, 66, 38, 22, 33, 20, 55, 52][36, 45, 34, 41, 12, 4, 7, 46, 40, 47][12, 25, 41, 35, 57, 34, 58, 45, 36, 19][6, 56, 28, 10, 52, 64, 58, 57, 25, 27][31, 9, 68, 59, 1, 49, 26, 8, 10, 55][1, 59, 17, 61, 60, 14, 2, 50, 13, 43][9, 11, 15, 30, 63, 21, 62, 24, 42, 49][48, 3, 29, 23, 0, 2, 14, 44, 60, 61][0, 69, 48, 39, 65, 37, 5, 32, 54, 18][36, 45, 34, 51, 35, 57, 41, 25, 4, 53][5, 67, 37, 65, 54, 66, 38, 22, 33, 20][5, 67, 37, 65, 54, 66, 38, 22, 33, 20][5, 67, 37, 65, 54, 66, 38, 22, 33, 20][5, 67, 37, 65, 54, 66, 38, 22, 33, 20] 
[5, 67, 37, 65, 54, 66, 38, 22, 33, 20, 55, 52, 10, 16, 26, 62, 15, 49, 11, 31, 1, 59, 68, 9][36, 45, 34, 41, 12, 4, 7, 46, 40, 47][12, 25, 41, 35, 57, 34, 58, 45, 36, 19][6, 56, 28, 10, 52, 64, 58, 57, 25, 27][31, 9, 68, 59, 1, 49, 26, 8, 10, 55][1, 59, 17, 61, 60, 14, 2, 50, 13, 43][9, 11, 15, 30, 63, 21, 62, 24, 42, 49][48, 3, 29, 23, 0, 2, 14, 44, 60, 61][0, 69, 48, 39, 65, 37, 5, 32, 54, 18][36, 45, 34, 51, 35, 57, 41, 25, 4, 53][9, 16, 26, 62, 21, 63, 24, 30, 15, 49][5, 67, 37, 65, 54, 66, 38, 22, 33, 20][5, 67, 37, 65, 54, 66, 38, 22, 33, 20][5, 67, 37, 65, 54, 66, 38, 22, 33, 20][5, 67, 37, 65, 54, 66, 38, 22, 33, 20] 
[5, 67, 37, 65, 54, 66, 38, 22, 33, 20, 55, 52, 10, 16, 26, 62, 15, 49, 11, 31, 1, 59, 68, 9, 17, 61][36, 45, 34, 41, 12, 4, 7, 46, 40, 47][12, 25, 41, 35, 57, 34, 58, 45, 36, 19][6, 56, 28, 10, 52, 64, 58, 57, 25, 27][31, 9, 68, 59, 1, 49, 26, 8, 10, 55][1, 59, 17, 61, 60, 14, 2, 50, 13, 43][9, 11, 15, 30, 63, 21, 62, 24, 42, 49][48, 3, 29, 23, 0, 2, 14, 44, 60, 61][0, 69, 48, 39, 65, 37, 5, 32, 54, 18][36, 45, 34, 51, 35, 57, 41, 25, 4, 53][9, 16, 26, 62, 21, 63, 24, 30, 15, 49][5, 67, 37, 65, 54, 66, 38, 22, 33, 20][5, 67, 37, 65, 54, 66, 38, 22, 33, 20][5, 67, 37, 65, 54, 66, 38, 22, 33, 20][5, 67, 37, 65, 54, 66, 38, 22, 33, 20] 
[5, 67, 37, 65, 54, 66, 38, 22, 33, 20, 55, 52, 10, 16, 26, 62, 15, 49, 11, 31, 1, 59, 68, 9][36, 45, 34, 41, 12, 4, 7, 46, 40, 47][12, 25, 41, 35, 57, 34, 58, 45, 36, 19][6, 56, 28, 10, 52, 64, 58, 57, 25, 27][31, 9, 68, 59, 1, 49, 26, 8, 10, 55][1, 59, 17, 61, 60, 14, 2, 50, 13, 43][9, 11, 15, 30, 63, 21, 62, 24, 42, 49][48, 3, 29, 23, 0, 2, 14, 44, 60, 61][0, 69, 48, 39, 65, 37, 5, 32, 54, 18][36, 45, 34, 51, 35, 57, 41, 25, 4, 53][9, 16, 26, 62, 21, 63, 24, 30, 15, 49][5, 67, 37, 65, 54, 66, 38, 22, 33, 20][5, 67, 37, 65, 54, 66, 38, 22, 33, 20][5, 67, 37, 65, 54, 66, 38, 22, 33, 20][5, 67, 37, 65, 54, 66, 38, 22, 33, 20] 
[27, 25, 57, 58, 64, 52, 10, 28, 56, 6, 35][42, 30, 21, 24, 62, 15, 11, 31, 9, 68][9, 68, 59, 1, 49, 26, 8, 10, 55, 16][1, 59, 17, 61, 60, 14, 2, 50, 13, 43][36, 45, 34, 51, 35, 57, 41, 25, 4, 53][48, 3, 29, 23, 0, 2, 14, 44, 60, 61][0, 69, 48, 39, 65, 37, 5, 32, 54, 18][5, 67, 37, 65, 54, 66, 38, 22, 33, 20][36, 45, 34, 41, 12, 4, 7, 46, 40, 47][9, 16, 26, 62, 21, 63, 24, 30, 15, 49][12, 25, 41, 35, 57, 34, 58, 45, 36, 19][1, 59, 17, 61, 60, 14, 2, 50, 13, 43][36, 45, 34, 41, 12, 4, 7, 46, 40, 47][6, 56, 28, 10, 52, 64, 58, 57, 25, 27][9, 11, 15, 30, 63, 21, 62, 24, 42, 49] 
[27, 25, 57, 58, 64, 52, 10, 28, 56, 6, 35][5, 67, 37, 65, 54, 66, 38, 22, 33, 20][0, 69, 48, 39, 65, 37, 5, 32, 54, 18][48, 3, 29, 23, 0, 2, 14, 44, 60, 61][1, 59, 17, 61, 60, 14, 2, 50, 13, 43][9, 68, 59, 1, 49, 26, 8, 10, 55, 16][42, 30, 21, 24, 62, 15, 11, 31, 9, 68][36, 45, 34, 51, 35, 57, 41, 25, 4, 53][36, 45, 34, 41, 12, 4, 7, 46, 40, 47][9, 16, 26, 62, 21, 63, 24, 30, 15, 49][12, 25, 41, 35, 57, 34, 58, 45, 36, 19][1, 59, 17, 61, 60, 14, 2, 50, 13, 43][6, 56, 28, 10, 52, 64, 58, 57, 25, 27][9, 11, 15, 30, 63, 21, 62, 24, 42, 49][5, 67, 37, 65, 54, 66, 38, 22, 33, 20] 
[27, 25, 57, 58, 64, 52, 10, 28, 56, 6, 35][5, 67, 37, 65, 54, 66, 38, 22, 33, 20][0, 69, 48, 39, 65, 37, 5, 32, 54, 18][48, 3, 29, 23, 0, 2, 14, 44, 60, 61][1, 59, 17, 61, 60, 14, 2, 50, 13, 43][9, 68, 59, 1, 49, 26, 8, 10, 55, 16][42, 30, 21, 24, 62, 15, 11, 31, 9, 68][36, 45, 34, 51, 35, 57, 41, 25, 4, 53][36, 45, 34, 41, 12, 4, 7, 46, 40, 47][9, 16, 26, 62, 21, 63, 24, 30, 15, 49][12, 25, 41, 35, 57, 34, 58, 45, 36, 19][1, 59, 17, 61, 60, 14, 2, 50, 13, 43][6, 56, 28, 10, 52, 64, 58, 57, 25, 27][9, 11, 15, 30, 63, 21, 62, 24, 42, 49][5, 67, 37, 65, 54, 66, 38, 22, 33, 20] 
[27, 25, 57, 58, 64, 52, 10, 28, 56, 6, 35][42, 30, 21, 24, 62, 15, 11, 31, 9, 68][9, 68, 59, 1, 49, 26, 8, 10, 55, 16][1, 59, 17, 61, 60, 14, 2, 50, 13, 43][36, 45, 34, 51, 35, 57, 41, 25, 4, 53][48, 3, 29, 23, 0, 2, 14, 44, 60, 61][0, 69, 48, 39, 65, 37, 5, 32, 54, 18][5, 67, 37, 65, 54, 66, 38, 22, 33, 20][36, 45, 34, 41, 12, 4, 7, 46, 40, 47][9, 16, 26, 62, 21, 63, 24, 30, 15, 49][12, 25, 41, 35, 57, 34, 58, 45, 36, 19][1, 59, 17, 61, 60, 14, 2, 50, 13, 43][36, 45, 34, 41, 12, 4, 7, 46, 40, 47][6, 56, 28, 10, 52, 64, 58, 57, 25, 27][9, 11, 15, 30, 63, 21, 62, 24, 42, 49] 
[27, 25, 57, 58, 64, 52, 10, 28, 56, 6, 35][5, 67, 37, 65, 54, 66, 38, 22, 33, 20][0, 69, 48, 39, 65, 37, 5, 32, 54, 18][48, 3, 29, 23, 0, 2, 14, 44, 60, 61][1, 59, 17, 61, 60, 14, 2, 50, 13, 43][9, 68, 59, 1, 49, 26, 8, 10, 55, 16][42, 30, 21, 24, 62, 15, 11, 31, 9, 68][36, 45, 34, 51, 35, 57, 41, 25, 4, 53][36, 45, 34, 41, 12, 4, 7, 46, 40, 47][9, 16, 26, 62, 21, 63, 24, 30, 15, 49][12, 25, 41, 35, 57, 34, 58, 45, 36, 19][1, 59, 17, 61, 60, 14, 2, 50, 13, 43][6, 56, 28, 10, 52, 64, 58, 57, 25, 27][9, 11, 15, 30, 63, 21, 62, 24, 42, 49][5, 67, 37, 65, 54, 66, 38, 22, 33, 20] 
[27, 25, 57, 58, 64, 52, 10, 28, 56, 6, 35][5, 67, 37, 65, 54, 66, 38, 22, 33, 20][0, 69, 48, 39, 65, 37, 5, 32, 54, 18][48, 3, 29, 23, 0, 2, 14, 44, 60, 61][1, 59, 17, 61, 60, 14, 2, 50, 13, 43][9, 68, 59, 1, 49, 26, 8, 10, 55, 16][42, 30, 21, 24, 62, 15, 11, 31, 9, 68][36, 45, 34, 51, 35, 57, 41, 25, 4, 53][36, 45, 34, 41, 12, 4, 7, 46, 40, 47][9, 16, 26, 62, 21, 63, 24, 30, 15, 49][12, 25, 41, 35, 57, 34, 58, 45, 36, 19][1, 59, 17, 61, 60, 14, 2, 50, 13, 43][6, 56, 28, 10, 52, 64, 58, 57, 25, 27][9, 11, 15, 30, 63, 21, 62, 24, 42, 49][5, 67, 37, 65, 54, 66, 38, 22, 33, 20] 
[27, 25, 57, 58, 64, 52, 10, 28, 56, 6, 35][42, 30, 21, 24, 62, 15, 11, 31, 9, 68][9, 68, 59, 1, 49, 26, 8, 10, 55, 16][1, 59, 17, 61, 60, 14, 2, 50, 13, 43][36, 45, 34, 51, 35, 57, 41, 25, 4, 53][48, 3, 29, 23, 0, 2, 14, 44, 60, 61][0, 69, 48, 39, 65, 37, 5, 32, 54, 18][5, 67, 37, 65, 54, 66, 38, 22, 33, 20][36, 45, 34, 41, 12, 4, 7, 46, 40, 47][9, 16, 26, 62, 21, 63, 24, 30, 15, 49][12, 25, 41, 35, 57, 34, 58, 45, 36, 19][1, 59, 17, 61, 60, 14, 2, 50, 13, 43][36, 45, 34, 41, 12, 4, 7, 46, 40, 47][6, 56, 28, 10, 52, 64, 58, 57, 25, 27][9, 11, 15, 30, 63, 21, 62, 24, 42, 49] 
[27, 25, 57, 58, 64, 52, 10, 28, 56, 6, 35][5, 67, 37, 65, 54, 66, 38, 22, 33, 20][0, 69, 48, 39, 65, 37, 5, 32, 54, 18][48, 3, 29, 23, 0, 2, 14, 44, 60, 61][1, 59, 17, 61, 60, 14, 2, 50, 13, 43][9, 68, 59, 1, 49, 26, 8, 10, 55, 16][42, 30, 21, 24, 62, 15, 11, 31, 9, 68][36, 45, 34, 51, 35, 57, 41, 25, 4, 53][36, 45, 34, 41, 12, 4, 7, 46, 40, 47][9, 16, 26, 62, 21, 63, 24, 30, 15, 49][12, 25, 41, 35, 57, 34, 58, 45, 36, 19][1, 59, 17, 61, 60, 14, 2, 50, 13, 43][6, 56, 28, 10, 52, 64, 58, 57, 25, 27][9, 11, 15, 30, 63, 21, 62, 24, 42, 49][5, 67, 37, 65, 54, 66, 38, 22, 33, 20] 
[27, 25, 57, 58, 64, 52, 10, 28, 56, 6, 35][5, 67, 37, 65, 54, 66, 38, 22, 33, 20][0, 69, 48, 39, 65, 37, 5, 32, 54, 18][48, 3, 29, 23, 0, 2, 14, 44, 60, 61][1, 59, 17, 61, 60, 14, 2, 50, 13, 43][9, 68, 59, 1, 49, 26, 8, 10, 55, 16][42, 30, 21, 24, 62, 15, 11, 31, 9, 68][36, 45, 34, 51, 35, 57, 41, 25, 4, 53][36, 45, 34, 41, 12, 4, 7, 46, 40, 47][9, 16, 26, 62, 21, 63, 24, 30, 15, 49][12, 25, 41, 35, 57, 34, 58, 45, 36, 19][1, 59, 17, 61, 60, 14, 2, 50, 13, 43][6, 56, 28, 10, 52, 64, 58, 57, 25, 27][9, 11, 15, 30, 63, 21, 62, 24, 42, 49][5, 67, 37, 65, 54, 66, 38, 22, 33, 20] 
[27, 25, 57, 58, 64, 52, 10, 28, 56, 6, 35][42, 30, 21, 24, 62, 15, 11, 31, 9, 68][9, 68, 59, 1, 49, 26, 8, 10, 55, 16][1, 59, 17, 61, 60, 14, 2, 50, 13, 43][36, 45, 34, 51, 35, 57, 41, 25, 4, 53][48, 3, 29, 23, 0, 2, 14, 44, 60, 61][0, 69, 48, 39, 65, 37, 5, 32, 54, 18][5, 67, 37, 65, 54, 66, 38, 22, 33, 20][36, 45, 34, 41, 12, 4, 7, 46, 40, 47][9, 16, 26, 62, 21, 63, 24, 30, 15, 49][12, 25, 41, 35, 57, 34, 58, 45, 36, 19][1, 59, 17, 61, 60, 14, 2, 50, 13, 43][36, 45, 34, 41, 12, 4, 7, 46, 40, 47][6, 56, 28, 10, 52, 64, 58, 57, 25, 27][9, 11, 15, 30, 63, 21, 62, 24, 42, 49] 
[27, 25, 57, 58, 64, 52, 10, 28, 56, 6, 35][42, 30, 21, 24, 62, 15, 11, 31, 9, 68][9, 68, 59, 1, 49, 26, 8, 10, 55, 16][1, 59, 17, 61, 60, 14, 2, 50, 13, 43][36, 45, 34, 51, 35, 57, 41, 25, 4, 53][48, 3, 29, 23, 0, 2, 14, 44, 60, 61][0, 69, 48, 39, 65, 37, 5, 32, 54, 18][5, 67, 37, 65, 54, 66, 38, 22, 33, 20][36, 45, 34, 41, 12, 4, 7, 46, 40, 47][9, 16, 26, 62, 21, 63, 24, 30, 15, 49][12, 25, 41, 35, 57, 34, 58, 45, 36, 19][1, 59, 17, 61, 60, 14, 2, 50, 13, 43][36, 45, 34, 41, 12, 4, 7, 46, 40, 47][6, 56, 28, 10, 52, 64, 58, 57, 25, 27][9, 11, 15, 30, 63, 21, 62, 24, 42, 49] 
[27, 25, 57, 58, 64, 52, 10, 28, 56, 6, 35][5, 67, 37, 65, 54, 66, 38, 22, 33, 20][0, 69, 48, 39, 65, 37, 5, 32, 54, 18][48, 3, 29, 23, 0, 2, 14, 44, 60, 61][1, 59, 17, 61, 60, 14, 2, 50, 13, 43][9, 68, 59, 1, 49, 26, 8, 10, 55, 16][42, 30, 21, 24, 62, 15, 11, 31, 9, 68][36, 45, 34, 51, 35, 57, 41, 25, 4, 53][36, 45, 34, 41, 12, 4, 7, 46, 40, 47][9, 16, 26, 62, 21, 63, 24, 30, 15, 49][12, 25, 41, 35, 57, 34, 58, 45, 36, 19][1, 59, 17, 61, 60, 14, 2, 50, 13, 43][6, 56, 28, 10, 52, 64, 58, 57, 25, 27][9, 11, 15, 30, 63, 21, 62, 24, 42, 49][5, 67, 37, 65, 54, 66, 38, 22, 33, 20] 
[27, 25, 57, 58, 64, 52, 10, 28, 56, 6, 35][5, 67, 37, 65, 54, 66, 38, 22, 33, 20][0, 69, 48, 39, 65, 37, 5, 32, 54, 18][48, 3, 29, 23, 0, 2, 14, 44, 60, 61][1, 59, 17, 61, 60, 14, 2, 50, 13, 43][9, 68, 59, 1, 49, 26, 8, 10, 55, 16][42, 30, 21, 24, 62, 15, 11, 31, 9, 68][36, 45, 34, 51, 35, 57, 41, 25, 4, 53][36, 45, 34, 41, 12, 4, 7, 46, 40, 47][9, 16, 26, 62, 21, 63, 24, 30, 15, 49][12, 25, 41, 35, 57, 34, 58, 45, 36, 19][1, 59, 17, 61, 60, 14, 2, 50, 13, 43][6, 56, 28, 10, 52, 64, 58, 57, 25, 27][9, 11, 15, 30, 63, 21, 62, 24, 42, 49][5, 67, 37, 65, 54, 66, 38, 22, 33, 20] 
[27, 25, 57, 58, 64, 52, 10, 28, 56, 6, 35][5, 67, 37, 65, 54, 66, 38, 22, 33, 20][0, 69, 48, 39, 65, 37, 5, 32, 54, 18][48, 3, 29, 23, 0, 2, 14, 44, 60, 61][1, 59, 17, 61, 60, 14, 2, 50, 13, 43][9, 68, 59, 1, 49, 26, 8, 10, 55, 16][42, 30, 21, 24, 62, 15, 11, 31, 9, 68][36, 45, 34, 51, 35, 57, 41, 25, 4, 53][36, 45, 34, 41, 12, 4, 7, 46, 40, 47][9, 16, 26, 62, 21, 63, 24, 30, 15, 49][12, 25, 41, 35, 57, 34, 58, 45, 36, 19][1, 59, 17, 61, 60, 14, 2, 50, 13, 43][6, 56, 28, 10, 52, 64, 58, 57, 25, 27][9, 11, 15, 30, 63, 21, 62, 24, 42, 49][5, 67, 37, 65, 54, 66, 38, 22, 33, 20] 
[27, 25, 57, 58, 64, 52, 10, 28, 56, 6, 35][42, 30, 21, 24, 62, 15, 11, 31, 9, 68][9, 68, 59, 1, 49, 26, 8, 10, 55, 16][1, 59, 17, 61, 60, 14, 2, 50, 13, 43][36, 45, 34, 51, 35, 57, 41, 25, 4, 53][48, 3, 29, 23, 0, 2, 14, 44, 60, 61][0, 69, 48, 39, 65, 37, 5, 32, 54, 18][5, 67, 37, 65, 54, 66, 38, 22, 33, 20][36, 45, 34, 41, 12, 4, 7, 46, 40, 47][9, 16, 26, 62, 21, 63, 24, 30, 15, 49][12, 25, 41, 35, 57, 34, 58, 45, 36, 19][1, 59, 17, 61, 60, 14, 2, 50, 13, 43][36, 45, 34, 41, 12, 4, 7, 46, 40, 47][6, 56, 28, 10, 52, 64, 58, 57, 25, 27][9, 11, 15, 30, 63, 21, 62, 24, 42, 49] 
[27, 25, 57, 58, 64, 52, 10, 28, 56, 6, 35][0, 69, 48, 39, 65, 37, 5, 32, 54, 18][48, 3, 29, 23, 0, 2, 14, 44, 60, 61][1, 59, 17, 61, 60, 14, 2, 50, 13, 43][9, 68, 59, 1, 49, 26, 8, 10, 55, 16][42, 30, 21, 24, 62, 15, 11, 31, 9, 68][36, 45, 34, 51, 35, 57, 41, 25, 4, 53][5, 67, 37, 65, 54, 66, 38, 22, 33, 20][36, 45, 34, 41, 12, 4, 7, 46, 40, 47][12, 25, 41, 35, 57, 34, 58, 45, 36, 19][9, 16, 26, 62, 21, 63, 24, 30, 15, 49][6, 56, 28, 10, 52, 64, 58, 57, 25, 27][9, 11, 15, 30, 63, 21, 62, 24, 42, 49][0, 69, 48, 39, 65, 37, 5, 32, 54, 18][5, 67, 37, 65, 54, 66, 38, 22, 33, 20] 
[27, 25, 57, 58, 64, 52, 10, 28, 56, 6, 35][0, 69, 48, 39, 65, 37, 5, 32, 54, 18][48, 3, 29, 23, 0, 2, 14, 44, 60, 61][1, 59, 17, 61, 60, 14, 2, 50, 13, 43][9, 68, 59, 1, 49, 26, 8, 10, 55, 16][42, 30, 21, 24, 62, 15, 11, 31, 9, 68][36, 45, 34, 51, 35, 57, 41, 25, 4, 53][5, 67, 37, 65, 54, 66, 38, 22, 33, 20][36, 45, 34, 41, 12, 4, 7, 46, 40, 47][12, 25, 41, 35, 57, 34, 58, 45, 36, 19][9, 16, 26, 62, 21, 63, 24, 30, 15, 49][6, 56, 28, 10, 52, 64, 58, 57, 25, 27][9, 11, 15, 30, 63, 21, 62, 24, 42, 49][0, 69, 48, 39, 65, 37, 5, 32, 54, 18][5, 67, 37, 65, 54, 66, 38, 22, 33, 20] 
[27, 25, 57, 58, 64, 52, 10, 28, 56, 6, 35][0, 69, 48, 39, 65, 37, 5, 32, 54, 18][48, 3, 29, 23, 0, 2, 14, 44, 60, 61][1, 59, 17, 61, 60, 14, 2, 50, 13, 43][9, 68, 59, 1, 49, 26, 8, 10, 55, 16][42, 30, 21, 24, 62, 15, 11, 31, 9, 68][36, 45, 34, 51, 35, 57, 41, 25, 4, 53][5, 67, 37, 65, 54, 66, 38, 22, 33, 20][36, 45, 34, 41, 12, 4, 7, 46, 40, 47][12, 25, 41, 35, 57, 34, 58, 45, 36, 19][9, 16, 26, 62, 21, 63, 24, 30, 15, 49][6, 56, 28, 10, 52, 64, 58, 57, 25, 27][9, 11, 15, 30, 63, 21, 62, 24, 42, 49][0, 69, 48, 39, 65, 37, 5, 32, 54, 18][5, 67, 37, 65, 54, 66, 38, 22, 33, 20] 
[27, 25, 57, 58, 64, 52, 10, 28, 56, 6, 35][0, 69, 48, 39, 65, 37, 5, 32, 54, 18][48, 3, 29, 23, 0, 2, 14, 44, 60, 61][1, 59, 17, 61, 60, 14, 2, 50, 13, 43][9, 68, 59, 1, 49, 26, 8, 10, 55, 16][42, 30, 21, 24, 62, 15, 11, 31, 9, 68][36, 45, 34, 51, 35, 57, 41, 25, 4, 53][5, 67, 37, 65, 54, 66, 38, 22, 33, 20][36, 45, 34, 41, 12, 4, 7, 46, 40, 47][12, 25, 41, 35, 57, 34, 58, 45, 36, 19][9, 16, 26, 62, 21, 63, 24, 30, 15, 49][6, 56, 28, 10, 52, 64, 58, 57, 25, 27][9, 11, 15, 30, 63, 21, 62, 24, 42, 49][0, 69, 48, 39, 65, 37, 5, 32, 54, 18][5, 67, 37, 65, 54, 66, 38, 22, 33, 20] 
[27, 25, 57, 58, 64, 52, 10, 28, 56, 6, 35][0, 69, 48, 39, 65, 37, 5, 32, 54, 18][48, 3, 29, 23, 0, 2, 14, 44, 60, 61][1, 59, 17, 61, 60, 14, 2, 50, 13, 43][9, 68, 59, 1, 49, 26, 8, 10, 55, 16][42, 30, 21, 24, 62, 15, 11, 31, 9, 68][36, 45, 34, 51, 35, 57, 41, 25, 4, 53][5, 67, 37, 65, 54, 66, 38, 22, 33, 20][36, 45, 34, 41, 12, 4, 7, 46, 40, 47][12, 25, 41, 35, 57, 34, 58, 45, 36, 19][9, 16, 26, 62, 21, 63, 24, 30, 15, 49][6, 56, 28, 10, 52, 64, 58, 57, 25, 27][9, 11, 15, 30, 63, 21, 62, 24, 42, 49][0, 69, 48, 39, 65, 37, 5, 32, 54, 18][5, 67, 37, 65, 54, 66, 38, 22, 33, 20] 
[27, 25, 57, 58, 64, 52, 10, 28, 56, 6, 35][5, 67, 37, 65, 54, 66, 38, 22, 33, 20][0, 69, 48, 39, 65, 37, 5, 32, 54, 18][48, 3, 29, 23, 0, 2, 14, 44, 60, 61][1, 59, 17, 61, 60, 14, 2, 50, 13, 43][9, 68, 59, 1, 49, 26, 8, 10, 55, 16][42, 30, 21, 24, 62, 15, 11, 31, 9, 68][36, 45, 34, 51, 35, 57, 41, 25, 4, 53][36, 45, 34, 41, 12, 4, 7, 46, 40, 47][12, 25, 41, 35, 57, 34, 58, 45, 36, 19][9, 11, 15, 30, 63, 21, 62, 24, 42, 49][5, 67, 37, 65, 54, 66, 38, 22, 33, 20][36, 45, 34, 41, 12, 4, 7, 46, 40, 47][6, 56, 28, 10, 52, 64, 58, 57, 25, 27][9, 16, 26, 62, 21, 63, 24, 30, 15, 49] 
[27, 25, 57, 58, 64, 52, 10, 28, 56, 6, 35][5, 67, 37, 65, 54, 66, 38, 22, 33, 20][0, 69, 48, 39, 65, 37, 5, 32, 54, 18][48, 3, 29, 23, 0, 2, 14, 44, 60, 61][1, 59, 17, 61, 60, 14, 2, 50, 13, 43][9, 68, 59, 1, 49, 26, 8, 10, 55, 16][42, 30, 21, 24, 62, 15, 11, 31, 9, 68][36, 45, 34, 51, 35, 57, 41, 25, 4, 53][36, 45, 34, 41, 12, 4, 7, 46, 40, 47][9, 16, 26, 62, 21, 63, 24, 30, 15, 49][12, 25, 41, 35, 57, 34, 58, 45, 36, 19][1, 59, 17, 61, 60, 14, 2, 50, 13, 43][6, 56, 28, 10, 52, 64, 58, 57, 25, 27][9, 11, 15, 30, 63, 21, 62, 24, 42, 49][5, 67, 37, 65, 54, 66, 38, 22, 33, 20] 
[27, 25, 57, 58, 64, 52, 10, 28, 56, 6, 35][42, 30, 21, 24, 62, 15, 11, 31, 9, 68][9, 68, 59, 1, 49, 26, 8, 10, 55, 16][1, 59, 17, 61, 60, 14, 2, 50, 13, 43][36, 45, 34, 51, 35, 57, 41, 25, 4, 53][48, 3, 29, 23, 0, 2, 14, 44, 60, 61][0, 69, 48, 39, 65, 37, 5, 32, 54, 18][5, 67, 37, 65, 54, 66, 38, 22, 33, 20][36, 45, 34, 41, 12, 4, 7, 46, 40, 47][9, 16, 26, 62, 21, 63, 24, 30, 15, 49][12, 25, 41, 35, 57, 34, 58, 45, 36, 19][1, 59, 17, 61, 60, 14, 2, 50, 13, 43][36, 45, 34, 41, 12, 4, 7, 46, 40, 47][6, 56, 28, 10, 52, 64, 58, 57, 25, 27][9, 11, 15, 30, 63, 21, 62, 24, 42, 49] 
[27, 25, 57, 58, 64, 52, 10, 28, 56, 6, 35][5, 67, 37, 65, 54, 66, 38, 22, 33, 20][0, 69, 48, 39, 65, 37, 5, 32, 54, 18][48, 3, 29, 23, 0, 2, 14, 44, 60, 61][1, 59, 17, 61, 60, 14, 2, 50, 13, 43][9, 68, 59, 1, 49, 26, 8, 10, 55, 16][42, 30, 21, 24, 62, 15, 11, 31, 9, 68][36, 45, 34, 51, 35, 57, 41, 25, 4, 53][36, 45, 34, 41, 12, 4, 7, 46, 40, 47][9, 16, 26, 62, 21, 63, 24, 30, 15, 49][12, 25, 41, 35, 57, 34, 58, 45, 36, 19][1, 59, 17, 61, 60, 14, 2, 50, 13, 43][6, 56, 28, 10, 52, 64, 58, 57, 25, 27][9, 11, 15, 30, 63, 21, 62, 24, 42, 49][5, 67, 37, 65, 54, 66, 38, 22, 33, 20] 
[27, 25, 57, 58, 64, 52, 10, 28, 56, 6, 35][5, 67, 37, 65, 54, 66, 38, 22, 33, 20][0, 69, 48, 39, 65, 37, 5, 32, 54, 18][48, 3, 29, 23, 0, 2, 14, 44, 60, 61][1, 59, 17, 61, 60, 14, 2, 50, 13, 43][9, 68, 59, 1, 49, 26, 8, 10, 55, 16][42, 30, 21, 24, 62, 15, 11, 31, 9, 68][36, 45, 34, 51, 35, 57, 41, 25, 4, 53][36, 45, 34, 41, 12, 4, 7, 46, 40, 47][9, 16, 26, 62, 21, 63, 24, 30, 15, 49][12, 25, 41, 35, 57, 34, 58, 45, 36, 19][1, 59, 17, 61, 60, 14, 2, 50, 13, 43][6, 56, 28, 10, 52, 64, 58, 57, 25, 27][9, 11, 15, 30, 63, 21, 62, 24, 42, 49][5, 67, 37, 65, 54, 66, 38, 22, 33, 20] 
[27, 25, 57, 58, 64, 52, 10, 28, 56, 6, 35][5, 67, 37, 65, 54, 66, 38, 22, 33, 20][0, 69, 48, 39, 65, 37, 5, 32, 54, 18][48, 3, 29, 23, 0, 2, 14, 44, 60, 61][1, 59, 17, 61, 60, 14, 2, 50, 13, 43][9, 68, 59, 1, 49, 26, 8, 10, 55, 16][42, 30, 21, 24, 62, 15, 11, 31, 9, 68][36, 45, 34, 51, 35, 57, 41, 25, 4, 53][36, 45, 34, 41, 12, 4, 7, 46, 40, 47][9, 16, 26, 62, 21, 63, 24, 30, 15, 49][12, 25, 41, 35, 57, 34, 58, 45, 36, 19][1, 59, 17, 61, 60, 14, 2, 50, 13, 43][6, 56, 28, 10, 52, 64, 58, 57, 25, 27][9, 11, 15, 30, 63, 21, 62, 24, 42, 49][5, 67, 37, 65, 54, 66, 38, 22, 33, 20] 
[27, 25, 57, 58, 64, 52, 10, 28, 56, 6, 35][42, 30, 21, 24, 62, 15, 11, 31, 9, 68][9, 68, 59, 1, 49, 26, 8, 10, 55, 16][1, 59, 17, 61, 60, 14, 2, 50, 13, 43][36, 45, 34, 51, 35, 57, 41, 25, 4, 53][48, 3, 29, 23, 0, 2, 14, 44, 60, 61][0, 69, 48, 39, 65, 37, 5, 32, 54, 18][5, 67, 37, 65, 54, 66, 38, 22, 33, 20][36, 45, 34, 41, 12, 4, 7, 46, 40, 47][9, 16, 26, 62, 21, 63, 24, 30, 15, 49][12, 25, 41, 35, 57, 34, 58, 45, 36, 19][1, 59, 17, 61, 60, 14, 2, 50, 13, 43][36, 45, 34, 41, 12, 4, 7, 46, 40, 47][6, 56, 28, 10, 52, 64, 58, 57, 25, 27][9, 11, 15, 30, 63, 21, 62, 24, 42, 49] 
[27, 25, 57, 58, 64, 52, 10, 28, 56, 6, 35][42, 30, 21, 24, 62, 15, 11, 31, 9, 68][9, 68, 59, 1, 49, 26, 8, 10, 55, 16][1, 59, 17, 61, 60, 14, 2, 50, 13, 43][36, 45, 34, 51, 35, 57, 41, 25, 4, 53][48, 3, 29, 23, 0, 2, 14, 44, 60, 61][0, 69, 48, 39, 65, 37, 5, 32, 54, 18][5, 67, 37, 65, 54, 66, 38, 22, 33, 20][36, 45, 34, 41, 12, 4, 7, 46, 40, 47][9, 16, 26, 62, 21, 63, 24, 30, 15, 49][12, 25, 41, 35, 57, 34, 58, 45, 36, 19][1, 59, 17, 61, 60, 14, 2, 50, 13, 43][36, 45, 34, 41, 12, 4, 7, 46, 40, 47][6, 56, 28, 10, 52, 64, 58, 57, 25, 27][9, 11, 15, 30, 63, 21, 62, 24, 42, 49] 
[27, 25, 57, 58, 64, 52, 10, 28, 56, 6, 35][0, 69, 48, 39, 65, 37, 5, 32, 54, 18][48, 3, 29, 23, 0, 2, 14, 44, 60, 61][1, 59, 17, 61, 60, 14, 2, 50, 13, 43][9, 68, 59, 1, 49, 26, 8, 10, 55, 16][42, 30, 21, 24, 62, 15, 11, 31, 9, 68][36, 45, 34, 51, 35, 57, 41, 25, 4, 53][5, 67, 37, 65, 54, 66, 38, 22, 33, 20][36, 45, 34, 41, 12, 4, 7, 46, 40, 47][12, 25, 41, 35, 57, 34, 58, 45, 36, 19][9, 16, 26, 62, 21, 63, 24, 30, 15, 49][6, 56, 28, 10, 52, 64, 58, 57, 25, 27][9, 11, 15, 30, 63, 21, 62, 24, 42, 49][0, 69, 48, 39, 65, 37, 5, 32, 54, 18][5, 67, 37, 65, 54, 66, 38, 22, 33, 20] 
[27, 25, 57, 58, 64, 52, 10, 28, 56, 6, 35][0, 69, 48, 39, 65, 37, 5, 32, 54, 18][48, 3, 29, 23, 0, 2, 14, 44, 60, 61][1, 59, 17, 61, 60, 14, 2, 50, 13, 43][9, 68, 59, 1, 49, 26, 8, 10, 55, 16][42, 30, 21, 24, 62, 15, 11, 31, 9, 68][36, 45, 34, 51, 35, 57, 41, 25, 4, 53][5, 67, 37, 65, 54, 66, 38, 22, 33, 20][36, 45, 34, 41, 12, 4, 7, 46, 40, 47][12, 25, 41, 35, 57, 34, 58, 45, 36, 19][9, 16, 26, 62, 21, 63, 24, 30, 15, 49][6, 56, 28, 10, 52, 64, 58, 57, 25, 27][9, 11, 15, 30, 63, 21, 62, 24, 42, 49][0, 69, 48, 39, 65, 37, 5, 32, 54, 18][5, 67, 37, 65, 54, 66, 38, 22, 33, 20] 
[27, 25, 57, 58, 64, 52, 10, 28, 56, 6, 35][0, 69, 48, 39, 65, 37, 5, 32, 54, 18][48, 3, 29, 23, 0, 2, 14, 44, 60, 61][1, 59, 17, 61, 60, 14, 2, 50, 13, 43][9, 68, 59, 1, 49, 26, 8, 10, 55, 16][42, 30, 21, 24, 62, 15, 11, 31, 9, 68][36, 45, 34, 51, 35, 57, 41, 25, 4, 53][5, 67, 37, 65, 54, 66, 38, 22, 33, 20][36, 45, 34, 41, 12, 4, 7, 46, 40, 47][12, 25, 41, 35, 57, 34, 58, 45, 36, 19][9, 16, 26, 62, 21, 63, 24, 30, 15, 49][6, 56, 28, 10, 52, 64, 58, 57, 25, 27][9, 11, 15, 30, 63, 21, 62, 24, 42, 49][0, 69, 48, 39, 65, 37, 5, 32, 54, 18][5, 67, 37, 65, 54, 66, 38, 22, 33, 20] 
[27, 25, 57, 58, 64, 52, 10, 28, 56, 6, 35][0, 69, 48, 39, 65, 37, 5, 32, 54, 18][48, 3, 29, 23, 0, 2, 14, 44, 60, 61][1, 59, 17, 61, 60, 14, 2, 50, 13, 43][9, 68, 59, 1, 49, 26, 8, 10, 55, 16][42, 30, 21, 24, 62, 15, 11, 31, 9, 68][36, 45, 34, 51, 35, 57, 41, 25, 4, 53][5, 67, 37, 65, 54, 66, 38, 22, 33, 20][36, 45, 34, 41, 12, 4, 7, 46, 40, 47][12, 25, 41, 35, 57, 34, 58, 45, 36, 19][9, 16, 26, 62, 21, 63, 24, 30, 15, 49][6, 56, 28, 10, 52, 64, 58, 57, 25, 27][9, 11, 15, 30, 63, 21, 62, 24, 42, 49][0, 69, 48, 39, 65, 37, 5, 32, 54, 18][5, 67, 37, 65, 54, 66, 38, 22, 33, 20] 
[27, 25, 57, 58, 64, 52, 10, 28, 56, 6, 35][0, 69, 48, 39, 65, 37, 5, 32, 54, 18][48, 3, 29, 23, 0, 2, 14, 44, 60, 61][1, 59, 17, 61, 60, 14, 2, 50, 13, 43][9, 68, 59, 1, 49, 26, 8, 10, 55, 16][42, 30, 21, 24, 62, 15, 11, 31, 9, 68][36, 45, 34, 51, 35, 57, 41, 25, 4, 53][5, 67, 37, 65, 54, 66, 38, 22, 33, 20][36, 45, 34, 41, 12, 4, 7, 46, 40, 47][12, 25, 41, 35, 57, 34, 58, 45, 36, 19][9, 16, 26, 62, 21, 63, 24, 30, 15, 49][6, 56, 28, 10, 52, 64, 58, 57, 25, 27][9, 11, 15, 30, 63, 21, 62, 24, 42, 49][0, 69, 48, 39, 65, 37, 5, 32, 54, 18][5, 67, 37, 65, 54, 66, 38, 22, 33, 20] 
[27, 25, 57, 58, 64, 52, 10, 28, 56, 6, 35][0, 69, 48, 39, 65, 37, 5, 32, 54, 18][48, 3, 29, 23, 0, 2, 14, 44, 60, 61][1, 59, 17, 61, 60, 14, 2, 50, 13, 43][9, 68, 59, 1, 49, 26, 8, 10, 55, 16][42, 30, 21, 24, 62, 15, 11, 31, 9, 68][36, 45, 34, 51, 35, 57, 41, 25, 4, 53][5, 67, 37, 65, 54, 66, 38, 22, 33, 20][36, 45, 34, 41, 12, 4, 7, 46, 40, 47][12, 25, 41, 35, 57, 34, 58, 45, 36, 19][9, 16, 26, 62, 21, 63, 24, 30, 15, 49][6, 56, 28, 10, 52, 64, 58, 57, 25, 27][9, 11, 15, 30, 63, 21, 62, 24, 42, 49][0, 69, 48, 39, 65, 37, 5, 32, 54, 18][5, 67, 37, 65, 54, 66, 38, 22, 33, 20] 
[27, 25, 57, 58, 64, 52, 10, 28, 56, 6, 35][0, 69, 48, 39, 65, 37, 5, 32, 54, 18][48, 3, 29, 23, 0, 2, 14, 44, 60, 61][1, 59, 17, 61, 60, 14, 2, 50, 13, 43][9, 68, 59, 1, 49, 26, 8, 10, 55, 16][42, 30, 21, 24, 62, 15, 11, 31, 9, 68][36, 45, 34, 51, 35, 57, 41, 25, 4, 53][5, 67, 37, 65, 54, 66, 38, 22, 33, 20][36, 45, 34, 41, 12, 4, 7, 46, 40, 47][12, 25, 41, 35, 57, 34, 58, 45, 36, 19][9, 16, 26, 62, 21, 63, 24, 30, 15, 49][6, 56, 28, 10, 52, 64, 58, 57, 25, 27][9, 11, 15, 30, 63, 21, 62, 24, 42, 49][0, 69, 48, 39, 65, 37, 5, 32, 54, 18][5, 67, 37, 65, 54, 66, 38, 22, 33, 20] 
[27, 25, 57, 58, 64, 52, 10, 28, 56, 6, 35][0, 69, 48, 39, 65, 37, 5, 32, 54, 18][48, 3, 29, 23, 0, 2, 14, 44, 60, 61][1, 59, 17, 61, 60, 14, 2, 50, 13, 43][9, 68, 59, 1, 49, 26, 8, 10, 55, 16][42, 30, 21, 24, 62, 15, 11, 31, 9, 68][36, 45, 34, 51, 35, 57, 41, 25, 4, 53][5, 67, 37, 65, 54, 66, 38, 22, 33, 20][36, 45, 34, 41, 12, 4, 7, 46, 40, 47][12, 25, 41, 35, 57, 34, 58, 45, 36, 19][9, 16, 26, 62, 21, 63, 24, 30, 15, 49][6, 56, 28, 10, 52, 64, 58, 57, 25, 27][9, 11, 15, 30, 63, 21, 62, 24, 42, 49][0, 69, 48, 39, 65, 37, 5, 32, 54, 18][5, 67, 37, 65, 54, 66, 38, 22, 33, 20] 
[27, 25, 57, 58, 64, 52, 10, 28, 56, 6, 35][0, 69, 48, 39, 65, 37, 5, 32, 54, 18][48, 3, 29, 23, 0, 2, 14, 44, 60, 61][1, 59, 17, 61, 60, 14, 2, 50, 13, 43][9, 68, 59, 1, 49, 26, 8, 10, 55, 16][42, 30, 21, 24, 62, 15, 11, 31, 9, 68][36, 45, 34, 51, 35, 57, 41, 25, 4, 53][5, 67, 37, 65, 54, 66, 38, 22, 33, 20][36, 45, 34, 41, 12, 4, 7, 46, 40, 47][12, 25, 41, 35, 57, 34, 58, 45, 36, 19][9, 16, 26, 62, 21, 63, 24, 30, 15, 49][6, 56, 28, 10, 52, 64, 58, 57, 25, 27][9, 11, 15, 30, 63, 21, 62, 24, 42, 49][0, 69, 48, 39, 65, 37, 5, 32, 54, 18][5, 67, 37, 65, 54, 66, 38, 22, 33, 20] 
[27, 25, 57, 58, 64, 52, 10, 28, 56, 6, 35][0, 69, 48, 39, 65, 37, 5, 32, 54, 18][48, 3, 29, 23, 0, 2, 14, 44, 60, 61][1, 59, 17, 61, 60, 14, 2, 50, 13, 43][9, 68, 59, 1, 49, 26, 8, 10, 55, 16][42, 30, 21, 24, 62, 15, 11, 31, 9, 68][36, 45, 34, 51, 35, 57, 41, 25, 4, 53][5, 67, 37, 65, 54, 66, 38, 22, 33, 20][36, 45, 34, 41, 12, 4, 7, 46, 40, 47][12, 25, 41, 35, 57, 34, 58, 45, 36, 19][9, 16, 26, 62, 21, 63, 24, 30, 15, 49][6, 56, 28, 10, 52, 64, 58, 57, 25, 27][9, 11, 15, 30, 63, 21, 62, 24, 42, 49][0, 69, 48, 39, 65, 37, 5, 32, 54, 18][5, 67, 37, 65, 54, 66, 38, 22, 33, 20] 
[27, 25, 57, 58, 64, 52, 10, 28, 56, 6, 35][0, 69, 48, 39, 65, 37, 5, 32, 54, 18][48, 3, 29, 23, 0, 2, 14, 44, 60, 61][1, 59, 17, 61, 60, 14, 2, 50, 13, 43][9, 68, 59, 1, 49, 26, 8, 10, 55, 16][42, 30, 21, 24, 62, 15, 11, 31, 9, 68][36, 45, 34, 51, 35, 57, 41, 25, 4, 53][5, 67, 37, 65, 54, 66, 38, 22, 33, 20][36, 45, 34, 41, 12, 4, 7, 46, 40, 47][12, 25, 41, 35, 57, 34, 58, 45, 36, 19][9, 16, 26, 62, 21, 63, 24, 30, 15, 49][6, 56, 28, 10, 52, 64, 58, 57, 25, 27][9, 11, 15, 30, 63, 21, 62, 24, 42, 49][0, 69, 48, 39, 65, 37, 5, 32, 54, 18][5, 67, 37, 65, 54, 66, 38, 22, 33, 20] 
[27, 25, 57, 58, 64, 52, 10, 28, 56, 6, 35][0, 69, 48, 39, 65, 37, 5, 32, 54, 18][48, 3, 29, 23, 0, 2, 14, 44, 60, 61][1, 59, 17, 61, 60, 14, 2, 50, 13, 43][9, 68, 59, 1, 49, 26, 8, 10, 55, 16][42, 30, 21, 24, 62, 15, 11, 31, 9, 68][36, 45, 34, 51, 35, 57, 41, 25, 4, 53][5, 67, 37, 65, 54, 66, 38, 22, 33, 20][36, 45, 34, 41, 12, 4, 7, 46, 40, 47][12, 25, 41, 35, 57, 34, 58, 45, 36, 19][9, 16, 26, 62, 21, 63, 24, 30, 15, 49][6, 56, 28, 10, 52, 64, 58, 57, 25, 27][9, 11, 15, 30, 63, 21, 62, 24, 42, 49][0, 69, 48, 39, 65, 37, 5, 32, 54, 18][5, 67, 37, 65, 54, 66, 38, 22, 33, 20] 
[27, 25, 57, 58, 64, 52, 10, 28, 56, 6, 35][0, 69, 48, 39, 65, 37, 5, 32, 54, 18][48, 3, 29, 23, 0, 2, 14, 44, 60, 61][1, 59, 17, 61, 60, 14, 2, 50, 13, 43][9, 68, 59, 1, 49, 26, 8, 10, 55, 16][42, 30, 21, 24, 62, 15, 11, 31, 9, 68][36, 45, 34, 51, 35, 57, 41, 25, 4, 53][5, 67, 37, 65, 54, 66, 38, 22, 33, 20][36, 45, 34, 41, 12, 4, 7, 46, 40, 47][12, 25, 41, 35, 57, 34, 58, 45, 36, 19][9, 16, 26, 62, 21, 63, 24, 30, 15, 49][6, 56, 28, 10, 52, 64, 58, 57, 25, 27][9, 11, 15, 30, 63, 21, 62, 24, 42, 49][0, 69, 48, 39, 65, 37, 5, 32, 54, 18][5, 67, 37, 65, 54, 66, 38, 22, 33, 20] 
[27, 25, 57, 58, 64, 52, 10, 28, 56, 6, 35][0, 69, 48, 39, 65, 37, 5, 32, 54, 18][48, 3, 29, 23, 0, 2, 14, 44, 60, 61][1, 59, 17, 61, 60, 14, 2, 50, 13, 43][9, 68, 59, 1, 49, 26, 8, 10, 55, 16][42, 30, 21, 24, 62, 15, 11, 31, 9, 68][36, 45, 34, 51, 35, 57, 41, 25, 4, 53][5, 67, 37, 65, 54, 66, 38, 22, 33, 20][36, 45, 34, 41, 12, 4, 7, 46, 40, 47][12, 25, 41, 35, 57, 34, 58, 45, 36, 19][9, 16, 26, 62, 21, 63, 24, 30, 15, 49][6, 56, 28, 10, 52, 64, 58, 57, 25, 27][9, 11, 15, 30, 63, 21, 62, 24, 42, 49][0, 69, 48, 39, 65, 37, 5, 32, 54, 18][5, 67, 37, 65, 54, 66, 38, 22, 33, 20] 
[27, 25, 57, 58, 64, 52, 10, 28, 56, 6, 35][0, 69, 48, 39, 65, 37, 5, 32, 54, 18][48, 3, 29, 23, 0, 2, 14, 44, 60, 61][1, 59, 17, 61, 60, 14, 2, 50, 13, 43][9, 68, 59, 1, 49, 26, 8, 10, 55, 16][42, 30, 21, 24, 62, 15, 11, 31, 9, 68][36, 45, 34, 51, 35, 57, 41, 25, 4, 53][5, 67, 37, 65, 54, 66, 38, 22, 33, 20][36, 45, 34, 41, 12, 4, 7, 46, 40, 47][12, 25, 41, 35, 57, 34, 58, 45, 36, 19][9, 16, 26, 62, 21, 63, 24, 30, 15, 49][6, 56, 28, 10, 52, 64, 58, 57, 25, 27][9, 11, 15, 30, 63, 21, 62, 24, 42, 49][0, 69, 48, 39, 65, 37, 5, 32, 54, 18][5, 67, 37, 65, 54, 66, 38, 22, 33, 20] 
[27, 25, 57, 58, 64, 52, 10, 28, 56, 6, 35][5, 67, 37, 65, 54, 66, 38, 22, 33, 20][0, 69, 48, 39, 65, 37, 5, 32, 54, 18][48, 3, 29, 23, 0, 2, 14, 44, 60, 61][1, 59, 17, 61, 60, 14, 2, 50, 13, 43][9, 68, 59, 1, 49, 26, 8, 10, 55, 16][42, 30, 21, 24, 62, 15, 11, 31, 9, 68][36, 45, 34, 51, 35, 57, 41, 25, 4, 53][36, 45, 34, 41, 12, 4, 7, 46, 40, 47][12, 25, 41, 35, 57, 34, 58, 45, 36, 19][9, 11, 15, 30, 63, 21, 62, 24, 42, 49][5, 67, 37, 65, 54, 66, 38, 22, 33, 20][36, 45, 34, 41, 12, 4, 7, 46, 40, 47][6, 56, 28, 10, 52, 64, 58, 57, 25, 27][9, 16, 26, 62, 21, 63, 24, 30, 15, 49] 
[27, 25, 57, 58, 64, 52, 10, 28, 56, 6, 35][5, 67, 37, 65, 54, 66, 38, 22, 33, 20][0, 69, 48, 39, 65, 37, 5, 32, 54, 18][48, 3, 29, 23, 0, 2, 14, 44, 60, 61][1, 59, 17, 61, 60, 14, 2, 50, 13, 43][9, 68, 59, 1, 49, 26, 8, 10, 55, 16][42, 30, 21, 24, 62, 15, 11, 31, 9, 68][36, 45, 34, 51, 35, 57, 41, 25, 4, 53][36, 45, 34, 41, 12, 4, 7, 46, 40, 47][12, 25, 41, 35, 57, 34, 58, 45, 36, 19][9, 11, 15, 30, 63, 21, 62, 24, 42, 49][5, 67, 37, 65, 54, 66, 38, 22, 33, 20][36, 45, 34, 41, 12, 4, 7, 46, 40, 47][6, 56, 28, 10, 52, 64, 58, 57, 25, 27][9, 16, 26, 62, 21, 63, 24, 30, 15, 49] 
[27, 25, 57, 58, 64, 52, 10, 28, 56, 6, 35][5, 67, 37, 65, 54, 66, 38, 22, 33, 20][0, 69, 48, 39, 65, 37, 5, 32, 54, 18][48, 3, 29, 23, 0, 2, 14, 44, 60, 61][1, 59, 17, 61, 60, 14, 2, 50, 13, 43][9, 68, 59, 1, 49, 26, 8, 10, 55, 16][42, 30, 21, 24, 62, 15, 11, 31, 9, 68][36, 45, 34, 51, 35, 57, 41, 25, 4, 53][36, 45, 34, 41, 12, 4, 7, 46, 40, 47][12, 25, 41, 35, 57, 34, 58, 45, 36, 19][9, 11, 15, 30, 63, 21, 62, 24, 42, 49][5, 67, 37, 65, 54, 66, 38, 22, 33, 20][36, 45, 34, 41, 12, 4, 7, 46, 40, 47][6, 56, 28, 10, 52, 64, 58, 57, 25, 27][9, 16, 26, 62, 21, 63, 24, 30, 15, 49] 
[27, 25, 57, 58, 64, 52, 10, 28, 56, 6, 35][5, 67, 37, 65, 54, 66, 38, 22, 33, 20][0, 69, 48, 39, 65, 37, 5, 32, 54, 18][48, 3, 29, 23, 0, 2, 14, 44, 60, 61][1, 59, 17, 61, 60, 14, 2, 50, 13, 43][9, 68, 59, 1, 49, 26, 8, 10, 55, 16][42, 30, 21, 24, 62, 15, 11, 31, 9, 68][36, 45, 34, 51, 35, 57, 41, 25, 4, 53][36, 45, 34, 41, 12, 4, 7, 46, 40, 47][12, 25, 41, 35, 57, 34, 58, 45, 36, 19][9, 11, 15, 30, 63, 21, 62, 24, 42, 49][5, 67, 37, 65, 54, 66, 38, 22, 33, 20][36, 45, 34, 41, 12, 4, 7, 46, 40, 47][6, 56, 28, 10, 52, 64, 58, 57, 25, 27][9, 16, 26, 62, 21, 63, 24, 30, 15, 49] 
[27, 25, 57, 58, 64, 52, 10, 28, 56, 6, 35][5, 67, 37, 65, 54, 66, 38, 22, 33, 20][0, 69, 48, 39, 65, 37, 5, 32, 54, 18][48, 3, 29, 23, 0, 2, 14, 44, 60, 61][1, 59, 17, 61, 60, 14, 2, 50, 13, 43][9, 68, 59, 1, 49, 26, 8, 10, 55, 16][42, 30, 21, 24, 62, 15, 11, 31, 9, 68][36, 45, 34, 51, 35, 57, 41, 25, 4, 53][36, 45, 34, 41, 12, 4, 7, 46, 40, 47][12, 25, 41, 35, 57, 34, 58, 45, 36, 19][9, 11, 15, 30, 63, 21, 62, 24, 42, 49][5, 67, 37, 65, 54, 66, 38, 22, 33, 20][36, 45, 34, 41, 12, 4, 7, 46, 40, 47][6, 56, 28, 10, 52, 64, 58, 57, 25, 27][9, 16, 26, 62, 21, 63, 24, 30, 15, 49] 
[27, 25, 57, 58, 64, 52, 10, 28, 56, 6, 35][1, 59, 17, 61, 60, 14, 2, 50, 13, 43][9, 68, 59, 1, 49, 26, 8, 10, 55, 16][9, 11, 15, 30, 63, 21, 62, 24, 42, 49][36, 45, 34, 51, 35, 57, 41, 25, 4, 53][48, 3, 29, 23, 0, 2, 14, 44, 60, 61][0, 69, 48, 39, 65, 37, 5, 32, 54, 18][5, 67, 37, 65, 54, 66, 38, 22, 33, 20][36, 45, 34, 41, 12, 4, 7, 46, 40, 47][12, 25, 41, 35, 57, 34, 58, 45, 36, 19][42, 30, 21, 24, 62, 15, 11, 31, 9, 68][5, 67, 37, 65, 54, 66, 38, 22, 33, 20][6, 56, 28, 10, 52, 64, 58, 57, 25, 27][9, 11, 15, 30, 63, 21, 62, 24, 42, 49][9, 16, 26, 62, 21, 63, 24, 30, 15, 49] 
[27, 25, 57, 58, 64, 52, 10, 28, 56, 6, 35][42, 30, 21, 24, 62, 15, 11, 31, 9, 68][9, 68, 59, 1, 49, 26, 8, 10, 55, 16][1, 59, 17, 61, 60, 14, 2, 50, 13, 43][36, 45, 34, 51, 35, 57, 41, 25, 4, 53][48, 3, 29, 23, 0, 2, 14, 44, 60, 61][0, 69, 48, 39, 65, 37, 5, 32, 54, 18][5, 67, 37, 65, 54, 66, 38, 22, 33, 20][36, 45, 34, 41, 12, 4, 7, 46, 40, 47][9, 16, 26, 62, 21, 63, 24, 30, 15, 49][12, 25, 41, 35, 57, 34, 58, 45, 36, 19][1, 59, 17, 61, 60, 14, 2, 50, 13, 43][36, 45, 34, 41, 12, 4, 7, 46, 40, 47][6, 56, 28, 10, 52, 64, 58, 57, 25, 27][9, 11, 15, 30, 63, 21, 62, 24, 42, 49] 
[27, 25, 57, 58, 64, 52, 10, 28, 56, 6, 35][5, 67, 37, 65, 54, 66, 38, 22, 33, 20][0, 69, 48, 39, 65, 37, 5, 32, 54, 18][48, 3, 29, 23, 0, 2, 14, 44, 60, 61][1, 59, 17, 61, 60, 14, 2, 50, 13, 43][9, 68, 59, 1, 49, 26, 8, 10, 55, 16][42, 30, 21, 24, 62, 15, 11, 31, 9, 68][36, 45, 34, 51, 35, 57, 41, 25, 4, 53][36, 45, 34, 41, 12, 4, 7, 46, 40, 47][9, 16, 26, 62, 21, 63, 24, 30, 15, 49][12, 25, 41, 35, 57, 34, 58, 45, 36, 19][1, 59, 17, 61, 60, 14, 2, 50, 13, 43][6, 56, 28, 10, 52, 64, 58, 57, 25, 27][9, 11, 15, 30, 63, 21, 62, 24, 42, 49][5, 67, 37, 65, 54, 66, 38, 22, 33, 20] 
[27, 25, 57, 58, 64, 52, 10, 28, 56, 6, 35][5, 67, 37, 65, 54, 66, 38, 22, 33, 20][0, 69, 48, 39, 65, 37, 5, 32, 54, 18][48, 3, 29, 23, 0, 2, 14, 44, 60, 61][1, 59, 17, 61, 60, 14, 2, 50, 13, 43][9, 68, 59, 1, 49, 26, 8, 10, 55, 16][42, 30, 21, 24, 62, 15, 11, 31, 9, 68][36, 45, 34, 51, 35, 57, 41, 25, 4, 53][36, 45, 34, 41, 12, 4, 7, 46, 40, 47][9, 16, 26, 62, 21, 63, 24, 30, 15, 49][12, 25, 41, 35, 57, 34, 58, 45, 36, 19][1, 59, 17, 61, 60, 14, 2, 50, 13, 43][6, 56, 28, 10, 52, 64, 58, 57, 25, 27][9, 11, 15, 30, 63, 21, 62, 24, 42, 49][5, 67, 37, 65, 54, 66, 38, 22, 33, 20] 
[27, 25, 57, 58, 64, 52, 10, 28, 56, 6, 35][42, 30, 21, 24, 62, 15, 11, 31, 9, 68][9, 68, 59, 1, 49, 26, 8, 10, 55, 16][1, 59, 17, 61, 60, 14, 2, 50, 13, 43][36, 45, 34, 51, 35, 57, 41, 25, 4, 53][48, 3, 29, 23, 0, 2, 14, 44, 60, 61][0, 69, 48, 39, 65, 37, 5, 32, 54, 18][5, 67, 37, 65, 54, 66, 38, 22, 33, 20][36, 45, 34, 41, 12, 4, 7, 46, 40, 47][9, 16, 26, 62, 21, 63, 24, 30, 15, 49][12, 25, 41, 35, 57, 34, 58, 45, 36, 19][1, 59, 17, 61, 60, 14, 2, 50, 13, 43][36, 45, 34, 41, 12, 4, 7, 46, 40, 47][6, 56, 28, 10, 52, 64, 58, 57, 25, 27][9, 11, 15, 30, 63, 21, 62, 24, 42, 49] 
[27, 25, 57, 58, 64, 52, 10, 28, 56, 6, 35][5, 67, 37, 65, 54, 66, 38, 22, 33, 20][0, 69, 48, 39, 65, 37, 5, 32, 54, 18][48, 3, 29, 23, 0, 2, 14, 44, 60, 61][1, 59, 17, 61, 60, 14, 2, 50, 13, 43][9, 68, 59, 1, 49, 26, 8, 10, 55, 16][42, 30, 21, 24, 62, 15, 11, 31, 9, 68][36, 45, 34, 51, 35, 57, 41, 25, 4, 53][36, 45, 34, 41, 12, 4, 7, 46, 40, 47][9, 16, 26, 62, 21, 63, 24, 30, 15, 49][12, 25, 41, 35, 57, 34, 58, 45, 36, 19][1, 59, 17, 61, 60, 14, 2, 50, 13, 43][6, 56, 28, 10, 52, 64, 58, 57, 25, 27][9, 11, 15, 30, 63, 21, 62, 24, 42, 49][5, 67, 37, 65, 54, 66, 38, 22, 33, 20] 
[27, 25, 57, 58, 64, 52, 10, 28, 56, 6, 35][0, 69, 48, 39, 65, 37, 5, 32, 54, 18][48, 3, 29, 23, 0, 2, 14, 44, 60, 61][1, 59, 17, 61, 60, 14, 2, 50, 13, 43][9, 68, 59, 1, 49, 26, 8, 10, 55, 16][42, 30, 21, 24, 62, 15, 11, 31, 9, 68][36, 45, 34, 51, 35, 57, 41, 25, 4, 53][5, 67, 37, 65, 54, 66, 38, 22, 33, 20][36, 45, 34, 41, 12, 4, 7, 46, 40, 47][12, 25, 41, 35, 57, 34, 58, 45, 36, 19][9, 16, 26, 62, 21, 63, 24, 30, 15, 49][6, 56, 28, 10, 52, 64, 58, 57, 25, 27][9, 11, 15, 30, 63, 21, 62, 24, 42, 49][0, 69, 48, 39, 65, 37, 5, 32, 54, 18][5, 67, 37, 65, 54, 66, 38, 22, 33, 20] 
[27, 25, 57, 58, 64, 52, 10, 28, 56, 6, 35][5, 67, 37, 65, 54, 66, 38, 22, 33, 20][0, 69, 48, 39, 65, 37, 5, 32, 54, 18][48, 3, 29, 23, 0, 2, 14, 44, 60, 61][1, 59, 17, 61, 60, 14, 2, 50, 13, 43][9, 68, 59, 1, 49, 26, 8, 10, 55, 16][42, 30, 21, 24, 62, 15, 11, 31, 9, 68][36, 45, 34, 51, 35, 57, 41, 25, 4, 53][36, 45, 34, 41, 12, 4, 7, 46, 40, 47][9, 16, 26, 62, 21, 63, 24, 30, 15, 49][12, 25, 41, 35, 57, 34, 58, 45, 36, 19][1, 59, 17, 61, 60, 14, 2, 50, 13, 43][6, 56, 28, 10, 52, 64, 58, 57, 25, 27][9, 11, 15, 30, 63, 21, 62, 24, 42, 49][5, 67, 37, 65, 54, 66, 38, 22, 33, 20] 
