27585.0 11113.470761852059 0.11946050096339114 0.5728965960179833 32.0 70.0 0.3176470588235294 
30365.0 11802.139037433155 0.10725754656390495 0.548490687219011 30.0 68.0 0.0 
44320.0 10421.156896756214 0.22029543994861914 0.35067437379576105 54.0 64.0 0.0 
43440.0 10685.499259512419 0.22157996146435452 0.35067437379576105 51.0 63.0 0.0 
26370.0 11933.17674398488 0.14129736673089274 0.5934489402697495 24.0 68.0 0.0 
26370.0 11933.17674398488 0.14129736673089274 0.5934489402697495 24.0 68.0 0.0 
30515.0 12013.677498971618 0.1252408477842004 0.5478484264611432 26.0 68.0 0.0 
28065.0 11925.82417582418 0.07642903018625562 0.5928066795118818 24.0 76.0 1.6 
26370.0 11933.17674398488 0.14129736673089274 0.5934489402697495 24.0 68.0 0.0 
25140.0 12012.621089711685 0.06486833654463713 0.6043673731535003 23.0 69.0 0.0 
27585.0 11113.470761852059 0.11946050096339114 0.5728965960179833 32.0 70.0 0.3176470588235294 
30365.0 11802.139037433155 0.10725754656390495 0.548490687219011 30.0 68.0 0.0 
45780.0 11862.504998000803 0.26396917148362237 0.3917790622992935 42.0 66.0 0.0 
29120.0 11902.86499215071 0.08092485549132948 0.5863840719332049 24.0 77.0 1.5272727272727273 
26370.0 11933.17674398488 0.14129736673089274 0.5934489402697495 24.0 68.0 0.0 
28065.0 11925.82417582418 0.07642903018625562 0.5928066795118818 24.0 76.0 1.6 
29010.0 10380.323640865812 0.09633911368015415 0.5632626846499679 33.0 76.0 1.32 
30365.0 11802.139037433155 0.10725754656390495 0.548490687219011 30.0 68.0 0.0 
29120.0 11902.86499215071 0.08092485549132948 0.5863840719332049 24.0 77.0 1.5272727272727273 
30205.0 10757.942482698134 0.09569685292228645 0.5459216441875402 34.0 82.0 1.32 
27585.0 11113.470761852059 0.11946050096339114 0.5728965960179833 32.0 70.0 0.3176470588235294 
30365.0 11802.139037433155 0.10725754656390495 0.548490687219011 30.0 68.0 0.0 
43440.0 10685.499259512419 0.22157996146435452 0.35067437379576105 51.0 63.0 0.0 
29120.0 11902.86499215071 0.08092485549132948 0.5863840719332049 24.0 77.0 1.5272727272727273 
26370.0 11933.17674398488 0.14129736673089274 0.5934489402697495 24.0 68.0 0.0 
28065.0 11925.82417582418 0.07642903018625562 0.5928066795118818 24.0 76.0 1.6 
29010.0 10380.323640865812 0.09633911368015415 0.5632626846499679 33.0 76.0 1.32 
30365.0 11802.139037433155 0.10725754656390495 0.548490687219011 30.0 68.0 0.0 
29120.0 11902.86499215071 0.08092485549132948 0.5863840719332049 24.0 77.0 1.5272727272727273 
29010.0 10380.323640865812 0.09633911368015415 0.5632626846499679 33.0 76.0 1.32 
29010.0 10380.323640865812 0.09633911368015415 0.5632626846499679 33.0 76.0 1.32 
30365.0 11802.139037433155 0.10725754656390495 0.548490687219011 30.0 68.0 0.0 
29120.0 11902.86499215071 0.08092485549132948 0.5863840719332049 24.0 77.0 1.5272727272727273 
29010.0 10380.323640865812 0.09633911368015415 0.5632626846499679 33.0 76.0 1.32 
29010.0 10380.323640865812 0.09633911368015415 0.5632626846499679 33.0 76.0 1.32 
126665.0 5315.938597321076 0.17533718689788053 0.03789338471419396 143.0 95.0 3.0 
126665.0 5315.938597321076 0.17533718689788053 0.03789338471419396 143.0 89.0 4.0 
126665.0 5315.938597321076 0.17533718689788053 0.03789338471419396 143.0 83.0 3.0 
126665.0 5429.95351546929 0.17533718689788053 0.03789338471419396 143.0 104.0 2.5434782608695654 
126665.0 5362.029734444822 0.17533718689788053 0.03789338471419396 143.0 92.0 3.108695652173913 
126665.0 5362.029734444822 0.17533718689788053 0.03789338471419396 143.0 92.0 3.108695652173913 
126665.0 5315.938597321076 0.17533718689788053 0.03789338471419396 143.0 95.0 3.0 
126665.0 5340.080030992725 0.17533718689788053 0.03789338471419396 143.0 89.0 3.0869565217391304 
126665.0 5315.938597321076 0.17533718689788053 0.03789338471419396 143.0 89.0 4.0 
126665.0 5315.938597321076 0.17533718689788053 0.03789338471419396 143.0 89.0 4.0 
126665.0 5315.938597321076 0.17533718689788053 0.03789338471419396 143.0 95.0 3.0 
126665.0 5315.938597321076 0.17533718689788053 0.03789338471419396 143.0 89.0 4.0 
126665.0 5315.938597321076 0.17533718689788053 0.03789338471419396 143.0 89.0 4.0 
126665.0 5315.938597321076 0.17533718689788053 0.03789338471419396 143.0 89.0 4.0 
126665.0 5315.938597321076 0.17533718689788053 0.03789338471419396 143.0 89.0 4.0 
126665.0 5315.938597321076 0.17533718689788053 0.03789338471419396 143.0 95.0 3.0 
126665.0 5315.938597321076 0.17533718689788053 0.03789338471419396 143.0 83.0 3.0 
126665.0 5315.938597321076 0.17533718689788053 0.03789338471419396 143.0 95.0 3.0 
126665.0 5315.938597321076 0.17533718689788053 0.03789338471419396 143.0 89.0 4.0 
126665.0 5315.938597321076 0.17533718689788053 0.03789338471419396 143.0 83.0 3.0 
126665.0 5315.938597321076 0.17533718689788053 0.03789338471419396 143.0 83.0 3.0 
24885.0 12070.98546614676 0.06037251123956326 0.6107899807321773 23.0 68.0 0.0 
24885.0 12070.98546614676 0.06037251123956326 0.6107899807321773 23.0 68.0 0.0 
24885.0 12070.98546614676 0.06037251123956326 0.6107899807321773 23.0 68.0 0.0 
24885.0 12070.98546614676 0.06037251123956326 0.6107899807321773 23.0 68.0 0.0 
24885.0 12070.98546614676 0.06037251123956326 0.6107899807321773 23.0 68.0 0.0 
24885.0 12070.98546614676 0.06037251123956326 0.6107899807321773 23.0 68.0 0.0 
24885.0 12070.98546614676 0.06037251123956326 0.6107899807321773 23.0 68.0 0.0 
24885.0 12070.98546614676 0.06037251123956326 0.6107899807321773 23.0 68.0 0.0 
24885.0 12070.98546614676 0.06037251123956326 0.6107899807321773 23.0 68.0 0.0 
24885.0 12070.98546614676 0.06037251123956326 0.6107899807321773 23.0 68.0 0.0 
24885.0 12070.98546614676 0.06037251123956326 0.6107899807321773 23.0 68.0 0.0 
24885.0 12070.98546614676 0.06037251123956326 0.6107899807321773 23.0 68.0 0.0 
24885.0 12070.98546614676 0.06037251123956326 0.6107899807321773 23.0 68.0 0.0 
24885.0 12070.98546614676 0.06037251123956326 0.6107899807321773 23.0 68.0 0.0 
24885.0 12070.98546614676 0.06037251123956326 0.6107899807321773 23.0 68.0 0.0 
29010.0 10380.323640865812 0.09633911368015415 0.5632626846499679 33.0 76.0 1.32 
29010.0 10380.323640865812 0.09633911368015415 0.5632626846499679 33.0 76.0 1.32 
29010.0 10380.323640865812 0.09633911368015415 0.5632626846499679 33.0 76.0 1.32 
29010.0 10380.323640865812 0.09633911368015415 0.5632626846499679 33.0 76.0 1.32 
29010.0 10380.323640865812 0.09633911368015415 0.5632626846499679 33.0 76.0 1.32 
31145.0 10198.717948717946 0.10982658959537572 0.552344251766217 36.0 77.0 1.32 
24885.0 12070.98546614676 0.06037251123956326 0.6107899807321773 23.0 68.0 0.0 
24885.0 12070.98546614676 0.06037251123956326 0.6107899807321773 23.0 68.0 0.0 
24885.0 12070.98546614676 0.06037251123956326 0.6107899807321773 23.0 68.0 0.0 
24885.0 12070.98546614676 0.06037251123956326 0.6107899807321773 23.0 68.0 0.0 
24885.0 12070.98546614676 0.06037251123956326 0.6107899807321773 23.0 68.0 0.0 
27585.0 11113.470761852059 0.11946050096339114 0.5728965960179833 32.0 70.0 0.3176470588235294 
24885.0 12070.98546614676 0.06037251123956326 0.6107899807321773 23.0 68.0 0.0 
29010.0 10380.323640865812 0.09633911368015415 0.5632626846499679 33.0 76.0 1.32 
29010.0 10380.323640865812 0.09633911368015415 0.5632626846499679 33.0 76.0 1.32 
29010.0 10380.323640865812 0.09633911368015415 0.5632626846499679 33.0 76.0 1.32 
29010.0 10380.323640865812 0.09633911368015415 0.5632626846499679 33.0 76.0 1.32 
29010.0 10380.323640865812 0.09633911368015415 0.5632626846499679 33.0 76.0 1.32 
29010.0 10380.323640865812 0.09633911368015415 0.5632626846499679 33.0 76.0 1.32 
29010.0 10380.323640865812 0.09633911368015415 0.5632626846499679 33.0 76.0 1.32 
29010.0 10380.323640865812 0.09633911368015415 0.5632626846499679 33.0 76.0 1.32 
29010.0 10380.323640865812 0.09633911368015415 0.5632626846499679 33.0 76.0 1.32 
29010.0 10380.323640865812 0.09633911368015415 0.5632626846499679 33.0 76.0 1.32 
29010.0 10380.323640865812 0.09633911368015415 0.5632626846499679 33.0 76.0 1.32 
29010.0 10380.323640865812 0.09633911368015415 0.5632626846499679 33.0 76.0 1.32 
29010.0 10380.323640865812 0.09633911368015415 0.5632626846499679 33.0 76.0 1.32 
29010.0 10380.323640865812 0.09633911368015415 0.5632626846499679 33.0 76.0 1.32 
29010.0 10380.323640865812 0.09633911368015415 0.5632626846499679 33.0 76.0 1.32 
41920.0 9266.675888096084 0.17597944765574824 0.5016056518946692 45.0 75.0 1.3538461538461537 
41920.0 9299.437731904027 0.17597944765574824 0.5016056518946692 45.0 75.0 1.4714932126696831 
41920.0 9266.675888096084 0.17597944765574824 0.5016056518946692 45.0 75.0 1.3538461538461537 
41920.0 9299.437731904027 0.17597944765574824 0.5016056518946692 45.0 75.0 1.4714932126696831 
41920.0 9299.437731904027 0.17597944765574824 0.5016056518946692 45.0 75.0 1.4714932126696831 
49685.0 8678.222637415622 0.2524084778420039 0.3615928066795119 65.0 90.0 2.2962962962962963 
24995.0 11709.489281210595 0.1233140655105973 0.6056518946692357 28.0 68.0 0.0 
24995.0 11709.489281210595 0.1233140655105973 0.6056518946692357 28.0 68.0 0.0 
24995.0 11709.489281210595 0.1233140655105973 0.6056518946692357 28.0 68.0 0.0 
24995.0 11709.489281210595 0.1233140655105973 0.6056518946692357 28.0 68.0 0.0 
24995.0 11709.489281210595 0.1233140655105973 0.6056518946692357 28.0 68.0 0.0 
29010.0 10380.323640865812 0.09633911368015415 0.5632626846499679 33.0 76.0 1.32 
24995.0 11709.489281210595 0.1233140655105973 0.6056518946692357 28.0 68.0 0.0 
