29630.0 10836.244800950682 0.11624919717405266 0.4836223506743738 39.0 63.0 0.0 
29630.0 10836.244800950682 0.11624919717405266 0.4836223506743738 39.0 63.0 0.0 
29630.0 10836.244800950682 0.11624919717405266 0.4836223506743738 39.0 63.0 0.0 
29630.0 10836.244800950682 0.11624919717405266 0.4836223506743738 39.0 63.0 0.0 
26370.0 11933.17674398488 0.14129736673089274 0.5934489402697495 24.0 68.0 0.0 
25085.0 11865.018114415709 0.13037893384714194 0.6165703275529865 26.0 68.0 0.0 
24995.0 11709.489281210595 0.1233140655105973 0.6056518946692357 28.0 68.0 0.0 
25140.0 12012.621089711685 0.06486833654463713 0.6043673731535003 23.0 69.0 0.0 
24885.0 12070.98546614676 0.06037251123956326 0.6107899807321773 23.0 68.0 0.0 
25140.0 12012.621089711685 0.06486833654463713 0.6043673731535003 23.0 69.0 0.0 
28335.0 10736.069379281034 0.14771997430956968 0.581888246628131 39.0 71.0 0.6789473684210526 
29630.0 10836.244800950682 0.11624919717405266 0.4836223506743738 39.0 63.0 0.0 
29630.0 10836.244800950682 0.11624919717405266 0.4836223506743738 39.0 63.0 0.0 
29120.0 11902.86499215071 0.08092485549132948 0.5863840719332049 24.0 77.0 1.5272727272727273 
25085.0 11865.018114415709 0.13037893384714194 0.6165703275529865 26.0 68.0 0.0 
25140.0 12012.621089711685 0.06486833654463713 0.6043673731535003 23.0 69.0 0.0 
28130.0 9869.998702414727 0.13872832369942195 0.5921644187540142 40.0 72.0 1.0526315789473684 
29630.0 10836.244800950682 0.11624919717405266 0.4836223506743738 39.0 63.0 0.0 
29120.0 11902.86499215071 0.08092485549132948 0.5863840719332049 24.0 77.0 1.5272727272727273 
29630.0 10836.244800950682 0.11624919717405266 0.4836223506743738 39.0 63.0 0.0 
28335.0 10736.069379281034 0.14771997430956968 0.581888246628131 39.0 71.0 0.6789473684210526 
29630.0 10836.244800950682 0.11624919717405266 0.4836223506743738 39.0 63.0 0.0 
29630.0 10836.244800950682 0.11624919717405266 0.4836223506743738 39.0 63.0 0.0 
29120.0 11902.86499215071 0.08092485549132948 0.5863840719332049 24.0 77.0 1.5272727272727273 
25085.0 11865.018114415709 0.13037893384714194 0.6165703275529865 26.0 68.0 0.0 
25140.0 12012.621089711685 0.06486833654463713 0.6043673731535003 23.0 69.0 0.0 
28130.0 9869.998702414727 0.13872832369942195 0.5921644187540142 40.0 72.0 1.0526315789473684 
29630.0 10836.244800950682 0.11624919717405266 0.4836223506743738 39.0 63.0 0.0 
29120.0 11902.86499215071 0.08092485549132948 0.5863840719332049 24.0 77.0 1.5272727272727273 
28130.0 9824.317344013481 0.13872832369942195 0.5921644187540142 40.0 78.0 1.5333333333333332 
28130.0 9869.998702414727 0.13872832369942195 0.5921644187540142 40.0 72.0 1.0526315789473684 
29630.0 10836.244800950682 0.11624919717405266 0.4836223506743738 39.0 63.0 0.0 
29120.0 11902.86499215071 0.08092485549132948 0.5863840719332049 24.0 77.0 1.5272727272727273 
28130.0 9824.317344013481 0.13872832369942195 0.5921644187540142 40.0 78.0 1.5333333333333332 
28130.0 9824.317344013481 0.13872832369942195 0.5921644187540142 40.0 78.0 1.5333333333333332 
148865.0 5522.554234009931 0.4386640976236352 0.06294155427103404 176.0 85.0 3.1692307692307695 
148865.0 5522.554234009931 0.4386640976236352 0.06294155427103404 176.0 85.0 3.1692307692307695 
148865.0 5501.011804696701 0.4386640976236352 0.06294155427103404 176.0 83.0 3.0666666666666664 
148865.0 5559.172936931228 0.4386640976236352 0.06294155427103404 176.0 85.0 3.235897435897436 
148865.0 5559.172936931228 0.4386640976236352 0.06294155427103404 176.0 85.0 3.235897435897436 
148865.0 5662.134097550407 0.4386640976236352 0.06294155427103404 176.0 88.0 3.3 
148865.0 5522.554234009931 0.4386640976236352 0.06294155427103404 176.0 85.0 3.1692307692307695 
148865.0 5501.011804696701 0.4386640976236352 0.06294155427103404 176.0 83.0 3.0666666666666664 
148865.0 5522.554234009931 0.4386640976236352 0.06294155427103404 176.0 85.0 3.1692307692307695 
148865.0 5501.011804696701 0.4386640976236352 0.06294155427103404 176.0 83.0 3.0666666666666664 
148865.0 5522.554234009931 0.4386640976236352 0.06294155427103404 176.0 85.0 3.1692307692307695 
148865.0 5501.011804696701 0.4386640976236352 0.06294155427103404 176.0 83.0 3.0666666666666664 
148865.0 5559.172936931228 0.4386640976236352 0.06294155427103404 176.0 85.0 3.235897435897436 
148865.0 5522.554234009931 0.4386640976236352 0.06294155427103404 176.0 85.0 3.1692307692307695 
148865.0 5501.011804696701 0.4386640976236352 0.06294155427103404 176.0 83.0 3.0666666666666664 
148865.0 5501.011804696701 0.4386640976236352 0.06294155427103404 176.0 83.0 3.0666666666666664 
148865.0 5501.011804696701 0.4386640976236352 0.06294155427103404 176.0 95.0 3.333333333333333 
148865.0 5501.011804696701 0.4386640976236352 0.06294155427103404 176.0 83.0 3.0666666666666664 
148865.0 5501.011804696701 0.4386640976236352 0.06294155427103404 176.0 95.0 3.333333333333333 
148865.0 5501.011804696701 0.4386640976236352 0.06294155427103404 176.0 95.0 3.333333333333333 
148865.0 5501.011804696701 0.4386640976236352 0.06294155427103404 176.0 95.0 3.333333333333333 
24420.0 11752.784894375509 0.1457931920359666 0.6037251123956326 27.0 68.0 0.0 
24420.0 11752.784894375509 0.1457931920359666 0.6037251123956326 27.0 68.0 0.0 
24420.0 11752.784894375509 0.1457931920359666 0.6037251123956326 27.0 68.0 0.0 
24420.0 11752.784894375509 0.1457931920359666 0.6037251123956326 27.0 68.0 0.0 
24420.0 11752.784894375509 0.1457931920359666 0.6037251123956326 27.0 68.0 0.0 
24420.0 11752.784894375509 0.1457931920359666 0.6037251123956326 27.0 68.0 0.0 
24420.0 11752.784894375509 0.1457931920359666 0.6037251123956326 27.0 68.0 0.0 
24420.0 11752.784894375509 0.1457931920359666 0.6037251123956326 27.0 68.0 0.0 
24420.0 11752.784894375509 0.1457931920359666 0.6037251123956326 27.0 68.0 0.0 
24420.0 11752.784894375509 0.1457931920359666 0.6037251123956326 27.0 68.0 0.0 
24420.0 11752.784894375509 0.1457931920359666 0.6037251123956326 27.0 68.0 0.0 
24420.0 11752.784894375509 0.1457931920359666 0.6037251123956326 27.0 68.0 0.0 
24420.0 11752.784894375509 0.1457931920359666 0.6037251123956326 27.0 68.0 0.0 
24420.0 11752.784894375509 0.1457931920359666 0.6037251123956326 27.0 68.0 0.0 
24420.0 11752.784894375509 0.1457931920359666 0.6037251123956326 27.0 68.0 0.0 
28130.0 9824.317344013481 0.13872832369942195 0.5921644187540142 40.0 78.0 1.5333333333333332 
28130.0 9824.317344013481 0.13872832369942195 0.5921644187540142 40.0 78.0 1.5333333333333332 
28130.0 9824.317344013481 0.13872832369942195 0.5921644187540142 40.0 78.0 1.5333333333333332 
28130.0 9824.317344013481 0.13872832369942195 0.5921644187540142 40.0 78.0 1.5333333333333332 
28130.0 9824.317344013481 0.13872832369942195 0.5921644187540142 40.0 78.0 1.5333333333333332 
31740.0 9403.166438730728 0.14900449582530506 0.5671162491971741 52.0 92.0 2.25103668261563 
24420.0 11752.784894375509 0.1457931920359666 0.6037251123956326 27.0 68.0 0.0 
24420.0 11752.784894375509 0.1457931920359666 0.6037251123956326 27.0 68.0 0.0 
24420.0 11752.784894375509 0.1457931920359666 0.6037251123956326 27.0 68.0 0.0 
24420.0 11752.784894375509 0.1457931920359666 0.6037251123956326 27.0 68.0 0.0 
24420.0 11752.784894375509 0.1457931920359666 0.6037251123956326 27.0 68.0 0.0 
26195.0 10951.533406352686 0.12395632626846499 0.6107899807321773 35.0 68.0 0.0 
24420.0 11752.784894375509 0.1457931920359666 0.6037251123956326 27.0 68.0 0.0 
28130.0 9824.317344013481 0.13872832369942195 0.5921644187540142 40.0 78.0 1.5333333333333332 
28130.0 9824.317344013481 0.13872832369942195 0.5921644187540142 40.0 78.0 1.5333333333333332 
28130.0 9824.317344013481 0.13872832369942195 0.5921644187540142 40.0 78.0 1.5333333333333332 
28130.0 9824.317344013481 0.13872832369942195 0.5921644187540142 40.0 78.0 1.5333333333333332 
28130.0 9824.317344013481 0.13872832369942195 0.5921644187540142 40.0 78.0 1.5333333333333332 
28130.0 9824.317344013481 0.13872832369942195 0.5921644187540142 40.0 78.0 1.5333333333333332 
28130.0 9824.317344013481 0.13872832369942195 0.5921644187540142 40.0 78.0 1.5333333333333332 
28130.0 9824.317344013481 0.13872832369942195 0.5921644187540142 40.0 78.0 1.5333333333333332 
28130.0 9824.317344013481 0.13872832369942195 0.5921644187540142 40.0 78.0 1.5333333333333332 
28130.0 9824.317344013481 0.13872832369942195 0.5921644187540142 40.0 78.0 1.5333333333333332 
28130.0 9824.317344013481 0.13872832369942195 0.5921644187540142 40.0 78.0 1.5333333333333332 
28130.0 9824.317344013481 0.13872832369942195 0.5921644187540142 40.0 78.0 1.5333333333333332 
28130.0 9824.317344013481 0.13872832369942195 0.5921644187540142 40.0 78.0 1.5333333333333332 
28130.0 9824.317344013481 0.13872832369942195 0.5921644187540142 40.0 78.0 1.5333333333333332 
28130.0 9824.317344013481 0.13872832369942195 0.5921644187540142 40.0 78.0 1.5333333333333332 
37890.0 9068.204492863433 0.16120745022479127 0.5472061657032755 65.0 107.0 2.8688034188034184 
37890.0 9068.204492863433 0.16120745022479127 0.5472061657032755 65.0 107.0 2.8688034188034184 
37890.0 9068.204492863433 0.16120745022479127 0.5472061657032755 65.0 107.0 2.868803418803419 
37890.0 9068.204492863433 0.16120745022479127 0.5472061657032755 65.0 107.0 2.868803418803419 
37890.0 9068.204492863433 0.16120745022479127 0.5472061657032755 65.0 107.0 2.8688034188034184 
45515.0 8464.412026484311 0.11881824020552344 0.4168272318561336 60.0 80.0 2.074074074074074 
24875.0 11426.426668734362 0.14964675658317278 0.5985870263326911 28.0 70.0 0.0 
24875.0 11426.426668734362 0.14964675658317278 0.5985870263326911 28.0 70.0 0.0 
24875.0 11426.426668734362 0.14964675658317278 0.5985870263326911 28.0 70.0 0.0 
24875.0 11426.426668734362 0.14964675658317278 0.5985870263326911 28.0 70.0 0.0 
24875.0 11426.426668734362 0.14964675658317278 0.5985870263326911 28.0 70.0 0.0 
28130.0 9824.317344013481 0.13872832369942195 0.5921644187540142 40.0 78.0 1.5333333333333332 
24875.0 11426.426668734362 0.14964675658317278 0.5985870263326911 28.0 70.0 0.0 
