[1, 2, 5, 7, 14, 8][3, 11, 10, 12, 13][4, 3, 5][6, 14][0, 1][6, 9] 
[6, 9, 10, 12, 13][0, 1, 2, 5, 7][7, 14, 8][4, 3, 11][6, 14][1, 3] 
[0, 1, 2, 5, 7][6, 9, 10, 12, 13][4, 3, 11][7, 14, 8][1, 3][6, 14] 
[0, 1, 2, 5, 7][6, 9, 10, 12, 13][7, 14, 8][4, 3, 11][1, 3][6, 14] 
[4, 3, 11, 10, 12, 13][0, 1, 2, 5, 7][6, 14, 8][7, 14][6, 9][3, 5] 
[4, 3, 11, 10, 12, 13][0, 1, 2, 5, 7][9, 6, 14][1, 3][7, 14][8, 14] 
[0, 1, 2, 5, 7][4, 3, 11, 10, 12][8, 14, 6, 9][7, 14][1, 3][12, 13] 
[4, 3, 11, 10, 12, 13][0, 1, 2, 5, 7][5, 14, 8][6, 14, 8][1, 3][6, 9] 
[4, 3, 11, 10, 12, 13][0, 1, 2, 5, 7][6, 14, 8][6, 9][7, 14][1, 3] 
[4, 3, 11, 10, 12, 13][0, 1, 2, 5, 7][5, 14, 8][1, 3][6, 14][6, 9] 
[1, 2, 5, 7, 14, 8][4, 3, 11, 10, 12, 13][4, 3, 5][6, 14][6, 9][0, 1] 
[0, 1, 2, 5, 7][6, 9, 10, 12, 13][7, 14, 8][4, 3, 11][1, 3][6, 14] 
[0, 1, 2, 5, 7][6, 9, 10, 12, 13][7, 14, 8][4, 3, 11][1, 3][6, 14] 
[4, 3, 11, 10, 12, 13][0, 1, 2, 5, 7][6, 14, 8][3, 5][6, 9][7, 14] 
[4, 3, 11, 10, 12, 13][0, 1, 2, 5, 7][9, 6, 14][1, 3][7, 14][8, 14] 
[4, 3, 11, 10, 12, 13][0, 1, 2, 5, 7][5, 14, 8][6, 14, 8][1, 3][6, 9] 
[0, 1, 2, 5, 7, 14, 8][4, 3, 11, 10, 12, 13][8, 14][6, 14][6, 9][1, 3] 
[6, 9, 10, 12, 13][0, 1, 2, 5, 7][7, 14, 8][4, 3, 11][6, 14][1, 3] 
[4, 3, 11, 10, 12, 13][0, 1, 2, 5, 7][6, 14, 8][6, 9][7, 14][3, 5] 
[0, 1, 2, 5, 7, 14, 8][4, 3, 11, 10, 12, 13][1, 3, 11][8, 14][6, 14][6, 9] 
[1, 2, 5, 7, 14, 8][4, 3, 11, 10, 12, 13][4, 3, 5][6, 14][0, 1][6, 9] 
[0, 1, 2, 5, 7][6, 9, 10, 12, 13][7, 14, 8][4, 3, 11][1, 3][6, 14] 
[0, 1, 2, 5, 7][6, 9, 10, 12, 13][7, 14, 8][4, 3, 11][6, 14][1, 3] 
[4, 3, 11, 10, 12, 13][0, 1, 2, 5, 7][6, 14, 8][7, 14][6, 9][3, 5] 
[4, 3, 11, 10, 12, 13][0, 1, 2, 5, 7][6, 14, 8][7, 14][1, 3][6, 9] 
[4, 3, 11, 10, 12, 13][0, 1, 2, 5, 7][6, 14, 8][5, 14, 8][6, 9][1, 3] 
[0, 1, 2, 5, 7, 14, 8][4, 3, 11, 10, 12, 13][8, 14][6, 14][6, 9][1, 3] 
[0, 1, 2, 5, 7][6, 9, 10, 12, 13][7, 14, 8][4, 3, 11][1, 3][6, 14] 
[4, 3, 11, 10, 12, 13][0, 1, 2, 5, 7][6, 14, 8][3, 5][7, 14][6, 9] 
[0, 1, 2, 5, 7, 14, 8][4, 3, 11, 10, 12, 13][8, 14][6, 14][6, 9][1, 3] 
[0, 1, 2, 5, 7, 14, 8][4, 3, 11, 10, 12, 13][6, 14][1, 3][6, 9][8, 14] 
[0, 1, 2, 5, 7][6, 9, 10, 12, 13][4, 3, 11][7, 14, 8][1, 3][6, 14] 
[4, 3, 11, 10, 12, 13][0, 1, 2, 5, 7][6, 14, 8][3, 5][7, 14][6, 9] 
[0, 1, 2, 5, 7, 14, 8][4, 3, 11, 10, 12, 13][6, 14][1, 3][6, 9][8, 14] 
[0, 1, 2, 5, 7, 14, 8][4, 3, 11, 10, 12, 13][1, 3][6, 14][6, 9][8, 14] 
[4, 3, 11, 10, 12, 13, 9, 6][0, 1, 2, 5, 7, 9, 6][6, 14][8, 14][8, 14][6, 14] 
[4, 3, 11, 10, 12, 13, 9, 6][0, 1, 2, 5, 7, 9, 6][6, 14][8, 14][8, 14][6, 14] 
[4, 3, 11, 10, 12, 13, 9, 6][0, 1, 2, 5, 7, 9, 6][8, 14][6, 14][6, 14][6, 14] 
[0, 1, 2, 5, 7, 9, 6][4, 3, 11, 10, 12, 13, 9][6, 14][8, 14][8, 14][6, 14] 
[4, 3, 11, 10, 12, 13, 9][0, 1, 2, 5, 7, 9, 6][6, 14][8, 14][8, 14][8, 14] 
[4, 3, 11, 10, 12, 13, 9, 6][0, 1, 2, 5, 7, 9][12, 13][6, 14][8, 14][6, 14] 
[4, 3, 11, 10, 12, 13, 9, 6][0, 1, 2, 5, 7, 9, 6][6, 14][8, 14][8, 14][6, 14] 
[4, 3, 11, 10, 12, 13, 9, 6][0, 1, 2, 5, 7, 9, 6][6, 14][8, 14][8, 14][6, 14] 
[4, 3, 11, 10, 12, 13, 9][0, 1, 2, 5, 7, 9, 6][6, 14][8, 14][6, 14][6, 14] 
[4, 3, 11, 10, 12, 13, 9, 6][0, 1, 2, 5, 7, 9, 6][8, 14][6, 14][8, 14][8, 14] 
[4, 3, 11, 10, 12, 13, 9, 6][0, 1, 2, 5, 7, 9, 6][6, 14][8, 14][8, 14][8, 14] 
[4, 3, 11, 10, 12, 13, 9, 6][0, 1, 2, 5, 7, 9, 6][6, 14][8, 14][8, 14][6, 14] 
[4, 3, 11, 10, 12, 13, 9][0, 1, 2, 5, 7, 9, 6][6, 14][8, 14][6, 14][6, 14] 
[4, 3, 11, 10, 12, 13, 9, 6][0, 1, 2, 5, 7, 9, 6][6, 14][8, 14][6, 14][8, 14] 
[4, 3, 11, 10, 12, 13, 9, 6][0, 1, 2, 5, 7, 9, 6][6, 14][8, 14][8, 14][8, 14] 
[4, 3, 11, 10, 12, 13, 9, 6][0, 1, 2, 5, 7, 9, 6][8, 14][6, 14][8, 14][8, 14] 
[4, 3, 11, 10, 12, 13, 9, 6][0, 1, 2, 5, 7, 9, 6][6, 14][8, 14][8, 14][6, 14] 
[0, 1, 2, 5, 7, 9, 6][4, 3, 11, 10, 12, 13, 9][6, 14][8, 14][8, 14][6, 14] 
[4, 3, 11, 10, 12, 13, 9, 6][0, 1, 2, 5, 7, 9, 6][8, 14][6, 14][8, 14][6, 14] 
[4, 3, 11, 10, 12, 13, 9, 6][0, 1, 2, 5, 7, 9, 6][8, 14][6, 14][8, 14][8, 14] 
[4, 3, 11, 10, 12, 13, 9, 6][0, 1, 2, 5, 7, 9, 6][6, 14][8, 14][8, 14][8, 14] 
[4, 3, 11, 10, 12, 13][0, 1, 2, 5, 7][7, 14, 8][1, 3][6, 14][6, 9] 
[4, 3, 11, 10, 12, 13][0, 1, 2, 5, 7][7, 14, 8][6, 14][1, 3][6, 9] 
[4, 3, 11, 10, 12, 13][0, 1, 2, 5, 7][7, 14, 8][1, 3][6, 14][6, 9] 
[4, 3, 11, 10, 12, 13][0, 1, 2, 5, 7][7, 14, 8][6, 9][6, 14][1, 3] 
[4, 3, 11, 10, 12, 13][0, 1, 2, 5, 7][7, 14, 8][1, 3][6, 14][6, 9] 
[4, 3, 11, 10, 12, 13][0, 1, 2, 5, 7][7, 14, 8][6, 9][6, 14][1, 3] 
[4, 3, 11, 10, 12, 13][0, 1, 2, 5, 7][7, 14, 8][6, 9][6, 14][1, 3] 
[4, 3, 11, 10, 12, 13][0, 1, 2, 5, 7][7, 14, 8][1, 3][6, 14][6, 9] 
[4, 3, 11, 10, 12, 13][0, 1, 2, 5, 7][7, 14, 8][6, 9][6, 14][1, 3] 
[4, 3, 11, 10, 12, 13][0, 1, 2, 5, 7][7, 14, 8][1, 3][6, 14][6, 9] 
[4, 3, 11, 10, 12, 13][0, 1, 2, 5, 7][7, 14, 8][1, 3][6, 14][6, 9] 
[4, 3, 11, 10, 12, 13][0, 1, 2, 5, 7][7, 14, 8][1, 3][6, 14][6, 9] 
[4, 3, 11, 10, 12, 13][0, 1, 2, 5, 7][7, 14, 8][6, 14][6, 9][1, 3] 
[4, 3, 11, 10, 12, 13][0, 1, 2, 5, 7][7, 14, 8][6, 14][6, 9][1, 3] 
[4, 3, 11, 10, 12, 13][0, 1, 2, 5, 7][7, 14, 8][6, 14][1, 3][6, 9] 
[0, 1, 2, 5, 7, 14, 8][4, 3, 11, 10, 12, 13][6, 9][6, 14][8, 14][1, 3] 
[0, 1, 2, 5, 7, 14, 8][4, 3, 11, 10, 12, 13][6, 9][6, 14][1, 3][8, 14] 
[0, 1, 2, 5, 7, 14, 8][4, 3, 11, 10, 12, 13][6, 14][1, 3][6, 9][8, 14] 
[0, 1, 2, 5, 7, 14, 8][4, 3, 11, 10, 12, 13][6, 14][1, 3][6, 9][8, 14] 
[0, 1, 2, 5, 7, 14, 8][4, 3, 11, 10, 12, 13][1, 3][6, 14][6, 9][8, 14] 
[0, 1, 2, 5, 7, 14, 8][4, 3, 11, 10, 12, 13][4, 3, 5][6, 14][8, 14][6, 9] 
[4, 3, 11, 10, 12, 13][0, 1, 2, 5, 7][7, 14, 8][6, 9][6, 14][1, 3] 
[4, 3, 11, 10, 12, 13][0, 1, 2, 5, 7][7, 14, 8][6, 9][6, 14][1, 3] 
[4, 3, 11, 10, 12, 13][0, 1, 2, 5, 7][7, 14, 8][1, 3][6, 14][6, 9] 
[4, 3, 11, 10, 12, 13][0, 1, 2, 5, 7][7, 14, 8][1, 3][6, 14][6, 9] 
[4, 3, 11, 10, 12, 13][0, 1, 2, 5, 7][7, 14, 8][6, 14][6, 9][1, 3] 
[4, 3, 11, 10, 12, 13][1, 2, 5, 7, 14, 8][0, 1, 2][1, 3][6, 14][6, 9] 
[4, 3, 11, 10, 12, 13][0, 1, 2, 5, 7][7, 14, 8][6, 14][6, 9][1, 3] 
[0, 1, 2, 5, 7, 14, 8][4, 3, 11, 10, 12, 13][8, 14][6, 14][1, 3][6, 9] 
[0, 1, 2, 5, 7, 14, 8][4, 3, 11, 10, 12, 13][8, 14][6, 14][6, 9][1, 3] 
[0, 1, 2, 5, 7, 14, 8][4, 3, 11, 10, 12, 13][8, 14][6, 14][1, 3][6, 9] 
[0, 1, 2, 5, 7, 14, 8][4, 3, 11, 10, 12, 13][6, 9][6, 14][8, 14][1, 3] 
[0, 1, 2, 5, 7, 14, 8][4, 3, 11, 10, 12, 13][8, 14][6, 14][6, 9][1, 3] 
[0, 1, 2, 5, 7, 14, 8][4, 3, 11, 10, 12, 13][6, 14][1, 3][6, 9][8, 14] 
[0, 1, 2, 5, 7, 14, 8][4, 3, 11, 10, 12, 13][8, 14][6, 14][6, 9][1, 3] 
[0, 1, 2, 5, 7, 14, 8][4, 3, 11, 10, 12, 13][6, 14][1, 3][6, 9][8, 14] 
[0, 1, 2, 5, 7, 14, 8][4, 3, 11, 10, 12, 13][8, 14][6, 14][1, 3][6, 9] 
[0, 1, 2, 5, 7, 14, 8][4, 3, 11, 10, 12, 13][8, 14][6, 14][6, 9][1, 3] 
[0, 1, 2, 5, 7, 14, 8][4, 3, 11, 10, 12, 13][8, 14][6, 14][1, 3][6, 9] 
[0, 1, 2, 5, 7, 14, 8][4, 3, 11, 10, 12, 13][8, 14][1, 3][6, 14][6, 9] 
[0, 1, 2, 5, 7, 14, 8][4, 3, 11, 10, 12, 13][8, 14][6, 14][6, 9][1, 3] 
[0, 1, 2, 5, 7, 14, 8][4, 3, 11, 10, 12, 13][8, 14][6, 14][1, 3][6, 9] 
[0, 1, 2, 5, 7, 14, 8][4, 3, 11, 10, 12, 13][8, 14][1, 3][6, 14][6, 9] 
[4, 1, 2, 5, 7, 14, 8][4, 3, 11, 10, 12, 13][0, 1, 2][8, 14][6, 14][6, 9] 
[4, 1, 2, 5, 7, 14, 8][4, 3, 11, 10, 12, 13][0, 1, 2][8, 14][6, 14][6, 9] 
[4, 1, 2, 5, 7, 14, 8][4, 3, 11, 10, 12, 13][0, 1, 2][6, 14][6, 9][8, 14] 
[4, 1, 2, 5, 7, 14, 8][4, 3, 11, 10, 12, 13][0, 1, 2][6, 14][6, 9][8, 14] 
[4, 1, 2, 5, 7, 14, 8][4, 3, 11, 10, 12, 13][0, 1, 2][8, 14][6, 14][6, 9] 
[0, 1, 2, 5, 7, 14, 8][4, 3, 11, 10, 12, 13][6, 9, 10, 12, 13][4, 3, 11][1, 3][6, 9] 
[4, 3, 11, 10, 12, 13][2, 5, 7, 14, 8][0, 1, 2][6, 14][6, 9][1, 3] 
[4, 3, 11, 10, 12, 13][2, 5, 7, 14, 8][0, 1, 2][6, 9][6, 14][1, 3] 
[4, 3, 11, 10, 12, 13][2, 5, 7, 14, 8][0, 1, 2][6, 14][1, 3][6, 9] 
[4, 3, 11, 10, 12, 13][2, 5, 7, 14, 8][0, 1, 2][6, 14][6, 9][1, 3] 
[4, 3, 11, 10, 12, 13][2, 5, 7, 14, 8][0, 1, 2][6, 9][6, 14][1, 3] 
[0, 1, 2, 5, 7, 14, 8][4, 3, 11, 10, 12, 13][6, 9][6, 14][1, 3][8, 14] 
[4, 3, 11, 10, 12, 13][2, 5, 7, 14, 8][0, 1, 2][6, 14][1, 3][6, 9] 
