83327.86415252875 16252.588298049126 0.04303147077713552 0.0 96.0 190.0 5.11952294529427 
29945.0 12978.411546341102 0.04238921001926782 0.5690430314707772 27.0 76.0 0.0 
45375.0 12049.935358758887 0.18432883750802825 0.3243416827231856 42.0 65.0 0.0 
98710.0 6463.509511203715 0.14900449582530506 0.018625561978163133 114.0 85.0 3.6083333333333334 
78020.0 8487.13554688052 0.19845857418111754 0.06358381502890173 82.0 70.0 0.0 
88015.65748660808 14845.756351749727 0.08220937700706486 0.0 98.0 175.0 4.6 
81330.0 7054.635974835183 0.17726396917148363 0.09184328837508028 91.0 79.0 3.0952380952380953 
49490.0 9208.441771764228 0.07450224791265253 0.3815028901734104 60.0 79.0 3.0 
66215.0 9523.545081967215 0.07193320488118175 0.3198458574181118 79.0 86.0 1.0476190476190477 
40205.0 9439.369410044717 0.08156711624919717 0.38792549775208734 49.0 74.0 1.4714285714285715 
57890.0 10164.272847305265 0.18689788053949905 0.19974309569685292 58.0 85.0 2.887202380952381 
73140.0 8513.192532496327 0.15928066795118817 0.10725754656390495 78.0 74.0 0.7857142857142857 
53345.0 9718.551020127903 0.23121387283236994 0.36416184971098264 46.0 71.0 1.1818181818181819 
60284.7799999901 12614.392823143322 0.1579961464354528 0.22350674373795762 64.0 93.0 3.5 
69845.0 13462.349960753581 0.10533076429030186 0.1567116249197174 70.0 90.0 0.9304511278195489 
44900.0 13805.288667799663 0.08220937700706486 0.35388567758509953 42.0 81.0 0.6512605042016807 
66015.0 11920.16014403487 0.20616570327552985 0.13937058445728967 54.0 73.0 0.0 
84095.0 9988.145523556834 0.11689145793192036 0.03789338471419396 79.0 93.0 3.0864389233954452 
92580.0 7122.327226345083 0.10982658959537572 0.1252408477842004 95.0 81.0 1.0666666666666667 
69395.0 9226.402658084768 0.1798330122029544 0.16120745022479127 63.0 73.0 0.0 
72005.0 13049.435598392414 0.1001926782273603 0.147077713551702 71.0 87.0 0.9304511278195489 
84089.76428272961 19984.0755735198 0.07193320488118175 0.0 89.0 209.0 4.487041653647824 
29945.0 12978.411546341102 0.04238921001926782 0.5690430314707772 27.0 76.0 0.0 
47635.0 11773.826086956522 0.2035966602440591 0.3031470777135517 44.0 66.0 0.0 
98710.0 6463.509511203715 0.14900449582530506 0.018625561978163133 114.0 85.0 3.6083333333333334 
78020.0 8487.13554688052 0.19845857418111754 0.06358381502890173 82.0 70.0 0.0 
89515.8280110438 15516.295688943781 0.047527296082209375 0.0 98.0 187.0 4.661482904075822 
81330.0 7054.635974835183 0.17726396917148363 0.09184328837508028 91.0 79.0 3.0952380952380953 
51560.0 9456.695821289073 0.09248554913294797 0.348747591522158 59.0 89.0 2.8462820512820515 
66450.0 9705.118364418937 0.07193320488118175 0.3198458574181118 81.0 85.0 1.0465116279069768 
40205.0 9439.369410044717 0.08156711624919717 0.38792549775208734 49.0 74.0 1.4714285714285715 
72510.0 9725.575449122458 0.1913937058445729 0.09184328837508028 68.0 85.0 2.899531116794544 
66695.0 8840.690011776684 0.2588310854206808 0.15414258188824662 86.0 80.0 1.4714285714285715 
53290.0 9535.82484087737 0.19396274887604367 0.2691072575465639 52.0 67.0 1.1818181818181819 
57190.0 12320.738921577082 0.18689788053949905 0.19974309569685292 57.0 89.0 2.975 
91156.26362759645 12725.051830237928 0.10597302504816955 0.007064868336544637 93.0 120.0 2.2577922077922077 
45350.0 13553.879003242031 0.06679511881824021 0.35131663455362877 41.0 87.0 1.1206349206349207 
66015.0 11920.16014403487 0.20616570327552985 0.13937058445728967 54.0 73.0 0.0 
84095.0 9987.957213473577 0.11689145793192036 0.03789338471419396 79.0 99.0 3.0864389233954452 
92580.0 7122.327226345083 0.10982658959537572 0.1252408477842004 95.0 81.0 1.0666666666666667 
74740.0 9355.649254154585 0.23314065510597304 0.09505459216441875 66.0 66.0 1.1538461538461537 
71375.0 12648.836345011337 0.11046885035324341 0.1567116249197174 70.0 80.0 0.9304511278195489 
83549.39780434323 18292.1602193572 0.0892742453436095 0.0 93.0 208.0 4.60304012062677 
29945.0 12978.411546341102 0.04238921001926782 0.5690430314707772 27.0 76.0 0.0 
47635.0 11773.826086956522 0.2035966602440591 0.3031470777135517 44.0 66.0 0.0 
105376.66666666667 10630.028023772049 0.10533076429030186 0.006422607578676943 109.0 129.0 3.416601966873706 
78020.0 8487.13554688052 0.19845857418111754 0.06358381502890173 82.0 70.0 0.0 
95214.81601456065 14767.124350542532 0.057161207450224794 0.0 102.0 182.0 4.842841566229872 
85095.0 7724.938233208136 0.16955684007707128 0.06037251123956326 101.0 80.0 2.533333333333333 
49490.0 8197.008223252977 0.07450224791265253 0.3815028901734104 61.0 71.0 2.229166666666667 
62610.0 8958.448379351741 0.07000642260757868 0.3448940269749518 64.0 81.0 0.0 
40205.0 9439.369410044717 0.08156711624919717 0.38792549775208734 49.0 74.0 1.4714285714285715 
59825.0 10388.409754349426 0.2145150931278099 0.18625561978163135 69.0 86.0 2.6153846153846154 
66695.0 8840.690011776684 0.2588310854206808 0.15414258188824662 86.0 80.0 1.4714285714285715 
53290.0 9535.82484087737 0.19396274887604367 0.2691072575465639 52.0 67.0 1.1818181818181819 
59858.045455539366 14203.345853374758 0.18432883750802825 0.18304431599229287 62.0 107.0 3.1547619047619047 
45140.0 12462.482969511006 0.0680796403339756 0.36480411046885036 42.0 82.0 0.49516908212560384 
66015.0 11920.16014403487 0.20616570327552985 0.13937058445728967 54.0 73.0 0.0 
90955.52256227103 12158.131999257945 0.12845215157353887 0.025048169556840076 91.0 131.0 3.405916927899687 
92580.0 7122.327226345083 0.10982658959537572 0.1252408477842004 95.0 81.0 1.0666666666666667 
74740.0 9355.649254154585 0.23314065510597304 0.09505459216441875 66.0 66.0 1.1538461538461537 
71060.0 11319.465573931393 0.12074502247912652 0.15542710340398203 70.0 79.0 0.0 
85555.90276876037 16844.591618442853 0.06551059730250482 0.0 99.0 189.0 4.974481074481074 
29945.0 12978.411546341102 0.04238921001926782 0.5690430314707772 27.0 76.0 0.0 
47635.0 11773.826086956522 0.2035966602440591 0.3031470777135517 44.0 66.0 0.0 
78020.0 8487.13554688052 0.19845857418111754 0.06358381502890173 82.0 70.0 0.0 
98581.01474485475 13924.979323786489 0.07964033397559409 0.0 114.0 184.0 4.017625661375662 
85680.0 8432.73219893283 0.19717405266538215 0.021836865767501604 92.0 83.0 3.0 
46055.0 10317.606525660909 0.07450224791265253 0.348747591522158 56.0 100.0 3.0152380952380953 
64595.0 9399.657801264835 0.12588310854206808 0.3378291586384072 79.0 79.0 1.0476190476190477 
40205.0 9439.369410044717 0.08156711624919717 0.38792549775208734 49.0 74.0 1.4714285714285715 
59940.000000000015 10549.98808218155 0.2145150931278099 0.18625561978163135 68.0 90.0 2.619047619047619 
66695.0 8840.690011776684 0.2588310854206808 0.15414258188824662 86.0 80.0 1.4714285714285715 
53290.0 9535.82484087737 0.19396274887604367 0.2691072575465639 52.0 67.0 1.1818181818181819 
59670.0 12840.528291002856 0.17597944765574824 0.19974309569685292 64.0 97.0 3.8484848484848486 
46790.0 13873.444770011421 0.08477842003853564 0.3333333333333333 45.0 95.0 1.073015873015873 
66015.0 11920.16014403487 0.20616570327552985 0.13937058445728967 54.0 73.0 0.0 
92580.0 7122.327226345083 0.10982658959537572 0.1252408477842004 95.0 81.0 1.0666666666666667 
70825.0 9665.788693094195 0.2241490044958253 0.09698137443802184 66.0 74.0 1.1904761904761905 
74140.0 12988.237528935686 0.1348747591522158 0.13680154142581888 69.0 87.0 1.0197368421052633 
85980.63821202677 18376.07172330098 0.06294155427103404 0.0 95.0 224.0 4.906187036217996 
29945.0 12978.411546341102 0.04238921001926782 0.5690430314707772 27.0 76.0 0.0 
47635.0 11773.826086956522 0.2035966602440591 0.3031470777135517 44.0 66.0 0.0 
78020.0 8487.13554688052 0.19845857418111754 0.06358381502890173 82.0 70.0 0.0 
94474.4674466337 14311.305874779142 0.07064868336544637 0.0 115.0 186.0 4.465044858523119 
92155.0 11455.18853187834 0.16698779704560052 0.01991008349389852 115.0 114.0 3.7826505602240896 
49030.0 9580.73441551618 0.09377007064868337 0.357096981374438 54.0 87.0 2.2214285714285715 
65443.50727746143 11023.545081967215 0.07193320488118175 0.3198458574181118 78.0 86.0 0.0 
40205.0 9439.369410044717 0.08156711624919717 0.38792549775208734 49.0 74.0 1.4714285714285715 
74380.0 10491.358830935787 0.17726396917148363 0.09184328837508028 71.0 94.0 2.9166666666666665 
66695.0 8840.690011776684 0.2588310854206808 0.15414258188824662 86.0 80.0 1.4714285714285715 
53290.0 9535.82484087737 0.19396274887604367 0.2691072575465639 52.0 67.0 1.1818181818181819 
56130.0 13943.671032200213 0.17726396917148363 0.2010276172125883 59.0 116.0 3.06875 
45420.0 12922.639530897852 0.06486833654463713 0.35260115606936415 43.0 76.0 0.0 
66015.0 11920.16014403487 0.20616570327552985 0.13937058445728967 54.0 73.0 0.0 
75445.0 9098.672124600635 0.09312780989081568 0.1438664097623635 81.0 79.0 0.0 
77225.0 10104.021155692719 0.23314065510597304 0.07450224791265253 68.0 69.0 1.1538461538461537 
83130.0 11081.171164777123 0.15285806037251123 0.06872190109184328 73.0 86.0 0.75 
76365.0 10324.45570537575 0.23249839434810532 0.08413615928066795 71.0 71.0 0.0 
38865.0 9937.185197575536 0.1111111111111111 0.5067437379576107 46.0 79.0 1.4714285714285715 
64345.0 10786.212423113575 0.14964675658317278 0.34104046242774566 76.0 77.0 0.0 
38780.0 11160.044199402326 0.04816955684007707 0.41490044958253053 40.0 71.0 0.0 
47635.0 11773.826086956522 0.2035966602440591 0.3031470777135517 44.0 66.0 0.0 
56505.0 8662.241684825765 0.13102119460500963 0.3236994219653179 67.0 77.0 2.238095238095238 
73235.0 14192.880236477728 0.13037893384714194 0.11175337186897881 71.0 103.0 1.8398078529657478 
46425.0 12077.065732109008 0.1001926782273603 0.371868978805395 43.0 83.0 0.4653679653679653 
64730.0 11765.158889464723 0.2010276172125883 0.15350032113037893 54.0 73.0 0.0 
102045.0 9669.428795459033 0.14836223506743737 0.015414258188824663 129.0 122.0 4.760651629072681 
53290.0 9535.82484087737 0.19396274887604367 0.2691072575465639 52.0 67.0 1.1818181818181819 
66695.0 8840.690011776684 0.2588310854206808 0.15414258188824662 86.0 80.0 1.4714285714285715 
79520.0 9124.708259029521 0.21001926782273603 0.06294155427103404 78.0 73.0 0.0 
74380.0 10957.25986107912 0.17726396917148363 0.09184328837508028 70.0 112.0 3.3928571428571432 
