27360.0 10781.502127914644 0.10982658959537572 0.6152858060372511 37.0 74.0 0.0 
26195.0 10951.533406352686 0.12395632626846499 0.6107899807321773 35.0 68.0 0.0 
30595.0 11134.674141513264 0.1605858144109784 0.5665467532419318 31.0 68.0 0.0 
30595.0 11134.674141513264 0.16056518946692358 0.5664739884393064 31.0 68.0 0.0 
26370.0 11933.17674398488 0.14129736673089274 0.5934489402697495 24.0 68.0 0.0 
26370.0 11933.17674398488 0.14129736673089274 0.5934489402697495 24.0 68.0 0.0 
26370.0 11933.17674398488 0.14131551901306122 0.5935251798548572 24.0 68.0 0.0 
28065.0 11925.82417582418 0.07643884765962573 0.5928828268053322 24.0 76.0 1.6 
26370.0 11933.17674398488 0.1413155190133607 0.593525179856115 24.0 68.0 0.0 
25675.0 12027.845361238475 0.06679511881824021 0.6043673731535003 23.0 68.0 0.0 
28335.0 10736.069379281034 0.14771997430956968 0.581888246628131 39.0 71.0 0.6789473684210526 
26195.0 10951.533406352686 0.12395632626846499 0.6107899807321773 35.0 68.0 0.0 
30595.0 11134.674141513264 0.1605858144109784 0.5665467532419318 31.0 68.0 0.0 
28065.0 11925.82417582418 0.07642903018625562 0.5928066795118818 24.0 76.0 1.6 
26370.0 11933.17674398488 0.141315516681661 0.5935251700629762 24.0 68.0 0.0 
28065.0 11925.82417582418 0.07643884765962573 0.5928828268053322 24.0 76.0 1.6 
29375.0 9690.375136911282 0.11369475660297271 0.6031603189276349 38.0 81.0 1.2222222222222223 
26195.0 10951.533406352686 0.12395632626846499 0.6107899807321773 35.0 68.0 0.0 
28065.0 11925.82417582418 0.07642903018625562 0.5928066795118818 24.0 76.0 1.6 
30025.0 10068.817938847105 0.15928066795118817 0.5773924213230571 37.0 80.0 1.263157894736842 
28335.0 10736.069379281034 0.14771997430956968 0.581888246628131 39.0 71.0 0.6789473684210526 
26195.0 10951.533406352686 0.12397092872885582 0.6108674480220473 35.0 68.0 0.0 
30595.0 11134.674141513264 0.1605858144109784 0.5665467532419318 31.0 68.0 0.0 
28065.0 11925.82417582418 0.07642903018625562 0.5928066795118818 24.0 76.0 1.6 
26370.0 11933.17674398488 0.141315516681661 0.5935251700629762 24.0 68.0 0.0 
28065.0 11925.82417582418 0.07642903018625562 0.5928066795118818 24.0 76.0 1.6 
29375.0 9690.375136911282 0.11369475847869016 0.6031603288784749 38.0 81.0 1.2222222222222223 
26195.0 10951.533406352686 0.12395632626846499 0.6107899807321773 35.0 68.0 0.0 
28065.0 11925.82417582418 0.07642903018625562 0.5928066795118818 24.0 76.0 1.6 
29375.0 9690.375136911282 0.11369475847893114 0.6031603288797532 38.0 81.0 1.2222222222222223 
29375.0 9690.375136911282 0.11369475847869016 0.6031603288784749 38.0 81.0 1.2222222222222223 
26195.0 10951.533406352686 0.12397092872885582 0.6108674480220473 35.0 68.0 0.0 
28065.0 11925.82417582418 0.07642903018625562 0.5928066795118818 24.0 76.0 1.6 
29375.0 9690.375136911282 0.11369475847893114 0.6031603288797532 38.0 81.0 1.2222222222222223 
29375.0 9690.375136911282 0.11369475847893111 0.6031603288797531 38.0 81.0 1.2222222222222223 
159070.0 4592.8635373113 0.42587357981791474 0.0 187.0 85.0 4.125 
159070.0 4558.469236471458 0.4258188824662813 0.0 187.0 85.0 3.0625 
159070.0 4558.469236471458 0.4258188824662813 0.0 187.0 85.0 3.0625 
159070.0 4626.468978040136 0.42587358684390725 0.0 187.0 85.0 4.125 
159070.0 4626.468978040136 0.42587358684480975 0.0 187.0 85.0 4.125 
159070.0 4771.713901678478 0.4258188824662813 0.0 187.0 91.0 4.375 
159070.0 4592.8635373113 0.4258188824662813 0.0 187.0 85.0 4.125 
159070.0 4592.8635373113 0.42587358684390725 0.0 187.0 85.0 4.125 
159070.0 4592.8635373113 0.4258188824662813 0.0 187.0 85.0 4.125 
159070.0 4592.8635373113 0.4258188824662813 0.0 187.0 85.0 4.125 
159070.0 4592.8635373113 0.42587357981791474 0.0 187.0 85.0 4.125 
159070.0 4558.469236471458 0.42587357981791474 0.0 187.0 85.0 3.0625 
159070.0 4654.773278823015 0.4258188824662813 0.0 187.0 86.0 4.21875 
159070.0 4592.8635373113 0.42587358684390725 0.0 187.0 85.0 4.125 
159070.0 4592.8635373113 0.42587357981791474 0.0 187.0 85.0 4.125 
159070.0 4558.469236471458 0.4258188824662813 0.0 187.0 85.0 4.0625 
159070.0 4558.469236471458 0.42587357981791474 0.0 187.0 85.0 4.0625 
159070.0 4626.468978040136 0.42587358684480975 0.0 187.0 85.0 4.125 
159070.0 4558.469236471458 0.42587357981791474 0.0 187.0 85.0 4.0625 
159070.0 4558.469236471458 0.4258188824662813 0.0 187.0 85.0 4.0625 
159070.0 4558.469236471458 0.42587357981791474 0.0 187.0 85.0 4.0625 
24420.0 11752.784894375509 0.1457931920359666 0.6037251123956326 27.0 68.0 0.0 
24420.0 11752.784894375509 0.1458119194851684 0.6038026621852789 27.0 68.0 0.0 
24420.0 11752.784894375509 0.1457931920359666 0.6037251123956326 27.0 68.0 0.0 
24420.0 11752.784894375509 0.1457931920359666 0.6037251123956326 27.0 68.0 0.0 
24420.0 11752.784894375509 0.1458119194851684 0.6038026621852789 27.0 68.0 0.0 
24420.0 11752.784894375509 0.1458119194851684 0.6038026621852789 27.0 68.0 0.0 
24420.0 11752.784894375509 0.1457931920359666 0.6037251123956326 27.0 68.0 0.0 
24420.0 11752.784894375509 0.1457931920359666 0.6037251123956326 27.0 68.0 0.0 
24420.0 11752.784894375509 0.1457931920359666 0.6037251123956326 27.0 68.0 0.0 
24420.0 11752.784894375509 0.1458119194851684 0.6038026621852789 27.0 68.0 0.0 
24420.0 11752.784894375509 0.1457931920359666 0.6037251123956326 27.0 68.0 0.0 
24420.0 11752.784894375509 0.1458119194851684 0.6038026621852789 27.0 68.0 0.0 
24420.0 11752.784894375509 0.1458119194851684 0.6038026621852789 27.0 68.0 0.0 
24420.0 11752.784894375509 0.1458119194851684 0.6038026621852789 27.0 68.0 0.0 
24420.0 11752.784894375509 0.1458119194851684 0.6038026621852789 27.0 68.0 0.0 
29375.0 9690.375136911282 0.11369475847869016 0.6031603288784749 38.0 81.0 1.2222222222222223 
29375.0 9690.375136911282 0.11369475847893111 0.6031603288797531 38.0 81.0 1.2222222222222223 
29375.0 9690.375136911282 0.11369475660297271 0.6031603189276349 38.0 81.0 1.2222222222222223 
29375.0 9690.375136911282 0.11368015414258188 0.603082851637765 38.0 81.0 1.2222222222222223 
29375.0 9690.375136911282 0.11368015414258188 0.603082851637765 38.0 81.0 1.2222222222222223 
29855.0 9505.364410844026 0.12973667308927425 0.581888246628131 42.0 76.0 1.0444444444444445 
24420.0 11752.784894375509 0.1458119194851684 0.6038026621852789 27.0 68.0 0.0 
24420.0 11752.784894375509 0.1457931920359666 0.6037251123956326 27.0 68.0 0.0 
24420.0 11752.784894375509 0.1457931920359666 0.6037251123956326 27.0 68.0 0.0 
24420.0 11752.784894375509 0.1457931920359666 0.6037251123956326 27.0 68.0 0.0 
24420.0 11752.784894375509 0.1458119194851684 0.6038026621852789 27.0 68.0 0.0 
27360.0 10781.502127914644 0.10982658959537572 0.6152858060372511 37.0 74.0 0.0 
24420.0 11752.784894375509 0.1458119194851684 0.6038026621852789 27.0 68.0 0.0 
29375.0 9690.375136911282 0.11369475660297271 0.6031603189276349 38.0 81.0 1.2222222222222223 
29375.0 9690.375136911282 0.11369475847893111 0.6031603288797531 38.0 81.0 1.2222222222222223 
29375.0 9690.375136911282 0.11369475847893111 0.6031603288797531 38.0 81.0 1.2222222222222223 
29375.0 9690.375136911282 0.11369475847893111 0.6031603288797531 38.0 81.0 1.2222222222222223 
29375.0 9690.375136911282 0.11369475847869016 0.6031603288784749 38.0 81.0 1.2222222222222223 
29375.0 9690.375136911282 0.11369475847869016 0.6031603288784749 38.0 81.0 1.2222222222222223 
29375.0 9690.375136911282 0.11369475847869016 0.6031603288784749 38.0 81.0 1.2222222222222223 
29375.0 9690.375136911282 0.11368015414258188 0.603082851637765 38.0 81.0 1.2222222222222223 
29375.0 9690.375136911282 0.11369475847869016 0.6031603288784749 38.0 81.0 1.2222222222222223 
29375.0 9690.375136911282 0.11369475660297271 0.6031603189276349 38.0 81.0 1.2222222222222223 
29375.0 9690.375136911282 0.11369475847869016 0.6031603288784749 38.0 81.0 1.2222222222222223 
29375.0 9690.375136911282 0.11368015414258188 0.603082851637765 38.0 81.0 1.2222222222222223 
29375.0 9690.375136911282 0.11369475847893111 0.6031603288797531 38.0 81.0 1.2222222222222223 
29375.0 9690.375136911282 0.11369475660297271 0.6031603189276349 38.0 81.0 1.2222222222222223 
29375.0 9690.375136911282 0.11369475847893114 0.6031603288797532 38.0 81.0 1.2222222222222223 
43189.99999999999 8640.217808567097 0.15350032113037893 0.4951830443159923 69.0 88.0 2.6222222222222222 
43189.99999999999 8640.217605413973 0.15350032113037893 0.4951830443159923 69.0 88.0 2.6222222222222222 
43189.99999999999 8640.217808567097 0.15350032113037893 0.4951830443159923 69.0 88.0 2.6222222222222222 
43189.99999999999 8640.217605413973 0.15350032113037893 0.4951830443159923 69.0 88.0 2.6222222222222222 
43190.0 8382.153991481673 0.15352003857689536 0.49524665164345744 70.0 88.0 2.6666666666666665 
52354.99999999999 7536.551993529819 0.10918432883750803 0.3815028901734104 68.0 86.0 3.211111111111111 
25880.0 11115.413774500988 0.12267180475272961 0.6217084136159281 35.0 70.0 0.0 
25880.0 11115.413774500988 0.12267180475272961 0.6217084136159281 35.0 70.0 0.0 
25880.0 11115.413774500988 0.12267180475272961 0.6217084136159281 35.0 70.0 0.0 
25880.0 11115.413774500988 0.12267180475272961 0.6217084136159281 35.0 70.0 0.0 
25880.0 11115.413774500988 0.12267180475272961 0.6217084136159281 35.0 70.0 0.0 
29375.0 9690.375136911282 0.11368015414258188 0.603082851637765 38.0 81.0 1.2222222222222223 
24875.0 11426.426668734362 0.14964675658317278 0.5985870263326911 28.0 70.0 0.0 
