28780.0 10941.97585957754 0.12074502247912652 0.575465639049454 30.0 72.0 0.4857142857142857 
31075.0 11442.755997005868 0.11369475660297271 0.47469166739885216 36.0 65.0 0.0 
30555.0 11868.340650774213 0.11046885035324341 0.47848426461143223 34.0 65.0 0.0 
30555.0 11868.340650774213 0.11048304031475316 0.47854572694471564 34.0 65.0 0.0 
28350.0 11779.986850740159 0.15159301130492023 0.5845323740994806 25.0 70.0 0.0 
30720.0 11398.160517722043 0.10276172125883108 0.5696852922286448 28.0 69.0 0.0 
34315.0 11523.546939741967 0.09248554913294797 0.44315992292870904 32.0 65.0 0.0 
26925.0 12064.11424429956 0.13744380218368657 0.5998715478484264 24.0 70.0 0.0 
27870.0 11828.0302092361 0.0802929072054892 0.5935251700629762 25.0 69.0 0.0 
26925.0 12064.11424429956 0.13746145713579752 0.5999486026394153 24.0 70.0 0.0 
28780.0 10941.932108811901 0.12074502247912652 0.575465639049454 30.0 72.0 0.4857142857142857 
31075.0 11442.755997005868 0.11368015414258188 0.4746307000642261 36.0 65.0 0.0 
30555.0 11868.340650774213 0.11048304031475316 0.47854572694471564 34.0 65.0 0.0 
28350.0 11779.986850740159 0.15157353885677585 0.5844572896596018 25.0 70.0 0.0 
30720.0 11398.160517722043 0.10276172125883108 0.5696852922286448 28.0 69.0 0.0 
26925.0 12064.11424429956 0.13744380218368657 0.5998715478484264 24.0 70.0 0.0 
29025.0 10744.603217560634 0.08928571428552505 0.5806783144900334 30.0 72.0 1.1333333333333333 
31075.0 11442.755997005868 0.11368015414258188 0.4746307000642261 36.0 65.0 0.0 
28350.0 11779.986850740159 0.15157353885677585 0.5844572896596018 25.0 70.0 0.0 
30610.0 11478.968346231773 0.15928066795118817 0.5600513808606294 30.0 69.0 0.0 
28780.0 10941.932108811901 0.12074502247912652 0.575465639049454 30.0 72.0 0.4857142857142857 
31075.0 11442.755997005868 0.11369475660297271 0.47469166739885216 36.0 65.0 0.0 
30555.0 11868.340650774213 0.11048304213748424 0.4785457348396846 34.0 65.0 0.0 
28350.0 11779.986850740159 0.15157353885677585 0.5844572896596018 25.0 70.0 0.0 
30720.0 11398.160517722043 0.10277492122302619 0.5697584695301514 28.0 69.0 0.0 
26925.0 12064.11424429956 0.13744380218368657 0.5998715478484264 24.0 70.0 0.0 
29025.0 10744.603217560634 0.08928571428552505 0.5806783144900334 30.0 72.0 1.1333333333333333 
31075.0 11442.755997005868 0.11368015414258188 0.4746307000642261 36.0 65.0 0.0 
28350.0 11779.986850740159 0.15157353885677585 0.5844572896596018 25.0 70.0 0.0 
29025.0 10710.261107642831 0.089285712812504 0.5806783049100979 30.0 78.0 1.5333333333333332 
29025.0 10744.603217560634 0.0892742453436095 0.5806037251123957 30.0 72.0 1.1333333333333333 
31075.0 11442.755997005868 0.11368015414258188 0.4746307000642261 36.0 65.0 0.0 
28350.0 11779.986850740159 0.15159300880396362 0.5845323644559614 25.0 70.0 0.0 
29025.0 10710.261107642831 0.0892742453436095 0.5806037251123957 30.0 78.0 1.5333333333333332 
29025.0 10710.261107642831 0.0892742453436095 0.5806037251123957 30.0 78.0 1.5333333333333332 
128025.0 5830.872999939872 0.3629239465562709 0.023124357656682745 161.0 93.0 3.6623655913978492 
128025.0 5830.872999939872 0.36292394655703997 0.02312435765673175 161.0 93.0 3.6623655913978492 
128025.0 5838.2716428092335 0.36801541425818884 0.023121387283236993 156.0 83.0 3.2476190476190476 
128025.0 5913.725812916584 0.40082219276980213 0.023124357275180894 154.0 81.0 3.057142857142857 
128025.0 5913.725812916584 0.4007707129094412 0.023121387283236993 154.0 81.0 3.057142857142857 
128025.0 6065.0607366118875 0.4007707129094412 0.023121387283236993 154.0 86.0 3.257142857142857 
128025.0 5830.872999939872 0.3629239465562709 0.023124357656682745 161.0 93.0 3.6623655913978492 
128025.0 5830.872999939872 0.36287732819524726 0.023121387283236993 161.0 93.0 3.7195084485407066 
128025.0 5913.725812916584 0.40082219276980213 0.023124357275180894 154.0 81.0 3.057142857142857 
128025.0 5830.872999939872 0.3629239405688112 0.023124357275180894 161.0 93.0 3.6623655913978492 
128025.0 5830.872999939872 0.36292394655703997 0.02312435765673175 161.0 93.0 3.6623655913978492 
128025.0 5830.872999939872 0.36287732819524726 0.023121387283236993 161.0 93.0 2.7195084485407066 
128025.0 5913.725812916584 0.400817985281215 0.023124357275180894 154.0 81.0 3.057142857142857 
128025.0 5830.872999939872 0.3629239465562709 0.023124357656682745 161.0 93.0 3.6623655913978492 
128025.0 5830.872999939872 0.3629239465562709 0.023124357656682745 161.0 93.0 3.6623655913978492 
128025.0 5830.872999939872 0.36287732819524726 0.023121387283236993 161.0 93.0 3.6623655913978492 
128025.0 5830.872999939872 0.3629239405688112 0.023124357275180894 161.0 93.0 3.7195084485407066 
128025.0 5838.2716428092335 0.36801541425818884 0.023121387283236993 156.0 83.0 3.2476190476190476 
128025.0 5830.872999939872 0.36287732819524726 0.023121387283236993 161.0 87.0 2.490937019969278 
128025.0 5830.872999939872 0.3629239405688112 0.023124357275180894 161.0 93.0 3.6623655913978492 
128025.0 5830.872999939872 0.36287732819524726 0.023121387283236993 161.0 87.0 2.490937019969278 
25240.0 12563.903796461935 0.10020554819245053 0.6192189003687328 24.0 70.0 0.0 
25240.0 12563.903796461935 0.1001926782273603 0.6191393705844573 24.0 70.0 0.0 
25240.0 12563.903796461935 0.1001926782273603 0.6191393705844573 24.0 70.0 0.0 
25240.0 12563.903796461935 0.1001926782273603 0.6191393705844573 24.0 70.0 0.0 
25240.0 12563.903796461935 0.1001926782273603 0.6191393705844573 24.0 70.0 0.0 
25240.0 12563.903796461935 0.1001926782273603 0.6191393705844573 24.0 70.0 0.0 
25240.0 12563.903796461935 0.10020554819245053 0.6192189003687328 24.0 70.0 0.0 
25240.0 12563.903796461935 0.1001926782273603 0.6191393705844573 24.0 70.0 0.0 
25240.0 12563.903796461935 0.1001926782273603 0.6191393705844573 24.0 70.0 0.0 
25240.0 12563.903796461935 0.1001926782273603 0.6191393705844573 24.0 70.0 0.0 
25240.0 12563.903796461935 0.1001926782273603 0.6191393705844573 24.0 70.0 0.0 
25240.0 12563.903796461935 0.1001926782273603 0.6191393705844573 24.0 70.0 0.0 
25240.0 12563.903796461935 0.1001926782273603 0.6191393705844573 24.0 70.0 0.0 
25240.0 12563.903796461935 0.1001926782273603 0.6191393705844573 24.0 70.0 0.0 
25240.0 12563.903796461935 0.1001926782273603 0.6191393705844573 24.0 70.0 0.0 
29025.0 10710.261107642831 0.0892742453436095 0.5806037251123957 30.0 78.0 1.5333333333333332 
29025.0 10710.261107642831 0.0892742453436095 0.5806037251123957 30.0 78.0 1.5333333333333332 
29025.0 10710.261107642831 0.0892742453436095 0.5806037251123957 30.0 78.0 1.5333333333333332 
29025.0 10710.261107642831 0.089285712812504 0.5806783049100979 30.0 78.0 1.5333333333333332 
29025.0 10710.261107642831 0.089285712812504 0.5806783049100979 30.0 78.0 1.5333333333333332 
32200.0 10073.844516974488 0.10854206807964033 0.5536287732819525 36.0 82.0 1.7606112054329373 
25240.0 12563.903796461935 0.1001926782273603 0.6191393705844573 24.0 70.0 0.0 
25240.0 12563.903796461935 0.10020554819245053 0.6192189003687328 24.0 70.0 0.0 
25240.0 12563.903796461935 0.1001926782273603 0.6191393705844573 24.0 70.0 0.0 
25240.0 12563.903796461935 0.1001926782273603 0.6191393705844573 24.0 70.0 0.0 
25240.0 12563.903796461935 0.10020554819245053 0.6192189003687328 24.0 70.0 0.0 
27995.0 11180.936536581696 0.10918432883750803 0.5870263326910726 32.0 82.0 1.208294930875576 
25240.0 12563.903796461935 0.1001926782273603 0.6191393705844573 24.0 70.0 0.0 
29025.0 10710.261107642831 0.0892742453436095 0.5806037251123957 30.0 78.0 1.5333333333333332 
29025.0 10710.261107642831 0.0892742453436095 0.5806037251123957 30.0 78.0 1.5333333333333332 
29025.0 10710.261107642831 0.089285712812504 0.5806783049100979 30.0 78.0 1.5333333333333332 
29025.0 10710.261107642831 0.089285712812504 0.5806783049100979 30.0 78.0 1.5333333333333332 
29025.0 10710.261107642831 0.089285712812504 0.5806783049100979 30.0 78.0 1.5333333333333332 
29025.0 10710.261107642831 0.08928571428552505 0.5806783144900334 30.0 78.0 1.5333333333333332 
29025.0 10710.261107642831 0.0892742453436095 0.5806037251123957 30.0 78.0 1.5333333333333332 
29025.0 10710.261107642831 0.089285712812504 0.5806783049100979 30.0 78.0 1.5333333333333332 
29025.0 10710.261107642831 0.089285712812504 0.5806783049100979 30.0 78.0 1.5333333333333332 
29025.0 10710.261107642831 0.0892742453436095 0.5806037251123957 30.0 78.0 1.5333333333333332 
29025.0 10710.261107642831 0.08928571428552505 0.5806783144900334 30.0 78.0 1.5333333333333332 
29025.0 10710.261107642831 0.08928571428552505 0.5806783144900334 30.0 78.0 1.5333333333333332 
29025.0 10710.261107642831 0.08928571428552505 0.5806783144900334 30.0 78.0 1.5333333333333332 
29025.0 10710.261107642831 0.0892742453436095 0.5806037251123957 30.0 78.0 1.5333333333333332 
29025.0 10710.261107642831 0.089285712812504 0.5806783049100979 30.0 78.0 1.5333333333333332 
38040.0 9636.842063136322 0.11689145793192036 0.542068079640334 45.0 78.0 1.1904761904761905 
38040.0 9636.842063136322 0.11689145793192036 0.542068079640334 45.0 78.0 1.1904761904761905 
38040.0 9636.842063136322 0.11689145793192036 0.542068079640334 45.0 78.0 1.1904761904761905 
38040.0 9636.842063136322 0.11689145793192036 0.542068079640334 45.0 78.0 1.1904761904761905 
38040.0 9636.842063136322 0.11689145793192036 0.542068079640334 45.0 78.0 1.1904761904761905 
44120.0 8599.567226940062 0.15028901734104047 0.4277456647398844 60.0 86.0 2.642528735632184 
26485.0 11823.071153084285 0.1252567702410107 0.605730186956868 28.0 80.0 0.7225806451612904 
26485.0 11823.071153084285 0.12525693730729426 0.6057297019527316 28.0 80.0 0.7225806451612904 
26485.0 11823.071153084285 0.1252408477842004 0.6056518946692357 28.0 80.0 0.7225806451612904 
26485.0 11823.071153084285 0.125256937285837 0.6057297020150234 28.0 80.0 0.7225806451612904 
26485.0 11823.071153084285 0.1252408477842004 0.6056518946692357 28.0 80.0 0.7225806451612904 
29025.0 10710.261107642831 0.0892742453436095 0.5806037251123957 30.0 78.0 1.5333333333333332 
25965.0 11957.511086474502 0.12395632626846499 0.6095054592164418 25.0 70.0 0.0 
