1458115.0 13998.364506896878 0.29381188030166466 0.5053209681463886 1335.0 150.0 5.839598997493734 
3666567.3313202155 29027.189649570486 0.02244577066863865 0.0 3842.0 633.0 8.143819769299089 
1010178.4725335148 21401.59881118145 0.09878475332650269 0.6451406078695646 882.0 141.0 5.368627450980393 
565165.0 20631.61494143662 0.072509936871639 0.7435994856207622 548.0 131.0 0.0 
1223355.0 23534.143348287296 0.29918875162266423 0.515785743531448 1009.0 120.0 0.0 
4510844.341104267 14032.826946970838 0.32660158989946225 0.0 5426.0 274.0 7.659627489368869 
4599837.334778494 16307.579032149994 0.43436102229020523 0.0037706718404345247 4798.0 237.0 2.5024367224367223 
2303179.765279336 20694.284444428147 0.07294875466859409 0.3805259558449605 2433.0 447.0 7.265162384204884 
4610705.906248975 18955.906200742993 0.18281160408002387 1.7004738466597648E-6 4866.0 406.0 7.660515884977093 
1260725.0 13703.247782403267 0.07356207622165069 0.6238017301847089 1154.0 197.0 6.869517543859649 
1109830.832527152 16583.72624815951 0.10424999121526128 0.6484430972765538 1088.0 175.0 2.3295454545454546 
2290275.1416559145 15884.815912159987 0.34373007986854404 0.31552671984813346 2208.0 181.0 5.709273182957394 
3190921.1723279697 18847.931754606907 0.30591077830741636 0.22857803348840025 3764.0 170.0 1.3059078255490257 
1552920.0 16675.29549177233 0.2819758175936022 0.46402372991601476 1664.0 134.0 2.366161616161616 
1970818.3951156836 23870.78921864517 0.13134290901646883 0.3723426135725269 2000.0 284.0 6.41687074829932 
3632277.183399825 28299.08339328192 0.026566673875670965 0.0 3774.0 565.0 6.8533374173653705 
2767016.3734365287 24012.067466792312 0.14727135198736782 0.26055214906909396 2936.0 305.0 2.3208408886710776 
1410197.5814834624 24553.058122811573 0.16188429037721758 0.5205489892159159 1324.0 219.0 1.5734126984126984 
2222636.3983076755 27231.380320859134 0.43947528945203523 0.24389317216023007 2074.0 217.0 2.4672669006929295 
3206308.949635859 19204.09423199457 0.18619943885901333 0.28685410334346506 2888.0 320.0 6.154142706381513 
3827024.4985990776 17624.854582184376 0.21826169413767815 0.1301737781658612 3869.0 264.0 3.828211531921158 
3197791.1571995094 17361.650254098702 0.359014916187345 0.26394127381157834 3055.0 156.0 1.402322545179688 
3711453.6198112797 22423.327843899115 0.28311331872032897 0.10623684825812485 3601.0 268.0 5.403691305083928 
1458115.0 13998.364506896878 0.2938116308854355 0.5053221026476978 1335.0 150.0 5.839598997493734 
3567274.9249389716 29152.941421401752 0.03273346936873048 0.0 3917.0 650.0 8.874338372964042 
967902.316630393 21527.073699600463 0.0982878986404829 0.6551358729288329 847.0 136.0 5.444444444444445 
589600.0 20970.160529296452 0.08048913075245939 0.7193752593830921 559.0 125.0 0.0 
1194605.0 22756.332684117984 0.28299625906008885 0.5422024783726911 977.0 117.0 0.0 
5038931.708451705 14482.194969694978 0.4836934083208689 0.08653846153846154 5077.0 189.0 3.1754525954525956 
2354706.619748402 20632.411105590032 0.07294870307705736 0.3805259558449604 2537.0 467.0 7.354181573970342 
4258394.812494145 21319.74207503977 0.17012641983325724 5.413694698040954E-7 5018.0 459.0 7.083013544433892 
1316986.539171551 13268.809451725887 0.08300265009711282 0.61793090014622 1189.0 167.0 6.633320433436532 
1169065.9982681312 16948.18399639776 0.08504842791926537 0.6410196458945868 1154.0 199.0 2.304824561403509 
2331801.3918177756 16490.006673267784 0.34206391051923596 0.3112316186702283 2173.0 202.0 5.709273182957394 
3226149.6054118443 18079.042041350414 0.4228739134640981 0.17971403181820772 3283.0 186.0 2.68341307814992 
1552920.0 16675.29549177233 0.2819758175936022 0.46402372991601476 1664.0 134.0 2.366161616161616 
1986627.7841637197 23490.998359221 0.13824018788233 0.3723426019558895 2080.0 271.0 6.642796674225245 
3647179.692608773 28386.589200002873 0.026566649789517772 0.0 3794.0 568.0 6.808196351534649 
2821488.4017828605 22917.780014835877 0.18289799888684966 0.26166274059787503 3012.0 270.0 1.831626270912571 
1265179.7231768914 23309.317884981083 0.14829415710623323 0.5528438220426636 1206.0 205.0 1.0055555555555555 
2236548.1150972922 27096.64829975756 0.4351790944311986 0.24389317216023007 2115.0 225.0 2.403774837200866 
3071861.8596496345 18733.365272425264 0.23316685877623836 0.2868557800684086 2739.0 288.0 5.8023110255175725 
3814038.7428863393 17861.38410823902 0.2159528327862636 0.12996919551447006 3765.0 262.0 3.7782092164631598 
2851397.0760547733 17568.329690626724 0.3182137011924246 0.321779284545242 2782.0 146.0 2.333668033358436 
1458115.0 13998.364506896878 0.2938116308854355 0.5053221026476978 1335.0 150.0 5.839598997493734 
3598083.5460592853 30912.299292824842 0.024345453732684097 0.0 3880.0 632.0 8.075339306035218 
967902.316630393 21527.073699600463 0.0982878986404829 0.6551358729288329 847.0 136.0 5.444444444444445 
589600.0 20970.160529296452 0.08048913075245939 0.7193752593830921 559.0 125.0 0.0 
1252030.0 20453.37289221457 0.28194663865595654 0.5268887636014313 1137.0 124.0 0.0 
4747392.16312579 14547.745751582748 0.48401615439214585 0.11827850443337351 4718.0 186.0 3.1984684684684686 
2297176.407808729 21008.261360561984 0.06412242297418151 0.3805259558449605 2586.0 464.0 6.94872034571481 
4567281.610895118 20849.529049501587 0.17141275316595095 2.953718159034942E-6 5173.0 463.0 8.81451551690467 
1301029.129166913 15176.121120705962 0.09168225391629647 0.6224281038110825 1161.0 184.0 7.2105263157894735 
1075732.6125956313 17065.48421307187 0.09907694814443244 0.6480339008821832 1032.0 180.0 2.225877192982456 
2021950.8453475176 14788.585627568064 0.3617915233336037 0.3752659885490306 2041.0 189.0 6.757727652464495 
3529468.682006931 15208.832899798736 0.41626724339490295 0.13274491465980828 4019.0 197.0 4.780256410256411 
1552920.0 16675.29549177233 0.2819749940134299 0.4640253917683535 1664.0 134.0 2.366161616161616 
1950025.7180376179 23748.74402536115 0.14487453748516474 0.37432998790032673 1982.0 278.0 6.41687074829932 
3911508.725922734 25297.375760353407 0.06418079452798883 0.0 4100.0 542.0 6.505356985666101 
2786703.771258093 23824.183966537523 0.14271187322511097 0.2605521425774437 3010.0 320.0 2.5897469302186282 
1422138.21654012 24375.05567882735 0.15945850996194982 0.5202567252103648 1323.0 223.0 1.8127289377289377 
2323808.85655083 27648.091534122635 0.4629731089273408 0.21837879292244658 2172.0 227.0 3.008933567359596 
3219601.4087008466 17517.27451672345 0.24552977067371273 0.2876741106837741 2998.0 276.0 5.8023110255175725 
3802049.3363355775 17912.620920735193 0.21063307397865055 0.12996861553676414 3784.0 266.0 3.8526627683757284 
2851397.0695099863 17568.32957675443 0.31821556122107314 0.3217811654155047 2782.0 146.0 2.333668033358436 
1458115.0 13998.364506896878 0.2938116308854355 0.5053221026476978 1335.0 150.0 5.839598997493734 
3619968.615948076 31263.105199715686 0.023147220988132974 0.0 3837.0 671.0 9.039442330898346 
997399.797718035 20609.890399983324 0.09369941381490973 0.6451406647348791 862.0 142.0 5.355555555555556 
589600.0 20970.160529296452 0.08048913075245939 0.7193752593830921 559.0 125.0 0.0 
1252030.0 20453.37289221457 0.2819457677498168 0.5268910853914169 1137.0 124.0 0.0 
4782980.0 15333.618460618027 0.442862988075754 0.14683189151274256 4847.0 155.0 3.4302536231884058 
4067910.649857907 24883.560234229888 0.07943760367009564 0.0 4343.0 565.0 8.143468237519965 
3536598.084805275 23362.34753133665 0.3219546411035773 0.15592120645312135 4352.0 420.0 9.406616177897455 
1313745.0 12271.0697899106 0.09337861405977693 0.6183970153311029 1193.0 155.0 6.3980263157894735 
1129112.8114820698 17062.09825286807 0.08849710245820376 0.6450820654835392 1106.0 196.0 2.3379629629629632 
2181329.851360428 14711.406477558821 0.3682799295314894 0.3714658140437015 1991.0 175.0 6.451843895452918 
3855910.8988964735 17129.582811579177 0.5104361615574097 0.13280506390247745 4557.0 168.0 3.113725490196078 
1552920.0 16675.29549177233 0.2819749940134299 0.4640253917683535 1664.0 134.0 2.366161616161616 
1878370.551657311 23533.698078505087 0.1450499466596767 0.38520209451711424 1925.0 263.0 6.41687074829932 
3917020.2188081676 26422.551057660363 0.050327848330080624 0.0 4207.0 580.0 6.669298400684516 
2836856.246797871 22706.109315061116 0.1930978658989881 0.26166274060521744 2973.0 262.0 1.89060062988693 
1422605.1664051784 24759.609534845415 0.15530841943988813 0.5207827979605576 1349.0 226.0 2.140079365079365 
2205866.768817554 27105.278088897387 0.43251945419206733 0.2438931721605736 2116.0 228.0 3.1357019139555287 
3937112.293056788 15684.155120357666 0.18523587996200375 0.0 3971.0 314.0 7.807056660105421 
4095001.5004146434 15452.277353715985 0.27186133097734155 0.07312368482581248 4313.0 238.0 3.5938653239073406 
2851397.0695099863 17568.32957675443 0.31821556122107314 0.3217811654155047 2782.0 146.0 2.333668033358436 
1458115.0 13998.364506896878 0.2938116308854355 0.5053221026476978 1335.0 150.0 5.839598997493734 
3559250.3029675395 31326.05727513686 0.02519308354845317 0.0 3907.0 684.0 8.94417942528107 
1071505.0 20902.646646309924 0.10717355103221614 0.6414268283179617 977.0 154.0 5.0 
589600.0 20970.160529296452 0.08048913075245939 0.7193752593830921 559.0 125.0 0.0 
1252030.0 20453.37289221457 0.2819457677498168 0.5268910853914169 1137.0 124.0 0.0 
4896194.762982785 15052.341728354006 0.40720715454758005 0.0 5051.0 239.0 6.516174682144831 
4045219.375448532 27929.101435077286 0.02855389291559504 0.0 4675.0 757.0 9.765683242490201 
4560742.44284889 23638.805230614398 0.1559239126321541 1.2764717846764472E-6 4956.0 503.0 9.508976260017684 
1313745.0 12271.0697899106 0.09337785248217265 0.618398514910569 1193.0 155.0 6.3980263157894735 
1154921.7457875037 17475.152167343782 0.08428854949981247 0.6397629238931839 1145.0 203.0 2.304824561403509 
1887683.030209163 16946.749734317826 0.3364507832592939 0.36450783259293895 1912.0 161.0 7.247295864262991 
3784418.679825531 19424.9778512925 0.3628421005767704 0.10606149169978957 4450.0 200.0 4.830687830687831 
1552920.0 16675.29549177233 0.2819749940086159 0.46402539177806734 1664.0 134.0 2.366161616161616 
1863782.6901117188 23695.008327520376 0.1484693995472147 0.38835851256714926 1867.0 255.0 5.9652040816326535 
2832621.6256641066 22904.095261748 0.1786017237432715 0.26166274060521744 3029.0 277.0 2.4255656648519652 
1405792.135561995 24215.383512652093 0.1643977343802669 0.5210750588911164 1337.0 216.0 1.4575396825396822 
1874331.6004890043 25411.073862022993 0.3843545601972444 0.325609785325934 1735.0 201.0 2.4369369740966835 
3531135.296415487 13773.499307763146 0.2511105915361235 0.3017886368950199 3466.0 241.0 7.507131042020777 
3919984.5768552637 14619.759626000407 0.240502851911817 0.09261803026355445 4176.0 246.0 4.530343675931912 
3085067.8418394444 17696.329517268932 0.3523226772944967 0.3008842507738923 2916.0 229.0 2.622364883984154 
3582721.019801536 31554.610785228728 0.019318638844221234 0.0 3882.0 689.0 8.998729968142541 
2191268.1348283687 16144.66398641792 0.36550367243353715 0.37146581403912815 2006.0 185.0 6.817042606516291 
2731339.996058436 28311.161672349597 0.15878536357259762 0.28685410334346506 2809.0 480.0 9.615870183934412 
3924629.24102365 17084.18654417445 0.39475683890577506 0.21019406125789106 3622.0 154.0 2.1895604395604398 
2771114.529656444 20400.324781397263 0.3696516249707739 0.31356675239653964 2788.0 163.0 1.1208020050125314 
2722853.1352449884 24116.99930595564 0.17036000496391387 0.26166274060521744 2783.0 282.0 2.7949921178876695 
