4536038.565783905 20927.266782663624 0.16360766892681786 0.0 5175.0 507.0 9.115439159990586 
1051540.0 17606.506429685665 0.08998714051905542 0.6264905307458499 999.0 128.0 2.0588235294117645 
2392954.025693796 26785.006811328574 0.14241952858472312 0.3226871796070821 2222.0 324.0 7.938981851481851 
2901849.2776467456 23069.07240435415 0.18152431118188947 0.2963542693754046 2931.0 255.0 1.6745706457982672 
1474371.3779698783 25263.41823884471 0.18912253367461465 0.5349002297147522 1442.0 184.0 0.8432496744517205 
2874757.885226036 17823.95821742118 0.21831891512742577 0.2893967734393266 2554.0 202.0 7.392651248533602 
3998076.528460995 31265.733812186776 0.12643281758287678 0.0 4189.0 600.0 7.776747602961936 
4686505.0 15783.357863098016 0.4797780483737479 0.15448940635629357 4946.0 147.0 2.1662087912087915 
560795.0 22022.246871457384 0.08121931260229133 0.7305646481178396 460.0 124.0 0.0 
2287842.992820308 26461.816314130832 0.432285522091865 0.26172140034436636 2160.0 212.0 3.447643405188162 
2475419.6095349747 18184.227385974005 0.406566637604142 0.2715119915372782 2493.0 211.0 9.056935817805384 
1343357.7103355383 25460.91586827881 0.3385570615700149 0.4863249576678228 1082.0 146.0 0.0 
1733819.99530899 17198.540944847337 0.10372399688043955 0.5137684647317282 1749.0 214.0 7.411548269581057 
946090.1770555363 23814.388373921996 0.12771884580539533 0.6207074261412231 851.0 180.0 6.0 
3735399.3961922713 33897.764946304895 0.013414880408812358 0.0 3749.0 720.0 10.447236240179144 
4539352.434047177 16176.291243979587 0.1396727492215949 3.2278555466046525E-27 4831.0 386.0 7.761568040902734 
2350126.5822985102 21307.68974374143 0.13821097921386977 0.3226871796070821 2612.0 457.0 8.366515900731232 
4082046.5061954944 11748.97611924596 0.38377007112361416 0.16249802722163545 4072.0 188.0 7.997899805112921 
2333040.595132172 17689.93580722702 0.14358926759233137 0.41907294832826747 2513.0 193.0 2.742674461088783 
3675776.041846367 19729.816065076066 0.4260313230333962 0.2286952142731269 3040.0 164.0 1.480952380952381 
5517415.4718199195 18401.23508866881 0.27174503460297394 2.3247826000718974E-22 5516.0 350.0 3.107027505857557 
1796050.0 17163.598510949625 0.3066128550757316 0.4814148872511522 1761.0 137.0 2.1219512195121952 
874325.0 15621.246657740108 0.11082599267005301 0.6646636933814203 793.0 147.0 4.4222222222222225 
2894945.0 18205.3305050807 0.3806406359597849 0.305909516015899 3507.0 138.0 3.108695652173913 
4743019.819719765 18398.49091186949 0.43579251676308106 9.498309410258032E-7 5000.0 354.0 8.521969490172303 
781430.0 19697.114541335508 0.14534221032619407 0.6802997445530531 682.0 132.0 1.2083333333333333 
946090.1937951976 21715.797544730958 0.12771877319877137 0.620707392491385 851.0 156.0 5.294117647058823 
4097878.7822179594 30991.937546765592 0.10080131872647351 0.0 4130.0 617.0 7.858644208771586 
2792954.7944607213 17923.85093303485 0.18976613143635396 0.36269793487219354 2643.0 172.0 2.6871794871794874 
874325.0 15621.246657740108 0.11082599267005301 0.6646636933814203 793.0 147.0 4.4222222222222225 
4422706.278149389 25279.93254095868 0.24131985036240355 0.0 4652.0 410.0 8.465160940071922 
2925634.0490874154 24024.786043778346 0.4126432078559738 0.28995206920738836 3210.0 244.0 6.535626535626536 
4745874.6535272235 21542.853839652995 0.3087152209492635 0.0 4869.0 325.0 6.6305527805527795 
4458860.36210397 18958.438749653207 0.0947509936871639 0.0 4624.0 443.0 10.013451255735031 
1182867.1134460093 23801.609072921932 0.28320282065151725 0.5506224358484783 961.0 134.0 0.0 
1874440.0 20572.638940556324 0.23608940846604917 0.47630088454199043 1861.0 156.0 3.681406828465652 
3754904.9122503013 33734.4555358752 0.010609133792086696 0.0 3780.0 731.0 10.452183251273697 
2961861.4801978455 23366.26298206185 0.31342238629348307 0.24047229366378303 2847.0 222.0 3.624831309041835 
4654561.334260736 17234.2968271259 0.5275909517450895 0.10810731821370119 5196.0 160.0 5.056603773584905 
1623405.0 21162.288272628302 0.1444353518821604 0.5360357727379004 1557.0 145.0 4.0 
1477926.7717526418 17750.205706834044 0.1468032717091237 0.561991546460514 1404.0 164.0 4.530197444831591 
1030355.0 18767.190821809145 0.13897007248071078 0.6315758709375731 927.0 141.0 2.3357142857142854 
4082321.5061924392 11651.54283868063 0.38376782791676406 0.1624970773906944 4057.0 182.0 8.543354350567466 
3870304.4898696872 20844.67681252686 0.46910801963993454 0.11763502454991817 4446.0 214.0 6.568399284596468 
4278289.211164935 29140.227800748184 0.20142698586006494 0.0 4316.0 465.0 9.992093200916731 
4292030.507676218 28473.620447591788 0.21434576786623058 0.0 4260.0 484.0 6.2956347075278885 
4123916.5752575765 30664.791189399297 0.06824292728548048 0.0 4378.0 719.0 9.842159545180005 
4068161.360677899 30337.23031607744 0.12874093991115268 0.0 4118.0 548.0 10.26133736671262 
4472333.839607758 27705.914364190812 0.04915828851999065 0.0 4739.0 709.0 9.910284095430473 
4375499.393666398 15703.673689281435 0.390404394247299 0.11044635548911265 4201.0 223.0 8.191906844463524 
781430.0 19697.114541335508 0.14534221032619407 0.6802997445530531 682.0 132.0 1.2083333333333333 
2273923.4245936265 18278.755919373252 0.14104596439833758 0.4158897537581735 2405.0 212.0 3.147666409558992 
4896974.105909511 20182.301987948937 0.21603979971359114 0.0 5151.0 404.0 8.50879851920875 
4770994.070109253 20272.88884667003 0.4214110357727379 0.059153612345101705 4807.0 228.0 5.859527478171546 
1740565.2963218398 19065.14867554656 0.22463239902965088 0.49392485774896755 1458.0 170.0 4.919191919191919 
4684854.72450741 24875.435038134397 0.28413690916254725 0.08946295702115739 4507.0 370.0 8.479870880485635 
1526545.0 20374.12419524112 0.17427519289221416 0.5623100303951368 1295.0 129.0 1.125 
4371797.668888974 29739.152467470558 0.3018470890811316 0.0 4384.0 431.0 7.11802827965436 
2159593.2636448327 24112.54709203111 0.32543254617722706 0.39183422960018705 2039.0 225.0 4.675694444444444 
914995.0 23977.967731750938 0.14014038703369994 0.6264642404376373 808.0 177.0 6.0 
916145.0 20959.002353416847 0.2234652343086398 0.5970029326712669 856.0 130.0 1.2777777777777777 
4400107.090867596 16500.983788362442 0.5230886135141455 0.08446340893149404 4765.0 180.0 6.623447204968945 
2549855.0 16623.471785964633 0.31014729950900166 0.4264671498714052 2143.0 130.0 3.2549019607843137 
874325.0 15621.246657740108 0.11082599267005301 0.6646636933814203 793.0 147.0 4.4222222222222225 
3754904.9122503013 33734.4555358752 0.010609133792086696 0.0 3780.0 731.0 10.452183251273697 
3831356.359474342 16967.855963062546 0.39323789848462254 0.09705985503857845 4104.0 244.0 6.977017952564996 
1057300.0 18505.78497730412 0.1548106149169979 0.6025835866261399 1013.0 121.0 1.0769230769230769 
5359303.745551604 16374.009418556272 0.3916017270588865 0.004153594826587979 6258.0 285.0 6.737252990479656 
1231260.0 19352.803521877 0.22115384615384615 0.5675999532382511 1127.0 139.0 4.3038461538461545 
905385.0 21141.553460704992 0.14133813256281158 0.6335084212498605 798.0 143.0 5.0588235294117645 
3960174.9277602243 23671.614522332202 0.3382941326373446 0.09121516959689284 4221.0 329.0 7.321126920242617 
874325.0 15621.246657740108 0.11082599267005301 0.6646636933814203 793.0 147.0 4.4222222222222225 
1548810.0 18527.48302459054 0.17600037169317043 0.5553274437277784 1413.0 138.0 2.1497326203208553 
5298914.7605560655 19728.629834640073 0.3592194981589584 1.358886252087852E-27 5876.0 275.0 1.1722561288262128 
3513121.255780585 24474.137017442943 0.35921955692731045 0.1843309639004041 3539.0 271.0 3.219398186353142 
4040934.3997292323 29584.772676313776 0.08653906252897699 0.0 4158.0 601.0 10.379451633789788 
2612746.8862150637 24220.445071441532 0.28179912426759673 0.3413040811326018 2572.0 221.0 3.518873610325548 
4765898.15395145 26825.422639436536 0.11357469733164696 7.942987211175192E-33 4867.0 504.0 6.813910100426767 
3451715.7368017575 23141.338580168827 0.2111011311919054 0.296354315842117 3337.0 245.0 1.5102741579723677 
688610.0 20329.944683306454 0.12657820902501754 0.7017769464577975 599.0 129.0 1.1724137931034484 
4847725.746128844 20007.568985137354 0.24561608604161797 0.0 5284.0 392.0 8.529797943991493 
2792954.7944607213 17923.85093303485 0.18976613143635396 0.36269793487219354 2643.0 172.0 2.6871794871794874 
4082321.5061954944 11651.542506782516 0.38377007112361416 0.16249802722163545 4057.0 182.0 8.543354350567466 
3585035.0 15559.009171058553 0.3800561140986673 0.27884615384615385 3820.0 155.0 8.217553688141923 
4122163.258311327 32457.93179431157 0.07598828611083672 0.0 4207.0 726.0 9.592340098563456 
1491448.5883390738 20267.229209829 0.11377768593489078 0.5682757323487754 1384.0 155.0 2.7474747474747474 
2431020.0 20519.63030317942 0.2623636984119194 0.45595801002027925 2329.0 137.0 0.4292929292929293 
1626425.0 20620.21245172329 0.24155449158012965 0.5142057674022656 1606.0 136.0 0.0 
4303570.055467481 24506.10545814702 0.09960252513444003 0.0 4811.0 614.0 9.788281082823534 
3180038.9323004787 20438.080826655256 0.4055412672433949 0.1970423193827449 3243.0 218.0 6.0978260869565215 
3858429.9727676264 31483.091665838856 0.03860766892681786 0.0 4362.0 731.0 10.453735169462405 
4440233.6187366545 19201.39556450073 0.3534327317338941 0.19835749357025953 4508.0 201.0 1.634875625782228 
830455.0 20657.2550239993 0.1208225709173847 0.6756803357156278 742.0 133.0 1.0689655172413792 
2959650.0000000005 19755.585278750692 0.2893967734393266 0.39987140519055414 2777.0 146.0 4.071428571428571 
2690553.5807518014 22026.05599638913 0.4432441238049622 0.2729424830488661 2465.0 161.0 1.7887529137529137 
1350840.0 18406.854944415096 0.08949096199255281 0.6151833544291112 1287.0 138.0 2.111111111111111 
4604098.070336372 20938.413285247967 0.1917231704465747 0.0 5112.0 420.0 8.246856080856215 
4305073.567275985 15111.20209110015 0.3612058039221485 0.20469955576338555 3798.0 184.0 5.878571428571429 
4082321.5061954944 11651.542506782516 0.38377007112361416 0.16249802722163545 4057.0 182.0 8.543354350567466 
5530635.478441486 18507.12863733634 0.33925807660179214 0.02905073649754501 5356.0 279.0 2.5108705849720794 
4831522.54914373 22697.15271148839 0.13578442833761983 0.0 4993.0 602.0 9.56977967752089 
899535.0 22473.121082974434 0.15539588332269 0.6343852040415369 787.0 141.0 4.0 
4081747.3185904925 27568.167886272535 0.10281745738329315 0.0 4013.0 515.0 9.963386605627987 
4122136.4456355353 32459.917337537496 0.07598784194528875 0.0 4206.0 726.0 9.592340098563456 
2037250.0 16763.758415874872 0.26183930972655856 0.4605746880700523 2099.0 144.0 5.840907230000818 
2792954.7944607404 17923.850933034835 0.18976613143635396 0.36269793487219354 2643.0 172.0 2.6871794871794874 
1360870.0 20354.566623385035 0.23445363593347526 0.5761064983891226 1264.0 125.0 0.0 
874325.0 15621.246657740108 0.11082599267005301 0.6646636933814203 793.0 147.0 4.4222222222222225 
874325.0 15621.246657740108 0.11082599267005301 0.6646636933814203 793.0 147.0 4.4222222222222225 
4706403.841101583 24557.147965453656 0.2784662146364274 0.029021510404489127 5383.0 419.0 6.420389184419337 
3275071.1356489565 19499.430716599567 0.24333787314522282 0.3662635390643584 3007.0 176.0 1.4642678660669666 
888102.2135416666 20478.37196230615 0.1669110669991251 0.643562545591212 770.0 147.0 1.2083333333333333 
