4028039.6312873918 30233.566995166726 0.09638801228299014 1.14649703518981E-64 3936.0 574.0 6.3316506447119805 
5115165.61569308 19716.23058524767 0.2664850381021027 0.06114111975251092 5350.0 306.0 3.3775925828557405 
538145.0 22613.60731858486 0.0784428337619827 0.737783493102642 454.0 127.0 0.0 
3215889.9999999995 19822.382029399734 0.45142769977293973 0.22653144727612812 3547.0 141.0 3.0 
3230620.1420100816 17634.705464128616 0.23711129296235678 0.2215630114566285 3862.0 271.0 6.620170510261765 
3778479.950285107 35400.423385294554 0.05196426935021911 2.1290461263093718E-148 3714.0 691.0 9.27572027629527 
1217863.7591323836 24010.353580922576 0.3275387527409008 0.5139438504959903 1126.0 147.0 0.0 
1517400.0 18710.747065496977 0.3178648460652681 0.5069879996960468 1433.0 141.0 2.431643625192012 
2271718.7734265123 18063.717696786036 0.18766218808263738 0.37014846856671074 2388.0 187.0 2.9718696397941677 
2736641.501312007 23465.823704163922 0.22109637967539947 0.2636489546269996 2744.0 291.0 2.7157571111059484 
2349105.3004105096 18188.11516289719 0.39592823330320054 0.2930515358471374 2255.0 210.0 7.6168589743589745 
1517454.9999999995 15750.322713768635 0.29620885008692543 0.5050581366066587 1384.0 139.0 5.533269187427402 
2449439.5551056545 18179.263499603658 0.1700966291419433 0.39721408555913656 2366.0 230.0 3.4469727260610905 
4126037.4634794677 25044.413225238717 0.08218377367313537 0.0 4420.0 603.0 9.245040536342623 
4510663.984271807 14390.48251902843 0.1762928041372658 0.027151199153607402 4946.0 325.0 7.42793301033163 
939815.0 17498.072776443467 0.10147299509001637 0.6635492167407061 832.0 140.0 2.185185185185185 
927110.0 15574.850620337013 0.11500467617488894 0.6308159925181201 826.0 138.0 4.490196078431373 
4034771.681170501 16741.799025450942 0.25552471422652107 0.1531155015273269 3737.0 252.0 7.828707710921867 
5756499.092863862 16400.28426227483 0.4633521761933132 0.1088381036189297 5607.0 172.0 1.3402298850574712 
3345138.9620421627 18443.417459509583 0.3792692253014851 0.22621137766139524 3030.0 186.0 2.7740863787375414 
1221815.0 17883.181399537032 0.1516843095879682 0.5595660484337643 1182.0 199.0 7.763414634146342 
1277909.4775270172 23165.358196772737 0.15016454387301387 0.5769849017029816 1137.0 186.0 2.924107142857143 
2599165.7516796635 26076.900458698958 0.20753556714356158 0.31052905382941015 2645.0 250.0 5.95450937950938 
4700176.817808458 13379.054606068235 0.4827302006675278 0.0 5628.0 252.0 9.298958333333333 
2228584.540857238 26120.010088791914 0.44581741399899516 0.2630073031792886 2085.0 221.0 2.6749348015068097 
4727016.2153992755 17889.935680571165 0.45478723404255317 0.0954816460135609 4466.0 227.0 8.334360554699538 
4767854.957110606 13434.560582138438 0.4827273790039747 0.0 5696.0 267.0 9.798958333333333 
1499444.509048032 19061.53474307385 0.1991465980827683 0.5590367079728782 1270.0 160.0 4.166666666666666 
1784450.0 19992.632041662422 0.31666663739729595 0.45563644474534115 1674.0 162.0 2.6808340016038494 
2541018.75179244 18356.94722120146 0.16489427883152388 0.4074432031035285 2539.0 182.0 3.4245098039215685 
4096970.536658192 22612.754349509643 0.21671274673532856 0.0 4421.0 413.0 9.148190825839468 
4504737.852297177 25449.57223208691 0.15679883606349826 0.0 4528.0 509.0 9.173851671550171 
2871911.5970111727 19967.982133677066 0.23378088485436552 0.3731901636086252 3130.0 185.0 2.34929435483871 
994789.3883004779 17377.228781469792 0.104805382308758 0.6236884714079459 878.0 144.0 4.2859477124183005 
3547631.717190222 26178.004144500374 0.40481257437872703 0.11071100540194577 3463.0 308.0 4.7774643789317155 
4058044.147580628 22665.78509446597 0.42851529067239486 0.06266245646209871 4374.0 314.0 7.239070512820513 
4595015.288850558 19109.842086362227 0.24205118295144387 0.04494973112087155 4661.0 267.0 7.759822966212892 
4299892.99208792 31699.669219272797 0.1256137479541735 0.0 4288.0 643.0 9.915861932754584 
4462808.9473444335 30933.89274037195 0.2070973870615478 0.0 4093.0 507.0 7.286525014104571 
4098765.0 17878.505497411057 0.46311667056347905 0.21823123684825813 4355.0 147.0 5.131578947368421 
4028733.949107648 33240.51042545022 0.05345508760820834 6.701525807749649E-70 4175.0 734.0 9.823913290977329 
1814355.0 17445.445425087382 0.311698104387402 0.47963221668883615 1526.0 156.0 6.202083333333333 
1541810.0 21866.38134696284 0.27130740769146866 0.5256635823036724 1409.0 136.0 0.25625625625625625 
665160.0 22562.615092017255 0.14417231704465747 0.6982698152910919 549.0 120.0 0.0 
1235420.0 23152.799688845 0.22980598278914624 0.5855465894847663 1070.0 138.0 4.0 
4146721.935150585 31791.94080875936 0.05363036113966374 0.0 4428.0 728.0 9.889694455614732 
4197250.466130524 25693.28938375524 0.3300803001085841 0.010462941314005143 4335.0 310.0 6.239813552335352 
1060825.0 20916.903291872874 0.20250759878419453 0.5980243161094225 992.0 136.0 2.3452380952380953 
4146326.8356991224 19187.014611818468 0.42296001870469957 0.1509819967266776 4415.0 210.0 2.4855403993335026 
2856242.64674384 22631.38454813155 0.28568635197790315 0.2941621676932115 2700.0 210.0 1.8459981878586529 
4419816.755624486 15932.752796257426 0.11637933301849507 1.5870469460841362E-7 4696.0 382.0 8.165965960754354 
1684290.0 19565.30002473171 0.3024041555469035 0.4935702595338295 1626.0 145.0 1.3379713651945957 
4191299.298056045 33163.38942627605 0.1377425765723638 0.0 4226.0 679.0 10.123683352553293 
833355.0 19243.11596947306 0.1035778792253871 0.6615072568813238 756.0 134.0 3.138888888888889 
994783.9268788313 17378.11566420854 0.10480538230875795 0.623688471407946 878.0 144.0 4.2859477124183005 
1080215.0 21971.824736257797 0.23489148288938383 0.5839115262429887 942.0 141.0 1.5606758832565284 
3901515.0 14941.623637088502 0.45458265139116205 0.17637947159223755 3917.0 173.0 5.477823102823103 
2650010.0 20613.323970517096 0.4512801028758476 0.2837853635725976 2781.0 128.0 2.0 
4303509.602291665 31498.107949459114 0.07581248538695347 0.0 4448.0 747.0 9.896640000237536 
2280960.0 12906.983360831178 0.2762742576572364 0.4369300911854103 2264.0 142.0 5.437647058823529 
915075.0 20693.059214514156 0.11371872808043021 0.6543722235211596 825.0 136.0 6.0 
2541018.4021135215 18357.086574125595 0.1648945808643841 0.40744334488662093 2539.0 182.0 3.4245098039215685 
981095.0 22374.415936242323 0.18508972506747645 0.6387396363391495 831.0 136.0 0.0 
4176260.8577370364 29345.905789688866 0.1373926665458648 1.14649703518981E-64 4101.0 498.0 6.51769695886841 
3786896.0490854946 35231.50943323292 0.04670356969605124 7.274222610215007E-159 3825.0 709.0 9.585967959898216 
2115426.59674167 20881.861132321792 0.17041870605597087 0.462152209492635 1906.0 183.0 2.0430340185118405 
2871911.5970111727 19967.982133677066 0.23378088485436552 0.3731901636086252 3130.0 185.0 2.34929435483871 
4863359.390538334 24778.197725456404 0.17328305126203206 8.175620146539348E-17 5383.0 561.0 9.251696026171977 
2819054.577892636 24264.50563941299 0.3511527585632521 0.22001726939567082 3175.0 252.0 2.920168902136115 
2895840.602601128 20618.612676299606 0.2839626392677659 0.25727895117508165 2912.0 278.0 5.274953892973915 
4524376.25239775 25724.05193066117 0.19672121758941563 2.2896822173681854E-80 4499.0 479.0 7.547937879587495 
4524881.421386839 24386.465282614034 0.14753478707988293 2.820963728266023E-6 4671.0 527.0 7.618542359021477 
4272123.119657182 16344.80496606598 0.3503057557049033 0.14694884218068283 4688.0 240.0 4.219047619047619 
3486028.4672145993 22821.63917950057 0.24918333929361688 0.18161266169141743 3376.0 344.0 4.702029612603225 
3786830.7575050537 35231.80782087735 0.046703600445811025 1.2444740041555833E-153 3825.0 709.0 9.585967959898216 
1080215.0 21971.824736257797 0.2348927157903554 0.5839096504986158 942.0 141.0 1.5606758832565284 
4942844.673738702 22448.155018423426 0.16761257608145838 0.0 5411.0 563.0 9.293491378794222 
4718998.585633002 22158.243509959822 0.3219546411035773 0.0 4926.0 387.0 9.880823521268427 
1958960.0 18649.971955562087 0.25566986205284076 0.5029226093055881 1773.0 135.0 5.090909090909091 
4255318.1729107 21011.16234902094 0.3921879423830473 1.47207233460808E-11 4885.0 429.0 7.234012100106159 
2280960.0 12906.983342849198 0.27627587254066904 0.43693264513731106 2264.0 142.0 5.437647058823529 
1562739.9999999998 21027.512920444686 0.14659808276829553 0.597673602992752 1343.0 137.0 2.0 
4506694.67458389 29016.892847606545 0.23223205549528522 6.701525807749649E-70 4255.0 416.0 7.155694033909505 
4191219.2608100073 33159.66925801934 0.13774338170783593 0.0 4225.0 679.0 10.123683352553293 
2498259.51777703 23359.16593555677 0.3283259293897592 0.28296703296703296 2384.0 242.0 5.015106543921169 
4362582.061157167 20254.4246520632 0.41895807175523314 0.18608316025553148 4220.0 191.0 3.1607142857142856 
2871911.5970131587 19967.98211863752 0.23378088485436552 0.3731901636086252 3130.0 185.0 2.34929435483871 
4172743.21527265 32043.166484461337 0.0854868218781144 0.0 4292.0 706.0 9.550322858984373 
2529679.909063517 19502.024416761767 0.17521139171310984 0.39119363714755145 2451.0 193.0 3.8924585218702865 
5131666.817844693 16489.130771094715 0.4289221416880991 0.0 5347.0 256.0 8.70928069945927 
634425.0 19542.24369739407 0.13721650689735795 0.6865793780687398 587.0 125.0 1.1851851851851851 
994783.9268788313 17378.11566420854 0.10480538230875795 0.623688471407946 878.0 144.0 4.2859477124183005 
2754388.5121955494 26505.351435267825 0.4739329308944003 0.18397979312194984 2530.0 244.0 4.150031263016315 
2066200.0 21497.780367990625 0.2215045592705167 0.48927402384849195 1893.0 147.0 2.1650793650793654 
2585039.629588606 20867.45176392562 0.4607812834885384 0.2603760042825865 2628.0 207.0 3.4581027667984188 
2018070.0 20690.64245277642 0.2834054243628712 0.4845978489595511 1963.0 134.0 2.0 
1516254.9999999998 18988.72197435176 0.16463058218377366 0.5469663315407997 1406.0 164.0 7.15 
2221409.2496385043 21224.652386520185 0.40355658628292895 0.36474316329205214 2063.0 164.0 1.8217391304347827 
5347531.945495938 18748.877247462926 0.25391705736457854 4.393989812331007E-17 6075.0 360.0 8.73467031698387 
4254625.157005733 18797.739905863375 0.46919677980900787 0.1026457723850616 4527.0 226.0 3.0706006493506495 
3236615.0 17826.467108195673 0.2697585603889392 0.3481134029058759 2987.0 187.0 3.632788438758588 
2162100.0 14479.441279751634 0.3414192190787935 0.4294189852700491 1918.0 145.0 5.570332480818414 
2871911.5970111727 19967.982133677066 0.23378088485436552 0.3731901636086252 3130.0 185.0 2.34929435483871 
4191181.320575502 24604.50352253446 0.22372574234276363 0.0 4206.0 412.0 8.617874272891232 
3234433.940155203 25268.244781305697 0.3864274023848492 0.22132920271218143 3118.0 230.0 5.486657422754898 
994799.9819717497 17375.511248063955 0.10480538232021044 0.6236884713926261 879.0 144.0 4.2859477124183005 
3774082.4165802435 35570.943895562756 0.049275496634728494 1.2444740041555833E-153 3774.0 707.0 9.347376690056947 
3678785.0 12933.01870708504 0.4584404956745382 0.17579494973111995 3926.0 166.0 5.9846876727473735 
2111773.709312503 21998.25071281942 0.20709730592173045 0.47755715195629145 1959.0 148.0 2.0 
1276250.0 20894.0039596546 0.25406512030210127 0.5555018726677828 1111.0 133.0 0.0 
4700181.671094405 20222.48809093007 0.2571925640681187 0.03343593204801358 4762.0 387.0 6.76510872297637 
1715528.2018961417 19395.242155597112 0.1820503977632315 0.5233839337203323 1699.0 145.0 3.0634920634920633 
