29630.0 10836.244800950682 0.11626413155165492 0.4836844809856141 39.0 63.0 0.0 
29630.0 10836.244800950682 0.11624919717405266 0.4836223506743738 39.0 63.0 0.0 
29630.0 10836.244800950682 0.11624919717405266 0.4836223506743738 39.0 63.0 0.0 
29630.0 10836.244800950682 0.11624919717405266 0.4836223506743738 39.0 63.0 0.0 
26370.0 11933.17674398488 0.14131551901306122 0.5935251798548572 24.0 68.0 0.0 
27210.0 12074.367272763982 0.15221579961464354 0.6005138086062941 25.0 68.0 0.0 
28820.0 11635.06239295327 0.14003083016637316 0.5883864240018248 31.0 68.0 0.0 
26370.0 11933.17674398488 0.14131551901306122 0.5935251798548572 24.0 68.0 0.0 
25085.0 11865.018114415709 0.13039568130171447 0.616649527338157 26.0 68.0 0.0 
26370.0 11933.17674398488 0.1413155190133607 0.593525179856115 24.0 68.0 0.0 
29630.0 10836.244800950682 0.11626413155165492 0.4836844809856141 39.0 63.0 0.0 
29630.0 10836.244800950682 0.11626412963354837 0.483684473005867 39.0 63.0 0.0 
29630.0 10836.244800950682 0.11624919717405266 0.4836223506743738 39.0 63.0 0.0 
26370.0 11933.17674398488 0.14129736673089274 0.5934489402697495 24.0 68.0 0.0 
25085.0 11865.018114415709 0.13037893384714194 0.6165703275529865 26.0 68.0 0.0 
26370.0 11933.17674398488 0.141315516681661 0.5935251700629762 24.0 68.0 0.0 
28130.0 9837.96146254616 0.13874614365108537 0.5922404835476883 40.0 80.0 1.263157894736842 
29630.0 10836.244800950682 0.11626412963354837 0.483684473005867 39.0 63.0 0.0 
26370.0 11933.17674398488 0.14129736673089274 0.5934489402697495 24.0 68.0 0.0 
29630.0 10836.244800950682 0.11626412963354837 0.483684473005867 39.0 63.0 0.0 
29630.0 10836.244800950682 0.11626412963354837 0.483684473005867 39.0 63.0 0.0 
29630.0 10836.244800950682 0.11624919717405266 0.4836223506743738 39.0 63.0 0.0 
29630.0 10836.244800950682 0.11626413155165492 0.4836844809856141 39.0 63.0 0.0 
26370.0 11933.17674398488 0.14129736673089274 0.5934489402697495 24.0 68.0 0.0 
27750.0 11653.143917805688 0.15221579961464354 0.5928066795118818 26.0 68.0 0.0 
26370.0 11933.17674398488 0.14129736673089274 0.5934489402697495 24.0 68.0 0.0 
28130.0 9837.96146254616 0.13872832369942195 0.5921644187540142 40.0 80.0 1.263157894736842 
29630.0 10836.244800950682 0.11626412963354837 0.483684473005867 39.0 63.0 0.0 
26370.0 11933.17674398488 0.14129736673089274 0.5934489402697495 24.0 68.0 0.0 
28130.0 9824.317344013481 0.13872832369942195 0.5921644187540142 40.0 78.0 1.5333333333333332 
28130.0 9837.96146254616 0.13872832369942195 0.5921644187540142 40.0 80.0 1.263157894736842 
29630.0 10836.244800950682 0.11624919717405266 0.4836223506743738 39.0 63.0 0.0 
26370.0 11933.17674398488 0.14129736673089274 0.5934489402697495 24.0 68.0 0.0 
28130.0 9824.317344013481 0.1387461459400965 0.5922404933183747 40.0 78.0 1.5333333333333332 
28130.0 9824.317344013481 0.13874614365108537 0.5922404835476883 40.0 78.0 1.5333333333333332 
175740.0 5428.5443812551575 0.23573997944451577 0.01220452209658256 190.0 91.0 3.083333333333333 
175740.0 5428.5443812551575 0.2357399755553163 0.012204521895234358 190.0 91.0 3.083333333333333 
175740.0 5428.5443812551575 0.2357399755553163 0.012204521895234358 190.0 91.0 3.083333333333333 
175740.00000000003 5464.087606413735 0.23573997944501543 0.012204522096608428 190.0 91.0 3.1666666666666665 
175740.00000000003 5464.087606413735 0.23573997925464843 0.012204522096608428 190.0 91.0 3.1666666666666665 
175740.00000000003 5464.087606413735 0.23573997944501543 0.012204522096608428 190.0 91.0 3.1666666666666665 
175740.0 5428.5443812551575 0.23573997944451577 0.01220452209658256 190.0 91.0 3.083333333333333 
175740.0 5428.5443812551575 0.2357399755553163 0.012204521895234358 190.0 91.0 3.083333333333333 
175740.0 5428.5443812551575 0.23573997944451577 0.01220452209658256 190.0 91.0 3.083333333333333 
175740.0 5428.5443812551575 0.2357096981374438 0.012202954399486191 190.0 91.0 3.083333333333333 
175740.0 5428.5443812551575 0.2357399755553163 0.012204521895234358 190.0 91.0 3.083333333333333 
175740.0 5428.5443812551575 0.2357096981374438 0.012202954399486191 190.0 91.0 3.083333333333333 
175740.00000000003 5464.087606413735 0.23573997944501543 0.012204522096608428 190.0 91.0 3.1666666666666665 
175740.0 5428.5443812551575 0.2357399755553163 0.012204521895234358 190.0 91.0 3.083333333333333 
175740.0 5428.5443812551575 0.2357399755553163 0.012204521895234358 190.0 91.0 3.083333333333333 
175740.0 5428.5443812551575 0.23573997944451577 0.01220452209658256 190.0 91.0 3.083333333333333 
175740.0 5428.5443812551575 0.2357399755553163 0.012204521895234358 190.0 91.0 3.083333333333333 
175740.00000000003 5464.087606413735 0.23573997944499095 0.012204522096608428 190.0 91.0 3.1666666666666665 
175740.0 5428.5443812551575 0.2357399755553163 0.012204521895234358 190.0 91.0 3.083333333333333 
175740.0 5428.5443812551575 0.2357096981374438 0.012202954399486191 190.0 91.0 3.083333333333333 
175740.0 5428.5443812551575 0.2357096981374438 0.012202954399486191 190.0 91.0 3.083333333333333 
24995.0 11709.489281210595 0.1233140655105973 0.6056518946692357 28.0 68.0 0.0 
24995.0 11709.489281210595 0.12332990546763142 0.6057296919582106 28.0 68.0 0.0 
24995.0 11709.489281210595 0.1233140655105973 0.6056518946692357 28.0 68.0 0.0 
24995.0 11709.489281210595 0.1233140655105973 0.6056518946692357 28.0 68.0 0.0 
24995.0 11709.489281210595 0.12332990750256934 0.6057297019527234 28.0 68.0 0.0 
24995.0 11709.489281210595 0.12332990546763142 0.6057296919582106 28.0 68.0 0.0 
24995.0 11709.489281210595 0.12332990750256934 0.6057297019527234 28.0 68.0 0.0 
24995.0 11709.489281210595 0.12332990750230799 0.6057297019514397 28.0 68.0 0.0 
24995.0 11709.489281210595 0.1233140655105973 0.6056518946692357 28.0 68.0 0.0 
24995.0 11709.489281210595 0.12332990750256934 0.6057297019527234 28.0 68.0 0.0 
24995.0 11709.489281210595 0.12332990546763142 0.6057296919582106 28.0 68.0 0.0 
24995.0 11709.489281210595 0.1233140655105973 0.6056518946692357 28.0 68.0 0.0 
24995.0 11709.489281210595 0.1233140655105973 0.6056518946692357 28.0 68.0 0.0 
24995.0 11709.489281210595 0.12332990750256934 0.6057297019527234 28.0 68.0 0.0 
24995.0 11709.489281210595 0.1233140655105973 0.6056518946692357 28.0 68.0 0.0 
28130.0 9824.317344013481 0.13874614365108537 0.5922404835476883 40.0 78.0 1.5333333333333332 
28130.0 9824.317344013481 0.13872832369942195 0.5921644187540142 40.0 78.0 1.5333333333333332 
28130.0 9824.317344013481 0.13872832369942195 0.5921644187540142 40.0 78.0 1.5333333333333332 
28130.0 9824.317344013481 0.13872832369942195 0.5921644187540142 40.0 78.0 1.5333333333333332 
28130.0 9824.317344013481 0.13874614365108537 0.5922404835476883 40.0 78.0 1.5333333333333332 
31440.0 9680.127476835934 0.13102119460500963 0.46499678869621064 43.0 73.0 1.5333333333333332 
24995.0 11709.489281210595 0.1233140655105973 0.6056518946692357 28.0 68.0 0.0 
24995.0 11709.489281210595 0.1233140655105973 0.6056518946692357 28.0 68.0 0.0 
24995.0 11709.489281210595 0.12332990750230799 0.6057297019514397 28.0 68.0 0.0 
24995.0 11709.489281210595 0.12332990546763142 0.6057296919582106 28.0 68.0 0.0 
24995.0 11709.489281210595 0.12332990750230799 0.6057297019514397 28.0 68.0 0.0 
26195.0 10951.533406352686 0.12397225077081188 0.6108684480986637 35.0 68.0 0.0 
24995.0 11709.489281210595 0.12332990750230799 0.6057297019514397 28.0 68.0 0.0 
28130.0 9824.317344013481 0.13874614365108537 0.5922404835476883 40.0 78.0 1.5333333333333332 
28130.0 9824.317344013481 0.13872832369942195 0.5921644187540142 40.0 78.0 1.5333333333333332 
28130.0 9824.317344013481 0.13872832369942195 0.5921644187540142 40.0 78.0 1.5333333333333332 
28130.0 9824.317344013481 0.13874614365108537 0.5922404835476883 40.0 78.0 1.5333333333333332 
28130.0 9824.317344013481 0.13874614365108537 0.5922404835476883 40.0 78.0 1.5333333333333332 
28130.0 9824.317344013481 0.13872832369942195 0.5921644187540142 40.0 78.0 1.5333333333333332 
28130.0 9824.317344013481 0.13872832369942195 0.5921644187540142 40.0 78.0 1.5333333333333332 
28130.0 9824.317344013481 0.13872832369942195 0.5921644187540142 40.0 78.0 1.5333333333333332 
28130.0 9824.317344013481 0.13872832369942195 0.5921644187540142 40.0 78.0 1.5333333333333332 
28130.0 9824.317344013481 0.13872832369942195 0.5921644187540142 40.0 78.0 1.5333333333333332 
28130.0 9824.317344013481 0.13874614365108537 0.5922404835476883 40.0 78.0 1.5333333333333332 
28130.0 9824.317344013481 0.13874614365108537 0.5922404835476883 40.0 78.0 1.5333333333333332 
28130.0 9824.317344013481 0.13874614365108537 0.5922404835476883 40.0 78.0 1.5333333333333332 
28130.0 9824.317344013481 0.13874614365108537 0.5922404835476883 40.0 78.0 1.5333333333333332 
28130.0 9824.317344013481 0.1387461459400965 0.5922404933183747 40.0 78.0 1.5333333333333332 
38900.0 8491.99346405229 0.156089411607471 0.3924717304204312 57.0 79.0 2.608695652173913 
38900.0 8491.99346405229 0.15606936416184972 0.3924213230571612 57.0 79.0 2.608695652173913 
38900.0 8491.99346405229 0.156089411607471 0.3924717304204312 57.0 79.0 2.608695652173913 
38900.0 8491.99346405229 0.156089411607471 0.3924717304204312 57.0 79.0 2.608695652173913 
38900.0 8491.99346405229 0.15606936416184972 0.3924213230571612 57.0 79.0 2.608695652173913 
42735.0 8008.403393747631 0.15737748364440413 0.4933204551129669 62.0 90.0 2.2962962962962963 
26195.0 10951.533406352686 0.12395632626846499 0.6107899807321773 35.0 68.0 0.0 
26195.0 10951.533406352686 0.12395632626846499 0.6107899807321773 35.0 68.0 0.0 
26195.0 10951.533406352686 0.12395632626846499 0.6107899807321773 35.0 68.0 0.0 
26195.0 10951.533406352686 0.12397225077054917 0.6108684480973693 35.0 68.0 0.0 
26195.0 10951.533406352686 0.12397225077054917 0.6108684480973693 35.0 68.0 0.0 
28130.0 9824.317344013481 0.13872832369942195 0.5921644187540142 40.0 78.0 1.5333333333333332 
25625.0 11411.014286917904 0.125257597390289 0.6089424084184316 28.0 72.0 0.3956989247311828 
