[1, 2, 5, 7, 14, 8][4, 3, 11, 10, 12, 13][0, 1, 2][6, 14][6, 9][1, 3] 
[6, 9, 10, 12, 13][2, 5, 7, 14, 8][2, 1, 3][4, 3, 11][6, 14][0, 1] 
[2, 5, 7, 14, 8][6, 9, 10, 12, 13][2, 1, 3][4, 3, 11][6, 14][0, 1] 
[2, 5, 7, 14, 8][6, 9, 10, 12, 13][2, 1, 3][4, 3, 11][6, 14][0, 1] 
[4, 3, 11, 10, 12, 13][2, 5, 7, 14][6, 14, 8][0, 1, 2][6, 9][1, 3] 
[4, 3, 11, 10, 12, 13][0, 1, 2, 5, 7][7, 14, 8][6, 14][1, 3][6, 9] 
[4, 3, 11, 10, 12, 13][0, 1, 2, 5, 7][7, 14, 8][6, 14][1, 3][6, 9] 
[4, 3, 11, 10, 12, 13][0, 1, 2, 5, 7][5, 14, 8][1, 3][6, 14][6, 9] 
[4, 3, 11, 10, 12, 13][0, 1, 2, 5, 7][7, 14, 8][6, 14][1, 3][6, 9] 
[4, 3, 11, 10, 12, 13][0, 1, 2, 5, 7][5, 14, 8][1, 3][6, 14][6, 9] 
[4, 3, 11, 10, 12, 13][1, 2, 5, 7, 14, 8][0, 1, 2][1, 3][6, 14][6, 9] 
[2, 5, 7, 14, 8][6, 9, 10, 12, 13][2, 1, 3][4, 3, 11][6, 14][0, 1] 
[2, 5, 7, 14, 8][6, 9, 10, 12, 13][2, 1, 3][4, 3, 11][6, 14][0, 1] 
[4, 3, 11, 10, 12, 13][0, 1, 2, 5, 7][5, 14, 8][6, 14, 8][1, 3][6, 9] 
[4, 3, 11, 10, 12, 13][0, 1, 2, 5, 7][7, 14, 8][6, 14][1, 3][6, 9] 
[4, 3, 11, 10, 12, 13][0, 1, 2, 5, 7][5, 14, 8][1, 3][6, 14][6, 9] 
[0, 1, 2, 5, 7, 14, 8][4, 3, 11, 10, 12, 13][6, 14][1, 3][6, 9][8, 14] 
[2, 5, 7, 14, 8][6, 9, 10, 12, 13][2, 1, 3][4, 3, 11][6, 14][0, 1] 
[4, 3, 11, 10, 12, 13][0, 1, 2, 5, 7][5, 14, 8][6, 14, 8][1, 3][6, 9] 
[2, 5, 7, 14, 8][6, 9, 10, 12, 13][2, 1, 3][4, 3, 11][6, 14][0, 1] 
[1, 2, 5, 7, 14, 8][4, 3, 11, 10, 12, 13][0, 1, 2][6, 14][6, 9][1, 3] 
[2, 5, 7, 14, 8][6, 9, 10, 12, 13][2, 1, 3][4, 3, 11][6, 14][0, 1] 
[2, 5, 7, 14, 8][6, 9, 10, 12, 13][2, 1, 3][4, 3, 11][6, 14][0, 1] 
[4, 3, 11, 10, 12, 13][0, 1, 2, 5, 7][5, 14, 8][6, 14, 8][1, 3][6, 9] 
[4, 3, 11, 10, 12, 13][0, 1, 2, 5, 7][7, 14, 8][6, 14][1, 3][6, 9] 
[4, 3, 11, 10, 12, 13][0, 1, 2, 5, 7][5, 14, 8][1, 3][6, 14][6, 9] 
[0, 1, 2, 5, 7, 14, 8][4, 3, 11, 10, 12, 13][1, 3][6, 14][6, 9][8, 14] 
[2, 5, 7, 14, 8][6, 9, 10, 12, 13][2, 1, 3][4, 3, 11][6, 14][0, 1] 
[4, 3, 11, 10, 12, 13][0, 1, 2, 5, 7][5, 14, 8][6, 14, 8][1, 3][6, 9] 
[0, 1, 2, 5, 7, 14, 8][4, 3, 11, 10, 12, 13][1, 3][6, 14][6, 9][8, 14] 
[0, 1, 2, 5, 7, 14, 8][4, 3, 11, 10, 12, 13][1, 3][6, 14][6, 9][8, 14] 
[2, 5, 7, 14, 8][6, 9, 10, 12, 13][2, 1, 3][4, 3, 11][6, 14][0, 1] 
[4, 3, 11, 10, 12, 13][0, 1, 2, 5, 7][5, 14, 8][6, 14, 8][1, 3][6, 9] 
[0, 1, 2, 5, 7, 14, 8][4, 3, 11, 10, 12, 13][1, 3][6, 14][6, 9][8, 14] 
[0, 1, 2, 5, 7, 14, 8][4, 3, 11, 10, 12, 13][1, 3][6, 14][6, 9][8, 14] 
[4, 3, 5, 7, 9, 6, 14, 8][0, 1, 2, 5, 3, 4][3, 11, 10, 12, 13][6, 14][8, 14][6, 14] 
[4, 3, 5, 7, 9, 6, 14, 8][0, 1, 2, 5, 3, 4][3, 11, 10, 12, 13][8, 14][6, 14][6, 14] 
[4, 3, 5, 7, 9, 6, 14, 8][0, 1, 2, 5, 3, 4][3, 11, 10, 12, 13][6, 14][6, 14][6, 14] 
[4, 3, 5, 7, 9, 6, 14, 8][3, 11, 10, 12, 13][0, 1, 2, 5, 7][6, 14][6, 14][6, 14] 
[4, 3, 5, 7, 9, 6, 14, 8][3, 11, 10, 12, 13][0, 1, 2, 5, 7][6, 14][6, 14][6, 14] 
[4, 3, 5, 7, 9, 6, 14, 8][3, 11, 10, 12, 13][0, 1, 2, 5][6, 14][7, 14][6, 14] 
[4, 3, 5, 7, 9, 6, 14, 8][0, 1, 2, 5, 3, 4][3, 11, 10, 12, 13][8, 14][6, 14][6, 14] 
[4, 3, 5, 7, 9, 6, 14, 8][0, 1, 2, 5, 3, 4][3, 11, 10, 12, 13][8, 14][6, 14][6, 14] 
[4, 3, 5, 7, 9, 6, 14, 8][3, 11, 10, 12, 13][0, 1, 2, 5, 7][6, 14][6, 14][6, 14] 
[4, 3, 5, 7, 9, 6, 14, 8][0, 1, 2, 5, 3, 4][3, 11, 10, 12, 13][6, 14][8, 14][6, 14] 
[4, 3, 5, 7, 9, 6, 14, 8][0, 1, 2, 5, 3, 4][3, 11, 10, 12, 13][6, 14][8, 14][6, 14] 
[4, 3, 5, 7, 9, 6, 14, 8][0, 1, 2, 5, 3, 4][3, 11, 10, 12, 13][8, 14][6, 14][6, 14] 
[4, 3, 5, 7, 9, 6, 14, 8][3, 11, 10, 12, 13][0, 1, 2, 5, 7][6, 14][6, 14][6, 14] 
[4, 3, 5, 7, 9, 6, 14, 8][0, 1, 2, 5, 3, 4][3, 11, 10, 12, 13][6, 14][8, 14][6, 14] 
[4, 3, 5, 7, 9, 6, 14, 8][0, 1, 2, 5, 3, 4][3, 11, 10, 12, 13][6, 14][8, 14][6, 14] 
[4, 3, 5, 7, 9, 6, 14, 8][0, 1, 2, 5, 3, 4][3, 11, 10, 12, 13][6, 14][8, 14][6, 14] 
[4, 3, 5, 7, 9, 6, 14, 8][0, 1, 2, 5, 3, 4][3, 11, 10, 12, 13][6, 14][8, 14][6, 14] 
[4, 3, 5, 7, 9, 6, 14, 8][0, 1, 2, 5, 3][3, 11, 10, 12, 13][6, 14][8, 14][6, 14] 
[4, 3, 5, 7, 9, 6, 14, 8][0, 1, 2, 5, 3, 4][3, 11, 10, 12, 13][8, 14][6, 14][6, 14] 
[4, 3, 5, 7, 9, 6, 14, 8][0, 1, 2, 5, 3, 4][3, 11, 10, 12, 13][6, 14][8, 14][6, 14] 
[4, 3, 5, 7, 9, 6, 14, 8][4, 3, 11, 10, 12, 13][0, 1, 2, 5, 3, 4][6, 14][7, 14][6, 14] 
[4, 3, 11, 10, 12, 13][2, 5, 7, 14, 8][2, 1, 3][6, 14][6, 9][0, 1] 
[4, 3, 11, 10, 12, 13][2, 5, 7, 14, 8][2, 1, 3][6, 14][6, 9][0, 1] 
[4, 3, 11, 10, 12, 13][2, 5, 7, 14, 8][2, 1, 3][0, 1][6, 14][6, 9] 
[4, 3, 11, 10, 12, 13][2, 5, 7, 14, 8][2, 1, 3][6, 14][6, 9][0, 1] 
[4, 3, 11, 10, 12, 13][2, 5, 7, 14, 8][2, 1, 3][6, 14][6, 9][0, 1] 
[4, 3, 11, 10, 12, 13][2, 5, 7, 14, 8][2, 1, 3][6, 14][0, 1][6, 9] 
[4, 3, 11, 10, 12, 13][2, 5, 7, 14, 8][2, 1, 3][6, 14][6, 9][0, 1] 
[4, 3, 11, 10, 12, 13][2, 5, 7, 14, 8][2, 1, 3][6, 14][6, 9][0, 1] 
[4, 3, 11, 10, 12, 13][2, 5, 7, 14, 8][2, 1, 3][6, 14][6, 9][0, 1] 
[4, 3, 11, 10, 12, 13][2, 5, 7, 14, 8][2, 1, 3][6, 14][6, 9][0, 1] 
[4, 3, 11, 10, 12, 13][2, 5, 7, 14, 8][2, 1, 3][6, 14][0, 1][6, 9] 
[4, 3, 11, 10, 12, 13][2, 5, 7, 14, 8][2, 1, 3][6, 14][6, 9][0, 1] 
[4, 3, 11, 10, 12, 13][2, 5, 7, 14, 8][2, 1, 3][6, 14][0, 1][6, 9] 
[4, 3, 11, 10, 12, 13][2, 5, 7, 14, 8][2, 1, 3][6, 14][6, 9][0, 1] 
[4, 3, 11, 10, 12, 13][2, 5, 7, 14, 8][2, 1, 3][6, 14][0, 1][6, 9] 
[0, 1, 2, 5, 7, 14, 8][4, 3, 11, 10, 12, 13][1, 3][6, 14][6, 9][8, 14] 
[0, 1, 2, 5, 7, 14, 8][4, 3, 11, 10, 12, 13][1, 3][6, 14][6, 9][8, 14] 
[0, 1, 2, 5, 7, 14, 8][4, 3, 11, 10, 12, 13][6, 14][1, 3][6, 9][8, 14] 
[0, 1, 2, 5, 7, 14, 8][4, 3, 11, 10, 12, 13][1, 3][6, 14][6, 9][8, 14] 
[0, 1, 2, 5, 7, 14, 8][4, 3, 11, 10, 12, 13][1, 3][6, 14][6, 9][8, 14] 
[0, 1, 2, 5, 7, 14, 8][4, 3, 11, 10, 12, 13][2, 1, 3, 4][6, 14][6, 9][8, 14] 
[4, 3, 11, 10, 12, 13][2, 5, 7, 14, 8][2, 1, 3][6, 14][6, 9][0, 1] 
[4, 3, 11, 10, 12, 13][2, 5, 7, 14, 8][2, 1, 3][6, 14][6, 9][0, 1] 
[4, 3, 11, 10, 12, 13][2, 5, 7, 14, 8][2, 1, 3][6, 14][6, 9][0, 1] 
[4, 3, 11, 10, 12, 13][2, 5, 7, 14, 8][2, 1, 3][6, 14][0, 1][6, 9] 
[4, 3, 11, 10, 12, 13][2, 5, 7, 14, 8][2, 1, 3][6, 14][6, 9][0, 1] 
[4, 3, 11, 10, 12, 13][2, 5, 7, 14, 8][2, 1, 3, 4][0, 1][6, 14][6, 9] 
[4, 3, 11, 10, 12, 13][2, 5, 7, 14, 8][2, 1, 3][6, 14][0, 1][6, 9] 
[0, 1, 2, 5, 7, 14, 8][4, 3, 11, 10, 12, 13][1, 3][6, 14][6, 9][8, 14] 
[0, 1, 2, 5, 7, 14, 8][4, 3, 11, 10, 12, 13][1, 3][6, 14][6, 9][8, 14] 
[0, 1, 2, 5, 7, 14, 8][4, 3, 11, 10, 12, 13][1, 3][6, 14][6, 9][8, 14] 
[0, 1, 2, 5, 7, 14, 8][4, 3, 11, 10, 12, 13][6, 14][1, 3][6, 9][8, 14] 
[0, 1, 2, 5, 7, 14, 8][4, 3, 11, 10, 12, 13][6, 14][1, 3][6, 9][8, 14] 
[0, 1, 2, 5, 7, 14, 8][4, 3, 11, 10, 12, 13][6, 14][1, 3][6, 9][8, 14] 
[0, 1, 2, 5, 7, 14, 8][4, 3, 11, 10, 12, 13][1, 3][6, 14][6, 9][8, 14] 
[0, 1, 2, 5, 7, 14, 8][4, 3, 11, 10, 12, 13][6, 14][1, 3][6, 9][8, 14] 
[0, 1, 2, 5, 7, 14, 8][4, 3, 11, 10, 12, 13][1, 3][6, 14][6, 9][8, 14] 
[0, 1, 2, 5, 7, 14, 8][4, 3, 11, 10, 12, 13][6, 14][1, 3][6, 9][8, 14] 
[0, 1, 2, 5, 7, 14, 8][4, 3, 11, 10, 12, 13][1, 3][6, 14][6, 9][8, 14] 
[0, 1, 2, 5, 7, 14, 8][4, 3, 11, 10, 12, 13][1, 3][6, 14][6, 9][8, 14] 
[0, 1, 2, 5, 7, 14, 8][4, 3, 11, 10, 12, 13][1, 3][6, 14][6, 9][8, 14] 
[0, 1, 2, 5, 7, 14, 8][4, 3, 11, 10, 12, 13][1, 3][6, 14][6, 9][8, 14] 
[0, 1, 2, 5, 7, 14, 8][4, 3, 11, 10, 12, 13][1, 3][6, 14][6, 9][8, 14] 
[4, 3, 1, 2, 5, 7, 14, 8][4, 3, 11, 10, 12, 13][0, 1, 2][8, 14][6, 14][6, 9] 
[4, 3, 1, 2, 5, 7, 14, 8][4, 3, 11, 10, 12, 13][0, 1, 2][8, 14][6, 14][6, 9] 
[4, 3, 1, 2, 5, 7, 14, 8][4, 3, 11, 10, 12, 13][0, 1, 2][8, 14][6, 14][6, 9] 
[4, 3, 1, 2, 5, 7, 14, 8][4, 3, 11, 10, 12, 13][0, 1, 2][8, 14][6, 14][6, 9] 
[4, 3, 1, 2, 5, 7, 14, 8][4, 3, 11, 10, 12, 13][0, 1, 2][8, 14][6, 14][6, 9] 
[6, 9, 10, 12, 13][0, 1, 2, 5, 7][4, 3, 11, 10][6, 14][8, 14][1, 3] 
[4, 3, 11, 10, 12, 13][2, 5, 7, 14, 8][0, 1, 2][6, 14][6, 9][1, 3] 
[4, 3, 11, 10, 12, 13][2, 5, 7, 14, 8][0, 1, 2][6, 14][6, 9][1, 3] 
[4, 3, 11, 10, 12, 13][2, 5, 7, 14, 8][0, 1, 2][6, 14][6, 9][1, 3] 
[4, 3, 11, 10, 12, 13][2, 5, 7, 14, 8][0, 1, 2][1, 3][6, 14][6, 9] 
[4, 3, 11, 10, 12, 13][2, 5, 7, 14, 8][0, 1, 2][6, 14][6, 9][1, 3] 
[0, 1, 2, 5, 7, 14, 8][4, 3, 11, 10, 12, 13][1, 3][6, 14][6, 9][8, 14] 
[4, 3, 11, 10, 12, 13][2, 5, 7, 14, 8][0, 1, 2][1, 3][6, 14][6, 9] 
