[6, 9, 10, 12, 13][2, 1, 3, 11][0, 1, 3, 4][5, 7, 14, 8][6, 14][2, 5] 
[2, 5, 7, 14, 8][6, 9, 10, 12, 13][0, 1, 3, 4][6, 14][1, 2][3, 11] 
[2, 5, 7, 14, 8][6, 9, 10, 12, 13][0, 1, 3, 4][6, 14][1, 2][3, 11] 
[2, 5, 7, 14, 8][6, 9, 10, 12, 13][0, 1, 3, 4][6, 14][1, 2][3, 11] 
[2, 5, 7, 14, 8][3, 11, 10, 12, 13][0, 1, 3, 4][6, 14][6, 9][1, 2] 
[3, 11, 10, 12, 13][2, 5, 7, 14, 8][0, 1, 3, 4][1, 2][6, 14][6, 9] 
[6, 9, 10, 12, 13][2, 5, 7, 14, 8][0, 1, 3][4, 3, 11][6, 14][1, 2] 
[4, 3, 11, 10, 12, 13][2, 5, 7, 14, 8][0, 1, 3][1, 2][6, 14][6, 9] 
[4, 3, 11, 10, 12, 13][2, 5, 7, 14, 8][0, 1, 3][1, 2][6, 14][6, 9] 
[4, 3, 11, 10, 12, 13][2, 5, 7, 14, 8][0, 1, 3][1, 2][6, 14][6, 9] 
[0, 1, 3, 11, 10, 12, 13][2, 5, 7, 14, 8][2, 1, 3][6, 14][6, 9][3, 4] 
[2, 5, 7, 14, 8][6, 9, 10, 12, 13][0, 1, 3, 4][3, 11][1, 2][6, 14] 
[2, 5, 7, 14, 8][6, 9, 10, 12, 13][0, 1, 3, 4][6, 14][1, 2][3, 11] 
[2, 5, 7, 14, 8][3, 11, 10, 12, 13][0, 1, 3, 4][6, 14][1, 2][6, 9] 
[2, 5, 7, 14, 8][3, 11, 10, 12, 13][0, 1, 3, 4][6, 14][1, 2][6, 9] 
[4, 3, 11, 10, 12, 13][2, 5, 7, 14, 8][0, 1, 3][1, 2][6, 14][6, 9] 
[0, 1, 3, 11, 10, 12, 13][2, 5, 7, 14, 8][2, 1, 4][6, 9][6, 14][3, 11] 
[2, 5, 7, 14, 8][6, 9, 10, 12, 13][0, 1, 3, 4][6, 14][1, 2][3, 11] 
[2, 5, 7, 14, 8][3, 11, 10, 12, 13][0, 1, 3, 4][6, 14][6, 9][1, 2] 
[6, 9, 10, 12, 13][2, 1, 3, 11][0, 1, 3, 4][5, 7, 14, 8][6, 14][2, 5] 
[0, 1, 3, 11, 10, 12, 13][2, 5, 7, 14, 8][2, 1, 3][6, 14][6, 9][3, 4] 
[2, 5, 7, 14, 8][6, 9, 10, 12, 13][0, 1, 3, 4][3, 11][1, 2][6, 14] 
[2, 5, 7, 14, 8][6, 9, 10, 12, 13][0, 1, 3, 4][6, 14][1, 2][3, 11] 
[3, 11, 10, 12, 13][2, 5, 7, 14, 8][0, 1, 3, 4][1, 2][6, 14][6, 9] 
[3, 11, 10, 12, 13][2, 5, 7, 14, 8][0, 1, 3, 4][1, 2][6, 14][6, 9] 
[4, 3, 11, 10, 12, 13][2, 5, 7, 14, 8][0, 1, 3][1, 2][6, 14][6, 9] 
[0, 1, 3, 11, 10, 12, 13][2, 5, 7, 14, 8][2, 1, 4][6, 14][6, 9][3, 11] 
[2, 5, 7, 14, 8][6, 9, 10, 12, 13][0, 1, 3, 4][6, 14][1, 2][3, 11] 
[2, 5, 7, 14, 8][3, 11, 10, 12, 13][0, 1, 3, 4][6, 14][6, 9][1, 2] 
[0, 1, 3, 11, 10, 12, 13][2, 5, 7, 14, 8][2, 1, 4][6, 9][6, 14][3, 11] 
[0, 1, 3, 11, 10, 12, 13][2, 5, 7, 14, 8][2, 1, 4][6, 14][6, 9][3, 11] 
[6, 9, 10, 12, 13][2, 5, 7, 14, 8][0, 1, 3, 4][6, 14][1, 2][3, 11] 
[2, 5, 7, 14, 8][3, 11, 10, 12, 13][0, 1, 3, 4][6, 14][1, 2][6, 9] 
[0, 1, 3, 11, 10, 12, 13][2, 5, 7, 14, 8][2, 1, 4][6, 14][6, 9][3, 11] 
[0, 1, 3, 11, 10, 12, 13][2, 5, 7, 14, 8][2, 1, 4][6, 14][6, 9][3, 11] 
[2, 1, 4, 3, 11, 10, 12, 13][0, 1, 2, 5, 7, 9][8, 14, 6, 9][6, 14, 8][6, 14][6, 14] 
[2, 1, 4, 3, 11, 10, 12, 13][0, 1, 2, 5, 7, 9][8, 14, 6, 9][6, 14][6, 14][6, 14] 
[2, 1, 4, 3, 11, 10, 12, 13][0, 1, 2, 5, 7, 9][8, 14, 6, 9][6, 14][6, 14][6, 14] 
[1, 4, 3, 11, 10, 12, 13][0, 1, 2, 5, 7, 9][8, 14, 6, 9][2, 5][6, 14][6, 14] 
[1, 4, 3, 11, 10, 12, 13][0, 1, 2, 5, 7, 9][8, 14, 6, 9][2, 5][6, 14][6, 14] 
[1, 4, 3, 11, 10, 12, 13][0, 1, 2, 5, 7, 9][8, 14, 6, 9][1, 2][6, 14][2, 5] 
[2, 1, 4, 3, 11, 10, 12, 13][0, 1, 2, 5, 7, 9][8, 14, 6, 9][6, 14][6, 14][6, 14] 
[2, 1, 4, 3, 11, 10, 12, 13][0, 1, 2, 5, 7, 9][8, 14, 6, 9][6, 14][6, 14][6, 14] 
[1, 4, 3, 11, 10, 12, 13][0, 1, 2, 5, 7, 9][8, 14, 6, 9][2, 5][6, 14][6, 14] 
[2, 1, 4, 3, 11, 10, 12, 13][0, 1, 2, 5, 7, 9][8, 14, 6, 9][6, 14, 8][6, 14][6, 14] 
[2, 1, 4, 3, 11, 10, 12, 13][0, 1, 2, 5, 7, 9][8, 14, 6, 9][6, 14][6, 14][6, 14] 
[2, 1, 4, 3, 11, 10, 12, 13][0, 1, 2, 5, 7, 9][8, 14, 6, 9][6, 14][6, 14][6, 14] 
[1, 4, 3, 11, 10, 12, 13][0, 1, 2, 5, 7, 9][8, 14, 6, 9][2, 5][6, 14][6, 14] 
[2, 1, 4, 3, 11, 10, 12, 13][0, 1, 2, 5, 7, 9][8, 14, 6, 9][6, 14][6, 14][6, 14] 
[2, 1, 4, 3, 11, 10, 12, 13][0, 1, 2, 5, 7, 9][8, 14, 6, 9][6, 14][6, 14][6, 14] 
[2, 1, 4, 3, 11, 10, 12, 13][0, 1, 2, 5, 7, 9][8, 14, 6, 9][6, 14][6, 14][6, 14] 
[2, 1, 4, 3, 11, 10, 12, 13][0, 1, 2, 5, 7, 9][8, 14, 6, 9][6, 14][6, 14][6, 14] 
[1, 4, 3, 11, 10, 12, 13][0, 1, 2, 5, 7, 9][8, 14, 6, 9][6, 14][6, 14][6, 14] 
[2, 1, 4, 3, 11, 10, 12, 13][0, 1, 2, 5, 7, 9][8, 14, 6, 9][6, 14][6, 14][6, 14] 
[2, 1, 4, 3, 11, 10, 12, 13][0, 1, 2, 5, 7, 9][8, 14, 6, 9][6, 14][6, 14][6, 14] 
[2, 1, 4, 3, 11, 10, 12, 13][0, 1, 2, 5, 7, 9][8, 14, 6, 9][6, 14][6, 14][6, 14] 
[4, 3, 11, 10, 12, 13][2, 5, 7, 14, 8][2, 1, 3][6, 14][6, 9][0, 1] 
[4, 3, 11, 10, 12, 13][2, 5, 7, 14, 8][2, 1, 3][6, 14][6, 9][0, 1] 
[4, 3, 11, 10, 12, 13][2, 5, 7, 14, 8][2, 1, 3][6, 14][6, 9][0, 1] 
[4, 3, 11, 10, 12, 13][2, 5, 7, 14, 8][2, 1, 3][6, 14][6, 9][0, 1] 
[4, 3, 11, 10, 12, 13][2, 5, 7, 14, 8][2, 1, 3][6, 14][6, 9][0, 1] 
[4, 3, 11, 10, 12, 13][2, 5, 7, 14, 8][2, 1, 3][6, 14][6, 9][0, 1] 
[4, 3, 11, 10, 12, 13][2, 5, 7, 14, 8][2, 1, 3][6, 14][6, 9][0, 1] 
[4, 3, 11, 10, 12, 13][2, 5, 7, 14, 8][2, 1, 3][6, 14][6, 9][0, 1] 
[4, 3, 11, 10, 12, 13][2, 5, 7, 14, 8][2, 1, 3][6, 14][6, 9][0, 1] 
[4, 3, 11, 10, 12, 13][2, 5, 7, 14, 8][2, 1, 3][6, 14][6, 9][0, 1] 
[4, 3, 11, 10, 12, 13][2, 5, 7, 14, 8][2, 1, 3][6, 14][6, 9][0, 1] 
[4, 3, 11, 10, 12, 13][2, 5, 7, 14, 8][2, 1, 3][6, 14][6, 9][0, 1] 
[4, 3, 11, 10, 12, 13][2, 5, 7, 14, 8][2, 1, 3][6, 14][6, 9][0, 1] 
[4, 3, 11, 10, 12, 13][2, 5, 7, 14, 8][2, 1, 3][6, 14][6, 9][0, 1] 
[4, 3, 11, 10, 12, 13][2, 5, 7, 14, 8][2, 1, 3][6, 14][6, 9][0, 1] 
[0, 1, 3, 11, 10, 12, 13][2, 5, 7, 14, 8][2, 1, 4][3, 11][6, 14][6, 9] 
[0, 1, 3, 11, 10, 12, 13][2, 5, 7, 14, 8][2, 1, 4][6, 14][6, 9][3, 11] 
[0, 1, 3, 11, 10, 12, 13][2, 5, 7, 14, 8][2, 1, 4][6, 14][6, 9][3, 11] 
[0, 1, 3, 11, 10, 12, 13][2, 5, 7, 14, 8][2, 1, 4][3, 11][6, 14][6, 9] 
[0, 1, 3, 11, 10, 12, 13][2, 5, 7, 14, 8][2, 1, 4][6, 14][6, 9][3, 11] 
[6, 9, 10, 12, 13][2, 5, 7, 14, 8][2, 1, 3, 11][0, 1, 3, 4][6, 14][5, 7] 
[4, 3, 11, 10, 12, 13][2, 5, 7, 14, 8][2, 1, 3][6, 14][6, 9][0, 1] 
[4, 3, 11, 10, 12, 13][2, 5, 7, 14, 8][2, 1, 3][6, 9][6, 14][0, 1] 
[4, 3, 11, 10, 12, 13][2, 5, 7, 14, 8][2, 1, 3][6, 14][6, 9][0, 1] 
[4, 3, 11, 10, 12, 13][2, 5, 7, 14, 8][2, 1, 3][6, 9][6, 14][0, 1] 
[4, 3, 11, 10, 12, 13][2, 5, 7, 14, 8][2, 1, 3][6, 14][6, 9][0, 1] 
[0, 1, 3, 11, 10, 12, 13][2, 5, 7, 14, 8][6, 9][6, 14][1, 2][3, 4] 
[4, 3, 11, 10, 12, 13][2, 5, 7, 14, 8][2, 1, 3][6, 14][6, 9][0, 1] 
[0, 1, 3, 11, 10, 12, 13][2, 5, 7, 14, 8][2, 1, 4][6, 14][6, 9][3, 11] 
[0, 1, 3, 11, 10, 12, 13][2, 5, 7, 14, 8][2, 1, 4][6, 14][6, 9][3, 11] 
[0, 1, 3, 11, 10, 12, 13][2, 5, 7, 14, 8][2, 1, 4][6, 14][6, 9][3, 11] 
[0, 1, 3, 11, 10, 12, 13][2, 5, 7, 14, 8][2, 1, 4][6, 14][6, 9][3, 11] 
[0, 1, 3, 11, 10, 12, 13][2, 5, 7, 14, 8][2, 1, 4][6, 14][6, 9][3, 11] 
[0, 1, 3, 11, 10, 12, 13][2, 5, 7, 14, 8][2, 1, 4][6, 14][6, 9][3, 11] 
[0, 1, 3, 11, 10, 12, 13][2, 5, 7, 14, 8][2, 1, 4][6, 14][6, 9][3, 11] 
[0, 1, 3, 11, 10, 12, 13][2, 5, 7, 14, 8][2, 1, 4][6, 14][6, 9][3, 11] 
[0, 1, 3, 11, 10, 12, 13][2, 5, 7, 14, 8][2, 1, 4][6, 14][6, 9][3, 11] 
[0, 1, 3, 11, 10, 12, 13][2, 5, 7, 14, 8][2, 1, 4][6, 14][6, 9][3, 11] 
[0, 1, 3, 11, 10, 12, 13][2, 5, 7, 14, 8][2, 1, 4][6, 14][6, 9][3, 11] 
[0, 1, 3, 11, 10, 12, 13][2, 5, 7, 14, 8][2, 1, 4][6, 14][6, 9][3, 11] 
[0, 1, 3, 11, 10, 12, 13][2, 5, 7, 14, 8][2, 1, 4][6, 14][6, 9][3, 11] 
[0, 1, 3, 11, 10, 12, 13][2, 5, 7, 14, 8][2, 1, 4][6, 14][6, 9][3, 11] 
[0, 1, 3, 11, 10, 12, 13][2, 5, 7, 14, 8][2, 1, 4][6, 14][6, 9][3, 11] 
[8, 14, 7, 5, 2, 1, 3, 11][6, 9, 10, 12, 13][0, 1, 3, 4][3, 11][6, 14][12, 13] 
[8, 14, 7, 5, 2, 1, 3, 11][6, 9, 10, 12, 13][0, 1, 3, 4][3, 11][6, 14][12, 13] 
[8, 14, 7, 5, 2, 1, 3, 11][6, 9, 10, 12, 13][0, 1, 3, 4][3, 11][6, 14][12, 13] 
[8, 14, 7, 5, 2, 1, 3, 11][6, 9, 10, 12, 13][0, 1, 3, 4][3, 11][6, 14][12, 13] 
[8, 14, 7, 5, 2, 1, 3, 11][6, 9, 10, 12, 13][0, 1, 3, 4][3, 11][6, 14][12, 13] 
[8, 14, 7, 5, 2, 1, 3, 11][6, 9, 10, 12, 13][0, 1, 3, 4][6, 14][12, 13][12, 13] 
[4, 3, 11, 10, 12, 13][2, 5, 7, 14, 8][0, 1, 3, 4][1, 2][6, 14][6, 9] 
[4, 3, 11, 10, 12, 13][2, 5, 7, 14, 8][0, 1, 3, 4][1, 2][6, 14][6, 9] 
[4, 3, 11, 10, 12, 13][2, 5, 7, 14, 8][0, 1, 3, 4][1, 2][6, 14][6, 9] 
[4, 3, 11, 10, 12, 13][2, 5, 7, 14, 8][0, 1, 3, 4][1, 2][6, 14][6, 9] 
[4, 3, 11, 10, 12, 13][2, 5, 7, 14, 8][0, 1, 3, 4][1, 2][6, 14][6, 9] 
[0, 1, 3, 11, 10, 12, 13][2, 5, 7, 14, 8][2, 1, 4][6, 14][6, 9][3, 11] 
[3, 11, 10, 12, 13][2, 5, 7, 14, 8][0, 1, 4][2, 1, 3][6, 14][6, 9] 
