[1, 3, 11, 17, 18, 13, 0, 26, 8, 12, 19, 22][14, 7, 10, 29, 27, 16, 6, 5, 21][14, 9, 1, 24][2, 21][9, 23][25, 28][1, 4][4, 20][17, 19][5, 15][25, 28][22, 25] 
[1, 4, 3, 11, 17, 18, 13, 0, 26, 8, 12, 19, 22][21, 5, 6, 16, 27, 29, 10, 7, 14, 23, 24][13, 6, 16, 2, 29, 15][5, 6][22, 25][1, 9][4, 20][25, 28][17, 19][22, 25][17, 19][25, 28] 
[25, 22, 19, 12, 8, 26, 0, 13, 18, 17, 11, 14, 20, 7, 28][1, 4, 14, 23, 9, 3, 11, 17, 18, 0, 22, 25, 7, 24, 20][9, 1, 24, 14, 23, 3, 4, 7, 25, 28, 16, 2, 29, 15, 10][0, 26, 8, 19, 22, 12, 18, 17, 11, 3, 9, 23, 14, 4, 1][14, 20, 4, 1, 23, 3, 24, 7, 27, 15][2, 21, 5, 6, 16, 27, 29, 10][22, 25, 28][22, 25][6, 13][6, 13][8, 26][9, 23] 
[14, 1, 3, 11, 17, 18, 13, 0, 26, 8, 12, 19, 22, 25, 28][2, 21, 5, 6, 16, 27, 29, 10, 7, 14, 24][4, 20, 14, 9, 1, 24][22, 25][5, 15][9, 23][12, 22][7, 14][4, 20][22, 25][25, 28][17, 19] 
[20, 4, 7, 10, 21, 5, 15, 27, 16, 28, 25, 11, 17, 19, 22][5, 6, 21, 2, 29, 27, 16, 10, 7, 14, 3, 23, 9, 1, 24][5, 21, 6, 2, 27, 10, 7, 4, 20, 23, 14, 24, 1, 3, 9][2, 29, 10, 7, 4, 20, 23, 9, 1, 24, 3, 14, 11, 25, 28][3, 4, 7, 10, 6, 13, 18, 22, 17, 28, 25, 0, 12, 8, 26][9, 1, 24, 23, 4, 3, 14, 11, 17, 28, 0, 13, 18, 19, 12][12, 8, 26, 0, 25, 11, 17, 18, 22, 19][14, 3, 11, 25, 22, 0, 12, 17, 18][20, 7, 27, 10, 15, 6, 16, 28][3, 4][23, 24][19, 22] 
[18, 22, 17, 28, 0, 25, 11, 3, 24, 23, 1, 9, 14, 4, 20][4, 7, 27, 16, 6, 15, 21][12, 8, 26, 0, 13][10, 2, 27][5, 6][9, 23][1, 4][25, 28][17, 19][10, 29][25, 28][22, 25] 
[1, 3, 11, 17, 18, 13, 0, 26, 8, 12, 19, 22, 25][2, 21, 5, 6, 16, 27, 29, 10, 7, 14, 23, 24, 4][25, 28][9, 23][4, 20][1, 14][1, 24][25, 28][5, 15][5, 15][5, 15][1, 9] 
[7, 4, 24, 14, 3, 11, 17, 18, 13, 0, 26, 8, 12, 19, 22][15, 2, 21, 5, 6, 16, 27, 29, 10, 7, 14, 1, 4, 24, 23][12, 19, 0, 25, 22, 18, 13, 6, 5, 15, 21, 10, 16, 7, 28][1, 4, 20, 24, 7, 10, 6, 13, 0, 18, 17, 19, 22, 25, 11][7, 20, 24, 4, 14, 3, 11, 17, 19, 12, 0, 18, 22, 25, 28][15, 5, 21, 6, 10, 2, 7, 14, 24, 1, 3, 9, 23, 4, 20][10, 29, 27, 15, 2, 7, 14, 11, 25, 28, 0, 26, 8, 19, 17][20, 24, 7, 4, 14, 1, 3, 9, 23][11, 3, 4, 7, 14, 9, 1, 24][14, 24, 3, 23][5, 15][25, 28] 
[12, 8, 19, 17, 18, 13, 0, 25, 11, 14, 24, 1, 3, 9, 23][0, 22, 12, 19, 17, 28, 7, 20, 4, 1, 3, 14, 24, 23, 9][1, 4, 3, 11, 17, 18, 13, 0, 26, 8, 12, 19, 22, 25, 28][7, 27, 15, 29, 2, 21, 5, 6, 13, 0, 22, 18, 12, 17, 19][1, 4, 24, 23, 14, 7, 10, 29, 27, 16, 6, 5, 21, 2, 15][26, 8, 12, 22, 19, 0, 25, 28, 17, 18, 13, 6, 5, 15, 27][8, 26, 0, 18, 19, 12, 22, 25, 28, 17, 11, 3, 23, 9, 14][24, 1, 9, 23, 14, 20, 4, 7, 27, 10, 15, 21, 2, 29][5, 15, 27, 16, 7, 4, 1, 24][5, 6][25, 28][1, 4] 
[21, 5, 6, 13, 18, 0, 17, 11, 3, 4, 23, 9, 14, 1, 24][14, 9, 1, 3, 11, 17, 18, 0, 26, 8, 12, 19, 22, 25, 28][9, 1, 24, 3, 23, 4, 14, 7, 27, 2, 6, 13, 0, 28, 25][5, 21, 2, 29, 27, 16, 28, 25, 7, 4, 3, 24, 1, 14, 11][8, 12, 0, 28, 25, 22, 19, 17, 11, 14, 1, 24, 3, 9, 23][1, 9, 3, 24, 20, 7, 10, 21, 6, 5, 15, 16, 2, 27, 29][9, 14, 11, 17, 22, 18, 0, 13, 6, 2, 29, 27, 16, 15, 10][5, 15, 2, 29, 10, 16, 6, 13, 18, 0, 26, 8, 19, 12, 22][10, 27, 2, 15, 6, 16, 28, 25, 22, 18, 19, 12, 17, 0, 13][14, 20, 23, 9, 3, 24, 7, 10, 16, 15, 5, 21, 2, 27, 29][6, 13][23, 24] 
[1, 3, 11, 17, 18, 13, 0, 26, 8, 12, 19, 22][2, 21, 5, 6, 16, 27, 29, 10, 7, 14, 23][9, 1, 24][5, 6][9, 23][25, 28][1, 4][4, 20][17, 19][5, 15][25, 28][22, 25] 
[3, 11, 17, 18, 13, 0, 26, 8, 12, 19, 22][2, 21, 5, 6, 16, 27, 29, 10, 7, 14][14, 1, 3, 9, 23][5, 6][1, 4][4, 20][25, 28][17, 19][1, 24][5, 15][25, 28][22, 25] 
[14, 7, 2, 16, 6, 13, 0, 12, 22, 25, 11, 3, 4, 23][18, 22, 0, 26, 8, 12, 17, 19][10, 29, 27, 16, 6, 5, 21][9, 1, 24][22, 25][25, 28][5, 15][9, 23][12, 22][4, 20][22, 25][25, 28] 
[2, 16, 27, 7, 25, 11, 17, 12, 19, 0, 22, 18, 13, 6, 5][13, 18, 12, 22, 25, 28, 7, 20, 24, 4, 14, 1, 3, 9, 23][1, 4, 3, 11, 17, 18, 13, 0, 26, 8, 12, 19, 22, 25, 28][8, 12, 22, 18, 19, 0, 17, 28, 16, 15, 10, 2, 7, 4, 20][6, 16, 27, 7, 20, 4, 24, 3, 14, 11, 25, 22, 18, 17, 19][5, 21, 6, 15, 29, 2, 7, 20, 4, 14, 9, 23, 3, 1, 24][1, 4, 24, 23, 14, 7, 10, 29, 27, 16, 6, 5, 21, 2, 15][1, 23, 4, 24, 7, 10, 15, 21, 6, 13, 18, 19, 0, 25, 28][1, 3, 14, 7, 16, 28, 17, 18, 22, 25][1, 4][25, 28][5, 15] 
[4, 24, 23, 14, 7, 10, 29, 27, 16, 6, 5, 21, 15][13, 0, 26, 8, 12, 19, 22][4, 3, 11, 17, 18, 13][22, 25][9, 23][4, 20][5, 6][9, 23][1, 4][2, 21][22, 25][25, 28] 
[2, 15, 21, 5, 6, 16, 27, 29, 10, 7, 14, 23, 1, 24][4, 14, 20, 7, 27, 15, 16, 2, 6, 13, 18, 22, 25, 28][1, 3, 11, 17, 18, 0, 26, 8, 12, 19, 22, 25, 28][7, 25, 0, 12, 17, 11, 3, 4, 20, 14, 9, 1, 24][5, 6, 21, 2, 10, 16, 28, 0, 26, 8, 19][0, 17, 11, 14, 9, 3, 23, 24, 4, 1][9, 23][25, 28][4, 20][17, 19][5, 15][22, 25] 
[3, 11, 17, 18, 13, 0, 26, 8, 12, 19, 22, 25, 28][14, 20, 4, 1, 23, 3, 24, 7, 27, 15][10, 29, 27, 16][2, 21, 6][5, 15][6, 13][9, 23][20, 24][1, 24][4, 20][1, 4][5, 15] 
[1, 3, 11, 17, 18, 13, 0, 26, 8, 12, 19, 22, 25][2, 21, 5, 6, 16, 27, 29, 10, 7, 14, 23, 24][5, 6][4, 23][4, 20][9, 23][25, 28][5, 15][4, 20][4, 20][4, 20][1, 24] 
[9, 23, 14, 20, 24, 1, 3, 11, 17, 22, 25, 7, 28, 16, 27][9, 14, 3, 24, 23, 1, 4, 7, 28, 17, 22, 19, 8, 12, 18][15, 29, 27, 16, 28, 25, 11, 17, 18, 0, 26, 8, 12, 19, 22][4, 1, 9, 3, 23, 24, 14, 7, 25, 22, 17, 19, 0, 26, 8][6, 13, 18, 22, 19, 8, 12, 17, 0, 28, 7, 20, 4, 1, 24][1, 4, 24, 14, 7, 10, 29, 27, 16, 6, 5, 21, 2, 15][8, 12, 22, 0, 28, 7, 20, 4, 14, 23, 24, 3, 1, 9][1, 4, 20, 14, 3, 9, 23, 24, 7, 10, 2, 15, 6, 16][1, 3, 11, 17, 18, 13, 0, 26, 8, 19, 22, 25, 28][19, 12, 0, 25][17, 19][5, 6] 
[1, 4, 24, 14, 7, 10, 29, 27, 16, 6, 5, 21, 2, 15][1, 14, 9, 3, 11, 17, 0, 22, 18, 13, 6, 15][23, 14, 24, 7, 25, 22, 17, 12, 18, 0, 26][1, 4, 14, 7, 27, 16, 6, 5, 15][8, 26][25, 28][9, 23][19, 22][20, 23][19, 22][1, 4][1, 24] 
[1, 4, 3, 11, 17, 18, 13, 0, 26, 8, 12, 19, 22, 25, 28][9, 1, 23, 14, 7, 10, 29, 27, 16, 6, 5, 21, 2, 15][1, 14, 9, 3, 11, 17, 19][5, 6][9, 23][25, 28][4, 20][12, 19][1, 24][5, 15][25, 28][22, 25] 
[1, 3, 11, 17, 18, 13, 0, 26, 8, 12, 19, 22, 25, 28][1, 4, 24, 23, 14, 7, 10, 29, 27, 16, 6, 5, 21, 15][20, 14, 9, 1, 24][2, 21, 6, 5][1, 4, 23][9, 23][25, 28][4, 20][17, 19][5, 15][25, 28][22, 25] 
[5, 6, 15, 27, 10, 7, 28, 25, 22, 12, 19, 17, 0, 26, 8][7, 2, 29, 10, 15, 21, 6, 13, 0, 12, 8, 19, 22, 25][5, 15, 2, 16, 7, 20, 4, 3, 24, 1, 14, 9, 23][7, 4, 23, 24, 20, 14][11, 17, 18][4, 20][1, 4][1, 23][5, 15][25, 28][4, 14][5, 15] 
[5, 6, 21, 2, 15, 29, 10, 16, 28, 25, 22, 0, 26, 8, 19][7, 25, 0, 12, 19, 17, 11, 3, 23, 4, 20, 14, 9, 1, 24][2, 15, 21, 5, 6, 16, 27, 29, 10, 7, 14, 23, 4, 1, 24][4, 14, 20, 7, 10, 27, 15, 16, 2, 6, 13, 18, 22, 25, 28][1, 3, 11, 17, 18, 13, 0, 26, 8, 12, 19, 22, 25, 28][0, 17, 11, 14, 9, 3, 23, 24, 4, 1][9, 23][25, 28][4, 20][17, 19][5, 15][22, 25] 
[1, 4, 24, 23, 14, 7, 10, 29, 27, 16, 6, 5, 21, 2, 15][1, 3, 11, 17, 18, 13, 0, 26, 8, 12, 19, 22, 25, 28][9, 1, 24, 14, 7, 27, 16, 6, 21, 15][1, 14, 9, 3, 11, 17, 19][20, 23, 1, 24][25, 28][9, 23][4, 20][25, 28][5, 15][5, 15][5, 15] 
[11, 14, 9, 1, 24, 4, 7, 28, 0, 18, 22, 12, 19, 8, 26][20, 4, 23, 24, 3, 11, 14, 7, 27, 2, 21, 10, 15, 16, 28][3, 11, 25, 0, 12, 17, 28, 16, 15, 2, 29, 27, 7, 20, 14][18, 0, 22, 17, 11, 3, 9, 1, 14, 20, 23, 24, 7, 27][6, 16, 7, 4, 24, 1, 23, 9, 14, 3, 11, 25, 28][1, 14, 11, 25, 22, 18, 17, 0, 26, 8, 12, 19][1, 4, 24, 14, 7, 10, 27, 16, 6, 5, 21, 15][9, 23, 3, 1, 24, 20, 7, 2, 27, 15, 10, 29][0, 13, 6, 21, 2, 7, 24][5, 6, 10, 21][0, 13][6, 13] 
[4, 3, 11, 17, 18, 13, 0, 26, 8, 12, 19, 22, 25][10, 29, 27, 16, 6, 5, 21][7, 20, 4, 14, 23][5, 15, 2, 7][5, 6][1, 24][9, 23][25, 28][1, 24][0, 13][1, 4][25, 28] 
[14, 20, 4, 1, 23, 3, 24, 7, 27, 15][3, 11, 17, 18, 13, 0, 26, 8, 12][5, 6, 21, 2, 29, 27, 16][22, 17, 0, 25][25, 28][3, 9][8, 19][10, 15][0, 18][9, 23][1, 4][8, 26] 
[1, 3, 11, 17, 18, 13, 0, 26, 8, 12, 19, 22, 25, 28][14, 20, 4, 1, 23, 3, 24, 7, 27, 15][7, 2, 21, 5, 6, 13][7, 2, 21, 6, 13][10, 29, 27, 16][5, 15][9, 23][20, 24][1, 24][4, 20][1, 4][5, 15] 
[1, 3, 11, 17, 18, 0, 26, 8, 12, 19, 22, 25, 28][1, 23, 14, 7, 10, 29, 27, 16, 6, 5, 21, 15][3, 23, 4, 14, 7, 27, 2, 6, 13, 0, 28][22, 17, 11, 14, 24, 3, 9, 23][20, 14, 9, 1, 24][2, 21, 6, 5][1, 4, 24, 23][25, 28][5, 15][10, 15][5, 15][17, 19] 
[9, 14, 23, 1, 4, 7, 10, 29, 27, 16, 6, 5, 21, 2, 15][19, 18, 22, 25, 0, 28, 7, 24, 14, 1, 3, 9, 23, 4, 20][8, 26, 0, 12, 22, 17, 28, 16, 10, 27, 2, 21, 6, 15, 29][19, 8, 12, 22, 0, 28, 7, 20, 4, 14, 23, 24, 3, 11, 25][0, 12, 8, 19, 18, 22, 17, 11, 3, 24, 23, 20, 14, 4, 1][5, 6, 2, 10, 29, 27, 16, 28, 0, 17, 19, 22, 12, 18, 13][19, 17, 22, 25, 11, 14, 23][0, 13, 18, 17, 11][22, 25][1, 3][25, 28][1, 24] 
[1, 24, 20, 7, 10, 15, 5, 21, 6, 16, 28, 17, 18, 22, 25][3, 1, 4, 24, 14, 7, 10, 29, 27, 16, 6, 5, 21, 2, 15][6, 16, 27, 29, 15, 2, 10, 7, 28, 17, 22, 19, 12, 0, 25][26, 8, 19, 17, 12, 18, 0, 22, 25, 28, 16, 2, 6, 15, 29][13, 18, 12, 8, 19, 17, 0, 28, 7, 27, 15, 6, 10, 2, 16][0, 17, 11, 14, 24, 23, 1, 9, 3, 4, 20, 7, 10, 6, 5][9, 23, 20, 14, 3, 4, 1, 24, 7, 2, 15, 6, 16, 27, 10][8, 12, 22, 0, 28, 7, 20, 4, 14, 23, 24, 3, 1, 9][1, 3, 11, 17, 18, 13, 0, 26, 8, 19, 22, 25, 28][1, 4, 23][9, 14][8, 26] 
[2, 21, 5, 6, 16, 27, 7, 14, 23][0, 22, 17, 12, 18, 19, 8, 26][3, 1, 24, 20, 7, 10][4, 3, 11, 17, 18, 13][5, 15][22, 25][25, 28][1, 9][10, 29][5, 6][25, 28][10, 29] 
[10, 29, 27, 16, 6, 5, 21][14, 11, 17, 19, 12, 18][0, 26, 8, 12, 22, 25][4, 7, 2, 15, 5][20, 24, 7, 25][9, 23][0, 13][1, 3][1, 9][25, 28][0, 13][1, 24] 
[24, 3, 9, 1, 23, 14, 7, 10, 27, 16, 6, 21, 15, 2, 29][3, 9, 1, 24, 20, 14, 11, 17, 12, 19, 0, 18, 22, 25, 28][1, 3, 24, 4, 14, 20, 7, 2, 16, 27, 29, 10, 21, 15, 5][10, 15, 29, 27, 16, 2, 7, 24, 1, 9, 14, 11, 17, 19, 22][0, 18, 13, 6, 2, 27, 15, 16, 28, 25, 11, 14, 23, 4, 1][6, 15, 21, 2, 27, 10, 7, 14, 4, 3, 1, 9, 23, 24, 20][5, 15, 21, 10, 6, 13, 0, 17, 12, 18, 19, 8, 26][1, 9, 3, 24, 23, 14, 7, 4, 20][14, 11, 25, 22, 0, 12, 17, 18][1, 4, 23, 9, 14][12, 8, 26][1, 9] 
[8, 26, 0, 13, 6, 16, 7, 14, 11, 17, 19, 12, 22][2, 21, 5, 6, 16, 27, 29, 10, 7, 14, 23, 24][18, 17, 11, 3, 9, 23][22, 25][5, 15][4, 23][4, 20][3, 14][25, 28][1, 4][1, 9][25, 28] 
[1, 4, 24, 23, 14, 7, 10, 29, 27, 16, 6, 5, 21, 15][18, 13, 0, 26, 8, 12, 19, 22, 25][14, 3, 11, 25][9, 23][4, 20][17, 19][2, 21][25, 28][0, 13][2, 21][9, 23][2, 21] 
[2, 21, 5, 6, 16, 27, 29, 10, 7, 14, 23, 24, 4][4, 3, 11, 17, 18, 13, 0, 26, 8, 12, 19, 22][22, 25][25, 28][3, 9][4, 20][1, 23][22, 25][10, 15][17, 19][1, 23][4, 20] 
[2, 21, 5, 6, 16, 27, 29, 10, 7, 14, 23, 24][11, 17, 18, 13, 0, 26, 8, 12, 19, 22, 25, 28][1, 14, 9][4, 20][1, 3][11, 14][1, 4][4, 20][22, 25][4, 20][5, 15][4, 20] 
[1, 3, 11, 17, 18, 13, 0, 26, 8, 12, 19, 22, 25, 28][1, 24, 23, 14, 7, 10, 29, 27, 16, 6, 5, 21, 2, 15][9, 1, 24][5, 6][9, 23][25, 28][1, 4][4, 20][17, 19][5, 15][25, 28][22, 25] 
[1, 4, 24, 14, 7, 10, 29, 27, 16, 6, 5, 21, 2, 15][8, 26, 0, 18, 12, 17, 22, 25, 7, 24, 14, 23][1, 3, 11, 17, 0, 22, 18, 13, 6, 15][6, 21, 15, 10, 7, 20, 23, 9, 1, 24][1, 14, 7, 27, 16, 6, 5, 15][6, 21, 10, 7, 20, 23, 1, 24][8, 26][25, 28][9, 23][19, 22][19, 22][1, 4] 
[24, 3, 1, 23, 14, 7, 10, 27, 16, 6, 21, 15, 2, 29][14, 11, 25, 22, 0, 12, 17, 18][0, 26, 8, 12, 22, 25][20, 24, 7, 25][12, 8, 26][19, 22][0, 13][5, 15][1, 9][1, 4][25, 28][0, 13] 
[22, 12, 17, 0, 13, 6, 2, 27, 10, 7, 20, 4, 1, 9, 23][18, 19, 8, 26, 0, 22, 12, 17, 11, 3, 1, 24, 14, 4, 20][1, 4, 3, 11, 17, 18, 13, 0, 26, 8, 12, 19, 22, 25, 28][5, 15, 21, 2, 10, 29, 27, 7, 14, 23, 9, 1, 3, 4, 20][9, 1, 24, 23, 14, 7, 10, 29, 27, 16, 6, 5, 21, 2, 15][1, 4, 14, 23, 9, 3, 11, 17, 18, 19][14, 1, 24][5, 6][25, 28][12, 19][25, 28][22, 25] 
[14, 1, 3, 11, 17, 18, 13, 0, 26, 8, 12, 19, 22, 25, 28][16, 2, 6, 13, 18, 12, 22, 0, 26, 8, 19, 17, 11, 25, 28][3, 11, 17, 28, 25, 7, 27, 29, 10, 21, 15, 2, 16, 6, 5][2, 21, 5, 6, 16, 27, 29, 10, 7, 14, 24][5, 15, 16, 28, 7, 14, 1, 24, 23, 9][4, 20, 14, 9, 1, 24][14, 1, 3, 9, 23][10, 29][5, 15][7, 28][4, 20][25, 28] 
[8, 26, 0, 13, 6, 16, 7, 14, 11, 17, 19, 12, 22][2, 21, 5, 6, 16, 27, 29, 10][18, 17, 11, 3, 9, 23][25, 28][22, 25][6, 16][23, 24][5, 15][4, 20][1, 24][12, 19][7, 20] 
[14, 20, 4, 23, 3, 24, 7, 27, 15][12, 22, 17, 0, 25, 28][7, 2, 21, 5, 6, 13][17, 19, 8, 26][10, 29, 27, 16][1, 4][9, 23][0, 18][20, 24][1, 4][0, 13][3, 11] 
[1, 4, 24, 14, 7, 10, 29, 27, 16, 6, 5, 21, 2, 15][3, 23, 4, 14, 7, 27, 2, 6, 13, 0, 28][11, 17, 0, 26, 8, 19, 22, 18][11, 17, 0, 26, 8, 19, 22, 18][7, 27, 2, 6, 13, 0, 28][19, 12, 0, 25][9, 14][4, 20][5, 6][1, 4][10, 21][1, 24] 
[1, 23, 14, 7, 10, 29, 27, 16, 6, 5, 21, 2, 15][8, 12, 22, 0, 28, 7, 20, 4, 14, 24, 3, 1, 9][1, 3, 11, 17, 18, 13, 0, 26, 8, 19, 22, 25, 28][19, 12, 0, 25][22, 25][9, 14][25, 28][8, 26][17, 19][1, 4][5, 6][1, 24] 
[14, 24, 23, 9, 1, 3, 11, 17, 12, 18][2, 21, 5, 6, 16, 27, 29, 10, 7][22, 17, 0, 25, 28][17, 19, 8, 26][1, 4][20, 24][0, 13][5, 15][1, 9][9, 23][9, 23][7, 24] 
[0, 13, 18, 17, 28, 16, 7, 24, 23, 20, 4, 14, 3, 1, 9][11, 14, 20, 4, 1, 23, 3, 24, 7, 27, 15, 16, 6, 13, 18][20, 14, 24, 23, 9, 1, 3, 11, 17, 12, 18, 19, 22, 0, 28][2, 21, 5, 6, 16, 27, 29, 10, 7][12, 22, 17, 0, 25, 28][20, 24, 4, 7, 25][5, 15, 6, 21][19, 8, 26][1, 4][1, 9][9, 23][9, 23] 
[3, 9, 23, 1, 4, 7, 20, 24, 14, 11, 25, 28, 16, 15, 6][11, 14, 9, 1, 24, 4, 7, 28, 0, 18, 22, 12, 19, 8, 26][19, 12, 8, 26, 0, 17, 18, 22, 25, 11, 14, 1, 24, 7, 27][1, 4, 24, 23, 14, 7, 10, 29, 27, 16, 6, 5, 21, 15, 2][0, 13, 18, 22, 19, 8, 12, 17, 11, 25, 28, 7, 2, 6, 10][9, 14, 23, 3, 1, 24, 20, 4, 7, 2, 27, 15, 21, 10, 29][20, 4, 1, 23, 3, 24, 7, 25, 22, 12, 19, 8, 26, 0, 28][18, 0, 22, 17, 11, 3, 9, 1, 14, 20, 23, 24, 7, 16, 27][3, 11, 25, 22, 0, 12, 17, 28, 16, 15, 21, 2, 10, 29, 27][0, 13, 6, 5, 21, 2, 7, 24, 1, 3, 4, 23, 9, 14, 11][10, 15, 27, 29, 2, 21, 5, 6, 13, 0, 17, 19, 12, 8, 26][5, 6, 16, 7, 10, 29, 15, 2, 21] 
[1, 4, 24, 23, 14, 7, 10, 29, 27, 16, 6, 5, 21, 15][2, 21, 6, 16, 27, 7, 14, 23, 24][17, 18, 0, 26, 8, 12, 19, 22][3, 11, 25, 22, 0, 12, 17][9, 14][6, 13][25, 28][4, 20][25, 28][25, 28][0, 13][9, 23] 
[1, 4, 24, 23, 14, 7, 10, 29, 27, 16, 6, 5, 21, 2, 15][1, 3, 11, 17, 18, 13, 0, 26, 8, 12, 19, 22, 25, 28][24, 1, 9, 23, 14, 20, 7, 27][11, 14, 24, 1, 3, 9, 23][9, 14, 7, 25, 28][5, 6][25, 28][1, 4][4, 20][17, 19][5, 15][22, 25] 
[21, 5, 6, 13, 18, 0, 17, 11, 3, 4, 23, 9, 14, 1, 24][10, 27, 2, 15, 6, 16, 28, 25, 22, 18, 19, 12, 17, 0, 13][1, 3, 11, 17, 18, 0, 26, 8, 12, 19, 22, 25, 28][3, 23, 4, 14, 7, 27, 2, 6, 13, 0, 28][22, 19, 17, 11, 14, 1, 24, 3, 9, 23][5, 21, 2, 29, 27, 16, 28][9, 3, 24, 20, 7, 10][9, 3, 24, 7, 10][10, 15][6, 13][5, 15][23, 24] 
[3, 1, 4, 7, 20, 23, 9, 14, 11, 25, 28, 17, 0, 12][3, 1, 14, 7, 10, 29, 27, 16, 6, 5, 21, 2, 15][9, 3, 11, 17, 18, 0, 26, 8, 19, 22, 25, 28][3, 4, 7, 24, 23, 14, 11, 25, 28, 0, 12][1, 24, 14, 7, 10, 27, 16, 6, 21, 15][18, 13, 0, 26, 8, 12, 19, 22, 25][3, 11, 17][3, 11, 17][4, 20][1, 4][17, 19][17, 19] 
[2, 21, 5, 6, 16, 27, 29, 10, 7][3, 23, 1, 4, 20, 14, 11][12, 22, 17, 0, 25, 28][24, 4, 7, 25][17, 19, 8, 26][0, 13, 18][1, 4][5, 15][1, 9][9, 23][9, 23][14, 20] 
[1, 3, 11, 17, 18, 13, 0, 26, 8, 12, 19, 22, 25, 28][1, 23, 14, 7, 10, 29, 27, 16, 6, 5, 21, 15][20, 14, 9, 1, 24][2, 21, 6, 5][1, 4, 24, 23][9, 23][25, 28][4, 20][17, 19][5, 15][25, 28][22, 25] 
[14, 20, 4, 1, 23, 3, 24, 7, 27, 15][12, 22, 17, 0, 25, 28][7, 2, 21, 5, 6, 13][17, 19, 8, 26][10, 29, 27, 16][1, 4][9, 23][0, 18][20, 24][1, 4][0, 13][3, 11] 
[14, 1, 3, 11, 17, 18, 13, 0, 26, 8, 12, 19, 22, 25, 28][3, 24, 23, 14, 7, 10, 29, 27, 16, 6, 5, 21, 2, 15][5, 6, 15, 29, 27, 16, 2, 10, 7, 24][14, 3, 9, 23][1, 4][4, 20][25, 28][17, 19][1, 24][5, 15][16, 28][22, 25] 
[1, 4, 24, 23, 14, 7, 10, 29, 27, 16, 6, 5, 21, 2][18, 13, 0, 26, 8, 12, 19, 22][3, 1, 24, 14, 11][5, 6][25, 28][1, 4][4, 20][17, 19][1, 9][5, 15][7, 25][22, 25] 
[4, 3, 11, 17, 18, 13, 0, 26, 8, 12, 19, 22, 25, 28][2, 21, 5, 6, 16, 27, 29, 10, 7, 14][1, 4, 14, 9][4, 20][9, 23][1, 24][5, 15][1, 24][1, 24][4, 14][5, 15][1, 9] 
[3, 11, 17, 18, 13, 0, 26, 8, 12, 19, 22][2, 21, 5, 6, 16, 27, 29, 10, 7, 14][14, 1, 3, 9, 23][14, 24, 3, 23][7, 28][1, 4][25, 28][5, 15][1, 24][4, 20][25, 28][10, 29] 
[14, 1, 3, 11, 17, 18, 13, 0, 26, 8, 12, 19, 22, 25, 28][6, 15, 16, 27, 2, 7, 25, 11, 3, 4, 20, 14, 9, 1, 24][5, 15, 29, 27, 10, 7, 20, 14, 3, 11, 17, 19, 18, 0, 26][21, 5, 15, 6, 16, 27, 7, 4, 1, 3, 24, 20, 14, 9, 23][14, 7, 2, 16, 6, 13, 0, 12, 22, 25, 11, 3, 4, 23, 20][10, 27, 29, 2, 16, 6, 13, 18, 22, 0, 26, 8, 12, 17, 19][22, 12, 18, 19, 8, 26, 0, 25, 7, 4, 23, 9, 3, 24][2, 21, 5, 6, 16, 27, 29, 10, 7, 14, 24][22, 25][4, 20][22, 25][25, 28] 
[24, 3, 1, 23, 14, 7, 10, 27, 16, 6, 21, 15, 2, 29][14, 11, 25, 22, 0, 12, 17, 18][12, 8, 26][25, 28][1, 4][4, 20][5, 15][19, 22][0, 13][1, 4][1, 9][2, 21] 
[3, 1, 24, 23, 14, 7, 10, 29, 27, 16, 6, 5, 21, 2, 15][18, 13, 0, 26, 8, 12, 19, 22, 25][3, 11, 17][4, 20][25, 28][5, 6][25, 28][9, 23][17, 19][17, 19][9, 23][1, 4] 
[1, 4, 3, 11, 17, 18, 13, 0, 26, 8, 12, 19, 22, 25, 28][1, 4, 24, 23, 14, 7, 10, 29, 27, 16, 6, 5, 21, 2, 15][24, 1, 9, 23, 14, 20, 4, 7, 27, 10, 15, 21, 2, 29][11, 14, 24, 1, 3, 9, 23][5, 6][25, 28][1, 4][4, 20][17, 19][5, 15][25, 28][22, 25] 
[0, 13, 18, 17, 28, 16, 7, 24, 23, 20, 4, 14, 3, 1, 9][11, 14, 20, 4, 1, 23, 3, 24, 7, 27, 15, 16, 6, 13, 18][20, 14, 24, 23, 9, 1, 3, 11, 17, 12, 18, 19, 22, 0, 28][9, 1, 23, 3, 14, 11, 25, 7, 4, 24, 20][2, 21, 5, 6, 16, 27, 29, 10, 7][12, 22, 17, 0, 25, 28][5, 15, 6, 21][17, 19, 8, 26][1, 4][1, 9][9, 23][9, 23] 
[2, 21, 5, 6, 16, 27, 29, 10, 7, 14, 23, 24][11, 17, 18, 13, 0, 26, 8, 12, 19, 22][4, 20][3, 14][1, 9][4, 20][6, 13][4, 23][22, 25][5, 15][1, 4][25, 28] 
[4, 3, 11, 17, 18, 13, 0, 26, 8, 12, 19, 22, 25, 28][21, 5, 6, 15, 10, 7, 16, 2, 27, 29][9, 23][0, 12][4, 14][4, 20][12, 19][1, 24][5, 15][1, 9][16, 28][3, 24] 
[4, 24, 23, 14, 7, 10, 27, 16, 6, 5, 21, 2, 15][4, 3, 11, 17, 18, 13, 0, 26, 8, 12, 19, 22][0, 22, 17, 12, 18, 19, 8, 26][9, 3, 1, 24, 20, 7, 10][9, 1, 24, 7, 10][7, 25, 28][5, 15][22, 25][25, 28][10, 29][5, 6][10, 29] 
[1, 4, 24, 23, 14, 7, 10, 29, 27, 16, 6, 5, 21, 2, 15][7, 16, 27, 10, 29, 15, 5, 6, 13, 18, 12, 0, 22, 25, 28][8, 12, 22, 25, 0, 28, 7, 20, 4, 14, 23, 24, 3, 1, 9][1, 4, 3, 11, 17, 18, 13, 0, 26, 8, 12, 19, 22, 25, 28][19, 17, 12, 8, 26, 0, 13, 18, 22, 25][19, 12, 0, 25][22, 25][9, 14][8, 26][1, 4][5, 6][1, 24] 
[21, 5, 6, 16, 27, 15, 10, 2, 29][12, 8, 26, 0, 13, 18][0, 22, 17, 11, 3][9, 23, 4, 20][3, 1, 14][10, 7, 14][1, 4][25, 28][17, 19][1, 24][5, 15][22, 25] 
[3, 1, 24, 23, 14, 7, 10, 29, 27, 16, 6, 5, 21, 2, 15][14, 1, 3, 11, 17, 18, 13, 0, 26, 8, 12, 19, 22, 25, 28][14, 1, 3, 11, 17, 18, 0, 26, 8, 12, 22, 25, 28][0, 18, 22, 25, 7, 10, 6, 2, 15, 5][1, 4][4, 20][9, 14][25, 28][22, 25][17, 19][3, 14][1, 9] 
[14, 1, 3, 11, 17, 18, 13, 0, 26, 8, 12, 19, 22, 25, 28][3, 1, 24, 23, 14, 7, 10, 29, 27, 16, 6, 5, 21, 2, 15][5, 6, 15, 29, 27, 16, 2, 10, 7, 24][14, 1, 3, 9, 23][1, 4][4, 20][25, 28][17, 19][1, 24][5, 15][16, 28][22, 25] 
[8, 26, 0, 18, 12, 17, 28, 25, 22][9, 3, 14, 24, 20, 7, 27, 29][2, 10, 15, 27, 16, 6, 5][22, 19, 12, 8, 26][17, 11, 3, 23][10, 21][25, 28][4, 20][0, 13][17, 19][1, 4][22, 25] 
[3, 4, 24, 23, 14, 7, 10, 27, 16, 6, 21, 15, 2, 29][3, 11, 17, 18, 13, 0, 26, 8, 12, 19, 22, 25][1, 24][19, 22][3, 4][9, 23][22, 25][5, 15][25, 28][4, 20][4, 20][25, 28] 
[1, 4, 24, 14, 7, 10, 29, 27, 16, 6, 5, 21, 2, 15][8, 26, 0, 18, 12, 17, 22, 25, 7, 24, 14, 23][1, 14, 9, 3, 11, 17, 0, 22, 18, 13, 6, 15][6, 21, 15, 10, 7, 20, 23, 9, 1, 24][1, 4, 14, 7, 27, 16, 6, 5, 15][6, 21, 10, 7, 20, 23, 1, 24][8, 26][25, 28][9, 23][19, 22][19, 22][1, 4] 
[3, 11, 17, 18, 13, 0, 26, 8, 12, 19, 22][3, 11, 17, 18, 13, 0, 26, 8, 12, 19, 22][2, 21, 5, 6, 16, 27, 29, 10, 7, 14][28, 25, 7, 16, 10, 6, 21, 2, 29][14, 24, 1, 3, 9, 23][12, 8, 26, 0, 13, 18][0, 22, 17, 11, 3][4, 20][1, 4][22, 25][5, 15][1, 4] 
[1, 4, 24, 23, 14, 7, 10, 29, 27, 16, 6, 5, 21, 2, 15][4, 3, 11, 17, 18, 13, 0, 26, 8, 12, 19, 22][1, 23, 14, 7, 27, 16, 6, 21, 15][9, 3, 1, 24, 20, 7, 10][9, 1, 24, 7, 10][22, 25][3, 9][25, 28][10, 15][5, 6][5, 15][7, 25] 
[1, 4, 24, 14, 7, 10, 29, 27, 16, 6, 5, 21, 2, 15][8, 12, 22, 0, 28, 7, 20, 4, 14, 23, 24, 3, 1, 9][1, 3, 11, 17, 18, 13, 0, 26, 8, 19, 22, 25, 28][19, 12, 0, 25][22, 25][9, 14][25, 28][8, 26][17, 19][1, 4][5, 6][1, 24] 
[2, 21, 5, 6, 16, 27, 29, 10, 7, 14, 23, 24][17, 18, 13, 0, 26, 8, 12, 19, 22][4, 14, 23, 9, 3, 11, 17][5, 6][9, 23][25, 28][4, 20][12, 19][1, 24][5, 15][25, 28][22, 25] 
[1, 4, 3, 11, 17, 18, 13, 0, 26, 8, 12, 19, 22, 25, 28][8, 12, 22, 25, 0, 28, 7, 20, 4, 14, 23, 24, 3, 1, 9][1, 3, 11, 17, 18, 0, 26, 8, 12, 22, 25, 28][1, 3, 11, 17, 0, 26, 8, 12, 22, 25, 28][5, 15, 2, 7, 4, 14, 9][10, 29, 27, 16, 6, 5, 21][3, 9, 23][5, 6][1, 24][1, 24][0, 13][1, 4] 
[3, 11, 17, 18, 13, 0, 26, 8, 12, 19][14, 7, 10, 27, 16, 6, 21, 15][2, 21, 5, 6, 16, 27, 29][17, 28, 7, 20][25, 28][1, 24][1, 4][4, 20][4, 20][9, 14][9, 23][22, 25] 
[11, 17, 18, 13, 0, 26, 8, 12, 19, 22][15, 6, 2, 27, 16, 10, 21][14, 1, 3, 9, 23][20, 4, 7, 27][5, 6][1, 4][25, 28][7, 28][1, 24][10, 29][25, 28][22, 25] 
[8, 26, 0, 13, 6, 16, 27, 7, 14, 11, 17, 19, 12, 22][1, 4, 14, 23, 9, 3, 11, 17, 18][2, 21, 5, 6, 16, 27, 29, 10][5, 6][9, 23][25, 28][4, 20][12, 19][1, 24][5, 15][25, 28][22, 25] 
[23, 1, 3, 11, 17, 18, 13, 0, 26, 8, 12, 19, 22, 25, 28][1, 4, 24, 14, 7, 10, 29, 27, 16, 6, 5, 21, 2, 15][23, 1, 3, 11, 17, 18, 0, 26, 8, 19, 22, 25, 28][1, 3, 11, 17, 18, 0, 26, 8, 19, 22, 25, 28][8, 12, 0, 28, 7, 20, 14, 23, 3, 9][4, 20, 7, 28, 0, 22, 12, 8][25, 28][8, 26][22, 25][22, 25][22, 25][25, 28] 
[1, 4, 3, 11, 17, 18, 13, 0, 26, 8, 12, 19, 22, 25, 28][1, 23, 14, 7, 10, 27, 16, 6, 21, 15, 2, 29][5, 15][1, 24][4, 20][1, 9][1, 4][4, 20][25, 28][22, 25][1, 24][22, 25] 
[11, 17, 18, 13, 0, 26, 8, 12, 19, 22][15, 6, 2, 27, 16, 10, 21][20, 4, 7, 27, 10, 29][14, 1, 3, 9, 23][5, 6][1, 4][25, 28][7, 28][1, 24][10, 29][25, 28][22, 25] 
[1, 4, 24, 23, 14, 7, 10, 29, 27, 16, 6, 5, 21, 2, 15][1, 4, 3, 11, 17, 18, 13, 0, 26, 8, 12, 19, 22, 25, 28][9, 1, 24, 23, 14, 7, 10, 29, 27, 16, 6, 5, 21, 2, 15][18, 13, 0, 26, 8, 12, 19, 22, 25, 28][1, 4, 14, 23, 9, 3, 11, 17][5, 6][9, 23][4, 20][5, 6][17, 19][25, 28][25, 28] 
[14, 3, 11, 25, 22, 0, 12, 17, 18][7, 10, 29, 27, 16, 6, 5, 21][14, 9, 1, 24][0, 13, 6][12, 8, 26][5, 15][25, 28][2, 21][1, 4][4, 20][19, 22][9, 23] 
[1, 4, 3, 11, 17, 18, 13, 0, 26, 8, 12, 19, 22, 25, 28][1, 4, 24, 23, 14, 7, 10, 29, 27, 16, 6, 5, 21, 15][13, 0, 26, 8, 12, 19, 22, 25, 28][2, 21, 6, 5][2, 21, 6, 5][22, 25][9, 23][4, 20][9, 23][1, 4][22, 25][25, 28] 
[23, 1, 3, 11, 17, 18, 13, 0, 26, 8, 12, 19, 22, 25, 28][18, 22, 17, 28, 0, 25, 11, 3, 24, 23, 1, 9, 14, 4, 20][5, 21, 15, 6, 16, 27, 7, 4, 23, 9, 1, 24, 3, 14, 20][1, 4, 24, 23, 14, 7, 10, 29, 27, 16, 6, 5, 21, 2, 15][5, 15, 16, 27, 2, 10, 6, 21][1, 4, 24, 3, 14, 9][14, 1, 3, 9, 23][5, 6][25, 28][17, 19][25, 28][22, 25] 
[18, 0, 26, 8, 12, 19, 22][21, 10, 16, 7, 20, 23][5, 21, 2, 29][4, 3, 11, 17][22, 17, 28, 25][7, 27, 15][3, 9, 14][6, 13][1, 3][7, 14][1, 24][2, 6] 
[1, 4, 24, 23, 14, 7, 10, 29, 27, 16, 6, 5, 21, 2, 15][1, 3, 11, 17, 18, 13, 0, 26, 8, 12, 19, 22, 25, 28][4, 23, 14, 7, 10, 27, 16, 6][5, 6][4, 20][9, 23][25, 28][5, 15][4, 20][4, 20][4, 20][1, 24] 
[1, 4, 3, 11, 17, 18, 13, 0, 26, 8, 12, 19, 22, 25, 28][9, 1, 24, 23, 14, 7, 10, 29, 27, 16, 6, 5, 21, 2, 15][1, 4, 14, 23, 9, 3, 11, 17][5, 6][9, 23][25, 28][4, 20][12, 19][1, 24][5, 15][25, 28][22, 25] 
[14, 3, 11, 25, 22, 0, 12, 17, 18][5, 6, 21, 2, 29, 27, 16][15, 10, 27, 7, 20][9, 3, 1, 24][12, 8, 26][4, 20][3, 4][25, 28][23, 24][6, 13][19, 22][11, 17] 
[1, 4, 3, 11, 17, 18, 13, 0, 26, 8, 12, 19, 22, 25, 28][1, 4, 24, 23, 14, 7, 10, 29, 27, 16, 6, 5, 21, 2, 15][24, 1, 9, 23, 14, 20, 4, 7, 27][11, 14, 24, 1, 3, 9, 23][9, 14, 7, 25, 28][5, 6][25, 28][1, 4][4, 20][17, 19][5, 15][22, 25] 
[1, 4, 3, 11, 17, 18, 13, 0, 26, 8, 12, 19, 22, 25, 28][1, 4, 24, 23, 14, 7, 10, 29, 27, 16, 6, 5, 21, 2, 15][9, 1, 24][5, 6][9, 23][25, 28][1, 4][4, 20][17, 19][5, 15][25, 28][22, 25] 
[1, 4, 24, 23, 14, 7, 10, 29, 27, 16, 6, 5, 21, 2, 15][1, 3, 11, 17, 18, 13, 0, 26, 8, 12, 19, 22, 25, 28][24, 1, 9, 14, 20, 7, 27][11, 14, 24, 3, 9, 23][5, 6][25, 28][1, 4][4, 20][17, 19][5, 15][25, 28][22, 25] 
[9, 1, 3, 11, 17, 18, 13, 0, 26, 8, 12, 19, 22, 25, 28][1, 4, 24, 23, 14, 7, 10, 29, 27, 16, 6, 5, 21, 2, 15][3, 1, 4, 7, 20, 24, 23, 9, 14, 11, 25, 28, 17, 0, 12][1, 4, 3, 11, 17, 18, 13, 0, 26, 8, 12, 19, 22, 25, 28][17, 19][4, 20][25, 28][22, 25][5, 6][1, 4][5, 6][17, 19] 
[1, 3, 11, 17, 18, 13, 0, 26, 8, 12, 19, 22, 25, 28][1, 4, 23, 14, 7, 10, 29, 27, 16, 6, 5, 21, 15][20, 14, 9, 1, 24][2, 21, 6, 5][1, 4, 24, 23][9, 23][25, 28][4, 20][17, 19][5, 15][25, 28][22, 25] 
[1, 4, 3, 11, 17, 18, 13, 0, 26, 8, 12, 19, 22, 25, 28][5, 6, 21, 2, 29, 10, 27, 7, 4, 20, 14, 23, 9, 1, 24][1, 4, 24, 23, 14, 7, 10, 29, 27, 16, 6, 5, 21, 2, 15][11, 14, 24, 1, 3, 9, 23][5, 6][25, 28][1, 4][4, 20][17, 19][5, 15][25, 28][22, 25] 
[1, 4, 3, 11, 17, 18, 13, 0, 26, 8, 12, 19, 22, 25, 28][10, 29, 15, 5, 21, 6, 16, 27, 2, 7, 14, 1, 3, 4, 20][14, 1, 3, 9, 23][1, 3, 9, 23][0, 25, 28][25, 28][1, 24][4, 20][10, 16][1, 24][5, 15][1, 24] 
[1, 4, 24, 23, 14, 7, 10, 29, 27, 16, 6, 5, 21, 2, 15][8, 12, 22, 25, 0, 28, 7, 20, 4, 14, 23, 24, 3, 1, 9][1, 4, 3, 11, 17, 18, 13, 0, 26, 8, 12, 19, 22, 25, 28][19, 12, 0, 25][22, 25][9, 14][25, 28][8, 26][17, 19][1, 4][5, 6][1, 24] 
[1, 4, 3, 11, 17, 18, 13, 0, 26, 8, 12, 19, 22, 25, 28][9, 1, 24, 23, 14, 7, 10, 29, 27, 16, 6, 5, 21, 2, 15][1, 4, 14, 23, 9, 3, 11, 17, 18, 19][5, 6][9, 23][25, 28][4, 20][12, 19][1, 24][5, 15][25, 28][22, 25] 
[18, 0, 26, 8, 12, 19, 22][5, 6, 21, 2, 29, 27, 16][14, 9, 3, 1, 24][4, 3, 11, 17][25, 7, 27][10, 7, 14][0, 13][10, 15][4, 20][23, 24][25, 28][6, 13] 
[1, 4, 3, 11, 17, 18, 13, 0, 26, 8, 12, 19, 22, 25, 28][1, 4, 24, 23, 14, 7, 10, 29, 27, 16, 6, 5, 21, 2, 15][20, 14, 23, 9, 1, 24][2, 21, 6, 5][1, 4, 24, 23][9, 23][25, 28][4, 20][17, 19][5, 15][25, 28][22, 25] 
[14, 3, 11, 25, 22, 0, 12, 17, 18][2, 21, 5, 6, 16, 27, 29][15, 10, 27, 7, 20][0, 13, 6][12, 8, 26][25, 28][19, 22][23, 24][4, 20][1, 4][14, 24][3, 9] 
[1, 4, 3, 11, 17, 18, 13, 0, 26, 8, 12, 19, 22, 25, 28][9, 1, 24, 23, 14, 7, 10, 29, 27, 16, 6, 5, 21, 2, 15][5, 15, 29, 10, 6, 16, 27, 2, 7][1, 4, 14, 23, 9, 3, 11, 17][14, 9, 23][5, 6][25, 28][4, 20][17, 19][1, 24][25, 28][22, 25] 
[1, 4, 3, 11, 17, 18, 13, 0, 26, 8, 12, 19, 22, 25, 28][1, 4, 24, 23, 14, 7, 10, 29, 27, 16, 6, 5, 21, 2][14, 1, 3, 9, 23][5, 6][1, 4][4, 20][25, 28][17, 19][1, 24][5, 15][25, 28][22, 25] 
[1, 4, 3, 11, 17, 18, 13, 0, 26, 8, 12, 19, 22, 25, 28][9, 1, 24, 23, 14, 7, 10, 29, 27, 16, 6, 5, 21, 2, 15][5, 15, 29, 10, 6, 16, 27, 2, 7][5, 6][9, 23][25, 28][1, 4][4, 20][17, 19][1, 24][25, 28][22, 25] 
[1, 4, 3, 11, 17, 18, 13, 0, 26, 8, 12, 19, 22, 25, 28][1, 4, 24, 23, 14, 7, 10, 29, 27, 16, 6, 5, 21, 2, 15][24, 1, 9, 23, 14, 20, 4, 7, 27][11, 14, 24, 1, 3, 9, 23][5, 6][25, 28][1, 4][4, 20][17, 19][5, 15][25, 28][22, 25] 
