0.9989107897220881 -8.21266751811218E-4 -3.48343698201901E-4 0.0014866871178949392 -2.5380111046427716E-4 1.8285626858753515E-4 2.617062647042596E-4 3.838411119631115E-4 -0.0016708394288467818 3.3736519750293854E-4 
0.9989107897220881 -8.21266751811218E-4 -3.48343698201901E-4 0.0014866871178949392 -2.5380111046427716E-4 1.8285626858753515E-4 2.617062647042596E-4 3.838411119631115E-4 -0.0016708394288467818 3.3736519750293854E-4 
0.0 -8.152998779470607E-4 -3.5421461808382343E-4 0.0014877206808842256 -4.3669522322009277E-4 1.8360203603038706E-4 -1.2870558682886361E-4 3.808560119572666E-4 -0.0015423006678984732 3.6922617392201536E-4 
0.47201107185615865 -0.0011451004153761911 -2.4083410918264984E-5 0.00148067713690676 0.0021536463143160605 1.827985334668181E-4 1.3914434833520975E-4 3.9764816875704427E-4 -0.0015877734610366737 7.099601929355629E-4 
0.08006511038743919 -8.376514176993889E-4 -8.133774163450718E-4 0.001245314119955818 -2.474402182452428E-4 1.8521414308455533E-4 0.0015682271430595251 -1.510829820730033E-4 -0.001668987886244397 3.5568433475944287E-4 
0.014933624624134417 -9.294075986530038E-4 -4.571336430767777E-4 0.00163048008144821 0.0020813504096193897 1.8351759735402013E-4 -1.3018339401309876E-4 -8.663168910418983E-5 -0.0016445537293195644 0.0013351782974119397 
0.6983121146067548 -9.224283600676782E-4 -3.993804686690538E-4 0.0012816137834614303 -4.888950402384591E-4 1.8238811907332468E-4 -6.617072397176497E-5 -1.2612577818097773E-4 -0.0016669347727655028 0.001354004397976068 
0.4080179561837499 -8.474429139123759E-4 -7.954826478140127E-4 0.0014787214379680736 0.0020467689502897345 1.5840210055366815E-4 1.795732608230134E-4 3.5170698286400245E-4 -0.001653159257582531 0.0013989306772967693 
0.44796327947366443 -0.0012000000976862802 -3.540200525408268E-4 0.001254888202199971 0.0020910726275703076 1.826329718157032E-4 -4.362177331257379E-4 3.8380137622749135E-4 -0.0015431670840466876 0.0013536069626638838 
0.2723558307963398 -8.271771643819598E-4 7.687458781628474E-6 0.0012384611730687698 -2.5469753685758683E-4 1.639538378183095E-4 -2.2441279043114947E-4 3.9502095435830375E-4 -0.0015527132749173988 3.3664886081461896E-4 
0.5470076619981232 -0.0012000000976862802 -3.540200525408268E-4 0.001254888202199971 0.0020910726275703076 1.826329718157032E-4 -4.362177331257379E-4 3.8380137622749135E-4 -0.0015431670840466876 0.0013536069626638838 
0.20955410606424407 -8.689798835858578E-4 -7.798481560645945E-4 0.0014781237567395578 0.002064932917553276 7.374389509651937E-5 -1.0612972277645235E-5 3.804304538399735E-4 -0.0015468101911601294 0.00133332818939662 
0.02404212891641766 -0.0011681159466332795 -7.68476940548283E-4 0.001224598062294742 0.0021923813219459063 1.6797973783793356E-4 -1.114110844357808E-4 -1.4719483948656003E-4 -0.0015420206436949657 0.0013388174752718032 
0.00823696151607406 -0.001162417220786893 1.680404915472329E-5 0.0015956335751470046 0.0021618947931362443 8.196654492500541E-5 0.00151502057300847 -1.7375332731922805E-4 -0.0015517412813524003 0.0013584111633974394 
0.39373947839416434 -8.496884664097967E-4 -8.258963076568426E-4 0.0015230317238142709 0.0013180816359308362 1.5956597004142598E-4 0.0015156526062995157 3.433731006443364E-4 -0.0015403547114845077 0.001337863655991263 
0.06805675026837545 -9.237734299692376E-4 -7.835955026869761E-4 0.0014890877534406127 -4.6569132089888414E-4 5.996751059120594E-5 0.001314077478908293 2.459428706899001E-4 -0.0015363782155798644 0.0013539110778310072 
0.15783591080262122 -0.0012178090821117476 -2.300097111500687E-5 0.0014812979570245554 0.0021198208007634626 1.6420619046137266E-4 0.0015291321725284732 -8.768101550918648E-5 -0.0015487503599161485 0.001332982810469882 
0.17049971721772794 -8.165744499102043E-4 -3.094103044395293E-5 0.0014789369686594302 0.0020613165138406017 7.390876828690724E-5 0.001475146272237654 3.832252788265626E-4 -0.0016801198257638925 0.001336257734538429 
0.6817736034167848 -8.234623620074742E-4 -3.267373881791764E-5 0.0016297658825455358 -2.5469753685758683E-4 1.639538378183095E-4 -2.2441279043114947E-4 3.8383524205999294E-4 -0.0016674105298150929 3.3736519750293854E-4 
0.290177028016563 -8.911969293720753E-4 -8.25454104605333E-4 0.0016374718962480484 0.001193610448986333 1.6402859940634518E-4 -2.9287510941520373E-4 -1.9071100349399588E-4 -0.0015526739982863057 3.4445554086698056E-4 
0.5346192252598151 -8.339380297292889E-4 8.062574602856214E-6 0.0016059659027576516 0.002374011235173367 1.6394370904857753E-4 -2.867182039915532E-4 2.455191347464846E-4 -0.0015867426050921805 0.0013556914698512191 
0.9024348240260733 -0.0012075344850662822 -4.4148075951722305E-4 0.001254722676430859 -3.8135331127670685E-4 1.6569326235049475E-4 2.5419444147117235E-4 3.7947148562616855E-4 -0.001655221718071634 0.0013346762261377053 
0.04267363476912417 -0.0011885505269985147 1.5286400470683446E-5 0.0014894560985037428 -4.621575987809503E-4 1.8370866168423506E-4 -2.908837792716415E-4 3.8224387897044915E-4 -0.0015424140167587478 0.0012412565829813074 
0.0977413248106424 -8.798004341369005E-4 -1.0302265937701775E-6 0.001594782813839694 0.002063142205476656 -3.4914435610443155E-5 -4.1264183429513796E-5 4.4181218147456024E-4 -0.0016577513294082909 0.0013329701855861686 
0.25645660814422055 -0.001163648407703341 -7.753801595921216E-4 0.0014909905003385607 -4.849728697036194E-4 2.671973644484669E-4 -1.2963437465217766E-4 -1.658505557289173E-4 -0.0015455907369964915 0.0015850524407084675 
0.2993181088720047 -0.00114390993005512 -3.903394447822611E-4 0.001438252435901102 -5.764509442858719E-4 1.8567226250483396E-4 0.0015348233094186264 -1.44718421527595E-4 -0.0016514187590110918 0.0013537411254840174 
0.3338441051799787 -8.418890245088901E-4 -3.5547460368778557E-4 0.0012823693495300126 0.0020467689502897345 1.585546601375795E-4 2.150306432405065E-4 3.838744165329177E-4 -0.001541872675397826 0.0013989306772967693 
0.4263993557305131 -8.425452203418001E-4 -6.139917265126824E-5 0.0015746824902738905 0.0020886017265886255 2.61418077975296E-4 0.0015102591704754564 4.390960948338662E-4 -0.0016509625590903209 0.0013531452085244367 
0.002996042027100937 -9.237734299692376E-4 -7.838866932657464E-4 0.0014907689855398049 -4.6569132089888414E-4 5.996751059120594E-5 0.001314077478908293 3.920184709709728E-4 -0.0016665698496121418 0.0013539110778310072 
0.6672332280418091 -9.1964018354547E-4 -6.304098837529499E-5 0.0014908651643110264 -4.693923426977813E-4 1.8651344626537938E-4 -2.2441279043114947E-4 3.8383524205999294E-4 -0.0015401871453478886 3.3736519750293854E-4 
0.12583777895239695 -0.0011124244118782898 -8.254808681440197E-4 0.0016037427443628752 0.0021098025924566033 1.6388265095757264E-4 0.0015259021800422777 3.386450332125645E-4 -0.0015527252486771605 0.0013725263297562275 
0.5844158552692359 -8.398216043709447E-4 -9.65089624502321E-6 0.0014748827676456617 -4.921731639136917E-4 1.6470586572557891E-4 0.001468380501398981 -1.8083143564539704E-4 -0.0015429573645881676 0.001344185133102446 
0.09313145682330165 -0.001171850109369195 1.5338064925946504E-5 0.0014877206808842256 -4.891826900231266E-4 1.822243590501693E-4 -4.293093297329839E-5 3.808560119572666E-4 -0.0016867235521967152 0.0013328833016283375 
0.5993485126296089 -9.1964018354547E-4 -6.304098837529499E-5 0.0014909792851868354 -4.693923426977813E-4 1.8650858486690593E-4 -2.2441279043114947E-4 -2.009999457905436E-4 -0.001540272284651081 3.3736519750293854E-4 
0.8637166556556879 -8.474429139123759E-4 -7.954826478140127E-4 0.0016376548382440877 0.0012160222880146856 1.578018005866809E-4 1.7583696678164992E-4 3.5170698286400245E-4 -0.001551898419499099 0.0013976376224039914 
0.1985362004025396 -8.524045781269911E-4 -8.029557185155839E-4 0.001299847504277567 -4.4035627150878793E-4 2.2761027692505285E-4 0.0015711282426012125 -6.194352112284807E-5 -0.0016509048140835316 0.0013361381571414736 
0.1329091809656364 -0.001171850109369195 3.586551306446607E-5 0.0012573192042981173 0.0020694422454639086 1.8264311983337154E-4 -1.2867317598392746E-4 3.809273028206683E-4 -0.0015530379274031616 0.0013244240090963366 
0.11315337233218302 -8.165744499102043E-4 -3.108344979094733E-5 0.0014789369686594302 0.0020613165138406017 7.557924587374561E-5 0.001475146272237654 3.832252788265626E-4 -0.0015522873471760558 0.0013330250733576351 
0.7231198086910547 -8.60038501899671E-4 -3.573753775024926E-4 0.0014407010990967295 -4.4035627150878793E-4 2.2761027692505285E-4 0.0015502221925425244 4.071699502977909E-4 -0.0015354818561866249 0.0013361381571414736 
0.020276427494291066 -0.0011323273581644421 -4.7434839696140096E-4 0.0014906365298279515 0.002344116559273726 5.273988148828925E-5 7.212057510269521E-5 3.810261102440599E-4 -0.0016570749170501642 0.0013557506698204042 
0.6232767164242995 -0.0011574595239957196 -4.1638017953537327E-4 0.0011966496483844322 0.0012539658497793607 1.645393502444416E-4 2.3904898982776864E-4 -8.386297547713999E-5 -0.0015516294489912466 0.001414426326508908 
0.35917775144499986 -0.001210905232405969 1.0950102171380021E-5 0.001255935553044914 -3.8003885630135304E-4 1.8258274159124418E-4 -2.1433336020975063E-4 3.7482081459802824E-4 -0.0016821249447952996 0.001357026855029743 
0.94983753804325 -9.002648024867028E-4 1.410173084025136E-5 0.0014452974309319866 -4.277737758899741E-4 1.8421174155913643E-4 0.0014908676453121294 6.62078484304067E-4 -0.0016688184324180181 0.0013393114446515865 
0.03623834402958734 -9.177980337261249E-4 -4.8180731169831007E-4 0.0014703850345120228 0.0020601633009555073 2.6053509325229136E-4 0.0015101867385572372 3.941599594697587E-4 -0.0016523202287694252 0.0013322462251868284 
0.9220460787293981 -0.0011562936327634435 -2.8814842130776726E-5 0.001490744316644986 0.002087912562337244 8.379476977297066E-5 -1.012156004830849E-4 3.9180241663244086E-4 -0.0015427167104803308 0.0013273325140055671 
0.49835311821900796 -8.688319044279365E-4 -2.043936204178861E-5 0.0015917993386730242 -4.4595612223754817E-4 1.8507173789179105E-4 -6.323268298625054E-5 -1.658505557289173E-4 -0.0015428590582326606 0.001354586244789814 
0.7522243593011926 -8.259312230286542E-4 -1.2767768584906556E-6 0.0016274407829977543 -2.5469753685758683E-4 8.666837912553779E-5 -2.2441279043114947E-4 3.8383524205999294E-4 -0.0015495921884535286 3.3736519750293854E-4 
0.1884252022846121 -0.0012255838605425243 7.030329790381431E-6 0.0012992457612583366 0.002045110503161125 2.6624589943580407E-4 -2.807168259934316E-4 2.274949401229569E-4 -0.0015883258744653296 3.5796877970008863E-4 
0.5651788593280321 -0.0012329945594462472 -8.472998381472092E-4 0.0014398272084357963 -1.7355156040717865E-4 5.0374751656089797E-5 -1.566102113690278E-4 3.82767264118941E-4 -0.0015531562383453205 0.0013259224572484884 
0.6100540481422708 -8.155163835690407E-4 -3.4811541049797147E-4 0.0012080585204897914 -2.4143965788447729E-4 1.642935334658489E-4 2.663575190816587E-4 4.371697448566289E-4 -0.001670840142781106 3.4571466114065785E-4 
0.007228230892574988 -0.0011438429789436748 -4.4197254899872653E-4 0.0032643168053744336 0.002095322779909594 1.8389511130423514E-4 -1.404951113185977E-4 2.5871587223094504E-4 -0.0015531547515278442 0.0013329936548713724 
0.7938081392513323 -8.70641335332453E-4 -8.029544752736533E-4 0.0015952530322104778 0.0018521778082267433 2.2670174506223275E-4 -8.377271686813644E-5 -9.568973388500734E-5 -0.001546704706497389 0.0015920452815479207 
0.3502920429738108 -8.360002152764175E-4 2.2338075035292814E-5 0.0015132480075518168 -3.8003885630135304E-4 1.573646074002376E-4 3.21194823276144E-4 -1.531474044006456E-4 -0.0016818007431140764 0.0013360928425224937 
0.49835311821900796 -8.688319044279365E-4 -2.043936204178861E-5 0.0015917993386730242 -4.4595612223754817E-4 1.8507173789179105E-4 -6.323268298625054E-5 -1.658505557289173E-4 -0.0015428590582326606 0.001354586244789814 
0.9623251904044532 -8.995916471339849E-4 -1.8988157303469623E-5 0.001257848514172498 -3.821140598555009E-4 1.846258172447285E-4 -2.1978024295205226E-4 3.7852796658935676E-4 -0.0015423006678984732 0.0013392487919957952 
0.37963568596788067 -8.474429139123759E-4 -7.821730328770003E-4 0.0014759739055858164 0.0020467689502897345 1.5840210055366815E-4 1.795732608230134E-4 3.5170698286400245E-4 -0.001653159257582531 0.0013989306772967693 
0.37415228615009016 -8.456352804038102E-4 -2.3592534122081383E-5 0.001574248183675339 0.0013025586340866036 1.573646074002376E-4 0.0014953097664459534 -1.5362349450075556E-4 -0.0016784636693730213 0.0013570745704513248 
0.1421861892347835 -0.001171850109369195 1.5338064925946504E-5 0.0014877206808842256 -4.891826900231266E-4 1.822243590501693E-4 -4.293093297329839E-5 3.808560119572666E-4 -0.0016867235521967152 0.0013328833016283375 
0.06283827287631955 -9.251115969087746E-4 -3.573753775024926E-4 0.0014407010990967295 -4.4035627150878793E-4 2.2761027692505285E-4 0.0015558904371643866 4.071699502977909E-4 -0.0015354818561866249 0.0013538550491491743 
0.2638728226043784 -0.0011175401876804135 -8.134966837766173E-4 0.0016557717780513418 0.0026914138449501946 1.6710332270509565E-4 2.8075368120124126E-4 3.98880126520494E-4 -0.0015525937100605593 3.6590308656478116E-4 
0.3153975094205239 -9.282828985921706E-4 -4.568787452779909E-4 0.00163048008144821 0.0012899414585791028 1.8351759735402013E-4 2.328882606236609E-4 -8.663168910418983E-5 -0.0016453548564038958 0.001414426326508908 
0.2386514385103859 -0.0011276218410346348 -4.600764359670346E-4 0.00163048008144821 0.0012899414585791028 1.645393502444416E-4 2.3904898982776864E-4 -8.386297547713999E-5 -0.0015527067762967134 0.001414426326508908 
0.7712887892637302 -0.0011438429789436748 -4.406863817135819E-4 0.00142559710745621 -2.5587914897322024E-4 1.6065892066055248E-4 2.484561072857857E-4 2.417228150710911E-4 -0.001550635718525056 0.0013356610200370644 
0.3405133067754378 -0.0012004006933534102 -3.785864931824163E-4 0.001254993111880666 -3.4260808495328117E-4 1.82795859159517E-4 0.001506106776619229 -1.5630103763059164E-4 -0.0017466352996432348 0.0013252856898419022 
0.14763437444551256 -0.001171850109369195 1.5131937004427708E-5 0.0014687274588409348 0.0020943161134113577 1.8621594543380976E-4 -1.229395241811917E-4 3.813133495435172E-4 -0.001551112157478573 0.0013237054824329158 
0.2386514385103859 -0.0011276218410346348 -4.600764359670346E-4 0.00163048008144821 0.0012899414585791028 1.645393502444416E-4 2.3904898982776864E-4 -8.386297547713999E-5 -0.0015527067762967134 0.001414426326508908 
0.3153975094205239 -9.282828985921706E-4 -4.568787452779909E-4 0.00163048008144821 0.0012899414585791028 1.8351759735402013E-4 2.328882606236609E-4 -8.663168910418983E-5 -0.0016453548564038958 0.001414426326508908 
0.5166594375507112 -0.0012329945594462472 -8.198189199804792E-4 0.0016560845666994935 0.0023656220361900166 1.6414082472738714E-4 2.3043408222276707E-4 3.82767264118941E-4 -0.0015532150459495163 0.00134879936238529 
0.5184703848797969 -9.252007942541738E-4 -3.8851041353356216E-5 0.0015502922206159472 0.0023766230948621342 1.6456191222051375E-4 1.6735881944839872E-4 2.4013001768749076E-4 -0.0015486382192671806 0.0013357275548905667 
0.982427869337363 -8.21266751811218E-4 -3.5778057786953275E-4 0.0016518066129332426 -2.7618430642326985E-4 1.6462743514739607E-4 2.617062647042596E-4 3.838411119631115E-4 -0.0016708394288467818 3.419793536995866E-4 
0.8787501488812269 -0.0011541404207174523 -7.891796588907918E-5 0.0014457115877843857 0.00246707362274432 5.103592217998391E-5 -2.1021652188606577E-4 -1.3860216208799264E-4 -0.0016606895070517423 0.0013274022289684248 
0.7286119955773543 -8.58700334960134E-4 -7.835955026869761E-4 0.0014890877534406127 -4.6569132089888414E-4 5.996751059120594E-5 0.001308409234286431 2.459428706899001E-4 -0.0015363782155798644 0.0013361941858233064 
0.8787501488812269 -0.0011541404207174523 -7.891796588907918E-5 0.0014457115877843857 0.00246707362274432 5.103592217998391E-5 -2.1021652188606577E-4 -1.3860216208799264E-4 -0.0016606895070517423 0.0013274022289684248 
0.2252261366383042 -8.474429139123759E-4 -7.954826478140127E-4 0.0012823693495300126 0.0020467689502897345 1.5840210055366815E-4 2.150306432405065E-4 3.5170698286400245E-4 -0.0016508892390091963 0.0013989306772967693 
0.7712887892637302 -0.0011438429789436748 -4.406863817135819E-4 0.00142559710745621 -2.5587914897322024E-4 1.6065892066055248E-4 2.484561072857857E-4 2.417228150710911E-4 -0.001550635718525056 0.0013356610200370644 
0.11401664705607424 -8.891010839355113E-4 -3.0192848413206217E-5 0.0014877206808842256 -5.565847702844535E-4 1.8422365008477013E-4 0.0014906620122684656 3.8494898327457046E-4 -0.0016872512333989333 0.0013331128781150412 
0.8356889217650951 -8.798004341369005E-4 -1.0302265937701775E-6 0.001593067713068488 0.002063142205476656 -0.0025942690229208967 5.643561608088192E-5 4.4181218147456024E-4 -0.0016594426784669882 0.001353865893954018 
0.7462688425498454 -8.52901857946E-4 -7.858869567227736E-6 0.0014792112058952536 0.0027455890979728144 5.716448937601135E-5 0.0014931103022286449 3.9145388634745566E-4 -0.001550624473050954 2.9952459819190705E-4 
0.032902417049641725 -9.286815047818682E-4 -3.605873189216471E-4 0.0012455521369862013 0.0021121025951131417 1.5765758469534649E-4 0.001493411854449757 3.9506501922179153E-4 -0.0015906383259803717 0.001365492782260877 
0.9097353677296325 -0.001156383341456305 -4.261350532057652E-4 0.0014877206808842256 0.001980088501562007 5.0112826662674204E-5 -1.2987817281253473E-4 3.7947323452156077E-4 -0.0015423122678667716 0.0013270462318925901 
0.001360553083615254 -9.237734299692376E-4 -7.961320684487374E-4 0.0016276372900347641 -4.1612289654030445E-4 5.996751059120594E-5 0.0013379165057059517 3.6057157591909563E-4 -0.0016514382157971428 0.0014148096140675901 
0.8225012925969564 -9.289349230793315E-4 -1.2767768584906556E-6 0.0016215397734005957 -2.5469753685758683E-4 1.5962136949026787E-4 -2.2441279043114947E-4 3.949371008864794E-4 -0.0015495921884535286 3.3736519750293854E-4 
0.8106140956531778 -8.535834202568694E-4 -3.125537287820013E-5 0.0014792112058952536 0.0027455890979728144 5.723417493221437E-5 0.0014747362373890406 3.832069112213279E-4 -0.001550630492199699 2.9952459819190705E-4 
2.215018456483038E-4 -0.0011455455836660547 1.5286400470683446E-5 0.0014807423823659036 -4.3669522322009277E-4 1.8330882315691776E-4 -1.2870558682886361E-4 3.808560119572666E-4 -0.0015875499574001448 0.0013328768981090294 
0.43291622703846677 -0.001206054435268306 7.942031437896272E-6 0.001254722676430859 -3.8135331127670685E-4 1.6569326235049475E-4 2.5419444147117235E-4 3.8047213212867787E-4 -0.001655221718071634 0.0013350252324010631 
0.6447078277463679 -0.001113825385305928 -8.134966837766173E-4 0.0016566169740951165 0.0026914138449501946 1.6710332270509565E-4 2.8075368120124126E-4 3.994448092734901E-4 -0.0015494726235966893 3.377224209571894E-4 
0.5730184662966519 -0.0012329945594462472 -8.501499617878632E-4 0.0014868794038003193 -1.7333359383713893E-4 4.587821613653675E-5 2.3415561635598564E-4 3.8273794962260437E-4 -0.0015516728007329878 0.0013260624647401993 
0.7958409300497148 -0.00114390993005512 -3.993804686690538E-4 0.0012816137834614303 -4.5755930434127827E-4 8.91144221100967E-5 0.0015348233094186264 2.952036060701499E-4 -0.0016669347727655028 0.0013537411254840174 
0.05017609124765299 -8.158928875993349E-4 -7.686946479974935E-6 0.0014789369686594302 0.0020613165138406017 7.550956031754259E-5 0.0014935203370772584 3.9147225395269033E-4 -0.0015522813280273108 0.0013330250733576351 
0.1795702394045185 -0.0011626910105647474 -7.921368812781983E-4 0.0014885885955863692 0.0018523172123493458 2.6377261578097494E-4 -8.377271686813644E-5 -9.566443307385013E-5 -0.0015456399471350955 0.0015920452815479207 
0.9723797314365147 -8.376514176993889E-4 -8.133774163450718E-4 0.0016527588061932643 -2.474402182452428E-4 1.8521414308455533E-4 2.617062647042596E-4 -1.5077643963480605E-4 -0.0016704082205788275 3.3736519750293854E-4 
0.44022668371098184 -0.0011549032916583287 2.3287737749354102E-5 0.0014877206808842256 0.001980088501562007 5.0112826662674204E-5 -1.2987817281253473E-4 3.804738810240701E-4 -0.0015423122678667716 0.001327395238155948 
0.8502063591231922 -0.0011541404207174523 -7.891796588907918E-5 0.0014457115877843857 0.00246707362274432 5.103592217998391E-5 -2.1021652188606577E-4 -1.3860216208799264E-4 -0.0016606895070517423 0.0013274022289684248 
0.8502063591231922 -0.0011541404207174523 -7.891796588907918E-5 0.0014457115877843857 0.00246707362274432 5.103592217998391E-5 -2.1021652188606577E-4 -1.3860216208799264E-4 -0.0016606895070517423 0.0013274022289684248 
0.0509526997085059 -8.7443499696312E-4 -8.188870179838327E-4 0.0013029617951266482 0.002046627248477056 6.000766357228214E-5 -2.203898775322388E-4 -6.983942499660752E-5 -0.0016483877965105104 0.0013337126811048456 
0.9348480975273001 -8.9007141993674E-4 -7.595252669158903E-4 0.001489037437234098 0.0017711017410271136 2.6375275799159816E-4 -2.387907750440164E-5 2.2988536779654546E-4 -0.001673314586758407 3.51002819294875E-4 
0.6531908358723747 -8.234623620074742E-4 -1.2767768584906556E-6 0.0016274407829977543 -2.5469753685758683E-4 1.639538378183095E-4 -2.2441279043114947E-4 3.8383524205999294E-4 -0.0015495921884535286 3.3736519750293854E-4 
0.9365949643854826 -8.900831484444009E-4 -7.595252669158903E-4 0.0014734723390981829 -4.341154888632321E-4 2.6070192111678903E-4 0.0014907730386567572 2.2988536779654546E-4 -0.0016686506094844757 3.51002819294875E-4 
0.8115484190031742 -8.21266751811218E-4 -3.48343698201901E-4 0.0014876882125120093 -2.5380111046427716E-4 1.836044582163573E-4 2.617062647042596E-4 3.838411119631115E-4 -0.0016708394288467818 3.3813851640386973E-4 
7.342881608079499E-4 -0.0011885505269985147 1.5286400470683446E-5 0.0014894560985037428 -4.621575987809503E-4 1.8370866168423506E-4 -2.908837792716415E-4 3.8224387897044915E-4 -0.0015424140167587478 0.0012412565829813074 
