3669023.1632570243 33520.81553698807 0.04877861034446588 4.4707631467961326E-191 3870.0 712.0 9.62559869227626 
1091684.9999999998 21266.850421162984 0.11634907645545943 0.6383270984334815 972.0 148.0 5.0 
846045.0 21158.953212776687 0.08455108721066168 0.6847965863923311 802.0 130.0 0.0 
1234837.5806451698 24588.730686021278 0.3301693710293725 0.5095595386733519 1044.0 136.0 0.0 
4325256.393353725 14409.26425027867 0.2049927470561964 0.01978606499883097 4733.0 305.0 9.041837344256699 
4858390.61282089 16464.69966246711 0.42567856281436206 0.03431143324760346 4951.0 203.0 2.2829903147699757 
3968135.493490433 26993.89775520657 0.07397164947928304 0.0 4373.0 646.0 10.330707961547784 
2926413.3035750226 16930.638277328308 0.2644100094114711 0.21902162159002567 3825.0 286.0 8.277487300627048 
1591856.0401579544 14129.562429985845 0.10340328714457363 0.5326765099377968 1433.0 172.0 7.86930226636109 
1429225.0 17381.093065287874 0.09819967266775777 0.5858662613981763 1265.0 145.0 2.1818181818181817 
2114026.5625757957 17069.411581820244 0.40837858533192267 0.3108505427317204 2283.0 188.0 7.903868526815761 
2663002.531674287 16677.294636294944 0.4073549251894445 0.24330850491946218 3228.0 211.0 4.030334765485142 
1557240.0 17274.379825873195 0.3066109422492401 0.4534428337619827 1498.0 144.0 3.161290322580645 
1800963.1291989863 26694.200053612367 0.14838174176948823 0.38289328321851107 1686.0 304.0 6.850534531233953 
3793978.770706397 30464.97167531314 0.08762039397912078 2.8104286322250015E-128 3843.0 590.0 6.808019556842638 
1433979.8135849673 24260.563715169003 0.13192734289399902 0.5536912951861911 1270.0 193.0 1.434494232475599 
2353457.656791852 30284.484987830085 0.4614534241818273 0.2520766376022032 2112.0 243.0 1.8791701130410807 
3133642.5874634134 17555.115883157643 0.25289445451461634 0.23714051905696645 3103.0 202.0 6.984614313561681 
3634155.231624811 17954.812350159627 0.21601139618881018 0.25046908153543096 3570.0 253.0 1.5464308332863046 
2875535.0 19192.61497259816 0.21656609847551997 0.3376815574510506 2871.0 203.0 3.29440741813967 
3069973.154891762 17076.78748359529 0.40323455651970325 0.22700039163101443 2857.0 172.0 1.4988179669030732 
3111447.3022749554 22514.663647531386 0.21262106928639365 0.3033978210088117 2661.0 244.0 2.074639724310777 
3722277.780940247 32976.68151473509 0.05751726188051693 5.218968744840209E-212 3897.0 700.0 9.166547246368973 
885425.0 20621.921342028872 0.10781505728314239 0.678980593874211 795.0 128.0 0.0 
1213240.0 22737.42902459784 0.2992184897035872 0.5086831230016542 1078.0 136.0 0.0 
4448702.971431405 13542.981441855622 0.183278360561753 2.6581599716477514E-7 5051.0 337.0 9.505833925610045 
4541613.691410593 16657.044561531628 0.4124704797470833 0.12877016600949895 4864.0 170.0 2.321637426900585 
4002105.1243689307 27020.847679170387 0.06979231817229216 0.0 4361.0 663.0 10.160056032831339 
4138663.393864425 21065.108099021454 0.13143067083454574 9.082023695206138E-18 4878.0 482.0 8.534871502465734 
1633854.3438317599 14031.57155395767 0.10711425715592392 0.532677885655165 1505.0 169.0 7.706837280366692 
1374960.0 15845.29959759263 0.09811199438859013 0.5933481412204816 1231.0 137.0 3.1764705882352944 
2114026.5625757957 17069.411581820244 0.40837858533192267 0.3108505427317204 2283.0 188.0 7.903868526815761 
2562044.927838679 17117.22682828551 0.417409498652694 0.23506694296553937 3245.0 216.0 4.355702412543965 
1560235.0 18684.86787888886 0.3240296937105448 0.4534428337619827 1482.0 140.0 2.161290322580645 
1800486.8173418976 26821.746047628818 0.14838192404728312 0.38289302287022525 1700.0 309.0 6.908674066117674 
3791723.3744303556 30613.556648271744 0.08762033914188672 1.6427569746463652E-133 3853.0 596.0 6.9368866136988245 
1384117.94193775 22841.763661274585 0.13251186475511662 0.5397796748915921 1258.0 173.0 1.391514500537057 
2413461.515983235 29546.966448832503 0.4883417123510356 0.22130141111136853 2251.0 244.0 1.8791701130410807 
3663573.2421502057 15663.705901881862 0.23249515115572933 0.22384395513183974 3687.0 245.0 7.6375736273612915 
3882499.1262542293 17405.55578546547 0.2296599816478265 0.2504690815330594 3723.0 224.0 1.1486994989873147 
3289167.7402129844 20735.907827886072 0.23939238440038116 0.3928300877086191 2778.0 165.0 3.5386607473177953 
3080005.951759293 16974.60795781805 0.3893523686845717 0.22700039163193614 2953.0 180.0 1.5857085507828181 
3242303.908950463 22850.65774081662 0.18240109329137458 0.2992184897035872 2967.0 284.0 2.4262515262515265 
3711180.8887097244 33016.63602474849 0.05316251883616308 8.92861172867263E-207 4015.0 725.0 9.535840672241347 
996410.0 20693.03870296916 0.11263736263736264 0.6528524666822539 955.0 135.0 0.0 
1213240.0 22737.428604125897 0.2992184897033316 0.5086831230020347 1078.0 136.0 0.0 
4655706.642709084 14500.831363764237 0.2089089377777059 0.035275994939027416 4606.0 308.0 7.675 
4541613.691408625 16657.04458502016 0.4124699071148867 0.1287706455365671 4864.0 170.0 2.321637426900585 
4059697.713651332 25583.272328924722 0.049041384147767125 0.0 4698.0 666.0 9.29495402969886 
4400226.449501827 22576.527231656975 0.20671854324634867 1.8169893776696306E-6 5197.0 476.0 9.175915829893913 
1633855.236363636 13949.753916049329 0.10711423546461975 0.5326778856471237 1505.0 165.0 7.6284059078176725 
1414595.0 17502.968065287874 0.10004152094044441 0.5782708349443741 1293.0 150.0 2.665151515151515 
2114026.5625757957 17069.411581820244 0.40837858533192267 0.3108505427317204 2283.0 188.0 7.903868526815761 
2655679.9441039087 18099.073485590867 0.41436921485598455 0.24839391891143084 3374.0 212.0 3.8687007373506237 
1609875.0 18350.114693048406 0.33586626139817627 0.46630231470657 1499.0 134.0 2.42032967032967 
1960853.7255804376 25535.462317279947 0.16644364494372618 0.3646853479792891 2000.0 310.0 7.043589743589744 
3771358.910178567 31216.72877286355 0.08636361714048386 1.6427569746463652E-133 3808.0 595.0 7.0641400841496065 
1301594.3738234988 22922.43548383742 0.14206881290545215 0.5529023835613449 1177.0 170.0 1.3981693363844394 
2402866.0990858506 29610.18507406148 0.4961742362737453 0.22130127017425247 2229.0 239.0 1.769818680160236 
3463009.0036522243 17870.705672616794 0.2464636427402385 0.26870469955576337 3051.0 232.0 5.9002206943383415 
3881719.573623509 17411.484088297508 0.23097515583534112 0.2504690815330594 3699.0 220.0 1.1486994989873147 
3338593.5583789917 19829.368808703442 0.2491232172083236 0.37140519055412674 2817.0 173.0 4.895803604460653 
3198263.1412866856 17690.171859256752 0.38970308180124225 0.20525617839836122 3005.0 193.0 2.750863793416985 
3261537.9847310795 22866.782896889323 0.17904028836445526 0.2992184897035872 2992.0 287.0 2.509062720904826 
3762976.098613065 33720.82880481511 0.05088286734885137 1.5275068945413136E-201 3975.0 719.0 9.508472017522314 
1039935.0 20670.14444557146 0.11529693710544775 0.6437339256488193 912.0 127.0 0.0 
1213240.0 22737.428604125897 0.2992184897033316 0.5086831230020347 1078.0 136.0 0.0 
4313610.379096126 15105.63277733559 0.14341336898745666 9.082023695206138E-18 5004.0 380.0 9.34793023116492 
4541613.69141032 16657.04456478198 0.4124702622777633 0.1287709186939795 4864.0 170.0 2.321637426900585 
4209579.460138652 24305.36239246548 0.05222730879848491 0.0 4749.0 632.0 10.02668958890997 
4165368.44310898 24778.725700286122 0.11833764901067956 1.1565387537310596E-7 5070.0 597.0 9.938960781976007 
1637175.0 13843.517003856941 0.10889704883245942 0.5326778856551652 1480.0 161.0 7.421122994652407 
1493670.0 17355.66036246971 0.1281271919569792 0.5608487257423428 1348.0 141.0 2.1372549019607843 
2114026.5625757957 17069.411581820244 0.40837858533192267 0.3108505427317204 2283.0 188.0 7.903868526815761 
2738161.5037349323 18101.071407452037 0.41480593874210897 0.23316577039981295 3294.0 204.0 3.747139588100686 
1715135.0 18285.416061357624 0.3036298807575403 0.4745440729483283 1659.0 145.0 2.2564102564102564 
1976856.776679428 24983.93696620627 0.16261502675340586 0.36933229677517404 1957.0 299.0 6.649124528353852 
3814030.459760633 30976.39413682081 0.09372858524443034 9.60227364184221E-139 3844.0 590.0 6.965634649366997 
1270331.9076458039 23854.07462469681 0.13493763441241896 0.5855482281222806 1158.0 195.0 1.892669362992922 
2279038.2000419376 29998.812972378255 0.45180902701491904 0.2711609849275842 2048.0 238.0 1.8791701130410807 
3487627.8413762655 19319.72141459644 0.23191048682066162 0.23702500014613131 3315.0 239.0 8.511640211640213 
3734088.141090786 18887.512317005767 0.2296603101598526 0.2504686758049146 3678.0 232.0 1.53186350479283 
3143095.6953854235 18425.935951057836 0.4345066341103719 0.22103821415252195 2725.0 165.0 1.3285714285714285 
3372253.9019661313 23831.422883529194 0.23059529452354616 0.26835555503590763 2985.0 264.0 1.9366252037196816 
3746127.491389713 33551.2836821526 0.05108745000024253 1.5275068945413136E-201 4011.0 711.0 9.558827057617686 
1000850.0 20549.818501691407 0.11874629002184418 0.6525931946102739 878.0 124.0 0.0 
1213240.0 22737.428604125897 0.2992184897033316 0.5086831230020347 1078.0 136.0 0.0 
4378247.129931318 15126.6577437711 0.15916637408440826 1.553752613775866E-12 4918.0 364.0 9.434958145779042 
4541613.691410317 16657.044564820502 0.41247026227649214 0.1287709186983791 4864.0 170.0 2.321637426900585 
4155275.735181847 27237.251701751276 0.03729271272387199 0.0 4759.0 737.0 10.404677826902214 
4197782.305587917 23998.445476111694 0.11751881188712306 6.760221847855154E-13 5121.0 625.0 9.894588487603713 
1634819.5992714022 13850.453216776954 0.10840018355907848 0.5326778856471237 1492.0 161.0 7.342691622103387 
1394690.0 17910.13002561801 0.10340249123025877 0.5744422835297018 1269.0 155.0 2.5318181818181817 
2114026.5625757957 17069.411581820244 0.40837858533192267 0.3108505427317204 2283.0 188.0 7.903868526815761 
2624466.71918632 17261.544601746198 0.41702950289294594 0.25260254447337455 3152.0 203.0 4.061584765485142 
1715135.0 18285.410407360745 0.30363165554057026 0.4745468467621753 1659.0 145.0 2.2564102564102564 
1803815.0427528203 25940.34479505036 0.15451931629386884 0.3876862560516765 1772.0 303.0 7.023971631205675 
4235002.8309256565 32665.465486780326 0.09489712415244331 0.0 4359.0 722.0 8.686954649996803 
1232809.31989765 23765.5173615979 0.1274557545901136 0.5908673770584507 1130.0 190.0 1.832468694096601 
2329131.118368998 28804.33356930579 0.49772326498852154 0.23831085633195098 2152.0 225.0 1.8727598566308243 
3529199.9027216965 19422.71579763666 0.24608527878962927 0.23702500014568104 3271.0 236.0 8.44747899159664 
3628473.7648515445 17620.237601428747 0.24766336020331706 0.25286563517193966 3552.0 214.0 1.188993710691824 
3143095.6953854235 18425.935951057836 0.4345066341103719 0.22103821415252195 2725.0 165.0 1.3285714285714285 
3220760.8235888192 24369.10911481402 0.2526609223479923 0.2719211383887949 2860.0 236.0 1.4249348710128353 
4541613.691410317 16657.044564820502 0.41247026227649214 0.1287709186983791 4864.0 170.0 2.321637426900585 
2644272.3609950533 17094.976800968117 0.4160650983721235 0.26490678397559314 3111.0 201.0 4.310597923379878 
1213240.0 22737.403287014433 0.29921844597010844 0.5086831880893707 1078.0 136.0 0.0 
3139943.8754754555 24404.02292411106 0.2565773477958987 0.2780294126790881 2853.0 233.0 1.323428961748634 
4627029.145298727 15821.43993576742 0.2528057049333645 0.012450315641805003 5283.0 323.0 7.62607748413375 
1656810.0 13648.593841939306 0.11179043204499156 0.5326778856551652 1476.0 152.0 7.2642602495543676 
1235327.4308030684 23704.180572460904 0.1304952766386655 0.5908671597573952 1125.0 187.0 1.892669362992922 
1526805.0 18448.376026660073 0.2856576083215778 0.5122777329135303 1440.0 141.0 2.2857142857142856 
