[9, 1, 14, 11, 25, 0, 12, 19, 22][13, 6, 5, 15, 10, 27, 16, 2, 29][18, 22, 12, 8, 26, 0, 17, 11, 25][2, 27, 15, 29, 10, 21, 5, 6][17, 11, 3, 9, 1, 14, 23, 24][26, 8, 12, 19, 22, 25, 28][7, 16, 6, 13][4, 24][20, 23][3, 11][20, 23][7, 20] 
[21, 10, 6, 5, 15, 2, 29, 27, 16, 28, 25, 22][11, 17, 18, 13, 0, 19][4, 3, 1, 24][12, 8, 26][9, 23][1, 9][20, 23][14, 20][11, 14][6, 13][12, 17][7, 20] 
[1, 24, 20, 7, 16, 6, 5, 21][8, 19, 18, 22, 25, 11, 14][7, 25, 0, 17, 11][9, 3, 11, 17, 22][7, 10, 15, 21][12, 0, 13][15, 27, 29][2, 7, 4][2, 21][25, 28][0, 26][9, 23] 
[26, 8, 19, 17, 11, 14, 23, 9, 1, 24, 4, 7, 10, 27, 29][12, 17, 28, 16, 7, 25, 11, 3, 1, 24, 20, 4, 23, 9, 14][6, 5, 21, 10, 15, 2, 7, 24, 20, 4, 14, 9, 23, 3, 11][0, 26, 8, 19, 12, 18, 17, 22, 25, 28, 16, 6, 5, 21, 10][8, 26, 0, 19, 17, 11, 3, 1, 14, 20][5, 21][13, 18][15, 21][12, 19][8, 19][4, 24][8, 26] 
[4, 20, 23, 1, 9, 3, 24, 14, 7, 25, 0, 19, 12, 17, 28][21, 10, 6, 5, 15, 2, 29, 27, 16, 28, 25, 22][23, 4, 1, 3, 9, 14, 7, 20, 24][17, 18, 13, 0, 19][12, 8, 26][9, 1, 24][6, 13][11, 14][3, 14][7, 28][9, 23][14, 20] 
[7, 28, 16, 15, 27, 2, 21, 5, 6, 13, 0, 26, 8, 12, 19][0, 19, 12, 22, 25, 28, 16, 27, 29, 2, 15, 5, 6, 10, 21][17, 19, 8, 26, 0, 13, 6, 10, 7, 28, 16, 27, 29, 2, 21][7, 28, 16, 15, 27, 2, 21, 5, 6, 13, 0, 26, 8, 12, 19][17, 19, 22, 25, 0, 26, 8, 12, 18, 13, 6, 15, 27][17, 19, 8, 26, 0, 13, 6, 10, 7, 28, 16, 27, 29][11, 3, 9, 1, 4, 20, 24, 23, 14][0, 28, 16, 6, 10, 7][14, 11, 25, 28, 16][15, 27][12, 17][22, 25] 
[23, 3, 9, 14, 7, 28, 16, 10, 29, 2, 6, 21, 5, 15, 27][14, 11, 3, 24, 23, 4, 20, 7, 10, 29, 27, 16, 15, 2, 21][15, 5, 6, 10, 21, 2, 16, 7, 24, 4, 14, 9, 1, 23, 20][12, 22, 25, 28, 16, 27, 29, 2, 15, 5, 6, 10, 21][5, 21, 10, 15, 29, 2, 7, 20, 4, 23, 14, 9][27, 16, 7, 2, 15, 10, 29][13, 0, 26, 8, 19, 17][16, 7, 25][5, 15][16, 27][18, 19][18, 22] 
[17, 12, 22, 25, 28, 16, 27, 29, 2, 15, 5, 6, 10, 21][7, 20, 24, 4, 3, 1, 9, 14, 23][13, 0, 26, 8, 19][9, 14][11, 14][11, 25][6, 13][18, 22][20, 24][16, 27][5, 15][18, 22] 
[5, 21, 10, 27, 16, 6, 15, 29, 2, 7, 20, 4, 23, 14, 9][15, 5, 6, 10, 21, 2, 16, 7, 24, 4, 14, 9, 1, 23, 20][12, 22, 25, 28, 16, 27, 29, 2, 15, 5, 6, 10, 21][13, 0, 26, 8, 19, 17][9, 3, 23][5, 15][7, 25][16, 27][11, 14][18, 19][18, 22][10, 29] 
[12, 22, 25, 28, 16, 27, 29, 2, 15, 5, 6, 10, 21][17, 11, 3, 9, 1, 14, 23, 24][8, 26, 0, 13][5, 15][18, 22][20, 23][7, 24][4, 24][18, 19][0, 18][7, 16][16, 27] 
[12, 0, 26, 8, 19, 18, 13, 6, 21][11, 3, 9, 1, 4, 24, 23][12, 22, 25, 28, 16, 2, 21][5, 6, 10, 15, 29, 27, 16][0, 25, 11, 14, 20, 7][0, 13, 6, 5][11, 17, 18][16, 2, 21][8, 26][11, 14][0, 26][11, 14] 
[4, 1, 9, 14, 11, 17, 22, 0, 28, 7, 10][16, 15, 5, 6, 13, 18, 22, 19, 8, 26][10, 27, 7, 25, 22, 12, 0, 17][2, 21, 6, 13][3, 24, 20][2, 29][1, 4][20, 23][23, 24][4, 24][1, 4][3, 14] 
[11, 3, 9, 1, 4, 24, 23][5, 6, 10, 15, 29, 27, 16][0, 25, 11, 14, 20, 7][12, 22, 25, 28, 16][11, 17, 18][16, 2, 21][8, 26][0, 13][11, 14][18, 19][0, 26][11, 14] 
[11, 3, 14, 23, 4, 7, 28, 25, 22, 12, 18, 0, 19, 8, 26][18, 22, 12, 8, 26, 0, 17, 11, 25, 7, 20, 23, 24][18, 0, 19, 17, 11, 3, 9, 1, 14, 23, 24][9, 1, 14, 11, 25, 0, 12, 19, 22][13, 6, 5, 15, 10, 27, 16, 2, 29][2, 27, 15, 29, 10, 21, 5, 6][26, 8, 12, 19, 22, 25, 28][7, 16, 6, 13][4, 24][20, 23][20, 23][7, 20] 
[10, 21, 6, 13, 18, 22, 0, 17, 11, 3, 1, 14, 9, 23, 20][2, 29, 10, 7, 4, 24, 1, 9, 23, 14, 11, 17, 19, 8, 26][0, 25, 11, 3, 24, 4, 23, 1, 14, 20, 7, 27, 15, 16, 28][4, 24, 14, 11, 17, 22, 25, 28, 16, 10, 29, 15, 21, 6, 5][17, 28, 16, 27, 2, 29, 10, 7, 14, 11, 25, 0, 12, 8, 26][6, 5, 21, 10, 15, 2, 7, 24, 20, 4, 14, 9, 23, 3, 11][0, 26, 8, 19, 12, 18, 17, 22, 25, 28, 16, 6, 5, 21, 10][5, 21, 10, 15, 6, 13, 0, 26, 8, 19, 17, 22, 18, 12][1, 4, 14, 11, 25, 22, 17, 28, 0, 26, 8, 19][4, 7, 16, 27, 29, 2, 10, 6, 5, 15, 21][5, 21, 10, 7, 25, 22, 12, 18, 0, 19][12, 17] 
[6, 2, 10, 7, 20, 23, 24, 4, 14, 1, 9, 3, 11, 17, 22][10, 7, 16, 28, 17, 12, 0, 26, 8, 19, 18, 22, 25, 11, 14][2, 21, 10, 7, 24, 1, 23, 20, 14, 11, 17, 18, 0, 12, 22][5, 6, 21, 15, 29, 2, 16, 28, 25, 11, 3, 14, 20][1, 24, 20, 7, 16, 6, 5, 21][3, 11, 17, 0, 25, 7, 24][9, 3, 4, 7, 10, 21][2, 10, 15, 16, 7, 4][10, 6, 13, 0, 12][15, 27, 29][9, 23, 24][0, 26] 
[9, 3, 1, 4, 14, 11, 25, 0, 12, 19, 22, 17][13, 6, 5, 15, 10, 27, 16, 2, 29][2, 27, 15, 29, 10, 21, 5, 6][0, 26, 8, 12, 19, 22, 25, 28][17, 11, 3, 9, 1, 14, 23, 24][7, 16, 6, 13][4, 24][20, 23][0, 18][20, 23][7, 20][18, 22] 
[1, 24, 20, 7, 16, 6, 5, 21][14, 11, 25, 22, 18, 19, 8, 26][3, 11, 17, 0, 25, 7, 24][9, 3, 4, 7, 10, 21][2, 10, 15, 16, 7, 4][10, 6, 13, 0, 12][9, 3, 11, 17, 22][2, 16, 28, 25, 11][15, 27, 29][9, 23, 24][0, 26][2, 21] 
[25, 22, 17, 19, 8, 26, 0, 13, 6, 10, 7, 28, 16, 27, 29][21, 5, 15, 2, 6, 13, 18, 19, 8, 26, 0, 12, 17, 22, 25][7, 27, 16, 10, 29, 2, 15, 6, 13, 0, 22, 18, 12][11, 3, 9, 1, 4, 20, 24, 23, 14][14, 11, 25, 28, 16][10, 27, 2, 21][6, 10][7, 10][8, 26][15, 27][8, 26][15, 27] 
[12, 8, 19, 22, 25, 28, 16, 27, 29, 2, 15, 5, 6, 10, 21][11, 14, 1, 24, 23, 9, 3, 4, 20, 7, 10, 29, 2, 16, 28][6, 10, 2, 7, 28, 25, 11, 3, 24, 4, 1, 23, 9, 14, 20][5, 21, 15, 10, 16, 27, 7, 24, 23, 9, 3, 1, 4, 14, 20][12, 8, 26, 0, 22, 19][0, 19, 12, 17][6, 13][13, 18][3, 14][20, 24][1, 9][9, 23] 
[11, 14, 1, 24, 23, 9, 3, 4, 20, 7, 10, 29, 2, 16, 28][6, 10, 2, 7, 28, 25, 11, 3, 24, 4, 1, 23, 9, 14, 20][5, 21, 15, 10, 16, 27, 7, 24, 23, 9, 3, 1, 4, 14, 20][12, 8, 26, 0, 22, 19][0, 19, 17][22, 25][6, 13][13, 18][3, 14][20, 24][1, 9][9, 23] 
[9, 3, 1, 23, 4, 7, 28, 0, 19, 18, 13, 6, 15, 21][12, 18, 0, 22, 25, 11, 14][19, 8, 26, 0, 25, 28][21, 10, 2, 29, 27][17, 22][4, 24][10, 16][5, 21][20, 24][6, 13][3, 11][6, 13] 
[4, 24, 14, 11, 17, 22, 25, 28, 16, 10, 29, 15, 6, 5][17, 28, 16, 2, 10, 7, 14, 11, 25, 0, 12, 8, 26][5, 21, 10, 27, 7, 24, 23, 9, 1, 14, 20][4, 24, 14, 11, 17, 22, 25, 28, 16, 15, 5][4, 24, 14, 11, 17, 22, 25, 28, 16, 15, 5][5, 15, 16, 7, 24, 23, 3, 4, 20][6, 10, 7, 25, 11, 14, 20][12, 8, 26, 0, 19][3, 11][12, 18][13, 18][20, 24] 
[21, 10, 6, 5, 15, 2, 29, 27, 16, 28, 25][7, 24, 23, 9, 3, 1, 4, 14, 20][0, 19, 12, 17][3, 14][3, 11][12, 22][0, 13][13, 18][0, 26][6, 13][8, 26][11, 17] 
[1, 24, 20, 7, 16, 6, 5, 21][8, 19, 18, 22, 25, 11, 14][7, 25, 0, 17, 11][9, 3, 11, 17, 22][7, 10, 15, 21][15, 27, 29][12, 0, 13][2, 7, 4][0, 26][2, 21][25, 28][9, 23] 
[26, 8, 19, 17, 11, 14, 23, 9, 1, 24, 4, 7, 10, 27, 29][12, 17, 28, 16, 7, 25, 11, 3, 1, 24, 20, 4, 23, 9, 14][6, 5, 21, 10, 15, 2, 7, 24, 20, 4, 14, 9, 23, 3, 11][0, 26, 8, 19, 12, 18, 17, 22, 25, 28, 16, 6, 5, 21, 10][8, 26, 0, 12, 19, 18, 17, 11, 3, 1, 14, 20][5, 21][13, 18][15, 21][12, 19][8, 19][4, 24][8, 26] 
[4, 20, 23, 1, 9, 3, 24, 14, 7, 25, 0, 19, 12, 17, 28][21, 10, 6, 5, 15, 2, 29, 27, 16, 28, 25, 22][23, 4, 1, 3, 9, 14, 7, 20, 24][0, 13, 18][12, 8, 26][6, 13][11, 14][3, 14][7, 28][1, 9][9, 23][14, 20] 
[7, 28, 16, 15, 27, 2, 21, 5, 6, 13, 0, 26, 8, 12, 19][0, 19, 12, 22, 25, 28, 16, 27, 29, 2, 15, 5, 6, 10, 21][7, 28, 16, 15, 27, 2, 21, 5, 6, 13, 0, 26, 8, 12, 19][17, 19, 22, 25, 0, 26, 8, 12, 18, 13, 6, 15, 27][17, 19, 8, 26, 0, 13, 6, 10, 7, 28, 16, 27, 29][17, 19, 8, 26, 0, 13, 6, 10, 7, 28, 16, 27, 29][11, 3, 9, 1, 4, 20, 24, 23, 14][0, 28, 16, 6, 10, 7][14, 11, 25, 28, 16][15, 27][12, 17][22, 25] 
[2, 16, 15, 21, 10, 7, 28, 0, 22, 17, 11, 14, 9, 1, 4][22, 25, 7, 28, 17, 0, 13, 6, 5, 15, 10, 27, 16, 2, 29][28, 25, 22, 19, 12, 8, 26, 0, 18, 13, 6, 10, 2, 27, 29][13, 6, 5, 15, 10, 27, 16, 2, 29][26, 8, 12, 19, 22, 25, 28][2, 21, 6, 13, 0, 12][3, 24, 20][2, 29][3, 14][0, 18][20, 23][1, 4] 
[24, 23, 14, 1, 9, 3, 11, 17, 19, 22, 18, 0, 12, 8, 26][2, 27, 15, 29, 10, 21, 5, 6][6, 16, 7][4, 24][20, 23][1, 9][25, 28][7, 28][20, 23][6, 13][7, 20][18, 22] 
[15, 5, 6, 10, 21, 2, 16, 7, 24, 4, 14, 9, 1, 23, 20][12, 22, 25, 28, 16, 27, 29, 2, 15, 5, 6, 10, 21][5, 21, 10, 15, 29, 2, 7, 20, 4, 23, 14, 9][13, 0, 26, 8, 19, 17][9, 3, 23][5, 15][7, 25][16, 27][11, 14][18, 19][18, 22][10, 29] 
[17, 12, 22, 25, 28, 16, 27, 29, 2, 15, 5, 6, 10, 21][4, 3, 23, 1, 14, 20, 24][13, 0, 26, 8, 19][5, 15][7, 25][16, 27][11, 14][18, 19][9, 14][18, 22][7, 24][10, 29] 
[12, 0, 26, 8, 19, 18, 13, 6, 21][11, 3, 9, 1, 4, 24, 23][12, 22, 25, 28, 16, 2, 21][5, 6, 10, 15, 29, 27, 16][0, 25, 11, 14, 20, 7][0, 13, 6, 5][11, 17, 18][16, 2, 21][8, 26][11, 14][0, 26][11, 14] 
[4, 1, 9, 14, 11, 17, 22, 0, 28, 7, 10][16, 15, 5, 6, 13, 18, 22, 19, 8, 26][10, 27, 7, 25, 22, 12][2, 21, 6, 13][3, 24, 20][2, 29][1, 4][20, 23][23, 24][4, 24][1, 4][3, 14] 
[11, 3, 9, 1, 4, 24, 23][5, 6, 10, 15, 29, 27, 16][0, 25, 11, 14, 20, 7][12, 22, 25, 28, 16][11, 17, 18][16, 2, 21][8, 26][0, 13][11, 14][18, 19][0, 26][11, 14] 
[24, 23, 14, 1, 9, 3, 11, 17, 19, 22, 18, 0, 12, 8, 26][8, 19, 0, 18, 12, 22, 25, 28, 7, 4, 23, 14, 3, 11][18, 22, 12, 8, 26, 0, 17, 11, 25, 7, 20, 23, 24][9, 1, 14, 11, 25, 0, 12, 19, 22][13, 6, 5, 15, 10, 27, 16, 2, 29][2, 27, 15, 29, 10, 21, 5, 6][26, 8, 12, 19, 22, 25, 28][11, 14, 3, 1, 9, 23, 20][7, 16, 6, 13][4, 24][20, 23][7, 20] 
[10, 21, 6, 13, 18, 22, 0, 17, 11, 3, 1, 14, 9, 23, 20][2, 29, 10, 7, 4, 24, 1, 9, 23, 14, 11, 17, 19, 8, 26][19, 8, 26, 0, 28, 17, 22, 25, 11, 14, 4, 1, 9, 3, 24][0, 25, 11, 3, 24, 4, 23, 1, 14, 20, 7, 27, 15, 16, 28][4, 24, 14, 11, 17, 22, 25, 28, 16, 10, 29, 15, 21, 6, 5][17, 28, 16, 27, 2, 29, 10, 7, 14, 11, 25, 0, 12, 8, 26][6, 5, 21, 10, 15, 2, 7, 24, 20, 4, 14, 9, 23, 3, 11][0, 26, 8, 19, 12, 18, 17, 22, 25, 28, 16, 6, 5, 21, 10][19, 8, 26, 0, 13, 6, 15, 27, 2, 21, 10, 7, 28][4, 7, 16, 27, 29, 2, 10, 6, 5, 15, 21][0, 18, 12, 22, 25, 7, 10, 21, 5][12, 17] 
[9, 3, 1, 4, 14, 11, 25, 0, 12, 19][13, 6, 5, 15, 10, 27, 16, 2, 29][2, 27, 15, 29, 10, 21, 5, 6][17, 11, 3, 9, 1, 14, 23, 24][26, 8, 12, 19, 22, 25, 28][7, 16, 6, 13][4, 24][20, 23][0, 18][20, 23][7, 20][18, 22] 
[1, 24, 20, 7, 16, 6, 5, 21][14, 11, 25, 22, 18, 19, 8, 26][3, 11, 17, 0, 25, 7, 24][9, 3, 4, 7, 10, 21][2, 10, 15, 16, 7, 4][10, 6, 13, 0, 12][9, 3, 11, 17, 22][2, 16, 28, 25, 11][15, 27, 29][9, 23, 24][0, 26][2, 21] 
[25, 22, 17, 19, 8, 26, 0, 13, 6, 10, 7, 28, 16, 27, 29][21, 5, 15, 2, 6, 13, 18, 19, 8, 26, 0, 12, 17, 22, 25][7, 27, 16, 10, 29, 2, 15, 6, 13, 0, 22, 18, 12][11, 3, 9, 1, 4, 20, 24, 23][14, 11, 25, 28, 16][10, 27, 2, 21][6, 10][7, 10][8, 26][15, 27][8, 26][15, 27] 
[12, 8, 19, 22, 25, 28, 16, 27, 29, 2, 15, 5, 6, 10, 21][11, 14, 1, 24, 23, 9, 3, 4, 20, 7, 10, 29, 2, 16, 28][6, 10, 2, 7, 28, 25, 11, 3, 24, 4, 1, 23, 9, 14, 20][5, 21, 15, 10, 16, 27, 7, 24, 23, 9, 3, 1, 4, 14, 20][12, 8, 26, 0, 22, 19][0, 19, 12, 17][13, 6, 15][13, 18][3, 14][20, 24][1, 9][9, 23] 
[11, 14, 1, 24, 23, 9, 3, 4, 20, 7, 10, 29, 2, 16, 28][6, 10, 2, 7, 28, 25, 11, 3, 24, 4, 1, 23, 9, 14, 20][5, 21, 15, 10, 16, 27, 7, 24, 23, 9, 3, 1, 4, 14, 20][12, 8, 26, 0, 22, 19][0, 19, 12, 17][22, 25][6, 13][13, 18][3, 14][20, 24][1, 9][9, 23] 
[9, 3, 1, 23, 4, 7, 28, 0, 19, 18, 13, 6, 15, 21][12, 18, 0, 22, 25, 11, 14][19, 8, 26, 0, 25][21, 10, 2, 29, 27][17, 22][4, 24][10, 16][5, 21][20, 24][6, 13][3, 11][6, 13] 
[2, 29, 10, 7, 4, 24, 1, 9, 23, 14, 11, 17, 19, 8, 26][19, 8, 26, 0, 28, 17, 22, 25, 11, 14, 4, 1, 9, 3, 24][0, 25, 11, 3, 24, 4, 23, 1, 14, 20, 7, 27, 15, 16, 28][4, 24, 14, 11, 17, 22, 25, 28, 16, 10, 29, 15, 21, 6, 5][17, 28, 16, 27, 2, 29, 10, 7, 14, 11, 25, 0, 12, 8, 26][4, 7, 16, 27, 29, 2, 10, 6, 5, 15, 21][0, 18, 12, 22, 25, 7, 10, 21, 5][15, 6, 13, 0, 26, 8, 19][0, 26, 8, 19, 12, 18, 17][20, 23][12, 17][3, 11] 
[21, 10, 6, 5, 15, 2, 29, 27, 16, 28, 25][7, 24, 23, 9, 1, 4, 14, 20][0, 19, 12, 17][13, 18][0, 13][0, 26][12, 22][8, 26][6, 13][11, 17][3, 11][3, 14] 
[1, 24, 20, 7, 16, 6, 5, 21][8, 19, 18, 22, 25, 11, 14][7, 25, 0, 17, 11][9, 3, 11, 17, 22][7, 10, 15, 21][15, 27, 29][12, 0, 13][2, 7, 4][0, 26][2, 21][25, 28][9, 23] 
[26, 8, 19, 17, 11, 14, 23, 9, 1, 24, 4, 7, 10, 27, 29][12, 17, 28, 16, 7, 25, 11, 3, 1, 24, 20, 4, 23, 9, 14][6, 5, 21, 10, 15, 2, 7, 24, 20, 4, 14, 9, 23, 3, 11][0, 26, 8, 19, 12, 18, 17, 22, 25, 28, 16, 6, 5, 21, 10][10, 6, 13, 18, 22, 0, 17, 11, 3, 1, 14, 9, 23, 20][0, 19, 18, 12, 17, 11, 14, 3, 9, 23, 20, 24, 4][5, 21][15, 21][12, 19][8, 19][8, 26][17, 18] 
[4, 20, 23, 1, 9, 3, 24, 14, 7, 25, 0, 19, 12, 17, 28][0, 19, 22, 25, 28, 16, 27, 29, 2, 15, 5, 6, 10, 21][23, 4, 1, 3, 9, 14, 7, 20, 24][18, 13, 0, 19][4, 3, 14][12, 8, 26][9, 1, 24][6, 13][11, 14][7, 28][9, 23][14, 20] 
[7, 28, 16, 15, 27, 2, 21, 5, 6, 13, 0, 26, 8, 12, 19][2, 15, 29, 27, 16, 28, 7, 10, 6, 13, 0, 26, 8, 19, 17][0, 19, 12, 22, 25, 28, 16, 27, 29, 2, 15, 5, 6, 10, 21][17, 19, 8, 26, 0, 13, 6, 10, 7, 28, 16, 27, 29, 2, 21][7, 28, 16, 15, 27, 2, 21, 5, 6, 13, 0, 26, 8, 12, 19][17, 19, 22, 25, 0, 26, 8, 12, 18, 13, 6, 15, 27][11, 3, 9, 1, 4, 20, 24, 23, 14][0, 28, 16, 6, 10, 7][14, 11, 25, 28, 16][15, 27][12, 17][22, 25] 
[2, 16, 15, 21, 10, 7, 28, 0, 22, 17, 11, 14, 9, 1, 4][22, 25, 7, 28, 17, 0, 13, 6, 5, 15, 10, 27, 16, 2, 29][28, 25, 22, 19, 12, 8, 26, 0, 18, 13, 6, 10, 2, 27, 29][14, 11, 17, 0, 26, 8, 12, 19, 22, 25, 28][13, 6, 5, 15, 10, 27, 16, 2, 29][2, 21, 6, 13, 0, 12][3, 24, 20][2, 29][3, 14][0, 18][20, 23][1, 4] 
[24, 23, 14, 1, 9, 3, 11, 17, 19, 22, 18, 0, 12, 8, 26][2, 27, 15, 29, 10, 21, 5, 6][6, 16, 7][4, 24][20, 23][1, 9][25, 28][7, 28][20, 23][6, 13][7, 20][18, 22] 
[5, 21, 10, 27, 16, 6, 15, 29, 2, 7, 20, 4, 23, 14, 9][15, 5, 6, 10, 21, 2, 16, 7, 24, 4, 14, 9, 1, 23, 20][12, 22, 25, 28, 16, 27, 29, 2, 15, 5, 6, 10, 21][13, 0, 26, 8, 19, 17][3, 11, 14][5, 15][3, 23][7, 25][16, 27][18, 19][18, 22][10, 29] 
[17, 12, 22, 25, 28, 16, 27, 29, 2, 15, 5, 6, 10, 21][4, 3, 23, 1, 14, 20, 24][13, 0, 26, 8, 19][5, 15][7, 25][16, 27][11, 14][18, 19][9, 14][18, 22][7, 24][10, 29] 
[12, 0, 26, 8, 19, 18, 13, 6, 21][11, 3, 9, 1, 4, 24, 23][12, 22, 25, 28, 16, 2, 21][5, 6, 10, 15, 29, 27, 16][0, 25, 11, 14, 20, 7][0, 13, 6, 5][11, 17, 18][16, 2, 21][8, 26][11, 14][0, 26][11, 14] 
[4, 1, 9, 14, 11, 17, 22, 0, 28, 7, 10][16, 15, 5, 6, 13, 18, 22, 19, 8, 26][10, 27, 7, 25, 22, 12][2, 21, 6, 13][3, 24, 20][2, 29][1, 4][20, 23][23, 24][4, 24][1, 4][3, 14] 
[11, 3, 9, 1, 4, 24, 23][5, 6, 10, 15, 29, 27, 16][0, 25, 11, 14, 20, 7][12, 22, 25, 28, 16][11, 17, 18][16, 2, 21][8, 26][0, 13][11, 14][18, 19][0, 26][11, 14] 
[8, 19, 0, 18, 12, 22, 25, 28, 7, 4, 23, 14, 3, 11][18, 22, 12, 8, 26, 0, 17, 11, 25, 7, 20, 23, 24][9, 1, 14, 11, 25, 0, 12, 19, 22][13, 6, 5, 15, 10, 27, 16, 2, 29][2, 27, 15, 29, 10, 21, 5, 6][17, 11, 3, 9, 1, 14, 23, 24][26, 8, 12, 19, 22, 25, 28][7, 16, 6, 13][4, 24][20, 23][20, 23][7, 20] 
[10, 21, 6, 13, 18, 22, 0, 17, 11, 3, 1, 14, 9, 23, 20][2, 29, 10, 7, 4, 24, 1, 9, 23, 14, 11, 17, 19, 8, 26][19, 8, 26, 0, 28, 17, 22, 25, 11, 14, 4, 1, 9, 3, 24][0, 25, 11, 3, 24, 4, 23, 1, 14, 20, 7, 27, 15, 16, 28][4, 24, 14, 11, 17, 22, 25, 28, 16, 10, 29, 15, 21, 6, 5][6, 5, 21, 10, 15, 2, 7, 24, 20, 4, 14, 9, 23, 3, 11][0, 26, 8, 19, 12, 18, 17, 22, 25, 28, 16, 6, 5, 21, 10][5, 21, 10, 15, 6, 13, 0, 26, 8, 19, 17, 22, 18, 12][17, 28, 16, 2, 29, 10, 7, 14, 11, 25, 0, 12, 8, 26][4, 7, 16, 27, 29, 2, 10, 6, 5, 15, 21][5, 21, 10, 7, 25, 22, 12, 18, 0, 19][12, 17] 
[9, 3, 1, 4, 14, 11, 25, 0, 12, 19][13, 6, 5, 15, 10, 27, 16, 2, 29][2, 27, 15, 29, 10, 21, 6, 13][17, 11, 3, 9, 1, 14, 23, 24][26, 8, 12, 19, 22, 25, 28][7, 16, 6, 13][4, 24][20, 23][0, 18][20, 23][7, 20][18, 22] 
[1, 24, 20, 7, 16, 6, 5, 21][14, 11, 25, 22, 18, 19, 8, 26][9, 3, 4, 7, 10, 21][3, 11, 17, 0, 25, 7][2, 10, 15, 16, 7, 4][10, 6, 13, 0, 12][9, 3, 11, 17, 22][2, 16, 28, 25, 11][15, 27, 29][9, 23, 24][0, 26][2, 21] 
[25, 22, 17, 19, 8, 26, 0, 13, 6, 10, 7, 28, 16, 27, 29][21, 5, 15, 2, 6, 13, 18, 19, 8, 26, 0, 12, 17, 22, 25][7, 27, 16, 10, 29, 2, 6, 13, 0, 22, 12][11, 3, 9, 1, 4, 20, 24, 23, 14][14, 11, 25, 28, 16][6, 10][7, 10][8, 26][15, 27][8, 26][15, 27][10, 21] 
[12, 8, 19, 22, 25, 28, 16, 27, 29, 2, 15, 5, 6, 10, 21][6, 10, 2, 7, 28, 25, 11, 3, 24, 4, 1, 23, 9, 14, 20][5, 21, 15, 10, 16, 27, 7, 24, 23, 9, 3, 1, 4, 14, 20][11, 14, 1, 24, 23, 9, 3, 4, 20, 7, 10, 29][0, 19, 12, 17][12, 8, 26][6, 13][13, 18][3, 14][20, 24][1, 9][9, 23] 
[11, 14, 1, 24, 23, 9, 3, 4, 20, 7, 10, 29, 2, 16, 28][6, 10, 2, 7, 28, 25, 11, 3, 24, 4, 1, 23, 9, 14, 20][5, 21, 15, 10, 16, 27, 7, 24, 23, 9, 3, 1, 4, 14, 20][12, 8, 26, 0, 22, 19][0, 19, 12, 17][22, 25][6, 13][13, 18][3, 14][20, 24][1, 9][9, 23] 
[9, 3, 1, 23, 4, 7, 28, 0, 19, 18, 13, 6, 15, 21][12, 18, 0, 22, 25, 11, 14][19, 8, 26, 0, 25][21, 10, 2, 29, 27][17, 22][4, 24][10, 16][5, 21][20, 24][6, 13][3, 11][6, 13] 
[21, 10, 6, 5, 15, 2, 29, 27, 16, 28, 25][7, 24, 23, 9, 3, 1, 4, 20][0, 19, 12, 17][3, 14][3, 11][12, 22][0, 13][13, 18][0, 26][6, 13][8, 26][11, 17] 
[1, 24, 20, 7, 16, 6, 5, 21][8, 19, 18, 22, 25, 11, 14][7, 25, 0, 17, 11][9, 3, 11, 17, 22][7, 10, 15, 21][15, 27, 29][12, 0, 13][2, 7, 4][0, 26][2, 21][25, 28][9, 23] 
[26, 8, 19, 17, 11, 14, 23, 9, 1, 24, 4, 7, 10, 27, 29][12, 17, 28, 16, 7, 25, 11, 3, 1, 24, 20, 4, 23, 9, 14][8, 26, 0, 12, 19, 18, 17, 11, 3, 23, 1, 9, 14, 24, 20][6, 5, 21, 10, 15, 2, 7, 24, 20, 4, 14, 9, 23, 3, 11][0, 26, 8, 19, 12, 18, 17, 22, 25, 28, 16, 6, 5, 21, 10][5, 21][13, 18][15, 21][12, 19][8, 19][4, 24][8, 26] 
[6, 10, 2, 7, 28, 25, 11, 3, 24, 4, 1, 23, 9, 14, 20][12, 8, 19, 22, 25, 28, 16, 27, 29, 2, 15, 5, 21][11, 14, 1, 24, 23, 9, 3, 4, 20, 7, 16, 15, 29][7, 25, 0, 17][6, 13][13, 18][3, 14][8, 26][20, 24][1, 9][9, 23][14, 20] 
[24, 1, 9, 23, 3, 14, 20, 4, 7, 2, 21, 5, 15, 29, 27][16, 10, 6, 13, 18, 22, 0, 17, 11, 3, 1, 14, 9, 23, 20][26, 8, 19, 17, 11, 14, 23, 9, 1, 24, 4, 7, 10, 27, 29][21, 15, 10, 2, 6, 13, 18, 22, 17, 19, 0, 28, 7, 20, 23][19, 8, 26, 0, 13, 6, 10, 29, 27, 15, 5, 21, 2, 16, 28][12, 17, 28, 16, 7, 25, 11, 3, 1, 24, 20, 4, 23, 9, 14][4, 24, 20, 23, 9, 3, 14, 11, 17, 12, 18, 19, 0, 25, 7][6, 5, 21, 10, 15, 2, 7, 24, 20, 4, 14, 9, 23, 3, 11][0, 26, 8, 19, 12, 18, 17, 22, 25, 28, 16, 6, 5, 21, 10][4, 1, 9, 14, 3, 11, 25, 22, 12, 18, 17][8, 26, 0, 25, 22, 18, 17, 12, 19][8, 26] 
[19, 8, 26, 0, 28, 17, 22, 25, 11, 14, 4, 1, 9, 3, 24][19, 0, 12, 22, 25, 28, 16, 27, 29, 2, 15, 5, 6, 10, 21][5, 15, 21, 2, 16, 6, 10, 29, 27, 7, 25, 28, 17, 22, 12][10, 21, 6, 13, 18, 22, 0, 17, 11, 3, 1, 14, 9, 23, 20][21, 2, 10, 15, 5, 6, 13, 18, 22, 0, 19, 17, 12, 8, 26][1, 14, 4, 20, 23, 3, 11, 25, 22, 17, 19, 8, 26, 0, 13][4, 24, 14, 11, 17, 22, 25, 28, 16, 10, 29, 15, 21, 6, 5][14, 11, 3, 24][3, 23][12, 18][10, 29][8, 26] 
[24, 23, 14, 1, 9, 3, 11, 17, 19, 22, 18, 0, 12, 8, 26][2, 27, 15, 29, 10, 21, 5, 6][6, 16, 7][4, 24][20, 23][1, 9][25, 28][7, 28][20, 23][6, 13][7, 20][18, 22] 
[15, 5, 6, 10, 21, 2, 16, 7, 24, 4, 14, 9, 1, 23, 20][12, 22, 25, 28, 16, 27, 29, 2, 15, 5, 6, 10, 21][5, 21, 10, 15, 29, 2, 7, 20, 4, 23, 14, 9][7, 24, 1, 4, 14, 9, 3, 23][13, 0, 26, 8, 19, 17][5, 15][7, 25][16, 27][11, 14][18, 19][18, 22][10, 29] 
[17, 12, 22, 25, 28, 16, 27, 29, 2, 15, 5, 6, 10, 21][4, 3, 23, 1, 14, 20, 24][13, 0, 26, 8, 19][5, 15][7, 25][16, 27][11, 14][18, 19][9, 14][18, 22][7, 24][10, 29] 
[12, 0, 26, 8, 19, 18, 13, 6, 21][11, 3, 9, 1, 4, 24, 23][12, 22, 25, 28, 16, 2, 21][5, 6, 10, 15, 29, 27, 16][0, 25, 11, 14, 20, 7][0, 13, 6, 5][11, 17, 18][16, 2, 21][8, 26][11, 14][0, 26][11, 14] 
[4, 1, 9, 14, 11, 17, 22, 0, 28, 7, 10][16, 15, 5, 6, 13, 18, 22, 19, 8, 26][10, 27, 7, 25, 22, 12][2, 21, 6, 13][3, 24, 20][2, 29][1, 4][20, 23][23, 24][4, 24][1, 4][3, 14] 
[11, 3, 9, 1, 4, 24, 23][5, 6, 10, 15, 29, 27, 16][0, 25, 11, 14, 20, 7][12, 22, 25, 28, 16][11, 17, 18][16, 2, 21][8, 26][0, 13][11, 14][18, 19][0, 26][11, 14] 
[11, 3, 14, 23, 4, 7, 28, 25, 22, 12, 18, 0, 19, 8, 26][18, 22, 12, 8, 26, 0, 17, 11, 25, 7, 20, 23, 24][9, 1, 14, 11, 25, 0, 12, 19, 22][13, 6, 5, 15, 10, 27, 16, 2, 29][2, 27, 15, 29, 10, 21, 5, 6][17, 11, 3, 9, 1, 14, 23, 24][26, 8, 12, 19, 22, 25, 28][7, 16, 6, 13][4, 24][20, 23][20, 23][7, 20] 
[10, 21, 6, 13, 18, 22, 0, 17, 11, 3, 1, 14, 9, 23, 20][2, 29, 10, 7, 4, 24, 1, 9, 23, 14, 11, 17, 19, 8, 26][19, 8, 26, 0, 28, 17, 22, 25, 11, 14, 4, 1, 9, 3, 24][0, 25, 11, 3, 24, 4, 23, 1, 14, 20, 7, 27, 15, 16, 28][4, 24, 14, 11, 17, 22, 25, 28, 16, 10, 29, 15, 21, 6, 5][17, 28, 16, 27, 2, 29, 10, 7, 14, 11, 25, 0, 12, 8, 26][6, 5, 21, 10, 15, 2, 7, 24, 20, 4, 14, 9, 23, 3, 11][0, 26, 8, 19, 12, 18, 17, 22, 25, 28, 16, 6, 5, 21, 10][5, 21, 10, 15, 6, 13, 0, 26, 8, 19, 17, 22, 18, 12][4, 7, 16, 27, 29, 2, 10, 6, 5, 15, 21][5, 21, 10, 7, 25, 22, 12, 18, 0, 19][12, 17] 
[9, 3, 1, 4, 14, 11, 25, 0, 12, 19, 22, 17][13, 6, 5, 15, 10, 27, 16, 2, 29][2, 27, 15, 29, 10, 21, 5, 6][17, 11, 3, 9, 1, 14, 23, 24][26, 8, 12, 19, 22, 25, 28][7, 16, 6, 13][4, 24][20, 23][0, 18][20, 23][7, 20][18, 22] 
[1, 24, 20, 7, 16, 6, 5, 21][14, 11, 25, 22, 18, 19, 8, 26][9, 3, 4, 7, 10, 21][3, 11, 17, 0, 25, 7][2, 10, 15, 16, 7, 4][10, 6, 13, 0, 12][9, 3, 11, 17, 22][2, 16, 28, 25, 11][15, 27, 29][9, 23, 24][0, 26][2, 21] 
[25, 22, 17, 19, 8, 26, 0, 13, 6, 10, 7, 28, 16, 27, 29][21, 5, 15, 2, 6, 13, 18, 19, 8, 26, 0, 12, 17, 22, 25][11, 3, 9, 1, 4, 20, 24, 23, 14][7, 10, 15, 6, 13, 0, 22, 18, 12][14, 11, 25, 28, 16][10, 27, 2, 21][6, 10][7, 10][8, 26][15, 27][8, 26][15, 27] 
[12, 8, 19, 22, 25, 28, 16, 27, 29, 2, 15, 5, 6, 10, 21][2, 10, 29, 15, 16, 7, 20, 4, 3, 9, 23, 24, 1, 14, 11][6, 10, 2, 7, 28, 25, 11, 3, 24, 4, 1, 23, 9, 14, 20][5, 21, 15, 10, 16, 27, 7, 24, 23, 9, 3, 1, 4, 14, 20][0, 19, 12, 17][13, 6, 16][12, 8, 26][3, 23, 9][13, 18][3, 14][20, 24][1, 9] 
[6, 10, 2, 7, 28, 25, 11, 3, 24, 4, 1, 23, 9, 14, 20][5, 21, 15, 10, 16, 27, 7, 24, 23, 9, 3, 1, 4, 14, 20][11, 14, 1, 24, 23, 9, 3, 4, 20, 7, 10, 29, 2, 16][12, 8, 26, 0, 22, 19][0, 19, 17][22, 25][6, 13][13, 18][3, 14][20, 24][1, 9][9, 23] 
[9, 3, 1, 23, 4, 7, 28, 0, 19, 18, 13, 6, 15, 21][12, 18, 0, 22, 25, 11, 14][21, 10, 2, 29, 27][19, 8, 26][17, 22][4, 24][10, 16][5, 21][20, 24][6, 13][3, 11][6, 13] 
[21, 10, 6, 5, 15, 2, 29, 27, 16, 28, 25][7, 24, 23, 9, 3, 1, 4, 20][0, 19, 12, 17][3, 14][3, 11][12, 22][0, 13][13, 18][0, 26][6, 13][8, 26][11, 17] 
[1, 24, 20, 7, 16, 6, 5, 21][8, 19, 18, 22, 25, 11, 14][7, 25, 0, 17, 11][9, 3, 11, 17, 22][7, 10, 15, 21][15, 27, 29][12, 0, 13][2, 7, 4][0, 26][2, 21][25, 28][9, 23] 
[26, 8, 19, 17, 11, 14, 23, 9, 1, 24, 4, 7, 10, 27, 29][12, 17, 28, 16, 7, 25, 11, 3, 1, 24, 20, 4, 23, 9, 14][8, 26, 0, 12, 19, 18, 17, 11, 3, 23, 1, 9, 14, 24, 20][6, 5, 21, 10, 15, 2, 7, 24, 20, 4, 14, 9, 23, 3, 11][0, 26, 8, 19, 12, 18, 17, 22, 25, 28, 16, 6, 5, 21, 10][10, 6, 13, 18, 22, 0, 17, 11, 3, 1, 14, 9, 23, 20][5, 21][15, 21][12, 19][8, 19][4, 24][8, 26] 
[4, 20, 23, 1, 9, 3, 24, 14, 7, 25, 0, 19, 12, 17, 28][0, 19, 22, 25, 28, 16, 27, 29, 2, 15, 5, 6, 10, 21][23, 4, 1, 3, 9, 14, 7, 20, 24][18, 13, 0, 19][4, 14, 23, 9][4, 3, 14][12, 8, 26][9, 1, 24][6, 13][11, 14][7, 28][14, 20] 
[4, 24, 14, 11, 17, 22, 25, 28, 16, 10, 29, 15, 21, 6, 5][3, 9, 1, 23, 14, 20, 7, 25, 22, 18, 0, 12, 19, 8, 26][2, 29, 10, 7, 4, 24, 1, 9, 23, 14, 11, 17, 19, 8, 26][13, 0, 26, 8, 12, 19, 17, 11, 14, 20, 4, 7, 2, 29, 27][0, 25, 11, 3, 24, 4, 23, 1, 14, 20, 7, 27, 15, 16, 28][19, 17, 12, 22, 25, 28, 16, 27, 29, 2, 15, 5, 6, 10, 21][19, 8, 26, 0, 28, 17, 22, 25, 11, 14, 4, 1, 9, 3, 24][22, 18, 17, 11, 14, 20, 7, 28, 0, 13, 6, 15, 10, 2, 27][0, 26, 8, 19, 12, 18, 17, 22, 25, 28, 16, 6, 5, 21, 10][8, 12, 19, 22, 18, 17, 0, 13, 6, 5, 21, 2, 10, 16, 27][5, 21, 10, 15, 6, 13, 0, 26, 8, 19, 17, 22, 18, 12][17, 18, 22, 19, 0, 25, 7, 24, 23, 9, 14, 4, 20] 
[9, 1, 14, 11, 25, 0, 12, 19, 22, 17, 18, 13, 6, 21, 10][2, 27, 15, 29, 10, 21, 5, 6, 13, 0, 12, 8, 19, 17, 18][28, 25, 22, 19, 12, 8, 26, 0, 18, 13, 6, 15, 16, 27, 29][11, 3, 23, 14, 24, 7, 27, 16, 15, 10, 29, 2, 21, 6, 13][13, 18, 12, 8, 26, 0, 28, 17, 11, 3, 9, 1, 14, 23, 24][2, 6, 16, 28, 17, 11, 14, 24, 4, 1, 9, 3, 23, 20, 7][4, 3, 1, 14, 24, 7, 25, 11, 17, 0, 26, 8, 12, 22, 18][4, 24, 3, 11, 17, 12, 0, 18, 22, 25, 7][13, 6, 5, 15, 10, 27, 16, 2, 29][7, 16, 6, 13][20, 23][20, 23] 
[2, 27, 15, 21, 5, 6, 16, 7, 24, 20, 23, 14, 3, 1, 4][1, 4, 24, 14, 7, 27, 29, 2, 10, 16, 15, 21, 6, 13][22, 17, 19, 12, 8, 26, 0, 25, 28][11, 3, 9, 1, 4, 24, 23][16, 27][6, 10][13, 18][17, 18][0, 26][0, 26][11, 14][0, 26] 
[5, 21, 10, 27, 16, 6, 15, 29, 2, 7, 20, 4, 23, 14, 9][15, 5, 6, 10, 21, 2, 16, 7, 24, 4, 14, 9, 1, 23, 20][12, 22, 25, 28, 16, 27, 2, 15, 6, 21][13, 0, 26, 8, 19, 17][3, 11, 14][5, 15][3, 23][7, 25][16, 27][18, 19][18, 22][10, 29] 
[17, 12, 22, 25, 28, 16, 27, 29, 2, 15, 5, 6, 10, 21][4, 3, 23, 1, 14, 20, 24][13, 0, 26, 8, 19][5, 15][7, 25][16, 27][11, 14][18, 19][9, 14][18, 22][7, 24][10, 29] 
[12, 0, 26, 8, 19, 18, 13, 6, 21][11, 3, 9, 1, 4, 24, 23][12, 22, 25, 28, 16, 2, 21][5, 6, 10, 15, 29, 27, 16][0, 25, 11, 14, 20, 7][0, 13, 6, 5][11, 17, 18][16, 2, 21][8, 26][11, 14][0, 26][11, 14] 
[4, 1, 9, 14, 11, 17, 22, 0, 28, 7, 10][16, 15, 5, 6, 13, 18, 22, 19, 8, 26][10, 27, 7, 25, 22, 12][2, 21, 6, 13][3, 24, 20][2, 29][1, 4][20, 23][23, 24][4, 24][1, 4][3, 14] 
[11, 3, 9, 1, 4, 24, 23][5, 6, 10, 15, 29, 27, 16][0, 25, 11, 14, 20, 7][12, 22, 25, 28, 16][11, 17, 18][16, 2, 21][8, 26][0, 13][11, 14][18, 19][0, 26][11, 14] 
[8, 19, 0, 18, 12, 22, 25, 28, 7, 4, 23, 14, 3, 11][14, 24, 23, 20, 7, 25, 11, 17, 0, 26, 8, 12, 22, 18][9, 1, 14, 11, 25, 0, 12, 19, 22][13, 6, 5, 15, 10, 27, 16, 2, 29][2, 27, 15, 29, 10, 21, 5, 6][17, 11, 3, 9, 1, 14, 23, 24][26, 8, 12, 19, 22, 25, 28][7, 16, 6, 13][4, 24][20, 23][20, 23][7, 20] 
[3, 23, 14, 11, 17, 19, 0, 18, 12, 22, 25, 7, 10, 21, 5][10, 21, 6, 13, 18, 22, 0, 17, 11, 3, 1, 14, 9, 23, 20][2, 29, 10, 7, 4, 24, 1, 9, 23, 14, 11, 17, 19, 8, 26][21, 15, 5, 6, 10, 2, 29, 27, 16, 7, 4, 3, 9, 14, 23][19, 8, 26, 0, 28, 17, 22, 25, 11, 14, 4, 1, 9, 3, 24][0, 25, 11, 3, 24, 4, 23, 1, 14, 20, 7, 27, 15, 16, 28][4, 24, 14, 11, 17, 22, 25, 28, 16, 10, 29, 15, 21, 6, 5][17, 28, 16, 27, 2, 29, 10, 7, 14, 11, 25, 0, 12, 8, 26][6, 5, 21, 10, 15, 2, 7, 24, 20, 4, 14, 9, 23, 3, 11][0, 26, 8, 19, 12, 18, 17, 22, 25, 28, 16, 6, 5, 21, 10][5, 21, 10, 15, 6, 13, 0, 26, 8, 19, 17, 22, 18, 12][17, 12, 8, 26, 0, 28, 16, 2, 15, 10, 6, 21] 
[9, 3, 1, 4, 14, 11, 25, 0, 12, 19, 22][13, 6, 5, 15, 10, 27, 16, 2, 29][2, 27, 15, 29, 10, 21, 5, 6][17, 11, 3, 9, 1, 14, 23, 24][26, 8, 12, 19, 22, 25, 28][7, 16, 6, 13][4, 24][20, 23][0, 18][20, 23][7, 20][18, 22] 
[1, 24, 20, 7, 16, 6, 5, 21][14, 11, 25, 22, 18, 19, 8, 26][3, 11, 17, 0, 25, 7, 24][9, 3, 4, 7, 10, 21][10, 6, 13, 0, 12][9, 3, 11, 17, 22][2, 16, 28, 25, 11][2, 15, 16, 7, 4][15, 27, 29][9, 23, 24][0, 26][2, 21] 
[25, 22, 17, 19, 8, 26, 0, 13, 6, 10, 7, 28, 16, 27, 29][21, 5, 15, 2, 6, 13, 18, 19, 8, 26, 0, 12, 22, 25][11, 3, 9, 1, 4, 20, 24, 23, 14][7, 10, 15, 6, 13, 0, 22, 18, 12][14, 11, 25, 28, 16][10, 27, 2, 21][6, 10][7, 10][8, 26][15, 27][8, 26][15, 27] 
[12, 8, 19, 22, 25, 28, 16, 27, 29, 2, 15, 5, 6, 10, 21][2, 10, 29, 15, 16, 7, 20, 4, 3, 9, 23, 24, 1, 14, 11][6, 10, 2, 7, 28, 25, 11, 3, 24, 4, 1, 23, 9, 14, 20][5, 21, 15, 10, 16, 27, 7, 24, 23, 9, 3, 1, 4, 14, 20][0, 19, 12, 17][13, 6, 16][12, 8, 26][13, 18][3, 14][20, 24][1, 9][9, 23] 
[11, 14, 1, 24, 23, 9, 3, 4, 20, 7, 10, 29, 2, 16, 28][6, 10, 2, 7, 28, 25, 11, 3, 24, 4, 1, 23, 9, 14, 20][5, 21, 15, 10, 16, 27, 7, 24, 23, 9, 3, 1, 4, 14, 20][12, 8, 26, 0, 22, 19][22, 25][6, 13][13, 18][3, 14][12, 17][20, 24][1, 9][9, 23] 
[9, 3, 1, 23, 4, 7, 28, 0, 19, 18, 13, 6, 15, 21][12, 18, 0, 22, 25, 11, 14][21, 10, 2, 29, 27][19, 8, 26][17, 22][4, 24][10, 16][5, 21][20, 24][6, 13][3, 11][6, 13] 
[6, 2, 15, 16, 28, 25, 22, 12, 18, 17, 19, 8, 26, 0, 13][9, 1, 3, 14, 24, 23, 20, 7, 25, 0, 18, 22, 12, 19, 17][9, 23, 1, 24, 4, 3, 11, 14, 20, 7, 25, 0, 19, 17, 28][3, 14, 20, 24, 7, 16, 28, 0, 26, 8, 12, 22, 17, 18, 19][15, 5, 6, 10, 21, 2, 16, 7, 24, 4, 14, 9, 1, 23, 20][4, 7, 16, 28, 17, 19, 0, 13, 6, 21, 15, 27, 2, 10, 29][2, 10, 21, 5, 6, 16, 27, 7, 20, 4, 14, 23][17, 12, 22, 25, 28, 16, 27, 2, 15, 6, 21][5, 21, 10, 16, 15, 2, 7, 20, 23, 9][25, 0, 13, 6, 21, 10, 27, 29][6, 13, 18, 22][16, 27] 
[26, 8, 19, 17, 11, 14, 23, 9, 1, 24, 4, 7, 10, 27, 29][12, 17, 28, 16, 7, 25, 11, 3, 1, 24, 20, 4, 23, 9, 14][8, 26, 0, 12, 19, 18, 17, 11, 3, 23, 1, 9, 14, 24, 20][6, 5, 21, 10, 15, 2, 7, 24, 20, 4, 14, 9, 23, 3, 11][0, 26, 8, 19, 12, 18, 17, 22, 25, 28, 16, 6, 5, 21, 10][4, 24, 20, 23][5, 21][13, 18][15, 21][12, 19][8, 19][8, 26] 
[4, 24, 14, 11, 17, 22, 25, 28, 16, 10, 29, 15, 21, 6, 5][3, 9, 1, 23, 14, 20, 7, 25, 22, 18, 0, 12, 19, 8, 26][2, 29, 10, 7, 4, 24, 1, 9, 23, 14, 11, 17, 19, 8, 26][13, 0, 26, 8, 12, 19, 17, 11, 14, 20, 4, 7, 2, 29, 27][0, 25, 11, 3, 24, 4, 23, 1, 14, 20, 7, 27, 15, 16, 28][19, 17, 12, 22, 25, 28, 16, 27, 29, 2, 15, 5, 6, 10, 21][19, 8, 26, 0, 28, 17, 22, 25, 11, 14, 4, 1, 9, 3, 24][22, 18, 17, 11, 14, 20, 7, 28, 0, 13, 6, 15, 10, 2, 27][0, 26, 8, 19, 12, 18, 17, 22, 25, 28, 16, 6, 5, 21, 10][8, 12, 17, 18, 22, 19, 0, 25, 7, 24, 23, 9, 14, 4, 20][8, 12, 19, 22, 18, 17, 0, 13, 6, 5, 21, 2, 10, 16, 27][5, 21, 10, 15, 6, 13, 0, 26, 8, 19, 17, 22, 18, 12] 
[4, 1, 9, 14, 11, 17, 22, 0, 28, 7, 10][16, 15, 5, 6, 13, 18, 22, 19, 8, 26][10, 27, 7, 25, 22, 12, 0, 17][2, 21, 6, 13][2, 29][1, 4][20, 23][23, 24][20, 24][4, 24][1, 4][3, 14] 
[26, 8, 19, 0, 18, 12, 22, 25, 7, 10, 21, 5, 6, 15, 27][10, 21, 6, 13, 18, 22, 0, 17, 11, 3, 1, 14, 9, 23, 20][2, 29, 10, 7, 4, 24, 1, 9, 23, 14, 11, 17, 19, 8, 26][14, 9, 23, 3, 4, 7, 16, 27, 29, 2, 10, 6, 5, 15, 21][19, 8, 26, 0, 28, 17, 22, 25, 11, 14, 4, 1, 9, 3, 24][0, 25, 11, 3, 24, 4, 23, 1, 14, 20, 7, 27, 15, 16, 28][4, 24, 14, 11, 17, 22, 25, 28, 16, 10, 29, 15, 21, 6, 5][6, 5, 21, 10, 15, 2, 7, 24, 20, 4, 14, 9, 23, 3, 11][0, 26, 8, 19, 12, 18, 17, 22, 25, 28, 16, 6, 5, 21, 10][5, 21, 10, 15, 6, 13, 0, 26, 8, 19, 17, 22, 18, 12][17, 28, 16, 2, 29, 10, 7, 14, 11, 25, 0, 12, 8, 26][0, 12, 17] 
[24, 23, 14, 1, 3, 11, 17, 19, 22, 0, 12, 8, 26][2, 27, 15, 29, 10, 21, 5, 6][6, 16, 7][4, 24][20, 23][1, 9][25, 28][7, 28][20, 23][6, 13][7, 20][18, 22] 
[17, 12, 22, 25, 28, 16, 27, 29, 2, 15, 5, 6, 10, 21][4, 3, 23, 1, 14, 20, 24][13, 0, 26, 8, 19][5, 15][7, 25][16, 27][11, 14][18, 19][9, 14][18, 22][7, 24][10, 29] 
[9, 3, 1, 23, 4, 7, 28, 0, 19, 18, 13, 6, 15, 21][12, 18, 0, 22, 25, 11, 14, 7, 24, 3, 1, 9, 23][21, 10, 2, 29, 27][19, 8, 26][17, 22][4, 24][10, 16][5, 21][20, 24][6, 13][3, 11][6, 13] 
