[11, 9, 1, 59, 17, 55, 20, 10, 52, 64][33, 50, 23, 2, 14, 44, 60, 17, 43, 61][16, 1, 49, 42, 62, 30, 24, 63, 6, 56][23, 29, 19, 22, 13, 50, 0, 3, 48, 39][36, 38, 18, 5, 67, 37, 32, 39, 48, 66][4, 53, 47, 6, 56, 28, 8, 26, 1, 68][53, 4, 25, 12, 41, 45, 34, 51, 57, 58][27, 67, 5, 18, 65, 37, 32, 54, 66, 69][45, 58, 41, 12, 4, 40, 46, 7, 53, 47][16, 1, 49, 15, 42, 62, 21, 63, 6, 56][1, 31, 9, 59, 10, 52, 64, 35, 6, 56][40, 53, 4, 25, 12, 41, 34, 51, 57, 58][19, 29, 23, 0, 2, 14, 60, 61, 43, 33][19, 29, 23, 2, 14, 60, 44, 61, 43, 50][8, 26, 16, 9, 68, 11, 15, 62, 30, 24] 
[19, 29, 23, 2, 14, 60, 44, 61, 43, 50][23, 29, 19, 22, 13, 50, 0, 3, 48, 39][36, 38, 18, 5, 67, 37, 32, 39, 48, 66][27, 67, 5, 18, 65, 37, 32, 54, 66, 69][33, 50, 23, 2, 14, 44, 60, 17, 43, 61][11, 9, 1, 59, 17, 55, 20, 10, 52, 64][4, 53, 47, 6, 56, 28, 8, 26, 1, 68][40, 53, 4, 25, 12, 41, 34, 51, 57, 58][16, 1, 49, 15, 42, 62, 21, 63, 6, 56][45, 58, 41, 12, 4, 40, 46, 7, 53, 47][8, 26, 16, 9, 68, 11, 15, 62, 30, 24][1, 31, 9, 59, 10, 52, 64, 35, 6, 56][16, 1, 49, 15, 42, 62, 21, 63, 6, 56][53, 4, 25, 12, 41, 45, 34, 51, 57, 58][16, 1, 49, 42, 62, 30, 24, 63, 6, 56] 
[11, 9, 1, 59, 17, 55, 20, 10, 52, 64][16, 1, 49, 42, 62, 30, 24, 63, 6, 56][33, 50, 23, 2, 14, 44, 60, 17, 43, 61][8, 28, 56, 6, 47, 53, 4, 7, 46, 40][23, 29, 19, 22, 13, 50, 0, 3, 48, 39][53, 4, 25, 12, 41, 45, 34, 51, 57, 58][18, 65, 37, 32, 54, 66, 69, 38, 36, 41][27, 67, 5, 18, 65, 37, 32, 54, 66, 69][8, 26, 16, 9, 68, 11, 15, 62, 30, 24][1, 31, 9, 59, 10, 52, 64, 35, 6, 56][16, 1, 49, 15, 42, 62, 21, 63, 6, 56][19, 29, 23, 2, 14, 60, 44, 61, 43, 50][18, 65, 37, 32, 54, 66, 69, 38, 36, 41][27, 67, 5, 18, 65, 37, 32, 54, 66, 69][16, 1, 49, 15, 42, 62, 21, 63, 6, 56] 
[19, 29, 23, 0, 2, 14, 60, 44, 61, 43][23, 29, 19, 22, 13, 50, 0, 3, 48, 39][36, 38, 18, 5, 67, 37, 32, 39, 48, 66][27, 67, 5, 18, 65, 37, 32, 54, 66, 69][33, 50, 23, 2, 14, 44, 60, 17, 43, 61][11, 9, 1, 59, 17, 55, 20, 10, 52, 64][16, 1, 49, 15, 42, 62, 21, 63, 6, 56][4, 53, 47, 6, 56, 28, 8, 26, 1, 68][40, 53, 4, 25, 12, 41, 34, 51, 57, 58][45, 58, 41, 12, 4, 40, 46, 7, 53, 47][8, 26, 16, 9, 68, 11, 15, 62, 30, 24][1, 31, 9, 59, 10, 52, 64, 35, 6, 56][16, 1, 49, 15, 42, 62, 21, 63, 6, 56][16, 1, 49, 42, 62, 30, 24, 63, 6, 56][16, 1, 49, 15, 42, 62, 21, 63, 6, 56] 
[16, 1, 49, 42, 62, 30, 24, 63, 6, 56][11, 9, 1, 59, 17, 55, 20, 10, 52, 64][33, 50, 23, 2, 14, 44, 60, 17, 43, 61][23, 29, 19, 22, 13, 50, 0, 3, 48, 39][8, 28, 56, 6, 47, 53, 4, 7, 46, 40][53, 4, 25, 12, 41, 45, 34, 51, 57, 58][18, 65, 37, 32, 54, 66, 69, 38, 36, 41][27, 67, 5, 18, 65, 37, 32, 54, 66, 69][8, 26, 16, 9, 68, 11, 15, 62, 30, 24][1, 31, 9, 59, 10, 52, 64, 35, 6, 56][16, 1, 49, 15, 42, 62, 21, 63, 6, 56][19, 29, 23, 2, 14, 60, 44, 61, 43, 50][27, 67, 5, 18, 65, 37, 32, 54, 66, 69][53, 4, 25, 12, 41, 45, 34, 51, 57, 58][18, 65, 37, 32, 54, 66, 69, 38, 36, 41] 
[16, 1, 49, 42, 62, 30, 24, 63, 6, 56][11, 9, 1, 59, 17, 55, 20, 10, 52, 64][33, 50, 23, 2, 14, 44, 60, 17, 43, 61][23, 29, 19, 22, 13, 50, 0, 3, 48, 39][8, 28, 56, 6, 47, 53, 4, 7, 46, 40][53, 4, 25, 12, 41, 45, 34, 51, 57, 58][18, 65, 37, 32, 54, 66, 69, 38, 36, 41][27, 67, 5, 18, 65, 37, 32, 54, 66, 69][8, 26, 16, 9, 68, 11, 15, 62, 30, 24][1, 31, 9, 59, 10, 52, 64, 35, 6, 56][16, 1, 49, 15, 42, 62, 21, 63, 6, 56][19, 29, 23, 2, 14, 60, 44, 61, 43, 50][27, 67, 5, 18, 65, 37, 32, 54, 66, 69][53, 4, 25, 12, 41, 45, 34, 51, 57, 58][18, 65, 37, 32, 54, 66, 69, 38, 36, 41] 
[11, 9, 1, 59, 17, 55, 20, 10, 52, 64][16, 1, 49, 42, 62, 30, 24, 63, 6, 56][33, 50, 23, 2, 14, 44, 60, 17, 43, 61][8, 28, 56, 6, 47, 53, 4, 7, 46, 40][23, 29, 19, 22, 13, 50, 0, 3, 48, 39][53, 4, 25, 12, 41, 45, 34, 51, 57, 58][18, 65, 37, 32, 54, 66, 69, 38, 36, 41][27, 67, 5, 18, 65, 37, 32, 54, 66, 69][8, 26, 16, 9, 68, 11, 15, 62, 30, 24][1, 31, 9, 59, 10, 52, 64, 35, 6, 56][16, 1, 49, 15, 42, 62, 21, 63, 6, 56][19, 29, 23, 2, 14, 60, 44, 61, 43, 50][18, 65, 37, 32, 54, 66, 69, 38, 36, 41][27, 67, 5, 18, 65, 37, 32, 54, 66, 69][16, 1, 49, 15, 42, 62, 21, 63, 6, 56] 
[16, 1, 49, 42, 62, 30, 24, 63, 6, 56][11, 9, 1, 59, 17, 55, 20, 10, 52, 64][33, 50, 23, 2, 14, 44, 60, 17, 43, 61][23, 29, 19, 22, 13, 50, 0, 3, 48, 39][8, 28, 56, 6, 47, 53, 4, 7, 46, 40][53, 4, 25, 12, 41, 45, 34, 51, 57, 58][18, 65, 37, 32, 54, 66, 69, 38, 36, 41][27, 67, 5, 18, 65, 37, 32, 54, 66, 69][8, 26, 16, 9, 68, 11, 15, 62, 30, 24][1, 31, 9, 59, 10, 52, 64, 35, 6, 56][16, 1, 49, 15, 42, 62, 21, 63, 6, 56][19, 29, 23, 2, 14, 60, 44, 61, 43, 50][27, 67, 5, 18, 65, 37, 32, 54, 66, 69][53, 4, 25, 12, 41, 45, 34, 51, 57, 58][18, 65, 37, 32, 54, 66, 69, 38, 36, 41] 
[16, 1, 49, 42, 62, 30, 24, 63, 6, 56][11, 9, 1, 59, 17, 55, 20, 10, 52, 64][33, 50, 23, 2, 14, 44, 60, 17, 43, 61][23, 29, 19, 22, 13, 50, 0, 3, 48, 39][8, 28, 56, 6, 47, 53, 4, 7, 46, 40][53, 4, 25, 12, 41, 45, 34, 51, 57, 58][18, 65, 37, 32, 54, 66, 69, 38, 36, 41][27, 67, 5, 18, 65, 37, 32, 54, 66, 69][8, 26, 16, 9, 68, 11, 15, 62, 30, 24][1, 31, 9, 59, 10, 52, 64, 35, 6, 56][16, 1, 49, 15, 42, 62, 21, 63, 6, 56][19, 29, 23, 2, 14, 60, 44, 61, 43, 50][27, 67, 5, 18, 65, 37, 32, 54, 66, 69][53, 4, 25, 12, 41, 45, 34, 51, 57, 58][18, 65, 37, 32, 54, 66, 69, 38, 36, 41] 
[11, 9, 1, 59, 17, 55, 20, 10, 52, 64][16, 1, 49, 42, 62, 30, 24, 63, 6, 56][33, 50, 23, 2, 14, 44, 60, 17, 43, 61][8, 28, 56, 6, 47, 53, 4, 7, 46, 40][23, 29, 19, 22, 13, 50, 0, 3, 48, 39][53, 4, 25, 12, 41, 45, 34, 51, 57, 58][18, 65, 37, 32, 54, 66, 69, 38, 36, 41][27, 67, 5, 18, 65, 37, 32, 54, 66, 69][8, 26, 16, 9, 68, 11, 15, 62, 30, 24][1, 31, 9, 59, 10, 52, 64, 35, 6, 56][16, 1, 49, 15, 42, 62, 21, 63, 6, 56][19, 29, 23, 2, 14, 60, 44, 61, 43, 50][18, 65, 37, 32, 54, 66, 69, 38, 36, 41][27, 67, 5, 18, 65, 37, 32, 54, 66, 69][16, 1, 49, 15, 42, 62, 21, 63, 6, 56] 
[11, 9, 1, 59, 17, 55, 20, 10, 52, 64][33, 50, 23, 2, 14, 44, 60, 17, 43, 61][16, 1, 49, 42, 62, 30, 24, 63, 6, 56][23, 29, 19, 22, 13, 50, 0, 3, 48, 39][36, 38, 18, 5, 67, 37, 32, 39, 48, 66][4, 53, 47, 6, 56, 28, 8, 26, 1, 68][53, 4, 25, 12, 41, 45, 34, 51, 57, 58][27, 67, 5, 18, 65, 37, 32, 54, 66, 69][45, 58, 41, 12, 4, 40, 46, 7, 53, 47][16, 1, 49, 15, 42, 62, 21, 63, 6, 56][1, 31, 9, 59, 10, 52, 64, 35, 6, 56][40, 53, 4, 25, 12, 41, 34, 51, 57, 58][19, 29, 23, 0, 2, 14, 60, 61, 43, 33][19, 29, 23, 2, 14, 60, 44, 61, 43, 50][8, 26, 16, 9, 68, 11, 15, 62, 30, 24] 
[19, 29, 23, 2, 14, 60, 44, 61, 43, 50][23, 29, 19, 22, 13, 50, 0, 3, 48, 39][36, 38, 18, 5, 67, 37, 32, 39, 48, 66][27, 67, 5, 18, 65, 37, 32, 54, 66, 69][33, 50, 23, 2, 14, 44, 60, 17, 43, 61][11, 9, 1, 59, 17, 55, 20, 10, 52, 64][4, 53, 47, 6, 56, 28, 8, 26, 1, 68][40, 53, 4, 25, 12, 41, 34, 51, 57, 58][16, 1, 49, 15, 42, 62, 21, 63, 6, 56][45, 58, 41, 12, 4, 40, 46, 7, 53, 47][8, 26, 16, 9, 68, 11, 15, 62, 30, 24][1, 31, 9, 59, 10, 52, 64, 35, 6, 56][16, 1, 49, 15, 42, 62, 21, 63, 6, 56][53, 4, 25, 12, 41, 45, 34, 51, 57, 58][16, 1, 49, 42, 62, 30, 24, 63, 6, 56] 
[11, 9, 1, 59, 17, 55, 20, 10, 52, 64][16, 1, 49, 42, 62, 30, 24, 63, 6, 56][33, 50, 23, 2, 14, 44, 60, 17, 43, 61][8, 28, 56, 6, 47, 53, 4, 7, 46, 40][23, 29, 19, 22, 13, 50, 0, 3, 48, 39][53, 4, 25, 12, 41, 45, 34, 51, 57, 58][18, 65, 37, 32, 54, 66, 69, 38, 36, 41][27, 67, 5, 18, 65, 37, 32, 54, 66, 69][8, 26, 16, 9, 68, 11, 15, 62, 30, 24][1, 31, 9, 59, 10, 52, 64, 35, 6, 56][16, 1, 49, 15, 42, 62, 21, 63, 6, 56][19, 29, 23, 2, 14, 60, 44, 61, 43, 50][18, 65, 37, 32, 54, 66, 69, 38, 36, 41][27, 67, 5, 18, 65, 37, 32, 54, 66, 69][16, 1, 49, 15, 42, 62, 21, 63, 6, 56] 
[16, 1, 49, 42, 62, 30, 24, 63, 6, 56][11, 9, 1, 59, 17, 55, 20, 10, 52, 64][33, 50, 23, 2, 14, 44, 60, 17, 43, 61][23, 29, 19, 22, 13, 50, 0, 3, 48, 39][8, 28, 56, 6, 47, 53, 4, 7, 46, 40][53, 4, 25, 12, 41, 45, 34, 51, 57, 58][18, 65, 37, 32, 54, 66, 69, 38, 36, 41][27, 67, 5, 18, 65, 37, 32, 54, 66, 69][8, 26, 16, 9, 68, 11, 15, 62, 30, 24][1, 31, 9, 59, 10, 52, 64, 35, 6, 56][16, 1, 49, 15, 42, 62, 21, 63, 6, 56][19, 29, 23, 2, 14, 60, 44, 61, 43, 50][27, 67, 5, 18, 65, 37, 32, 54, 66, 69][53, 4, 25, 12, 41, 45, 34, 51, 57, 58][18, 65, 37, 32, 54, 66, 69, 38, 36, 41] 
[16, 1, 49, 42, 62, 30, 24, 63, 6, 56][11, 9, 1, 59, 17, 55, 20, 10, 52, 64][33, 50, 23, 2, 14, 44, 60, 17, 43, 61][23, 29, 19, 22, 13, 50, 0, 3, 48, 39][8, 28, 56, 6, 47, 53, 4, 7, 46, 40][53, 4, 25, 12, 41, 45, 34, 51, 57, 58][18, 65, 37, 32, 54, 66, 69, 38, 36, 41][27, 67, 5, 18, 65, 37, 32, 54, 66, 69][8, 26, 16, 9, 68, 11, 15, 62, 30, 24][1, 31, 9, 59, 10, 52, 64, 35, 6, 56][16, 1, 49, 15, 42, 62, 21, 63, 6, 56][19, 29, 23, 2, 14, 60, 44, 61, 43, 50][27, 67, 5, 18, 65, 37, 32, 54, 66, 69][53, 4, 25, 12, 41, 45, 34, 51, 57, 58][18, 65, 37, 32, 54, 66, 69, 38, 36, 41] 
[16, 1, 49, 42, 62, 30, 24, 63, 6, 56][11, 9, 1, 59, 17, 55, 20, 10, 52, 64][33, 50, 23, 2, 14, 44, 60, 17, 43, 61][23, 29, 19, 22, 13, 50, 0, 3, 48, 39][8, 28, 56, 6, 47, 53, 4, 7, 46, 40][53, 4, 25, 12, 41, 45, 34, 51, 57, 58][18, 65, 37, 32, 54, 66, 69, 38, 36, 41][27, 67, 5, 18, 65, 37, 32, 54, 66, 69][8, 26, 16, 9, 68, 11, 15, 62, 30, 24][1, 31, 9, 59, 10, 52, 64, 35, 6, 56][16, 1, 49, 15, 42, 62, 21, 63, 6, 56][19, 29, 23, 2, 14, 60, 44, 61, 43, 50][27, 67, 5, 18, 65, 37, 32, 54, 66, 69][53, 4, 25, 12, 41, 45, 34, 51, 57, 58][18, 65, 37, 32, 54, 66, 69, 38, 36, 41] 
[11, 9, 1, 59, 17, 55, 20, 10, 52, 64][33, 50, 23, 2, 14, 44, 60, 17, 43, 61][16, 1, 49, 42, 62, 30, 24, 63, 6, 56][23, 29, 19, 22, 13, 50, 0, 3, 48, 39][36, 38, 18, 5, 67, 37, 32, 39, 48, 66][4, 53, 47, 6, 56, 28, 8, 26, 1, 68][53, 4, 25, 12, 41, 45, 34, 51, 57, 58][27, 67, 5, 18, 65, 37, 32, 54, 66, 69][45, 58, 41, 12, 4, 40, 46, 7, 53, 47][16, 1, 49, 15, 42, 62, 21, 63, 6, 56][1, 31, 9, 59, 10, 52, 64, 35, 6, 56][40, 53, 4, 25, 12, 41, 34, 51, 57, 58][19, 29, 23, 0, 2, 14, 60, 61, 43, 33][19, 29, 23, 2, 14, 60, 44, 61, 43, 50][8, 26, 16, 9, 68, 11, 15, 62, 30, 24] 
[19, 29, 23, 2, 14, 60, 44, 61, 43, 50][23, 29, 19, 22, 13, 50, 0, 3, 48, 39][36, 38, 18, 5, 67, 37, 32, 39, 48, 66][27, 67, 5, 18, 65, 37, 32, 54, 66, 69][33, 50, 23, 2, 14, 44, 60, 17, 43, 61][11, 9, 1, 59, 17, 55, 20, 10, 52, 64][4, 53, 47, 6, 56, 28, 8, 26, 1, 68][40, 53, 4, 25, 12, 41, 34, 51, 57, 58][16, 1, 49, 15, 42, 62, 21, 63, 6, 56][45, 58, 41, 12, 4, 40, 46, 7, 53, 47][8, 26, 16, 9, 68, 11, 15, 62, 30, 24][1, 31, 9, 59, 10, 52, 64, 35, 6, 56][16, 1, 49, 15, 42, 62, 21, 63, 6, 56][53, 4, 25, 12, 41, 45, 34, 51, 57, 58][16, 1, 49, 42, 62, 30, 24, 63, 6, 56] 
[16, 1, 49, 42, 62, 30, 24, 63, 6, 56][11, 9, 1, 59, 17, 55, 20, 10, 52, 64][33, 50, 23, 2, 14, 44, 60, 17, 43, 61][23, 29, 19, 22, 13, 50, 0, 3, 48, 39][8, 28, 56, 6, 47, 53, 4, 7, 46, 40][53, 4, 25, 12, 41, 45, 34, 51, 57, 58][18, 65, 37, 32, 54, 66, 69, 38, 36, 41][27, 67, 5, 18, 65, 37, 32, 54, 66, 69][8, 26, 16, 9, 68, 11, 15, 62, 30, 24][1, 31, 9, 59, 10, 52, 64, 35, 6, 56][16, 1, 49, 15, 42, 62, 21, 63, 6, 56][19, 29, 23, 2, 14, 60, 44, 61, 43, 50][27, 67, 5, 18, 65, 37, 32, 54, 66, 69][53, 4, 25, 12, 41, 45, 34, 51, 57, 58][18, 65, 37, 32, 54, 66, 69, 38, 36, 41] 
[11, 9, 1, 59, 17, 55, 20, 10, 52, 64][33, 50, 23, 2, 14, 44, 60, 17, 43, 61][16, 1, 49, 42, 62, 30, 24, 63, 6, 56][23, 29, 19, 22, 13, 50, 0, 3, 48, 39][36, 38, 18, 5, 67, 37, 32, 39, 48, 66][4, 53, 47, 6, 56, 28, 8, 26, 1, 68][53, 4, 25, 12, 41, 45, 34, 51, 57, 58][27, 67, 5, 18, 65, 37, 32, 54, 66, 69][45, 58, 41, 12, 4, 40, 46, 7, 53, 47][16, 1, 49, 15, 42, 62, 21, 63, 6, 56][1, 31, 9, 59, 10, 52, 64, 35, 6, 56][40, 53, 4, 25, 12, 41, 34, 51, 57, 58][19, 29, 23, 0, 2, 14, 60, 61, 43, 33][19, 29, 23, 2, 14, 60, 44, 61, 43, 50][8, 26, 16, 9, 68, 11, 15, 62, 30, 24] 
[11, 9, 1, 59, 17, 55, 20, 10, 52, 64][33, 50, 23, 2, 14, 44, 60, 17, 43, 61][16, 1, 49, 42, 62, 30, 24, 63, 6, 56][23, 29, 19, 22, 13, 50, 0, 3, 48, 39][36, 38, 18, 5, 67, 37, 32, 39, 48, 66][4, 53, 47, 6, 56, 28, 8, 26, 1, 68][53, 4, 25, 12, 41, 45, 34, 51, 57, 58][27, 67, 5, 18, 65, 37, 32, 54, 66, 69][45, 58, 41, 12, 4, 40, 46, 7, 53, 47][16, 1, 49, 15, 42, 62, 21, 63, 6, 56][1, 31, 9, 59, 10, 52, 64, 35, 6, 56][40, 53, 4, 25, 12, 41, 34, 51, 57, 58][19, 29, 23, 0, 2, 14, 60, 61, 43, 33][19, 29, 23, 2, 14, 60, 44, 61, 43, 50][8, 26, 16, 9, 68, 11, 15, 62, 30, 24] 
[19, 29, 23, 2, 14, 60, 44, 61, 43, 50][23, 29, 19, 22, 13, 50, 0, 3, 48, 39][36, 38, 18, 5, 67, 37, 32, 39, 48, 66][27, 67, 5, 18, 65, 37, 32, 54, 66, 69][33, 50, 23, 2, 14, 44, 60, 17, 43, 61][11, 9, 1, 59, 17, 55, 20, 10, 52, 64][4, 53, 47, 6, 56, 28, 8, 26, 1, 68][40, 53, 4, 25, 12, 41, 34, 51, 57, 58][16, 1, 49, 15, 42, 62, 21, 63, 6, 56][45, 58, 41, 12, 4, 40, 46, 7, 53, 47][8, 26, 16, 9, 68, 11, 15, 62, 30, 24][1, 31, 9, 59, 10, 52, 64, 35, 6, 56][16, 1, 49, 15, 42, 62, 21, 63, 6, 56][53, 4, 25, 12, 41, 45, 34, 51, 57, 58][16, 1, 49, 42, 62, 30, 24, 63, 6, 56] 
[11, 9, 1, 59, 17, 55, 20, 10, 52, 64][16, 1, 49, 42, 62, 30, 24, 63, 6, 56][33, 50, 23, 2, 14, 44, 60, 17, 43, 61][8, 28, 56, 6, 47, 53, 4, 7, 46, 40][23, 29, 19, 22, 13, 50, 0, 3, 48, 39][53, 4, 25, 12, 41, 45, 34, 51, 57, 58][18, 65, 37, 32, 54, 66, 69, 38, 36, 41][27, 67, 5, 18, 65, 37, 32, 54, 66, 69][8, 26, 16, 9, 68, 11, 15, 62, 30, 24][1, 31, 9, 59, 10, 52, 64, 35, 6, 56][16, 1, 49, 15, 42, 62, 21, 63, 6, 56][19, 29, 23, 2, 14, 60, 44, 61, 43, 50][18, 65, 37, 32, 54, 66, 69, 38, 36, 41][27, 67, 5, 18, 65, 37, 32, 54, 66, 69][16, 1, 49, 15, 42, 62, 21, 63, 6, 56] 
[16, 1, 49, 42, 62, 30, 24, 63, 6, 56][11, 9, 1, 59, 17, 55, 20, 10, 52, 64][33, 50, 23, 2, 14, 44, 60, 17, 43, 61][23, 29, 19, 22, 13, 50, 0, 3, 48, 39][8, 28, 56, 6, 47, 53, 4, 7, 46, 40][53, 4, 25, 12, 41, 45, 34, 51, 57, 58][18, 65, 37, 32, 54, 66, 69, 38, 36, 41][27, 67, 5, 18, 65, 37, 32, 54, 66, 69][8, 26, 16, 9, 68, 11, 15, 62, 30, 24][1, 31, 9, 59, 10, 52, 64, 35, 6, 56][16, 1, 49, 15, 42, 62, 21, 63, 6, 56][19, 29, 23, 2, 14, 60, 44, 61, 43, 50][27, 67, 5, 18, 65, 37, 32, 54, 66, 69][53, 4, 25, 12, 41, 45, 34, 51, 57, 58][18, 65, 37, 32, 54, 66, 69, 38, 36, 41] 
[16, 1, 49, 42, 62, 30, 24, 63, 6, 56][11, 9, 1, 59, 17, 55, 20, 10, 52, 64][33, 50, 23, 2, 14, 44, 60, 17, 43, 61][23, 29, 19, 22, 13, 50, 0, 3, 48, 39][8, 28, 56, 6, 47, 53, 4, 7, 46, 40][53, 4, 25, 12, 41, 45, 34, 51, 57, 58][18, 65, 37, 32, 54, 66, 69, 38, 36, 41][27, 67, 5, 18, 65, 37, 32, 54, 66, 69][8, 26, 16, 9, 68, 11, 15, 62, 30, 24][1, 31, 9, 59, 10, 52, 64, 35, 6, 56][16, 1, 49, 15, 42, 62, 21, 63, 6, 56][19, 29, 23, 2, 14, 60, 44, 61, 43, 50][27, 67, 5, 18, 65, 37, 32, 54, 66, 69][53, 4, 25, 12, 41, 45, 34, 51, 57, 58][18, 65, 37, 32, 54, 66, 69, 38, 36, 41] 
[16, 1, 49, 42, 62, 30, 24, 63, 6, 56][11, 9, 1, 59, 17, 55, 20, 10, 52, 64][33, 50, 23, 2, 14, 44, 60, 17, 43, 61][23, 29, 19, 22, 13, 50, 0, 3, 48, 39][8, 28, 56, 6, 47, 53, 4, 7, 46, 40][53, 4, 25, 12, 41, 45, 34, 51, 57, 58][18, 65, 37, 32, 54, 66, 69, 38, 36, 41][27, 67, 5, 18, 65, 37, 32, 54, 66, 69][8, 26, 16, 9, 68, 11, 15, 62, 30, 24][1, 31, 9, 59, 10, 52, 64, 35, 6, 56][16, 1, 49, 15, 42, 62, 21, 63, 6, 56][19, 29, 23, 2, 14, 60, 44, 61, 43, 50][27, 67, 5, 18, 65, 37, 32, 54, 66, 69][53, 4, 25, 12, 41, 45, 34, 51, 57, 58][18, 65, 37, 32, 54, 66, 69, 38, 36, 41] 
[11, 9, 1, 59, 17, 55, 20, 10, 52, 64][33, 50, 23, 2, 14, 44, 60, 17, 43, 61][16, 1, 49, 42, 62, 30, 24, 63, 6, 56][23, 29, 19, 22, 13, 50, 0, 3, 48, 39][36, 38, 18, 5, 67, 37, 32, 39, 48, 66][4, 53, 47, 6, 56, 28, 8, 26, 1, 68][53, 4, 25, 12, 41, 45, 34, 51, 57, 58][27, 67, 5, 18, 65, 37, 32, 54, 66, 69][45, 58, 41, 12, 4, 40, 46, 7, 53, 47][16, 1, 49, 15, 42, 62, 21, 63, 6, 56][1, 31, 9, 59, 10, 52, 64, 35, 6, 56][40, 53, 4, 25, 12, 41, 34, 51, 57, 58][19, 29, 23, 0, 2, 14, 60, 61, 43, 33][19, 29, 23, 2, 14, 60, 44, 61, 43, 50][8, 26, 16, 9, 68, 11, 15, 62, 30, 24] 
[19, 29, 23, 2, 14, 60, 44, 61, 43, 50][23, 29, 19, 22, 13, 50, 0, 3, 48, 39][36, 38, 18, 5, 67, 37, 32, 39, 48, 66][27, 67, 5, 18, 65, 37, 32, 54, 66, 69][33, 50, 23, 2, 14, 44, 60, 17, 43, 61][11, 9, 1, 59, 17, 55, 20, 10, 52, 64][4, 53, 47, 6, 56, 28, 8, 26, 1, 68][40, 53, 4, 25, 12, 41, 34, 51, 57, 58][16, 1, 49, 15, 42, 62, 21, 63, 6, 56][45, 58, 41, 12, 4, 40, 46, 7, 53, 47][8, 26, 16, 9, 68, 11, 15, 62, 30, 24][1, 31, 9, 59, 10, 52, 64, 35, 6, 56][16, 1, 49, 15, 42, 62, 21, 63, 6, 56][53, 4, 25, 12, 41, 45, 34, 51, 57, 58][16, 1, 49, 42, 62, 30, 24, 63, 6, 56] 
[16, 1, 49, 42, 62, 30, 24, 63, 6, 56][11, 9, 1, 59, 17, 55, 20, 10, 52, 64][33, 50, 23, 2, 14, 44, 60, 17, 43, 61][23, 29, 19, 22, 13, 50, 0, 3, 48, 39][8, 28, 56, 6, 47, 53, 4, 7, 46, 40][53, 4, 25, 12, 41, 45, 34, 51, 57, 58][18, 65, 37, 32, 54, 66, 69, 38, 36, 41][27, 67, 5, 18, 65, 37, 32, 54, 66, 69][8, 26, 16, 9, 68, 11, 15, 62, 30, 24][1, 31, 9, 59, 10, 52, 64, 35, 6, 56][16, 1, 49, 15, 42, 62, 21, 63, 6, 56][19, 29, 23, 2, 14, 60, 44, 61, 43, 50][27, 67, 5, 18, 65, 37, 32, 54, 66, 69][53, 4, 25, 12, 41, 45, 34, 51, 57, 58][18, 65, 37, 32, 54, 66, 69, 38, 36, 41] 
[11, 9, 1, 59, 17, 55, 20, 10, 52, 64][33, 50, 23, 2, 14, 44, 60, 17, 43, 61][16, 1, 49, 42, 62, 30, 24, 63, 6, 56][23, 29, 19, 22, 13, 50, 0, 3, 48, 39][36, 38, 18, 5, 67, 37, 32, 39, 48, 66][4, 53, 47, 6, 56, 28, 8, 26, 1, 68][53, 4, 25, 12, 41, 45, 34, 51, 57, 58][27, 67, 5, 18, 65, 37, 32, 54, 66, 69][45, 58, 41, 12, 4, 40, 46, 7, 53, 47][16, 1, 49, 15, 42, 62, 21, 63, 6, 56][1, 31, 9, 59, 10, 52, 64, 35, 6, 56][40, 53, 4, 25, 12, 41, 34, 51, 57, 58][19, 29, 23, 0, 2, 14, 60, 61, 43, 33][19, 29, 23, 2, 14, 60, 44, 61, 43, 50][8, 26, 16, 9, 68, 11, 15, 62, 30, 24] 
[11, 9, 1, 59, 17, 55, 20, 10, 52, 64][33, 50, 23, 2, 14, 44, 60, 17, 43, 61][16, 1, 49, 42, 62, 30, 24, 63, 6, 56][23, 29, 19, 22, 13, 50, 0, 3, 48, 39][36, 38, 18, 5, 67, 37, 32, 39, 48, 66][4, 53, 47, 6, 56, 28, 8, 26, 1, 68][53, 4, 25, 12, 41, 45, 34, 51, 57, 58][27, 67, 5, 18, 65, 37, 32, 54, 66, 69][45, 58, 41, 12, 4, 40, 46, 7, 53, 47][16, 1, 49, 15, 42, 62, 21, 63, 6, 56][1, 31, 9, 59, 10, 52, 64, 35, 6, 56][40, 53, 4, 25, 12, 41, 34, 51, 57, 58][19, 29, 23, 0, 2, 14, 60, 61, 43, 33][19, 29, 23, 2, 14, 60, 44, 61, 43, 50][8, 26, 16, 9, 68, 11, 15, 62, 30, 24] 
[19, 29, 23, 2, 14, 60, 44, 61, 43, 50][23, 29, 19, 22, 13, 50, 0, 3, 48, 39][36, 38, 18, 5, 67, 37, 32, 39, 48, 66][27, 67, 5, 18, 65, 37, 32, 54, 66, 69][33, 50, 23, 2, 14, 44, 60, 17, 43, 61][11, 9, 1, 59, 17, 55, 20, 10, 52, 64][4, 53, 47, 6, 56, 28, 8, 26, 1, 68][40, 53, 4, 25, 12, 41, 34, 51, 57, 58][16, 1, 49, 15, 42, 62, 21, 63, 6, 56][45, 58, 41, 12, 4, 40, 46, 7, 53, 47][8, 26, 16, 9, 68, 11, 15, 62, 30, 24][1, 31, 9, 59, 10, 52, 64, 35, 6, 56][16, 1, 49, 15, 42, 62, 21, 63, 6, 56][53, 4, 25, 12, 41, 45, 34, 51, 57, 58][16, 1, 49, 42, 62, 30, 24, 63, 6, 56] 
[16, 1, 49, 42, 62, 30, 24, 63, 6, 56][11, 9, 1, 59, 17, 55, 20, 10, 52, 64][33, 50, 23, 2, 14, 44, 60, 17, 43, 61][23, 29, 19, 22, 13, 50, 0, 3, 48, 39][8, 28, 56, 6, 47, 53, 4, 7, 46, 40][53, 4, 25, 12, 41, 45, 34, 51, 57, 58][18, 65, 37, 32, 54, 66, 69, 38, 36, 41][27, 67, 5, 18, 65, 37, 32, 54, 66, 69][8, 26, 16, 9, 68, 11, 15, 62, 30, 24][1, 31, 9, 59, 10, 52, 64, 35, 6, 56][16, 1, 49, 15, 42, 62, 21, 63, 6, 56][19, 29, 23, 2, 14, 60, 44, 61, 43, 50][27, 67, 5, 18, 65, 37, 32, 54, 66, 69][53, 4, 25, 12, 41, 45, 34, 51, 57, 58][18, 65, 37, 32, 54, 66, 69, 38, 36, 41] 
[11, 9, 1, 59, 17, 55, 20, 10, 52, 64][33, 50, 23, 2, 14, 44, 60, 17, 43, 61][16, 1, 49, 42, 62, 30, 24, 63, 6, 56][23, 29, 19, 22, 13, 50, 0, 3, 48, 39][36, 38, 18, 5, 67, 37, 32, 39, 48, 66][4, 53, 47, 6, 56, 28, 8, 26, 1, 68][53, 4, 25, 12, 41, 45, 34, 51, 57, 58][27, 67, 5, 18, 65, 37, 32, 54, 66, 69][45, 58, 41, 12, 4, 40, 46, 7, 53, 47][16, 1, 49, 15, 42, 62, 21, 63, 6, 56][1, 31, 9, 59, 10, 52, 64, 35, 6, 56][40, 53, 4, 25, 12, 41, 34, 51, 57, 58][19, 29, 23, 0, 2, 14, 60, 61, 43, 33][19, 29, 23, 2, 14, 60, 44, 61, 43, 50][8, 26, 16, 9, 68, 11, 15, 62, 30, 24] 
[11, 9, 1, 59, 17, 55, 20, 10, 52, 64][33, 50, 23, 2, 14, 44, 60, 17, 43, 61][16, 1, 49, 42, 62, 30, 24, 63, 6, 56][23, 29, 19, 22, 13, 50, 0, 3, 48, 39][36, 38, 18, 5, 67, 37, 32, 39, 48, 66][4, 53, 47, 6, 56, 28, 8, 26, 1, 68][53, 4, 25, 12, 41, 45, 34, 51, 57, 58][27, 67, 5, 18, 65, 37, 32, 54, 66, 69][45, 58, 41, 12, 4, 40, 46, 7, 53, 47][16, 1, 49, 15, 42, 62, 21, 63, 6, 56][1, 31, 9, 59, 10, 52, 64, 35, 6, 56][40, 53, 4, 25, 12, 41, 34, 51, 57, 58][19, 29, 23, 0, 2, 14, 60, 61, 43, 33][19, 29, 23, 2, 14, 60, 44, 61, 43, 50][8, 26, 16, 9, 68, 11, 15, 62, 30, 24] 
[14, 61, 43, 33, 50, 17, 55, 16, 1, 11, 59, 10, 20][27, 67, 5, 18, 65, 37, 32, 54, 66, 69, 38, 36, 41][40, 7, 53, 4, 25, 12, 41, 45, 34, 51, 57, 58][1, 31, 9, 59, 10, 52, 64, 35, 6, 56][16, 1, 49, 15, 42, 62, 21, 30, 24, 63][4, 53, 47, 6, 56, 28, 8, 26, 1, 68][0, 23, 69, 66, 54, 32, 37, 18, 67, 27][36, 38, 18, 5, 67, 37, 32, 39, 48, 66][45, 58, 41, 12, 4, 40, 46, 7, 53, 47][19, 29, 23, 0, 2, 14, 60, 44, 61, 43][23, 29, 19, 22, 13, 50, 0, 3, 48, 39][27, 67, 5, 18, 65, 37, 32, 54, 66, 69][1, 31, 9, 59, 10, 52, 64, 35, 6, 56][27, 67, 5, 18, 65, 37, 32, 54, 66, 69][53, 4, 25, 12, 41, 45, 34, 51, 57, 58] 
[13, 20, 10, 59, 11, 1, 16, 55, 17, 50, 33, 43, 61, 14, 2, 23, 29, 19][10, 59, 11, 1, 16, 55, 17, 50, 33, 43, 61, 14, 2, 23, 29, 19][27, 67, 5, 18, 65, 37, 32, 54, 66, 69, 38, 36, 41][27, 67, 5, 18, 65, 37, 32, 54, 66, 69, 38, 36, 41][19, 29, 23, 0, 2, 14, 60, 44, 61, 43][4, 53, 47, 6, 56, 28, 8, 26, 1, 68][53, 4, 25, 12, 41, 45, 34, 51, 57, 58][16, 1, 49, 15, 42, 62, 21, 30, 24, 63][1, 31, 9, 59, 10, 52, 64, 35, 6, 56][23, 29, 19, 22, 13, 50, 0, 3, 48, 39][45, 58, 41, 12, 4, 40, 46, 7, 53, 47][27, 67, 5, 18, 65, 37, 32, 54, 66, 69][1, 31, 9, 59, 10, 52, 64, 35, 6, 56][4, 53, 47, 6, 56, 28, 8, 26, 1, 68][27, 67, 5, 18, 65, 37, 32, 54, 66, 69] 
[13, 20, 10, 59, 11, 1, 16, 55, 17, 50, 33, 43, 61, 14, 2, 23, 29, 19][4, 53, 47, 6, 56, 28, 8, 26, 1, 68][0, 23, 69, 66, 54, 32, 37, 18, 67, 27][16, 1, 49, 15, 42, 62, 21, 30, 24, 63][53, 4, 25, 12, 41, 45, 34, 51, 57, 58][1, 31, 9, 59, 10, 52, 64, 35, 6, 56][36, 38, 18, 5, 67, 37, 32, 39, 48, 66][45, 58, 41, 12, 4, 40, 46, 7, 53, 47][19, 29, 23, 0, 2, 14, 60, 44, 61, 43][23, 29, 19, 22, 13, 50, 0, 3, 48, 39][27, 67, 5, 18, 65, 37, 32, 54, 66, 69][1, 31, 9, 59, 10, 52, 64, 35, 6, 56][1, 31, 9, 59, 10, 52, 64, 35, 6, 56][16, 1, 49, 15, 42, 62, 21, 30, 24, 63][1, 31, 9, 59, 10, 52, 64, 35, 6, 56] 
[24, 21, 63, 30, 15, 42, 62, 49, 1, 31, 9, 59, 10, 52, 64, 35, 6, 56, 8, 55][16, 1, 49, 15, 42, 62, 21, 30, 24, 63][1, 31, 9, 59, 10, 52, 64, 35, 6, 56][4, 53, 47, 6, 56, 28, 8, 26, 1, 68][53, 4, 25, 12, 41, 45, 34, 51, 57, 58][20, 10, 59, 11, 1, 16, 55, 17, 50, 33][23, 29, 19, 22, 13, 50, 0, 3, 48, 39][0, 23, 69, 66, 54, 32, 37, 18, 67, 27][19, 29, 23, 0, 2, 14, 60, 44, 61, 43][36, 38, 18, 5, 67, 37, 32, 39, 48, 66][45, 58, 41, 12, 4, 40, 46, 7, 53, 47][27, 67, 5, 18, 65, 37, 32, 54, 66, 69][19, 29, 23, 0, 2, 14, 60, 44, 61, 43][1, 31, 9, 59, 10, 52, 64, 35, 6, 56][1, 31, 9, 59, 10, 52, 64, 35, 6, 56] 
[21, 63, 30, 15, 42, 62, 49, 1, 31, 9, 59, 10, 52, 64, 35, 6, 56, 8, 55][16, 1, 49, 15, 42, 62, 21, 30, 24, 63][1, 31, 9, 59, 10, 52, 64, 35, 6, 56][4, 53, 47, 6, 56, 28, 8, 26, 1, 68][53, 4, 25, 12, 41, 45, 34, 51, 57, 58][20, 10, 59, 11, 1, 16, 55, 17, 50, 33][23, 29, 19, 22, 13, 50, 0, 3, 48, 39][0, 23, 69, 66, 54, 32, 37, 18, 67, 27][19, 29, 23, 0, 2, 14, 60, 44, 61, 43][36, 38, 18, 5, 67, 37, 32, 39, 48, 66][45, 58, 41, 12, 4, 40, 46, 7, 53, 47][27, 67, 5, 18, 65, 37, 32, 54, 66, 69][19, 29, 23, 0, 2, 14, 60, 44, 61, 43][1, 31, 9, 59, 10, 52, 64, 35, 6, 56][1, 31, 9, 59, 10, 52, 64, 35, 6, 56] 
[53, 4, 25, 12, 41, 45, 34, 51, 57, 58][5, 18, 65, 37, 32, 54, 66, 69, 38, 36][4, 53, 47, 6, 56, 28, 8, 26, 1, 68][20, 10, 59, 11, 1, 16, 55, 17, 50, 33][16, 1, 49, 15, 42, 62, 21, 30, 24, 63][1, 31, 9, 59, 10, 52, 64, 35, 6, 56][23, 29, 19, 22, 13, 50, 0, 3, 48, 39][45, 58, 41, 12, 4, 40, 46, 7, 53, 47][19, 29, 23, 0, 2, 14, 60, 44, 61, 43][19, 29, 23, 0, 2, 14, 60, 44, 61, 43][16, 1, 49, 15, 42, 62, 21, 30, 24, 63][1, 31, 9, 59, 10, 52, 64, 35, 6, 56][16, 1, 49, 15, 42, 62, 21, 30, 24, 63][45, 58, 41, 12, 4, 40, 46, 7, 53, 47][3, 66, 54, 32, 37, 65, 18, 5, 67, 27] 
[14, 61, 43, 33, 50, 17, 55, 16, 1, 11, 59, 10, 20][27, 67, 5, 18, 65, 37, 32, 54, 66, 69, 38, 36, 41][1, 31, 9, 59, 10, 52, 64, 35, 6, 56][16, 1, 49, 15, 42, 62, 21, 30, 24, 63][4, 53, 47, 6, 56, 28, 8, 26, 1, 68][0, 23, 69, 66, 54, 32, 37, 18, 67, 27][53, 4, 25, 12, 41, 45, 34, 51, 57, 58][36, 38, 18, 5, 67, 37, 32, 39, 48, 66][45, 58, 41, 12, 4, 40, 46, 7, 53, 47][19, 29, 23, 0, 2, 14, 60, 44, 61, 43][23, 29, 19, 22, 13, 50, 0, 3, 48, 39][27, 67, 5, 18, 65, 37, 32, 54, 66, 69][1, 31, 9, 59, 10, 52, 64, 35, 6, 56][27, 67, 5, 18, 65, 37, 32, 54, 66, 69][53, 4, 25, 12, 41, 45, 34, 51, 57, 58] 
[14, 61, 43, 33, 50, 17, 55, 16, 1, 11, 59, 10, 20][27, 67, 5, 18, 65, 37, 32, 54, 66, 69, 38, 36, 41][1, 31, 9, 59, 10, 52, 64, 35, 6, 56][16, 1, 49, 15, 42, 62, 21, 30, 24, 63][4, 53, 47, 6, 56, 28, 8, 26, 1, 68][0, 23, 69, 66, 54, 32, 37, 18, 67, 27][53, 4, 25, 12, 41, 45, 34, 51, 57, 58][36, 38, 18, 5, 67, 37, 32, 39, 48, 66][45, 58, 41, 12, 4, 40, 46, 7, 53, 47][19, 29, 23, 0, 2, 14, 60, 44, 61, 43][23, 29, 19, 22, 13, 50, 0, 3, 48, 39][27, 67, 5, 18, 65, 37, 32, 54, 66, 69][1, 31, 9, 59, 10, 52, 64, 35, 6, 56][27, 67, 5, 18, 65, 37, 32, 54, 66, 69][53, 4, 25, 12, 41, 45, 34, 51, 57, 58] 
[24, 21, 63, 30, 15, 42, 62, 49, 1, 31, 9, 59, 10, 52, 64, 35, 6, 56, 8, 55][16, 1, 49, 15, 42, 62, 21, 30, 24, 63][1, 31, 9, 59, 10, 52, 64, 35, 6, 56][4, 53, 47, 6, 56, 28, 8, 26, 1, 68][53, 4, 25, 12, 41, 45, 34, 51, 57, 58][20, 10, 59, 11, 1, 16, 55, 17, 50, 33][23, 29, 19, 22, 13, 50, 0, 3, 48, 39][0, 23, 69, 66, 54, 32, 37, 18, 67, 27][19, 29, 23, 0, 2, 14, 60, 44, 61, 43][36, 38, 18, 5, 67, 37, 32, 39, 48, 66][45, 58, 41, 12, 4, 40, 46, 7, 53, 47][27, 67, 5, 18, 65, 37, 32, 54, 66, 69][19, 29, 23, 0, 2, 14, 60, 44, 61, 43][1, 31, 9, 59, 10, 52, 64, 35, 6, 56][1, 31, 9, 59, 10, 52, 64, 35, 6, 56] 
[16, 1, 49, 15, 42, 62, 21, 30, 24, 63, 6, 35, 34, 41][27, 67, 5, 18, 65, 37, 32, 54, 66, 69, 38, 36, 41][23, 29, 19, 22, 13, 50, 0, 3, 48, 39][33, 50, 23, 2, 14, 44, 60, 17, 43, 61][11, 9, 1, 59, 17, 55, 20, 10, 52, 64][16, 1, 49, 15, 42, 62, 21, 30, 24, 63][4, 53, 47, 6, 56, 28, 8, 26, 1, 68][36, 38, 18, 5, 67, 37, 32, 39, 48, 66][53, 4, 25, 12, 41, 45, 34, 51, 57, 58][27, 67, 5, 18, 65, 37, 32, 54, 66, 69][45, 58, 41, 12, 4, 40, 46, 7, 53, 47][1, 31, 9, 59, 10, 52, 64, 35, 6, 56][27, 67, 5, 18, 65, 37, 32, 54, 66, 69][33, 50, 23, 2, 14, 44, 60, 17, 43, 61][19, 29, 23, 0, 2, 14, 60, 44, 61, 43] 
[13, 20, 10, 59, 11, 1, 16, 55, 17, 50, 33, 43, 61, 14, 2, 23, 29, 19][10, 59, 11, 1, 16, 55, 17, 50, 33, 43, 61, 14, 2, 23, 29, 19][27, 67, 5, 18, 65, 37, 32, 54, 66, 69, 38, 36, 41][27, 67, 5, 18, 65, 37, 32, 54, 66, 69, 38, 36, 41][19, 29, 23, 0, 2, 14, 60, 44, 61, 43][4, 53, 47, 6, 56, 28, 8, 26, 1, 68][53, 4, 25, 12, 41, 45, 34, 51, 57, 58][16, 1, 49, 15, 42, 62, 21, 30, 24, 63][1, 31, 9, 59, 10, 52, 64, 35, 6, 56][23, 29, 19, 22, 13, 50, 0, 3, 48, 39][45, 58, 41, 12, 4, 40, 46, 7, 53, 47][27, 67, 5, 18, 65, 37, 32, 54, 66, 69][1, 31, 9, 59, 10, 52, 64, 35, 6, 56][4, 53, 47, 6, 56, 28, 8, 26, 1, 68][27, 67, 5, 18, 65, 37, 32, 54, 66, 69] 
[13, 20, 10, 59, 11, 1, 16, 55, 17, 50, 33, 43, 61, 14, 2, 23, 29, 19][27, 67, 5, 18, 65, 37, 32, 54, 66, 69, 38, 36, 41][40, 46, 7, 4, 53, 47, 6, 56, 28, 8, 26, 1, 68][40, 46, 7, 4, 53, 47, 6, 56, 28, 8, 26, 1, 68][19, 29, 23, 0, 2, 14, 60, 44, 61, 43, 33][53, 4, 25, 12, 41, 45, 34, 51, 57, 58][16, 1, 49, 15, 42, 62, 21, 30, 24, 63][23, 29, 19, 22, 13, 50, 0, 3, 48, 39][1, 31, 9, 59, 10, 52, 64, 35, 6, 56][19, 29, 23, 0, 2, 14, 60, 44, 61, 43][19, 29, 23, 0, 2, 14, 60, 44, 61, 43][19, 29, 23, 0, 2, 14, 60, 44, 61, 43][1, 31, 9, 59, 10, 52, 64, 35, 6, 56][19, 29, 23, 0, 2, 14, 60, 44, 61, 43][27, 67, 5, 18, 65, 37, 32, 54, 66, 69] 
[40, 46, 7, 47, 6, 56, 28, 8, 26, 1, 68][20, 10, 59, 11, 1, 16, 55, 17, 50, 33][23, 29, 19, 22, 13, 50, 0, 3, 48, 39][53, 4, 25, 12, 41, 45, 34, 51, 57, 58][16, 1, 49, 15, 42, 62, 21, 30, 24, 63][27, 67, 5, 18, 65, 32, 54, 38, 36, 41][19, 29, 23, 0, 2, 14, 60, 44, 61, 43][1, 31, 9, 59, 10, 52, 64, 35, 6, 56][1, 31, 9, 59, 10, 52, 64, 35, 6, 56][36, 38, 18, 5, 67, 37, 32, 39, 48, 66][0, 23, 69, 66, 54, 32, 37, 18, 67, 27][36, 38, 18, 5, 67, 37, 32, 39, 48, 66][19, 29, 23, 0, 2, 14, 60, 44, 61, 43][27, 67, 5, 18, 65, 37, 32, 54, 66, 69][16, 1, 49, 15, 42, 62, 21, 30, 24, 63] 
[13, 20, 10, 59, 11, 1, 16, 55, 17, 50, 33, 43, 61, 14, 2, 23, 29, 19][4, 53, 47, 6, 56, 28, 8, 26, 1, 68][0, 23, 69, 66, 54, 32, 37, 18, 67, 27][16, 1, 49, 15, 42, 62, 21, 30, 24, 63][53, 4, 25, 12, 41, 45, 34, 51, 57, 58][1, 31, 9, 59, 10, 52, 64, 35, 6, 56][36, 38, 18, 5, 67, 37, 32, 39, 48, 66][45, 58, 41, 12, 4, 40, 46, 7, 53, 47][19, 29, 23, 0, 2, 14, 60, 44, 61, 43][23, 29, 19, 22, 13, 50, 0, 3, 48, 39][27, 67, 5, 18, 65, 37, 32, 54, 66, 69][1, 31, 9, 59, 10, 52, 64, 35, 6, 56][1, 31, 9, 59, 10, 52, 64, 35, 6, 56][16, 1, 49, 15, 42, 62, 21, 30, 24, 63][1, 31, 9, 59, 10, 52, 64, 35, 6, 56] 
[13, 20, 10, 59, 11, 1, 16, 55, 17, 50, 33, 43, 61, 14, 2, 23, 29, 19][4, 53, 47, 6, 56, 28, 8, 26, 1, 68][0, 23, 69, 66, 54, 32, 37, 18, 67, 27][16, 1, 49, 15, 42, 62, 21, 30, 24, 63][53, 4, 25, 12, 41, 45, 34, 51, 57, 58][1, 31, 9, 59, 10, 52, 64, 35, 6, 56][36, 38, 18, 5, 67, 37, 32, 39, 48, 66][45, 58, 41, 12, 4, 40, 46, 7, 53, 47][19, 29, 23, 0, 2, 14, 60, 44, 61, 43][23, 29, 19, 22, 13, 50, 0, 3, 48, 39][27, 67, 5, 18, 65, 37, 32, 54, 66, 69][1, 31, 9, 59, 10, 52, 64, 35, 6, 56][1, 31, 9, 59, 10, 52, 64, 35, 6, 56][16, 1, 49, 15, 42, 62, 21, 30, 24, 63][1, 31, 9, 59, 10, 52, 64, 35, 6, 56] 
[13, 20, 10, 59, 11, 1, 16, 55, 17, 50, 33, 43, 61, 14, 2, 23, 29, 19][10, 59, 11, 1, 16, 55, 17, 50, 33, 43, 61, 14, 2, 23, 29, 19][16, 9, 68, 1, 26, 8, 28, 56, 6, 47, 53, 4, 12, 40, 7, 46][27, 67, 5, 18, 65, 37, 32, 54, 66, 69, 38, 36, 41][27, 67, 5, 18, 65, 37, 32, 54, 66, 69, 38, 36, 41][19, 29, 23, 0, 2, 14, 60, 44, 61, 43][4, 53, 47, 6, 56, 28, 8, 26, 1, 68][53, 4, 25, 12, 41, 45, 34, 51, 57, 58][16, 1, 49, 15, 42, 62, 21, 30, 24, 63][1, 31, 9, 59, 10, 52, 64, 35, 6, 56][23, 29, 19, 22, 13, 50, 0, 3, 48, 39][45, 58, 41, 12, 4, 40, 46, 7, 53, 47][27, 67, 5, 18, 65, 37, 32, 54, 66, 69][1, 31, 9, 59, 10, 52, 64, 35, 6, 56][27, 67, 5, 18, 65, 37, 32, 54, 66, 69] 
[25, 27, 67, 18, 37, 32, 54, 66, 69, 23, 0, 3, 29, 48, 39, 65, 19, 22, 45, 36, 38][14, 61, 17, 50, 0, 23, 3, 69, 66, 54, 32, 37, 65, 18, 5, 67, 27][20, 10, 59, 11, 1, 16, 55, 17, 50, 33][4, 53, 47, 6, 56, 28, 8, 26, 1, 68][23, 29, 19, 22, 13, 50, 0, 3, 48, 39][53, 4, 25, 12, 41, 45, 34, 51, 57, 58][27, 67, 5, 18, 65, 32, 54, 38, 36, 41][16, 1, 49, 15, 42, 62, 21, 30, 24, 63][19, 29, 23, 0, 2, 14, 60, 44, 61, 43][1, 31, 9, 59, 10, 52, 64, 35, 6, 56][45, 58, 41, 12, 4, 40, 46, 7, 53, 47][1, 31, 9, 59, 10, 52, 64, 35, 6, 56][27, 67, 5, 18, 65, 37, 32, 54, 66, 69][27, 67, 5, 18, 65, 37, 32, 54, 66, 69][1, 31, 9, 59, 10, 52, 64, 35, 6, 56] 
[27, 67, 5, 18, 65, 37, 32, 54, 66, 69, 38, 36, 41][23, 29, 19, 22, 13, 50, 0, 3, 48, 39][33, 50, 23, 2, 14, 44, 60, 17, 43, 61][11, 9, 1, 59, 17, 55, 20, 10, 52, 64][16, 1, 49, 15, 42, 62, 21, 30, 24, 63][4, 53, 47, 6, 56, 28, 8, 26, 1, 68][36, 38, 18, 5, 67, 37, 32, 39, 48, 66][53, 4, 25, 12, 41, 45, 34, 51, 57, 58][27, 67, 5, 18, 65, 37, 32, 54, 66, 69][45, 58, 41, 12, 4, 40, 46, 7, 53, 47][1, 31, 9, 59, 10, 52, 64, 35, 6, 56][27, 67, 5, 18, 65, 37, 32, 54, 66, 69][33, 50, 23, 2, 14, 44, 60, 17, 43, 61][16, 1, 49, 15, 42, 62, 21, 30, 24, 63][19, 29, 23, 0, 2, 14, 60, 44, 61, 43] 
[13, 20, 10, 59, 11, 1, 16, 55, 17, 50, 33, 43, 61, 14, 2, 23, 29, 19][16, 1, 49, 42, 62, 30, 24, 63, 6, 56, 51, 34, 57, 41, 35][27, 67, 5, 18, 65, 37, 32, 54, 66, 69, 38, 36, 41][40, 53, 4, 25, 12, 41, 34, 51, 57, 58][4, 53, 47, 6, 56, 28, 8, 26, 1, 68][1, 31, 9, 59, 10, 52, 64, 35, 6, 56][23, 29, 19, 22, 13, 50, 0, 3, 48, 39][45, 58, 41, 12, 4, 40, 46, 7, 53, 47][16, 1, 49, 15, 42, 62, 21, 63, 6, 56][19, 29, 23, 0, 2, 14, 60, 44, 61, 43][1, 31, 9, 59, 10, 52, 64, 35, 6, 56][19, 29, 23, 0, 2, 14, 60, 44, 61, 43][1, 31, 9, 59, 10, 52, 64, 35, 6, 56][27, 67, 5, 18, 65, 37, 32, 54, 66, 69][16, 1, 49, 15, 42, 62, 21, 63, 6, 56] 
[19, 29, 23, 2, 14, 61, 43, 33, 50, 17, 55, 16, 1, 11, 59, 10, 20][14, 61, 17, 50, 0, 23, 3, 69, 66, 54, 32, 37, 65, 18, 5, 67, 27][27, 67, 18, 37, 32, 54, 66, 69, 23, 0, 3, 48][4, 53, 47, 6, 56, 28, 8, 26, 1, 68][16, 1, 49, 15, 42, 62, 21, 30, 24, 63][53, 4, 25, 12, 41, 45, 34, 51, 57, 58][36, 38, 18, 5, 67, 37, 32, 39, 48, 66][1, 31, 9, 59, 10, 52, 64, 35, 6, 56][45, 58, 41, 12, 4, 40, 46, 7, 53, 47][23, 29, 19, 22, 13, 50, 0, 3, 48, 39][19, 29, 23, 0, 2, 14, 60, 44, 61, 43][27, 67, 5, 18, 65, 37, 32, 54, 66, 69][53, 4, 25, 12, 41, 45, 34, 51, 57, 58][16, 1, 49, 15, 42, 62, 21, 30, 24, 63][16, 1, 49, 15, 42, 62, 21, 30, 24, 63] 
[25, 27, 67, 18, 37, 32, 54, 66, 69, 23, 0, 3, 29, 48, 39, 65, 19, 22, 45, 36, 38][14, 61, 17, 50, 0, 23, 3, 69, 66, 54, 32, 37, 65, 18, 5, 67, 27][20, 10, 59, 11, 1, 16, 55, 17, 50, 33][4, 53, 47, 6, 56, 28, 8, 26, 1, 68][23, 29, 19, 22, 13, 50, 0, 3, 48, 39][53, 4, 25, 12, 41, 45, 34, 51, 57, 58][27, 67, 5, 18, 65, 32, 54, 38, 36, 41][16, 1, 49, 15, 42, 62, 21, 30, 24, 63][19, 29, 23, 0, 2, 14, 60, 44, 61, 43][1, 31, 9, 59, 10, 52, 64, 35, 6, 56][45, 58, 41, 12, 4, 40, 46, 7, 53, 47][1, 31, 9, 59, 10, 52, 64, 35, 6, 56][27, 67, 5, 18, 65, 37, 32, 54, 66, 69][27, 67, 5, 18, 65, 37, 32, 54, 66, 69][1, 31, 9, 59, 10, 52, 64, 35, 6, 56] 
[11, 9, 1, 59, 17, 55, 20, 10, 52, 64][33, 50, 23, 2, 14, 44, 60, 17, 43, 61][16, 1, 49, 42, 62, 30, 24, 63, 6, 56][23, 29, 19, 22, 13, 50, 0, 3, 48, 39][36, 38, 18, 5, 67, 37, 32, 39, 48, 66][4, 53, 47, 6, 56, 28, 8, 26, 1, 68][53, 4, 25, 12, 41, 45, 34, 51, 57, 58][27, 67, 5, 18, 65, 37, 32, 54, 66, 69][45, 58, 41, 12, 4, 40, 46, 7, 53, 47][16, 1, 49, 15, 42, 62, 21, 63, 6, 56][1, 31, 9, 59, 10, 52, 64, 35, 6, 56][40, 53, 4, 25, 12, 41, 34, 51, 57, 58][19, 29, 23, 0, 2, 14, 60, 61, 43, 33][19, 29, 23, 2, 14, 60, 44, 61, 43, 50][8, 26, 16, 9, 68, 11, 15, 62, 30, 24] 
[11, 9, 1, 59, 17, 55, 20, 10, 52, 64][33, 50, 23, 2, 14, 44, 60, 17, 43, 61][16, 1, 49, 42, 62, 30, 24, 63, 6, 56][23, 29, 19, 22, 13, 50, 0, 3, 48, 39][36, 38, 18, 5, 67, 37, 32, 39, 48, 66][4, 53, 47, 6, 56, 28, 8, 26, 1, 68][53, 4, 25, 12, 41, 45, 34, 51, 57, 58][27, 67, 5, 18, 65, 37, 32, 54, 66, 69][45, 58, 41, 12, 4, 40, 46, 7, 53, 47][16, 1, 49, 15, 42, 62, 21, 63, 6, 56][1, 31, 9, 59, 10, 52, 64, 35, 6, 56][40, 53, 4, 25, 12, 41, 34, 51, 57, 58][19, 29, 23, 0, 2, 14, 60, 61, 43, 33][19, 29, 23, 2, 14, 60, 44, 61, 43, 50][8, 26, 16, 9, 68, 11, 15, 62, 30, 24] 
[11, 9, 1, 59, 17, 55, 20, 10, 52, 64][33, 50, 23, 2, 14, 44, 60, 17, 43, 61][16, 1, 49, 42, 62, 30, 24, 63, 6, 56][23, 29, 19, 22, 13, 50, 0, 3, 48, 39][36, 38, 18, 5, 67, 37, 32, 39, 48, 66][4, 53, 47, 6, 56, 28, 8, 26, 1, 68][53, 4, 25, 12, 41, 45, 34, 51, 57, 58][27, 67, 5, 18, 65, 37, 32, 54, 66, 69][45, 58, 41, 12, 4, 40, 46, 7, 53, 47][16, 1, 49, 15, 42, 62, 21, 63, 6, 56][1, 31, 9, 59, 10, 52, 64, 35, 6, 56][40, 53, 4, 25, 12, 41, 34, 51, 57, 58][19, 29, 23, 0, 2, 14, 60, 61, 43, 33][19, 29, 23, 2, 14, 60, 44, 61, 43, 50][8, 26, 16, 9, 68, 11, 15, 62, 30, 24] 
[11, 9, 1, 59, 17, 55, 20, 10, 52, 64][33, 50, 23, 2, 14, 44, 60, 17, 43, 61][16, 1, 49, 42, 62, 30, 24, 63, 6, 56][23, 29, 19, 22, 13, 50, 0, 3, 48, 39][36, 38, 18, 5, 67, 37, 32, 39, 48, 66][4, 53, 47, 6, 56, 28, 8, 26, 1, 68][53, 4, 25, 12, 41, 45, 34, 51, 57, 58][27, 67, 5, 18, 65, 37, 32, 54, 66, 69][45, 58, 41, 12, 4, 40, 46, 7, 53, 47][16, 1, 49, 15, 42, 62, 21, 63, 6, 56][1, 31, 9, 59, 10, 52, 64, 35, 6, 56][40, 53, 4, 25, 12, 41, 34, 51, 57, 58][19, 29, 23, 0, 2, 14, 60, 61, 43, 33][19, 29, 23, 2, 14, 60, 44, 61, 43, 50][8, 26, 16, 9, 68, 11, 15, 62, 30, 24] 
[11, 9, 1, 59, 17, 55, 20, 10, 52, 64][33, 50, 23, 2, 14, 44, 60, 17, 43, 61][16, 1, 49, 42, 62, 30, 24, 63, 6, 56][23, 29, 19, 22, 13, 50, 0, 3, 48, 39][36, 38, 18, 5, 67, 37, 32, 39, 48, 66][4, 53, 47, 6, 56, 28, 8, 26, 1, 68][53, 4, 25, 12, 41, 45, 34, 51, 57, 58][27, 67, 5, 18, 65, 37, 32, 54, 66, 69][45, 58, 41, 12, 4, 40, 46, 7, 53, 47][16, 1, 49, 15, 42, 62, 21, 63, 6, 56][1, 31, 9, 59, 10, 52, 64, 35, 6, 56][40, 53, 4, 25, 12, 41, 34, 51, 57, 58][19, 29, 23, 0, 2, 14, 60, 61, 43, 33][19, 29, 23, 2, 14, 60, 44, 61, 43, 50][8, 26, 16, 9, 68, 11, 15, 62, 30, 24] 
[11, 9, 1, 59, 17, 55, 20, 10, 52, 64][33, 50, 23, 2, 14, 44, 60, 17, 43, 61][16, 1, 49, 42, 62, 30, 24, 63, 6, 56][23, 29, 19, 22, 13, 50, 0, 3, 48, 39][36, 38, 18, 5, 67, 37, 32, 39, 48, 66][4, 53, 47, 6, 56, 28, 8, 26, 1, 68][53, 4, 25, 12, 41, 45, 34, 51, 57, 58][27, 67, 5, 18, 65, 37, 32, 54, 66, 69][45, 58, 41, 12, 4, 40, 46, 7, 53, 47][16, 1, 49, 15, 42, 62, 21, 63, 6, 56][1, 31, 9, 59, 10, 52, 64, 35, 6, 56][40, 53, 4, 25, 12, 41, 34, 51, 57, 58][19, 29, 23, 0, 2, 14, 60, 61, 43, 33][19, 29, 23, 2, 14, 60, 44, 61, 43, 50][8, 26, 16, 9, 68, 11, 15, 62, 30, 24] 
[11, 9, 1, 59, 17, 55, 20, 10, 52, 64][33, 50, 23, 2, 14, 44, 60, 17, 43, 61][16, 1, 49, 42, 62, 30, 24, 63, 6, 56][23, 29, 19, 22, 13, 50, 0, 3, 48, 39][36, 38, 18, 5, 67, 37, 32, 39, 48, 66][4, 53, 47, 6, 56, 28, 8, 26, 1, 68][53, 4, 25, 12, 41, 45, 34, 51, 57, 58][27, 67, 5, 18, 65, 37, 32, 54, 66, 69][45, 58, 41, 12, 4, 40, 46, 7, 53, 47][16, 1, 49, 15, 42, 62, 21, 63, 6, 56][1, 31, 9, 59, 10, 52, 64, 35, 6, 56][40, 53, 4, 25, 12, 41, 34, 51, 57, 58][19, 29, 23, 0, 2, 14, 60, 61, 43, 33][19, 29, 23, 2, 14, 60, 44, 61, 43, 50][8, 26, 16, 9, 68, 11, 15, 62, 30, 24] 
[11, 9, 1, 59, 17, 55, 20, 10, 52, 64][33, 50, 23, 2, 14, 44, 60, 17, 43, 61][16, 1, 49, 42, 62, 30, 24, 63, 6, 56][23, 29, 19, 22, 13, 50, 0, 3, 48, 39][36, 38, 18, 5, 67, 37, 32, 39, 48, 66][4, 53, 47, 6, 56, 28, 8, 26, 1, 68][53, 4, 25, 12, 41, 45, 34, 51, 57, 58][27, 67, 5, 18, 65, 37, 32, 54, 66, 69][45, 58, 41, 12, 4, 40, 46, 7, 53, 47][16, 1, 49, 15, 42, 62, 21, 63, 6, 56][1, 31, 9, 59, 10, 52, 64, 35, 6, 56][40, 53, 4, 25, 12, 41, 34, 51, 57, 58][19, 29, 23, 0, 2, 14, 60, 61, 43, 33][19, 29, 23, 2, 14, 60, 44, 61, 43, 50][8, 26, 16, 9, 68, 11, 15, 62, 30, 24] 
[11, 9, 1, 59, 17, 55, 20, 10, 52, 64][33, 50, 23, 2, 14, 44, 60, 17, 43, 61][16, 1, 49, 42, 62, 30, 24, 63, 6, 56][23, 29, 19, 22, 13, 50, 0, 3, 48, 39][36, 38, 18, 5, 67, 37, 32, 39, 48, 66][4, 53, 47, 6, 56, 28, 8, 26, 1, 68][53, 4, 25, 12, 41, 45, 34, 51, 57, 58][27, 67, 5, 18, 65, 37, 32, 54, 66, 69][45, 58, 41, 12, 4, 40, 46, 7, 53, 47][16, 1, 49, 15, 42, 62, 21, 63, 6, 56][1, 31, 9, 59, 10, 52, 64, 35, 6, 56][40, 53, 4, 25, 12, 41, 34, 51, 57, 58][19, 29, 23, 0, 2, 14, 60, 61, 43, 33][19, 29, 23, 2, 14, 60, 44, 61, 43, 50][8, 26, 16, 9, 68, 11, 15, 62, 30, 24] 
[11, 9, 1, 59, 17, 55, 20, 10, 52, 64][33, 50, 23, 2, 14, 44, 60, 17, 43, 61][16, 1, 49, 42, 62, 30, 24, 63, 6, 56][23, 29, 19, 22, 13, 50, 0, 3, 48, 39][36, 38, 18, 5, 67, 37, 32, 39, 48, 66][4, 53, 47, 6, 56, 28, 8, 26, 1, 68][53, 4, 25, 12, 41, 45, 34, 51, 57, 58][27, 67, 5, 18, 65, 37, 32, 54, 66, 69][45, 58, 41, 12, 4, 40, 46, 7, 53, 47][16, 1, 49, 15, 42, 62, 21, 63, 6, 56][1, 31, 9, 59, 10, 52, 64, 35, 6, 56][40, 53, 4, 25, 12, 41, 34, 51, 57, 58][19, 29, 23, 0, 2, 14, 60, 61, 43, 33][19, 29, 23, 2, 14, 60, 44, 61, 43, 50][8, 26, 16, 9, 68, 11, 15, 62, 30, 24] 
[11, 9, 1, 59, 17, 55, 20, 10, 52, 64][33, 50, 23, 2, 14, 44, 60, 17, 43, 61][16, 1, 49, 42, 62, 30, 24, 63, 6, 56][23, 29, 19, 22, 13, 50, 0, 3, 48, 39][36, 38, 18, 5, 67, 37, 32, 39, 48, 66][4, 53, 47, 6, 56, 28, 8, 26, 1, 68][53, 4, 25, 12, 41, 45, 34, 51, 57, 58][27, 67, 5, 18, 65, 37, 32, 54, 66, 69][45, 58, 41, 12, 4, 40, 46, 7, 53, 47][16, 1, 49, 15, 42, 62, 21, 63, 6, 56][1, 31, 9, 59, 10, 52, 64, 35, 6, 56][40, 53, 4, 25, 12, 41, 34, 51, 57, 58][19, 29, 23, 0, 2, 14, 60, 61, 43, 33][19, 29, 23, 2, 14, 60, 44, 61, 43, 50][8, 26, 16, 9, 68, 11, 15, 62, 30, 24] 
[11, 9, 1, 59, 17, 55, 20, 10, 52, 64][33, 50, 23, 2, 14, 44, 60, 17, 43, 61][16, 1, 49, 42, 62, 30, 24, 63, 6, 56][23, 29, 19, 22, 13, 50, 0, 3, 48, 39][36, 38, 18, 5, 67, 37, 32, 39, 48, 66][4, 53, 47, 6, 56, 28, 8, 26, 1, 68][53, 4, 25, 12, 41, 45, 34, 51, 57, 58][27, 67, 5, 18, 65, 37, 32, 54, 66, 69][45, 58, 41, 12, 4, 40, 46, 7, 53, 47][16, 1, 49, 15, 42, 62, 21, 63, 6, 56][1, 31, 9, 59, 10, 52, 64, 35, 6, 56][40, 53, 4, 25, 12, 41, 34, 51, 57, 58][19, 29, 23, 0, 2, 14, 60, 61, 43, 33][19, 29, 23, 2, 14, 60, 44, 61, 43, 50][8, 26, 16, 9, 68, 11, 15, 62, 30, 24] 
[11, 9, 1, 59, 17, 55, 20, 10, 52, 64][33, 50, 23, 2, 14, 44, 60, 17, 43, 61][16, 1, 49, 42, 62, 30, 24, 63, 6, 56][23, 29, 19, 22, 13, 50, 0, 3, 48, 39][36, 38, 18, 5, 67, 37, 32, 39, 48, 66][4, 53, 47, 6, 56, 28, 8, 26, 1, 68][53, 4, 25, 12, 41, 45, 34, 51, 57, 58][27, 67, 5, 18, 65, 37, 32, 54, 66, 69][45, 58, 41, 12, 4, 40, 46, 7, 53, 47][16, 1, 49, 15, 42, 62, 21, 63, 6, 56][1, 31, 9, 59, 10, 52, 64, 35, 6, 56][40, 53, 4, 25, 12, 41, 34, 51, 57, 58][19, 29, 23, 0, 2, 14, 60, 61, 43, 33][19, 29, 23, 2, 14, 60, 44, 61, 43, 50][8, 26, 16, 9, 68, 11, 15, 62, 30, 24] 
[11, 9, 1, 59, 17, 55, 20, 10, 52, 64][33, 50, 23, 2, 14, 44, 60, 17, 43, 61][16, 1, 49, 42, 62, 30, 24, 63, 6, 56][23, 29, 19, 22, 13, 50, 0, 3, 48, 39][36, 38, 18, 5, 67, 37, 32, 39, 48, 66][4, 53, 47, 6, 56, 28, 8, 26, 1, 68][53, 4, 25, 12, 41, 45, 34, 51, 57, 58][27, 67, 5, 18, 65, 37, 32, 54, 66, 69][45, 58, 41, 12, 4, 40, 46, 7, 53, 47][16, 1, 49, 15, 42, 62, 21, 63, 6, 56][1, 31, 9, 59, 10, 52, 64, 35, 6, 56][40, 53, 4, 25, 12, 41, 34, 51, 57, 58][19, 29, 23, 0, 2, 14, 60, 61, 43, 33][19, 29, 23, 2, 14, 60, 44, 61, 43, 50][8, 26, 16, 9, 68, 11, 15, 62, 30, 24] 
[11, 9, 1, 59, 17, 55, 20, 10, 52, 64][33, 50, 23, 2, 14, 44, 60, 17, 43, 61][16, 1, 49, 42, 62, 30, 24, 63, 6, 56][23, 29, 19, 22, 13, 50, 0, 3, 48, 39][36, 38, 18, 5, 67, 37, 32, 39, 48, 66][4, 53, 47, 6, 56, 28, 8, 26, 1, 68][53, 4, 25, 12, 41, 45, 34, 51, 57, 58][27, 67, 5, 18, 65, 37, 32, 54, 66, 69][45, 58, 41, 12, 4, 40, 46, 7, 53, 47][16, 1, 49, 15, 42, 62, 21, 63, 6, 56][1, 31, 9, 59, 10, 52, 64, 35, 6, 56][40, 53, 4, 25, 12, 41, 34, 51, 57, 58][19, 29, 23, 0, 2, 14, 60, 61, 43, 33][19, 29, 23, 2, 14, 60, 44, 61, 43, 50][8, 26, 16, 9, 68, 11, 15, 62, 30, 24] 
[11, 9, 1, 59, 17, 55, 20, 10, 52, 64][33, 50, 23, 2, 14, 44, 60, 17, 43, 61][16, 1, 49, 42, 62, 30, 24, 63, 6, 56][23, 29, 19, 22, 13, 50, 0, 3, 48, 39][36, 38, 18, 5, 67, 37, 32, 39, 48, 66][4, 53, 47, 6, 56, 28, 8, 26, 1, 68][53, 4, 25, 12, 41, 45, 34, 51, 57, 58][27, 67, 5, 18, 65, 37, 32, 54, 66, 69][45, 58, 41, 12, 4, 40, 46, 7, 53, 47][16, 1, 49, 15, 42, 62, 21, 63, 6, 56][1, 31, 9, 59, 10, 52, 64, 35, 6, 56][40, 53, 4, 25, 12, 41, 34, 51, 57, 58][19, 29, 23, 0, 2, 14, 60, 61, 43, 33][19, 29, 23, 2, 14, 60, 44, 61, 43, 50][8, 26, 16, 9, 68, 11, 15, 62, 30, 24] 
[11, 9, 1, 59, 17, 55, 20, 10, 52, 64][33, 50, 23, 2, 14, 44, 60, 17, 43, 61][16, 1, 49, 42, 62, 30, 24, 63, 6, 56][23, 29, 19, 22, 13, 50, 0, 3, 48, 39][36, 38, 18, 5, 67, 37, 32, 39, 48, 66][4, 53, 47, 6, 56, 28, 8, 26, 1, 68][53, 4, 25, 12, 41, 45, 34, 51, 57, 58][27, 67, 5, 18, 65, 37, 32, 54, 66, 69][45, 58, 41, 12, 4, 40, 46, 7, 53, 47][16, 1, 49, 15, 42, 62, 21, 63, 6, 56][1, 31, 9, 59, 10, 52, 64, 35, 6, 56][40, 53, 4, 25, 12, 41, 34, 51, 57, 58][19, 29, 23, 0, 2, 14, 60, 61, 43, 33][19, 29, 23, 2, 14, 60, 44, 61, 43, 50][8, 26, 16, 9, 68, 11, 15, 62, 30, 24] 
[11, 9, 1, 59, 17, 55, 20, 10, 52, 64][33, 50, 23, 2, 14, 44, 60, 17, 43, 61][16, 1, 49, 42, 62, 30, 24, 63, 6, 56][23, 29, 19, 22, 13, 50, 0, 3, 48, 39][36, 38, 18, 5, 67, 37, 32, 39, 48, 66][4, 53, 47, 6, 56, 28, 8, 26, 1, 68][53, 4, 25, 12, 41, 45, 34, 51, 57, 58][27, 67, 5, 18, 65, 37, 32, 54, 66, 69][45, 58, 41, 12, 4, 40, 46, 7, 53, 47][16, 1, 49, 15, 42, 62, 21, 63, 6, 56][1, 31, 9, 59, 10, 52, 64, 35, 6, 56][40, 53, 4, 25, 12, 41, 34, 51, 57, 58][19, 29, 23, 0, 2, 14, 60, 61, 43, 33][19, 29, 23, 2, 14, 60, 44, 61, 43, 50][8, 26, 16, 9, 68, 11, 15, 62, 30, 24] 
[11, 9, 1, 59, 17, 55, 20, 10, 52, 64][33, 50, 23, 2, 14, 44, 60, 17, 43, 61][16, 1, 49, 42, 62, 30, 24, 63, 6, 56][23, 29, 19, 22, 13, 50, 0, 3, 48, 39][36, 38, 18, 5, 67, 37, 32, 39, 48, 66][4, 53, 47, 6, 56, 28, 8, 26, 1, 68][53, 4, 25, 12, 41, 45, 34, 51, 57, 58][27, 67, 5, 18, 65, 37, 32, 54, 66, 69][45, 58, 41, 12, 4, 40, 46, 7, 53, 47][16, 1, 49, 15, 42, 62, 21, 63, 6, 56][1, 31, 9, 59, 10, 52, 64, 35, 6, 56][40, 53, 4, 25, 12, 41, 34, 51, 57, 58][19, 29, 23, 0, 2, 14, 60, 61, 43, 33][19, 29, 23, 2, 14, 60, 44, 61, 43, 50][8, 26, 16, 9, 68, 11, 15, 62, 30, 24] 
[11, 9, 1, 59, 17, 55, 20, 10, 52, 64][33, 50, 23, 2, 14, 44, 60, 17, 43, 61][16, 1, 49, 42, 62, 30, 24, 63, 6, 56][23, 29, 19, 22, 13, 50, 0, 3, 48, 39][36, 38, 18, 5, 67, 37, 32, 39, 48, 66][4, 53, 47, 6, 56, 28, 8, 26, 1, 68][53, 4, 25, 12, 41, 45, 34, 51, 57, 58][27, 67, 5, 18, 65, 37, 32, 54, 66, 69][45, 58, 41, 12, 4, 40, 46, 7, 53, 47][16, 1, 49, 15, 42, 62, 21, 63, 6, 56][1, 31, 9, 59, 10, 52, 64, 35, 6, 56][40, 53, 4, 25, 12, 41, 34, 51, 57, 58][19, 29, 23, 0, 2, 14, 60, 61, 43, 33][19, 29, 23, 2, 14, 60, 44, 61, 43, 50][8, 26, 16, 9, 68, 11, 15, 62, 30, 24] 
[11, 9, 1, 59, 17, 55, 20, 10, 52, 64][33, 50, 23, 2, 14, 44, 60, 17, 43, 61][16, 1, 49, 42, 62, 30, 24, 63, 6, 56][23, 29, 19, 22, 13, 50, 0, 3, 48, 39][36, 38, 18, 5, 67, 37, 32, 39, 48, 66][4, 53, 47, 6, 56, 28, 8, 26, 1, 68][53, 4, 25, 12, 41, 45, 34, 51, 57, 58][27, 67, 5, 18, 65, 37, 32, 54, 66, 69][45, 58, 41, 12, 4, 40, 46, 7, 53, 47][16, 1, 49, 15, 42, 62, 21, 63, 6, 56][1, 31, 9, 59, 10, 52, 64, 35, 6, 56][40, 53, 4, 25, 12, 41, 34, 51, 57, 58][19, 29, 23, 0, 2, 14, 60, 61, 43, 33][19, 29, 23, 2, 14, 60, 44, 61, 43, 50][8, 26, 16, 9, 68, 11, 15, 62, 30, 24] 
[11, 9, 1, 59, 17, 55, 20, 10, 52, 64][33, 50, 23, 2, 14, 44, 60, 17, 43, 61][16, 1, 49, 42, 62, 30, 24, 63, 6, 56][23, 29, 19, 22, 13, 50, 0, 3, 48, 39][36, 38, 18, 5, 67, 37, 32, 39, 48, 66][4, 53, 47, 6, 56, 28, 8, 26, 1, 68][53, 4, 25, 12, 41, 45, 34, 51, 57, 58][27, 67, 5, 18, 65, 37, 32, 54, 66, 69][45, 58, 41, 12, 4, 40, 46, 7, 53, 47][16, 1, 49, 15, 42, 62, 21, 63, 6, 56][1, 31, 9, 59, 10, 52, 64, 35, 6, 56][40, 53, 4, 25, 12, 41, 34, 51, 57, 58][19, 29, 23, 0, 2, 14, 60, 61, 43, 33][19, 29, 23, 2, 14, 60, 44, 61, 43, 50][8, 26, 16, 9, 68, 11, 15, 62, 30, 24] 
[11, 9, 1, 59, 17, 55, 20, 10, 52, 64][33, 50, 23, 2, 14, 44, 60, 17, 43, 61][16, 1, 49, 42, 62, 30, 24, 63, 6, 56][23, 29, 19, 22, 13, 50, 0, 3, 48, 39][36, 38, 18, 5, 67, 37, 32, 39, 48, 66][4, 53, 47, 6, 56, 28, 8, 26, 1, 68][53, 4, 25, 12, 41, 45, 34, 51, 57, 58][27, 67, 5, 18, 65, 37, 32, 54, 66, 69][45, 58, 41, 12, 4, 40, 46, 7, 53, 47][16, 1, 49, 15, 42, 62, 21, 63, 6, 56][1, 31, 9, 59, 10, 52, 64, 35, 6, 56][40, 53, 4, 25, 12, 41, 34, 51, 57, 58][19, 29, 23, 0, 2, 14, 60, 61, 43, 33][19, 29, 23, 2, 14, 60, 44, 61, 43, 50][8, 26, 16, 9, 68, 11, 15, 62, 30, 24] 
[11, 9, 1, 59, 17, 55, 20, 10, 52, 64][33, 50, 23, 2, 14, 44, 60, 17, 43, 61][16, 1, 49, 42, 62, 30, 24, 63, 6, 56][23, 29, 19, 22, 13, 50, 0, 3, 48, 39][36, 38, 18, 5, 67, 37, 32, 39, 48, 66][4, 53, 47, 6, 56, 28, 8, 26, 1, 68][53, 4, 25, 12, 41, 45, 34, 51, 57, 58][27, 67, 5, 18, 65, 37, 32, 54, 66, 69][45, 58, 41, 12, 4, 40, 46, 7, 53, 47][16, 1, 49, 15, 42, 62, 21, 63, 6, 56][1, 31, 9, 59, 10, 52, 64, 35, 6, 56][40, 53, 4, 25, 12, 41, 34, 51, 57, 58][19, 29, 23, 0, 2, 14, 60, 61, 43, 33][19, 29, 23, 2, 14, 60, 44, 61, 43, 50][8, 26, 16, 9, 68, 11, 15, 62, 30, 24] 
[11, 9, 1, 59, 17, 55, 20, 10, 52, 64][33, 50, 23, 2, 14, 44, 60, 17, 43, 61][16, 1, 49, 42, 62, 30, 24, 63, 6, 56][23, 29, 19, 22, 13, 50, 0, 3, 48, 39][36, 38, 18, 5, 67, 37, 32, 39, 48, 66][4, 53, 47, 6, 56, 28, 8, 26, 1, 68][53, 4, 25, 12, 41, 45, 34, 51, 57, 58][27, 67, 5, 18, 65, 37, 32, 54, 66, 69][45, 58, 41, 12, 4, 40, 46, 7, 53, 47][16, 1, 49, 15, 42, 62, 21, 63, 6, 56][1, 31, 9, 59, 10, 52, 64, 35, 6, 56][40, 53, 4, 25, 12, 41, 34, 51, 57, 58][19, 29, 23, 0, 2, 14, 60, 61, 43, 33][19, 29, 23, 2, 14, 60, 44, 61, 43, 50][8, 26, 16, 9, 68, 11, 15, 62, 30, 24] 
[11, 9, 1, 59, 17, 55, 20, 10, 52, 64][33, 50, 23, 2, 14, 44, 60, 17, 43, 61][16, 1, 49, 42, 62, 30, 24, 63, 6, 56][23, 29, 19, 22, 13, 50, 0, 3, 48, 39][36, 38, 18, 5, 67, 37, 32, 39, 48, 66][4, 53, 47, 6, 56, 28, 8, 26, 1, 68][53, 4, 25, 12, 41, 45, 34, 51, 57, 58][27, 67, 5, 18, 65, 37, 32, 54, 66, 69][45, 58, 41, 12, 4, 40, 46, 7, 53, 47][16, 1, 49, 15, 42, 62, 21, 63, 6, 56][1, 31, 9, 59, 10, 52, 64, 35, 6, 56][40, 53, 4, 25, 12, 41, 34, 51, 57, 58][19, 29, 23, 0, 2, 14, 60, 61, 43, 33][19, 29, 23, 2, 14, 60, 44, 61, 43, 50][8, 26, 16, 9, 68, 11, 15, 62, 30, 24] 
[11, 9, 1, 59, 17, 55, 20, 10, 52, 64][33, 50, 23, 2, 14, 44, 60, 17, 43, 61][16, 1, 49, 42, 62, 30, 24, 63, 6, 56][23, 29, 19, 22, 13, 50, 0, 3, 48, 39][36, 38, 18, 5, 67, 37, 32, 39, 48, 66][4, 53, 47, 6, 56, 28, 8, 26, 1, 68][53, 4, 25, 12, 41, 45, 34, 51, 57, 58][27, 67, 5, 18, 65, 37, 32, 54, 66, 69][45, 58, 41, 12, 4, 40, 46, 7, 53, 47][16, 1, 49, 15, 42, 62, 21, 63, 6, 56][1, 31, 9, 59, 10, 52, 64, 35, 6, 56][40, 53, 4, 25, 12, 41, 34, 51, 57, 58][19, 29, 23, 0, 2, 14, 60, 61, 43, 33][19, 29, 23, 2, 14, 60, 44, 61, 43, 50][8, 26, 16, 9, 68, 11, 15, 62, 30, 24] 
[11, 9, 1, 59, 17, 55, 20, 10, 52, 64][33, 50, 23, 2, 14, 44, 60, 17, 43, 61][16, 1, 49, 42, 62, 30, 24, 63, 6, 56][23, 29, 19, 22, 13, 50, 0, 3, 48, 39][36, 38, 18, 5, 67, 37, 32, 39, 48, 66][4, 53, 47, 6, 56, 28, 8, 26, 1, 68][53, 4, 25, 12, 41, 45, 34, 51, 57, 58][27, 67, 5, 18, 65, 37, 32, 54, 66, 69][45, 58, 41, 12, 4, 40, 46, 7, 53, 47][16, 1, 49, 15, 42, 62, 21, 63, 6, 56][1, 31, 9, 59, 10, 52, 64, 35, 6, 56][40, 53, 4, 25, 12, 41, 34, 51, 57, 58][19, 29, 23, 0, 2, 14, 60, 61, 43, 33][19, 29, 23, 2, 14, 60, 44, 61, 43, 50][8, 26, 16, 9, 68, 11, 15, 62, 30, 24] 
[11, 9, 1, 59, 17, 55, 20, 10, 52, 64][33, 50, 23, 2, 14, 44, 60, 17, 43, 61][16, 1, 49, 42, 62, 30, 24, 63, 6, 56][23, 29, 19, 22, 13, 50, 0, 3, 48, 39][36, 38, 18, 5, 67, 37, 32, 39, 48, 66][4, 53, 47, 6, 56, 28, 8, 26, 1, 68][53, 4, 25, 12, 41, 45, 34, 51, 57, 58][27, 67, 5, 18, 65, 37, 32, 54, 66, 69][45, 58, 41, 12, 4, 40, 46, 7, 53, 47][16, 1, 49, 15, 42, 62, 21, 63, 6, 56][1, 31, 9, 59, 10, 52, 64, 35, 6, 56][40, 53, 4, 25, 12, 41, 34, 51, 57, 58][19, 29, 23, 0, 2, 14, 60, 61, 43, 33][19, 29, 23, 2, 14, 60, 44, 61, 43, 50][8, 26, 16, 9, 68, 11, 15, 62, 30, 24] 
[11, 9, 1, 59, 17, 55, 20, 10, 52, 64][33, 50, 23, 2, 14, 44, 60, 17, 43, 61][16, 1, 49, 42, 62, 30, 24, 63, 6, 56][23, 29, 19, 22, 13, 50, 0, 3, 48, 39][36, 38, 18, 5, 67, 37, 32, 39, 48, 66][4, 53, 47, 6, 56, 28, 8, 26, 1, 68][53, 4, 25, 12, 41, 45, 34, 51, 57, 58][27, 67, 5, 18, 65, 37, 32, 54, 66, 69][45, 58, 41, 12, 4, 40, 46, 7, 53, 47][16, 1, 49, 15, 42, 62, 21, 63, 6, 56][1, 31, 9, 59, 10, 52, 64, 35, 6, 56][40, 53, 4, 25, 12, 41, 34, 51, 57, 58][19, 29, 23, 0, 2, 14, 60, 61, 43, 33][19, 29, 23, 2, 14, 60, 44, 61, 43, 50][8, 26, 16, 9, 68, 11, 15, 62, 30, 24] 
[11, 9, 1, 59, 17, 55, 20, 10, 52, 64][33, 50, 23, 2, 14, 44, 60, 17, 43, 61][16, 1, 49, 42, 62, 30, 24, 63, 6, 56][23, 29, 19, 22, 13, 50, 0, 3, 48, 39][36, 38, 18, 5, 67, 37, 32, 39, 48, 66][4, 53, 47, 6, 56, 28, 8, 26, 1, 68][53, 4, 25, 12, 41, 45, 34, 51, 57, 58][27, 67, 5, 18, 65, 37, 32, 54, 66, 69][45, 58, 41, 12, 4, 40, 46, 7, 53, 47][16, 1, 49, 15, 42, 62, 21, 63, 6, 56][1, 31, 9, 59, 10, 52, 64, 35, 6, 56][40, 53, 4, 25, 12, 41, 34, 51, 57, 58][19, 29, 23, 0, 2, 14, 60, 61, 43, 33][19, 29, 23, 2, 14, 60, 44, 61, 43, 50][8, 26, 16, 9, 68, 11, 15, 62, 30, 24] 
[11, 9, 1, 59, 17, 55, 20, 10, 52, 64][33, 50, 23, 2, 14, 44, 60, 17, 43, 61][16, 1, 49, 42, 62, 30, 24, 63, 6, 56][23, 29, 19, 22, 13, 50, 0, 3, 48, 39][36, 38, 18, 5, 67, 37, 32, 39, 48, 66][4, 53, 47, 6, 56, 28, 8, 26, 1, 68][53, 4, 25, 12, 41, 45, 34, 51, 57, 58][27, 67, 5, 18, 65, 37, 32, 54, 66, 69][45, 58, 41, 12, 4, 40, 46, 7, 53, 47][16, 1, 49, 15, 42, 62, 21, 63, 6, 56][1, 31, 9, 59, 10, 52, 64, 35, 6, 56][40, 53, 4, 25, 12, 41, 34, 51, 57, 58][19, 29, 23, 0, 2, 14, 60, 61, 43, 33][19, 29, 23, 2, 14, 60, 44, 61, 43, 50][8, 26, 16, 9, 68, 11, 15, 62, 30, 24] 
[11, 9, 1, 59, 17, 55, 20, 10, 52, 64][33, 50, 23, 2, 14, 44, 60, 17, 43, 61][16, 1, 49, 42, 62, 30, 24, 63, 6, 56][23, 29, 19, 22, 13, 50, 0, 3, 48, 39][36, 38, 18, 5, 67, 37, 32, 39, 48, 66][4, 53, 47, 6, 56, 28, 8, 26, 1, 68][53, 4, 25, 12, 41, 45, 34, 51, 57, 58][27, 67, 5, 18, 65, 37, 32, 54, 66, 69][45, 58, 41, 12, 4, 40, 46, 7, 53, 47][16, 1, 49, 15, 42, 62, 21, 63, 6, 56][1, 31, 9, 59, 10, 52, 64, 35, 6, 56][40, 53, 4, 25, 12, 41, 34, 51, 57, 58][19, 29, 23, 0, 2, 14, 60, 61, 43, 33][19, 29, 23, 2, 14, 60, 44, 61, 43, 50][8, 26, 16, 9, 68, 11, 15, 62, 30, 24] 
[11, 9, 1, 59, 17, 55, 20, 10, 52, 64][33, 50, 23, 2, 14, 44, 60, 17, 43, 61][16, 1, 49, 42, 62, 30, 24, 63, 6, 56][23, 29, 19, 22, 13, 50, 0, 3, 48, 39][36, 38, 18, 5, 67, 37, 32, 39, 48, 66][4, 53, 47, 6, 56, 28, 8, 26, 1, 68][53, 4, 25, 12, 41, 45, 34, 51, 57, 58][27, 67, 5, 18, 65, 37, 32, 54, 66, 69][45, 58, 41, 12, 4, 40, 46, 7, 53, 47][16, 1, 49, 15, 42, 62, 21, 63, 6, 56][1, 31, 9, 59, 10, 52, 64, 35, 6, 56][40, 53, 4, 25, 12, 41, 34, 51, 57, 58][19, 29, 23, 0, 2, 14, 60, 61, 43, 33][19, 29, 23, 2, 14, 60, 44, 61, 43, 50][8, 26, 16, 9, 68, 11, 15, 62, 30, 24] 
[11, 9, 1, 59, 17, 55, 20, 10, 52, 64][33, 50, 23, 2, 14, 44, 60, 17, 43, 61][16, 1, 49, 42, 62, 30, 24, 63, 6, 56][23, 29, 19, 22, 13, 50, 0, 3, 48, 39][36, 38, 18, 5, 67, 37, 32, 39, 48, 66][4, 53, 47, 6, 56, 28, 8, 26, 1, 68][53, 4, 25, 12, 41, 45, 34, 51, 57, 58][27, 67, 5, 18, 65, 37, 32, 54, 66, 69][45, 58, 41, 12, 4, 40, 46, 7, 53, 47][16, 1, 49, 15, 42, 62, 21, 63, 6, 56][1, 31, 9, 59, 10, 52, 64, 35, 6, 56][40, 53, 4, 25, 12, 41, 34, 51, 57, 58][19, 29, 23, 0, 2, 14, 60, 61, 43, 33][19, 29, 23, 2, 14, 60, 44, 61, 43, 50][8, 26, 16, 9, 68, 11, 15, 62, 30, 24] 
[11, 9, 1, 59, 17, 55, 20, 10, 52, 64][33, 50, 23, 2, 14, 44, 60, 17, 43, 61][16, 1, 49, 42, 62, 30, 24, 63, 6, 56][23, 29, 19, 22, 13, 50, 0, 3, 48, 39][36, 38, 18, 5, 67, 37, 32, 39, 48, 66][4, 53, 47, 6, 56, 28, 8, 26, 1, 68][53, 4, 25, 12, 41, 45, 34, 51, 57, 58][27, 67, 5, 18, 65, 37, 32, 54, 66, 69][45, 58, 41, 12, 4, 40, 46, 7, 53, 47][16, 1, 49, 15, 42, 62, 21, 63, 6, 56][1, 31, 9, 59, 10, 52, 64, 35, 6, 56][40, 53, 4, 25, 12, 41, 34, 51, 57, 58][19, 29, 23, 0, 2, 14, 60, 61, 43, 33][19, 29, 23, 2, 14, 60, 44, 61, 43, 50][8, 26, 16, 9, 68, 11, 15, 62, 30, 24] 
[11, 9, 1, 59, 17, 55, 20, 10, 52, 64][33, 50, 23, 2, 14, 44, 60, 17, 43, 61][16, 1, 49, 42, 62, 30, 24, 63, 6, 56][23, 29, 19, 22, 13, 50, 0, 3, 48, 39][36, 38, 18, 5, 67, 37, 32, 39, 48, 66][4, 53, 47, 6, 56, 28, 8, 26, 1, 68][53, 4, 25, 12, 41, 45, 34, 51, 57, 58][27, 67, 5, 18, 65, 37, 32, 54, 66, 69][45, 58, 41, 12, 4, 40, 46, 7, 53, 47][16, 1, 49, 15, 42, 62, 21, 63, 6, 56][1, 31, 9, 59, 10, 52, 64, 35, 6, 56][40, 53, 4, 25, 12, 41, 34, 51, 57, 58][19, 29, 23, 0, 2, 14, 60, 61, 43, 33][19, 29, 23, 2, 14, 60, 44, 61, 43, 50][8, 26, 16, 9, 68, 11, 15, 62, 30, 24] 
[11, 9, 1, 59, 17, 55, 20, 10, 52, 64][33, 50, 23, 2, 14, 44, 60, 17, 43, 61][16, 1, 49, 42, 62, 30, 24, 63, 6, 56][23, 29, 19, 22, 13, 50, 0, 3, 48, 39][36, 38, 18, 5, 67, 37, 32, 39, 48, 66][4, 53, 47, 6, 56, 28, 8, 26, 1, 68][53, 4, 25, 12, 41, 45, 34, 51, 57, 58][27, 67, 5, 18, 65, 37, 32, 54, 66, 69][45, 58, 41, 12, 4, 40, 46, 7, 53, 47][16, 1, 49, 15, 42, 62, 21, 63, 6, 56][1, 31, 9, 59, 10, 52, 64, 35, 6, 56][40, 53, 4, 25, 12, 41, 34, 51, 57, 58][19, 29, 23, 0, 2, 14, 60, 61, 43, 33][19, 29, 23, 2, 14, 60, 44, 61, 43, 50][8, 26, 16, 9, 68, 11, 15, 62, 30, 24] 
[11, 9, 1, 59, 17, 55, 20, 10, 52, 64][33, 50, 23, 2, 14, 44, 60, 17, 43, 61][16, 1, 49, 42, 62, 30, 24, 63, 6, 56][23, 29, 19, 22, 13, 50, 0, 3, 48, 39][36, 38, 18, 5, 67, 37, 32, 39, 48, 66][4, 53, 47, 6, 56, 28, 8, 26, 1, 68][53, 4, 25, 12, 41, 45, 34, 51, 57, 58][27, 67, 5, 18, 65, 37, 32, 54, 66, 69][45, 58, 41, 12, 4, 40, 46, 7, 53, 47][16, 1, 49, 15, 42, 62, 21, 63, 6, 56][1, 31, 9, 59, 10, 52, 64, 35, 6, 56][40, 53, 4, 25, 12, 41, 34, 51, 57, 58][19, 29, 23, 0, 2, 14, 60, 61, 43, 33][19, 29, 23, 2, 14, 60, 44, 61, 43, 50][8, 26, 16, 9, 68, 11, 15, 62, 30, 24] 
[11, 9, 1, 59, 17, 55, 20, 10, 52, 64][33, 50, 23, 2, 14, 44, 60, 17, 43, 61][16, 1, 49, 42, 62, 30, 24, 63, 6, 56][23, 29, 19, 22, 13, 50, 0, 3, 48, 39][36, 38, 18, 5, 67, 37, 32, 39, 48, 66][4, 53, 47, 6, 56, 28, 8, 26, 1, 68][53, 4, 25, 12, 41, 45, 34, 51, 57, 58][27, 67, 5, 18, 65, 37, 32, 54, 66, 69][45, 58, 41, 12, 4, 40, 46, 7, 53, 47][16, 1, 49, 15, 42, 62, 21, 63, 6, 56][1, 31, 9, 59, 10, 52, 64, 35, 6, 56][40, 53, 4, 25, 12, 41, 34, 51, 57, 58][19, 29, 23, 0, 2, 14, 60, 61, 43, 33][19, 29, 23, 2, 14, 60, 44, 61, 43, 50][8, 26, 16, 9, 68, 11, 15, 62, 30, 24] 
[11, 9, 1, 59, 17, 55, 20, 10, 52, 64][33, 50, 23, 2, 14, 44, 60, 17, 43, 61][16, 1, 49, 42, 62, 30, 24, 63, 6, 56][23, 29, 19, 22, 13, 50, 0, 3, 48, 39][36, 38, 18, 5, 67, 37, 32, 39, 48, 66][4, 53, 47, 6, 56, 28, 8, 26, 1, 68][53, 4, 25, 12, 41, 45, 34, 51, 57, 58][27, 67, 5, 18, 65, 37, 32, 54, 66, 69][45, 58, 41, 12, 4, 40, 46, 7, 53, 47][16, 1, 49, 15, 42, 62, 21, 63, 6, 56][1, 31, 9, 59, 10, 52, 64, 35, 6, 56][40, 53, 4, 25, 12, 41, 34, 51, 57, 58][19, 29, 23, 0, 2, 14, 60, 61, 43, 33][19, 29, 23, 2, 14, 60, 44, 61, 43, 50][8, 26, 16, 9, 68, 11, 15, 62, 30, 24] 
[11, 9, 1, 59, 17, 55, 20, 10, 52, 64][33, 50, 23, 2, 14, 44, 60, 17, 43, 61][16, 1, 49, 42, 62, 30, 24, 63, 6, 56][23, 29, 19, 22, 13, 50, 0, 3, 48, 39][36, 38, 18, 5, 67, 37, 32, 39, 48, 66][4, 53, 47, 6, 56, 28, 8, 26, 1, 68][53, 4, 25, 12, 41, 45, 34, 51, 57, 58][27, 67, 5, 18, 65, 37, 32, 54, 66, 69][45, 58, 41, 12, 4, 40, 46, 7, 53, 47][16, 1, 49, 15, 42, 62, 21, 63, 6, 56][1, 31, 9, 59, 10, 52, 64, 35, 6, 56][40, 53, 4, 25, 12, 41, 34, 51, 57, 58][19, 29, 23, 0, 2, 14, 60, 61, 43, 33][19, 29, 23, 2, 14, 60, 44, 61, 43, 50][8, 26, 16, 9, 68, 11, 15, 62, 30, 24] 
[11, 9, 1, 59, 17, 55, 20, 10, 52, 64][33, 50, 23, 2, 14, 44, 60, 17, 43, 61][16, 1, 49, 42, 62, 30, 24, 63, 6, 56][23, 29, 19, 22, 13, 50, 0, 3, 48, 39][36, 38, 18, 5, 67, 37, 32, 39, 48, 66][4, 53, 47, 6, 56, 28, 8, 26, 1, 68][53, 4, 25, 12, 41, 45, 34, 51, 57, 58][27, 67, 5, 18, 65, 37, 32, 54, 66, 69][45, 58, 41, 12, 4, 40, 46, 7, 53, 47][16, 1, 49, 15, 42, 62, 21, 63, 6, 56][1, 31, 9, 59, 10, 52, 64, 35, 6, 56][40, 53, 4, 25, 12, 41, 34, 51, 57, 58][19, 29, 23, 0, 2, 14, 60, 61, 43, 33][19, 29, 23, 2, 14, 60, 44, 61, 43, 50][8, 26, 16, 9, 68, 11, 15, 62, 30, 24] 
[11, 9, 1, 59, 17, 55, 20, 10, 52, 64][33, 50, 23, 2, 14, 44, 60, 17, 43, 61][16, 1, 49, 42, 62, 30, 24, 63, 6, 56][23, 29, 19, 22, 13, 50, 0, 3, 48, 39][36, 38, 18, 5, 67, 37, 32, 39, 48, 66][4, 53, 47, 6, 56, 28, 8, 26, 1, 68][53, 4, 25, 12, 41, 45, 34, 51, 57, 58][27, 67, 5, 18, 65, 37, 32, 54, 66, 69][45, 58, 41, 12, 4, 40, 46, 7, 53, 47][16, 1, 49, 15, 42, 62, 21, 63, 6, 56][1, 31, 9, 59, 10, 52, 64, 35, 6, 56][40, 53, 4, 25, 12, 41, 34, 51, 57, 58][19, 29, 23, 0, 2, 14, 60, 61, 43, 33][19, 29, 23, 2, 14, 60, 44, 61, 43, 50][8, 26, 16, 9, 68, 11, 15, 62, 30, 24] 
[11, 9, 1, 59, 17, 55, 20, 10, 52, 64][33, 50, 23, 2, 14, 44, 60, 17, 43, 61][16, 1, 49, 42, 62, 30, 24, 63, 6, 56][23, 29, 19, 22, 13, 50, 0, 3, 48, 39][36, 38, 18, 5, 67, 37, 32, 39, 48, 66][4, 53, 47, 6, 56, 28, 8, 26, 1, 68][53, 4, 25, 12, 41, 45, 34, 51, 57, 58][27, 67, 5, 18, 65, 37, 32, 54, 66, 69][45, 58, 41, 12, 4, 40, 46, 7, 53, 47][16, 1, 49, 15, 42, 62, 21, 63, 6, 56][1, 31, 9, 59, 10, 52, 64, 35, 6, 56][40, 53, 4, 25, 12, 41, 34, 51, 57, 58][19, 29, 23, 0, 2, 14, 60, 61, 43, 33][19, 29, 23, 2, 14, 60, 44, 61, 43, 50][8, 26, 16, 9, 68, 11, 15, 62, 30, 24] 
[11, 9, 1, 59, 17, 55, 20, 10, 52, 64][33, 50, 23, 2, 14, 44, 60, 17, 43, 61][16, 1, 49, 42, 62, 30, 24, 63, 6, 56][23, 29, 19, 22, 13, 50, 0, 3, 48, 39][36, 38, 18, 5, 67, 37, 32, 39, 48, 66][4, 53, 47, 6, 56, 28, 8, 26, 1, 68][53, 4, 25, 12, 41, 45, 34, 51, 57, 58][27, 67, 5, 18, 65, 37, 32, 54, 66, 69][45, 58, 41, 12, 4, 40, 46, 7, 53, 47][16, 1, 49, 15, 42, 62, 21, 63, 6, 56][1, 31, 9, 59, 10, 52, 64, 35, 6, 56][40, 53, 4, 25, 12, 41, 34, 51, 57, 58][19, 29, 23, 0, 2, 14, 60, 61, 43, 33][19, 29, 23, 2, 14, 60, 44, 61, 43, 50][8, 26, 16, 9, 68, 11, 15, 62, 30, 24] 
[11, 9, 1, 59, 17, 55, 20, 10, 52, 64][33, 50, 23, 2, 14, 44, 60, 17, 43, 61][16, 1, 49, 42, 62, 30, 24, 63, 6, 56][23, 29, 19, 22, 13, 50, 0, 3, 48, 39][36, 38, 18, 5, 67, 37, 32, 39, 48, 66][4, 53, 47, 6, 56, 28, 8, 26, 1, 68][53, 4, 25, 12, 41, 45, 34, 51, 57, 58][27, 67, 5, 18, 65, 37, 32, 54, 66, 69][45, 58, 41, 12, 4, 40, 46, 7, 53, 47][16, 1, 49, 15, 42, 62, 21, 63, 6, 56][1, 31, 9, 59, 10, 52, 64, 35, 6, 56][40, 53, 4, 25, 12, 41, 34, 51, 57, 58][19, 29, 23, 0, 2, 14, 60, 61, 43, 33][19, 29, 23, 2, 14, 60, 44, 61, 43, 50][8, 26, 16, 9, 68, 11, 15, 62, 30, 24] 
[11, 9, 1, 59, 17, 55, 20, 10, 52, 64][33, 50, 23, 2, 14, 44, 60, 17, 43, 61][16, 1, 49, 42, 62, 30, 24, 63, 6, 56][23, 29, 19, 22, 13, 50, 0, 3, 48, 39][36, 38, 18, 5, 67, 37, 32, 39, 48, 66][4, 53, 47, 6, 56, 28, 8, 26, 1, 68][53, 4, 25, 12, 41, 45, 34, 51, 57, 58][27, 67, 5, 18, 65, 37, 32, 54, 66, 69][45, 58, 41, 12, 4, 40, 46, 7, 53, 47][16, 1, 49, 15, 42, 62, 21, 63, 6, 56][1, 31, 9, 59, 10, 52, 64, 35, 6, 56][40, 53, 4, 25, 12, 41, 34, 51, 57, 58][19, 29, 23, 0, 2, 14, 60, 61, 43, 33][19, 29, 23, 2, 14, 60, 44, 61, 43, 50][8, 26, 16, 9, 68, 11, 15, 62, 30, 24] 
[11, 9, 1, 59, 17, 55, 20, 10, 52, 64][33, 50, 23, 2, 14, 44, 60, 17, 43, 61][16, 1, 49, 42, 62, 30, 24, 63, 6, 56][23, 29, 19, 22, 13, 50, 0, 3, 48, 39][36, 38, 18, 5, 67, 37, 32, 39, 48, 66][4, 53, 47, 6, 56, 28, 8, 26, 1, 68][53, 4, 25, 12, 41, 45, 34, 51, 57, 58][27, 67, 5, 18, 65, 37, 32, 54, 66, 69][45, 58, 41, 12, 4, 40, 46, 7, 53, 47][16, 1, 49, 15, 42, 62, 21, 63, 6, 56][1, 31, 9, 59, 10, 52, 64, 35, 6, 56][40, 53, 4, 25, 12, 41, 34, 51, 57, 58][19, 29, 23, 0, 2, 14, 60, 61, 43, 33][19, 29, 23, 2, 14, 60, 44, 61, 43, 50][8, 26, 16, 9, 68, 11, 15, 62, 30, 24] 
[11, 9, 1, 59, 17, 55, 20, 10, 52, 64][33, 50, 23, 2, 14, 44, 60, 17, 43, 61][16, 1, 49, 42, 62, 30, 24, 63, 6, 56][23, 29, 19, 22, 13, 50, 0, 3, 48, 39][36, 38, 18, 5, 67, 37, 32, 39, 48, 66][4, 53, 47, 6, 56, 28, 8, 26, 1, 68][53, 4, 25, 12, 41, 45, 34, 51, 57, 58][27, 67, 5, 18, 65, 37, 32, 54, 66, 69][45, 58, 41, 12, 4, 40, 46, 7, 53, 47][16, 1, 49, 15, 42, 62, 21, 63, 6, 56][1, 31, 9, 59, 10, 52, 64, 35, 6, 56][40, 53, 4, 25, 12, 41, 34, 51, 57, 58][19, 29, 23, 0, 2, 14, 60, 61, 43, 33][19, 29, 23, 2, 14, 60, 44, 61, 43, 50][8, 26, 16, 9, 68, 11, 15, 62, 30, 24] 
[11, 9, 1, 59, 17, 55, 20, 10, 52, 64][33, 50, 23, 2, 14, 44, 60, 17, 43, 61][16, 1, 49, 42, 62, 30, 24, 63, 6, 56][23, 29, 19, 22, 13, 50, 0, 3, 48, 39][36, 38, 18, 5, 67, 37, 32, 39, 48, 66][4, 53, 47, 6, 56, 28, 8, 26, 1, 68][53, 4, 25, 12, 41, 45, 34, 51, 57, 58][27, 67, 5, 18, 65, 37, 32, 54, 66, 69][45, 58, 41, 12, 4, 40, 46, 7, 53, 47][16, 1, 49, 15, 42, 62, 21, 63, 6, 56][1, 31, 9, 59, 10, 52, 64, 35, 6, 56][40, 53, 4, 25, 12, 41, 34, 51, 57, 58][19, 29, 23, 0, 2, 14, 60, 61, 43, 33][19, 29, 23, 2, 14, 60, 44, 61, 43, 50][8, 26, 16, 9, 68, 11, 15, 62, 30, 24] 
[11, 9, 1, 59, 17, 55, 20, 10, 52, 64][33, 50, 23, 2, 14, 44, 60, 17, 43, 61][16, 1, 49, 42, 62, 30, 24, 63, 6, 56][23, 29, 19, 22, 13, 50, 0, 3, 48, 39][36, 38, 18, 5, 67, 37, 32, 39, 48, 66][4, 53, 47, 6, 56, 28, 8, 26, 1, 68][53, 4, 25, 12, 41, 45, 34, 51, 57, 58][27, 67, 5, 18, 65, 37, 32, 54, 66, 69][45, 58, 41, 12, 4, 40, 46, 7, 53, 47][16, 1, 49, 15, 42, 62, 21, 63, 6, 56][1, 31, 9, 59, 10, 52, 64, 35, 6, 56][40, 53, 4, 25, 12, 41, 34, 51, 57, 58][19, 29, 23, 0, 2, 14, 60, 61, 43, 33][19, 29, 23, 2, 14, 60, 44, 61, 43, 50][8, 26, 16, 9, 68, 11, 15, 62, 30, 24] 
[11, 9, 1, 59, 17, 55, 20, 10, 52, 64][33, 50, 23, 2, 14, 44, 60, 17, 43, 61][16, 1, 49, 42, 62, 30, 24, 63, 6, 56][23, 29, 19, 22, 13, 50, 0, 3, 48, 39][36, 38, 18, 5, 67, 37, 32, 39, 48, 66][4, 53, 47, 6, 56, 28, 8, 26, 1, 68][53, 4, 25, 12, 41, 45, 34, 51, 57, 58][27, 67, 5, 18, 65, 37, 32, 54, 66, 69][45, 58, 41, 12, 4, 40, 46, 7, 53, 47][16, 1, 49, 15, 42, 62, 21, 63, 6, 56][1, 31, 9, 59, 10, 52, 64, 35, 6, 56][40, 53, 4, 25, 12, 41, 34, 51, 57, 58][19, 29, 23, 0, 2, 14, 60, 61, 43, 33][19, 29, 23, 2, 14, 60, 44, 61, 43, 50][8, 26, 16, 9, 68, 11, 15, 62, 30, 24] 
[11, 9, 1, 59, 17, 55, 20, 10, 52, 64][33, 50, 23, 2, 14, 44, 60, 17, 43, 61][16, 1, 49, 42, 62, 30, 24, 63, 6, 56][23, 29, 19, 22, 13, 50, 0, 3, 48, 39][36, 38, 18, 5, 67, 37, 32, 39, 48, 66][4, 53, 47, 6, 56, 28, 8, 26, 1, 68][53, 4, 25, 12, 41, 45, 34, 51, 57, 58][27, 67, 5, 18, 65, 37, 32, 54, 66, 69][45, 58, 41, 12, 4, 40, 46, 7, 53, 47][16, 1, 49, 15, 42, 62, 21, 63, 6, 56][1, 31, 9, 59, 10, 52, 64, 35, 6, 56][40, 53, 4, 25, 12, 41, 34, 51, 57, 58][19, 29, 23, 0, 2, 14, 60, 61, 43, 33][19, 29, 23, 2, 14, 60, 44, 61, 43, 50][8, 26, 16, 9, 68, 11, 15, 62, 30, 24] 
[11, 9, 1, 59, 17, 55, 20, 10, 52, 64][33, 50, 23, 2, 14, 44, 60, 17, 43, 61][16, 1, 49, 42, 62, 30, 24, 63, 6, 56][23, 29, 19, 22, 13, 50, 0, 3, 48, 39][36, 38, 18, 5, 67, 37, 32, 39, 48, 66][4, 53, 47, 6, 56, 28, 8, 26, 1, 68][53, 4, 25, 12, 41, 45, 34, 51, 57, 58][27, 67, 5, 18, 65, 37, 32, 54, 66, 69][45, 58, 41, 12, 4, 40, 46, 7, 53, 47][16, 1, 49, 15, 42, 62, 21, 63, 6, 56][1, 31, 9, 59, 10, 52, 64, 35, 6, 56][40, 53, 4, 25, 12, 41, 34, 51, 57, 58][19, 29, 23, 0, 2, 14, 60, 61, 43, 33][19, 29, 23, 2, 14, 60, 44, 61, 43, 50][8, 26, 16, 9, 68, 11, 15, 62, 30, 24] 
[11, 9, 1, 59, 17, 55, 20, 10, 52, 64][33, 50, 23, 2, 14, 44, 60, 17, 43, 61][16, 1, 49, 42, 62, 30, 24, 63, 6, 56][23, 29, 19, 22, 13, 50, 0, 3, 48, 39][36, 38, 18, 5, 67, 37, 32, 39, 48, 66][4, 53, 47, 6, 56, 28, 8, 26, 1, 68][53, 4, 25, 12, 41, 45, 34, 51, 57, 58][27, 67, 5, 18, 65, 37, 32, 54, 66, 69][45, 58, 41, 12, 4, 40, 46, 7, 53, 47][16, 1, 49, 15, 42, 62, 21, 63, 6, 56][1, 31, 9, 59, 10, 52, 64, 35, 6, 56][40, 53, 4, 25, 12, 41, 34, 51, 57, 58][19, 29, 23, 0, 2, 14, 60, 61, 43, 33][19, 29, 23, 2, 14, 60, 44, 61, 43, 50][8, 26, 16, 9, 68, 11, 15, 62, 30, 24] 
