44475.0 10885.119086516832 0.2139003083247851 0.3539311408016444 53.0 69.0 0.0 
41130.0 11045.140838167543 0.18756423435862016 0.38283658771357953 48.0 63.0 0.0 
41130.0 11045.140838167543 0.18756423432682426 0.3828365878725591 48.0 63.0 0.0 
41130.0 11045.140838167543 0.18756423432682426 0.3828365878725591 48.0 63.0 0.0 
41830.0 11527.465306099893 0.15544707144462858 0.3828365878725591 43.0 68.0 0.5057471264367817 
41165.0 11112.849264319851 0.1490233081907719 0.3892592779616109 44.0 66.0 0.0 
41130.0 11045.140838167543 0.18756423432682426 0.3828365878725591 48.0 63.0 0.0 
41705.0 12326.89558807525 0.16122816032887974 0.38347893114080167 42.0 74.0 0.4025764895330113 
41165.0 11112.849264319851 0.1490236381898768 0.38926002045959684 44.0 66.0 0.0 
41705.0 12326.89558807525 0.16122816032887974 0.38347893114080167 42.0 74.0 0.4025764895330113 
44555.0 10748.987079722365 0.20362166065447004 0.35393114111960344 55.0 73.0 0.6 
41130.0 11045.140838167543 0.18756423432682426 0.3828365878725591 48.0 63.0 0.0 
41130.0 11045.140838167543 0.18756423432682426 0.3828365878725591 48.0 63.0 0.0 
41830.0 11526.846376858066 0.15545119643343955 0.3828365878725591 43.0 68.0 0.5057471264367817 
41165.0 11112.849264319851 0.1490233081907719 0.3892592779616109 44.0 66.0 0.0 
41705.0 12326.89558807525 0.16122816032887974 0.38347893114080167 42.0 74.0 0.4025764895330113 
44555.0 10748.987079722365 0.20362166088764 0.3539311408016444 55.0 73.0 0.6 
41130.0 11045.140838167543 0.18756423432682426 0.3828365878725591 48.0 63.0 0.0 
41830.0 11526.846376858066 0.15545119643343955 0.3828365878725591 43.0 68.0 0.5057471264367817 
44555.0 10748.987079722365 0.20362166065447004 0.35393114111960344 55.0 73.0 0.6 
44555.0 10748.987079722365 0.20362100080464116 0.35393361611289004 55.0 73.0 0.6 
41130.0 11045.140838167543 0.18756423432682834 0.38283658787253866 48.0 63.0 0.0 
41130.0 11045.140838167543 0.18756423432682426 0.3828365878725591 48.0 63.0 0.0 
41830.0 11526.846376858066 0.15545119643343955 0.3828365878725591 43.0 68.0 0.5057471264367817 
41165.0 11112.849264319851 0.1490233081907719 0.3892592779616109 44.0 66.0 0.0 
41705.0 12326.89558807525 0.16122816032887974 0.38347893114080167 42.0 74.0 0.4025764895330113 
44555.0 10748.987079722365 0.20362100080464116 0.35393361611289004 55.0 73.0 0.6 
41130.0 11045.140838167543 0.18756423432682834 0.38283658787253866 48.0 63.0 0.0 
41830.0 11526.846376858066 0.15545119643343955 0.3828365878725591 43.0 68.0 0.5057471264367817 
44555.0 10748.987079722365 0.20362166103599094 0.35393114080168525 55.0 73.0 0.6 
44555.0 10738.14099288285 0.1946281950492455 0.35393361611289004 57.0 78.0 1.1057471264367815 
41130.0 11045.140838167543 0.18756423432682426 0.3828365878725591 48.0 63.0 0.0 
41830.0 11526.846376858066 0.15545119643343955 0.3828365878725591 43.0 68.0 0.5057471264367817 
44555.0 10738.14099288285 0.1946281950492455 0.35393361611289004 57.0 78.0 1.1057471264367815 
44555.0 10738.14099288285 0.19463116518957027 0.35393114111960344 57.0 78.0 1.1057471264367815 
141010.0 5941.5372121538385 0.3751284686536485 1.334318023457593E-29 169.0 95.0 2.904761904761905 
141010.0 5941.5372121538385 0.3751284686536485 1.334318023457593E-29 169.0 95.0 2.904761904761905 
141010.0 5979.809346967533 0.39568345323742093 4.9011028912495416E-14 164.0 91.0 2.6672268907563024 
141010.0 5979.809346967533 0.3956834533221991 3.815508600837768E-10 164.0 91.0 2.6672268907563024 
141010.0 5979.809346967533 0.3956834533221991 3.815508600837768E-10 164.0 91.0 2.6672268907563024 
128025.0 6104.578819815005 0.4008221993827541 0.023124357656682745 154.0 87.0 2.353846153846154 
141010.0 5941.5372121538385 0.3751284686536485 1.334318023457593E-29 169.0 95.0 2.904761904761905 
141010.0 5941.5372121538385 0.3751284686536921 1.038766581261736E-25 169.0 95.0 2.904761904761905 
141010.0 5979.809346967533 0.39568345323742093 4.9011028912495416E-14 164.0 91.0 2.6672268907563024 
141010.0 5941.5372121538385 0.3751284686536485 1.334318023457593E-29 169.0 95.0 2.904761904761905 
141010.0 5941.5372121538385 0.3751284686536485 1.334318023457593E-29 169.0 95.0 2.904761904761905 
141010.0 5941.5372121538385 0.3751311089856547 4.9011028912495416E-14 169.0 95.0 2.904761904761905 
141010.0 5979.809346967533 0.39568345323742093 4.9011028912495416E-14 164.0 91.0 2.6672268907563024 
141010.0 5941.5372121538385 0.37513110898564384 6.295572114642956E-18 169.0 95.0 2.904761904761905 
141010.0 5941.5372121538385 0.37512846899280483 8.086797835122616E-22 169.0 95.0 2.904761904761905 
141010.0 5941.5372121538385 0.3751284686536485 1.713960209964795E-33 169.0 95.0 2.904761904761905 
141010.0 5941.5372121538385 0.37513110898564384 6.295572114642956E-18 169.0 95.0 2.904761904761905 
141010.0 5979.809346967533 0.3956841133198125 2.970373445752202E-6 164.0 91.0 2.6672268907563024 
141010.0 5941.5372121538385 0.3751284686536921 1.038766581261736E-25 169.0 95.0 2.904761904761905 
141010.0 5941.5372121538385 0.37512846899280483 8.086797835122616E-22 169.0 95.0 2.904761904761905 
141010.0 5941.5372121538385 0.3751284686536485 1.334318023457593E-29 169.0 95.0 2.904761904761905 
40805.0 11498.890964359472 0.26849948612538543 0.3847636176772868 48.0 63.0 0.0 
40805.0 11498.890964359472 0.2684994861253854 0.38476361767728673 48.0 63.0 0.0 
40805.0 11498.890964359472 0.2684994849065424 0.3847636171685523 48.0 63.0 0.0 
40805.0 11498.890964359472 0.26848999743229895 0.3847596571792937 48.0 63.0 0.0 
40805.0 11498.890964359472 0.26848999743229895 0.3847596571792937 48.0 63.0 0.0 
40805.0 11498.890964359472 0.2684994849065424 0.3847636171685523 48.0 63.0 0.0 
40805.0 11498.890964359472 0.2684994861253854 0.38476361767728673 48.0 63.0 0.0 
40805.0 11498.890964359472 0.26849948612522884 0.3847636176772214 48.0 63.0 0.0 
40805.0 11498.890964359472 0.2684994849065424 0.3847636171685523 48.0 63.0 0.0 
40805.0 11498.890964359472 0.26849948612538543 0.3847636176772868 48.0 63.0 0.0 
40805.0 11498.890964359472 0.2684994849065424 0.3847636171685523 48.0 63.0 0.0 
40805.0 11498.890964359472 0.26849948612522884 0.3847636176772214 48.0 63.0 0.0 
40805.0 11498.890964359472 0.2684994849065424 0.3847636171685523 48.0 63.0 0.0 
40805.0 11498.890964359472 0.2684994861253854 0.38476361767728673 48.0 63.0 0.0 
40805.0 11498.890964359472 0.26849948612522884 0.3847636176772214 48.0 63.0 0.0 
44555.0 10738.14099288285 0.19463116515777437 0.35393114127858294 57.0 78.0 1.1057471264367815 
44555.0 10738.14099288285 0.1946281950492455 0.35393361611289004 57.0 78.0 1.1057471264367815 
44555.0 10738.14099288285 0.1946311652743784 0.3539311408016444 57.0 78.0 1.1057471264367815 
44555.0 10738.14099288285 0.19462819504927542 0.3539336161128492 57.0 78.0 1.1057471264367815 
44555.0 10738.14099288285 0.19463116518957027 0.35393114111960344 57.0 78.0 1.1057471264367815 
46775.0 9690.199588719235 0.1599444640652738 0.3250256937307297 62.0 81.0 2.2279693486590038 
40805.0 11498.890964359472 0.2684994849065424 0.3847636171685523 48.0 63.0 0.0 
40805.0 11498.890964359472 0.2684994849065424 0.3847636171685523 48.0 63.0 0.0 
40805.0 11498.890964359472 0.26849948612522884 0.3847636176772214 48.0 63.0 0.0 
40805.0 11498.890964359472 0.26849948612538543 0.3847636176772868 48.0 63.0 0.0 
40805.0 11498.890964359472 0.26849948612538543 0.3847636176772868 48.0 63.0 0.0 
41925.0 10881.422718038379 0.18049845837618617 0.37320143884888 54.0 74.0 0.5057471264367817 
40805.0 11498.890964359472 0.26849948612538543 0.3847636176772868 48.0 63.0 0.0 
44555.0 10738.14099288285 0.19462819504927542 0.3539336161128492 57.0 78.0 1.1057471264367815 
44555.0 10738.14099288285 0.19462819528243724 0.353933615794931 57.0 78.0 1.1057471264367815 
44555.0 10738.14099288285 0.19463133059187085 0.3539311408016444 57.0 78.0 1.1057471264367815 
44555.0 10738.14099288285 0.19463116515777437 0.35393114127858294 57.0 78.0 1.1057471264367815 
44555.0 10738.14099288285 0.19463133059187085 0.3539311408016444 57.0 78.0 1.1057471264367815 
44555.0 10738.14099288285 0.1946311652743784 0.3539311408016444 57.0 78.0 1.1057471264367815 
44555.0 10738.14099288285 0.19462819504927542 0.3539336161128492 57.0 78.0 1.1057471264367815 
44555.0 10738.14099288285 0.19463001027746235 0.35393114080168525 57.0 78.0 1.1057471264367815 
44555.0 10738.14099288285 0.19463001027746235 0.35393114080168525 57.0 78.0 1.1057471264367815 
44555.0 10748.987079722365 0.20362166088764 0.3539311408016444 55.0 73.0 0.6 
44555.0 10738.14099288285 0.19463116518957027 0.35393114111960344 57.0 78.0 1.1057471264367815 
44555.0 10738.14099288285 0.19462819528243724 0.353933615794931 57.0 78.0 1.1057471264367815 
44555.0 10738.14099288285 0.19463116518957027 0.35393114111960344 57.0 78.0 1.1057471264367815 
44555.0 10748.987079722365 0.2036207532735166 0.35393485376851286 55.0 73.0 0.6 
44555.0 10738.14099288285 0.19462819504927542 0.3539336161128492 57.0 78.0 1.1057471264367815 
55440.0 9120.41740578472 0.1361767733973521 0.3237410071942446 69.0 80.0 2.34981684981685 
55440.0 9120.41740578472 0.13617677286748844 0.3237410071942446 69.0 80.0 2.34981684981685 
55440.0 9120.41740578472 0.1361767733973521 0.3237410071942446 69.0 80.0 2.34981684981685 
55440.0 9120.41740578472 0.1361767733973521 0.3237410071942446 69.0 80.0 2.34981684981685 
55440.0 9120.41740578472 0.13618089838616307 0.3237410071942446 69.0 80.0 2.34981684981685 
56620.0 8463.497907443003 0.13746145923462136 0.32374100719425686 72.0 80.0 2.295518207282913 
41925.0 10881.422718038379 0.18049845860934796 0.37320143853096177 54.0 74.0 0.5057471264367817 
41925.0 10881.422718038379 0.18050027377400024 0.37319896353767523 54.0 74.0 0.5057471264367817 
41925.0 10881.422718038379 0.18049845860934796 0.37320143853096177 54.0 74.0 0.5057471264367817 
41925.0 10881.422718038379 0.18049845837618617 0.37320143884888 54.0 74.0 0.5057471264367817 
41925.0 10881.422718038379 0.18049845837618617 0.37320143884888 54.0 74.0 0.5057471264367817 
44555.0 10738.14099288285 0.1946281950492455 0.35393361611289004 57.0 78.0 1.1057471264367815 
41065.0 11010.556107948581 0.2357399799855458 0.3834789311619989 59.0 73.0 0.9007352941176471 
