[8, 14, 6, 9, 12, 13][4, 1, 3, 11, 10][3, 5, 7][7, 14][0, 1][2, 5] 
[10, 12, 13, 9, 6, 14][0, 1, 2, 5, 7][5, 14, 8][4, 3, 11][1, 4][1, 2] 
[10, 12, 13, 9, 6, 14][0, 1, 2, 5, 7][5, 14, 8][4, 3, 11][1, 4][1, 2] 
[10, 12, 13, 9, 6, 14][0, 1, 2, 5, 7][5, 14, 8][4, 3, 11][1, 4][1, 2] 
[8, 14, 6, 9, 12, 13][4, 3, 11, 10][0, 1, 4][2, 5, 7][3, 5, 7][7, 14] 
[8, 14, 6, 9, 12, 13][1, 3, 11, 10][0, 1, 4][2, 5, 7][7, 14][3, 5] 
[10, 12, 13, 9, 6, 14][0, 1, 2, 5, 7][5, 14, 8][4, 3, 11][1, 4][1, 2] 
[8, 14, 6, 9, 12, 13][4, 3, 11, 10][0, 1, 4][2, 5, 7][7, 14][3, 5] 
[8, 14, 6, 9, 12, 13][1, 3, 11, 10][0, 1, 4][2, 5, 7][7, 14][3, 5] 
[8, 14, 6, 9, 12, 13][4, 3, 11, 10][0, 1, 4][2, 5, 7][7, 14][3, 5] 
[8, 14, 6, 9, 12, 13][4, 1, 3, 11, 10][0, 1, 4][3, 5, 7][7, 14][2, 5] 
[10, 12, 13, 9, 6, 14][0, 1, 2, 5, 7][5, 14, 8][4, 3, 11][1, 4][1, 2] 
[10, 12, 13, 9, 6, 14][0, 1, 2, 5, 7][5, 14, 8][4, 3, 11][1, 4][1, 2] 
[8, 14, 6, 9, 12, 13][4, 3, 11, 10][0, 1, 4][2, 5, 7][3, 5, 7][7, 14] 
[8, 14, 6, 9, 12, 13][1, 3, 11, 10][0, 1, 4][2, 5, 7][7, 14][3, 5] 
[8, 14, 6, 9, 12, 13][4, 3, 11, 10][0, 1, 4][2, 5, 7][7, 14][3, 5] 
[8, 14, 6, 9, 12, 13][4, 1, 3, 11, 10][0, 1, 4][3, 5, 7][7, 14][2, 5] 
[10, 12, 13, 9, 6, 14][0, 1, 2, 5, 7][5, 14, 8][4, 3, 11][1, 4][1, 2] 
[8, 14, 6, 9, 12, 13][4, 3, 11, 10][0, 1, 4][2, 5, 7][3, 5, 7][7, 14] 
[8, 14, 6, 9, 12, 13][4, 1, 3, 11, 10][0, 1, 4][3, 5, 7][7, 14][2, 5] 
[8, 14, 6, 9, 12, 13][4, 1, 3, 11, 10][0, 1, 4][3, 5, 7][7, 14][2, 5] 
[10, 12, 13, 9, 6, 14][0, 1, 2, 5, 7][5, 14, 8][4, 3, 11][1, 4][1, 2] 
[10, 12, 13, 9, 6, 14][0, 1, 2, 5, 7][5, 14, 8][4, 3, 11][1, 4][1, 2] 
[8, 14, 6, 9, 12, 13][4, 3, 11, 10][0, 1, 4][2, 5, 7][3, 5, 7][7, 14] 
[8, 14, 6, 9, 12, 13][1, 3, 11, 10][0, 1, 4][2, 5, 7][7, 14][3, 5] 
[8, 14, 6, 9, 12, 13][4, 3, 11, 10][0, 1, 4][2, 5, 7][7, 14][3, 5] 
[8, 14, 6, 9, 12, 13][4, 1, 3, 11, 10][0, 1, 4][2, 5, 7][3, 5, 7][7, 14] 
[10, 12, 13, 9, 6, 14][0, 1, 2, 5, 7][5, 14, 8][4, 3, 11][1, 4][1, 2] 
[8, 14, 6, 9, 12, 13][4, 3, 11, 10][0, 1, 4][2, 5, 7][3, 5, 7][7, 14] 
[8, 14, 6, 9, 12, 13][4, 1, 3, 11, 10][0, 1, 4][3, 5, 7][7, 14][2, 5] 
[8, 14, 6, 9, 12, 13][4, 1, 3, 11, 10][0, 1, 4][2, 5, 7][3, 5, 7][7, 14] 
[10, 12, 13, 9, 6, 14][0, 1, 2, 5, 7][5, 14, 8][4, 3, 11][1, 4][1, 2] 
[8, 14, 6, 9, 12, 13][4, 3, 11, 10][0, 1, 4][2, 5, 7][3, 5, 7][7, 14] 
[8, 14, 6, 9, 12, 13][4, 1, 3, 11, 10][0, 1, 4][3, 5, 7][7, 14][2, 5] 
[8, 14, 6, 9, 12, 13][4, 1, 3, 11, 10][0, 1, 4][3, 5, 7][7, 14][2, 5] 
[4, 3, 5, 7, 9, 6, 14, 8][5, 3, 11, 10, 12, 13][0, 1, 2, 5, 7][6, 9][10, 11][12, 13] 
[4, 3, 5, 7, 9, 6, 14, 8][5, 3, 11, 10, 12, 13][0, 1, 2, 5, 7][6, 9][10, 11][12, 13] 
[4, 3, 5, 7, 9, 6, 14, 8][5, 3, 11, 10, 12, 13][0, 1, 2, 5, 7][6, 9][10, 11][12, 13] 
[4, 3, 5, 7, 9, 6, 14, 8][3, 11, 10, 12, 13][0, 1, 2, 5, 7][6, 9][10, 11][12, 13] 
[4, 3, 5, 7, 9, 6, 14, 8][3, 11, 10, 12, 13][0, 1, 2, 5, 7][6, 9][10, 11][12, 13] 
[4, 3, 5, 7, 9, 6, 14, 8][3, 11, 10, 12, 13][0, 1, 2, 5][6, 9][10, 11][12, 13] 
[4, 3, 5, 7, 9, 6, 14, 8][5, 3, 11, 10, 12, 13][0, 1, 2, 5, 7][6, 9][10, 11][12, 13] 
[4, 3, 5, 7, 9, 6, 14, 8][5, 3, 11, 10, 12, 13][0, 1, 2, 5, 7][6, 9][10, 11][12, 13] 
[4, 3, 5, 7, 9, 6, 14, 8][3, 11, 10, 12, 13][0, 1, 2, 5, 7][6, 9][10, 11][12, 13] 
[4, 3, 5, 7, 9, 6, 14, 8][5, 3, 11, 10, 12, 13][0, 1, 2, 5, 7][6, 9][10, 11][12, 13] 
[4, 3, 5, 7, 9, 6, 14, 8][5, 3, 11, 10, 12, 13][0, 1, 2, 5, 7][6, 9][10, 11][12, 13] 
[4, 3, 5, 7, 9, 6, 14, 8][5, 3, 11, 10, 12, 13][0, 1, 2, 5, 7][6, 9][10, 11][12, 13] 
[4, 3, 5, 7, 9, 6, 14, 8][3, 11, 10, 12, 13][0, 1, 2, 5, 7][6, 9][10, 11][12, 13] 
[4, 3, 5, 7, 9, 6, 14, 8][5, 3, 11, 10, 12, 13][0, 1, 2, 5, 7][6, 9][10, 11][12, 13] 
[4, 3, 5, 7, 9, 6, 14, 8][5, 3, 11, 10, 12, 13][0, 1, 2, 5, 7][6, 9][10, 11][12, 13] 
[4, 3, 5, 7, 9, 6, 14, 8][7, 5, 3, 11, 10, 12, 13][0, 1, 2, 5, 7][6, 9][10, 11][12, 13] 
[4, 3, 5, 7, 9, 6, 14, 8][7, 5, 3, 11, 10, 12, 13][0, 1, 2, 5, 7][6, 9][10, 11][12, 13] 
[4, 3, 5, 7, 9, 6, 14, 8][5, 3, 11, 10, 12, 13][0, 1, 2, 5, 7][6, 9][10, 11][12, 13] 
[4, 3, 5, 7, 9, 6, 14, 8][7, 5, 3, 11, 10, 12, 13][0, 1, 2, 5, 7][6, 9][10, 11][12, 13] 
[4, 3, 5, 7, 9, 6, 14, 8][7, 5, 3, 11, 10, 12, 13][0, 1, 2, 5, 7][6, 9][10, 11][12, 13] 
[4, 3, 5, 7, 9, 6, 14, 8][7, 5, 3, 11, 10, 12, 13][0, 1, 2, 5, 7][6, 9][10, 11][12, 13] 
[8, 14, 6, 9, 12, 13][1, 3, 11, 10][0, 1, 4][2, 5, 7][7, 14][3, 5] 
[8, 14, 6, 9, 12, 13][1, 3, 11, 10][0, 1, 4][2, 5, 7][7, 14][3, 5] 
[8, 14, 6, 9, 12, 13][1, 3, 11, 10][0, 1, 4][2, 5, 7][7, 14][3, 5] 
[8, 14, 6, 9, 12, 13][1, 3, 11, 10][0, 1, 4][2, 5, 7][7, 14][3, 5] 
[8, 14, 6, 9, 12, 13][1, 3, 11, 10][0, 1, 4][2, 5, 7][7, 14][3, 5] 
[8, 14, 6, 9, 12, 13][1, 3, 11, 10][0, 1, 4][2, 5, 7][7, 14][3, 5] 
[8, 14, 6, 9, 12, 13][1, 3, 11, 10][0, 1, 4][2, 5, 7][7, 14][3, 5] 
[8, 14, 6, 9, 12, 13][1, 3, 11, 10][0, 1, 4][2, 5, 7][7, 14][3, 5] 
[8, 14, 6, 9, 12, 13][1, 3, 11, 10][0, 1, 4][2, 5, 7][7, 14][3, 5] 
[8, 14, 6, 9, 12, 13][1, 3, 11, 10][0, 1, 4][2, 5, 7][7, 14][3, 5] 
[8, 14, 6, 9, 12, 13][1, 3, 11, 10][0, 1, 4][2, 5, 7][7, 14][3, 5] 
[8, 14, 6, 9, 12, 13][1, 3, 11, 10][0, 1, 4][2, 5, 7][7, 14][3, 5] 
[8, 14, 6, 9, 12, 13][1, 3, 11, 10][0, 1, 4][2, 5, 7][7, 14][3, 5] 
[8, 14, 6, 9, 12, 13][1, 3, 11, 10][0, 1, 4][2, 5, 7][7, 14][3, 5] 
[8, 14, 6, 9, 12, 13][1, 3, 11, 10][0, 1, 4][2, 5, 7][7, 14][3, 5] 
[8, 14, 6, 9, 12, 13][4, 1, 3, 11, 10][0, 1, 4][2, 5, 7][3, 5, 7][7, 14] 
[8, 14, 6, 9, 12, 13][4, 1, 3, 11, 10][0, 1, 4][2, 5, 7][3, 5, 7][7, 14] 
[8, 14, 6, 9, 12, 13][4, 1, 3, 11, 10][0, 1, 4][2, 5, 7][3, 5, 7][7, 14] 
[8, 14, 6, 9, 12, 13][4, 1, 3, 11, 10][0, 1, 4][3, 5, 7][7, 14][2, 5] 
[8, 14, 6, 9, 12, 13][4, 1, 3, 11, 10][0, 1, 4][3, 5, 7][7, 14][2, 5] 
[7, 5, 2, 1, 3, 11, 10][8, 14, 6, 9, 12, 13][0, 1, 4][7, 14][2, 5][3, 5] 
[8, 14, 6, 9, 12, 13][1, 3, 11, 10][0, 1, 4][2, 5, 7][7, 14][3, 5] 
[8, 14, 6, 9, 12, 13][1, 3, 11, 10][0, 1, 4][2, 5, 7][7, 14][3, 5] 
[8, 14, 6, 9, 12, 13][1, 3, 11, 10][0, 1, 4][2, 5, 7][7, 14][3, 5] 
[8, 14, 6, 9, 12, 13][1, 3, 11, 10][0, 1, 4][2, 5, 7][7, 14][3, 5] 
[8, 14, 6, 9, 12, 13][1, 3, 11, 10][0, 1, 4][2, 5, 7][7, 14][3, 5] 
[8, 14, 6, 9, 12, 13][1, 3, 11, 10][0, 1, 4][2, 5, 7][3, 5, 7][7, 14] 
[8, 14, 6, 9, 12, 13][1, 3, 11, 10][0, 1, 4][2, 5, 7][7, 14][3, 5] 
[8, 14, 6, 9, 12, 13][4, 1, 3, 11, 10][0, 1, 4][3, 5, 7][7, 14][2, 5] 
[8, 14, 6, 9, 12, 13][4, 1, 3, 11, 10][0, 1, 4][2, 5, 7][3, 5, 7][7, 14] 
[8, 14, 6, 9, 12, 13][4, 1, 3, 11, 10][0, 1, 4][2, 5, 7][3, 5, 7][7, 14] 
[8, 14, 6, 9, 12, 13][4, 1, 3, 11, 10][0, 1, 4][2, 5, 7][3, 5, 7][7, 14] 
[8, 14, 6, 9, 12, 13][4, 1, 3, 11, 10][0, 1, 4][2, 5, 7][3, 5, 7][7, 14] 
[8, 14, 6, 9, 12, 13][4, 1, 3, 11, 10][0, 1, 4][2, 5, 7][3, 5, 7][7, 14] 
[8, 14, 6, 9, 12, 13][4, 1, 3, 11, 10][0, 1, 4][2, 5, 7][3, 5, 7][7, 14] 
[8, 14, 6, 9, 12, 13][4, 1, 3, 11, 10][0, 1, 4][3, 5, 7][7, 14][2, 5] 
[8, 14, 6, 9, 12, 13][4, 1, 3, 11, 10][0, 1, 4][2, 5, 7][3, 5, 7][7, 14] 
[8, 14, 6, 9, 12, 13][4, 1, 3, 11, 10][0, 1, 4][2, 5, 7][3, 5, 7][7, 14] 
[8, 14, 6, 9, 12, 13][4, 1, 3, 11, 10][0, 1, 4][2, 5, 7][3, 5, 7][7, 14] 
[8, 14, 6, 9, 12, 13][4, 1, 3, 11, 10][0, 1, 4][3, 5, 7][7, 14][2, 5] 
[8, 14, 6, 9, 12, 13][4, 1, 3, 11, 10][0, 1, 4][2, 5, 7][3, 5, 7][7, 14] 
[8, 14, 6, 9, 12, 13][4, 1, 3, 11, 10][0, 1, 4][2, 5, 7][3, 5, 7][7, 14] 
[8, 14, 6, 9, 12, 13][4, 1, 3, 11, 10][0, 1, 4][2, 5, 7][3, 5, 7][7, 14] 
[7, 5, 2, 1, 3, 11, 10][8, 14, 6, 9, 12, 13][0, 1, 4, 3, 5][7, 14][2, 5][3, 5] 
[7, 5, 2, 1, 3, 11, 10][8, 14, 6, 9, 12, 13][0, 1, 4, 3, 5][7, 14][2, 5][3, 5] 
[7, 5, 2, 1, 3, 11, 10][8, 14, 6, 9, 12, 13][0, 1, 4, 3, 5][7, 14][2, 5][3, 5] 
[7, 5, 2, 1, 3, 11, 10][8, 14, 6, 9, 12, 13][0, 1, 4, 3, 5][7, 14][2, 5][3, 5] 
[7, 5, 2, 1, 3, 11, 10][8, 14, 6, 9, 12, 13][0, 1, 4, 3, 5][7, 14][2, 5][3, 5] 
[7, 5, 2, 1, 3, 11, 10][8, 14, 6, 9, 12, 13][0, 1, 4, 3, 5][5, 7, 14][2, 5][3, 5] 
[8, 14, 6, 9, 12, 13][4, 1, 3, 11, 10][0, 1, 4][2, 5, 7][7, 14][3, 5] 
[8, 14, 6, 9, 12, 13][4, 1, 3, 11, 10][0, 1, 4][2, 5, 7][7, 14][3, 5] 
[8, 14, 6, 9, 12, 13][4, 1, 3, 11, 10][0, 1, 4][2, 5, 7][7, 14][3, 5] 
[8, 14, 6, 9, 12, 13][4, 1, 3, 11, 10][0, 1, 4][2, 5, 7][7, 14][3, 5] 
[8, 14, 6, 9, 12, 13][4, 1, 3, 11, 10][0, 1, 4][2, 5, 7][7, 14][3, 5] 
[8, 14, 6, 9, 12, 13][4, 1, 3, 11, 10][0, 1, 4][2, 5, 7][3, 5, 7][7, 14] 
[8, 14, 6, 9, 12, 13][4, 1, 3, 11, 10][0, 1, 4][2, 5, 7][7, 14][3, 5] 
