[8, 14, 6, 9, 10, 12, 13][2, 1, 4, 3][2, 5, 7][0, 1, 3][10, 11][7, 14] 
[8, 14, 6, 9, 10, 12, 13][0, 1, 3, 4][2, 5, 7][10, 11][7, 14][1, 2] 
[8, 14, 6, 9, 10, 12, 13][0, 1, 3, 4][2, 5, 7][10, 11][7, 14][1, 2] 
[8, 14, 6, 9, 10, 12, 13][0, 1, 3, 4][2, 5, 7][10, 11][7, 14][1, 2] 
[8, 14, 6, 9, 10, 12, 13][0, 1, 3, 4][9, 10, 11][2, 5, 7][7, 14][1, 2] 
[11, 10, 9, 13, 12][0, 1, 3, 4][8, 14, 6, 9][2, 5, 7][7, 14][1, 2] 
[8, 14, 6, 9, 10, 12, 13][0, 1, 3, 4][2, 5, 7][10, 11][7, 14][1, 2] 
[8, 14, 6, 9, 10, 12][11, 10, 9, 13][0, 1, 3, 4][2, 5, 7][7, 14][1, 2] 
[11, 10, 9, 13, 12][0, 1, 3, 4][8, 14, 6, 9][2, 5, 7][7, 14][1, 2] 
[8, 14, 6, 9, 10, 12][11, 10, 9, 13][0, 1, 3, 4][2, 5, 7][7, 14][1, 2] 
[8, 14, 6, 9, 10, 12, 13][0, 1, 3, 4][2, 1, 4, 3][2, 5, 7][10, 11][7, 14] 
[8, 14, 6, 9, 10, 12, 13][0, 1, 3, 4][2, 5, 7][10, 11][7, 14][1, 2] 
[8, 14, 6, 9, 10, 12, 13][0, 1, 3, 4][2, 5, 7][10, 11][7, 14][1, 2] 
[8, 14, 6, 9, 10, 12, 13][0, 1, 3, 4][9, 10, 11][2, 5, 7][7, 14][1, 2] 
[11, 10, 9, 13, 12][0, 1, 3, 4][8, 14, 6, 9][2, 5, 7][7, 14][1, 2] 
[8, 14, 6, 9, 10, 12][11, 10, 9, 13][0, 1, 3, 4][2, 5, 7][7, 14][1, 2] 
[8, 14, 6, 9, 10, 12, 13][0, 1, 3, 4][2, 1, 4, 3][2, 5, 7][10, 11][7, 14] 
[8, 14, 6, 9, 10, 12, 13][0, 1, 3, 4][2, 5, 7][10, 11][7, 14][1, 2] 
[8, 14, 6, 9, 10, 12, 13][0, 1, 3, 4][9, 10, 11][2, 5, 7][7, 14][1, 2] 
[8, 14, 6, 9, 10, 12, 13][0, 1, 3, 4][2, 1, 4, 3][2, 5, 7][10, 11][7, 14] 
[8, 14, 6, 9, 10, 12, 13][0, 1, 3, 4][2, 1, 4, 3][2, 5, 7][10, 11][7, 14] 
[8, 14, 6, 9, 10, 12, 13][0, 1, 3, 4][2, 5, 7][10, 11][7, 14][1, 2] 
[8, 14, 6, 9, 10, 12, 13][0, 1, 3, 4][2, 5, 7][10, 11][7, 14][1, 2] 
[8, 14, 6, 9, 10, 12, 13][0, 1, 3, 4][9, 10, 11][2, 5, 7][7, 14][1, 2] 
[11, 10, 9, 13, 12][0, 1, 3, 4][8, 14, 6, 9][2, 5, 7][7, 14][1, 2] 
[8, 14, 6, 9, 10, 12][11, 10, 9, 13][0, 1, 3, 4][2, 5, 7][7, 14][1, 2] 
[8, 14, 6, 9, 10, 12, 13][0, 1, 3, 4][2, 1, 4, 3][2, 5, 7][10, 11][7, 14] 
[8, 14, 6, 9, 10, 12, 13][0, 1, 3, 4][2, 5, 7][10, 11][7, 14][1, 2] 
[8, 14, 6, 9, 10, 12, 13][0, 1, 3, 4][9, 10, 11][2, 5, 7][7, 14][1, 2] 
[8, 14, 6, 9, 10, 12, 13][0, 1, 3, 4][2, 1, 4, 3][2, 5, 7][10, 11][7, 14] 
[8, 14, 6, 9, 10, 12, 13][0, 1, 3, 4][2, 1, 4, 3][11, 10, 12][2, 5, 7][7, 14] 
[8, 14, 6, 9, 10, 12, 13][0, 1, 3, 4][2, 5, 7][10, 11][7, 14][1, 2] 
[8, 14, 6, 9, 10, 12, 13][0, 1, 3, 4][9, 10, 11][2, 5, 7][7, 14][1, 2] 
[8, 14, 6, 9, 10, 12, 13][0, 1, 3, 4][2, 1, 4, 3][11, 10, 12][2, 5, 7][7, 14] 
[8, 14, 6, 9, 10, 12, 13][0, 1, 3, 4][2, 1, 4, 3][11, 10, 12][2, 5, 7][7, 14] 
[4, 3, 5, 7, 9, 6, 14, 8][0, 1, 2, 5, 3, 4][3, 11, 10, 12, 13][1, 2][5, 14][6, 9] 
[4, 3, 5, 7, 9, 6, 14, 8][0, 1, 2, 5, 3, 4][3, 11, 10, 12, 13][1, 2][5, 14][6, 9] 
[4, 3, 5, 7, 9, 6, 14, 8][3, 11, 10, 12, 13][0, 1, 2, 5, 3][1, 2][5, 14][6, 9] 
[4, 3, 5, 7, 9, 6, 14, 8][3, 11, 10, 12, 13][0, 1, 2, 5, 3][1, 2][5, 14][6, 9] 
[4, 3, 5, 7, 9, 6, 14, 8][3, 11, 10, 12, 13][0, 1, 2, 5, 3][1, 2][5, 14][6, 9] 
[4, 3, 5, 7, 9, 6, 14, 8][3, 11, 10, 12, 13][0, 1, 2, 5][1, 2][5, 14][6, 9] 
[4, 3, 5, 7, 9, 6, 14, 8][0, 1, 2, 5, 3, 4][3, 11, 10, 12, 13][1, 2][5, 14][6, 9] 
[4, 3, 5, 7, 9, 6, 14, 8][0, 1, 2, 5, 3, 4][3, 11, 10, 12, 13][1, 2][5, 14][6, 9] 
[4, 3, 5, 7, 9, 6, 14, 8][3, 11, 10, 12, 13][0, 1, 2, 5, 3][1, 2][5, 14][6, 9] 
[4, 3, 5, 7, 9, 6, 14, 8][0, 1, 2, 5, 3, 4][3, 11, 10, 12, 13][1, 2][5, 14][6, 9] 
[4, 3, 5, 7, 9, 6, 14, 8][0, 1, 2, 5, 3, 4][3, 11, 10, 12, 13][1, 2][5, 14][6, 9] 
[4, 3, 5, 7, 9, 6, 14, 8][0, 1, 2, 5, 3, 4][3, 11, 10, 12, 13][1, 2][5, 14][6, 9] 
[4, 3, 5, 7, 9, 6, 14, 8][3, 11, 10, 12, 13][0, 1, 2, 5, 3][1, 2][5, 14][6, 9] 
[4, 3, 5, 7, 9, 6, 14, 8][0, 1, 2, 5, 3, 4][3, 11, 10, 12, 13][1, 2][5, 14][6, 9] 
[4, 3, 5, 7, 9, 6, 14, 8][0, 1, 2, 5, 3, 4][3, 11, 10, 12, 13][1, 2][5, 14][6, 9] 
[4, 3, 5, 7, 9, 6, 14, 8][0, 1, 2, 5, 3, 4][3, 11, 10, 12, 13][1, 2][5, 14][6, 9] 
[4, 3, 5, 7, 9, 6, 14, 8][0, 1, 2, 5, 3, 4][3, 11, 10, 12, 13][1, 2][5, 14][6, 9] 
[4, 3, 5, 7, 9, 6, 14, 8][3, 11, 10, 12, 13][0, 1, 2, 5, 3][1, 2][5, 14][6, 9] 
[4, 3, 5, 7, 9, 6, 14, 8][0, 1, 2, 5, 3, 4][3, 11, 10, 12, 13][1, 2][5, 14][6, 9] 
[4, 3, 5, 7, 9, 6, 14, 8][0, 1, 2, 5, 3, 4][3, 11, 10, 12, 13][1, 2][5, 14][6, 9] 
[4, 3, 5, 7, 9, 6, 14, 8][0, 1, 2, 5, 3, 4][3, 11, 10, 12, 13][1, 2][5, 14][6, 9] 
[8, 14, 6, 9, 10][11, 10, 12, 13][0, 1, 3, 4][2, 5, 7][7, 14][1, 2] 
[8, 14, 6, 9, 10][11, 10, 12, 13][0, 1, 3, 4][2, 5, 7][7, 14][1, 2] 
[8, 14, 6, 9, 10][11, 10, 12, 13][0, 1, 3, 4][2, 5, 7][7, 14][1, 2] 
[8, 14, 6, 9, 10][11, 10, 12, 13][0, 1, 3, 4][2, 5, 7][7, 14][1, 2] 
[8, 14, 6, 9, 10][11, 10, 12, 13][0, 1, 3, 4][2, 5, 7][7, 14][1, 2] 
[8, 14, 6, 9, 10][11, 10, 12, 13][0, 1, 3, 4][2, 5, 7][7, 14][1, 2] 
[8, 14, 6, 9, 10][11, 10, 12, 13][0, 1, 3, 4][2, 5, 7][7, 14][1, 2] 
[8, 14, 6, 9, 10][11, 10, 12, 13][0, 1, 3, 4][2, 5, 7][7, 14][1, 2] 
[8, 14, 6, 9, 10][11, 10, 12, 13][0, 1, 3, 4][2, 5, 7][7, 14][1, 2] 
[8, 14, 6, 9, 10][11, 10, 12, 13][0, 1, 3, 4][2, 5, 7][7, 14][1, 2] 
[8, 14, 6, 9, 10][11, 10, 12, 13][0, 1, 3, 4][2, 5, 7][7, 14][1, 2] 
[8, 14, 6, 9, 10][11, 10, 12, 13][0, 1, 3, 4][2, 5, 7][7, 14][1, 2] 
[8, 14, 6, 9, 10][11, 10, 12, 13][0, 1, 3, 4][2, 5, 7][7, 14][1, 2] 
[8, 14, 6, 9, 10][11, 10, 12, 13][0, 1, 3, 4][2, 5, 7][7, 14][1, 2] 
[8, 14, 6, 9, 10][11, 10, 12, 13][0, 1, 3, 4][2, 5, 7][7, 14][1, 2] 
[8, 14, 6, 9, 10, 12, 13][0, 1, 3, 4][2, 1, 4, 3][11, 10, 12][2, 5, 7][7, 14] 
[8, 14, 6, 9, 10, 12, 13][0, 1, 3, 4][2, 1, 4, 3][11, 10, 12][2, 5, 7][7, 14] 
[8, 14, 6, 9, 10, 12, 13][0, 1, 3, 4][2, 1, 4, 3][11, 10, 12][2, 5, 7][7, 14] 
[8, 14, 6, 9, 10, 12, 13][0, 1, 3, 4][2, 1, 4, 3][11, 10, 12][2, 5, 7][7, 14] 
[8, 14, 6, 9, 10, 12, 13][0, 1, 3, 4][2, 1, 4, 3][11, 10, 12][2, 5, 7][7, 14] 
[8, 14, 6, 9, 10, 12, 13][4, 3, 1, 2, 5, 7][0, 1, 4, 3][11, 10, 12][7, 14][2, 5] 
[8, 14, 6, 9, 10][11, 10, 12, 13][0, 1, 3, 4][2, 5, 7][7, 14][1, 2] 
[8, 14, 6, 9, 10][11, 10, 12, 13][0, 1, 3, 4][2, 5, 7][7, 14][1, 2] 
[8, 14, 6, 9, 10][11, 10, 12, 13][0, 1, 3, 4][2, 5, 7][7, 14][1, 2] 
[8, 14, 6, 9, 10][11, 10, 12, 13][0, 1, 3, 4][2, 5, 7][7, 14][1, 2] 
[8, 14, 6, 9, 10][11, 10, 12, 13][0, 1, 3, 4][2, 5, 7][7, 14][1, 2] 
[8, 14, 6, 9, 10, 12, 13][0, 1, 3, 4][11, 10, 12][2, 5, 7][2, 1, 4][7, 14] 
[8, 14, 6, 9, 10][11, 10, 12, 13][0, 1, 3, 4][2, 5, 7][7, 14][1, 2] 
[8, 14, 6, 9, 10, 12, 13][0, 1, 3, 4][2, 1, 4, 3][11, 10, 12][2, 5, 7][7, 14] 
[8, 14, 6, 9, 10, 12, 13][0, 1, 3, 4][2, 1, 4, 3][11, 10, 12][2, 5, 7][7, 14] 
[8, 14, 6, 9, 10, 12, 13][0, 1, 3, 4][2, 1, 4, 3][11, 10, 12][2, 5, 7][7, 14] 
[8, 14, 6, 9, 10, 12, 13][0, 1, 3, 4][2, 1, 4, 3][11, 10, 12][2, 5, 7][7, 14] 
[8, 14, 6, 9, 10, 12, 13][0, 1, 3, 4][2, 1, 4, 3][11, 10, 12][2, 5, 7][7, 14] 
[8, 14, 6, 9, 10, 12, 13][0, 1, 3, 4][2, 1, 4, 3][11, 10, 12][2, 5, 7][7, 14] 
[8, 14, 6, 9, 10, 12, 13][0, 1, 3, 4][2, 1, 4, 3][11, 10, 12][2, 5, 7][7, 14] 
[8, 14, 6, 9, 10, 12, 13][0, 1, 3, 4][2, 1, 4, 3][11, 10, 12][2, 5, 7][7, 14] 
[8, 14, 6, 9, 10, 12, 13][0, 1, 3, 4][2, 1, 4, 3][11, 10, 12][2, 5, 7][7, 14] 
[8, 14, 6, 9, 10, 12, 13][0, 1, 3, 4][2, 1, 4, 3][2, 5, 7][10, 11][7, 14] 
[8, 14, 6, 9, 10, 12, 13][0, 1, 3, 4][2, 1, 4, 3][11, 10, 12][2, 5, 7][7, 14] 
[8, 14, 6, 9, 10, 12, 13][0, 1, 3, 4][2, 1, 4, 3][11, 10, 12][2, 5, 7][7, 14] 
[8, 14, 6, 9, 10, 12, 13][0, 1, 3, 4][2, 1, 4, 3][11, 10, 12][2, 5, 7][7, 14] 
[8, 14, 6, 9, 10, 12, 13][0, 1, 3, 4][2, 1, 4, 3][2, 5, 7][10, 11][7, 14] 
[8, 14, 6, 9, 10, 12, 13][0, 1, 3, 4][2, 1, 4, 3][11, 10, 12][2, 5, 7][7, 14] 
[8, 14, 6, 9, 13, 12, 10, 11][4, 1, 2, 5, 7][0, 1, 3, 5][7, 14][2, 5][10, 12] 
[8, 14, 6, 9, 13, 12, 10, 11][4, 1, 2, 5, 7][0, 1, 3, 5][7, 14][2, 5][10, 12] 
[8, 14, 6, 9, 13, 12, 10, 11][4, 1, 2, 5, 7][0, 1, 3, 5][7, 14][2, 5][10, 12] 
[8, 14, 6, 9, 13, 12, 10, 11][4, 1, 2, 5, 7][0, 1, 3, 5][7, 14][2, 5][10, 12] 
[8, 14, 6, 9, 13, 12, 10, 11][4, 1, 2, 5, 7][0, 1, 3, 5][7, 14][2, 5][10, 12] 
[8, 14, 6, 9, 13, 12, 10, 11][3, 4, 1, 2, 5, 7][0, 1, 3][7, 14][2, 5][10, 12] 
[8, 14, 6, 9, 10, 12, 13][0, 1, 3, 4][11, 10, 12][2, 5, 7][2, 1, 4][7, 14] 
[8, 14, 6, 9, 10, 12, 13][0, 1, 3, 4][11, 10, 12][2, 5, 7][2, 1, 4][7, 14] 
[8, 14, 6, 9, 10, 12, 13][0, 1, 3, 4][11, 10, 12][2, 5, 7][2, 1, 4][7, 14] 
[8, 14, 6, 9, 10, 12, 13][0, 1, 3, 4][11, 10, 12][2, 5, 7][2, 1, 4][7, 14] 
[8, 14, 6, 9, 10, 12, 13][0, 1, 3, 4][11, 10, 12][2, 5, 7][2, 1, 4][7, 14] 
[8, 14, 6, 9, 10, 12, 13][0, 1, 3, 4][2, 1, 4, 3][11, 10, 12][2, 5, 7][7, 14] 
[8, 14, 6, 9, 10, 11][11, 10, 12, 13][0, 1, 3, 4][2, 5, 7][7, 14][1, 2] 
