[8, 14, 6, 9, 10, 11][3, 4, 1, 2, 5][10, 12, 13][0, 1, 3][7, 14][5, 7] 
[8, 14, 6, 9, 10, 11][0, 1, 3, 4][10, 12, 13][1, 2, 5][7, 14][5, 7] 
[8, 14, 6, 9, 10, 11][0, 1, 3, 4][10, 12, 13][1, 2, 5][7, 14][5, 7] 
[8, 14, 6, 9, 10, 11][0, 1, 3, 4][10, 12, 13][1, 2, 5][7, 14][5, 7] 
[8, 14, 6, 9, 13, 12][0, 1, 2, 5, 7][3, 11, 10][2, 1, 4][3, 4][5, 14] 
[8, 14, 6, 9, 10, 11][9, 10, 12, 13][0, 1, 3, 4][1, 2, 5][7, 14][5, 7] 
[8, 14, 6, 9, 10][11, 10, 12, 13][4, 1, 2, 5][0, 1, 3][7, 14][5, 7] 
[8, 14, 6, 9, 13, 12][0, 1, 2, 5, 7][3, 11, 10][3, 4][5, 14][1, 4] 
[10, 12, 13, 9, 6, 14][0, 1, 4, 3, 11][7, 14, 8][3, 5][5, 7][1, 2] 
[8, 14, 6, 9, 13, 12][0, 1, 2, 5, 7][3, 11, 10][3, 4][5, 14][1, 4] 
[8, 14, 6, 9, 10, 11][3, 4, 1, 2, 5][10, 12, 13][0, 1, 3][7, 14][5, 7] 
[8, 14, 6, 9, 10, 11][0, 1, 3, 4][10, 12, 13][1, 2, 5][7, 14][5, 7] 
[8, 14, 6, 9, 10, 11][0, 1, 3, 4][10, 12, 13][1, 2, 5][7, 14][5, 7] 
[8, 14, 6, 9, 13, 12][0, 1, 2, 5, 7][3, 11, 10][2, 1, 4][3, 4][5, 14] 
[8, 14, 6, 9, 10, 11][9, 10, 12, 13][0, 1, 3, 4][1, 2, 5][7, 14][5, 7] 
[8, 14, 6, 9, 13, 12][0, 1, 2, 5, 7][3, 11, 10][3, 4][5, 14][1, 4] 
[8, 14, 6, 9, 13, 12][4, 3, 11, 10][1, 2, 5, 7][0, 1, 4][3, 11][5, 14] 
[8, 14, 6, 9, 10, 11][0, 1, 3, 4][10, 12, 13][1, 2, 5][7, 14][5, 7] 
[8, 14, 6, 9, 13, 12][0, 1, 2, 5, 7][3, 11, 10][2, 1, 4][3, 4][5, 14] 
[8, 14, 6, 9, 13, 12][4, 3, 11, 10][1, 2, 5, 7][0, 1, 4][3, 11][5, 14] 
[8, 14, 6, 9, 10, 11][3, 4, 1, 2, 5][0, 1, 3, 4][10, 12, 13][7, 14][5, 7] 
[8, 14, 6, 9, 10, 11][0, 1, 3, 4][10, 12, 13][1, 2, 5][7, 14][5, 7] 
[8, 14, 6, 9, 10, 11][0, 1, 3, 4][10, 12, 13][1, 2, 5][7, 14][5, 7] 
[8, 14, 6, 9, 13, 12][0, 1, 2, 5, 7][3, 11, 10][2, 1, 4][3, 4][5, 14] 
[8, 14, 6, 9, 10, 11][9, 10, 12, 13][0, 1, 3, 4][1, 2, 5][7, 14][5, 7] 
[8, 14, 6, 9, 13, 12][0, 1, 2, 5, 7][3, 11, 10][3, 4][5, 14][1, 4] 
[8, 14, 6, 9, 13, 12][4, 3, 11, 10][1, 2, 5, 7][0, 1, 4][3, 11][5, 14] 
[8, 14, 6, 9, 10, 11][0, 1, 3, 4][10, 12, 13][1, 2, 5][7, 14][5, 7] 
[8, 14, 6, 9, 13, 12][0, 1, 2, 5, 7][3, 11, 10][2, 1, 4][3, 4][5, 14] 
[8, 14, 6, 9, 13, 12][4, 3, 11, 10][1, 2, 5, 7][0, 1, 4][3, 11][5, 14] 
[8, 14, 6, 9, 13, 12][4, 3, 11, 10][1, 2, 5, 7][0, 1, 4][3, 11][5, 14] 
[8, 14, 6, 9, 10, 11][0, 1, 3, 4][10, 12, 13][1, 2, 5][7, 14][5, 7] 
[8, 14, 6, 9, 13, 12][0, 1, 2, 5, 7][3, 11, 10][2, 1, 4][3, 4][5, 14] 
[8, 14, 6, 9, 13, 12][4, 3, 11, 10][1, 2, 5, 7][0, 1, 4][3, 11][5, 14] 
[8, 14, 6, 9, 13, 12][4, 3, 11, 10][1, 2, 5, 7][0, 1, 4][3, 11][5, 14] 
[0, 1, 3, 11, 10, 12, 13, 9][2, 5, 7, 9, 6, 14, 8][8, 14][8, 14][7, 14][1, 4] 
[0, 1, 3, 11, 10, 12, 13, 9][2, 5, 7, 9, 6, 14, 8][8, 14][8, 14][7, 14][1, 4] 
[0, 1, 3, 11, 10, 12, 13, 9][2, 5, 7, 9, 6, 14, 8][8, 14][8, 14][7, 14][1, 4] 
[0, 1, 3, 11, 10, 12, 13, 9][2, 5, 7, 9, 6, 14, 8][8, 14][8, 14][7, 14][1, 4] 
[0, 1, 3, 11, 10, 12, 13, 9][2, 5, 7, 9, 6, 14, 8][8, 14][8, 14][7, 14][1, 4] 
[0, 1, 3, 11, 10, 12, 13, 9][2, 5, 7, 9, 6, 14, 8][8, 14][8, 14][7, 14][1, 4] 
[0, 1, 3, 11, 10, 12, 13, 9][2, 5, 7, 9, 6, 14, 8][8, 14][8, 14][7, 14][1, 4] 
[0, 1, 3, 11, 10, 12, 13, 9][2, 5, 7, 9, 6, 14, 8][8, 14][8, 14][7, 14][1, 4] 
[0, 1, 3, 11, 10, 12, 13, 9][2, 5, 7, 9, 6, 14, 8][8, 14][8, 14][7, 14][1, 4] 
[0, 1, 3, 11, 10, 12, 13, 9][2, 5, 7, 9, 6, 14, 8][8, 14][8, 14][7, 14][1, 4] 
[0, 1, 3, 11, 10, 12, 13, 9][2, 5, 7, 9, 6, 14, 8][8, 14][8, 14][7, 14][1, 4] 
[0, 1, 3, 11, 10, 12, 13, 9][2, 5, 7, 9, 6, 14, 8][8, 14][8, 14][7, 14][1, 4] 
[0, 1, 3, 11, 10, 12, 13, 9][2, 5, 7, 9, 6, 14, 8][8, 14][8, 14][7, 14][1, 4] 
[0, 1, 3, 11, 10, 12, 13, 9][2, 5, 7, 9, 6, 14, 8][8, 14][8, 14][7, 14][1, 4] 
[0, 1, 3, 11, 10, 12, 13, 9][2, 5, 7, 9, 6, 14, 8][8, 14][8, 14][7, 14][1, 4] 
[0, 1, 3, 11, 10, 12, 13, 9][2, 5, 7, 9, 6, 14, 8][8, 14][8, 14][7, 14][1, 4] 
[0, 1, 3, 11, 10, 12, 13, 9][2, 5, 7, 9, 6, 14, 8][8, 14][8, 14][7, 14][1, 4] 
[0, 1, 3, 11, 10, 12, 13, 9][2, 5, 7, 9, 6, 14, 8][8, 14][8, 14][7, 14][1, 4] 
[0, 1, 3, 11, 10, 12, 13, 9][2, 5, 7, 9, 6, 14, 8][8, 14][8, 14][7, 14][1, 4] 
[0, 1, 3, 11, 10, 12, 13, 9][2, 5, 7, 9, 6, 14, 8][8, 14][8, 14][7, 14][1, 4] 
[0, 1, 3, 11, 10, 12, 13, 9][2, 5, 7, 9, 6, 14, 8][8, 14][8, 14][7, 14][1, 4] 
[8, 14, 6, 9, 13, 12][0, 1, 2, 5, 7][3, 11, 10][3, 4][5, 14][1, 4] 
[8, 14, 6, 9, 13, 12][0, 1, 2, 5, 7][3, 11, 10][3, 4][5, 14][1, 4] 
[8, 14, 6, 9, 13, 12][0, 1, 2, 5, 7][3, 11, 10][3, 4][5, 14][1, 4] 
[8, 14, 6, 9, 13, 12][0, 1, 2, 5, 7][3, 11, 10][3, 4][5, 14][1, 4] 
[8, 14, 6, 9, 13, 12][0, 1, 2, 5, 7][3, 11, 10][3, 4][5, 14][1, 4] 
[8, 14, 6, 9, 13, 12][0, 1, 2, 5, 7][3, 11, 10][3, 4][5, 14][1, 4] 
[8, 14, 6, 9, 13, 12][0, 1, 2, 5, 7][3, 11, 10][3, 4][5, 14][1, 4] 
[8, 14, 6, 9, 13, 12][0, 1, 2, 5, 7][3, 11, 10][3, 4][5, 14][1, 4] 
[8, 14, 6, 9, 13, 12][0, 1, 2, 5, 7][3, 11, 10][3, 4][5, 14][1, 4] 
[8, 14, 6, 9, 13, 12][0, 1, 2, 5, 7][3, 11, 10][3, 4][5, 14][1, 4] 
[8, 14, 6, 9, 13, 12][0, 1, 2, 5, 7][3, 11, 10][3, 4][5, 14][1, 4] 
[8, 14, 6, 9, 13, 12][0, 1, 2, 5, 7][3, 11, 10][3, 4][5, 14][1, 4] 
[8, 14, 6, 9, 13, 12][0, 1, 2, 5, 7][3, 11, 10][3, 4][5, 14][1, 4] 
[8, 14, 6, 9, 13, 12][0, 1, 2, 5, 7][3, 11, 10][3, 4][5, 14][1, 4] 
[8, 14, 6, 9, 13, 12][0, 1, 2, 5, 7][3, 11, 10][3, 4][5, 14][1, 4] 
[8, 14, 6, 9, 13, 12][4, 3, 11, 10][1, 2, 5, 7][0, 1, 4][3, 11][5, 14] 
[8, 14, 6, 9, 13, 12][4, 3, 11, 10][1, 2, 5, 7][0, 1, 4][3, 11][5, 14] 
[8, 14, 6, 9, 13, 12][4, 3, 11, 10][1, 2, 5, 7][0, 1, 4][3, 11][5, 14] 
[8, 14, 6, 9, 13, 12][4, 3, 11, 10][1, 2, 5, 7][0, 1, 4][3, 11][5, 14] 
[8, 14, 6, 9, 13, 12][4, 3, 11, 10][1, 2, 5, 7][0, 1, 4][3, 11][5, 14] 
[7, 5, 2, 1, 3, 11, 10][8, 14, 6, 9, 13, 12][3, 11][3, 4][5, 14][0, 1] 
[8, 14, 6, 9, 13, 12][0, 1, 2, 5, 7][3, 11, 10][3, 4][5, 14][1, 4] 
[8, 14, 6, 9, 13, 12][0, 1, 2, 5, 7][3, 11, 10][3, 4][5, 14][1, 4] 
[8, 14, 6, 9, 13, 12][0, 1, 2, 5, 7][3, 11, 10][3, 4][5, 14][1, 4] 
[8, 14, 6, 9, 13, 12][0, 1, 2, 5, 7][3, 11, 10][3, 4][5, 14][1, 4] 
[8, 14, 6, 9, 13, 12][0, 1, 2, 5, 7][3, 11, 10][3, 4][5, 14][1, 4] 
[8, 14, 6, 9, 13, 12][0, 1, 2, 5, 7][4, 3, 11, 10][2, 1, 4][3, 11][5, 14] 
[8, 14, 6, 9, 13, 12][0, 1, 2, 5, 7][3, 11, 10][3, 4][5, 14][1, 4] 
[8, 14, 6, 9, 13, 12][4, 3, 11, 10][1, 2, 5, 7][0, 1, 4][3, 11][5, 14] 
[8, 14, 6, 9, 13, 12][4, 3, 11, 10][1, 2, 5, 7][0, 1, 4][3, 11][5, 14] 
[8, 14, 6, 9, 13, 12][4, 3, 11, 10][1, 2, 5, 7][0, 1, 4][3, 11][5, 14] 
[8, 14, 6, 9, 13, 12][4, 3, 11, 10][1, 2, 5, 7][0, 1, 4][3, 11][5, 14] 
[8, 14, 6, 9, 13, 12][4, 3, 11, 10][1, 2, 5, 7][0, 1, 4][3, 11][5, 14] 
[8, 14, 6, 9, 13, 12][4, 3, 11, 10][1, 2, 5, 7][0, 1, 4][3, 11][5, 14] 
[8, 14, 6, 9, 13, 12][4, 3, 11, 10][1, 2, 5, 7][0, 1, 4][3, 11][5, 14] 
[8, 14, 6, 9, 13, 12][4, 3, 11, 10][1, 2, 5, 7][0, 1, 4][3, 11][5, 14] 
[8, 14, 6, 9, 13, 12][4, 3, 11, 10][1, 2, 5, 7][0, 1, 4][3, 11][5, 14] 
[8, 14, 6, 9, 13, 12][4, 3, 11, 10][1, 2, 5, 7][0, 1, 4][3, 11][5, 14] 
[8, 14, 6, 9, 13, 12][4, 3, 11, 10][1, 2, 5, 7][0, 1, 4][3, 11][5, 14] 
[8, 14, 6, 9, 13, 12][4, 3, 11, 10][1, 2, 5, 7][0, 1, 4][3, 11][5, 14] 
[8, 14, 6, 9, 13, 12][4, 3, 11, 10][1, 2, 5, 7][0, 1, 4][3, 11][5, 14] 
[8, 14, 6, 9, 13, 12][4, 3, 11, 10][1, 2, 5, 7][0, 1, 4][3, 11][5, 14] 
[8, 14, 6, 9, 13, 12][4, 3, 11, 10][1, 2, 5, 7][0, 1, 4][3, 11][5, 14] 
[7, 5, 2, 1, 4, 3, 11, 10][8, 14, 6, 9, 13, 12][3, 11][3, 4][5, 14][0, 1] 
[7, 5, 2, 1, 4, 3, 11, 10][8, 14, 6, 9, 13, 12][3, 11][3, 4][5, 14][0, 1] 
[7, 5, 2, 1, 4, 3, 11, 10][8, 14, 6, 9, 13, 12][3, 11][3, 4][5, 14][0, 1] 
[7, 5, 2, 1, 4, 3, 11, 10][8, 14, 6, 9, 13, 12][3, 11][3, 4][5, 14][0, 1] 
[7, 5, 2, 1, 4, 3, 11, 10][8, 14, 6, 9, 13, 12][3, 11][3, 4][5, 14][0, 1] 
[7, 5, 2, 1, 4, 3, 11, 10][8, 14, 6, 9, 13, 12][5, 14, 6][3, 11][3, 4][0, 1] 
[8, 14, 6, 9, 13, 12][0, 1, 2, 5, 7][4, 3, 11, 10][3, 11][5, 14][1, 4] 
[8, 14, 6, 9, 13, 12][0, 1, 2, 5, 7][4, 3, 11, 10][3, 11][5, 14][1, 4] 
[8, 14, 6, 9, 13, 12][0, 1, 2, 5, 7][4, 3, 11, 10][3, 11][5, 14][1, 4] 
[8, 14, 6, 9, 13, 12][0, 1, 2, 5, 7][4, 3, 11, 10][3, 11][5, 14][1, 4] 
[8, 14, 6, 9, 13, 12][0, 1, 2, 5, 7][4, 3, 11, 10][3, 11][5, 14][1, 4] 
[8, 14, 6, 9, 13, 12][4, 3, 11, 10][1, 2, 5, 7][0, 1, 4][3, 11][5, 14] 
[8, 14, 6, 9, 13, 12][0, 1, 2, 5, 7][3, 11, 10][4, 3, 11][5, 14][1, 4] 
