[2, 16, 7, 24, 20, 23, 3, 1, 9, 14, 4][11, 25, 7, 16, 15, 10, 27, 29][6, 13, 18, 19, 17, 28, 25][8, 26, 0, 22, 12][8, 19][15, 16][1, 3][1, 9][5, 6][10, 15][1, 9][10, 21] 
[16, 27, 2, 21, 5, 6, 13, 18, 19, 12, 8, 26, 0, 22, 17][8, 19, 17, 18, 0, 12, 22, 25, 11, 3, 1, 23, 4, 24, 20][13, 0, 25, 11, 3, 23, 24, 1, 9, 14, 20, 7, 27, 15, 21][8, 19, 22, 17, 11, 14, 24, 4, 3, 9, 23, 20, 7, 2, 16][5, 15, 2, 29, 27, 7, 25, 11, 17, 0, 13, 6, 21, 10, 16][25, 28, 0, 26, 8, 12, 22, 17, 11, 3, 24, 7, 16, 15, 29][2, 7, 25, 22, 19, 12, 18, 0, 28, 16, 15, 10, 6, 13][8, 26, 0, 13, 6, 10, 27, 7, 4, 14, 1, 3, 24, 20][7, 24, 4, 1, 3, 14, 11, 17, 0, 18, 13, 6, 15, 29][21, 15, 27, 16, 28, 17, 12, 18, 22, 25, 11, 14, 23][4, 20, 23, 14, 7, 16, 6, 15, 27, 29, 2, 10][0, 25, 11, 3, 9, 14, 7, 16, 6, 5, 15, 10] 
[11, 3, 9, 14, 20, 24, 1, 4, 7, 2, 29][21, 5, 6, 10, 27][13, 18, 12, 22][19, 17, 28, 25][10, 21, 15, 16][3, 23, 20][8, 12][8, 26][0, 26][0, 19][7, 28][2, 21] 
[3, 9, 1, 24, 20, 7, 27][25, 11, 14, 4, 7, 28][2, 27, 29, 10, 6, 13][22, 18, 12, 8, 26][3, 11, 17, 19, 22][15, 10, 16][6, 5, 21][0, 22][12, 22][20, 23][18, 19][12, 17] 
[8, 26, 0, 22, 12, 18, 19, 17, 28, 7, 4, 14, 3, 1, 23][3, 11, 25, 28, 17, 19, 18, 13, 6, 16, 15, 21, 10, 29, 27][5, 6, 13, 0, 28, 25, 22, 17, 11, 3, 4, 20, 14, 9, 23][10, 15, 29, 2, 21, 5, 6, 13, 0, 25, 22, 19, 12, 8, 26][4, 14, 9, 1, 3, 23, 20, 24, 7, 16, 2, 15, 21, 10][8, 19][10, 27][15, 16][1, 3][1, 9][1, 9][10, 21] 
[10, 15, 29, 2, 21, 5, 6, 13, 0, 25, 22, 19, 12, 8, 26][4, 14, 9, 1, 3, 23, 20, 24, 7, 16, 2, 15, 21, 10][3, 11, 17, 19, 22, 25, 28, 0, 26, 8, 12][13, 6, 10, 29, 27][27, 29][10, 15][18, 19][10, 15][1, 9][18, 19][5, 6][10, 15] 
[19, 0, 18, 17, 28, 25, 11, 14, 3, 9, 1, 24, 4, 23, 20][5, 21, 6, 15, 29, 10, 16, 27, 7, 25, 0, 19, 17, 22][7, 14, 23, 3, 1, 4, 20][11, 25][12, 22][7, 16][2, 10][10, 27][13, 18][8, 26][1, 23][0, 26] 
[5, 21, 15, 29, 2, 7, 20, 23, 1, 3, 14, 11, 17, 12, 8][24, 20, 23, 3, 1, 9, 14, 4, 7, 28, 0, 13, 6, 10, 29][6, 13, 18, 12, 22, 19, 17, 28, 7, 16, 27, 29, 2, 15, 10][3, 14, 11, 25, 7, 27, 2, 29, 15, 6, 13, 0, 19, 8, 26][1, 24, 4, 7, 25, 22, 17, 19, 12, 8, 26, 0, 13, 6][7, 10, 15, 5, 21, 6, 13, 18, 22, 19, 12, 0, 26, 8][25, 7, 20, 14, 24, 3, 11, 17, 22, 0, 18, 12, 8, 26][17, 0, 13, 6, 10, 27, 7, 24, 1, 3, 4, 23, 14, 20][5, 6, 2, 10, 7, 25, 22, 18, 0, 28, 16, 15, 21][20, 4, 24, 23, 9, 3, 11, 17, 22, 0, 12, 8, 26][4, 23, 9, 3, 1, 14, 7, 27, 15, 6, 5][9, 1, 4, 24, 3, 11, 17, 0, 26] 
[1, 24, 4, 3, 9, 23, 14, 11, 25, 7, 16, 15, 10, 27, 29][3, 11, 25, 28, 17, 19, 18, 13, 6, 16, 15, 21, 10, 29, 27][4, 14, 9, 1, 3, 23, 20, 24, 7, 16, 2, 15, 21][9, 1, 24, 14, 7, 10, 21, 15, 16, 27, 2, 29][8, 26, 0, 22, 12][10, 15, 16][8, 19][1, 3][5, 6][10, 15][1, 9][10, 21] 
[5, 21, 15, 29, 2, 7, 20, 23, 1, 3, 14, 11, 17, 12, 8][6, 13, 18, 12, 22, 19, 17, 28, 7, 16, 27, 29, 2, 15, 10][3, 14, 11, 25, 7, 27, 2, 29, 15, 6, 13, 0, 19, 8, 26][1, 24, 4, 7, 25, 22, 17, 19, 12, 8, 26, 0, 13, 6][7, 10, 15, 5, 21, 6, 13, 18, 22, 19, 12, 0, 26, 8][25, 7, 20, 14, 24, 3, 11, 17, 22, 0, 18, 12, 8, 26][6, 13, 18, 19, 8, 26, 0, 17, 11, 3, 24, 4, 1, 9][5, 6, 2, 10, 7, 25, 22, 18, 0, 28, 16, 15, 21][17, 0, 13, 6, 10, 27, 7, 24, 1, 3, 4, 14, 20][20, 24, 23, 9, 3, 11, 17, 22, 0, 12, 8, 26][4, 23, 3, 1, 14, 7, 27, 15, 6][10, 29] 
[14, 1, 4, 24, 3, 11, 17, 22, 25, 28, 0, 18, 12, 8, 26][8, 12, 19, 22, 17, 11, 14, 24, 4, 3, 1, 9, 23][4, 20, 24, 1, 23, 3, 11, 17, 18, 0, 26, 8, 19][13, 6, 5, 21, 2, 27, 7, 10, 15, 16][10, 15][3, 9][2, 29][2, 29][16, 28][4, 14][8, 26][1, 9] 
[3, 11, 25, 28, 17, 19, 18, 13, 0, 26, 8, 12][16, 27, 7, 14, 20, 23][21, 5, 6, 10, 27][9, 1, 24][18, 19][17, 22][3, 24][7, 24][4, 7][15, 16][2, 21][2, 29] 
[23, 3, 1, 4, 20, 14, 11, 17, 22, 19, 12, 8, 26][3, 11, 17, 19, 22, 25, 28, 0, 26, 8, 12][7, 20, 24, 1, 9, 3, 11][21, 5, 15, 10, 7, 24][13, 6, 10, 29, 27][2, 10, 16, 28][18, 19][18, 19][17, 22][10, 15][8, 26][10, 15] 
[16, 15, 21, 5, 6, 2, 29, 27, 7, 14, 23, 3, 1, 4, 20][18, 17, 28, 25, 11, 14, 3, 9, 1, 24][13, 0, 25, 22, 19, 12, 8, 26][19, 17, 22][10, 27][15, 16][7, 16][4, 14][12, 22][10, 15][1, 9][5, 6] 
[14, 9, 1, 3, 23, 20, 24, 7, 16][13, 6, 21, 5, 15, 10, 29][15, 16, 28, 0, 19, 18][11, 17, 22, 25, 28][10, 27][1, 3][2, 16][8, 19][8, 26][8, 12][1, 9][3, 4] 
[9, 1, 24, 14, 20, 23, 3, 11, 17, 19, 12, 8, 26, 0, 18][14, 1, 4, 24, 3, 11, 17, 22, 25, 28, 0, 18, 12, 8, 26][8, 19, 22, 17, 11, 14, 24, 4, 3, 9, 23][13, 6, 5, 21, 2, 27, 16][1, 3, 14, 11, 17, 19, 8][7, 16, 6, 5, 15, 27, 10][13, 6, 21, 15, 10, 29][15, 16, 28, 0, 19][13, 6, 21, 10, 16][8, 26][2, 29][22, 25] 
[16, 27, 2, 21, 5, 6, 13, 18, 19, 12, 8, 26, 0, 22, 17][8, 19, 22, 17, 11, 14, 24, 4, 3, 9, 23, 20, 7, 2, 16][7, 24, 20, 4, 1, 3, 14, 11, 17, 0, 18, 13, 6, 15, 29][0, 25, 11, 3, 23, 24, 1, 9, 14, 20, 7, 27, 15, 21][15, 2, 29, 27, 7, 25, 11, 17, 0, 13, 6, 21, 10, 16][10, 15, 5, 6, 16, 7, 14, 9, 3, 11, 25, 22, 18, 13][4, 23, 1, 3, 11, 25, 22, 12, 0, 18, 17, 19, 8][0, 26, 8, 12, 22, 17, 11, 3, 24, 7, 16, 15, 29][13, 6, 10, 15, 16, 28, 0, 18, 12, 19, 17][1, 14, 4, 7, 27, 10, 6, 13, 0, 26, 8][23, 14, 11, 25, 22, 18, 12, 17, 28][2, 10] 
[1, 24, 4, 23, 3, 9, 14, 7, 28, 17, 19, 22, 0, 12, 8][19, 8, 26, 0, 17, 12, 18, 22, 25, 7, 24, 23][0, 25, 11, 3, 1, 9, 23, 14, 7][13, 6, 16, 27, 10, 15, 2, 29][24, 3, 4, 20, 14, 11, 17, 28][1, 23, 20][7, 28, 25][2, 21, 6][27, 2, 29][20, 24][5, 21][13, 18] 
[2, 16, 27, 7, 14, 20, 23, 3][3, 9, 1, 24, 20, 7, 27][25, 11, 14, 4, 7, 28][15, 10, 16, 7, 2, 29][2, 6, 13, 0, 22, 17][2, 27, 29, 10, 6, 13][0, 26, 8, 12, 22][22, 18, 12, 8, 26][3, 11, 17, 19, 22][6, 5, 21][8, 19, 18][12, 17] 
[11, 25, 28, 16, 15, 5, 21, 10, 2, 27, 7, 4, 24, 3, 14][19, 12, 8, 26, 0, 18, 17, 22, 25, 28, 7, 24, 4, 20][10, 15, 5, 6, 16, 7, 14, 9, 3, 11, 25, 22, 12][13, 6, 10, 15, 16, 28, 0, 18, 22, 17, 12, 8, 26][19, 18, 0, 25, 28, 16, 2, 10, 6, 15, 27, 29][1, 9, 3, 14, 11, 25, 28, 17, 18, 0, 19][19, 18, 0, 28, 25, 7, 2, 27, 29, 15, 21][10, 15, 5, 6, 16][0, 26][8, 26][2, 10][1, 23] 
[9, 23, 24, 4, 7, 27, 2, 10, 21, 5, 15, 16, 28, 25, 11][16, 15, 21, 5, 6, 2, 29, 27, 7, 14, 23, 3, 1, 4, 20][19, 0, 18, 17, 28, 25, 11, 14, 3, 9, 1, 24, 4, 23, 20][5, 21, 6, 15, 29, 10, 16, 27, 7, 25, 0, 19, 17, 22][12, 22][7, 16][2, 10][10, 27][13, 18][8, 26][1, 23][0, 26] 
[3, 11, 25, 28, 17, 19, 18, 13, 6, 15, 10, 27][4, 14, 3, 23, 20, 24, 7, 16, 2, 15, 21][2, 27, 15, 10, 7, 14, 24, 1, 9][8, 26, 0, 22, 12][8, 19][27, 29][10, 16][1, 3][5, 6][10, 15][1, 9][10, 21] 
[16, 27, 2, 21, 5, 6, 13, 18, 19, 12, 8, 26, 0, 17][8, 19, 22, 17, 11, 14, 24, 4, 3, 9, 23, 20, 7, 16][0, 18, 22, 25, 11, 3, 9, 14, 7, 16, 6, 5, 15, 10][23, 14, 11, 25, 0, 18, 12, 17, 28, 7, 2, 15, 27][13, 6, 15, 16, 28, 0, 22, 17, 11, 25, 7, 20][4, 7, 27, 10, 6, 13, 0, 26, 8][8, 19, 17, 18, 0, 12][4, 1, 24, 14, 11][15, 21][15, 29][10, 16][15, 29] 
[23, 3, 1, 4, 20, 14, 11, 17, 22, 19, 12, 8, 26][21, 5, 15, 10, 7, 24][13, 6, 10, 29, 27][0, 28, 25, 22][9, 1, 24][2, 10, 16][10, 15][18, 19][8, 26][18, 19][10, 15][17, 22] 
[16, 27, 2, 21, 5, 6, 13, 18, 19, 12, 8, 26, 0, 22, 17][2, 7, 25, 22, 17, 19, 12, 18, 0, 28, 16, 15, 10, 6, 13][8, 19, 17, 18, 0, 12, 22, 25, 11, 3, 1, 23, 4, 24, 20][8, 26, 0, 13, 6, 10, 27, 7, 4, 14, 1, 9, 3, 24, 20][13, 0, 25, 11, 3, 23, 24, 1, 9, 14, 20, 7, 27, 15, 21][4, 20, 23, 3, 14, 7, 16, 6, 5, 21, 15, 27, 29, 2, 10][21, 15, 29, 27, 2, 16, 28, 17, 12, 18, 22, 25, 11, 14, 23][8, 19, 22, 17, 11, 14, 24, 4, 3, 9, 23, 20, 7, 2, 16][7, 24, 20, 4, 1, 3, 14, 11, 17, 0, 18, 13, 6, 15, 29][5, 15, 2, 29, 27, 7, 25, 11, 17, 0, 13, 6, 21, 10, 16][0, 13, 18, 22, 25, 11, 3, 9, 14, 7, 16, 6, 5, 15, 10][25, 28, 0, 26, 8, 12, 22, 17, 11, 3, 24, 7, 16, 15, 29] 
[11, 3, 9, 14, 20, 24, 1, 4, 7, 2, 29][13, 18, 12, 22][19, 17, 28, 25][10, 21, 15, 16][5, 6, 10, 27][8, 12][8, 26][0, 26][0, 19][7, 28][3, 23][2, 21] 
[3, 9, 1, 24, 20, 7, 27][25, 11, 14, 4, 7, 28][2, 27, 29, 10, 6, 13][22, 18, 12, 8, 26][3, 11, 17, 19, 22][15, 10, 16][6, 5, 21][0, 22][12, 22][20, 23][18, 19][12, 17] 
[8, 26, 0, 22, 12, 18, 19, 17, 28, 7, 4, 14, 3, 1, 23][3, 11, 25, 28, 17, 19, 18, 13, 6, 16, 15, 21, 10, 29, 27][5, 6, 13, 0, 28, 25, 22, 17, 11, 3, 4, 20, 14, 9, 23][10, 15, 29, 2, 21, 5, 6, 13, 0, 25, 22, 19, 12, 8, 26][4, 14, 9, 1, 3, 23, 20, 24, 7, 16, 2, 15, 21, 10][10, 15, 16][8, 19][10, 27][1, 3][1, 9][1, 9][10, 21] 
[19, 0, 18, 17, 28, 25, 11, 14, 3, 9, 1, 24, 4, 23, 20][5, 21, 6, 15, 29, 10, 16, 27, 7, 25, 0, 19, 17, 22][7, 14, 23, 3, 1, 4, 20][11, 25][12, 22][7, 16][2, 10][10, 27][13, 18][8, 26][1, 23][0, 26] 
[5, 21, 15, 29, 2, 7, 20, 23, 1, 3, 14, 11, 17, 12, 8][24, 20, 23, 3, 1, 9, 14, 4, 7, 28, 0, 13, 6, 10, 29][6, 13, 18, 12, 22, 19, 17, 28, 7, 16, 27, 29, 2, 15, 10][3, 14, 11, 25, 7, 27, 2, 29, 15, 6, 13, 0, 19, 8, 26][1, 24, 4, 7, 25, 22, 17, 19, 12, 8, 26, 0, 13, 6][7, 10, 15, 5, 21, 6, 13, 18, 22, 19, 12, 0, 26, 8][25, 7, 20, 14, 24, 3, 11, 17, 22, 0, 18, 12, 8, 26][6, 13, 18, 19, 8, 26, 0, 17, 11, 3, 24, 4, 1, 9][17, 0, 13, 6, 10, 27, 7, 24, 1, 3, 4, 23, 14, 20][5, 6, 2, 10, 7, 25, 22, 18, 0, 28, 16, 15, 21][20, 4, 24, 23, 9, 3, 11, 17, 22, 0, 12, 8, 26][4, 23, 9, 3, 1, 14, 7, 27, 15, 6, 5] 
[1, 24, 4, 3, 9, 23, 14, 11, 25, 7, 16, 15, 10, 27, 29][3, 11, 25, 28, 17, 19, 18, 13, 6, 16, 15, 21, 10, 29, 27][4, 14, 9, 1, 3, 23, 20, 24, 7, 16, 2, 15, 21][9, 1, 24, 14, 7, 10, 21, 15, 16, 27, 2, 29][20, 24, 1, 4, 14, 7, 28, 16, 15, 10, 21][8, 26, 0, 22, 12][10, 15, 16][8, 19][1, 3][5, 6][10, 15][1, 9] 
[5, 21, 15, 29, 2, 7, 20, 23, 1, 3, 14, 11, 17, 12, 8][6, 13, 18, 12, 22, 19, 17, 28, 7, 16, 27, 29, 2, 15, 10][3, 14, 11, 25, 7, 27, 2, 29, 15, 6, 13, 0, 19, 8, 26][1, 24, 4, 7, 25, 22, 17, 19, 12, 8, 26, 0, 13, 6][7, 10, 15, 5, 21, 6, 13, 18, 22, 19, 12, 0, 26, 8][25, 7, 20, 14, 24, 3, 11, 17, 22, 0, 18, 12, 8, 26][6, 13, 18, 19, 8, 26, 0, 17, 11, 3, 24, 4, 1, 9][17, 0, 13, 6, 10, 27, 7, 24, 1, 3, 4, 23, 14, 20][5, 6, 2, 10, 7, 25, 22, 18, 0, 28, 16, 15, 21][20, 4, 24, 23, 9, 3, 11, 17, 22, 0, 12, 8, 26][4, 23, 9, 3, 1, 14, 7, 27, 15, 6][10, 29] 
[14, 1, 4, 24, 3, 11, 17, 22, 25, 28, 0, 18, 12, 8, 26][8, 12, 19, 22, 17, 11, 14, 24, 4, 3, 1, 9, 23][4, 20, 24, 1, 23, 3, 11, 17, 18, 0, 26, 8, 19][13, 6, 5, 21, 2, 27, 7, 10, 15, 16][10, 15][3, 9][2, 29][2, 29][16, 28][4, 14][8, 26][1, 9] 
[18, 17, 28, 25, 11, 14, 3, 9, 1, 24, 4, 23][15, 21, 5, 6, 2, 29, 27][17, 19, 22][12, 8, 26][20, 7, 27][11, 25][7, 16][20, 23][10, 27][0, 22][13, 18][12, 22] 
[23, 3, 1, 4, 20, 14, 11, 17, 22, 19, 12, 8, 26][3, 11, 17, 19, 22, 25, 28, 0, 26, 8, 12][7, 20, 24, 1, 9, 3, 11][21, 5, 15, 10, 7, 24][13, 6, 10, 29, 27][2, 10, 16, 28][10, 15][18, 19][8, 26][18, 19][10, 15][17, 22] 
[1, 24, 4, 3, 9, 23, 14, 11, 25, 7, 16, 15, 10, 27, 29][3, 11, 25, 28, 17, 19, 18, 13, 6, 16, 10, 29, 27][4, 14, 9, 3, 23, 20, 24, 7, 16, 2, 15, 21][9, 1, 24, 14, 7, 10, 15, 27][8, 26, 0, 22, 12][8, 19][15, 16][1, 3][5, 6][10, 15][1, 9][10, 21] 
[14, 9, 1, 3, 23, 20, 24, 7, 16][13, 6, 21, 5, 15, 10, 29][15, 16, 28, 0, 19, 18][15, 29, 2, 10, 27][11, 17, 22, 25, 28][1, 3][2, 16][8, 19][8, 26][8, 12][1, 9][3, 4] 
[9, 1, 24, 14, 20, 23, 3, 11, 17, 19, 12, 8, 26, 0, 18][14, 1, 4, 24, 3, 11, 17, 22, 25, 28, 0, 18, 12, 8, 26][8, 19, 22, 17, 11, 14, 24, 4, 3, 9, 23][13, 6, 5, 21, 2, 27, 16][1, 3, 14, 11, 17, 19, 8][7, 16, 6, 5, 15, 27, 10][13, 6, 21, 15, 10, 29][15, 16, 28, 0, 19][13, 6, 21, 10, 16][8, 26][2, 29][22, 25] 
[16, 27, 2, 21, 5, 6, 13, 18, 19, 12, 8, 26, 0, 22, 17][8, 19, 22, 17, 11, 14, 24, 4, 3, 9, 23, 20, 7, 2, 16][7, 24, 20, 4, 1, 3, 14, 11, 17, 0, 18, 13, 6, 15, 29][0, 25, 11, 3, 23, 24, 1, 9, 14, 20, 7, 27, 15, 21][15, 2, 29, 27, 7, 25, 11, 17, 0, 13, 6, 21, 10, 16][10, 15, 5, 6, 16, 7, 14, 9, 3, 11, 25, 22, 18, 13][4, 23, 1, 3, 11, 25, 22, 12, 0, 18, 17, 19, 8][0, 26, 8, 12, 22, 17, 11, 3, 24, 7, 16, 15, 29][13, 6, 10, 15, 16, 28, 0, 18, 12, 19, 17][1, 14, 4, 7, 27, 10, 6, 13, 0, 26, 8][23, 14, 11, 25, 22, 18, 12, 17, 28][2, 10] 
[1, 24, 4, 23, 3, 9, 14, 7, 28, 17, 19, 22, 0, 12, 8][19, 8, 26, 0, 17, 12, 18, 22, 25, 7, 24, 23][0, 25, 11, 3, 1, 9, 23, 14, 7][13, 6, 16, 27, 10, 15, 2, 29][24, 3, 4, 20, 14, 11, 17, 28][1, 23, 20][7, 28, 25][2, 21, 6][27, 2, 29][20, 24][5, 21][13, 18] 
[2, 16, 27, 7, 14, 20, 23, 3][3, 9, 1, 24, 20, 7, 27][25, 11, 14, 4, 7, 28][15, 10, 16, 7, 2, 29][2, 6, 13, 0, 22, 17][2, 27, 29, 10, 6, 13][0, 26, 8, 12, 22][22, 18, 12, 8, 26][3, 11, 17, 19, 22][6, 5, 21][8, 19, 18][12, 17] 
[11, 25, 28, 16, 15, 5, 21, 10, 27, 7, 4, 24, 3, 14][19, 12, 8, 26, 0, 18, 22, 25, 28, 7, 24, 4, 20][13, 6, 10, 15, 16, 28, 0, 18, 22, 17, 12, 8, 26][10, 15, 6, 16, 7, 14, 9, 3, 11, 25, 22, 12][19, 18, 0, 25, 28, 16, 2, 10, 6, 15, 27, 29][1, 9, 3, 14, 11, 25, 28, 17, 18, 0, 19][19, 18, 0, 25, 7, 2, 29, 15, 21][10, 15, 5, 6, 16][0, 26][8, 26][2, 10][1, 23] 
[9, 23, 24, 4, 7, 27, 2, 10, 21, 5, 15, 16, 28, 25, 11][16, 15, 21, 5, 6, 2, 29, 27, 7, 14, 23, 3, 1, 4, 20][19, 0, 18, 17, 28, 25, 11, 14, 3, 9, 1, 24, 4, 23, 20][5, 21, 6, 15, 29, 10, 16, 27, 7, 25, 0, 19, 17, 22][1, 14, 4, 3, 11, 17, 19, 18, 12, 22][7, 16][2, 10][10, 27][13, 18][8, 26][1, 23][0, 26] 
[3, 11, 25, 28, 17, 19, 18, 13, 6, 15, 10, 27][4, 14, 3, 23, 20, 24, 7, 16, 2, 15, 21][2, 27, 15, 10, 7, 14, 24, 1, 9][8, 26, 0, 22, 12][8, 19][27, 29][10, 16][1, 3][5, 6][10, 15][1, 9][10, 21] 
[16, 27, 2, 21, 5, 6, 13, 18, 19, 12, 8, 26, 0, 17][8, 19, 22, 17, 11, 14, 24, 4, 3, 9, 23, 20, 7, 16][0, 18, 22, 25, 11, 3, 9, 14, 7, 16, 6, 5, 15, 10][23, 14, 11, 25, 0, 18, 12, 17, 28, 7, 2, 15, 27][13, 6, 15, 16, 28, 0, 22, 17, 11, 25, 7, 20][4, 7, 27, 10, 6, 13, 0, 26, 8][8, 19, 17, 18, 0, 12][4, 1, 24, 14, 11][15, 21][15, 29][10, 16][15, 29] 
[23, 3, 1, 4, 20, 14, 11, 17, 22, 19, 12, 8, 26][21, 5, 15, 10, 7, 24][13, 6, 10, 29, 27][0, 28, 25, 22][9, 1, 24][2, 10, 16][10, 15][18, 19][8, 26][18, 19][10, 15][17, 22] 
[11, 3, 9, 14, 20, 24, 1, 4, 7, 2, 29][21, 5, 6, 10, 27][13, 18, 12, 22][19, 17, 28, 25][16, 15, 21][8, 12][8, 26][0, 26][0, 19][7, 28][2, 21][3, 23] 
[3, 9, 1, 24, 20, 7, 27][25, 11, 14, 4, 7, 28][2, 27, 29, 10, 6, 13][22, 18, 12, 8, 26][3, 11, 17, 19, 22][15, 10, 16][6, 5, 21][0, 22][12, 22][20, 23][18, 19][12, 17] 
[8, 26, 0, 22, 12, 18, 19, 17, 28, 7, 4, 14, 3, 1, 23][3, 11, 25, 28, 17, 19, 18, 13, 6, 16, 15, 21, 10, 29, 27][5, 6, 13, 0, 28, 25, 22, 17, 11, 3, 4, 20, 14, 9, 23][10, 15, 29, 2, 21, 5, 6, 13, 0, 25, 22, 19, 12, 8, 26][4, 14, 9, 1, 3, 23, 20, 24, 7, 16, 2, 15, 21, 10][1, 9, 14][8, 19][10, 27][15, 16][1, 3][1, 9][10, 21] 
[19, 0, 18, 17, 28, 25, 11, 14, 3, 9, 1, 24, 4, 23, 20][5, 21, 6, 15, 29, 10, 16, 27, 7, 25, 0, 19, 17, 22][7, 14, 23, 3, 1, 4, 20][11, 25][12, 22][7, 16][2, 10][10, 27][13, 18][8, 26][1, 23][0, 26] 
[5, 21, 15, 29, 2, 7, 20, 23, 1, 3, 14, 11, 17, 12, 8][24, 20, 23, 3, 1, 9, 14, 4, 7, 28, 0, 13, 6, 10, 29][6, 13, 18, 12, 22, 19, 17, 28, 7, 16, 27, 29, 2, 15, 10][3, 14, 11, 25, 7, 27, 2, 29, 15, 6, 13, 0, 19, 8, 26][1, 24, 4, 7, 25, 22, 17, 19, 12, 8, 26, 0, 13, 6][7, 10, 15, 5, 21, 6, 13, 18, 22, 19, 12, 0, 26, 8][25, 7, 20, 14, 24, 3, 11, 17, 22, 0, 18, 12, 8, 26][6, 13, 18, 19, 8, 26, 0, 17, 11, 3, 24, 4, 1, 9][17, 0, 13, 6, 10, 27, 7, 24, 1, 3, 4, 23, 14, 20][5, 6, 2, 10, 7, 25, 22, 18, 0, 28, 16, 15, 21][20, 4, 24, 23, 9, 3, 11, 17, 22, 0, 12, 8, 26][4, 23, 9, 3, 1, 14, 7, 27, 15, 6, 5] 
[1, 24, 4, 3, 9, 23, 14, 11, 25, 7, 16, 15, 10, 27, 29][3, 11, 25, 28, 17, 19, 18, 13, 6, 16, 15, 21, 10, 29, 27][4, 14, 9, 1, 3, 23, 20, 24, 7, 16, 2, 15, 21][14, 23, 24, 20, 7, 2, 27, 10, 21][8, 26, 0, 22, 12][10, 15, 16][8, 19][1, 3][1, 9][5, 6][10, 15][1, 9] 
[14, 1, 4, 24, 3, 11, 17, 22, 25, 28, 0, 18, 12, 8, 26][8, 12, 19, 22, 17, 11, 14, 24, 4, 3, 1, 9, 23][4, 20, 24, 1, 23, 3, 11, 17, 18, 0, 26, 8, 19][13, 6, 5, 21, 2, 27, 7, 10, 15, 16][10, 15][3, 9][2, 29][2, 29][16, 28][4, 14][8, 26][1, 9] 
[11, 3, 9, 14, 20, 24, 1, 4, 7, 2, 29][8, 26, 0, 22, 17, 19, 18][21, 5, 6, 10, 27][17, 28, 25][16, 15, 21][13, 18][8, 12][0, 26][0, 19][7, 28][2, 21][3, 23] 
[23, 3, 1, 4, 20, 14, 11, 17, 22, 19, 12, 8, 26][3, 11, 17, 19, 22, 25, 28, 0, 26, 8, 12][7, 20, 24, 1, 9, 3, 11][21, 5, 15, 10, 7, 24][13, 6, 10, 29, 27][2, 10, 16, 28][10, 15][18, 19][8, 26][18, 19][10, 15][17, 22] 
[1, 24, 4, 3, 9, 23, 14, 11, 25, 7, 16, 15, 10, 27, 29][3, 11, 25, 28, 17, 19, 18, 13, 6, 16, 10, 29, 27][4, 14, 9, 3, 23, 20, 24, 7, 16, 2, 15, 21][9, 1, 24, 14, 7, 10, 15, 27][8, 26, 0, 22, 12][8, 19][15, 16][1, 3][5, 6][10, 15][1, 9][10, 21] 
[7, 4, 24, 23, 1, 9, 3, 11, 25][8, 12, 19, 17, 11, 3, 23, 20][13, 6, 21, 5, 15, 10, 29][15, 16, 28, 0, 19, 18][2, 16][3, 11][14, 23][3, 11][8, 26][3, 4][22, 25][10, 27] 
[9, 1, 24, 14, 20, 23, 3, 11, 17, 19, 12, 8, 26, 0, 18][14, 1, 4, 24, 3, 11, 17, 22, 25, 28, 0, 18, 12, 8, 26][8, 19, 22, 17, 11, 14, 24, 4, 3, 9, 23][13, 6, 5, 21, 2, 27, 16][1, 3, 14, 11, 17, 19, 8][7, 16, 6, 5, 15, 27, 10][13, 6, 21, 15, 10, 29][15, 16, 28, 0, 19][13, 6, 21, 10, 16][8, 26][2, 29][22, 25] 
[16, 27, 2, 21, 5, 6, 13, 18, 19, 12, 8, 26, 0, 22, 17][8, 19, 22, 17, 11, 14, 24, 4, 3, 9, 23, 20, 7, 2, 16][7, 24, 20, 4, 1, 3, 14, 11, 17, 0, 18, 13, 6, 15, 29][0, 25, 11, 3, 23, 24, 1, 9, 14, 20, 7, 27, 15, 21][15, 2, 29, 27, 7, 25, 11, 17, 0, 13, 6, 21, 10, 16][10, 15, 5, 6, 16, 7, 14, 9, 3, 11, 25, 22, 18, 13][4, 23, 1, 3, 11, 25, 22, 12, 0, 18, 17, 19, 8][0, 26, 8, 12, 22, 17, 11, 3, 24, 7, 16, 15, 29][13, 6, 10, 15, 16, 28, 0, 18, 12, 19, 17][1, 14, 4, 7, 27, 10, 6, 13, 0, 26, 8][23, 14, 11, 25, 22, 18, 12, 17, 28][2, 10] 
[1, 24, 4, 23, 3, 9, 14, 7, 28, 17, 19, 22, 0, 12, 8][19, 8, 26, 0, 17, 12, 18, 22, 25, 7, 24, 23][0, 25, 11, 3, 1, 9, 23, 14, 7][13, 6, 16, 27, 10, 15, 2, 29][24, 3, 4, 20, 14, 11, 17, 28][1, 23, 20][7, 28, 25][2, 21, 6][27, 2, 29][20, 24][5, 21][13, 18] 
[2, 16, 27, 7, 14, 20, 23, 3][3, 9, 1, 24, 20, 7, 27][25, 11, 14, 4, 7, 28][15, 10, 16, 7, 2, 29][2, 6, 13, 0, 22, 17][2, 27, 29, 10, 6, 13][0, 26, 8, 12, 22][22, 18, 12, 8, 26][3, 11, 17, 19, 22][6, 5, 21][8, 19, 18][12, 17] 
[11, 25, 28, 16, 15, 5, 21, 10, 27, 7, 4, 24, 3, 14][19, 12, 8, 26, 0, 18, 17, 22, 25, 28, 7, 24, 4, 20][13, 6, 10, 15, 16, 28, 0, 18, 22, 17, 12, 8, 26][10, 15, 6, 16, 7, 14, 9, 3, 11, 25, 22, 12][19, 18, 0, 25, 28, 16, 2, 10, 6, 15, 27, 29][1, 9, 3, 14, 11, 25, 28, 17, 18, 0, 19][19, 18, 0, 28, 25, 7, 2, 27, 29, 15, 21][10, 15, 5, 6, 16][0, 26][8, 26][2, 10][1, 23] 
[16, 15, 21, 5, 6, 2, 29, 27, 7, 14, 23, 3, 1, 4, 20][19, 0, 18, 17, 28, 25, 11, 14, 3, 9, 1, 24, 4, 23, 20][5, 21, 6, 15, 29, 10, 16, 27, 7, 25, 0, 19, 17, 22][11, 25, 28, 16, 15, 5, 21, 10, 2, 27, 7, 4, 24][12, 22][7, 16][2, 10][10, 27][13, 18][8, 26][1, 23][0, 26] 
[3, 11, 25, 28, 17, 19, 18, 13, 6, 15, 10, 27][4, 14, 3, 23, 20, 24, 7, 16, 2, 15, 21][2, 27, 15, 10, 7, 14, 24, 1, 9][8, 26, 0, 22, 12][8, 19][27, 29][10, 16][1, 3][5, 6][10, 15][1, 9][10, 21] 
[16, 27, 2, 21, 5, 6, 13, 18, 19, 12, 8, 26, 0, 17][8, 19, 22, 17, 11, 14, 24, 4, 3, 9, 23, 20, 7, 16][0, 18, 22, 25, 11, 3, 9, 14, 7, 16, 6, 5, 15, 10][23, 14, 11, 25, 0, 18, 12, 17, 28, 7, 2, 15, 27][13, 6, 15, 16, 28, 0, 22, 17, 11, 25, 7, 20][4, 7, 27, 10, 6, 13, 0, 26, 8][8, 19, 17, 18, 0, 12][4, 1, 24, 14, 11][15, 21][15, 29][10, 16][15, 29] 
[23, 3, 1, 4, 20, 14, 11, 17, 22, 19, 12, 8, 26][21, 5, 15, 10, 7, 24][13, 6, 10, 29, 27][0, 28, 25, 22][9, 1, 24][2, 10, 16][10, 15][18, 19][8, 26][18, 19][10, 15][17, 22] 
[11, 3, 9, 14, 20, 24, 1, 4, 7, 2, 29][21, 5, 6, 10, 27][13, 18, 12, 22][19, 17, 28, 25][16, 15, 21][8, 12][8, 26][0, 26][0, 19][7, 28][2, 21][3, 23] 
[3, 9, 1, 24, 20, 7, 27][25, 11, 14, 4, 7, 28][2, 27, 29, 10, 6, 13][22, 18, 12, 8, 26][3, 11, 17, 19, 22][15, 10, 16][6, 5, 21][0, 22][12, 22][20, 23][18, 19][12, 17] 
[8, 26, 0, 22, 12, 18, 19, 17, 28, 7, 4, 14, 3, 1, 23][3, 11, 25, 28, 17, 19, 18, 13, 6, 16, 15, 21, 10, 29, 27][10, 15, 29, 2, 21, 5, 6, 13, 0, 25, 22, 19, 12, 8, 26][5, 6, 13, 0, 28, 25, 22, 17, 11, 3, 4, 20, 14, 9][4, 14, 9, 1, 3, 23, 20, 24, 7, 16, 2, 15, 21, 10][8, 19][10, 27][15, 16][1, 3][1, 9][1, 9][10, 21] 
[19, 0, 18, 17, 28, 25, 11, 14, 3, 9, 1, 24, 4, 23, 20][5, 21, 6, 15, 29, 10, 16, 27, 7, 25, 0, 19, 17, 22][7, 14, 23, 3, 1, 4, 20][11, 25][12, 22][7, 16][2, 10][10, 27][13, 18][8, 26][1, 23][0, 26] 
[5, 21, 15, 29, 2, 7, 20, 23, 1, 3, 14, 11, 17, 12, 8][24, 20, 23, 3, 1, 9, 14, 4, 7, 28, 0, 13, 6, 10, 29][6, 13, 18, 12, 22, 19, 17, 28, 7, 16, 27, 29, 2, 15, 10][3, 14, 11, 25, 7, 27, 2, 29, 15, 6, 13, 0, 19, 8, 26][1, 24, 4, 7, 25, 22, 17, 19, 12, 8, 26, 0, 13, 6][7, 10, 15, 5, 21, 6, 13, 18, 22, 19, 12, 0, 26, 8][25, 7, 20, 14, 24, 3, 11, 17, 22, 0, 18, 12, 8, 26][6, 13, 18, 19, 8, 26, 0, 17, 11, 3, 24, 4, 1, 9][17, 0, 13, 6, 10, 27, 7, 24, 1, 3, 4, 23, 14, 20][5, 6, 2, 10, 7, 25, 22, 18, 0, 28, 16, 15, 21][20, 4, 24, 23, 9, 3, 11, 17, 22, 0, 12, 8, 26][4, 23, 9, 3, 1, 14, 7, 27, 15, 6, 5] 
[1, 24, 4, 3, 9, 23, 14, 11, 25, 7, 16, 15, 10, 27, 29][3, 11, 25, 28, 17, 19, 18, 13, 6, 16, 15, 21, 10, 29, 27][4, 14, 9, 1, 3, 23, 20, 24, 7, 16, 2, 15, 21][9, 1, 24, 14, 7, 10, 21, 15, 16, 27, 2, 29][9, 14, 11, 25, 28, 7, 2, 27, 29, 10, 21][8, 26, 0, 22, 12][10, 15, 16][8, 19][1, 3][5, 6][10, 15][1, 9] 
[14, 1, 4, 24, 3, 11, 17, 22, 25, 28, 0, 18, 12, 8, 26][8, 12, 19, 22, 17, 11, 14, 24, 4, 3, 1, 9, 23][4, 20, 24, 1, 23, 3, 11, 17, 18, 0, 26, 8, 19][13, 6, 5, 21, 2, 27, 7, 10, 15, 16][10, 15][3, 9][2, 29][2, 29][16, 28][4, 14][8, 26][1, 9] 
[3, 11, 25, 28, 17, 19, 18, 13, 0, 26, 8, 12][6, 10, 27, 16, 2, 29][23, 20, 14, 7, 27][9, 1, 24][18, 19][17, 22][3, 24][7, 24][5, 21][4, 7][15, 16][2, 21] 
[23, 3, 1, 4, 20, 14, 11, 17, 22, 19, 12, 8, 26][3, 11, 17, 19, 22, 25, 28, 0, 26, 8, 12][7, 20, 24, 1, 9, 3, 11][21, 5, 15, 10, 7, 24][13, 6, 10, 29, 27][2, 10, 16, 28][10, 15][18, 19][8, 26][18, 19][10, 15][17, 22] 
[1, 24, 4, 3, 9, 23, 14, 11, 25, 7, 16, 15, 10, 27, 29][3, 11, 25, 28, 17, 19, 18, 13, 6, 16, 10, 29, 27][4, 14, 9, 3, 23, 20, 24, 7, 16, 2, 15, 21][9, 1, 24, 14, 7, 10, 15, 27][8, 26, 0, 22, 12][8, 19][15, 16][1, 3][5, 6][10, 15][1, 9][10, 21] 
[7, 4, 24, 23, 1, 9, 3, 11, 25][8, 12, 19, 17, 11, 3, 23, 20][13, 6, 21, 5, 15, 10, 29][15, 16, 28, 0, 19, 18][2, 16][3, 11][14, 23][3, 11][8, 26][3, 4][22, 25][10, 27] 
[9, 1, 24, 14, 20, 23, 3, 11, 17, 19, 12, 8, 26, 0, 18][14, 1, 4, 24, 3, 11, 17, 22, 25, 28, 0, 18, 12, 8, 26][8, 19, 22, 17, 11, 14, 24, 4, 3, 9, 23][13, 6, 5, 21, 2, 27, 16][1, 3, 14, 11, 17, 19, 8][7, 16, 6, 5, 15, 27, 10][13, 6, 21, 15, 10, 29][15, 16, 28, 0, 19][13, 6, 21, 10, 16][8, 26][2, 29][22, 25] 
[16, 27, 2, 21, 5, 6, 13, 18, 19, 12, 8, 26, 0, 22, 17][8, 19, 22, 17, 11, 14, 24, 4, 3, 9, 23, 20, 7, 2, 16][7, 24, 20, 4, 1, 3, 14, 11, 17, 0, 18, 13, 6, 15, 29][0, 25, 11, 3, 23, 24, 1, 9, 14, 20, 7, 27, 15, 21][15, 2, 29, 27, 7, 25, 11, 17, 0, 13, 6, 21, 10, 16][10, 15, 5, 6, 16, 7, 14, 9, 3, 11, 25, 22, 18, 13][4, 23, 1, 3, 11, 25, 22, 12, 0, 18, 17, 19, 8][0, 26, 8, 12, 22, 17, 11, 3, 24, 7, 16, 15, 29][13, 6, 10, 15, 16, 28, 0, 18, 12, 19, 17][1, 14, 4, 7, 27, 10, 6, 13, 0, 26, 8][23, 14, 11, 25, 22, 18, 12, 17, 28][2, 10] 
[1, 24, 4, 23, 3, 9, 14, 7, 28, 17, 19, 22, 0, 12, 8][19, 8, 26, 0, 17, 12, 18, 22, 25, 7, 24, 23][0, 25, 11, 3, 1, 9, 23, 14, 7][13, 6, 16, 27, 10, 15, 2, 29][24, 3, 4, 20, 14, 11, 17, 28][1, 23, 20][7, 28, 25][2, 21, 6][27, 2, 29][20, 24][5, 21][13, 18] 
[2, 16, 27, 7, 14, 20, 23, 3][3, 9, 1, 24, 20, 7, 27][25, 11, 14, 4, 7, 28][15, 10, 16, 7, 2, 29][2, 6, 13, 0, 22, 17][2, 27, 29, 10, 6, 13][0, 26, 8, 12, 22][22, 18, 12, 8, 26][3, 11, 17, 19, 22][6, 5, 21][8, 19, 18][12, 17] 
[11, 25, 28, 16, 15, 5, 21, 10, 27, 7, 4, 24, 3, 14][19, 12, 8, 26, 0, 18, 22, 25, 28, 7, 24, 4, 20][13, 6, 10, 15, 16, 28, 0, 18, 22, 17, 12, 8, 26][10, 15, 6, 16, 7, 14, 9, 3, 11, 25, 22, 12][19, 18, 0, 25, 28, 16, 2, 10, 6, 15, 27, 29][1, 9, 3, 14, 11, 25, 28, 17, 18, 0, 19][10, 15, 5, 6, 16][0, 26][8, 26][15, 21][2, 10][1, 23] 
[16, 15, 21, 5, 6, 2, 29, 27, 7, 14, 23, 3, 1, 4, 20][19, 0, 18, 17, 28, 25, 11, 14, 3, 9, 1, 24, 4, 23, 20][5, 21, 6, 15, 29, 10, 16, 27, 7, 25, 0, 19, 17, 22][11, 25, 28, 16, 15, 5, 21, 10, 2, 27, 7, 4, 24][12, 22][7, 16][2, 10][10, 27][13, 18][8, 26][1, 23][0, 26] 
[3, 11, 25, 28, 17, 19, 18, 13, 6, 15, 10, 27][4, 14, 3, 23, 20, 24, 7, 16, 2, 15, 21][2, 27, 15, 10, 7, 14, 24, 1, 9][8, 26, 0, 22, 12][8, 19][27, 29][10, 16][1, 3][5, 6][10, 15][1, 9][10, 21] 
[16, 27, 2, 21, 5, 6, 13, 18, 19, 12, 8, 26, 0, 17][8, 19, 22, 17, 11, 14, 24, 4, 3, 9, 23, 20, 7, 16][0, 18, 22, 25, 11, 3, 9, 14, 7, 16, 6, 5, 15, 10][23, 14, 11, 25, 0, 18, 12, 17, 28, 7, 2, 15, 27][13, 6, 15, 16, 28, 0, 22, 17, 11, 25, 7, 20][4, 7, 27, 10, 6, 13, 0, 26, 8][8, 19, 17, 18, 0, 12][4, 1, 24, 14, 11][15, 21][15, 29][10, 16][15, 29] 
[23, 3, 1, 4, 20, 14, 11, 17, 22, 19, 12, 8, 26][21, 5, 15, 10, 7, 24][13, 6, 10, 29, 27][0, 28, 25, 22][9, 1, 24][2, 10, 16][10, 15][18, 19][8, 26][18, 19][10, 15][17, 22] 
[11, 3, 9, 14, 20, 24, 1, 4, 7, 2, 29][21, 5, 6, 10, 27][13, 18, 12, 22][19, 17, 28, 25][16, 15, 21][8, 12][8, 26][0, 26][0, 19][7, 28][2, 21][3, 23] 
[3, 9, 1, 24, 20, 7, 27][25, 11, 14, 4, 7, 28][2, 27, 29, 10, 6, 13][22, 18, 12, 8, 26][3, 11, 17, 19, 22][15, 10, 16][6, 5, 21][0, 22][12, 22][20, 23][18, 19][12, 17] 
[3, 11, 25, 28, 17, 19, 18, 13, 6, 16, 15, 21, 10, 29, 27][5, 6, 13, 0, 28, 25, 22, 17, 11, 3, 4, 20, 14, 9, 23][10, 15, 29, 2, 21, 5, 6, 13, 0, 25, 22, 19, 12, 8, 26][1, 3, 14, 4, 7, 28, 17, 19, 18, 12, 22, 0, 26, 8][4, 14, 9, 1, 3, 23, 20, 24, 7, 16, 2, 15, 21, 10][8, 19][10, 27][15, 16][1, 3][1, 9][1, 9][10, 21] 
[19, 0, 18, 17, 28, 25, 11, 14, 3, 9, 1, 24, 4, 23, 20][5, 21, 6, 15, 29, 10, 16, 27, 7, 25, 0, 19, 17, 22][7, 14, 23, 3, 1, 4, 20][11, 25][12, 22][7, 16][2, 10][10, 27][13, 18][8, 26][1, 23][0, 26] 
[5, 21, 15, 29, 2, 7, 20, 23, 1, 3, 14, 11, 17, 12, 8][24, 20, 23, 3, 1, 9, 14, 4, 7, 28, 0, 13, 6, 10, 29][6, 13, 18, 12, 22, 19, 17, 28, 7, 16, 27, 29, 2, 15, 10][3, 14, 11, 25, 7, 27, 2, 29, 15, 6, 13, 0, 19, 8, 26][1, 24, 4, 7, 25, 22, 17, 19, 12, 8, 26, 0, 13, 6][7, 10, 15, 5, 21, 6, 13, 18, 22, 19, 12, 0, 26, 8][25, 7, 20, 14, 24, 3, 11, 17, 22, 0, 18, 12, 8, 26][6, 13, 18, 19, 8, 26, 0, 17, 11, 3, 24, 4, 1, 9][17, 0, 13, 6, 10, 27, 7, 24, 1, 3, 4, 23, 14, 20][5, 6, 2, 10, 7, 25, 22, 18, 0, 28, 16, 15, 21][20, 4, 24, 23, 9, 3, 11, 17, 22, 0, 12, 8, 26][4, 23, 9, 3, 1, 14, 7, 27, 15, 6, 5] 
[1, 24, 4, 3, 9, 23, 14, 11, 25, 7, 16, 15, 10, 27, 29][3, 11, 25, 28, 17, 19, 18, 13, 6, 16, 15, 21, 10, 29, 27][4, 14, 9, 1, 3, 23, 20, 24, 7, 16, 2, 15, 21][9, 1, 24, 14, 7, 10, 21, 15, 16, 27][8, 26, 0, 22, 12][8, 19][15, 16][1, 3][5, 6][10, 15][1, 9][10, 21] 
[14, 1, 4, 24, 3, 11, 17, 22, 25, 28, 0, 18, 12, 8, 26][8, 12, 19, 22, 17, 11, 14, 24, 4, 3, 1, 9, 23][4, 20, 24, 1, 23, 3, 11, 17, 18, 0, 26, 8, 19][13, 6, 5, 21, 2, 27, 7, 10, 15, 16][10, 15][3, 9][2, 29][2, 29][16, 28][4, 14][8, 26][1, 9] 
[3, 11, 25, 28, 17, 19, 18, 13, 0, 26, 8, 12][21, 5, 15, 6, 10, 27, 16, 2, 29][16, 27, 7, 14, 20, 23][21, 5, 6, 10, 27][9, 1, 24][18, 19][17, 22][3, 24][7, 24][4, 7][15, 16][2, 21] 
[23, 3, 1, 4, 20, 14, 11, 17, 22, 19, 12, 8, 26][3, 11, 17, 19, 22, 25, 28, 0, 26, 8, 12][7, 20, 24, 1, 9, 3, 11][21, 5, 15, 10, 7, 24][13, 6, 10, 29, 27][2, 10, 16, 28][10, 15][18, 19][8, 26][18, 19][10, 15][17, 22] 
[1, 24, 4, 3, 9, 23, 14, 11, 25, 7, 16, 15, 10, 27, 29][3, 11, 25, 28, 17, 19, 18, 13, 6, 16, 10, 29, 27][11, 3, 9, 14, 20, 24, 4, 7, 2, 29][4, 14, 23, 20, 24, 7, 16, 2, 15, 21][8, 26, 0, 22, 12][13, 18, 22][16, 15, 21][8, 12][10, 21][3, 23][5, 6][2, 21] 
[7, 4, 24, 23, 1, 9, 3, 11, 25][8, 12, 19, 17, 11, 3, 23, 20][13, 6, 21, 5, 15, 10, 29][15, 16, 28, 0, 19, 18][2, 16][3, 11][14, 23][3, 11][8, 26][3, 4][22, 25][10, 27] 
[9, 1, 24, 14, 20, 23, 3, 11, 17, 19, 12, 8, 26, 0, 18][14, 1, 4, 24, 3, 11, 17, 22, 25, 28, 0, 18, 12, 8, 26][8, 19, 22, 17, 11, 14, 24, 4, 3, 9, 23][13, 6, 5, 21, 2, 27, 16][1, 3, 14, 11, 17, 19, 8][7, 16, 6, 5, 15, 27, 10][13, 6, 21, 15, 10, 29][15, 16, 28, 0, 19][13, 6, 21, 10, 16][8, 26][2, 29][22, 25] 
[16, 27, 2, 21, 5, 6, 13, 18, 19, 12, 8, 26, 0, 22, 17][8, 19, 22, 17, 11, 14, 24, 4, 3, 9, 23, 20, 7, 2, 16][7, 24, 20, 4, 1, 3, 14, 11, 17, 0, 18, 13, 6, 15, 29][0, 25, 11, 3, 23, 24, 1, 9, 14, 20, 7, 27, 15, 21][15, 2, 29, 27, 7, 25, 11, 17, 0, 13, 6, 21, 10, 16][10, 15, 5, 6, 16, 7, 14, 9, 3, 11, 25, 22, 18, 13][4, 23, 1, 3, 11, 25, 22, 12, 0, 18, 17, 19, 8][0, 26, 8, 12, 22, 17, 11, 3, 24, 7, 16, 15, 29][13, 6, 10, 15, 16, 28, 0, 18, 12, 19, 17][1, 14, 4, 7, 27, 10, 6, 13, 0, 26, 8][23, 14, 11, 25, 22, 18, 12, 17, 28][2, 10] 
[1, 24, 4, 23, 3, 9, 14, 7, 28, 17, 19, 22, 0, 12, 8][19, 8, 26, 0, 17, 12, 18, 22, 25, 7, 24, 23][0, 25, 11, 3, 1, 9, 23, 14, 7][13, 6, 16, 27, 10, 15, 2, 29][24, 3, 4, 20, 14, 11, 17, 28][1, 23, 20][7, 28, 25][2, 21, 6][27, 2, 29][20, 24][5, 21][13, 18] 
[2, 16, 27, 7, 14, 20, 23, 3][3, 9, 1, 24, 20, 7, 27][25, 11, 14, 4, 7, 28][15, 10, 16, 7, 2, 29][2, 6, 13, 0, 22, 17][2, 27, 29, 10, 6, 13][0, 26, 8, 12, 22][22, 18, 12, 8, 26][3, 11, 17, 19, 22][6, 5, 21][8, 19, 18][12, 17] 
[24, 20, 23, 3, 1, 9, 14, 4, 7, 28, 0, 13, 6, 10, 29][16, 7, 20, 4, 24, 23, 9, 3, 11, 17, 22, 0, 12, 8, 26][5, 21, 15, 29, 2, 7, 20, 23, 1, 3, 14, 11, 17, 12, 8][4, 7, 10, 15, 5, 6, 13, 18, 22, 19, 12, 0, 26, 8][1, 24, 7, 25, 22, 17, 19, 8, 26, 0, 13, 6, 21][2, 10, 21, 5, 6, 15, 27, 7, 14, 1, 9, 23, 4][7, 24, 23, 1, 3, 11, 25][15, 16, 28, 0, 19, 18][15, 16, 28, 0, 18][3, 11][2, 16][2, 16] 
[16, 15, 21, 5, 6, 2, 29, 27, 7, 14, 23, 3, 1, 4, 20][19, 0, 18, 17, 28, 25, 11, 14, 3, 9, 1, 24, 4, 23, 20][5, 21, 6, 15, 29, 10, 16, 27, 7, 25, 0, 19, 17, 22][11, 25, 28, 16, 15, 5, 21, 10, 2, 27, 7, 4, 24][12, 22][7, 16][2, 10][10, 27][13, 18][8, 26][1, 23][0, 26] 
[3, 11, 25, 28, 17, 19, 18, 13, 6, 15, 10, 27][4, 14, 3, 23, 20, 24, 7, 16, 2, 15, 21][2, 27, 15, 10, 7, 14, 24, 1, 9][8, 26, 0, 22, 12][8, 19][27, 29][10, 16][1, 3][5, 6][10, 15][1, 9][10, 21] 
[16, 27, 2, 21, 5, 6, 13, 18, 19, 12, 8, 26, 0, 17][8, 19, 22, 17, 11, 14, 24, 4, 3, 9, 23, 20, 7, 16][0, 18, 22, 25, 11, 3, 9, 14, 7, 16, 6, 5, 15, 10][23, 14, 11, 25, 0, 18, 12, 17, 28, 7, 2, 15, 27][13, 6, 15, 16, 28, 0, 22, 17, 11, 25, 7, 20][4, 7, 27, 10, 6, 13, 0, 26, 8][8, 19, 17, 18, 0, 12][4, 1, 24, 14, 11][15, 21][15, 29][10, 16][15, 29] 
[5, 21, 15, 29, 2, 7, 20, 23, 1, 3, 14, 11, 17, 12, 8][24, 20, 23, 3, 1, 9, 14, 4, 7, 28, 0, 13, 6, 10, 29][6, 13, 18, 12, 22, 19, 17, 28, 7, 16, 27, 29, 2, 15, 10][3, 14, 11, 25, 7, 27, 2, 29, 15, 6, 13, 0, 19, 8, 26][1, 24, 4, 7, 25, 22, 17, 19, 12, 8, 26, 0, 13, 6][7, 10, 15, 5, 21, 6, 13, 18, 22, 19, 12, 0, 26, 8][17, 0, 13, 6, 10, 27, 7, 24, 1, 3, 4, 23, 14, 20][20, 4, 24, 23, 9, 3, 11, 17, 22, 0, 12, 8, 26][4, 23, 9, 3, 1, 14, 7, 27, 15, 6][15, 21][7, 25][1, 9] 
[25, 11, 14, 4, 7, 28][15, 10, 16, 7, 2, 29][22, 18, 12, 8, 26][9, 1, 24, 20][0, 13, 6][6, 5, 21][14, 20, 23][3, 11, 17][0, 26][18, 19][12, 17][2, 27] 
[3, 11, 25, 28, 17, 19, 18, 13, 6, 15, 10, 27][4, 14, 3, 23, 20, 24, 7, 16, 2, 15, 21][2, 27, 15, 10, 7, 14, 24, 1, 9][8, 26, 0, 22, 12][8, 19][27, 29][10, 16][1, 3][5, 6][10, 15][1, 9][10, 21] 
[14, 1, 4, 24, 3, 11, 17, 22, 25, 28, 0, 18, 12, 8, 26][8, 12, 19, 22, 17, 11, 14, 24, 4, 3, 1, 9, 23][4, 20, 24, 1, 23, 3, 11, 17, 18, 0, 26, 8, 19][13, 6, 5, 21, 2, 27, 7, 10, 15, 16][10, 15][3, 9][2, 29][2, 29][16, 28][4, 14][8, 26][1, 9] 
[8, 26, 0, 22, 12, 18, 19, 17, 28, 7, 4, 14, 3, 1, 23][1, 3, 23, 4, 14, 11, 25, 0, 28, 17, 22, 19, 12, 8, 26][3, 11, 25, 28, 17, 19, 18, 13, 6, 16, 15, 21, 10, 29, 27][5, 6, 13, 0, 28, 25, 22, 17, 11, 3, 4, 20, 14, 9, 23][10, 15, 29, 2, 21, 5, 6, 13, 0, 25, 22, 19, 12, 8, 26][4, 14, 9, 1, 3, 23, 20, 24, 7, 16, 2, 15, 21, 10][14, 20, 4, 7, 16, 15, 6, 21, 2, 29, 10, 27][8, 19][15, 16][1, 9][1, 9][10, 21] 
[4, 3, 24, 23, 14, 7, 27, 10, 16, 6, 15, 29, 2, 21, 5][13, 6, 21, 5, 15, 10, 2, 7, 4, 14, 11, 17, 22, 25, 28][3, 23, 24, 7, 27, 15, 16, 28, 0, 19, 18, 17, 12, 8, 26][18, 17, 28, 16, 27, 7, 14, 3, 11, 25, 0, 22, 12, 8, 19][2, 6, 5, 15, 29, 27, 16, 7, 24, 20, 23, 3, 1, 9, 14][1, 24, 20, 7, 28, 25, 22, 0, 18, 19, 12, 17, 11, 3, 4][5, 6, 13, 18, 0, 17, 22, 12, 19, 8, 26][13, 6, 21, 5, 15, 10, 29][1, 3][2, 16][8, 12][1, 9] 
[2, 6, 10, 16, 28, 25, 22, 19, 17, 11, 3][2, 16, 27, 7, 14, 20, 23, 3][3, 9, 1, 24, 20, 7, 27][25, 11, 14, 4, 7, 28][15, 10, 16, 7, 2, 29][2, 6, 13, 0, 22, 17][2, 27, 29, 10, 6, 13][0, 26, 8, 12, 22][22, 18, 12, 8, 26][6, 5, 21][8, 19, 18][12, 17] 
