85449.48058501497 18895.10712842788 0.06745115913721998 1.44386797630873E-5 95.0 225.0 5.43394777265745 
53125.0 11733.818020703267 0.3044315992292871 0.3134232498394348 56.0 74.0 0.0 
104295.0 11035.71428571428 0.42262416314560286 0.17598233533866683 112.0 72.0 0.0 
95147.51025029908 16536.686642986413 0.12845215157353887 0.006422607578676943 101.0 211.0 3.9916666666666663 
83150.0 7503.5538397004675 0.2691624498968546 0.23185613359023763 100.0 87.0 1.0666666666666667 
99276.97727163578 11123.166469570702 0.26011560693641617 0.015414258188824663 122.0 125.0 3.9305006105006104 
101910.0 9790.234255567035 0.18819816300959266 0.008349390233781881 97.0 89.0 1.606015037593985 
35500.0 12362.962979902853 0.0905587668593449 0.5561978163134232 33.0 76.0 0.0 
87066.2295521002 21848.15367075842 0.08477842003853564 0.0 82.0 218.0 5.159188034188034 
99737.24886606509 13884.828344254796 0.10472381676460157 5.173377219313396E-5 111.0 197.0 5.250058072009292 
103745.0 7264.986153120411 0.21453085408216813 3.8150185534962776E-10 113.0 89.0 2.685714285714286 
38130.0 11034.733206462368 0.15478484264611433 0.49582530507385997 41.0 74.0 0.3643724696356275 
102364.57792264529 12052.838966292275 0.08093525046313312 0.0 123.0 163.0 4.309523809523809 
77155.0 11361.224324104895 0.3481053307642903 0.06872190109184328 75.0 67.0 0.0 
89202.35160042655 9565.127117064612 0.29483366121841453 0.06682308624237858 105.0 97.0 2.538095238095238 
70580.0 13887.479253302537 0.21258831085420682 0.15028901734104047 61.0 83.0 0.6781609195402298 
115996.9161319075 14501.69076506991 0.06620326542364255 5.939983887793704E-6 129.0 201.0 4.977848532494759 
92971.94370469963 8216.096385709347 0.18883984836769677 0.04945407975474107 136.0 117.0 3.7039617257008564 
122271.60468519895 13838.621538708116 0.16184971098265896 0.005138086062941554 108.0 132.0 2.1642857142857146 
87661.24783827834 12326.863499909448 0.1573670099885847 0.041105018555796555 116.0 131.0 2.8948412698412698 
139335.0 7924.791347892613 0.42132305716120744 0.06679511881824021 133.0 77.0 0.0 
115455.0 10650.255102040814 0.5022479126525369 0.2113037893384714 98.0 71.0 0.0 
112533.52349724494 12645.235354560209 0.08285163776493257 0.0 121.0 167.0 4.840456093062846 
92023.90195013293 18038.057058817205 0.07321772639691715 0.0 94.0 174.0 4.962600732600733 
87425.0 7923.696380620137 0.1361803181108871 0.20616570327552985 93.0 90.0 2.2800000000000002 
85134.86570142256 13328.41912266137 0.15933173531266795 0.011571501112303232 102.0 140.0 3.4656581168377905 
86302.75608790558 10092.80093170854 0.1400432876325823 0.0057942067832141 127.0 149.0 4.547678758023586 
87000.52539897292 14877.575230275279 0.11689145793192036 0.0 90.0 148.0 4.544080681405636 
106655.0 7164.449937113838 0.17790622992935132 0.03789338471419396 118.0 89.0 2.2866502866502865 
107112.51508913217 13267.428335747138 0.0802929072054892 0.0 130.0 219.0 4.7551544168392 
89005.3564470374 17214.76147773925 0.04817574527704816 0.0 92.0 203.0 5.236814925870398 
48970.0 8417.423052306976 0.07064868336544637 0.4039820166987797 60.0 89.0 2.15968992248062 
92695.04848373981 15247.53766184002 0.05523442517662171 0.0 112.0 223.0 5.241841491841492 
112480.0 7774.87922705314 0.22864482980089917 0.07707129094412331 112.0 79.0 0.0 
103472.81570551859 16957.178933085743 0.01734327055271774 6.570309731021366E-10 128.0 252.0 5.633720930232558 
40605.0 9690.557131759353 0.16187050660713467 0.47533401069889064 44.0 76.0 1.5157894736842104 
134860.0 7922.189227610174 0.21579961464354527 0.10533076429030186 139.0 85.0 0.0 
112270.0 10377.06610734845 0.39755940912010274 0.08413615928066795 103.0 75.0 0.0 
109758.07651255107 13139.502767320368 0.1021727611319153 0.0025694568762056414 138.0 153.0 3.3723826409996622 
78885.0 7995.665537157235 0.2325288367655303 0.11883210016792828 88.0 85.0 1.2592592592592593 
70855.0 9461.503822914789 0.3281952472703918 0.11368015414258188 82.0 75.0 1.4166666666666667 
95228.79436764527 12662.232014676134 0.13552460988949566 0.0 88.0 129.0 2.8897559767124985 
92143.90835557817 12865.724583566156 0.10340398201669879 0.01348747591522158 94.0 134.0 3.0761261261261263 
54335.0 9098.156575068835 0.1381296260131775 0.34875848218144173 62.0 72.0 1.1111111111111112 
109983.50271934048 15508.44895683703 0.06358381502890173 0.0 116.0 192.0 4.802018204457229 
88436.94306867846 20094.498672410056 0.046892460304201425 0.0 86.0 218.0 4.726528875713658 
126950.86457629572 11945.289858810895 0.3102519623736564 0.0012846947080326844 132.0 136.0 2.4235576923076922 
139202.35473592818 15466.630389041677 0.025051387790049767 2.7224852304975932E-15 130.0 215.0 5.119551115723922 
106937.92829194346 16752.751524647454 0.046885035324341684 0.0 115.0 237.0 4.858814933041108 
132960.0 10030.062553682781 0.19460500963391136 0.11689145793192036 115.0 85.0 1.0512820512820513 
56870.75435323232 12454.629697574817 0.40722393183718925 0.2704555595820617 54.0 77.0 0.0 
89731.96805297484 13530.407732608757 0.15157353885677585 0.0 93.0 123.0 3.058008658008658 
82395.0 11500.891996142722 0.32947976878612717 0.046242774566473986 77.0 65.0 0.0 
128830.0 8967.977245483598 0.4020552344251766 0.037251123956326265 122.0 85.0 1.1388888888888888 
109080.0 9088.251870870774 0.4296724470134875 0.0 115.0 89.0 1.0625 
68220.0 11533.365192776117 0.20166987797045602 0.1708413615928067 61.0 86.0 2.4 
73150.0 11210.2603983785 0.16828279603291574 0.15801611138129787 80.0 70.0 0.0 
168770.0 8160.861456342979 0.2954756710222423 0.028266073328276096 138.0 78.0 2.7004048582995948 
75545.0 8652.8340772001 0.16056518946692358 0.30828516377649323 94.0 99.0 2.510590858416945 
98865.14207539556 17351.643822891358 0.01348747591522158 0.0 94.0 216.0 5.626135569531796 
119110.0 7880.984703662819 0.37508028259473347 0.05138086062941554 143.0 79.0 2.0 
83456.17271859331 16100.618631760555 0.1329479768786127 0.0 79.0 138.0 3.698051948051948 
131671.0995737007 15790.632716778444 0.06102261048304214 0.0 121.0 175.0 4.753484320557491 
63465.0 10653.806596552336 0.3500321130378934 0.23763648041104687 57.0 73.0 0.0 
47140.0 12679.974348372512 0.2749135124233018 0.4027474165235479 42.0 70.0 0.0 
147840.0 7179.2220591110445 0.4149491291344949 0.03725417680835369 141.0 85.0 2.108108108108108 
97970.3083152146 9184.390238381273 0.1926782273603083 0.0 134.0 126.0 3.9761904761904763 
44955.0 9104.688644688646 0.07257546563904946 0.4296724470134875 48.0 83.0 0.0 
60700.0 9824.49728001002 0.3038284485692963 0.3230923925229107 66.0 95.0 3.2222222222222223 
109999.99999999999 6632.059862976545 0.14515093127809892 0.14450867052023122 120.0 92.0 3.2 
32030.0 12870.888428279904 0.1894669235709698 0.5439948619139371 27.0 70.0 0.0 
195205.14645641725 7527.899301791161 0.3462236000765773 0.0 202.0 151.0 4.912928456406718 
177710.0 8787.41154858506 0.41494541196057005 0.00322178126091833 173.0 89.0 1.32 
71790.2632756521 16593.93979604828 0.10727388325754927 0.11240512195563464 72.0 140.0 2.739522685549436 
66270.0 9311.906986774007 0.28005258535736227 0.21772639691714837 76.0 77.0 0.0 
130936.964432615 12746.73928630601 0.0680796403339756 6.422607578676942E-4 127.0 145.0 2.7219392516373904 
58530.0 7657.557143433672 0.18882466281310212 0.3243416827231856 70.0 84.0 2.401559454191033 
122632.882582575 9875.9194793749 0.15993827933697413 1.2080892086071547E-9 135.0 127.0 2.205531914893617 
160420.0 8096.244285672378 0.2780989081567116 0.05138086062941554 134.0 74.0 2.1565452091767883 
65025.0 13811.514773209876 0.11881824020552344 0.25305073859987154 59.0 104.0 2.293103448275862 
163755.0 5777.292363207773 0.380218368657675 0.03596660244059088 175.0 93.0 3.369565217391304 
78102.17770495595 14285.326689918034 0.1291100885183299 0.02248061152134125 81.0 121.0 2.300112930547713 
133897.23434095818 12722.221313646569 0.031474242571260906 0.0 138.0 241.0 5.105635135987884 
67059.22656952188 16362.810636172619 0.06294823733597976 0.13874614621595643 78.0 162.0 3.2257187257187256 
175740.0 6821.723146887907 0.23892100192678228 0.012202954399486191 172.0 91.0 2.2004716981132075 
29375.0 9722.412376779848 0.11368015414258188 0.603082851637765 38.0 73.0 1.0444444444444445 
122615.0 5800.990736929237 0.15928066795118817 0.029543994861913937 149.0 99.0 3.8533653846153846 
173810.00000000006 11640.634066968158 0.3050738599871548 0.0 141.0 104.0 4.578947368421053 
52355.0 6995.681917955219 0.10918432883750803 0.3815028901734104 68.0 83.0 3.066666666666667 
126665.0 5200.879828359177 0.14065510597302505 0.03789338471419396 143.0 83.0 3.051282051282051 
155360.0 6186.335424534143 0.44508670520231214 0.010276172125883108 162.0 91.0 3.2 
114730.0 6568.948296122208 0.19588953114964675 0.0674373795761079 122.0 81.0 2.0 
63595.0 7645.087876628013 0.30190306861171623 0.30317752465651493 77.0 105.0 3.6222222222222222 
42950.0 12860.80052311075 0.11754898114838863 0.4457953782800364 42.0 97.0 1.5782493368700266 
150865.0 5639.609326100126 0.3622350674373796 0.03789338471419396 161.0 90.0 2.4333333333333336 
58914.26743905764 14223.6068456448 0.28516377649325625 0.2132305716120745 64.0 131.0 4.0 
95910.0 6184.250071641454 0.2119460500963391 0.023121387283236993 119.0 79.0 2.137142857142857 
82893.57471866484 21388.398591006415 0.07578676942838793 0.0 83.0 212.0 4.923862323862323 
34345.0 9421.30106880284 0.1438664097623635 0.5606936416184971 42.0 75.0 1.0888888888888888 
28985.0 12598.880562451373 0.12652536929993577 0.575465639049454 26.0 69.0 0.0 
134130.0 5699.410393359035 0.17212588310854207 0.006422607578676943 141.0 87.0 3.3846153846153846 
170640.19904121352 6102.605723210183 0.4181639757302158 0.0 177.0 113.0 3.6770186335403725 
79203.69641128748 18855.183169099942 0.12203911519834505 0.0115606936416185 82.0 167.0 3.66677959721438 
187455.0 8693.781453893742 0.3577449353481707 0.02697495183044316 168.0 88.0 1.4530795072788354 
76449.9567922554 16642.015688748223 0.12846848826718318 0.08543017012519147 78.0 144.0 3.1839671299938805 
69325.0 7234.897285637868 0.3044721119716793 0.274275790859908 105.0 119.0 4.451207729468599 
159070.0 4605.454234795294 0.4258188824662813 0.0 187.0 89.0 4.151388888888889 
91630.0 6278.459099211381 0.26011560693641617 0.2113037893384714 112.0 92.0 2.1555555555555554 
99830.0 6151.084208798731 0.1715066432853399 0.023124357656682745 133.0 93.0 3.9182072829131656 
184309.99999999997 6076.364883383479 0.40655105973025046 0.0 189.0 119.0 4.1521739130434785 
26195.0 10951.533406352686 0.12395632626846499 0.6107899807321773 35.0 68.0 0.0 
190195.0 5596.131478491712 0.37897031204302856 0.023766453033496147 165.0 101.0 4.085080988917306 
