87209.51601628157 16838.322355448032 0.07130002026454807 0.0 84.0 207.0 4.647635697635698 
25140.0 12012.621089711685 0.06486833654463713 0.6043673731535003 23.0 69.0 0.0 
45300.0 11431.547645664716 0.1920359666024406 0.33590237636480413 43.0 66.0 0.0 
92335.0 7647.509937915941 0.11689145793192036 0.03789338471419396 93.0 88.0 3.0 
82420.0 8240.035424432697 0.18304431599229287 0.04945407835581246 86.0 72.0 0.0 
94852.03511358124 11308.100825613807 0.13296406433497548 0.03533712914803718 97.0 94.0 1.125 
92769.39924561925 12061.9006562402 0.07836587872559368 5.7709255467230195E-27 109.0 210.0 4.4186260280599905 
76235.0 8010.671911753256 0.15863840719332048 0.13680154142581888 97.0 100.0 2.7796101949025487 
55530.0 8393.985270049101 0.07964033397559409 0.32883750802825945 58.0 76.0 2.0 
79220.0 9474.70068908408 0.2774838742432717 0.20427588527904408 80.0 97.0 3.58155500413565 
76930.0 9027.994478695993 0.23121387283236994 0.07642903018625562 82.0 81.0 0.0 
61585.0 8219.784042518648 0.12845215157353887 0.2825947334617855 64.0 76.0 1.0666666666666667 
66040.0 9926.863030696803 0.3500321130378934 0.2003853564547206 65.0 76.0 0.0 
66070.04059864389 13339.2009183502 0.1220447262959792 0.22931959925429915 69.0 108.0 3.5419117647058824 
88087.66187431481 13272.463035536119 0.11690647482014385 0.037898252826310375 94.0 161.0 2.452127659574468 
71890.0 11060.926464482116 0.10406175273249571 0.15287802531835631 75.0 93.0 0.4925925925925926 
41760.0 12329.532694877924 0.08992888281664406 0.3764131549994072 43.0 81.0 0.8376920562275254 
66750.0 11819.298871806668 0.24149004495825305 0.12845215157353887 58.0 80.0 0.5115089514066496 
84425.0 9475.198032989381 0.14258188824662812 0.03789338471419396 79.0 85.0 2.6904761904761907 
92580.0 7092.352736549164 0.10982658959537572 0.1252408477842004 95.0 81.0 1.0666666666666667 
76145.0 10330.389062537592 0.12204332326962436 0.16441908607970301 69.0 88.0 0.6904761904761905 
86887.21555851029 16752.769441145043 0.07065784200645658 0.0 85.0 209.0 4.657159507159507 
25140.0 12012.621089711685 0.06486833654463713 0.6043673731535003 23.0 69.0 0.0 
41305.0 11648.082093376224 0.21901091843288376 0.3924213230571612 49.0 71.0 0.0 
112035.0 6829.082804843 0.10021545109044441 0.015426057172234178 143.0 110.0 4.348484848484849 
82420.0 8240.035424432697 0.18304431599229287 0.04945407835581246 86.0 72.0 0.0 
92803.94930683046 12110.729673468126 0.07836447656855157 2.1197270354587955E-11 109.0 220.0 4.4186260280599905 
81330.0 7771.808125276595 0.17728591703718122 0.09185508735868445 91.0 85.0 3.3571428571428568 
55530.0 8393.985270049101 0.07964033397559409 0.32883750802825945 58.0 76.0 2.0 
72780.0 10065.612824288864 0.2626969424345436 0.0757887494230172 92.0 104.0 3.735294117647059 
73880.0 8216.060789812776 0.1804956504055483 0.14709528600403673 83.0 90.0 2.0 
61585.0 8219.784042518648 0.12845215157353887 0.2825947334617855 64.0 76.0 1.0666666666666667 
65264.36636592883 12750.191958960248 0.1381017398492352 0.22931654715468905 62.0 101.0 2.9678282182438194 
88652.86773084982 12849.887599554088 0.11690647482014385 0.037898252826310375 96.0 161.0 2.4038820455393806 
72970.0 11373.766236996658 0.09892366666955416 0.15095124304475324 76.0 98.0 1.025 
41760.0 12329.532694877924 0.08992888281664406 0.3764131549994072 43.0 81.0 0.8376920562275254 
66750.0 11819.07523967168 0.24152024386092427 0.12846865364823748 58.0 80.0 0.5115089514066496 
92580.0 7090.3608573629745 0.10982658959537572 0.1252408477842004 95.0 81.0 1.08 
86887.21555851029 16752.769441145043 0.07065784200645658 0.0 85.0 209.0 4.657159507159507 
25140.0 12012.621089711685 0.06486833654463713 0.6043673731535003 23.0 69.0 0.0 
46550.0 11889.421881871549 0.2813102119460501 0.3917790622992935 41.0 69.0 0.0 
82420.0 8240.035424432697 0.18304431599229287 0.04945407835581246 86.0 72.0 0.0 
91411.30037242897 12631.092669694457 0.07836604372512025 3.497540121429433E-19 110.0 227.0 4.4186260280599905 
81330.0 7771.808125276595 0.17728673910972015 0.09185508584307964 91.0 85.0 3.3571428571428568 
55530.0 8393.985270049101 0.07964033397559409 0.32883750802825945 58.0 76.0 2.0 
60193.889222763006 12135.560155411114 0.2761721258831085 0.26140012845215155 86.0 114.0 3.457737305139682 
73880.0 8216.060789812776 0.1804956504055483 0.14709528600403673 83.0 90.0 2.0 
64460.0 8679.01669119586 0.21196098386989676 0.2877668973581098 63.0 79.0 1.2 
65130.0 11844.020808956204 0.11625942714630387 0.26529593288478204 66.0 93.0 3.1228070175438596 
88652.86773084982 12849.887599554088 0.11690647482014385 0.037898252826310375 96.0 161.0 2.4038820455393806 
72270.0 11506.745523186493 0.1001926782273603 0.15093127809890816 73.0 88.0 1.1954545454545453 
41680.0 11947.906928800274 0.08671634121274409 0.3879753340184995 42.0 76.0 0.5115089514066496 
66750.0 11839.485960995327 0.24341682723185612 0.12845215157353887 58.0 80.0 0.4805491990846682 
86110.0 8307.3329553923 0.12011951115781425 0.04946043165467626 102.0 88.0 0.7098214285714286 
86862.04222916589 16760.43912872029 0.07065775950668038 0.0 85.0 209.0 4.657159507159507 
25140.0 12012.621089711685 0.06486833654463713 0.6043673731535003 23.0 69.0 0.0 
52910.0 11388.109914915787 0.2800256904303147 0.34617854849068724 47.0 68.0 0.0 
82320.0 8212.679403490289 0.1727916563026323 0.04946043083858134 91.0 78.0 0.0 
91457.29734047187 12755.134506796274 0.07836587872559096 7.412878030472729E-31 110.0 228.0 4.4186260280599905 
81330.0 7771.808125276595 0.17728673910972015 0.09185508584307964 91.0 85.0 3.3571428571428568 
55530.0 8393.985270049101 0.07964033397559409 0.32883750802825945 58.0 76.0 2.0 
88755.0 11983.18483119281 0.26656544139139027 0.0032482680345292674 102.0 120.0 3.3935897435897435 
73880.0 8216.060789812776 0.1804956504055483 0.14709528600403673 83.0 90.0 2.0 
64460.0 8679.01669119586 0.21196098386989676 0.2877668973581098 63.0 79.0 1.2 
65356.666666666664 12613.001873045063 0.1181909132212134 0.2633609885591374 66.0 98.0 3.22280701754386 
88517.50731897098 13096.415816370965 0.1169064748198961 0.03789825282623006 95.0 167.0 2.5884912959381046 
71450.0 10501.83651956209 0.12075772943695177 0.15544649341593383 71.0 76.0 0.0 
41680.0 11947.906928800274 0.08671634121274409 0.3879753340184995 42.0 76.0 0.5115089514066496 
66750.0 11839.479080894504 0.24344809464704326 0.12846865152878273 58.0 80.0 0.4805491990846682 
82660.0 8797.52863143223 0.09893166914784743 0.04946043083858134 101.0 95.0 0.7389162561576355 
86862.04222916589 16760.43912872029 0.07065775950668038 0.0 85.0 209.0 4.657159507159507 
25140.0 12012.621089711685 0.06486833654463713 0.6043673731535003 23.0 69.0 0.0 
38910.0 10463.182485076195 0.18368657675016056 0.4720616570327553 40.0 72.0 1.1176470588235294 
82420.0 8234.355472345218 0.1753539373726761 0.04946043165457143 88.0 75.0 0.37617554858934166 
91443.22144126517 12758.680819411064 0.0783658787467855 4.4926655381238706E-23 110.0 229.0 4.4186260280599905 
81330.0 7771.808125276595 0.17728673910972015 0.09185508584307964 91.0 85.0 3.3571428571428568 
55530.0 8393.985270049101 0.07964033397559409 0.32883750802825945 58.0 76.0 2.0 
80145.0 9145.021287323976 0.19460500963391136 0.09762363519588953 81.0 80.0 2.3333333333333335 
64460.0 8679.01669119586 0.21196098386989676 0.2877668973581098 63.0 79.0 1.2 
65055.0 14102.20558011194 0.1265410462076167 0.2344546332176306 65.0 102.0 2.9891339869281044 
85277.42628942967 14744.692523816742 0.10148726600882796 9.522001323664391E-35 95.0 191.0 3.540409904560848 
91335.0 11822.03983558284 0.13359023763648042 0.03982016698779704 96.0 101.0 2.357142857142857 
41680.0 11947.906928800274 0.08671634121274409 0.3879753340184995 42.0 76.0 0.5115089514066496 
66750.0 11839.479080894504 0.24344809464704326 0.12846865152878273 58.0 80.0 0.4805491990846682 
83920.0 8162.353868821329 0.13040244628336445 0.04946043083858134 94.0 82.0 0.5402298850574713 
86862.35869012275 16760.40436734959 0.07065775950668038 0.0 85.0 209.0 4.657159507159507 
25140.0 12012.621089711685 0.06486833654463713 0.6043673731535003 23.0 69.0 0.0 
54258.41558481265 11450.111026845232 0.2716846330554328 0.3346954871384912 46.0 73.0 1.1818181818181819 
78835.0 8298.469553269852 0.18884528961202018 0.061663880236837845 82.0 69.0 0.0 
91449.6792518863 12759.024028666621 0.07836587872559096 1.223121557310776E-38 110.0 229.0 4.4186260280599905 
80066.45844226817 9116.895832492879 0.17086413445589077 0.0918550873584898 91.0 87.0 2.8571428571428568 
55530.0 8393.985270049101 0.07964033397559409 0.32883750802825945 58.0 76.0 2.0 
115117.74246388042 12658.643627435502 0.32178419125020125 4.835107964025783E-5 135.0 138.0 3.189208966945099 
64460.0 8679.01669119586 0.21196123197343883 0.287766648810348 63.0 79.0 1.2 
63715.0 11733.174550045394 0.10404624277456648 0.26525369299935775 69.0 108.0 3.461229946524064 
84142.10625358054 16615.854561950582 0.07065751247369166 2.1197270354587955E-11 89.0 201.0 4.259990324141268 
89945.5275283096 11280.939905392808 0.18371124418325013 0.018632409459589338 97.0 96.0 1.1388888888888888 
41680.0 11947.816658168214 0.08671675387062512 0.38797384883172764 42.0 76.0 0.5115089514066496 
66750.0 11839.479080894504 0.24344809464704326 0.12846865152878273 58.0 80.0 0.4805491990846682 
97440.0 8099.185465973543 0.13745790964542007 0.09378615810504613 103.0 86.0 1.08 
55530.0 8393.985270049101 0.07964033397559409 0.32883750802825945 58.0 76.0 2.0 
90488.7410334599 14978.598604533696 0.07771355170199101 0.0038535645472061657 107.0 191.0 3.9027777777777777 
66750.0 11839.479080894504 0.24344809464704326 0.12846865152878273 58.0 80.0 0.4805491990846682 
85460.0 8393.780383185589 0.1252408477842004 0.09955041746949261 92.0 72.0 0.0 
28710.0 11860.928705440903 0.10789980732177264 0.565189466923571 26.0 68.0 0.0 
86623.69353225097 10985.014420426967 0.11690647482014385 0.037898252826310375 98.0 138.0 2.3839458413926495 
86862.35869012275 16760.40436734959 0.07065775950668038 0.0 85.0 209.0 4.657159507159507 
80640.60109289995 11918.535761968491 0.14001284521515736 0.01348747591522158 82.0 101.0 2.928205128205128 
64460.0 8679.01669119586 0.21198169349701262 0.2877590592017057 63.0 79.0 1.2 
91449.26115617884 12759.066470901838 0.07836587872559096 9.522001323664391E-35 110.0 229.0 4.4186260280599905 
95466.09375000001 9122.785271643625 0.09569685292228645 0.015414258188824663 117.0 119.0 4.557278083647252 
45940.0 12579.452126814573 0.09185426235032365 0.3648509763617677 44.0 79.0 0.4327485380116959 
