88776.63778722128 17166.255394872114 0.025704209801662114 1.2954256035783998E-5 83.0 197.0 5.05982905982906 
25140.0 12012.621089711685 0.06486833654463713 0.6043673731535003 23.0 69.0 0.0 
40350.0 10967.469703214882 0.18689788053949905 0.37636480411046885 38.0 63.0 0.0 
80935.0 8271.693814636288 0.1297532576852472 0.06936721548605508 96.0 83.0 3.502652519893899 
80520.0 10293.310838307108 0.09762363519588953 0.3969171483622351 86.0 78.0 0.0 
78835.0 8298.46955326985 0.18882466281310212 0.06165703275529865 82.0 69.0 0.0 
93820.62242589262 14155.36510022802 0.07064868336544637 0.0 109.0 188.0 5.23544061302682 
73975.0 8478.12890780434 0.12845215157353887 0.11560693641618497 86.0 83.0 3.0411140583554377 
97956.59200340437 12639.93113963158 0.10662898252812834 3.1172456403607654E-13 132.0 209.0 3.7559789045381744 
50900.0 8474.694422439421 0.07258404752342713 0.36998699966533793 61.0 77.0 2.5333333333333337 
49665.0 9625.576732277677 0.09699226551075718 0.3738405642126135 62.0 70.0 1.12 
43300.0 8934.568179259093 0.09827769542504565 0.44899546919005917 49.0 77.0 0.0 
65695.0 8187.5035717220235 0.2697495183044316 0.16249197174052665 71.0 84.0 2.9298245614035086 
68230.0 8894.09455309527 0.32374125289174405 0.12847145727436207 88.0 77.0 1.08 
46455.0 9702.77857942231 0.18689788053949905 0.3249839434810533 54.0 65.0 1.0689655172413792 
68762.58373206209 13095.831631928295 0.11176657356077595 0.10277492295061189 66.0 98.0 2.590909090909091 
73748.56514150657 17603.36431846769 0.1046949392252226 0.14709660842723196 73.0 166.0 2.58033381712627 
84128.1159955776 14013.96600765621 0.2158100934505314 0.009038764076561056 91.0 137.0 2.3256743256743255 
45120.0 13163.563855301622 0.07965056511369517 0.3719167521110617 43.0 96.0 1.0285714285714285 
59810.0 11294.150746596399 0.208123426399173 0.18434748549926214 53.0 70.0 0.0 
105807.81164342519 11148.645260503637 0.13424776318434892 0.03211303944058668 99.0 111.0 4.323597455176403 
92580.0 7090.3608573629745 0.10982658959537572 0.1252408477842004 95.0 81.0 1.08 
69220.0 10340.205405543009 0.31278882754589793 0.17276814386640976 66.0 70.0 0.0 
66942.5 11894.794558278834 0.12398083123475058 0.1458152206737091 63.0 84.0 0.17692307692307693 
90219.90771699215 17163.626071240848 0.05973289081369092 4.530221031407353E-25 83.0 186.0 4.80982905982906 
27830.0 11764.714703976982 0.09506614320341411 0.576824255336269 27.0 69.0 0.0 
41675.0 11552.517011023558 0.1913937058445729 0.3673731535003211 40.0 63.0 0.0 
80935.0 8271.629699337926 0.1297533401849935 0.06937307297009862 96.0 83.0 3.502652519893899 
81845.0 8186.938676967647 0.18882466281310212 0.0680796403339756 85.0 69.0 0.0 
95960.13899450819 14439.183941894378 0.07130167220982107 1.1233110185294595E-9 110.0 204.0 4.93493485168362 
74951.25530486663 10200.094831447585 0.09699317342168184 0.14838591554495117 92.0 103.0 3.0172413793103448 
52290.0 8529.405635771293 0.07068473693349595 0.3584005662524981 62.0 79.0 2.7226890756302518 
44510.0 8849.788554430665 0.1117670684534088 0.4265169204812784 61.0 100.0 1.2444444444444445 
43300.0 8934.568179259093 0.09827769542504565 0.44899546919005917 49.0 77.0 0.0 
59965.0 9337.267695138533 0.25305073859987154 0.2113037893384714 69.0 89.0 3.193121693121693 
64530.0 9247.871704687053 0.3256537622271375 0.15029488090876444 78.0 73.0 1.08 
48640.0 10057.531930596948 0.22093770070648683 0.29736673089274246 54.0 66.0 1.0689655172413792 
68629.09090050869 13243.07461103476 0.10727190322075283 0.10277492291881189 68.0 101.0 2.815384615384615 
71274.97974424328 17030.68396144321 0.0603789469323517 0.14709660842723196 77.0 166.0 2.6587024087024087 
45010.0 11954.170033172435 0.08093393046671361 0.3693459706490546 44.0 88.0 1.1904761904761905 
59810.0 11294.150746596399 0.20811921945104678 0.18435251733917782 53.0 70.0 0.0 
91090.00000000001 13112.420995451695 0.10728411326185232 0.020594338301863926 89.0 138.0 4.144458128078818 
96675.0 8725.372659837518 0.11112752856657876 0.05460132189391437 108.0 87.0 0.7916666666666666 
86875.0 10034.262436966379 0.2935131663455363 0.0224791265253693 78.0 70.0 1.8812820512820514 
72295.0 12797.224201939658 0.10983871788915855 0.14709891842127779 73.0 102.0 0.755050505050505 
85673.64525242664 18379.382366926227 0.025051387461460784 2.7455959512920608E-17 84.0 210.0 5.088151499916205 
27830.0 11764.714703976982 0.09506614320341411 0.576824255336269 27.0 69.0 0.0 
40535.0 11574.462198944388 0.1817597944765575 0.37700706486833657 39.0 63.0 0.0 
80935.0 8271.631607009667 0.12975449518186194 0.0693719179733282 96.0 83.0 3.502652519893899 
81845.0 8186.938676967647 0.18882466281310212 0.0680796403339756 85.0 69.0 0.0 
91744.13059719665 14439.589402046551 0.04882279109630399 8.167455691492781E-15 113.0 201.0 4.945804281179631 
78891.47192559039 12639.334055248466 0.13810941037822433 0.055282852545262474 94.0 125.0 3.935244066278549 
52290.0 8529.405635771293 0.07065726503787859 0.35842630602371944 62.0 79.0 2.7226890756302518 
45250.0 9321.693209994275 0.12138728323699421 0.4296724470134875 44.0 77.0 0.0 
68150.0 8771.26332226318 0.26207844277806885 0.19398181223836836 78.0 81.0 3.329861111111111 
68330.0 8928.3659473179 0.3340031520794175 0.12845801514126284 84.0 71.0 1.08 
51785.0 10012.131429846057 0.19910083493898523 0.35581245985870263 52.0 77.0 0.0 
68675.534188597 12488.92687130139 0.1162626465559675 0.10855551733433343 70.0 98.0 2.9515669515669516 
74403.15844099304 16520.849710916755 0.10470195182263652 0.14709660842754363 81.0 161.0 2.566892956911216 
46245.0 11824.394280481225 0.07065775950669943 0.3597122302158532 43.0 90.0 1.1904761904761905 
59810.0 11294.150746596399 0.20811921945104678 0.18435251733917782 53.0 70.0 0.0 
112730.0 6788.726738290411 0.12780989081567115 0.07129094412331406 124.0 89.0 1.2857142857142856 
126730.17515603961 12260.497109181133 0.4425176621708414 0.0 122.0 115.0 4.676496345664702 
76280.0 13136.981415168471 0.09827447593048402 0.16507990722075166 71.0 104.0 1.7471139971139973 
85672.91609557511 18380.218254497897 0.025051387472230947 2.1374464480808693E-13 84.0 210.0 5.088151499916205 
27830.0 11764.714703976982 0.09506680361505504 0.5768242548818673 27.0 69.0 0.0 
41540.0 11456.566303313046 0.18565329197841304 0.3686689010692347 42.0 65.0 0.0 
80935.0 8271.637436048666 0.12975507053937116 0.06937133933024206 96.0 83.0 3.502652519893899 
81845.0 8186.938676967647 0.18882466281310212 0.0680796403339756 85.0 69.0 0.0 
91764.073393105 14438.565860645656 0.048818088990506915 1.0491272564537932E-18 113.0 201.0 4.945804281179631 
87599.80775904891 12369.130118984887 0.07771355170199101 0.0 93.0 137.0 3.9474435858993586 
49490.0 8470.975551287038 0.07453590905078764 0.3815278114013934 61.0 74.0 2.3333333333333335 
43110.0 8896.037052463584 0.1066279097874663 0.43422594675262555 55.0 90.0 0.8888888888888888 
68150.0 8770.884489097642 0.26205196038169426 0.1940117598478869 78.0 81.0 3.329861111111111 
70250.0 8806.473556575813 0.312823892505084 0.12076152318755828 107.0 91.0 2.2055555555555557 
58610.0 9436.99415211043 0.21772639691714837 0.33397559409120103 57.0 87.0 1.2702702702702702 
69065.79592530597 12265.91022483209 0.12075995666622427 0.10855601226940712 70.0 96.0 2.815384615384615 
74403.15844099304 16520.849710916755 0.10470195182263652 0.14709660842754363 81.0 161.0 2.566892956911216 
46115.0 12392.061499314075 0.07064868336544637 0.3583815028901734 46.0 93.0 1.1904761904761905 
59810.0 11294.150746596399 0.20811921945104678 0.18435251733917782 53.0 70.0 0.0 
112730.0 6843.016715215043 0.12780989081567115 0.07129094412331406 124.0 82.0 1.1 
73115.0 10919.540618448525 0.15479829202802917 0.11818942870234884 69.0 72.0 2.0 
85671.81164326727 18381.83027505861 0.0250514713178936 1.6640020598309567E-9 84.0 210.0 5.088151499916205 
27830.0 11764.714703976982 0.09506680361505504 0.5768242548818673 27.0 69.0 0.0 
41540.0 11456.566303313046 0.18563720658856497 0.36870503132961713 42.0 65.0 0.0 
108337.21102033793 11085.933098181973 0.1188363901562917 1.2044967328026123E-5 104.0 118.0 4.6882591093117405 
83420.0 8240.035424432697 0.18304431599229287 0.04945407835581246 87.0 74.0 0.0 
102735.04647157212 14179.11335483629 0.03983369947350954 5.794168572555363E-7 109.0 193.0 5.088494667760459 
92874.50625875618 11563.254836506618 0.10919340381289216 0.0032113037893384713 109.0 152.0 5.0013904338153505 
49490.0 8471.699850855051 0.07451132751919506 0.3815489274972707 61.0 74.0 2.3333333333333335 
70620.0 9130.592346133195 0.3005871142886235 0.12849818889739917 81.0 91.0 3.4414390756302518 
60325.0 10208.702908917503 0.3448940269749518 0.1894669235709698 68.0 64.0 0.0 
57940.0 10139.70089554493 0.2029543994861914 0.340398201669878 52.0 74.0 1.1904761904761905 
69556.5759915411 13209.937748694281 0.10727330593955392 0.10084888323857842 71.0 104.0 3.405128205128205 
76959.99999999999 14596.714975584231 0.06679511881824021 0.147077713551702 81.0 150.0 2.4180960548885073 
45465.0 12052.084367203304 0.08157751238684796 0.36677833602782345 45.0 94.0 1.1904761904761905 
59810.0 11294.150746596399 0.20811921945104678 0.18435251733917782 53.0 70.0 0.0 
67505.0 8867.738564983836 0.1233140655105973 0.14964675658317278 72.0 70.0 0.0 
78479.99999999999 13596.187606825646 0.12140073242797979 0.14709660842754368 77.0 114.0 1.9786163522012579 
89193.82108531348 18395.759381867738 0.020554984583761562 5.819166385879708E-29 81.0 212.0 5.252136752136752 
27830.0 11764.714703976982 0.09506680361505504 0.5768242548818673 27.0 69.0 0.0 
46230.0 12198.217576475237 0.20618360965855803 0.324987000911103 42.0 65.0 0.0 
92905.0 8901.804347958996 0.2697495183044316 0.037251123956326265 82.0 68.0 1.1111111111111112 
102511.73656624403 14238.140706751576 0.06102904656757439 7.013657276032674E-6 120.0 206.0 5.71875 
89764.86925762799 12822.466496100687 0.06938082916769935 8.910897794507651E-6 102.0 156.0 4.671904614713697 
53715.0 8900.264051984062 0.08478700124470005 0.3487923951962099 62.0 79.0 2.8923076923076927 
68780.0 9476.059119379048 0.40141297366730894 0.1329479768786127 73.0 65.0 1.0833333333333333 
69365.53821134788 12796.808851814647 0.10470343820704327 0.10470244778579003 71.0 101.0 2.9515669515669516 
74835.08552056404 16860.270004603553 0.05010186835792414 0.147096606000768 82.0 174.0 2.7257883625808152 
45440.0 12400.478544762673 0.106625681943541 0.3719164220899999 41.0 81.0 0.0 
59810.0 11294.150746596399 0.20811921891065524 0.18435251798552849 53.0 70.0 0.0 
107210.0 7107.070658313505 0.16506101477199744 0.04174694926140013 126.0 91.0 1.2564102564102564 
