44780.0 9422.206661812788 0.22353545734840694 0.4143114080164439 52.0 76.0 0.0 
51985.0 9496.058473393983 0.22992935131663456 0.27874116891457934 56.0 65.0 0.0 
51985.0 9496.058473393983 0.22992935131663456 0.27874116891457934 56.0 65.0 0.0 
51985.0 9496.058473393983 0.22992935131663456 0.27874116891457934 56.0 65.0 0.0 
43425.0 9496.724122858308 0.22286448298008993 0.43288375080282593 44.0 70.0 0.0 
43425.0 9496.724122858308 0.22286448298008993 0.43288375080282593 44.0 70.0 0.0 
51725.0 9411.313516290627 0.3249839434810533 0.357096981374438 52.0 69.0 0.0 
43425.0 9496.724122858308 0.22286448298008993 0.43288375080282593 44.0 70.0 0.0 
43425.0 9496.724122858308 0.22289311040243803 0.4329393556519978 44.0 70.0 0.0 
43425.0 9496.724122858308 0.22289311040243803 0.4329393556519978 44.0 70.0 0.0 
44780.0 9422.206661812788 0.22353545734793323 0.4143114080155659 52.0 76.0 0.0 
51985.0 9496.058473393983 0.22995888623652108 0.27877697381745853 56.0 65.0 0.0 
51985.0 9496.058473393983 0.22992935131663456 0.27874116891457934 56.0 65.0 0.0 
43425.0 9496.724122858308 0.22289311040243803 0.4329393556519978 44.0 70.0 0.0 
43425.0 9496.724122858308 0.22286448298008993 0.43288375080282593 44.0 70.0 0.0 
43425.0 9496.724122858308 0.22286448298008993 0.43288375080282593 44.0 70.0 0.0 
44780.0 9422.206661812788 0.22353545734840694 0.4143114080164439 52.0 76.0 0.0 
51985.0 9496.058473393983 0.22995888623652108 0.27877697381745853 56.0 65.0 0.0 
43425.0 9496.724122858308 0.22286448298008993 0.43288375080282593 44.0 70.0 0.0 
44780.0 9422.206661812788 0.22350674373795762 0.4142581888246628 52.0 76.0 0.0 
44780.0 9422.206661812788 0.22350674373795762 0.4142581888246628 52.0 76.0 0.0 
51985.0 9496.058473393983 0.22992935131663456 0.27874116891457934 56.0 65.0 0.0 
51985.0 9496.058473393983 0.22992935131663456 0.27874116891457934 56.0 65.0 0.0 
43425.0 9496.724122858308 0.22286448298008993 0.43288375080282593 44.0 70.0 0.0 
43425.0 9496.724122858308 0.22286448298008993 0.43288375080282593 44.0 70.0 0.0 
43425.0 9496.724122858308 0.22289311040243803 0.4329393556519978 44.0 70.0 0.0 
44780.0 9422.206661812788 0.22353545734840694 0.4143114080164439 52.0 76.0 0.0 
51985.0 9496.058473393983 0.22992935131663456 0.27874116891457934 56.0 65.0 0.0 
43425.0 9496.724122858308 0.22286448298008993 0.43288375080282593 44.0 70.0 0.0 
44780.0 9422.206661812788 0.22353545734793323 0.4143114080155659 52.0 76.0 0.0 
44780.0 9422.206661812788 0.22353545734793323 0.4143114080155659 52.0 76.0 0.0 
51985.0 9496.058473393983 0.22992935131663456 0.27874116891457934 56.0 65.0 0.0 
43425.0 9496.724122858308 0.22289311408016438 0.4329393627954778 44.0 70.0 0.0 
44780.0 9422.206661812788 0.22353545734793323 0.4143114080155659 52.0 76.0 0.0 
44780.0 9422.206661812788 0.22353545734793323 0.4143114080155659 52.0 76.0 0.0 
128025.0 5830.872999939872 0.36287732819524726 0.023121387283236993 159.0 83.0 0.4337941628264209 
128025.0 5830.872999939872 0.36287732819524726 0.023121387283236993 159.0 83.0 0.4337941628264209 
128025.0 5830.872999939872 0.36287732819524726 0.023121387283236993 159.0 83.0 0.4337941628264209 
128025.0 5838.2716428092335 0.36801541425818884 0.023121387283236993 154.0 79.0 0.19047619047619047 
128025.0 5838.2716428092335 0.36801541425818884 0.023121387283236993 154.0 79.0 0.19047619047619047 
128025.0 5913.725812916584 0.4008221993825009 0.023124357656682745 152.0 77.0 0.0 
128025.0 5830.872999939872 0.36287732819524726 0.023121387283236993 159.0 83.0 0.4337941628264209 
128025.0 5830.872999939872 0.36287732819524726 0.023121387283236993 159.0 83.0 0.4337941628264209 
128025.0 5838.2716428092335 0.36806203261998166 0.023124357656731757 154.0 79.0 0.19047619047619047 
128025.0 5830.872999939872 0.3629239405688112 0.023124357275180894 159.0 83.0 0.4337941628264209 
128025.0 5830.872999939872 0.36292394655703997 0.02312435765673175 159.0 83.0 0.4337941628264209 
128025.0 5830.872999939872 0.36287732819524726 0.023121387283236993 159.0 83.0 0.4337941628264209 
128025.0 5838.2716428092335 0.36806203261998166 0.023124357656731757 154.0 79.0 0.19047619047619047 
128025.0 5830.872999939872 0.36287732819524726 0.023121387283236993 159.0 83.0 0.4337941628264209 
128025.0 5830.872999939872 0.3629239465570401 0.023124357656731757 159.0 83.0 0.4337941628264209 
128025.0 5830.872999939872 0.3629239465562709 0.023124357656682745 159.0 83.0 0.4337941628264209 
128025.0 5830.872999939872 0.3629239405688112 0.023124357275180894 159.0 83.0 0.4337941628264209 
128025.0 5830.872999939872 0.3629239465562709 0.023124357656682745 159.0 83.0 0.4337941628264209 
128025.0 5830.872999939872 0.3629239405688112 0.023124357275180894 159.0 83.0 0.4337941628264209 
128025.0 5830.872999939872 0.36287732819524726 0.023121387283236993 159.0 83.0 0.4337941628264209 
128025.0 5830.872999939872 0.3629239465562709 0.023124357656682745 159.0 83.0 0.4337941628264209 
43425.0 9496.724122858308 0.22286448298008993 0.43288375080282593 44.0 70.0 0.0 
43425.0 9496.724122858308 0.222893114079692 0.4329393627945603 44.0 70.0 0.0 
43425.0 9496.724122858308 0.22286448298008993 0.43288375080282593 44.0 70.0 0.0 
43425.0 9496.724122858308 0.22289311040243803 0.4329393556519978 44.0 70.0 0.0 
43425.0 9496.724122858308 0.222893114079692 0.4329393627945603 44.0 70.0 0.0 
43425.0 9496.724122858308 0.22289311408016438 0.4329393627954778 44.0 70.0 0.0 
43425.0 9496.724122858308 0.22286448298008993 0.43288375080282593 44.0 70.0 0.0 
43425.0 9496.724122858308 0.22286448298008993 0.43288375080282593 44.0 70.0 0.0 
43425.0 9496.724122858308 0.22289311040243803 0.4329393556519978 44.0 70.0 0.0 
43425.0 9496.724122858308 0.22286448298008993 0.43288375080282593 44.0 70.0 0.0 
43425.0 9496.724122858308 0.22289311408016438 0.4329393627954778 44.0 70.0 0.0 
43425.0 9496.724122858308 0.22289311040243803 0.4329393556519978 44.0 70.0 0.0 
43425.0 9496.724122858308 0.222893114079692 0.4329393627945603 44.0 70.0 0.0 
43425.0 9496.724122858308 0.22286448298008993 0.43288375080282593 44.0 70.0 0.0 
43425.0 9496.724122858308 0.222893114079692 0.4329393627945603 44.0 70.0 0.0 
44780.0 9422.206661812788 0.22353545734793323 0.4143114080155659 52.0 76.0 0.0 
44780.0 9422.206661812788 0.22350674373795762 0.4142581888246628 52.0 76.0 0.0 
44780.0 9422.206661812788 0.22353545734793323 0.4143114080155659 52.0 76.0 0.0 
44780.0 9422.206661812788 0.22353545734793323 0.4143114080155659 52.0 76.0 0.0 
44780.0 9422.206661812788 0.22350674373795762 0.4142581888246628 52.0 76.0 0.0 
48975.0 8976.144988787302 0.25369299935773926 0.3827874116891458 52.0 72.0 0.33986928104575165 
43425.0 9496.724122858308 0.22286448298008993 0.43288375080282593 44.0 70.0 0.0 
43425.0 9496.724122858308 0.22289311040243803 0.4329393556519978 44.0 70.0 0.0 
43425.0 9496.724122858308 0.22286448298008993 0.43288375080282593 44.0 70.0 0.0 
43425.0 9496.724122858308 0.22289311408016438 0.4329393627954778 44.0 70.0 0.0 
43425.0 9496.724122858308 0.222893114079692 0.4329393627945603 44.0 70.0 0.0 
44780.0 9422.206661812788 0.22350674373795762 0.4142581888246628 52.0 76.0 0.0 
43425.0 9496.724122858308 0.22289311040243803 0.4329393556519978 44.0 70.0 0.0 
44780.0 9422.206661812788 0.22353545366008196 0.4143114011803243 52.0 76.0 0.0 
44780.0 9422.206661812788 0.22350674373795762 0.4142581888246628 52.0 76.0 0.0 
44780.0 9422.206661812788 0.22350674373795762 0.4142581888246628 52.0 76.0 0.0 
44780.0 9422.206661812788 0.22353545734793323 0.4143114080155659 52.0 76.0 0.0 
44780.0 9422.206661812788 0.22350674373795762 0.4142581888246628 52.0 76.0 0.0 
44780.0 9422.206661812788 0.22350674373795762 0.4142581888246628 52.0 76.0 0.0 
44780.0 9422.206661812788 0.22353545366008196 0.4143114011803243 52.0 76.0 0.0 
44780.0 9422.206661812788 0.22353545734840694 0.4143114080164439 52.0 76.0 0.0 
44780.0 9422.206661812788 0.22353545734840694 0.4143114080164439 52.0 76.0 0.0 
44780.0 9422.206661812788 0.22353545734840694 0.4143114080164439 52.0 76.0 0.0 
44780.0 9422.206661812788 0.22353545366008196 0.4143114011803243 52.0 76.0 0.0 
44780.0 9422.206661812788 0.22353545366008196 0.4143114011803243 52.0 76.0 0.0 
44780.0 9422.206661812788 0.22353545366008196 0.4143114011803243 52.0 76.0 0.0 
44780.0 9422.206661812788 0.22353545734793323 0.4143114080155659 52.0 76.0 0.0 
44780.0 9422.206661812788 0.22350674373795762 0.4142581888246628 52.0 76.0 0.0 
53365.0 8010.963406431317 0.1567116249197174 0.33269107257546565 66.0 72.0 0.0 
53365.0 8010.963406431317 0.1567116249197174 0.33269107257546565 66.0 72.0 0.0 
53365.0 8010.963406431317 0.15673175486511495 0.3327338074595473 66.0 72.0 0.0 
53365.0 8010.963406431317 0.15673175486511495 0.3327338074595473 66.0 72.0 0.0 
53365.0 8010.963406431317 0.15673175745084975 0.33273381294893506 66.0 72.0 0.0 
58785.0 7812.38298653467 0.16377649325626203 0.31021194605009633 77.0 81.0 0.9827586206896551 
43425.0 9496.724122858308 0.222893114079692 0.4329393627945603 44.0 70.0 0.0 
43425.0 9496.724122858308 0.22289311408016438 0.4329393627954778 44.0 70.0 0.0 
43425.0 9496.724122858308 0.22286448298008993 0.43288375080282593 44.0 70.0 0.0 
43425.0 9496.724122858308 0.22289311040243803 0.4329393556519978 44.0 70.0 0.0 
43425.0 9496.724122858308 0.222893114079692 0.4329393627945603 44.0 70.0 0.0 
44780.0 9422.206661812788 0.22353545366008196 0.4143114011803243 52.0 76.0 0.0 
43425.0 9496.724122858308 0.222893114079692 0.4329393627945603 44.0 70.0 0.0 
