41975.0 8626.115753688477 0.20166987797045602 0.49068721901091844 50.0 71.0 0.0 
41465.0 8695.743463716193 0.1791907514450867 0.37829158638407195 50.0 66.0 0.0 
40520.0 8695.743463716193 0.1792137688826519 0.3783401787522651 49.0 65.0 0.0 
40520.0 8695.743463716193 0.1791907514450867 0.37829158638407195 49.0 65.0 0.0 
42915.0 9406.787559985236 0.15928066795118817 0.5016056518946692 46.0 78.0 0.0 
40520.0 8695.743463716193 0.1791907514450867 0.37829158638407195 49.0 65.0 0.0 
40520.0 8695.743463716193 0.17921377183929127 0.37834018499405936 49.0 65.0 0.0 
42915.0 9406.787559985236 0.1593011278956906 0.5016700842198966 46.0 78.0 0.0 
44745.0 8645.053755674562 0.1926782273603083 0.4951830443159923 48.0 71.0 0.0 
42915.0 9406.787559985236 0.15928066795118817 0.5016056518946692 46.0 78.0 0.0 
41975.0 8626.115753688477 0.20166987797045602 0.49068721901091844 50.0 71.0 0.0 
41465.0 8695.743463716193 0.1791907514450867 0.37829158638407195 50.0 66.0 0.0 
40520.0 8695.743463716193 0.1792137688826519 0.3783401787522651 49.0 65.0 0.0 
42915.0 9406.787559985236 0.15928066795118817 0.5016056518946692 46.0 78.0 0.0 
40520.0 8695.743463716193 0.17921377183929127 0.37834018499405936 49.0 65.0 0.0 
42915.0 9406.787559985236 0.1593011278956906 0.5016700842198966 46.0 78.0 0.0 
41975.0 8626.115753688477 0.20166987797045602 0.49068721901091844 50.0 71.0 0.0 
41465.0 8695.743463716193 0.1791907514450867 0.37829158638407195 50.0 66.0 0.0 
42915.0 9406.787559985236 0.15928066795118817 0.5016056518946692 46.0 78.0 0.0 
41465.0 8695.743463716193 0.1791907514450867 0.37829158638407195 50.0 66.0 0.0 
41975.0 8626.115753688477 0.20169578290018889 0.49075024883995 50.0 71.0 0.0 
41465.0 8695.743463716193 0.1791907514450867 0.37829158638407195 50.0 66.0 0.0 
40520.0 8695.743463716193 0.1792137688826519 0.3783401787522651 49.0 65.0 0.0 
42915.0 9406.787559985236 0.15928066795118817 0.5016056518946692 46.0 78.0 0.0 
40520.0 8695.743463716193 0.1791907514450867 0.37829158638407195 49.0 65.0 0.0 
42915.0 9406.787559985236 0.15928066795118817 0.5016056518946692 46.0 78.0 0.0 
41975.0 8626.115753688477 0.20166987797045602 0.49068721901091844 50.0 71.0 0.0 
41465.0 8695.743463716193 0.1791907514450867 0.37829158638407195 50.0 66.0 0.0 
42915.0 9406.787559985236 0.1593011278956906 0.5016700842198966 46.0 78.0 0.0 
41975.0 8626.115753688477 0.20169578622816026 0.49075025693730717 50.0 71.0 0.0 
41975.0 8626.115753688477 0.20166987797045602 0.49068721901091844 50.0 71.0 0.0 
41465.0 8695.743463716193 0.1791907514450867 0.37829158638407195 50.0 66.0 0.0 
42915.0 9406.787559985236 0.15928066795118817 0.5016056518946692 46.0 78.0 0.0 
41975.0 8626.115753688477 0.20166987797045602 0.49068721901091844 50.0 71.0 0.0 
41975.0 8626.115753688477 0.20166987797045602 0.49068721901091844 50.0 71.0 0.0 
159070.0 4579.954609491388 0.42587358684390725 0.0 185.0 82.0 1.0444444444444445 
159070.0 4579.954609491388 0.4258188824662813 0.0 185.0 82.0 1.0444444444444445 
159070.0 4592.8635373113 0.4258188824662813 0.0 185.0 82.0 1.0625 
159070.0 4680.868771295079 0.4258188824662813 0.0 185.0 83.0 2.09375 
159070.0 4654.773278823015 0.42587357981791474 0.0 185.0 82.0 2.15625 
159070.0 4756.236466300549 0.4258188824662813 0.0 185.0 82.0 2.15625 
159070.0 4592.8635373113 0.4258188824662813 0.0 185.0 87.0 2.3125 
159070.0 4592.8635373113 0.4258188824662813 0.0 185.0 87.0 2.3125 
159070.0 4680.868771295079 0.4258188824662813 0.0 185.0 83.0 2.09375 
159070.0 4585.113754617364 0.4258188824662813 0.0 185.0 89.0 2.3569444444444443 
159070.0 4592.8635373113 0.42587357981791474 0.0 185.0 87.0 2.3125 
159070.0 4579.954609491388 0.4258188824662813 0.0 185.0 82.0 1.0444444444444445 
159070.0 4680.868771295079 0.42587357981791474 0.0 185.0 83.0 2.09375 
159070.0 4579.954609491388 0.42587357981791474 0.0 185.0 82.0 1.0444444444444445 
159070.0 4563.628381597435 0.4258188824662813 0.0 185.0 95.0 2.3125 
159070.0 4558.469236471458 0.42587357981791474 0.0 185.0 88.0 1.25 
159070.0 4558.469236471458 0.4258188824662813 0.0 185.0 88.0 1.25 
159070.0 4579.954609491388 0.42587358684390725 0.0 185.0 82.0 1.0444444444444445 
159070.0 4558.469236471458 0.4258188824662813 0.0 185.0 93.0 2.25 
159070.0 4563.628381597435 0.4258188824662813 0.0 185.0 95.0 2.3125 
159070.0 4558.469236471458 0.4258188824662813 0.0 185.0 93.0 2.25 
39785.0 9466.373056130038 0.17148362235067438 0.49710982658959535 47.0 77.0 0.0 
39785.0 9466.373056130038 0.17148362235067438 0.49710982658959535 47.0 77.0 0.0 
39785.0 9466.373056130038 0.17148362235067438 0.49710982658959535 47.0 77.0 0.0 
39785.0 9466.373056130038 0.17148362235067438 0.49710982658959535 47.0 77.0 0.0 
39785.0 9466.373056130038 0.17150564979092495 0.4971736814163892 47.0 77.0 0.0 
39785.0 9466.373056130038 0.17148362235067438 0.49710982658959535 47.0 77.0 0.0 
39785.0 9466.373056130038 0.17148362235067438 0.49710982658959535 47.0 77.0 0.0 
39785.0 9466.373056130038 0.17148362235067438 0.49710982658959535 47.0 77.0 0.0 
39785.0 9466.373056130038 0.17148362235067438 0.49710982658959535 47.0 77.0 0.0 
39785.0 9466.373056130038 0.17148362235067438 0.49710982658959535 47.0 77.0 0.0 
39785.0 9466.373056130038 0.17148362235067438 0.49710982658959535 47.0 77.0 0.0 
39785.0 9466.373056130038 0.17148362235067438 0.49710982658959535 47.0 77.0 0.0 
39785.0 9466.373056130038 0.17148362235067438 0.49710982658959535 47.0 77.0 0.0 
39785.0 9466.373056130038 0.17150564979092495 0.4971736814163892 47.0 77.0 0.0 
39785.0 9466.373056130038 0.17148362235067438 0.49710982658959535 47.0 77.0 0.0 
41975.0 8626.115753688477 0.20169578290018889 0.49075024883995 50.0 71.0 0.0 
41975.0 8626.115753688477 0.20166987797045602 0.49068721901091844 50.0 71.0 0.0 
41975.0 8626.115753688477 0.20166987797045602 0.49068721901091844 50.0 71.0 0.0 
41975.0 8626.115753688477 0.20166987797045602 0.49068721901091844 50.0 71.0 0.0 
41975.0 8626.115753688477 0.20169578290018889 0.49075024883995 50.0 71.0 0.0 
45095.0 8185.191486085284 0.17472083439728966 0.48047408481038406 64.0 85.0 0.5964912280701754 
39785.0 9466.373056130038 0.17148362235067438 0.49710982658959535 47.0 77.0 0.0 
39785.0 9466.373056130038 0.17148362235067438 0.49710982658959535 47.0 77.0 0.0 
39785.0 9466.373056130038 0.17148362235067438 0.49710982658959535 47.0 77.0 0.0 
39785.0 9466.373056130038 0.17148362235067438 0.49710982658959535 47.0 77.0 0.0 
39785.0 9466.373056130038 0.17148362235067438 0.49710982658959535 47.0 77.0 0.0 
40880.0 8626.115753688477 0.20166987797045602 0.49068721901091844 49.0 70.0 0.0 
39785.0 9466.373056130038 0.17148362235067438 0.49710982658959535 47.0 77.0 0.0 
43275.0 8525.981558954289 0.16056518946692358 0.37829158638407195 54.0 72.0 0.6142857142857143 
41975.0 8626.115753688477 0.20169578290018889 0.49075024883995 50.0 71.0 0.0 
43275.0 8525.981558954289 0.16056518946692358 0.37829158638407195 54.0 72.0 0.6142857142857143 
41975.0 8626.115753688477 0.20166987797045602 0.49068721901091844 50.0 71.0 0.0 
41975.0 8626.115753688477 0.20169578622773282 0.49075025693626717 50.0 71.0 0.0 
41975.0 8626.115753688477 0.20169578290018889 0.49075024883995 50.0 71.0 0.0 
41975.0 8626.115753688477 0.20169578622816026 0.49075025693730717 50.0 71.0 0.0 
41975.0 8626.115753688477 0.20166987797045602 0.49068721901091844 50.0 71.0 0.0 
41975.0 8626.115753688477 0.20169578290018889 0.49075024883995 50.0 71.0 0.0 
41975.0 8626.115753688477 0.20169578622773282 0.49075025693626717 50.0 71.0 0.0 
41975.0 8626.115753688477 0.20169578290018889 0.49075024883995 50.0 71.0 0.0 
41975.0 8626.115753688477 0.20166987797045602 0.49068721901091844 50.0 71.0 0.0 
41975.0 8626.115753688477 0.20166987797045602 0.49068721901091844 50.0 71.0 0.0 
41975.0 8626.115753688477 0.2016957862281603 0.4907502569373073 50.0 71.0 0.0 
41975.0 8626.115753688477 0.20166987797045602 0.49068721901091844 50.0 71.0 0.0 
52355.0 6920.783132530118 0.10919835379946531 0.3815518950404847 66.0 85.0 1.2666666666666666 
52355.0 6920.783132530118 0.10919835379946531 0.3815518950404847 66.0 85.0 1.2666666666666666 
52355.0 6920.783132530118 0.10918432883750803 0.3815028901734104 66.0 85.0 1.2666666666666666 
52355.0 6920.783132530118 0.10919835379946531 0.3815518950404847 66.0 85.0 1.2666666666666666 
52355.0 6920.783132530118 0.10918432883750803 0.3815028901734104 66.0 85.0 1.2666666666666666 
56830.0 6788.021443737109 0.13102119460500963 0.3519588953114965 75.0 91.0 2.15 
40520.0 8695.743463716193 0.1792137688826519 0.3783401787522651 49.0 65.0 0.0 
40520.0 8695.743463716193 0.1791907514450867 0.37829158638407195 49.0 65.0 0.0 
40520.0 8695.743463716193 0.1791907514450867 0.37829158638407195 49.0 65.0 0.0 
40520.0 8695.743463716193 0.1792137688826519 0.3783401787522651 49.0 65.0 0.0 
40520.0 8695.743463716193 0.1791907514450867 0.37829158638407195 49.0 65.0 0.0 
41975.0 8626.115753688477 0.20166987797045602 0.49068721901091844 50.0 71.0 0.0 
39785.0 9466.373056130038 0.17148362235067438 0.49710982658959535 47.0 77.0 0.0 
