2.6398216232391547E7 33593.871605777014 0.4655196581817804 0.2494016623662501 28023.0 704.0 10.669408971581056 
4.324497952616292E7 45763.950128624914 0.07588634440366115 0.0 43768.0 1897.0 12.926933187921005 
3.44100532701041E7 34918.05707242522 0.273563600305269 0.228671404912339 35698.0 928.0 10.070107649379544 
2.4783313340206075E7 33807.6005923372 0.584200771479153 0.1753843118727838 25301.0 631.0 6.331358535384684 
1.6199104227412285E7 32243.19365275471 0.37338864170867575 0.43606742914696 16633.0 586.0 9.425503858585486 
4.015047754116609E7 43853.78163861052 0.21567151393698375 0.0 41596.0 1428.0 11.446571168517812 
5.1524830014022455E7 32500.43308298979 0.2270360352409185 0.0 55615.0 1222.0 11.96749812066993 
1.988385113863624E7 34281.07775481176 0.2095817087795989 0.5217036917821376 18373.0 686.0 12.270130037889047 
3.236835654835146E7 35706.21449056735 0.5076498959074225 0.1510925826900014 31608.0 766.0 6.22492105016502 
1.7122899254080415E7 34673.59477301076 0.37387665678522664 0.40793907079852765 16308.0 601.0 5.618495188789007 
2.257046701638998E7 40414.752659863516 0.5181733699517695 0.23963616918548208 20959.0 659.0 6.709247296163571 
9896617.828380309 32230.47767316104 0.17745058847349923 0.62292528696844 10240.0 638.0 9.653084693084693 
1.2125519648149282E7 33308.30088013598 0.2792951816298665 0.5112736674333003 12680.0 579.0 5.314457976148274 
1.0430706043153735E7 39249.417449003224 0.1827356879195502 0.5824927187112249 10896.0 678.0 9.393860426436564 
3.015758801461416E7 34521.41165573741 0.5099809466454155 0.1780632031440631 33353.0 737.0 6.987195597031786 
9874283.405793546 39396.132936391135 0.2367703785231833 0.5760810312693064 9960.0 592.0 6.727426830932927 
4.7865593527872846E7 40780.08628829879 0.20048593841665066 0.0 48054.0 1419.0 12.70921439727255 
1.0560831772941252E7 32638.58463453486 0.2016748262095246 0.6077916279456123 10436.0 603.0 6.626965931670271 
8686422.262598466 37532.89104320623 0.1941832756194936 0.6101278703333558 8811.0 571.0 5.7400851878482335 
4.5688027361521326E7 43069.30617301961 0.2377775585747883 0.0 44522.0 1316.0 10.248541862991623 
4.494515281207346E7 39067.10577348373 0.07165514985697005 0.0 48430.0 1733.0 12.803595379344454 
4.374397504116186E7 46491.93159023171 0.06656733310143964 0.0 44522.0 1995.0 12.50260631257027 
1.4666535325469384E7 39490.76636369671 0.3677660850288396 0.42046652164658366 14922.0 583.0 4.969108000617472 
4.620716705745084E7 32564.863049739404 0.5341740344829377 0.08091705301193561 48936.0 755.0 6.039964399555115 
5.133185065264673E7 36223.77335359392 0.3323694170296495 0.01326466511263284 54964.0 1057.0 8.799340170328659 
5.061257715290646E7 37615.05506858451 0.10163173551659511 0.0 56170.0 1965.0 12.805495505925897 
4.172853946172982E7 36030.839625048284 0.4896608295217971 0.033454990992487686 46310.0 918.0 8.433071705151999 
4.282757942161251E7 45469.00132079605 0.06661405794919452 0.0 44316.0 1952.0 12.722894489952218 
8381968.103646158 39056.79563137246 0.20608772849748463 0.6014837734987046 8673.0 565.0 6.786175166109376 
1.8330532046308238E7 40243.706896588745 0.4236334279944138 0.33995441731519027 18311.0 617.0 5.210630899199144 
1.3281266385702189E7 33632.34891395345 0.2937279679363711 0.5075824044606655 13230.0 579.0 6.6022545664598224 
2.9975747731220443E7 36089.10821621082 0.5961934824029032 0.11883686278988874 29725.0 676.0 6.617038791457774 
5.188065733194133E7 37911.29612305186 0.19210142406952657 0.0 55497.0 1637.0 12.90537741127638 
4.953249860835476E7 38827.0072610247 0.1667713649366359 0.0 51703.0 1612.0 11.849486116287105 
1.2561235102983633E7 36407.58087645205 0.2918589740261763 0.5326684560552807 12084.0 590.0 10.060303735199087 
4.7389062009124145E7 43398.181079821625 0.0870743496160775 0.0 47217.0 1809.0 12.939191544915067 
4.211502644133893E7 33026.48933405207 0.5991890643089655 0.0344517877445916 42444.0 773.0 7.141379359861171 
2.8340461826376144E7 39184.83578127263 0.4745583203974727 0.23610584735511403 24929.0 704.0 7.291012212503147 
4.522657451019995E7 42178.727895845084 0.22652206191561491 0.0 45983.0 1559.0 11.834068618084796 
4.846718226861334E7 38765.56931196377 0.10800708141025973 0.0 53488.0 1912.0 13.431620589979195 
1.4515484652947087E7 34792.59504787574 0.35064402415155466 0.4439846950165354 14160.0 567.0 7.432118134613341 
2.707447791503139E7 36672.085375083116 0.4727464346345338 0.24873713119818083 27827.0 698.0 9.511334149799383 
4.4379048617201984E7 43137.882303767576 0.18752758063929975 0.0 44779.0 1499.0 10.55608714532804 
4.474903627588847E7 43818.94823312809 0.13227804399403997 0.0 45586.0 1713.0 12.422905569091387 
3.2961782801674906E7 35981.37130445871 0.5521527175690619 0.1322417024457862 31907.0 729.0 8.662892156381334 
1.2804195950329056E7 35868.969889972526 0.30648904302320146 0.5008644096834651 12544.0 560.0 8.150018135033024 
9998832.765744017 38856.03781919297 0.19895440174024098 0.5924087697347586 9976.0 647.0 8.685299174519944 
1.1057504652988069E7 37305.08085119661 0.23819289055483162 0.558896670595015 10718.0 595.0 7.042770218554191 
4.757732416316262E7 38814.13173807956 0.16857805904982426 2.4400753827543778E-4 53015.0 1675.0 12.659730394717284 
9302833.198548488 34850.12364475048 0.2065861268735366 0.6120280141420539 9259.0 582.0 8.918845159604034 
1.2565551224789675E7 38851.47804307745 0.2785631590150402 0.5367490927592061 11390.0 602.0 7.877008063767645 
2.5307938683430616E7 37091.11184265768 0.5339767517924171 0.21213080880711463 24515.0 658.0 7.3033430061248374 
1.0992935162920367E7 34609.75185322265 0.23664058727941978 0.57275837542896 11031.0 610.0 7.536679053168803 
4.3455086130459554E7 45400.1057051998 0.059267873552178676 0.0 44447.0 1935.0 13.0002129266686 
2.5487611569364775E7 38791.3483642564 0.45584761469652213 0.2730600102794665 25552.0 696.0 5.575924385365437 
4.703212078945105E7 39307.078353312645 0.13103723970366063 0.0 51637.0 1720.0 12.969716327715137 
3.0778219378413167E7 36275.845913087396 0.4507597979409917 0.2458972987846348 29616.0 799.0 9.04918313520693 
4.491341930884336E7 34480.47988138807 0.46721213600045686 0.043459300061780635 44933.0 820.0 9.196634345900573 
4.342677937491251E7 43544.76444892896 0.22309038143050716 0.0 43012.0 1487.0 11.179622458054233 
4.6809722671525605E7 42580.04531778381 0.2415311213444296 0.0 46406.0 1455.0 11.752008502765678 
8958030.97627913 38689.00790572172 0.22093584678403255 0.6014837734987046 9016.0 601.0 9.097123015873017 
1.3842589979586396E7 36700.84282676919 0.3296749508091186 0.4815722392104539 13664.0 610.0 8.968935804533631 
3.284747445652755E7 36049.15670499248 0.5596079266108391 0.16151222373933766 31249.0 664.0 7.939580468012427 
1.038819794927733E7 35513.599373852834 0.2371337940057212 0.5801201347752275 10514.0 595.0 8.635822320578418 
1.1103311361141374E7 33681.240360082855 0.2615760810312693 0.5401444316960601 11694.0 574.0 5.924318795355381 
1.3297657637692146E7 39310.749980858556 0.31412595980624763 0.49785844447790173 12562.0 595.0 6.935482235482235 
1.6407544239515811E7 33577.93892934261 0.26826811755971697 0.5289200849353899 15987.0 628.0 9.204632177770474 
3.497729714568434E7 33323.567504140345 0.513822767460816 0.15257220286890566 39059.0 727.0 9.153600845831193 
4.5729051276429266E7 41999.32235417871 0.10341766303078129 0.0 47705.0 1806.0 12.338734657045498 
4.9728894489409566E7 38814.39275710664 0.3210879621217234 0.010668840237362226 50291.0 1256.0 9.4056982216513 
9211564.731531743 37870.010119141414 0.20988801611488084 0.6019250637275007 9280.0 602.0 6.780941741626293 
5.0307078633820325E7 37793.81255826476 0.1273927015787807 0.0 55013.0 1835.0 12.57413318870969 
1.9048443897371355E7 36254.995018767986 0.4194801081939808 0.3403022578484765 19749.0 637.0 7.3772289836644065 
4.884161555001152E7 36118.35023207868 0.3534890482148512 0.0022895175399886823 53462.0 1143.0 11.639501995545567 
1.556069557570488E7 38239.11396799463 0.2661706910604983 0.5016171988972936 14889.0 668.0 7.82233384735532 
2.1827713187047392E7 35979.118505044644 0.5264644346033839 0.25468157016255055 20751.0 616.0 5.86125284348062 
4.209516770446436E7 37064.73920532188 0.43419324358701467 0.005783497822102929 44549.0 995.0 8.85595220197368 
4.631683259379134E7 38517.99894358986 0.5141706079941023 0.00784977442281834 45875.0 940.0 10.42251343766504 
9661688.732366085 34795.280811158846 0.21917068586884855 0.5985297247906467 10002.0 589.0 8.806040772240673 
1.2615012899989866E7 34621.279846405865 0.3015881256586906 0.4964047825477502 13411.0 577.0 4.302406815346407 
4.6025479368525274E7 34598.26468775614 0.49134811569072306 0.016249863719194048 49797.0 903.0 10.952088941767265 
2.5217626711510483E7 37407.44152675192 0.5104689617219664 0.2140880607630687 25134.0 697.0 6.516660064084741 
1.5631321698231855E7 38836.5647652018 0.3524143767164892 0.44102026300897634 14230.0 598.0 5.785707473608629 
4.425401248209718E7 45817.12490659623 0.09100962012698775 0.0 44318.0 1871.0 12.928874734722605 
4.567259082962352E7 37421.29632433093 0.36383081451792937 0.004324644242200844 53364.0 1103.0 10.022248048122098 
4.822517909885323E7 36138.05620460947 0.19470763224429827 0.0 50444.0 1246.0 12.091962755297407 
4.603779783393241E7 40039.797490832985 0.12926169548897554 0.0 49607.0 1726.0 12.88394381607888 
2.4718864571344767E7 35706.04155729968 0.45259245030293277 0.2810811091440527 25122.0 686.0 9.049282774512895 
1.6126806787087098E7 35860.96584911234 0.3372288011961561 0.462197002341434 15378.0 618.0 10.221942297949104 
1.1880262139062654E7 35462.008953488476 0.24478109408826842 0.55788949054341 11713.0 593.0 5.6868343970972255 
1.5995479430815496E7 35270.05469800579 0.30688880005399316 0.45668347030635925 16593.0 633.0 8.849665559275172 
1.0898302891072294E7 38782.42445186575 0.2501752181790808 0.5708478483207609 10101.0 578.0 8.264214782964782 
4.67773354658954E7 43687.075631808395 0.11765316664676534 0.0 47182.0 1839.0 13.15768015421106 
2.394022116417298E7 34810.48084056253 0.5121147146928879 0.2365159876854068 25295.0 643.0 6.5246716877201685 
4.57311865547969E7 44439.54616258563 0.09912936033683424 0.0 47130.0 1957.0 13.308136425503786 
2.9939985888829555E7 36626.33320608562 0.4690395967126474 0.19217410716603414 30775.0 715.0 8.031217598757054 
9494343.078743855 37955.14643079048 0.2201103744736965 0.6019250637275007 9153.0 590.0 8.133615157210066 
1.1912383690061012E7 35326.477221123874 0.2716115399990655 0.5267292087406615 11976.0 598.0 4.39877049602997 
1.892537887975689E7 34290.179560191355 0.42778674779484677 0.3470617858236812 19253.0 616.0 7.893454399386479 
4.4618678434282616E7 45717.906409658004 0.09707865868537045 0.0 45053.0 1819.0 12.402565767901603 
2.5285282165152077E7 37386.51183451971 0.5097317474573896 0.2294138108266664 26347.0 692.0 5.868720112643139 
4.462299878993155E7 35929.17010702443 0.45217192667313894 0.007299459549260969 47915.0 950.0 8.35102960587893 
1.5780510074998945E7 35974.034595889374 0.33219809258788163 0.4520265604801238 15134.0 652.0 8.738728732118952 
2.182862022959225E7 36968.98394599476 0.5343142090262023 0.2537159233089499 21144.0 606.0 5.352561785754573 
5.2311319094445355E7 39068.19488349689 0.22394181198959592 0.0 50934.0 1400.0 11.991183768843902 
1.2283726424102623E7 33310.09929194739 0.2502582845750894 0.5615703702165437 12210.0 616.0 8.17309876539982 
4.970670094428307E7 39785.600583221654 0.26155531443226715 0.0020662766007154094 50910.0 1575.0 12.02175370342591 
3.3012105210476127E7 34477.93909823078 0.3851529200434022 0.31294745531287477 31687.0 794.0 11.749152108921763 
3.1834085894023467E7 36962.04234813515 0.5387997944106698 0.14776473519990446 31219.0 675.0 8.41694699695136 
5.082411677492822E7 36393.89203092415 0.3007730366478556 0.006375345893664629 53463.0 1166.0 11.81332735595311 
1.6543553449898548E7 35932.44741986453 0.2655944179381882 0.5158994273610326 15945.0 643.0 7.9983057035784455 
1.5370002634828378E7 38764.07782375115 0.37243337815457617 0.4256737463463765 15306.0 619.0 6.199871104716015 
