29440.0 10791.437815656564 0.0899165061014772 0.5009633911368016 36.0 64.0 0.0 
29440.0 10791.437815656564 0.0899165061014772 0.5009633911368016 36.0 64.0 0.0 
30020.0 10983.303624480093 0.11432241490044959 0.47719974309569685 36.0 63.0 0.0 
30020.0 10983.303624480093 0.11432241490044959 0.47719974309569685 36.0 63.0 0.0 
26370.0 11933.17674398488 0.14129736673089274 0.5934489402697495 24.0 68.0 0.0 
24885.0 12070.98546614676 0.06037251123956326 0.6107899807321773 23.0 68.0 0.0 
24885.0 12070.98546614676 0.06037251123956326 0.6107899807321773 23.0 68.0 0.0 
25140.0 12012.621089711685 0.06486833654463713 0.6043673731535003 23.0 69.0 0.0 
24885.0 12070.98546614676 0.06037251123956326 0.6107899807321773 23.0 68.0 0.0 
25140.0 12012.621089711685 0.06486833654463713 0.6043673731535003 23.0 69.0 0.0 
29440.0 10791.437815656564 0.0899165061014772 0.5009633911368016 36.0 64.0 0.0 
29440.0 10791.437815656564 0.0899165061014772 0.5009633911368016 36.0 64.0 0.0 
30020.0 10983.303624480093 0.11432241490044959 0.47719974309569685 36.0 63.0 0.0 
29120.0 11902.86499215071 0.08092485549132948 0.5863840719332049 24.0 77.0 1.5272727272727273 
24885.0 12070.98546614676 0.06037251123956326 0.6107899807321773 23.0 68.0 0.0 
25140.0 12012.621089711685 0.06486833654463713 0.6043673731535003 23.0 69.0 0.0 
29010.0 10380.323640865812 0.09633911368015415 0.5632626846499679 33.0 76.0 1.32 
29440.0 10791.437815656564 0.0899165061014772 0.5009633911368016 36.0 64.0 0.0 
29120.0 11902.86499215071 0.08092485549132948 0.5863840719332049 24.0 77.0 1.5272727272727273 
29440.0 10791.437815656564 0.0899165061014772 0.5009633911368016 36.0 64.0 0.0 
29440.0 10791.437815656564 0.0899165061014772 0.5009633911368016 36.0 64.0 0.0 
29440.0 10791.437815656564 0.0899165061014772 0.5009633911368016 36.0 64.0 0.0 
30020.0 10983.303624480093 0.11432241490044959 0.47719974309569685 36.0 63.0 0.0 
29120.0 11902.86499215071 0.08092485549132948 0.5863840719332049 24.0 77.0 1.5272727272727273 
24885.0 12070.98546614676 0.06037251123956326 0.6107899807321773 23.0 68.0 0.0 
25140.0 12012.621089711685 0.06486833654463713 0.6043673731535003 23.0 69.0 0.0 
29010.0 10380.323640865812 0.09633911368015415 0.5632626846499679 33.0 76.0 1.32 
29440.0 10791.437815656564 0.0899165061014772 0.5009633911368016 36.0 64.0 0.0 
29120.0 11902.86499215071 0.08092485549132948 0.5863840719332049 24.0 77.0 1.5272727272727273 
29010.0 10380.323640865812 0.09633911368015415 0.5632626846499679 33.0 76.0 1.32 
29010.0 10380.323640865812 0.09633911368015415 0.5632626846499679 33.0 76.0 1.32 
29440.0 10791.437815656564 0.0899165061014772 0.5009633911368016 36.0 64.0 0.0 
29120.0 11902.86499215071 0.08092485549132948 0.5863840719332049 24.0 77.0 1.5272727272727273 
29010.0 10380.323640865812 0.09633911368015415 0.5632626846499679 33.0 76.0 1.32 
29010.0 10380.323640865812 0.09633911368015415 0.5632626846499679 33.0 76.0 1.32 
141010.0 5748.009734055164 0.3699421965317919 0.0 175.0 115.0 4.024270353302612 
141010.0 5759.262043054741 0.37508028259473347 0.0 169.0 97.0 3.895238095238095 
141010.0 5754.102897928766 0.37508028259473347 0.0 169.0 89.0 2.6666666666666665 
128025.0 5838.2716428092335 0.36801541425818884 0.023121387283236993 156.0 89.0 3.4761904761904763 
128025.0 5838.2716428092335 0.36801541425818884 0.023121387283236993 156.0 89.0 3.4761904761904763 
128025.0 5953.2438961197 0.4007707129094412 0.023121387283236993 154.0 81.0 3.210989010989011 
141010.0 5737.809772819863 0.3699421965317919 0.0 175.0 105.0 2.9671274961597542 
141010.0 5754.102897928766 0.37508028259473347 0.0 169.0 95.0 3.895238095238095 
128025.0 5838.2716428092335 0.36801541425818884 0.023121387283236993 156.0 83.0 3.2476190476190476 
141010.0 5768.5272653511975 0.3699421965317919 0.0 175.0 99.0 4.08878648233487 
141010.0 5737.809772819863 0.3699421965317919 0.0 175.0 105.0 2.9671274961597542 
141010.0 5754.102897928766 0.37508028259473347 0.0 169.0 89.0 3.6666666666666665 
128025.0 5838.2716428092335 0.36801541425818884 0.023121387283236993 156.0 89.0 2.4761904761904763 
141010.0 5768.5272653511975 0.3699421965317919 0.0 175.0 99.0 4.08878648233487 
141010.0 5737.809772819863 0.3699421965317919 0.0 175.0 99.0 4.024270353302612 
141010.0 5754.102897928766 0.37508028259473347 0.0 169.0 89.0 2.6666666666666665 
141010.0 5754.102897928766 0.37508028259473347 0.0 169.0 89.0 3.6666666666666665 
141010.0 5792.3750327424605 0.3956326268464997 0.0 164.0 97.0 3.635294117647059 
141010.0 5754.102897928766 0.37508028259473347 0.0 169.0 95.0 3.895238095238095 
141010.0 5746.598491171164 0.3699421965317919 0.0 175.0 107.0 3.9671274961597542 
141010.0 5746.598491171164 0.3699421965317919 0.0 175.0 107.0 3.9671274961597542 
24885.0 12070.98546614676 0.06037251123956326 0.6107899807321773 23.0 68.0 0.0 
24885.0 12070.98546614676 0.06037251123956326 0.6107899807321773 23.0 68.0 0.0 
24885.0 12070.98546614676 0.06037251123956326 0.6107899807321773 23.0 68.0 0.0 
24885.0 12070.98546614676 0.06037251123956326 0.6107899807321773 23.0 68.0 0.0 
24885.0 12070.98546614676 0.06037251123956326 0.6107899807321773 23.0 68.0 0.0 
24885.0 12070.98546614676 0.06037251123956326 0.6107899807321773 23.0 68.0 0.0 
24885.0 12070.98546614676 0.06037251123956326 0.6107899807321773 23.0 68.0 0.0 
24885.0 12070.98546614676 0.06037251123956326 0.6107899807321773 23.0 68.0 0.0 
24885.0 12070.98546614676 0.06037251123956326 0.6107899807321773 23.0 68.0 0.0 
24885.0 12070.98546614676 0.06037251123956326 0.6107899807321773 23.0 68.0 0.0 
24885.0 12070.98546614676 0.06037251123956326 0.6107899807321773 23.0 68.0 0.0 
24885.0 12070.98546614676 0.06037251123956326 0.6107899807321773 23.0 68.0 0.0 
24885.0 12070.98546614676 0.06037251123956326 0.6107899807321773 23.0 68.0 0.0 
24885.0 12070.98546614676 0.06037251123956326 0.6107899807321773 23.0 68.0 0.0 
24885.0 12070.98546614676 0.06037251123956326 0.6107899807321773 23.0 68.0 0.0 
29010.0 10380.323640865812 0.09633911368015415 0.5632626846499679 33.0 76.0 1.32 
29010.0 10380.323640865812 0.09633911368015415 0.5632626846499679 33.0 76.0 1.32 
29010.0 10380.323640865812 0.09633911368015415 0.5632626846499679 33.0 76.0 1.32 
29010.0 10380.323640865812 0.09633911368015415 0.5632626846499679 33.0 76.0 1.32 
29010.0 10380.323640865812 0.09633911368015415 0.5632626846499679 33.0 76.0 1.32 
30115.0 9590.284793964507 0.09312780989081568 0.4964675658317277 39.0 66.0 1.1 
24885.0 12070.98546614676 0.06037251123956326 0.6107899807321773 23.0 68.0 0.0 
24885.0 12070.98546614676 0.06037251123956326 0.6107899807321773 23.0 68.0 0.0 
24885.0 12070.98546614676 0.06037251123956326 0.6107899807321773 23.0 68.0 0.0 
24885.0 12070.98546614676 0.06037251123956326 0.6107899807321773 23.0 68.0 0.0 
24885.0 12070.98546614676 0.06037251123956326 0.6107899807321773 23.0 68.0 0.0 
27145.0 10812.402424292522 0.1123956326268465 0.6210661528580603 31.0 73.0 0.32903225806451614 
24885.0 12070.98546614676 0.06037251123956326 0.6107899807321773 23.0 68.0 0.0 
29010.0 10380.323640865812 0.09633911368015415 0.5632626846499679 33.0 76.0 1.32 
29010.0 10380.323640865812 0.09633911368015415 0.5632626846499679 33.0 76.0 1.32 
29010.0 10380.323640865812 0.09633911368015415 0.5632626846499679 33.0 76.0 1.32 
29010.0 10380.323640865812 0.09633911368015415 0.5632626846499679 33.0 76.0 1.32 
29010.0 10380.323640865812 0.09633911368015415 0.5632626846499679 33.0 76.0 1.32 
29010.0 10380.323640865812 0.09633911368015415 0.5632626846499679 33.0 76.0 1.32 
29010.0 10380.323640865812 0.09633911368015415 0.5632626846499679 33.0 76.0 1.32 
29010.0 10380.323640865812 0.09633911368015415 0.5632626846499679 33.0 76.0 1.32 
29010.0 10380.323640865812 0.09633911368015415 0.5632626846499679 33.0 76.0 1.32 
29010.0 10380.323640865812 0.09633911368015415 0.5632626846499679 33.0 76.0 1.32 
29010.0 10380.323640865812 0.09633911368015415 0.5632626846499679 33.0 76.0 1.32 
29010.0 10380.323640865812 0.09633911368015415 0.5632626846499679 33.0 76.0 1.32 
29010.0 10380.323640865812 0.09633911368015415 0.5632626846499679 33.0 76.0 1.32 
29010.0 10380.323640865812 0.09633911368015415 0.5632626846499679 33.0 76.0 1.32 
29010.0 10380.323640865812 0.09633911368015415 0.5632626846499679 33.0 76.0 1.32 
40075.0 9334.228917458302 0.20680796403339757 0.5028901734104047 49.0 78.0 1.4705882352941178 
40075.0 9334.228917458302 0.20680796403339757 0.5028901734104047 49.0 78.0 1.4705882352941178 
40075.0 9334.228917458302 0.20680796403339757 0.5028901734104047 49.0 78.0 1.4705882352941178 
40075.0 9334.228917458302 0.20680796403339757 0.5028901734104047 49.0 78.0 1.4705882352941178 
40075.0 9334.228917458302 0.20680796403339757 0.5028901734104047 49.0 78.0 1.4705882352941178 
41500.0 8427.714138430078 0.1579961464354528 0.4932562620423892 53.0 86.0 2.3200000000000003 
25625.0 11411.014286917904 0.1252408477842004 0.6088631984585742 28.0 72.0 0.3956989247311828 
25625.0 11411.014286917904 0.1252408477842004 0.6088631984585742 28.0 72.0 0.3956989247311828 
25625.0 11411.014286917904 0.1252408477842004 0.6088631984585742 28.0 72.0 0.3956989247311828 
25625.0 11411.014286917904 0.1252408477842004 0.6088631984585742 28.0 72.0 0.3956989247311828 
25625.0 11411.014286917904 0.1252408477842004 0.6088631984585742 28.0 72.0 0.3956989247311828 
29010.0 10380.323640865812 0.09633911368015415 0.5632626846499679 33.0 76.0 1.32 
25625.0 11443.794759457413 0.13037893384714194 0.6088631984585742 27.0 68.0 0.0 
