29630.0 10836.244800950682 0.11624919717405266 0.4836223506743738 39.0 63.0 0.0 
29630.0 10836.244800950682 0.11624919717405266 0.4836223506743738 39.0 63.0 0.0 
29630.0 10836.244800950682 0.11624919717405266 0.4836223506743738 39.0 63.0 0.0 
29630.0 10836.244800950682 0.11624919717405266 0.4836223506743738 39.0 63.0 0.0 
25625.0 11443.794759457413 0.13037893384714194 0.6088631984585742 27.0 68.0 0.0 
25625.0 11443.794759457413 0.13037893384714194 0.6088631984585742 27.0 68.0 0.0 
29480.0 11283.660130718954 0.11753371868978806 0.4849068721901092 35.0 63.0 0.0 
25085.0 11865.018114415709 0.13037893384714194 0.6165703275529865 26.0 68.0 0.0 
25625.0 11443.794759457413 0.13037893384714194 0.6088631984585742 27.0 68.0 0.0 
25085.0 11865.018114415709 0.13037893384714194 0.6165703275529865 26.0 68.0 0.0 
29630.0 10836.244800950682 0.11624919717405266 0.4836223506743738 39.0 63.0 0.0 
29630.0 10836.244800950682 0.11624919717405266 0.4836223506743738 39.0 63.0 0.0 
29630.0 10836.244800950682 0.11624919717405266 0.4836223506743738 39.0 63.0 0.0 
25625.0 11443.794759457413 0.13037893384714194 0.6088631984585742 27.0 68.0 0.0 
25625.0 11443.794759457413 0.13037893384714194 0.6088631984585742 27.0 68.0 0.0 
25085.0 11865.018114415709 0.13037893384714194 0.6165703275529865 26.0 68.0 0.0 
28130.0 9837.96146254616 0.13872832369942195 0.5921644187540142 40.0 80.0 1.263157894736842 
29630.0 10836.244800950682 0.11624919717405266 0.4836223506743738 39.0 63.0 0.0 
25625.0 11443.794759457413 0.13037893384714194 0.6088631984585742 27.0 68.0 0.0 
29630.0 10836.244800950682 0.11624919717405266 0.4836223506743738 39.0 63.0 0.0 
29630.0 10836.244800950682 0.11624919717405266 0.4836223506743738 39.0 63.0 0.0 
29630.0 10836.244800950682 0.11624919717405266 0.4836223506743738 39.0 63.0 0.0 
29630.0 10836.244800950682 0.11624919717405266 0.4836223506743738 39.0 63.0 0.0 
25625.0 11443.794759457413 0.13037893384714194 0.6088631984585742 27.0 68.0 0.0 
25625.0 11443.794759457413 0.13037893384714194 0.6088631984585742 27.0 68.0 0.0 
25085.0 11865.018114415709 0.13037893384714194 0.6165703275529865 26.0 68.0 0.0 
28130.0 9837.96146254616 0.13872832369942195 0.5921644187540142 40.0 80.0 1.263157894736842 
29630.0 10836.244800950682 0.11624919717405266 0.4836223506743738 39.0 63.0 0.0 
25625.0 11443.794759457413 0.13037893384714194 0.6088631984585742 27.0 68.0 0.0 
28130.0 9824.317344013481 0.13872832369942195 0.5921644187540142 40.0 78.0 1.5333333333333332 
28130.0 9837.96146254616 0.13872832369942195 0.5921644187540142 40.0 80.0 1.263157894736842 
29630.0 10836.244800950682 0.11624919717405266 0.4836223506743738 39.0 63.0 0.0 
25625.0 11443.794759457413 0.13037893384714194 0.6088631984585742 27.0 68.0 0.0 
28130.0 9824.317344013481 0.13872832369942195 0.5921644187540142 40.0 78.0 1.5333333333333332 
28130.0 9824.317344013481 0.13872832369942195 0.5921644187540142 40.0 78.0 1.5333333333333332 
178975.0 5361.331728389506 0.39755940912010274 0.0 196.0 104.0 3.2962962962962963 
178975.0 5361.331728389506 0.39755940912010274 0.0 196.0 98.0 3.3703703703703702 
178975.0 5361.331728389506 0.39755940912010274 0.0 196.0 92.0 3.3703703703703702 
181045.0 5509.8160159261415 0.38985228002569045 0.04174694926140013 179.0 103.0 3.3703703703703702 
177790.0 5490.757491575391 0.43031470777135516 0.0 187.0 99.0 3.5458937198067635 
181045.0 5570.157205871287 0.38985228002569045 0.04174694926140013 179.0 99.0 3.4444444444444446 
178974.07120743033 5388.750397219068 0.39755940912010274 0.0 196.0 104.0 3.3703703703703702 
178974.07120743033 5388.750397219068 0.39755940912010274 0.0 196.0 104.0 3.3703703703703702 
177790.0 5476.916186413754 0.43031470777135516 0.0 187.0 90.0 3.3091787439613527 
178974.5283018868 5375.256618376847 0.39755940912010274 0.0 196.0 101.0 3.0976430976430978 
178974.5283018868 5375.256618376847 0.39755940912010274 0.0 196.0 101.0 3.0976430976430978 
178975.0 5370.361714759337 0.38664097623635196 0.0 207.0 99.0 3.982010582010582 
177790.0 5497.536760741676 0.43031470777135516 0.0 187.0 82.0 3.1739130434782608 
178974.5283018868 5375.256618376847 0.39755940912010274 0.0 196.0 101.0 3.0976430976430978 
178975.0 5361.331728389506 0.39755940912010274 0.0 196.0 98.0 3.3703703703703702 
178974.5283018868 5375.256618376847 0.39755940912010274 0.0 196.0 107.0 3.0235690235690234 
178975.0 5370.361714759337 0.38664097623635196 0.0 207.0 99.0 3.982010582010582 
178975.0 5361.331728389506 0.39755940912010274 0.0 196.0 104.0 3.2962962962962963 
178974.5283018868 5375.256618376847 0.39755940912010274 0.0 196.0 107.0 3.0235690235690234 
178975.0 5361.331728389506 0.39755940912010274 0.0 196.0 98.0 3.3703703703703702 
178975.0 5361.331728389506 0.39755940912010274 0.0 196.0 104.0 3.2962962962962963 
25085.0 11865.018114415709 0.13037893384714194 0.6165703275529865 26.0 68.0 0.0 
25085.0 11865.018114415709 0.13037893384714194 0.6165703275529865 26.0 68.0 0.0 
25085.0 11865.018114415709 0.13037893384714194 0.6165703275529865 26.0 68.0 0.0 
25085.0 11865.018114415709 0.13037893384714194 0.6165703275529865 26.0 68.0 0.0 
25085.0 11865.018114415709 0.13037893384714194 0.6165703275529865 26.0 68.0 0.0 
25085.0 11865.018114415709 0.13037893384714194 0.6165703275529865 26.0 68.0 0.0 
25085.0 11865.018114415709 0.13037893384714194 0.6165703275529865 26.0 68.0 0.0 
25085.0 11865.018114415709 0.13037893384714194 0.6165703275529865 26.0 68.0 0.0 
25085.0 11865.018114415709 0.13037893384714194 0.6165703275529865 26.0 68.0 0.0 
25085.0 11865.018114415709 0.13037893384714194 0.6165703275529865 26.0 68.0 0.0 
25085.0 11865.018114415709 0.13037893384714194 0.6165703275529865 26.0 68.0 0.0 
25085.0 11865.018114415709 0.13037893384714194 0.6165703275529865 26.0 68.0 0.0 
25085.0 11865.018114415709 0.13037893384714194 0.6165703275529865 26.0 68.0 0.0 
25085.0 11865.018114415709 0.13037893384714194 0.6165703275529865 26.0 68.0 0.0 
25085.0 11865.018114415709 0.13037893384714194 0.6165703275529865 26.0 68.0 0.0 
28130.0 9824.317344013481 0.13872832369942195 0.5921644187540142 40.0 78.0 1.5333333333333332 
28130.0 9824.317344013481 0.13872832369942195 0.5921644187540142 40.0 78.0 1.5333333333333332 
28130.0 9824.317344013481 0.13872832369942195 0.5921644187540142 40.0 78.0 1.5333333333333332 
28130.0 9824.317344013481 0.13872832369942195 0.5921644187540142 40.0 78.0 1.5333333333333332 
28130.0 9824.317344013481 0.13872832369942195 0.5921644187540142 40.0 78.0 1.5333333333333332 
31740.0 9403.166438730728 0.14900449582530506 0.5671162491971741 52.0 92.0 2.25103668261563 
25085.0 11865.018114415709 0.13037893384714194 0.6165703275529865 26.0 68.0 0.0 
25085.0 11865.018114415709 0.13037893384714194 0.6165703275529865 26.0 68.0 0.0 
25085.0 11865.018114415709 0.13037893384714194 0.6165703275529865 26.0 68.0 0.0 
25085.0 11865.018114415709 0.13037893384714194 0.6165703275529865 26.0 68.0 0.0 
25085.0 11865.018114415709 0.13037893384714194 0.6165703275529865 26.0 68.0 0.0 
26195.0 10951.533406352686 0.12395632626846499 0.6107899807321773 35.0 68.0 0.0 
25085.0 11865.018114415709 0.13037893384714194 0.6165703275529865 26.0 68.0 0.0 
28130.0 9824.317344013481 0.13872832369942195 0.5921644187540142 40.0 78.0 1.5333333333333332 
28130.0 9824.317344013481 0.13872832369942195 0.5921644187540142 40.0 78.0 1.5333333333333332 
28130.0 9824.317344013481 0.13872832369942195 0.5921644187540142 40.0 78.0 1.5333333333333332 
28130.0 9824.317344013481 0.13872832369942195 0.5921644187540142 40.0 78.0 1.5333333333333332 
28130.0 9824.317344013481 0.13872832369942195 0.5921644187540142 40.0 78.0 1.5333333333333332 
28130.0 9824.317344013481 0.13872832369942195 0.5921644187540142 40.0 78.0 1.5333333333333332 
28130.0 9824.317344013481 0.13872832369942195 0.5921644187540142 40.0 78.0 1.5333333333333332 
28130.0 9824.317344013481 0.13872832369942195 0.5921644187540142 40.0 78.0 1.5333333333333332 
28130.0 9824.317344013481 0.13872832369942195 0.5921644187540142 40.0 78.0 1.5333333333333332 
28130.0 9824.317344013481 0.13872832369942195 0.5921644187540142 40.0 78.0 1.5333333333333332 
28130.0 9824.317344013481 0.13872832369942195 0.5921644187540142 40.0 78.0 1.5333333333333332 
28130.0 9824.317344013481 0.13872832369942195 0.5921644187540142 40.0 78.0 1.5333333333333332 
28130.0 9824.317344013481 0.13872832369942195 0.5921644187540142 40.0 78.0 1.5333333333333332 
28130.0 9824.317344013481 0.13872832369942195 0.5921644187540142 40.0 78.0 1.5333333333333332 
28130.0 9824.317344013481 0.13872832369942195 0.5921644187540142 40.0 78.0 1.5333333333333332 
38900.0 8403.364070440046 0.15606936416184972 0.3924213230571612 57.0 69.0 2.0869565217391304 
38900.0 8369.996382777032 0.15606936416184972 0.3924213230571612 57.0 75.0 2.4347826086956523 
38900.0 8403.364070440046 0.15606936416184972 0.3924213230571612 57.0 69.0 2.0869565217391304 
38900.0 8369.996382777032 0.15606936416184972 0.3924213230571612 57.0 75.0 2.4347826086956523 
38900.0 8403.364070440046 0.15606936416184972 0.3924213230571612 57.0 69.0 2.0869565217391304 
41135.0 8066.2393087413275 0.12973667308927425 0.38599871547848424 61.0 80.0 2.439153439153439 
26195.0 10951.533406352686 0.12395632626846499 0.6107899807321773 35.0 68.0 0.0 
26195.0 10951.533406352686 0.12395632626846499 0.6107899807321773 35.0 68.0 0.0 
26195.0 10951.533406352686 0.12395632626846499 0.6107899807321773 35.0 68.0 0.0 
26195.0 10951.533406352686 0.12395632626846499 0.6107899807321773 35.0 68.0 0.0 
26195.0 10951.533406352686 0.12395632626846499 0.6107899807321773 35.0 68.0 0.0 
28130.0 9824.317344013481 0.13872832369942195 0.5921644187540142 40.0 78.0 1.5333333333333332 
25625.0 11411.014286917904 0.1252408477842004 0.6088631984585742 28.0 72.0 0.3956989247311828 
