27470.0 10797.27058412745 0.1014771997430957 0.6217084136159281 34.0 75.0 0.2882352941176471 
31470.0 11763.205174542933 0.055876685934489405 0.4707771355170199 33.0 63.0 0.0 
31470.0 11763.205174542933 0.055876685934489405 0.4707771355170199 33.0 63.0 0.0 
31470.0 11763.205174542933 0.055876685934489405 0.4707771355170199 33.0 63.0 0.0 
26370.0 11933.17674398488 0.14129736673089274 0.5934489402697495 24.0 68.0 0.0 
28710.0 11860.928705440903 0.10789980732177264 0.565189466923571 26.0 68.0 0.0 
29010.0 11459.80074142725 0.1014771997430957 0.5632626846499679 32.0 68.0 0.0 
25675.0 12027.845361238475 0.06679511881824021 0.6043673731535003 23.0 68.0 0.0 
25675.0 12027.845361238475 0.06679511881824021 0.6043673731535003 23.0 68.0 0.0 
25675.0 12027.845361238475 0.06679511881824021 0.6043673731535003 23.0 68.0 0.0 
27470.0 10797.27058412745 0.1014771997430957 0.6217084136159281 34.0 75.0 0.2882352941176471 
31470.0 11763.205174542933 0.055876685934489405 0.4707771355170199 33.0 63.0 0.0 
31470.0 11763.205174542933 0.055876685934489405 0.4707771355170199 33.0 63.0 0.0 
28065.0 11925.82417582418 0.07642903018625562 0.5928066795118818 24.0 76.0 1.6 
31090.0 11738.33255159475 0.12909441233140656 0.5472061657032755 28.0 68.0 0.0 
25675.0 12027.845361238475 0.06679511881824021 0.6043673731535003 23.0 68.0 0.0 
29010.0 10380.323640865812 0.09633911368015415 0.5632626846499679 33.0 76.0 1.32 
31470.0 11763.205174542933 0.055876685934489405 0.4707771355170199 33.0 63.0 0.0 
28065.0 11925.82417582418 0.07642903018625562 0.5928066795118818 24.0 76.0 1.6 
30515.0 10680.00262069196 0.10533076429030186 0.5478484264611432 31.0 70.0 1.1333333333333333 
27470.0 10797.27058412745 0.1014771997430957 0.6217084136159281 34.0 75.0 0.2882352941176471 
31470.0 11763.205174542933 0.055876685934489405 0.4707771355170199 33.0 63.0 0.0 
31470.0 11763.205174542933 0.055876685934489405 0.4707771355170199 33.0 63.0 0.0 
28065.0 11925.82417582418 0.07642903018625562 0.5928066795118818 24.0 76.0 1.6 
31090.0 11738.33255159475 0.12909441233140656 0.5472061657032755 28.0 68.0 0.0 
25675.0 12027.845361238475 0.06679511881824021 0.6043673731535003 23.0 68.0 0.0 
29010.0 10380.323640865812 0.09633911368015415 0.5632626846499679 33.0 76.0 1.32 
31470.0 11763.205174542933 0.055876685934489405 0.4707771355170199 33.0 63.0 0.0 
28065.0 11925.82417582418 0.07642903018625562 0.5928066795118818 24.0 76.0 1.6 
29010.0 10380.323640865812 0.09633911368015415 0.5632626846499679 33.0 76.0 1.32 
29010.0 10380.323640865812 0.09633911368015415 0.5632626846499679 33.0 76.0 1.32 
31470.0 11763.205174542933 0.055876685934489405 0.4707771355170199 33.0 63.0 0.0 
28065.0 11925.82417582418 0.07642903018625562 0.5928066795118818 24.0 76.0 1.6 
29010.0 10380.323640865812 0.09633911368015415 0.5632626846499679 33.0 76.0 1.32 
29010.0 10380.323640865812 0.09633911368015415 0.5632626846499679 33.0 76.0 1.32 
140059.05511811023 5791.903635582084 0.44508670520231214 0.011560693641618497 183.0 113.0 4.1521377331420375 
140060.0 5771.721833756276 0.45407835581245987 0.011560693641618497 177.0 97.0 3.3200000000000003 
140060.0 5771.721833756276 0.45407835581245987 0.011560693641618497 177.0 97.0 3.3200000000000003 
140059.99999999997 5917.944407292734 0.45407835581245987 0.011560693641618497 177.0 103.0 3.2439024390243905 
140059.99999999997 5917.944407292734 0.45407835581245987 0.011560693641618497 177.0 103.0 3.2439024390243905 
140060.0 5930.139684280847 0.45407835581245987 0.011560693641618497 177.0 98.0 3.5707317073170732 
140059.05511811023 5791.903635582084 0.44508670520231214 0.011560693641618497 183.0 113.0 4.1521377331420375 
140060.0 5771.721833756276 0.45407835581245987 0.011560693641618497 177.0 97.0 3.3200000000000003 
140059.99999999997 5917.944407292734 0.45407835581245987 0.011560693641618497 177.0 103.0 3.2439024390243905 
140059.05511811023 5791.903635582084 0.44508670520231214 0.011560693641618497 183.0 113.0 4.1521377331420375 
140059.05511811023 5791.903635582084 0.44508670520231214 0.011560693641618497 183.0 113.0 4.1521377331420375 
140060.0 5771.721833756276 0.45407835581245987 0.011560693641618497 177.0 97.0 3.3200000000000003 
140059.99999999997 5917.944407292734 0.45407835581245987 0.011560693641618497 177.0 103.0 3.2439024390243905 
140059.05511811023 5791.903635582084 0.44508670520231214 0.011560693641618497 183.0 113.0 4.1521377331420375 
140059.05511811023 5791.903635582084 0.44508670520231214 0.011560693641618497 183.0 113.0 4.1521377331420375 
140059.52 5778.183950542713 0.44508670520231214 0.011560693641618497 183.0 110.0 3.879410460414765 
140060.0 5771.721833756276 0.45407835581245987 0.011560693641618497 177.0 97.0 3.3200000000000003 
140060.0 5836.896290635801 0.45407835581245987 0.011560693641618497 177.0 91.0 3.605714285714286 
140059.52 5778.183950542713 0.44508670520231214 0.011560693641618497 183.0 110.0 3.879410460414765 
140059.52 5778.183950542713 0.44508670520231214 0.011560693641618497 183.0 110.0 3.879410460414765 
140060.0 5764.018096884177 0.44508670520231214 0.011560693641618497 183.0 107.0 4.1521377331420375 
24885.0 12070.98546614676 0.06037251123956326 0.6107899807321773 23.0 68.0 0.0 
24885.0 12070.98546614676 0.06037251123956326 0.6107899807321773 23.0 68.0 0.0 
24885.0 12070.98546614676 0.06037251123956326 0.6107899807321773 23.0 68.0 0.0 
24885.0 12070.98546614676 0.06037251123956326 0.6107899807321773 23.0 68.0 0.0 
24885.0 12070.98546614676 0.06037251123956326 0.6107899807321773 23.0 68.0 0.0 
24885.0 12070.98546614676 0.06037251123956326 0.6107899807321773 23.0 68.0 0.0 
24885.0 12070.98546614676 0.06037251123956326 0.6107899807321773 23.0 68.0 0.0 
24885.0 12070.98546614676 0.06037251123956326 0.6107899807321773 23.0 68.0 0.0 
24885.0 12070.98546614676 0.06037251123956326 0.6107899807321773 23.0 68.0 0.0 
24885.0 12070.98546614676 0.06037251123956326 0.6107899807321773 23.0 68.0 0.0 
24885.0 12070.98546614676 0.06037251123956326 0.6107899807321773 23.0 68.0 0.0 
24885.0 12070.98546614676 0.06037251123956326 0.6107899807321773 23.0 68.0 0.0 
24885.0 12070.98546614676 0.06037251123956326 0.6107899807321773 23.0 68.0 0.0 
24885.0 12070.98546614676 0.06037251123956326 0.6107899807321773 23.0 68.0 0.0 
24885.0 12070.98546614676 0.06037251123956326 0.6107899807321773 23.0 68.0 0.0 
29010.0 10380.323640865812 0.09633911368015415 0.5632626846499679 33.0 76.0 1.32 
29010.0 10380.323640865812 0.09633911368015415 0.5632626846499679 33.0 76.0 1.32 
29010.0 10380.323640865812 0.09633911368015415 0.5632626846499679 33.0 76.0 1.32 
29010.0 10380.323640865812 0.09633911368015415 0.5632626846499679 33.0 76.0 1.32 
29010.0 10380.323640865812 0.09633911368015415 0.5632626846499679 33.0 76.0 1.32 
31145.0 10198.717948717946 0.10982658959537572 0.552344251766217 36.0 77.0 1.32 
24885.0 12070.98546614676 0.06037251123956326 0.6107899807321773 23.0 68.0 0.0 
24885.0 12070.98546614676 0.06037251123956326 0.6107899807321773 23.0 68.0 0.0 
24885.0 12070.98546614676 0.06037251123956326 0.6107899807321773 23.0 68.0 0.0 
24885.0 12070.98546614676 0.06037251123956326 0.6107899807321773 23.0 68.0 0.0 
24885.0 12070.98546614676 0.06037251123956326 0.6107899807321773 23.0 68.0 0.0 
27470.0 10797.27058412745 0.1014771997430957 0.6217084136159281 34.0 75.0 0.2882352941176471 
24885.0 12070.98546614676 0.06037251123956326 0.6107899807321773 23.0 68.0 0.0 
29010.0 10380.323640865812 0.09633911368015415 0.5632626846499679 33.0 76.0 1.32 
29010.0 10380.323640865812 0.09633911368015415 0.5632626846499679 33.0 76.0 1.32 
29010.0 10380.323640865812 0.09633911368015415 0.5632626846499679 33.0 76.0 1.32 
29010.0 10380.323640865812 0.09633911368015415 0.5632626846499679 33.0 76.0 1.32 
29010.0 10380.323640865812 0.09633911368015415 0.5632626846499679 33.0 76.0 1.32 
29010.0 10380.323640865812 0.09633911368015415 0.5632626846499679 33.0 76.0 1.32 
29010.0 10380.323640865812 0.09633911368015415 0.5632626846499679 33.0 76.0 1.32 
29010.0 10380.323640865812 0.09633911368015415 0.5632626846499679 33.0 76.0 1.32 
29010.0 10380.323640865812 0.09633911368015415 0.5632626846499679 33.0 76.0 1.32 
29010.0 10380.323640865812 0.09633911368015415 0.5632626846499679 33.0 76.0 1.32 
29010.0 10380.323640865812 0.09633911368015415 0.5632626846499679 33.0 76.0 1.32 
29010.0 10380.323640865812 0.09633911368015415 0.5632626846499679 33.0 76.0 1.32 
29010.0 10380.323640865812 0.09633911368015415 0.5632626846499679 33.0 76.0 1.32 
29010.0 10380.323640865812 0.09633911368015415 0.5632626846499679 33.0 76.0 1.32 
29010.0 10380.323640865812 0.09633911368015415 0.5632626846499679 33.0 76.0 1.32 
39900.0 8939.116479925304 0.1252408477842004 0.38599871547848424 51.0 72.0 2.3684210526315788 
39900.0 8939.116479925304 0.1252408477842004 0.38599871547848424 51.0 72.0 2.3684210526315788 
39900.0 8908.058684466694 0.1252408477842004 0.38599871547848424 51.0 78.0 2.583157894736842 
39900.0 8908.058684466694 0.1252408477842004 0.38599871547848424 51.0 78.0 2.583157894736842 
39900.0 8939.116479925304 0.1252408477842004 0.38599871547848424 51.0 72.0 2.3684210526315788 
43335.0 8707.404575423401 0.12395632626846499 0.37764932562620424 55.0 89.0 2.3200000000000003 
25760.0 11043.37088425531 0.10340398201669879 0.6332691072575466 32.0 72.0 0.0 
25760.0 11043.37088425531 0.10340398201669879 0.6332691072575466 32.0 72.0 0.0 
25760.0 11043.37088425531 0.10340398201669879 0.6332691072575466 32.0 72.0 0.0 
25760.0 11043.37088425531 0.10340398201669879 0.6332691072575466 32.0 72.0 0.0 
25760.0 11043.37088425531 0.10340398201669879 0.6332691072575466 32.0 72.0 0.0 
29010.0 10380.323640865812 0.09633911368015415 0.5632626846499679 33.0 76.0 1.32 
24995.0 11709.489281210595 0.1233140655105973 0.6056518946692357 28.0 68.0 0.0 
