381940.0 22774.05372456121 0.08975385640245367 0.7752266496499783 340.0 124.0 0.0 
385255.0 23171.02875547989 0.09454696368021415 0.7699366958861086 334.0 122.0 0.0 
385255.0 23171.02875547989 0.09454641103577274 0.7699321954641104 334.0 122.0 0.0 
399120.0 23450.38317726763 0.09960252513444003 0.7627425765723638 342.0 121.0 0.0 
389290.0 23570.037711930265 0.08954927255829177 0.7729177748291723 326.0 125.0 0.0 
389290.0 23570.037711930265 0.08954927255829177 0.7729177748291723 326.0 125.0 0.0 
394445.0 23341.266486949047 0.09516071522187859 0.7675109159833396 332.0 123.0 0.0 
389290.0 23570.037711930265 0.08954927255829177 0.7729177748291725 326.0 125.0 0.0 
389290.0 23570.037711930265 0.08954927255829177 0.7729177748291725 326.0 125.0 0.0 
389290.0 23570.037711930265 0.08954927255829177 0.7729177748291723 326.0 125.0 0.0 
381940.0 22774.05372456121 0.08975385640552026 0.7752266496764653 340.0 124.0 0.0 
385255.0 23171.02875547989 0.09454641103577274 0.7699321954641104 334.0 122.0 0.0 
385255.0 23171.02875547989 0.09454696368021415 0.7699366958861086 334.0 122.0 0.0 
389290.0 23570.037711930265 0.08954927255829177 0.7729177748291725 326.0 125.0 0.0 
389290.0 23570.037711930265 0.08954927255829177 0.7729177748291723 326.0 125.0 0.0 
389290.0 23570.037711930265 0.08954927255829177 0.7729177748291723 326.0 125.0 0.0 
381940.0 22774.05372456121 0.08975385640245367 0.7752266496499783 340.0 124.0 0.0 
385255.0 23171.02875547989 0.09454641103577274 0.7699321954641104 334.0 122.0 0.0 
389290.0 23570.037711930265 0.08954927255829177 0.7729177748291723 326.0 125.0 0.0 
381940.0 22774.05372456121 0.08975385640245367 0.7752266496499783 340.0 124.0 0.0 
381940.0 22774.05372456121 0.08975385640245367 0.7752266496499783 340.0 124.0 0.0 
385255.0 23171.02875547989 0.09454696368021415 0.7699366958861086 334.0 122.0 0.0 
385255.0 23171.02875547989 0.09454696368021415 0.7699366958861086 334.0 122.0 0.0 
389290.0 23570.037711930265 0.08954927255523219 0.7729177748027645 326.0 125.0 0.0 
389290.0 23570.037711930265 0.08954874912321721 0.7729132569558101 326.0 125.0 0.0 
389290.0 23570.037711930265 0.08954927255523219 0.7729177748027645 326.0 125.0 0.0 
381940.0 22774.05372456121 0.08975385640552026 0.7752266496764653 340.0 124.0 0.0 
385255.0 23171.02875547989 0.09454641103577274 0.7699321954641104 334.0 122.0 0.0 
389290.0 23570.037711930265 0.08954927255523219 0.7729177748027645 326.0 125.0 0.0 
381940.0 22774.05372456121 0.08975385640552026 0.7752266496764653 340.0 124.0 0.0 
381940.0 22774.05372456121 0.08975385640552026 0.7752266496764653 340.0 124.0 0.0 
385255.0 23171.02875547989 0.09454696368021415 0.7699366958861086 334.0 122.0 0.0 
389290.0 23570.037711930265 0.08954927255523219 0.7729177748027645 326.0 125.0 0.0 
381940.0 22774.05372456121 0.08975333177460837 0.7752221183072247 340.0 124.0 0.0 
381940.0 22774.05372456121 0.08975333177460837 0.7752221183072247 340.0 124.0 0.0 
3821115.0000000005 9526.15637732186 0.42009833679992953 0.244156039232298 4035.0 203.0 8.314102564102564 
3294250.0 9832.537353851507 0.3626685982494126 0.3108796297659803 3325.0 183.0 9.242923782416192 
2909484.9999999995 9149.122837433702 0.25572998499576566 0.3690395670790494 3109.0 189.0 8.64499484004128 
2666375.0000000005 10538.305808062058 0.31745567837098587 0.39315170184445264 2671.0 182.0 7.768115942028985 
2666375.0000000005 10538.305808062058 0.31745567837098587 0.39315170184445264 2671.0 182.0 7.768115942028985 
2383140.0 12496.083771182357 0.34042753835906814 0.43909503556640883 2053.0 165.0 7.36090272568142 
3294250.0 9832.537353851507 0.3626685982494126 0.3108796297659803 3325.0 183.0 9.242923782416192 
4020629.2544926396 9673.957923377304 0.43728327951678714 0.19423787229285447 4488.0 211.0 8.503561253561253 
2666375.0000000005 10538.305808062058 0.31745567837098587 0.39315170184445264 2671.0 182.0 7.768115942028985 
4032240.0000000005 9596.136510555854 0.4499383807571665 0.22752639229004568 4032.0 183.0 7.986111111111111 
2892130.0000000005 8870.87749127894 0.3225702844488102 0.36699401268941334 3040.0 187.0 8.844842284739983 
2892130.0000000005 8870.87749127894 0.3225702844488102 0.36699401268941334 3040.0 187.0 8.844842284739983 
2666375.0000000005 10538.305812805054 0.3174557082668018 0.3931515489479348 2671.0 182.0 7.768115942028985 
4020629.2544926396 9673.957923377304 0.43728327951678714 0.19423787229285447 4488.0 211.0 8.503561253561253 
3586775.0 9272.263142343238 0.3629003974748656 0.28705868599485623 3553.0 180.0 8.863366024656347 
3450320.0 9260.600529345806 0.29761097634484207 0.28913542866427266 3468.0 220.0 9.17918532428138 
3586775.0 9272.263142343238 0.3629003974748656 0.28705868599485623 3553.0 180.0 8.863366024656347 
2997235.0000000005 10483.543416739674 0.26639750896116193 0.38981931924178026 2756.0 168.0 7.214285714285714 
3450320.0 9260.600529345806 0.29761097634484207 0.28913542866427266 3468.0 220.0 9.17918532428138 
4059705.0 9445.23552842463 0.4234597319542354 0.21519186154590694 4314.0 205.0 8.503561253561253 
4059705.0 9445.23552842463 0.4234597319542354 0.21519186154590694 4314.0 205.0 8.503561253561253 
375540.0 24061.606468683494 0.08975385640552024 0.7752266496764652 328.0 128.0 0.0 
375540.0 24061.606468683494 0.08975333177460837 0.7752221183072247 328.0 128.0 0.0 
375540.0 24061.606468683494 0.08975385640552026 0.7752266496764653 328.0 128.0 0.0 
375540.0 24061.606468683494 0.08975385640245367 0.7752266496499783 328.0 128.0 0.0 
375540.0 24061.606468683494 0.08975385640552024 0.7752266496764652 328.0 128.0 0.0 
375540.0 24061.606468683494 0.08975385640552024 0.7752266496764652 328.0 128.0 0.0 
375540.0 24061.606468683494 0.08975385640552026 0.7752266496764653 328.0 128.0 0.0 
375540.0 24061.606468683494 0.08975385640245367 0.7752266496499783 328.0 128.0 0.0 
375540.0 24061.606468683494 0.08975333177460837 0.7752221183072247 328.0 128.0 0.0 
375540.0 24061.606468683494 0.08975333177460837 0.7752221183072247 328.0 128.0 0.0 
375540.0 24061.606468683494 0.08975385640552024 0.7752266496764652 328.0 128.0 0.0 
375540.0 24061.606468683494 0.08975385640552026 0.7752266496764653 328.0 128.0 0.0 
375540.0 24061.606468683494 0.08975385640552026 0.7752266496764653 328.0 128.0 0.0 
375540.0 24061.606468683494 0.08975385640552026 0.7752266496764653 328.0 128.0 0.0 
375540.0 24061.606468683494 0.08975333177460837 0.7752221183072247 328.0 128.0 0.0 
381940.0 22774.05372456121 0.08975385640552026 0.7752266496764653 340.0 124.0 0.0 
381940.0 22774.05372456121 0.08975385640579484 0.7752266496760007 340.0 124.0 0.0 
381940.0 22774.05372456121 0.08975385640579484 0.7752266496760007 340.0 124.0 0.0 
381940.0 22774.05372456121 0.08975385640552024 0.7752266496764652 340.0 124.0 0.0 
381940.0 22774.05372456121 0.08975385640245367 0.7752266496499783 340.0 124.0 0.0 
398345.0 22538.45183424131 0.09612462006079027 0.7675064297404723 349.0 124.0 0.0 
375540.0 24061.606468683494 0.08975333177460837 0.7752221183072247 328.0 128.0 0.0 
375540.0 24061.606468683494 0.08975333177460837 0.7752221183072247 328.0 128.0 0.0 
375540.0 24061.606468683494 0.08975385640552026 0.7752266496764653 328.0 128.0 0.0 
375540.0 24061.606468683494 0.08975385640245367 0.7752266496499783 328.0 128.0 0.0 
375540.0 24061.606468683494 0.08975385640552026 0.7752266496764653 328.0 128.0 0.0 
381940.0 22774.05372456121 0.08975333177460837 0.7752221183072247 340.0 124.0 0.0 
375540.0 24061.606468683494 0.08975385640552026 0.7752266496764653 328.0 128.0 0.0 
381940.0 22774.05372456121 0.08975385640552026 0.7752266496764653 340.0 124.0 0.0 
381940.0 22774.05372456121 0.08975333177460837 0.7752221183072247 340.0 124.0 0.0 
381940.0 22774.05372456121 0.08975333177460837 0.7752221183072247 340.0 124.0 0.0 
381940.0 22774.05372456121 0.08975333177460837 0.7752221183072247 340.0 124.0 0.0 
381940.0 22774.05372456121 0.08975385640245367 0.7752266496499783 340.0 124.0 0.0 
381940.0 22774.05372456121 0.08975390338150202 0.7752265702126784 340.0 124.0 0.0 
381940.0 22774.05372456121 0.08975333177460837 0.7752221183072247 340.0 124.0 0.0 
381940.0 22774.05372456121 0.08975333177460837 0.7752221183072247 340.0 124.0 0.0 
381940.0 22774.05372456121 0.08975390338150202 0.7752265702126784 340.0 124.0 0.0 
381940.0 22774.05372456121 0.08975385640579484 0.7752266496760007 340.0 124.0 0.0 
381940.0 22774.05372456121 0.08975385640552026 0.7752266496764653 340.0 124.0 0.0 
381940.0 22774.05372456121 0.08975333177460837 0.7752221183072247 340.0 124.0 0.0 
381940.0 22774.05372456121 0.08975333177460837 0.7752221183072247 340.0 124.0 0.0 
381940.0 22774.05372456121 0.08975385640245367 0.7752266496499783 340.0 124.0 0.0 
381940.0 22774.05372456121 0.08975333177460837 0.7752221183072247 340.0 124.0 0.0 
429435.0 21244.355641695453 0.09878419452887538 0.7561374795417348 391.0 128.0 1.4444444444444444 
429435.0 21244.355641695453 0.09878477194408772 0.7561418993306028 391.0 128.0 1.4444444444444444 
429435.0 21244.355641695453 0.09878477194408772 0.7561418993306028 391.0 128.0 1.4444444444444444 
429435.0 21244.355641695453 0.09878477194746285 0.7561418993564375 391.0 128.0 1.4444444444444444 
429435.0 21244.355641695453 0.09878477194746285 0.7561418993564375 391.0 128.0 1.4444444444444444 
459380.0 21139.122752323638 0.10401566518587795 0.7496785129763853 417.0 128.0 1.2857142857142856 
375540.0 24061.606468683494 0.08975385640552024 0.7752266496764652 328.0 128.0 0.0 
375540.0 24061.606468683494 0.08975385640552024 0.7752266496764652 328.0 128.0 0.0 
375540.0 24061.606468683494 0.08975333177460837 0.7752221183072247 328.0 128.0 0.0 
375540.0 24061.606468683494 0.08975385640245367 0.7752266496499783 328.0 128.0 0.0 
375540.0 24061.606468683494 0.08975385640552024 0.7752266496764652 328.0 128.0 0.0 
381940.0 22774.05372456121 0.08975333177460837 0.7752221183072247 340.0 124.0 0.0 
375540.0 24061.606468683494 0.08975385640245367 0.7752266496499783 328.0 128.0 0.0 
