[26, 8, 12, 22, 25, 11, 14, 7, 27, 29][4, 14, 9, 1, 24, 23][18, 13, 6, 2, 7, 20][13, 0, 28, 16][2, 15, 21][0, 17][7, 10][0, 19][5, 6][11, 25][3, 11][8, 12] 
[0, 26, 8, 12, 22, 25, 11, 14, 4, 23, 24, 1, 9][11, 17, 0, 22, 19, 18, 13, 6, 16][8, 19, 17, 28, 7, 2, 15, 5, 21][26, 8, 19, 22, 25, 7, 27, 29][3, 11, 25, 22, 12, 8, 26][12, 0, 13][2, 6][14, 20][6, 10][6, 15][10, 21][0, 28] 
[19, 22, 18, 17, 28, 7, 2, 29, 10, 27, 15, 5, 6, 21][9, 1, 24, 20, 23, 4, 3, 14, 11, 25, 22, 12, 8, 26][0, 26][12, 22][0, 13][23, 24][7, 16][3, 11][0, 26][6, 10][7, 16][2, 15] 
[26, 8, 12, 22, 25, 11, 3, 4, 23, 24, 1, 9, 14, 7, 28][3, 24, 4, 23, 14, 7, 2, 10, 21, 5, 6, 13, 0, 19, 8][3, 14, 7, 10, 29, 15, 21, 2, 16, 6, 13, 18, 12, 0, 19][12, 22, 18, 19, 8, 26, 0, 28, 16, 15, 21, 10, 6, 13][1, 24, 23, 4, 3, 11, 25, 22, 12, 8, 26][17, 28, 0, 18][21, 2, 29, 27][5, 6, 16, 7][0, 13, 6][3, 14][14, 20][9, 14] 
[0, 18, 13, 6, 21, 15, 16, 10, 7, 25, 28, 17, 19, 22, 12][17, 22, 0, 12, 8, 19, 18, 13, 6, 15, 10, 29, 2, 7, 20][4, 24, 7, 16, 27, 10, 21, 15, 6, 13, 18, 12, 22, 0, 19][5, 15, 27, 29, 2, 21, 6, 13, 18, 22, 0, 17, 19, 12, 8][2, 21, 6, 15, 16, 7, 24, 3, 4, 20, 23, 9, 1, 14][0, 26, 8, 12, 22, 25, 11, 14, 4, 23, 1, 9][18, 0, 28, 16, 10, 21][0, 25, 7, 10, 15, 29][24, 20, 7, 28][5, 15, 27][1, 3][0, 19] 
[0, 28, 16, 6, 2, 21, 10, 27, 7, 4, 23, 20, 14, 11, 3][0, 17, 11, 3, 24, 23, 4, 20, 7, 25, 22, 19, 12, 18, 13][0, 19, 12, 17, 11, 3, 23, 20, 7, 4, 1, 14, 24][9, 1, 24, 20, 4, 14, 11, 25, 22, 12][12, 17, 18, 22, 0, 19, 8, 26][18, 13, 6, 2, 7, 20][16, 6, 5, 15, 27][4, 14, 23][21, 15, 29][8, 12][10, 29][19, 22] 
[4, 1, 3, 23, 24, 14, 7, 27, 29, 2, 16, 15, 5, 6, 13][8, 26, 0, 25, 7, 27, 29, 2, 21, 6, 5, 15, 10, 16, 28][0, 26, 8, 12, 22, 25, 11, 14, 3, 23, 24, 1, 9][9, 3, 4, 14, 23, 1, 24, 20, 7, 28, 16, 2, 15][9, 14, 24, 4, 3, 11, 25, 22, 19][18, 0, 28, 16, 10, 21][5, 15, 27, 29][10, 7, 20][13, 18][17, 22][2, 16][18, 19] 
[19, 18, 13, 0, 26, 8, 12, 17, 28, 16, 7, 10, 6, 2, 29][0, 26, 8, 12, 22, 25, 11, 3, 4, 23, 20, 24, 1, 9][5, 6, 10, 27, 29, 15, 16, 28, 0, 18, 17, 11][19, 17, 11, 14, 24][19, 17, 11, 14, 24][0, 18][15, 21][27, 29][18, 19][12, 19][12, 22][15, 21] 
[0, 26, 8, 12, 22, 25, 11, 3, 24, 1][6, 10, 2, 7, 4, 1, 14, 20, 23][7, 16, 28, 0, 17, 11, 14, 23][21, 5, 15, 27, 2, 7, 28][0, 18][0, 13][9, 14][0, 19][27, 29][17, 19][7, 16][27, 29] 
[8, 12, 22, 25, 11, 14, 3, 4, 23, 20, 24, 1, 9][25, 28, 7, 10, 16, 2, 6, 5, 21, 15, 27, 29][13, 0, 18][7, 16][0, 19][12, 17][10, 27][8, 26][0, 26][0, 26][10, 27][0, 26] 
[0, 19, 22, 18, 17, 28, 7, 2, 29, 10, 27, 15][17, 28, 7, 2, 10, 15, 5, 6, 21][9, 1, 24, 20, 23, 4, 3, 14][4, 24, 7, 2, 29][12, 8, 26][0, 19][0, 12][0, 13][16, 28][2, 7][3, 11][7, 25] 
[5, 6, 10, 27, 29, 15, 16, 28, 0, 18, 17, 11][9, 1, 24, 20, 23, 4, 3, 14, 11, 25, 22][12, 0, 13][8, 12][12, 19][7, 16][2, 7][0, 26][10, 21][0, 26][2, 7][16, 27] 
[5, 15, 27, 29, 2, 10, 7, 16, 28, 17, 0, 18, 12, 22, 25][11, 3, 24, 23, 4, 1, 9, 14, 20, 7, 25, 22, 19, 17, 18][0, 26, 8, 12, 22, 25, 11, 14, 4, 23, 1, 9][0, 26, 8, 12, 22, 25, 11, 14, 4, 23, 1, 9][5, 6, 2, 15, 10, 16, 28, 0, 18, 12, 19][15, 21, 5, 6, 10, 7, 24, 3, 11, 25][18, 13, 6, 2, 7, 20][0, 26, 8, 12, 22, 25][24, 20, 7, 28][4, 14, 23][15, 29][2, 7] 
[12, 17, 19, 0, 25, 22, 18, 13, 6, 5, 15, 10, 27, 16, 28][28, 16, 6, 13, 0, 17, 11, 3, 24, 4, 7, 2, 21, 10, 29][0, 13, 6, 2, 16, 27, 7, 25, 11, 17, 12, 8, 26][1, 3, 11, 17, 12, 22, 25, 7, 20, 23, 14, 9][10, 7, 24, 3, 11, 25][6, 15, 29][6, 15, 29][8, 26][13, 18][12, 19][12, 17][17, 18] 
[6, 13, 18, 19, 22, 12, 8, 26][21, 15, 29, 2, 7, 28, 17, 22][9, 1, 24, 3, 11, 25, 22][4, 1, 14, 20, 23][0, 18][7, 10][10, 16][27, 29][7, 28][18, 22][0, 19][5, 15] 
[6, 13, 18, 0, 26, 8, 19, 17, 28, 7, 2, 15][8, 12, 22, 25, 11, 14, 4, 20, 24, 1, 9][9, 1, 23, 14, 11, 17, 18, 22, 12, 8, 26][21, 5, 6, 16, 28, 0, 19, 8, 26][12, 17, 11, 14, 7, 2, 6, 13, 18][0, 22, 25, 7, 16, 6, 21, 15, 29][6, 15, 27, 2, 7, 28, 17][0, 22, 25, 7, 10, 15, 29][19, 0, 28, 16, 15, 21][19, 0, 28, 16, 15, 21][3, 24][0, 18] 
[8, 12, 22, 25, 11, 3, 4, 20, 24, 1, 9][21, 5, 15, 27, 29, 2, 7, 28, 17, 22][17, 28, 16, 6, 13, 0, 26][23, 24][10, 21][0, 19][7, 14][8, 12][17, 18][3, 11][10, 15][8, 12] 
[0, 26, 8, 12, 22, 25, 11, 14, 3, 4, 23, 20, 24, 1, 9][5, 21, 10, 2, 6, 13, 18, 17, 0, 12, 8, 26][8, 12, 22, 25, 11, 3, 23, 20, 24, 1, 9][19, 0, 28, 16, 27, 15, 21][19, 0, 28, 16, 27, 15, 21][27, 10, 29, 2, 7, 28][8, 12][0, 13][19, 22][1, 3][1, 23][12, 22] 
[4, 1, 3, 11, 17, 12, 22, 25, 7, 20, 14, 9][4, 24, 3, 11, 17, 22, 25, 7, 20, 23, 9][18, 0, 28, 16, 10, 21][5, 21, 15, 27, 29][12, 8, 26][6, 15, 29][5, 15, 29][7, 16][0, 19][0, 13][2, 7][17, 18] 
[19, 22, 18, 17, 28, 7, 2, 29, 10, 27, 15, 5, 6, 21][8, 12, 22, 25, 11, 14, 3, 4, 23, 20, 24, 1, 9][14, 23][0, 26][13, 18][16, 28][0, 26][13, 18][0, 13][15, 27][7, 10][7, 28] 
[19, 17, 28, 7, 2, 29, 27, 15, 5, 21][8, 12, 22, 25, 11, 14, 20, 24, 1, 9][0, 18, 13, 6][5, 15][17, 22][1, 3][14, 23][0, 28][4, 14][7, 16][7, 10][8, 26] 
[0, 26, 8, 12, 22, 25, 11, 14, 20, 24, 1, 9, 23, 4, 7][0, 12, 22, 25, 28, 7, 10, 16, 2, 6, 5, 21, 15, 27, 29][14, 4, 20, 23, 9, 1, 3, 24, 7, 10, 2, 6, 21, 15, 29][4, 23, 14, 7, 20, 24, 1, 9, 3, 11, 25, 22, 12, 0, 26][10, 16, 2, 7, 25, 11, 17, 28, 0, 19, 18, 22, 12, 8, 26][8, 12, 22, 0, 19][19, 17, 28][13, 0, 18][0, 26][14, 23][14, 23][7, 16] 
[0, 22, 18, 17, 28, 7, 2, 10, 15, 5, 6, 21][0, 26, 8, 12, 22, 25, 11, 14, 4, 24, 1, 9][9, 1, 24, 14, 11, 25, 22, 12][3, 23, 20, 7][2, 16][8, 12][0, 13][8, 26][15, 29][20, 24][16, 27][0, 19] 
[0, 13, 6, 2, 27, 7, 25, 11, 17, 12, 8, 26][4, 7, 2, 29][3, 23, 20, 7][9, 1, 24, 23][5, 6, 16, 7][10, 21, 15][15, 27][0, 28][0, 19][19, 22][17, 18][7, 14] 
[6, 5, 15, 27, 10, 29, 2, 7, 28, 17][8, 12, 22, 25, 11, 14, 23, 24, 1, 9][13, 0, 17][4, 3, 11][0, 26][0, 22][7, 16][15, 29][7, 20][0, 19][18, 22][2, 21] 
[0, 26, 8, 12, 22, 25, 11, 3, 9][0, 28, 16, 27, 10, 2, 21, 15, 5][9, 1, 24, 20, 14, 11, 25, 22, 17][25, 7, 16, 6, 15, 29][18, 0, 28][8, 19][7, 28][4, 14][17, 18][14, 23][0, 13][0, 18] 
[0, 26, 8, 12, 22, 25, 11, 14, 3, 4, 23, 20, 24, 1, 9][17, 18, 13, 6, 5, 21, 10, 15, 29, 2, 27, 16, 7, 14, 23][1, 9, 3, 11, 25, 7, 16, 15, 5, 21, 6, 10, 27, 29, 2][4, 23, 14, 20, 7, 27, 2, 6, 10, 16, 28, 0, 12, 8, 26][10, 6, 16, 27, 7, 24, 14, 9, 23, 1, 3, 11, 25, 0, 26][14, 9, 1, 24, 3, 11, 25, 7, 28, 0, 12, 22, 18, 17, 19][0, 26, 8, 12, 22, 25, 11, 14, 3, 4, 23, 20, 24, 1, 9][0, 28, 7, 2, 21, 6, 10, 29, 27, 15, 5][8, 19, 17, 28, 7, 2, 15, 5, 21][0, 18][6, 13][0, 26] 
[0, 26, 8, 12, 22, 25, 11, 3, 24, 1, 9, 14, 23, 4, 20][9, 1, 23, 3, 11, 14, 20, 4, 24, 7, 2, 29, 10, 6, 13][0, 13, 6, 15, 5, 21, 2, 27, 29, 10, 16, 7, 28, 25, 22][5, 6, 10, 15, 21, 2, 29, 27, 16, 7, 14, 24, 3, 1, 9][15, 5, 6, 10, 29, 2, 16, 7, 25, 0, 18, 12, 22, 19, 17][16, 28, 7, 2, 15, 21, 6, 13, 18, 0, 12, 17, 19, 8, 26][0, 12, 17, 11, 3, 23, 20, 14, 1, 4, 7, 2, 10, 6, 15][16, 27, 29, 10, 6, 15, 5, 21, 2, 7, 28, 17, 18, 0, 26][3, 11, 25, 22, 19, 18, 17, 28, 7, 2, 10, 15, 5, 6, 21][19, 0, 22, 25, 28, 17, 11, 3, 4, 24, 14, 23][16, 28][0, 13] 
[6, 13, 18, 17, 11, 3, 9][3, 11, 25, 22, 12, 8, 26][5, 21, 2, 16, 28, 0, 18][11, 3, 24, 7, 10, 15][3, 23, 20, 7, 10][16, 28, 17, 18][4, 14, 1, 23][15, 29, 27][0, 28][0, 19][20, 24][0, 28] 
[0, 26, 8, 12, 22, 25, 11, 3, 4, 23, 20, 24, 1, 9][5, 6, 10, 29, 15, 16, 28, 0, 17, 11][6, 15, 27, 7, 28, 17, 22][18, 0, 28, 16, 10, 21][0, 13][0, 19][2, 7][9, 14][9, 14][0, 19][19, 22][12, 19] 
[15, 21, 5, 6, 10, 7, 24, 3, 11, 25][7, 4, 1, 14, 20, 23, 9][0, 26, 8, 12, 22, 25][2, 7][7, 16][0, 18][15, 29][27, 29][0, 19][0, 13][7, 28][17, 19] 
[8, 12, 22, 25, 11, 14, 3, 4, 23, 20, 24, 1, 9][6, 5, 15, 27, 29, 2, 7, 28, 17][19, 0, 28, 16, 27, 15, 21][12, 22][1, 23][0, 18][0, 26][4, 14][8, 26][3, 24][7, 10][0, 13] 
[0, 26, 8, 12, 22, 25, 11, 14, 3, 4, 23, 20, 24, 1, 9][5, 21, 6, 10, 27, 2, 29, 15, 16, 28, 0, 13, 18, 17, 11][12, 19, 22, 18, 13, 0, 28, 16, 2, 21, 15, 6, 10, 27, 29][0, 26, 8, 12, 22, 25, 11, 3, 23, 24, 1, 9][7, 16, 28, 17, 12, 8, 26, 0, 18][0, 26, 8, 19, 22, 25, 7, 10, 6][7, 2, 29, 27, 15, 5, 21][10, 6, 13, 0, 19][13, 0, 28, 16][13, 0, 28, 16][10, 21][20, 23] 
[2, 6, 10, 7, 16, 28, 17, 12, 8, 26, 0, 13, 18, 19][9, 1, 24, 20, 23, 4, 3, 11, 25, 22, 12, 19, 18][5, 15, 6, 21, 2, 10, 29, 27][2, 7][17, 19][14, 20][8, 26][18, 19][17, 18][0, 22][18, 19][0, 22] 
[19, 18, 13, 0, 26, 8, 12, 17, 28, 16, 7, 10, 6, 2, 29][15, 21, 5, 6, 2, 16, 10, 7, 28, 25, 22][11, 14, 3, 4, 23][4, 20, 24, 1, 9][0, 26][5, 6][7, 14][8, 26][15, 27][8, 26][7, 14][4, 14] 
[0, 26, 8, 12, 22, 25, 11, 14, 3, 4, 23, 20, 24, 1, 9][18, 17, 11, 25, 28, 7, 16, 6, 5, 21, 2, 27, 10, 15, 29][3, 23, 20, 7, 28, 17, 19, 12, 8, 26, 0, 13, 18, 22, 25][0, 26, 8, 12, 22, 25, 11, 3][19, 0, 28, 16, 27, 15, 21][4, 14][0, 19][6, 10][13, 18][13, 18][17, 28][0, 19] 
[9, 1, 24, 20, 23, 4, 3, 14, 11, 25, 22, 12, 8, 26][25, 7, 10, 16, 2, 6, 5, 21, 15, 27, 29][17, 28, 0, 18][2, 7][0, 19][13, 18][0, 26][0, 28][0, 19][0, 28][7, 16][0, 19] 
[0, 26, 8, 12, 22, 25, 11, 14, 3, 4, 23, 20, 24, 1, 9][5, 21, 10, 29, 2, 6, 13, 18, 17, 19, 0, 22, 12, 8, 26][27, 10, 29, 2, 7, 28][5, 21, 10][16, 27][22, 25][10, 15][19, 22][22, 25][3, 23][1, 3][8, 12] 
[9, 1, 24, 20, 14, 11, 25, 22, 12, 8, 26][17, 28, 7, 2, 29, 27, 15, 5, 21][0, 13, 6, 10][11, 3, 23][6, 15][18, 22][12, 22][0, 19][7, 16][4, 14][0, 25][0, 19] 
[1, 14, 9, 3, 4, 23, 24, 20, 7, 28, 25, 22, 0, 18, 19][5, 21, 6, 15, 16, 28, 0, 19, 12, 22, 17, 18, 13][0, 26, 8, 12, 22, 25, 11, 3, 24, 1, 9][3, 23, 20, 14, 1, 4, 7, 2, 10, 6, 15][16, 27, 29, 2, 21][17, 22, 18, 12, 19][0, 13, 6, 15, 5][13, 0, 18][13, 0, 18][0, 19][0, 13][0, 13] 
[19, 17, 12, 22, 25, 0, 28, 7, 24, 1, 4, 3, 14, 20][7, 2, 10, 15, 5, 6, 21][23, 14, 7, 16, 27][8, 12][6, 13][2, 6][0, 26][9, 14][3, 11][7, 16][2, 29][0, 18] 
[15, 21, 5, 6, 10, 7, 24, 3, 11, 25][3, 11, 25, 22, 12, 8, 26][18, 13, 6, 2, 7, 20][9, 1, 24, 23][4, 7, 2, 29][0, 28, 16][4, 14, 23][15, 29][19, 22][7, 28][0, 17][15, 27] 
[12, 17, 11, 14, 20, 23, 4, 7, 2, 6, 13, 18][0, 26, 8, 12, 22, 25, 11, 14, 24, 1, 9][9, 1, 14, 11, 17, 18, 22, 12, 8, 26][0, 18, 17, 11, 25, 7, 10, 2, 15, 5][0, 22, 25, 7, 10, 15, 29][0, 22, 25, 7, 10, 15, 29][17, 22, 0, 28, 16, 10, 21][17, 28, 16, 27][3, 11][3, 11][0, 19][10, 27] 
[7, 14, 4, 1, 3, 11, 25, 0, 26, 8, 19, 22, 17, 12, 18][3, 23, 20, 7, 28, 17, 19, 12, 8, 26, 0, 13, 18, 22, 25][0, 26, 8, 19, 17, 28, 7, 2, 21, 6, 10, 27, 29, 15, 5][4, 14, 9, 1, 24, 23, 20, 7, 2, 16, 10, 21, 6, 15, 29][25, 7, 2, 27, 29, 10, 6, 13, 18, 19, 0, 17, 12, 8, 26][21, 15, 6, 16, 2, 27, 10, 7, 28, 0, 26, 8, 12, 19, 22][0, 26, 8, 12, 22, 25, 11, 3, 23, 24, 1, 9, 14][0, 26, 8, 12, 22, 25, 11, 3, 23, 24, 1, 9][4, 14][9, 14][10, 16][15, 16] 
[0, 26, 8, 12, 22, 25, 11, 3, 4, 23, 20, 24, 1, 9][5, 6, 10, 27, 29, 15, 16, 28, 0, 18, 17, 11][18, 0, 28, 16, 10, 21][18, 0, 28, 16, 10, 21][18, 0, 28, 16, 10, 21][0, 17, 28, 7, 2, 21][19, 17, 11, 14, 24][13, 0, 28, 16][8, 12][2, 7][12, 19][0, 19] 
[5, 21, 15, 6, 10, 29, 2, 16, 7, 24, 1, 3, 23, 14, 9][5, 6, 2, 27, 15, 21, 10, 16, 28, 0, 18, 17, 12, 8, 19][11, 3, 24, 23, 4, 1, 9, 14, 20, 7, 25, 22, 19, 17, 18][5, 15, 27, 29, 2, 10, 7, 16, 28, 17, 0, 18, 12, 22, 25][0, 26, 8, 12, 22, 25, 11, 14, 4, 23, 1, 9][6, 15, 5, 21, 2, 29, 27, 16][6, 13, 0, 18, 22, 17][24, 20, 7, 28][17, 22][6, 13][17, 22][5, 6] 
[16, 15, 6, 13, 0, 28, 7, 24, 1, 9, 14, 23, 3, 4, 20][0, 26, 8, 12, 22, 25, 11, 14, 3, 4, 23, 20, 24, 1, 9][18, 19, 8, 12, 0, 22, 17, 28, 7, 2, 10, 15, 5, 6, 21][1, 9, 3, 14, 7, 28, 0, 18, 13, 6, 15, 21, 2, 27, 16][5, 21, 10, 29, 2, 6, 13, 18, 19, 22, 12, 8, 26, 0, 28][3, 11, 25, 28, 0, 19, 12, 18, 13, 6, 2, 16, 15, 21, 5][6, 10, 2, 7, 28, 25, 0, 18, 17, 11, 3, 4, 20, 14, 23][0, 26, 8, 12, 22, 25, 11, 14, 3, 4, 23, 20, 24, 1, 9][9, 23, 1, 4, 3, 14, 7, 2, 15, 5, 6, 16, 10, 27, 29][19, 12, 18, 13, 0, 22, 17, 28, 7, 2, 10, 15, 5, 6, 21][4, 24, 7, 10, 29, 15, 21, 5, 6, 2, 27, 16, 28, 0, 18][5, 21, 6, 15, 10, 2, 7, 28, 17, 18, 22, 0, 13] 
[8, 26, 0, 28, 7, 2, 21][8, 12, 22, 25, 11, 14][10, 6, 5, 15, 27][3, 23, 20, 7, 10][0, 18, 13, 6, 15][9, 1, 24, 20][7, 16][17, 22][4, 14][12, 19][10, 29][10, 29] 
[25, 7, 27, 15, 6, 16, 28, 0, 17, 12, 8, 26][13, 0, 17, 11, 3, 14, 7, 16, 2, 15, 21][0, 26, 8, 12, 22, 25, 11, 14, 24, 1, 23][26, 8, 12, 22, 25, 11, 14, 7, 10, 29][0, 26, 8, 12, 22, 25, 11, 14, 23][5, 15, 2, 7, 28, 17, 18, 19][8, 12, 22, 25, 11, 3, 9][4, 14, 24, 20][0, 13][2, 7][15, 29][0, 26] 
[8, 12, 22, 25, 11, 3, 4, 23, 20, 24, 1, 9][14, 11, 25, 22, 12, 8, 26][7, 10, 6, 13, 18][5, 6, 13, 0, 19][7, 10, 6, 13, 18][21, 2, 29, 27][15, 10, 27][17, 0, 18][7, 28][0, 26][8, 26][2, 16] 
[9, 1, 24, 20, 4, 14, 11, 25, 22, 12][18, 17, 28, 7, 2, 21][16, 6, 5, 15, 27][3, 23, 20, 7][0, 13, 6, 10][2, 7][8, 12][0, 22][8, 26][0, 19][10, 29][20, 24] 
[9, 1, 24, 20, 23, 4, 3, 11, 25, 22, 12, 18][26, 8, 12, 22, 25, 11, 14, 7, 27, 29][9, 1, 24, 3, 11, 25, 22, 18][0, 17, 28, 7, 2, 15, 21][0, 17, 28, 7, 27, 15, 21][5, 6, 13, 0, 19, 8][10, 6, 13, 0, 17, 19][5, 6, 13, 0, 19, 8][3, 14, 7, 10, 15][13, 0, 28, 16][9, 14][2, 27] 
[5, 15, 29, 27, 10, 6, 21, 2, 7, 28, 17, 19, 8, 26][4, 23, 20, 24, 1, 9][11, 25, 22, 12][3, 24, 14][13, 18][0, 13][18, 19][7, 25][16, 28][7, 14][17, 28][15, 29] 
[0, 12, 22, 25, 28, 16, 6, 5, 21, 15, 29][4, 14, 11, 25, 22, 0, 13][9, 1, 24, 20, 23, 3, 11][18, 17, 28, 7, 2, 10, 27][12, 8, 26][12, 19][13, 18][8, 26][4, 14][6, 15][4, 14][4, 14] 
[0, 26, 8, 12, 22, 25, 11, 14, 3, 23, 24, 1, 9][3, 4, 23, 20, 24, 1, 9][14, 11, 25, 22, 12, 8, 26][0, 26, 8, 12, 22, 25, 11][7, 2, 21, 15, 27, 29][5, 15, 10, 16, 28][17, 28, 0, 18][6, 13, 18][14, 20][0, 19][15, 27][18, 19] 
[19, 18, 13, 0, 26, 8, 12, 17, 28, 16, 7, 10, 6, 2, 29][9, 1, 24, 20, 4, 14][3, 11, 25, 22, 12][15, 21][7, 14][15, 27][5, 6][20, 23][13, 18][15, 27][27, 29][0, 28] 
[0, 26, 8, 12, 22, 25, 11, 14, 3, 4, 23, 20, 24, 1, 9][19, 18, 0, 28, 17, 22, 25, 7, 10, 15, 5, 21, 2, 27, 29][7, 2, 27, 10, 16, 15, 6, 13, 18, 12, 8, 26, 0, 22, 17][12, 17, 11, 14, 4, 24, 7, 27, 2, 21, 10, 16, 28, 0, 18][5, 21, 15, 27, 2, 29, 10, 16, 7][8, 19, 17, 28, 7, 2, 10, 21][14, 7, 28, 0, 18][5, 15, 10, 6][16, 27, 29][13, 18][12, 19][18, 19] 
[10, 16, 27, 29, 15, 5, 6, 21, 2, 7, 28, 17, 0, 22, 12][0, 26, 8, 19, 18, 13, 6, 21, 10, 2, 16, 28][25, 7, 27, 15, 2, 16, 28, 0, 17, 12, 8, 26][19, 8, 12, 22, 25, 11, 3, 4, 20, 14, 23][0, 26, 8, 12, 22, 25, 11, 14, 24, 1, 9][3, 24, 14, 7, 16, 6, 21, 10, 29, 27][19, 12, 8, 26, 0, 28, 25, 7, 20, 23][8, 12, 0, 25, 7, 16, 6, 21, 15, 29][13, 0, 17, 11, 14, 7, 27, 15, 21][13, 0, 28, 16][17, 22][12, 19] 
[8, 12, 22, 25, 11, 14, 4, 24, 1, 9][0, 26, 8, 12, 22, 25, 11, 14, 1, 9][6, 13, 18, 17, 11, 3, 9][5, 21, 2, 16, 28, 0, 18][3, 11, 25, 22, 12, 8, 26][3, 23, 20, 7, 10][15, 10, 29, 27][0, 26][0, 19][15, 27][0, 26][0, 26] 
[5, 21, 10, 29, 2, 6, 13, 18, 19, 22, 12, 8, 26, 0, 28][9, 1, 24, 4, 14, 11, 25, 22, 12, 8, 26][0, 22, 17, 28, 7, 2, 10, 15, 5, 6, 21][1, 14, 7, 10, 27, 29, 2, 21, 5, 15][7, 25, 0, 19, 8, 26][3, 14, 7, 2, 15][14, 23][0, 13][7, 16][7, 20][7, 20][7, 16] 
[5, 6, 16, 10, 21, 15, 2, 7, 28, 17, 19, 8, 26, 0, 18][19, 0, 26, 8, 12, 17, 28, 16, 7, 10, 2, 15, 5, 6, 21][0, 26, 8, 12, 22, 25, 11, 14, 3, 4, 23, 20, 24, 1, 9][9, 14, 24, 7, 10, 21, 5, 6, 2, 29, 27, 16, 28, 0, 18][18, 17, 11, 25, 0, 28, 7, 2, 29, 10, 27, 15, 5, 6, 21][19, 18, 22, 25, 11, 17, 12, 8, 26, 0, 13, 6, 2, 29, 27][12, 0, 17, 11, 25, 28, 16, 7, 4, 20, 24, 3, 9, 14, 23][14, 4, 20, 7, 16, 15, 6, 13, 18, 0, 12, 19, 17, 28, 25][13, 0, 28, 7, 2, 29, 10, 27, 15, 5, 6, 21][12, 18, 17, 28, 25, 0, 22, 19, 8, 26][0, 13][0, 19] 
[4, 24, 1, 3, 11, 17, 12, 22, 25, 7, 20, 23, 14, 9][0, 13, 6, 2, 16, 27, 7, 25, 11, 17, 12, 8, 26][15, 21, 5, 6, 10, 7, 24, 3, 11, 25][9, 1, 24, 14, 11, 25, 22, 12, 8, 26][4, 14, 9, 1, 24, 23][3, 23, 20, 7][6, 15, 29][12, 8, 26][17, 18][0, 19][0, 28][7, 14] 
[1, 24, 23, 4, 3, 11, 25, 22, 12, 8, 26][5, 6, 13, 0, 19, 8][3, 14, 7, 10, 29, 15][16, 2, 21][0, 18][14, 20][2, 27][17, 19][9, 14][10, 21][0, 19][17, 28] 
[7, 2, 29, 10, 27, 15, 5, 6, 21][9, 1, 24, 4, 3, 11, 25, 22, 12][7, 16, 28, 17, 12, 8, 26, 0, 18][15, 29][0, 26][0, 13][9, 23][20, 23][0, 19][9, 14][8, 12][9, 23] 
[0, 26, 8, 12, 22, 25, 11, 14, 3, 4, 23, 20, 24, 1, 9][0, 26, 8, 12, 22, 25, 11, 14, 3, 4, 23, 20, 24, 1, 9][5, 15, 6, 21, 2, 10, 29, 27, 16, 28, 0, 13][8, 19, 17, 28, 7, 2, 15, 21][0, 26, 8][10, 21][18, 19][2, 16][4, 14][16, 27][0, 19][17, 18] 
[0, 26, 8, 12, 22, 25, 11, 14, 20, 24, 1, 9][8, 19, 17, 28, 7, 2, 29, 15, 5, 21][9, 23, 3, 11, 25, 22, 12][19, 0, 28, 16, 15, 21][0, 18, 13, 6, 15][0, 25, 7, 2][3, 4][10, 21][4, 14][8, 26][4, 14][16, 27] 
[0, 26, 8, 12, 22, 25, 11, 14, 4, 23, 1, 9][6, 15, 5, 21, 2, 29, 27, 16][7, 10, 15, 6, 13, 18][24, 20, 7, 28][5, 15, 27, 29][17, 19, 22, 25][0, 28, 16][0, 28, 16][2, 16][1, 3][5, 6][2, 16] 
[11, 3, 24, 7, 10, 6, 5, 21, 15][0, 26, 8, 12, 22, 25][4, 14, 9, 1, 24, 23][16, 28, 17, 18][21, 2, 29][0, 19][0, 28][0, 13][0, 17][20, 24][27, 29][11, 25] 
[0, 26, 8, 19, 17, 28, 7, 2, 21, 6, 10, 27, 29, 15, 5][1, 24, 20, 23, 4, 3, 11, 25, 22, 12, 19][10, 16][7, 14][6, 13][9, 14][15, 16][9, 14][18, 19][13, 18][8, 26][7, 14] 
[8, 12, 22, 25, 11, 3, 4, 20, 24, 1, 9][16, 6, 5, 15, 27, 7, 28, 17, 22, 25][11, 14, 7, 2, 21, 10, 29][19, 22][7, 14][14, 23][0, 19][0, 18][0, 26][0, 13][19, 22][0, 19] 
[0, 26, 8, 12, 22, 25, 11, 14, 20, 24, 1, 9][21, 5, 15, 27, 29, 2, 7, 28][0, 13, 6][19, 17, 28][7, 16][4, 14][0, 19][14, 23][3, 11][7, 10][18, 22][23, 24] 
[0, 28, 7, 2, 29, 10, 27, 15, 5, 6, 21][22, 19, 12, 17, 28, 16, 7, 20, 24, 23][9, 1, 24, 20, 4, 3, 11, 25][8, 12][0, 26][1, 3][18, 19][7, 28][0, 13][0, 13][4, 14][7, 28] 
[0, 26, 8, 12, 22, 25, 11, 3, 24, 1][6, 10, 2, 7, 4, 1, 14, 20, 23][21, 5, 15, 27, 2, 7, 28][17, 19][9, 14][7, 16][0, 13][27, 29][0, 18][7, 16][0, 19][27, 29] 
[15, 21, 5, 6, 10, 7, 24, 3, 11, 25][0, 26, 8, 12, 22, 25][18, 13, 6, 2, 7, 20][4, 14, 9, 1, 24, 23][7, 28][16, 28][0, 19][27, 29][15, 29][0, 17][8, 12][2, 7] 
[0, 12, 22, 25, 28, 7, 10, 16, 2, 6, 5, 21, 15, 27, 29][13, 0, 18, 19, 12, 22, 25, 11, 17, 28, 7, 4, 23, 14, 20][9, 1, 24, 20, 23, 4, 3, 14, 11, 25, 22, 12, 8, 26][0, 26, 8, 12, 22, 25, 11, 14, 4, 23, 24, 1, 9][7, 27, 15, 21][7, 27, 15, 21][1, 9, 3][0, 19][17, 22][14, 20][12, 18][17, 19] 
[2, 21, 6, 13, 18, 19, 8, 12, 17, 22, 0, 28, 7, 4, 14][15, 21, 5, 6, 2, 10, 7, 4, 14, 23, 9, 3, 1, 24, 20][8, 19, 0, 13, 6, 5, 21, 2, 10, 16, 27, 7, 20, 14, 11][0, 18, 17, 11, 3, 1, 24, 4, 7, 2, 16, 10, 21, 15, 5][0, 13, 6, 5, 15, 27, 7, 25, 11, 3, 4, 20, 24, 14, 23][0, 26, 8, 12, 22, 25, 11, 14, 24, 1, 9][3, 1, 14, 7, 10, 27, 29, 2, 21, 5, 15][0, 13, 6, 5, 15, 16, 2, 21][5, 6, 15, 10, 21, 2, 27, 29][20, 23][16, 28][8, 26] 
[21, 5, 15, 27, 29, 2, 7, 28, 17, 18, 22][9, 1, 24, 20, 4, 14, 11, 25, 22, 12][0, 13, 6, 10][0, 26][8, 12][7, 16][0, 19][23, 24][3, 11][2, 7][2, 7][0, 22] 
[8, 12, 22, 25, 11, 14, 3, 4, 23, 20, 24, 1, 9][5, 6, 2, 29, 27, 16, 28, 0, 18][10, 2, 21, 6, 15][0, 26][12, 17][0, 19][7, 14][2, 7][0, 13][0, 26][4, 14][0, 13] 
[8, 12, 22, 25, 11, 3, 4, 20, 24, 1, 9][16, 6, 5, 15, 29, 2, 7, 28, 17, 22, 25][16, 6, 15, 2, 7, 28, 17, 22, 25][17, 28, 16, 6, 13, 0, 26][22, 17, 28, 7, 2, 27][3, 23][19, 22][10, 15][17, 18][10, 21][7, 14][0, 17] 
[8, 12, 22, 25, 11, 3, 23][4, 7, 14, 9, 1, 24][18, 0, 28, 16, 10, 21][5, 21, 15, 27, 29][0, 12, 17][7, 16][0, 13][0, 26][2, 7][0, 19][6, 13][20, 24] 
[19, 0, 13, 6, 5, 21, 2, 10, 16, 27][11, 14, 7, 2, 15, 21, 10, 29][9, 3, 11, 25, 22, 12][9, 1, 24][4, 14][17, 22][16, 28][0, 26][7, 20][8, 12][0, 18][14, 23] 
[0, 26, 8, 12, 22, 25, 11, 14, 23, 24, 1, 9][0, 22, 18, 17, 28, 7, 2, 10, 15, 6, 21][0, 26, 8, 19, 22, 25, 7, 10][5, 21, 10, 16, 28, 0, 12][9, 3, 11, 25, 22, 12][16, 27, 2, 21][13, 0, 17][16, 7, 20][13, 0, 17][15, 29][0, 19][4, 14] 
[0, 26, 8, 12, 22, 25, 11, 3, 1, 9][9, 1, 24, 20, 14, 11, 25, 22, 17][9, 1, 24, 14, 11, 25, 22, 12][8, 19, 17, 28, 7, 2, 10, 21][25, 7, 16, 6, 15, 27, 29][17, 28, 16, 6, 13, 0, 26][18, 0, 28][5, 6][4, 14][14, 23][8, 26][17, 18] 
[3, 23, 20, 14, 1, 4, 7, 2, 10, 6, 15][0, 26, 8, 12, 22, 25, 11, 3, 24, 1, 9][3, 23, 20, 14, 1, 4, 7, 2, 10, 6, 15][0, 18, 17, 28, 7, 2, 21][0, 25, 7, 10, 15, 29][16, 27, 29, 2, 21][5, 21, 10, 7, 25][0, 13, 6, 15, 5][0, 13][17, 19][0, 19][0, 13] 
[9, 1, 24, 20, 23, 4, 3, 14, 11, 25, 22, 12, 8, 26][5, 6, 2, 29, 27, 16, 28, 0, 18][17, 28, 7, 2, 15, 21][14, 23][0, 13][0, 19][7, 16][10, 27][15, 29][0, 26][4, 14][7, 16] 
[18, 17, 28, 7, 2, 21][10, 16, 6, 5, 15, 27][8, 12, 22, 25, 11, 14][3, 23, 20, 7, 10][9, 1, 24, 20][4, 14][4, 20][8, 26][19, 22][0, 28][10, 29][0, 13] 
[4, 7, 14, 9, 1, 24, 20][8, 12, 22, 25, 11, 3, 23][18, 0, 28, 16, 10, 21][5, 21, 15, 27, 29][1, 3][0, 26][19, 22][2, 16][0, 13][17, 28][2, 7][6, 13] 
[5, 21, 10, 29, 2, 6, 13, 18, 17, 19, 0, 22, 12, 8, 26][8, 26, 0, 17, 28, 7, 2, 29, 27, 10, 6, 16, 15, 5, 21][9, 1, 24, 20, 23, 4, 3, 14, 11, 25, 22, 12, 8, 26][5, 15, 6, 21, 2, 10, 29, 27, 16, 28, 0, 13, 18, 12][2, 21, 5, 15, 16, 27, 29, 10, 6, 13, 18, 0, 19][25, 7, 10, 16, 6, 5, 15, 27][18, 17, 28, 7, 2, 21][7, 16][2, 7][0, 19][2, 7][0, 19] 
[0, 26, 8, 12, 22, 25, 11, 14, 3, 4, 23, 20, 24, 1, 9][0, 26, 8, 19, 17, 28, 7, 2, 21, 6, 10, 27, 29, 15, 5][0, 12, 22, 25, 28, 7, 10, 16, 2, 6, 5, 21, 15, 27, 29][5, 6, 2, 15, 10, 16, 28, 0, 13][18, 13, 6, 2, 7, 4, 23][1, 23, 14, 11, 17, 19][25, 7, 10, 29][3, 24, 14][15, 29][8, 26][7, 14][9, 14] 
[0, 26, 8, 12, 22, 25, 11, 14, 3, 4, 23, 20, 24, 1, 9][0, 26, 8, 12, 22, 25, 11, 14, 3, 4, 23, 20, 24, 1, 9][5, 15, 6, 21, 2, 10, 29, 27, 16, 28, 0, 13, 18, 12][8, 26, 0, 28, 7, 2, 15, 21][0, 25, 7, 10, 15, 29][9, 3, 11, 25, 22, 12][0, 18, 13, 6, 15][12, 19][17, 22][2, 7][4, 14][7, 16] 
[0, 26, 8, 12, 22, 25, 11, 14, 3, 4, 23, 20, 24, 1, 9][0, 19, 22, 18, 17, 28, 7, 2, 29, 10, 27, 15, 5, 6, 21][5, 21, 10, 16, 28, 0, 12][0, 19, 22, 25, 28, 7][16, 27, 29][13, 0, 17][16, 27, 29][15, 29][7, 16][12, 22][0, 19][12, 19] 
[22, 25, 11, 14, 3, 4, 23][18, 0, 28, 16, 10, 21][2, 27, 29, 10, 15][13, 0, 12, 17][24, 20, 7, 28][5, 6, 16][1, 9, 3][12, 22][8, 26][16, 27][0, 19][8, 19] 
[9, 1, 24, 20, 23, 4, 3, 14, 11, 25, 22, 12, 8, 26][10, 16, 28, 25, 22, 0, 13][7, 27, 15, 21][7, 28][6, 16][5, 15][2, 7][12, 18][0, 19][15, 29][27, 29][17, 19] 
[0, 26, 8, 12, 22, 25, 11, 14, 20, 24, 1, 9][3, 1, 14, 7, 10, 27, 29, 2, 21, 5, 15][0, 26, 8, 12, 22, 25, 11, 14, 24, 1, 9][1, 14, 11, 25, 22, 12, 8, 26][18, 13, 6, 2, 7, 20][0, 19, 17, 28][0, 13, 6, 5][4, 14][14, 23][16, 28][0, 13][17, 28] 
[0, 26, 8, 12, 22, 25, 11, 14, 3, 4, 23, 20, 24, 1, 9][0, 28, 16, 27, 10, 21, 2, 7, 24, 4, 3, 14, 1, 23, 9][19, 18, 13, 0, 26, 8, 12, 17, 28, 16, 7, 10, 6, 2, 29][5, 15, 6, 21, 2, 10, 29, 27, 16, 28, 0, 13, 18][0, 22, 25, 7, 10, 16, 2, 6, 5, 21, 15, 27, 29][7, 14, 3, 9, 23, 20][13, 18, 12, 8, 26][18, 13, 0, 28][17, 22][17, 19][7, 28][13, 18] 
[17, 28, 7, 2, 10, 15, 5, 6, 21][3, 11, 25, 22, 12, 8, 26][4, 24, 7, 2, 29][9, 1, 24, 20, 23][4, 14][0, 13][13, 18][15, 27][0, 19][16, 28][0, 12][7, 25] 
[9, 1, 24, 20, 23, 4, 3, 14, 11, 25, 22][18, 0, 28, 16, 10, 21][13, 0, 12, 17][5, 6, 16][16, 27, 29][7, 16][12, 22][0, 19][15, 27][0, 26][8, 12][2, 7] 
[0, 26, 8, 12, 22, 25, 11, 14, 3, 4, 23, 20, 24, 1, 9][0, 19, 12, 22, 17, 28, 25, 7, 10, 27, 16, 2, 15, 6, 13][0, 19, 22, 18, 17, 28, 7, 2, 29, 10, 27, 15, 5, 6, 21][5, 21, 10, 29, 2, 6, 13, 18, 17, 19, 0, 22, 12, 8, 26][8, 26, 0, 17, 28, 7, 2, 29, 27, 10, 6, 16, 15, 5, 21][5, 15, 6, 21, 2, 10, 29, 27, 16, 28, 0, 13, 18, 12][6, 15, 21, 10, 29, 2, 16][1, 3][7, 16][2, 7][16, 27][2, 7] 
[0, 26, 8, 12, 22, 25, 11, 14, 3, 4, 23, 20, 24, 1, 9][0, 26, 8, 19, 17, 22, 25, 7, 27, 29, 10][0, 18, 17, 28, 7, 2, 27, 15, 5, 21][10, 6, 13, 0, 12][13, 0, 28, 16][2, 6][16, 27][0, 13][2, 6][16, 27][0, 13][16, 27] 
[0, 12, 22, 25, 28, 7, 10, 16, 2, 6, 5, 21, 15, 27, 29][4, 24, 20, 7, 16, 6, 13, 18, 19, 22, 0, 17, 11][0, 26, 8, 12, 22, 25, 11, 14, 4, 23, 24, 1, 9][3, 11, 25, 22, 12, 8, 26][13, 0, 18][11, 14][19, 22][14, 20][14, 20][6, 15][14, 20][0, 28] 
[0, 19, 22, 18, 17, 28, 7, 2, 29, 10, 27, 15, 5, 6, 21][0, 19, 22, 18, 17, 28, 7, 2, 29, 10, 27, 15, 5, 6, 21][0, 26, 8, 12, 22, 25, 11, 14, 3, 4, 23, 20, 24, 1, 9][0, 26, 8, 12, 22, 25, 11, 3, 4, 23, 20, 24, 1, 9][2, 6, 13, 18, 19, 8, 26][9, 1, 24, 23][0, 19][2, 16][0, 13][16, 27][7, 10][15, 29] 
[0, 12, 22, 25, 28, 7, 10, 16, 2, 6, 5, 21, 15, 27, 29][0, 26, 8, 12, 22, 25, 11, 14, 3, 4, 23, 20, 24, 1, 9][0, 26, 8, 12, 22, 25, 11, 14, 3, 4, 23, 20, 24, 1, 9][1, 23, 14, 11, 17, 19][1, 23, 14, 11, 17][25, 7, 10, 29][3, 24, 14][13, 0, 18][12, 8, 26][0, 19][9, 14][4, 14] 
[14, 11, 25, 22, 12, 8, 26][3, 4, 23, 20, 24, 1, 9][7, 10, 6, 13, 18][17, 28, 0, 18][21, 2, 29, 27][5, 6, 16, 7][3, 24, 1, 9][15, 27][0, 26][14, 20][0, 19][2, 7] 
[0, 26, 8, 12, 22, 25, 11, 14, 3, 4, 23, 20, 24, 1, 9][0, 22, 25, 7, 10, 16, 2, 6, 5, 21, 15, 27, 29][13, 18, 12, 8, 26][0, 19][18, 19][17, 22][12, 19][0, 28][0, 22][18, 19][13, 18][0, 19] 
[14, 11, 25, 22, 12, 8, 26][3, 4, 23, 20, 24, 1, 9][5, 6, 16, 7][21, 2, 29, 27][17, 28, 0, 18][0, 13, 6][10, 21, 15][12, 22][3, 14][0, 19][2, 7][19, 22] 
[3, 4, 23, 20, 24, 1, 9][7, 10, 15, 6, 13, 18][16, 27, 29, 2, 21][17, 19, 22, 25][17, 12, 22, 25][0, 17, 11][0, 28, 16][12, 8, 26][11, 14][14, 20][0, 13][5, 6] 
[0, 12, 22, 25, 28, 7, 10, 16, 2, 6, 5, 21, 15, 27, 29][0, 26, 8, 12, 22, 25, 11, 14, 4, 23, 24, 1, 9][0, 26, 8, 12, 22, 25, 11, 14, 4][22, 25, 11, 14, 3, 4, 23][24, 20, 7, 28][13, 0, 18][1, 9, 3][17, 22][0, 19][12, 19][0, 22][14, 20] 
[0, 26, 8, 12, 22, 25, 11, 14, 3, 4, 23, 20, 24, 1, 9][0, 19, 22, 18, 17, 28, 7, 2, 29, 10, 27, 15, 5, 6, 21][10, 6, 13, 0, 12][9, 1, 24, 23][2, 15, 6][2, 15, 6][0, 18][0, 13][0, 19][0, 26][7, 16][2, 7] 
[0, 26, 8, 12, 22, 25, 11, 14, 3, 4, 23, 20, 24, 1, 9][0, 19, 22, 18, 17, 28, 7, 2, 29, 10, 27, 15, 5, 6, 21][13, 0, 28, 16][19, 12, 17, 28][7, 28][0, 19][0, 12][12, 19][15, 29][0, 26][0, 12][22, 25] 
[0, 12, 22, 25, 28, 7, 10, 16, 2, 6, 5, 21, 15, 27, 29][0, 26, 8, 12, 22, 25, 11, 14, 3, 4, 23, 20, 24, 1, 9][12, 8, 26][13, 0, 18][0, 19][4, 14][0, 26][8, 26][0, 26][4, 14][12, 17][4, 14] 
[0, 19, 22, 18, 17, 28, 7, 2, 29, 10, 27, 15, 5, 6, 21][0, 26, 8, 12, 22, 25, 11, 14, 3, 4, 23, 20, 24, 1, 9][17, 28, 16, 27][10, 27][0, 13][2, 7][0, 26][2, 7][3, 11][0, 19][0, 19][2, 7] 
[3, 11, 25, 22, 12, 8, 26][4, 24, 7, 2, 29][9, 1, 24, 20, 23][5, 6, 16, 7][10, 6, 13, 18][0, 28, 16][10, 21, 15][7, 25][19, 22][9, 14][17, 28][15, 27] 
