97930.63068225318 20043.507416444696 0.03855470536865305 4.6205809918539156E-6 106.0 237.0 5.256111022236442 
128213.24951392892 12506.883667813938 0.3050738599871548 0.0 131.0 131.0 4.537092731829574 
93980.52161492147 14370.371076692418 0.06937464043400458 0.0 129.0 207.0 4.793131413439259 
84345.0 8828.463915224042 0.18756200373806486 0.29483514275967526 79.0 77.0 0.0 
102264.75732118625 16292.258496432592 0.025048169556840076 0.0 110.0 230.0 5.303455035530507 
87506.65645359953 21536.200914248733 0.03597122380588174 2.013740683668786E-10 94.0 233.0 5.377777777777778 
77005.0 10983.936612922682 0.19591470014110612 0.36228159731116727 74.0 73.0 0.0 
114458.88014527845 12388.61772898252 0.2511491253177278 0.13170998523666502 116.0 112.0 1.025974025974026 
114320.0 6408.500314347064 0.1592994779001662 0.1226875622099875 129.0 95.0 2.3333333333333335 
90846.25665641729 16140.670238617126 0.11817597944765575 0.0012845215157353885 96.0 164.0 4.148630944285779 
98078.65319326002 13692.551087762702 0.14965269733020448 0.010918432883750802 93.0 134.0 3.013748079877112 
109598.0719507815 14841.85284994528 0.0635980877975481 4.12498881096785E-7 129.0 203.0 5.047474747474747 
56450.0 9783.469653785744 0.047527296082209375 0.4039820166987797 69.0 80.0 1.119047619047619 
97700.79342509733 16470.463764539218 0.08354274466470735 1.5676971018148874E-6 117.0 207.0 4.812226160438944 
92366.55561566142 19226.25282647378 0.06936416184971098 0.0 94.0 217.0 5.028396926338104 
117121.65004734724 13448.99343892165 0.16254089410782474 3.29999104877428E-7 130.0 151.0 3.0984881904236747 
65930.11392498566 17916.344917321858 0.12397225077081192 0.190775950668037 63.0 136.0 3.524086021505376 
141100.12623857782 10662.554716440693 0.41238025264003897 0.0122045219376289 128.0 96.0 1.5571428571428572 
122525.97497441086 9042.738884937475 0.12074502247912652 0.0 144.0 164.0 4.543995208146152 
126665.0 5650.697318396111 0.17535971223017632 0.03789825282623006 142.0 91.0 2.434782608695652 
124550.11486830446 11804.63114808385 0.11950752583583617 3.052491720116209E-6 142.0 174.0 5.464159891598916 
115621.42094977079 16220.500323681206 0.043679342261656554 1.0556407846998133E-21 123.0 216.0 5.209063342318059 
96293.31139986006 10877.959706571648 0.3050738599871548 0.054592164418754016 92.0 77.0 0.0 
83050.0 11132.764405055292 0.36287732819524726 0.2254335260115607 76.0 75.0 0.0 
136010.45949240733 12596.720120601269 0.38026721474665426 0.0122045219376289 110.0 108.0 2.3156862745098037 
105792.12662415298 14119.000438502284 0.17021758552240204 4.197059528074741E-9 94.0 130.0 2.5088960758567813 
55760.0 13680.423116179618 0.14581192189105857 0.3198869475847893 79.0 142.0 4.898611111111111 
101559.38703368472 13222.299975555045 0.20490749918840848 0.0 110.0 136.0 3.105881857605996 
194900.0 9137.693488982017 0.446419660763778 0.002569373072970195 173.0 104.0 1.3076923076923077 
113570.0 9110.492168224548 0.25372038928344404 0.048817262583175244 104.0 95.0 2.885780885780886 
76649.66412087744 15932.365264091144 0.1792137718396711 0.15416238437821173 73.0 135.0 2.626315789473684 
45915.0 12511.203274754642 0.23509293185596447 0.346845809828544 48.0 83.0 0.20634920634920634 
161605.95296410326 8712.612127812381 0.3744890891983455 0.03789338471419396 156.0 88.0 0.8484848484848484 
158088.03727349028 7964.6467955658645 0.3507213986682061 3.052491720116209E-6 188.0 119.0 4.959027777777778 
85145.32035160292 17671.78337699985 0.06230638946918488 7.623937956627252E-14 91.0 189.0 4.3636524691813685 
90265.0 11361.827084087696 0.2209447956872417 0.05330764290301863 87.0 101.0 2.620320855614973 
80296.17140270889 12961.525892093638 0.1483812949640288 0.03597122302158273 97.0 129.0 2.312329118250171 
104343.43207632058 11927.325289142902 0.1220585052106263 2.3106720467933368E-6 131.0 161.0 3.9656260344256866 
107043.46208259709 10677.853521503652 0.11111350391198195 0.0032113037893384713 120.0 140.0 3.545454545454546 
60450.0 10292.409948211784 0.16377649325626203 0.3397559409120103 67.0 89.0 2.1 
88747.7942462577 19091.006897704963 0.05331449126433848 3.30835467869315E-13 95.0 214.0 5.000219780219781 
87360.0 10366.081104680228 0.2781215982126986 0.10276172125883108 77.0 75.0 1.0869565217391304 
109666.52711605318 11097.481967080761 0.12138728323699421 0.0 116.0 145.0 3.238157280959964 
178259.31363087456 9761.737154688013 0.42330421363405735 0.0 162.0 93.0 2.1222222222222222 
48865.0 11477.642690739665 0.3218037458168392 0.4406235537195175 54.0 72.0 0.0 
81610.0 8641.690927630902 0.20233466406061948 0.1907563131987413 90.0 79.0 0.0 
85421.93865220195 13607.798763773602 0.18756101974940442 5.298636879855941E-11 97.0 137.0 3.6799999999999997 
81712.73868862401 21497.233425872255 0.07065718193405639 6.704754808161484E-65 84.0 211.0 5.036026936026936 
49605.0 7838.564995678789 0.1515930113264388 0.38090955759089284 58.0 84.0 2.0 
63085.0 10543.823171247492 0.3031877531452023 0.2383064614965623 66.0 68.0 0.0 
71888.56472429032 11517.375713335034 0.1245985870263327 0.12716763005780346 84.0 111.0 2.06 
67852.74052660484 12326.621133537694 0.24216341184124512 0.25436793393788615 81.0 104.0 3.4411549707602336 
166585.0 6858.651777733234 0.22995831253239896 0.04110699917557923 175.0 93.0 1.4 
100160.0 9893.072734394656 0.2594924060751399 0.11047347093423526 96.0 75.0 0.0 
62272.5 14374.25668413972 0.14837815956978428 0.21582412022487707 71.0 107.0 3.1008909370199693 
106681.0765255856 17014.568571746324 0.046248715641976273 1.3559933008346991E-25 114.0 209.0 5.257776497695852 
147020.0 13046.92964971639 0.3417266187046166 0.031474820145001255 144.0 98.0 0.44505494505494503 
150716.89296046336 10997.154136608156 0.1753595494663165 0.031471685131127296 140.0 113.0 0.8911111111111111 
134565.0 8672.272630446281 0.2113037893384714 0.03789338471419396 148.0 119.0 1.9498640893989732 
60025.0 6910.423272399184 0.16829195603055128 0.30704585794617817 81.0 97.0 2.6393939393939396 
53425.0 10482.879831794646 0.2915863840719332 0.34232498394348104 56.0 79.0 1.1538461538461537 
93500.0 8823.940679518466 0.2177572518334544 0.12331893299739424 100.0 86.0 1.1428571428571428 
169365.00000000003 9380.10216821979 0.22546306472575864 0.017988581884286127 171.0 110.0 2.1184210526315788 
72620.0 8037.339693662311 0.22994816126561257 0.26398492894088027 84.0 90.0 1.1851851851851851 
150998.48448428337 8087.124835619871 0.40655105973025046 0.0 170.0 103.0 2.6770833333333335 
173465.0 8837.096663824106 0.42715232634931477 0.016056848945797234 189.0 95.0 1.676923076923077 
54480.0 7009.621588219681 0.1528776978417783 0.352004110996771 74.0 94.0 2.2666666666666666 
143859.58637182316 11933.027880535237 0.13232807868918098 9.079956102796335E-7 137.0 138.0 2.470238095238095 
154570.0 8052.6426913580335 0.38732061637729304 0.1111111111111111 146.0 77.0 0.0 
188760.0 8151.9446187411095 0.36608863198458574 0.023763648041104687 159.0 102.0 2.9408212560386473 
118455.0 6371.740018056676 0.1464354527938343 0.12267180475272961 133.0 102.0 2.6581196581196584 
165213.96312906925 11498.224209872978 0.41361592806679515 0.0 172.0 125.0 2.444444444444444 
84825.36637307476 21529.704305061365 0.06102261085399437 2.013740683668786E-10 93.0 236.0 5.1496719166082165 
70348.4017003462 15568.286133297992 0.21390402202294304 0.1663859653751398 73.0 125.0 2.856363636363636 
132102.48493041215 11419.209244432102 0.3243785648607402 0.002601717139896839 129.0 126.0 2.125700280112045 
50815.0 13483.055134601878 0.242811448611543 0.31474044546359625 43.0 89.0 0.8555555555555556 
139335.0 7039.078346951516 0.39179977353743595 0.06679536699588151 142.0 87.0 1.2325581395348837 
36290.0 11692.038832903052 0.18882466281310212 0.5298651252408478 46.0 76.0 0.0 
147395.0 8775.63282192452 0.19784040670709369 0.07386947584797753 160.0 115.0 1.1569148936170213 
153462.62759788873 13105.098099206689 0.3770590460115381 0.0025693730729647495 120.0 118.0 1.7950513538748833 
160132.62688103245 11961.329498072058 0.4046731998239455 0.0025693730305756547 141.0 105.0 1.7950513538748833 
66450.0 8664.675350755972 0.24216341184124512 0.2762047997053878 83.0 87.0 2.4342105263157894 
121259.19855959769 16270.859405439349 0.018627954779562146 3.0005439921308485E-25 129.0 247.0 5.585137085137085 
98550.0 6949.176366587316 0.1438848920865052 0.17728674203456773 100.0 95.0 2.2 
171305.045332561 12050.774220199495 0.3808606294155427 0.002569043031470777 155.0 112.0 2.323561732385262 
80040.47108747861 17243.590394524846 0.08350462487153133 0.012204522096608428 84.0 171.0 3.7468452717816048 
69950.0 9325.633696945288 0.31665823539941723 0.21580275073729968 72.0 75.0 1.2857142857142856 
31555.0 11427.861388758363 0.20041109875899532 0.5581963001027749 37.0 71.0 0.0 
34345.0 9493.384858507112 0.1438664097623635 0.5606936416184971 42.0 76.0 1.1111111111111112 
130795.0 7233.22500174129 0.23701814766185705 0.025691502949576797 135.0 82.0 2.8 
108115.0 7031.145639696273 0.15478484264611433 0.15478484264611433 113.0 88.0 2.0 
159070.0 4558.469236471458 0.42587358684479204 8.0313314299679E-14 187.0 91.0 4.25 
66018.26053117248 14397.747823837648 0.19847449868346445 0.19462951521524316 62.0 115.0 2.6292753623188405 
150865.0 5429.434289694841 0.4174694926140013 0.03789338471419396 155.0 81.0 3.0 
87615.0 7032.742474916386 0.262062275980172 0.23700560853299235 100.0 85.0 2.0 
44965.0 9508.412026484313 0.12010276172125883 0.42324983943481054 57.0 78.0 1.074074074074074 
38920.0 10467.502862716829 0.19717405266538215 0.5099550417469493 41.0 68.0 0.0 
77825.0 7283.156887249514 0.24216118409335285 0.25436570644392825 95.0 94.0 3.401559454191033 
103965.0 7197.370980237025 0.18242548818090695 0.11626413155165492 126.0 86.0 1.1282051282051282 
74650.0 13479.186203136647 0.2710570572577322 0.1612272501710839 70.0 97.0 0.8488964346349746 
134130.0 5766.428110600294 0.17212588310854207 0.006422607578676943 141.0 80.0 3.269230769230769 
174770.36883347284 12294.229501333357 0.39755940912010274 0.0 163.0 99.0 2.3362041467304624 
72956.43910619165 16231.110844296269 0.1599401733774005 0.1451761794528044 76.0 145.0 3.3517316017316015 
122615.0 5834.0643191045765 0.20426375343456882 0.029543994861913937 145.0 91.0 3.190705128205128 
182530.0 8743.17620426165 0.41491703865109897 0.0 179.0 87.0 1.5547619047619048 
63435.0 6868.319813591744 0.17726396917148363 0.2832369942196532 87.0 99.0 2.8179487179487177 
176580.0 5758.155944907257 0.22352250488348882 0.0 196.0 103.0 2.0943396226415096 
41825.0 9055.628092358444 0.2113037893384714 0.48233782915863843 48.0 72.0 1.1176470588235294 
59463.774201922235 15031.774514094603 0.28712744086202885 0.25436793409689157 46.0 91.0 1.204014939309057 
34340.0 13918.183047193967 0.11432241490044959 0.5446371226718048 39.0 114.0 1.6358629130966953 
38110.0 15775.845626405635 0.1438664097623635 0.5112395632626846 48.0 154.0 2.7777777777777777 
30235.0 13691.297698534074 0.14388489165153776 0.55819630053608 36.0 79.0 0.0 
