41500.0 8401.08771521638 0.1579961464354528 0.4932562620423892 51.0 70.0 0.0 
42400.0 8747.50631313131 0.18114080164401486 0.48175745118089053 44.0 70.0 0.0 
54590.0 9161.751196166544 0.31856133590237634 0.3346178548490687 58.0 68.0 0.0 
54590.0 9161.751196166544 0.31856133590237634 0.3346178548490687 58.0 68.0 0.0 
42400.0 8747.50631313131 0.18114079865558363 0.48175744323293523 44.0 70.0 0.0 
42400.0 8747.50631313131 0.1811175337186898 0.4816955684007707 44.0 70.0 0.0 
42400.0 8747.50631313131 0.18114079865558363 0.48175744323293523 44.0 70.0 0.0 
42400.0 8747.50631313131 0.18114080164439872 0.4817574511819115 44.0 70.0 0.0 
42400.0 8747.50631313131 0.18114080164401486 0.48175745118089053 44.0 70.0 0.0 
42400.0 8747.50631313131 0.18114080164401486 0.48175745118089053 44.0 70.0 0.0 
41500.0 8401.08771521638 0.15801644138040274 0.4933196218705257 51.0 70.0 0.0 
42400.0 8747.50631313131 0.18114080164401486 0.48175745118089053 44.0 70.0 0.0 
54590.0 9161.751196166544 0.3186022557913812 0.334660837232479 58.0 68.0 0.0 
42400.0 8747.50631313131 0.18114080164439872 0.4817574511819115 44.0 70.0 0.0 
42400.0 8747.50631313131 0.18114080164401486 0.48175745118089053 44.0 70.0 0.0 
42400.0 8747.50631313131 0.18114080164439872 0.4817574511819115 44.0 70.0 0.0 
41500.0 8401.08771521638 0.1579961464354528 0.4932562620423892 51.0 70.0 0.0 
42400.0 8747.50631313131 0.18114080164439872 0.4817574511819115 44.0 70.0 0.0 
42400.0 8747.50631313131 0.18114080164439872 0.4817574511819115 44.0 70.0 0.0 
42400.0 8747.50631313131 0.1811175337186898 0.4816955684007707 44.0 70.0 0.0 
41500.0 8401.08771521638 0.1579961464354528 0.4932562620423892 51.0 70.0 0.0 
42400.0 8747.50631313131 0.18114080164401486 0.48175745118089053 44.0 70.0 0.0 
54590.0 9161.751196166544 0.3186022557913812 0.334660837232479 58.0 68.0 0.0 
42400.0 8747.50631313131 0.1811175337186898 0.4816955684007707 44.0 70.0 0.0 
42400.0 8747.50631313131 0.18114080164401486 0.48175745118089053 44.0 70.0 0.0 
42400.0 8747.50631313131 0.18114080164401486 0.48175745118089053 44.0 70.0 0.0 
41500.0 8401.08771521638 0.15801644138040274 0.4933196218705257 51.0 70.0 0.0 
42400.0 8747.50631313131 0.18114080164439872 0.4817574511819115 44.0 70.0 0.0 
42400.0 8747.50631313131 0.18114080164401486 0.48175745118089053 44.0 70.0 0.0 
41500.0 8401.08771521638 0.1579961464354528 0.4932562620423892 51.0 70.0 0.0 
41500.0 8401.08771521638 0.1579961464354528 0.4932562620423892 51.0 70.0 0.0 
42400.0 8747.50631313131 0.1811175337186898 0.4816955684007707 44.0 70.0 0.0 
42400.0 8747.50631313131 0.18114080164401486 0.48175745118089053 44.0 70.0 0.0 
41500.0 8401.08771521638 0.15801644398766698 0.49331963001027734 51.0 70.0 0.0 
41500.0 8401.08771521638 0.15801644398766698 0.49331963001027734 51.0 70.0 0.0 
143300.0 5797.671516824303 0.408530318602261 0.023766700924974304 146.0 89.0 1.2777777777777777 
143300.0 5797.671516824303 0.40852923936443825 0.023766700532824803 146.0 89.0 1.2777777777777777 
143300.0 5808.815777968564 0.40847784200385356 0.023763648041104687 146.0 81.0 1.0555555555555556 
138250.0 5865.758662268226 0.4663412050494813 0.023766700532824803 144.0 75.0 1.0555555555555556 
138250.0 5865.758662268226 0.4662813102119461 0.023763648041104687 144.0 75.0 1.0555555555555556 
142340.0 5952.826963218888 0.39182964109548474 0.006423432682411874 141.0 82.0 1.5547008547008547 
143300.0 5797.671516824303 0.40853031860224326 0.023766700924974297 146.0 89.0 1.2777777777777777 
143300.0 5797.671516824303 0.40852923936443825 0.023766700532824803 146.0 89.0 1.2777777777777777 
138250.0 5865.758662268226 0.46634121274310203 0.023766700924923934 144.0 75.0 1.0555555555555556 
143300.0 5797.671516824303 0.40853031846363064 0.023766700924923934 146.0 89.0 1.2777777777777777 
143300.0 5797.671516824303 0.40853031860224326 0.023766700924974297 146.0 89.0 1.2777777777777777 
143300.0 5797.671516824303 0.40852923936443825 0.023766700532824803 146.0 89.0 1.2777777777777777 
138250.0 5865.758662268226 0.4663412050494813 0.023766700532824803 144.0 75.0 1.0555555555555556 
143300.0 5797.671516824303 0.40853031846363064 0.023766700924923934 146.0 89.0 1.2777777777777777 
143300.0 5797.671516824303 0.40853031860224326 0.023766700924974297 146.0 89.0 1.2777777777777777 
143300.0 5797.671516824303 0.408530318602261 0.023766700924974304 146.0 89.0 1.2777777777777777 
143300.0 5797.671516824303 0.408530318602261 0.023766700924974304 146.0 89.0 1.2777777777777777 
143300.0 5797.671516824303 0.408530318602261 0.023766700924974304 146.0 89.0 1.2777777777777777 
143300.0 5797.671516824303 0.408530318602261 0.023766700924974304 146.0 89.0 1.2777777777777777 
143300.0 5797.671516824303 0.40853031846363064 0.023766700924923934 146.0 89.0 1.2777777777777777 
143300.0 5797.671516824303 0.40853031860224326 0.023766700924974297 146.0 89.0 1.2777777777777777 
39925.0 9466.373056130038 0.17150564979092495 0.4971736814163892 47.0 77.0 0.0 
39925.0 9466.373056130038 0.17150565262076056 0.49717368961973274 47.0 77.0 0.0 
39925.0 9466.373056130038 0.17148362235067438 0.49710982658959535 47.0 77.0 0.0 
39925.0 9466.373056130038 0.1715056526207605 0.49717368961973263 47.0 77.0 0.0 
39925.0 9466.373056130038 0.17150564979092495 0.4971736814163892 47.0 77.0 0.0 
39925.0 9466.373056130038 0.17150565262039705 0.497173689618679 47.0 77.0 0.0 
39925.0 9466.373056130038 0.17150565442193355 0.4971736875416134 47.0 77.0 0.0 
39925.0 9466.373056130038 0.1715056526207605 0.49717368961973263 47.0 77.0 0.0 
39925.0 9466.373056130038 0.17150565262039705 0.497173689618679 47.0 77.0 0.0 
39925.0 9466.373056130038 0.17148362235067438 0.49710982658959535 47.0 77.0 0.0 
39925.0 9466.373056130038 0.17150565262039705 0.497173689618679 47.0 77.0 0.0 
39925.0 9466.373056130038 0.17150565262076056 0.49717368961973274 47.0 77.0 0.0 
39925.0 9466.373056130038 0.17150564979092495 0.4971736814163892 47.0 77.0 0.0 
39925.0 9466.373056130038 0.17150564979092495 0.4971736814163892 47.0 77.0 0.0 
39925.0 9466.373056130038 0.1715056526207605 0.49717368961973263 47.0 77.0 0.0 
41500.0 8401.08771521638 0.15801644138040274 0.4933196218705257 51.0 70.0 0.0 
41500.0 8401.08771521638 0.15801644138040274 0.4933196218705257 51.0 70.0 0.0 
41500.0 8401.08771521638 0.15801644138040274 0.4933196218705257 51.0 70.0 0.0 
41500.0 8401.08771521638 0.15801644398733208 0.49331963000923196 51.0 70.0 0.0 
41500.0 8401.08771521638 0.15801644398733208 0.49331963000923196 51.0 70.0 0.0 
41500.0 8401.08771521638 0.1579961464354528 0.4932562620423892 51.0 70.0 0.0 
39925.0 9466.373056130038 0.17148362235067438 0.49710982658959535 47.0 77.0 0.0 
39925.0 9466.373056130038 0.17150564979092495 0.4971736814163892 47.0 77.0 0.0 
39925.0 9466.373056130038 0.17148362235067438 0.49710982658959535 47.0 77.0 0.0 
39925.0 9466.373056130038 0.17150564979092495 0.4971736814163892 47.0 77.0 0.0 
39925.0 9466.373056130038 0.17150564979092495 0.4971736814163892 47.0 77.0 0.0 
39925.0 9466.373056130038 0.17150564979092495 0.4971736814163892 47.0 77.0 0.0 
39925.0 9466.373056130038 0.17148362235067438 0.49710982658959535 47.0 77.0 0.0 
41500.0 8401.08771521638 0.15801644398733208 0.49331963000923196 51.0 70.0 0.0 
41500.0 8401.08771521638 0.1579961464354528 0.4932562620423892 51.0 70.0 0.0 
41500.0 8401.08771521638 0.15801644398766698 0.49331963001027734 51.0 70.0 0.0 
41500.0 8401.08771521638 0.15801644138040274 0.4933196218705257 51.0 70.0 0.0 
41500.0 8401.08771521638 0.15801644398733208 0.49331963000923196 51.0 70.0 0.0 
41500.0 8401.08771521638 0.1579961464354528 0.4932562620423892 51.0 70.0 0.0 
41500.0 8401.08771521638 0.1579961464354528 0.4932562620423892 51.0 70.0 0.0 
41500.0 8401.08771521638 0.15801644398766698 0.49331963001027734 51.0 70.0 0.0 
41500.0 8401.08771521638 0.15801644138040274 0.4933196218705257 51.0 70.0 0.0 
41500.0 8401.08771521638 0.1579961464354528 0.4932562620423892 51.0 70.0 0.0 
41500.0 8401.08771521638 0.15801644398733208 0.49331963000923196 51.0 70.0 0.0 
41500.0 8401.08771521638 0.15801644398733208 0.49331963000923196 51.0 70.0 0.0 
41500.0 8401.08771521638 0.1579961464354528 0.4932562620423892 51.0 70.0 0.0 
41500.0 8401.08771521638 0.15801644138040274 0.4933196218705257 51.0 70.0 0.0 
41500.0 8401.08771521638 0.15801644398733208 0.49331963000923196 51.0 70.0 0.0 
50050.0 8194.881353088596 0.13617677286713173 0.39953751284601857 63.0 78.0 0.0 
50050.0 8194.881353088596 0.1361767706205097 0.3995375062545143 63.0 78.0 0.0 
50050.0 8194.881353088596 0.13617677286742036 0.3995375128468654 63.0 78.0 0.0 
50050.0 8194.881353088596 0.13617677286742033 0.3995375128468653 63.0 78.0 0.0 
50050.0 8194.881353088596 0.13617677286742033 0.3995375128468653 63.0 78.0 0.0 
56645.0 8103.165159670063 0.16957433227654045 0.3642131711641422 75.0 88.0 0.9920634920634921 
39925.0 9466.373056130038 0.17150564979092495 0.4971736814163892 47.0 77.0 0.0 
39925.0 9466.373056130038 0.17148362235067438 0.49710982658959535 47.0 77.0 0.0 
39925.0 9466.373056130038 0.17148362235067438 0.49710982658959535 47.0 77.0 0.0 
39925.0 9466.373056130038 0.17148362235067438 0.49710982658959535 47.0 77.0 0.0 
39925.0 9466.373056130038 0.17150564979092495 0.4971736814163892 47.0 77.0 0.0 
41500.0 8401.08771521638 0.1579961464354528 0.4932562620423892 51.0 70.0 0.0 
39925.0 9466.373056130038 0.17150564979092495 0.4971736814163892 47.0 77.0 0.0 
