42970.0 8234.097233869377 0.17921377183929127 0.4823997944491317 51.0 72.0 0.25541795665634676 
51835.0 8161.872071483056 0.11689145793192036 0.348747591522158 62.0 66.0 0.0 
51835.0 8161.872071483056 0.11690647289119228 0.3487923889006451 62.0 66.0 0.0 
51835.0 8161.872071483056 0.1169064748198961 0.34879239465496475 62.0 66.0 0.0 
40755.0 9135.520889475223 0.15544707091469676 0.48882322713257953 48.0 78.0 0.2789473684210526 
41975.0 8626.115753688477 0.2016928983646606 0.49074918430141173 50.0 71.0 0.0 
41975.0 8626.115753688477 0.2016957862281603 0.4907502569373073 50.0 71.0 0.0 
39785.0 9466.373056130038 0.17150565262076056 0.49717368961973274 47.0 77.0 0.0 
41975.0 8626.115753688477 0.20169289836504042 0.49074918430243425 50.0 71.0 0.0 
39785.0 9466.373056130038 0.17150565262076056 0.49717368961973274 47.0 77.0 0.0 
42970.0 8234.097233869377 0.17921377183929127 0.4823997944491317 51.0 72.0 0.25541795665634676 
51835.0 8161.872071483056 0.11689145793192036 0.348747591522158 62.0 66.0 0.0 
51835.0 8161.872071483056 0.11690647482014385 0.34879239465570394 62.0 66.0 0.0 
40755.0 9135.520889475223 0.15542710340398203 0.48876043673731534 48.0 78.0 0.2789473684210526 
41975.0 8626.115753688477 0.20169578622811268 0.4907502569372896 50.0 71.0 0.0 
39785.0 9466.373056130038 0.17150565262072645 0.4971736896197149 47.0 77.0 0.0 
42970.0 8234.097233869377 0.1791907514450867 0.48233782915863843 51.0 72.0 0.25541795665634676 
51835.0 8161.872071483056 0.11690647482014388 0.34879239465570405 62.0 66.0 0.0 
40755.0 9135.520889475223 0.1554470683498271 0.48882321906701826 48.0 78.0 0.2789473684210526 
42970.0 8234.097233869377 0.1791907514450867 0.48233782915863843 51.0 72.0 0.25541795665634676 
42970.0 8234.097233869377 0.17921377183929127 0.4823997944491317 51.0 72.0 0.25541795665634676 
51835.0 8161.872071483056 0.11690647482014385 0.34879239465570394 62.0 66.0 0.0 
51835.0 8161.872071483056 0.1169064748198961 0.34879239465496475 62.0 66.0 0.0 
40755.0 9135.520889475223 0.1554470683498271 0.48882321906701826 48.0 78.0 0.2789473684210526 
41975.0 8626.115753688477 0.2016957862281603 0.4907502569373073 50.0 71.0 0.0 
39785.0 9466.373056130038 0.17150565262076056 0.49717368961973274 47.0 77.0 0.0 
42970.0 8234.097233869377 0.1792137718396711 0.4823997944501542 51.0 72.0 0.25541795665634676 
51835.0 8161.872071483056 0.11690647289119228 0.3487923889006451 62.0 66.0 0.0 
40755.0 9135.520889475223 0.1554470683498271 0.48882321906701826 48.0 78.0 0.2789473684210526 
42970.0 8234.097233869377 0.1791907514450867 0.48233782915863843 51.0 72.0 0.25541795665634676 
42970.0 8234.097233869377 0.1792137688826519 0.48239978649057913 51.0 72.0 0.25541795665634676 
51835.0 8161.872071483056 0.11690647482014385 0.34879239465570394 62.0 66.0 0.0 
40755.0 9135.520889475223 0.15544707091436735 0.4888232271315436 48.0 78.0 0.2789473684210526 
42970.0 8234.097233869377 0.17921377183929127 0.4823997944491317 51.0 72.0 0.25541795665634676 
42970.0 8234.097233869377 0.1791907514450867 0.48233782915863843 51.0 72.0 0.25541795665634676 
139895.0 5112.209040081348 0.12332990546763142 0.037898252200990905 155.0 86.0 0.3855072463768116 
139895.0 5112.209040081348 0.1233140655105973 0.03789338471419396 155.0 86.0 0.3855072463768116 
139895.0 5112.209040081348 0.12332990546763142 0.037898252200990905 155.0 86.0 0.3855072463768116 
126665.0 5179.047184458455 0.14067317574482005 0.03789825282623006 141.0 79.0 0.0 
126665.0 5179.047184458455 0.14065510597302505 0.03789338471419396 141.0 79.0 0.0 
126665.0 5179.047184458455 0.1406731734240171 0.037898252200990905 141.0 79.0 0.0 
139895.0 5112.209040081348 0.12332990546763142 0.037898252200990905 155.0 86.0 0.3855072463768116 
139895.0 5112.209040081348 0.1233140655105973 0.03789338471419396 155.0 86.0 0.3855072463768116 
126665.0 5179.047184458455 0.14065510597302505 0.03789338471419396 141.0 79.0 0.0 
139895.0 5112.209040081348 0.1233140655105973 0.03789338471419396 155.0 86.0 0.3855072463768116 
139895.0 5112.209040081348 0.1233140655105973 0.03789338471419396 155.0 86.0 0.3855072463768116 
139895.0 5112.209040081348 0.1233140655105973 0.03789338471419396 155.0 86.0 0.3855072463768116 
126665.0 5179.047184458455 0.14067317574482005 0.03789825282623006 141.0 79.0 0.0 
139895.0 5112.209040081348 0.1233140655105973 0.03789338471419396 155.0 86.0 0.3855072463768116 
139895.0 5112.209040081348 0.1233140655105973 0.03789338471419396 155.0 86.0 0.3855072463768116 
139895.0 5112.209040081348 0.12332990546763142 0.037898252200990905 155.0 86.0 0.3855072463768116 
139895.0 5112.209040081348 0.12332990546763142 0.037898252200990905 155.0 86.0 0.3855072463768116 
139895.0 5112.209040081348 0.12332990546763142 0.037898252200990905 155.0 86.0 0.3855072463768116 
139895.0 5112.209040081348 0.1233140655105973 0.03789338471419396 155.0 86.0 0.3855072463768116 
139895.0 5112.209040081348 0.12332990546763142 0.037898252200990905 155.0 86.0 0.3855072463768116 
139895.0 5112.209040081348 0.12332990546763142 0.037898252200990905 155.0 86.0 0.3855072463768116 
39785.0 9466.373056130038 0.17148362235067438 0.49710982658959535 47.0 77.0 0.0 
39785.0 9466.373056130038 0.17150358729651946 0.4971726089192983 47.0 77.0 0.0 
39785.0 9466.373056130038 0.17150358729651946 0.4971726089192983 47.0 77.0 0.0 
39785.0 9466.373056130038 0.17150565262076056 0.49717368961973274 47.0 77.0 0.0 
39785.0 9466.373056130038 0.1715056523554652 0.4971736894809145 47.0 77.0 0.0 
39785.0 9466.373056130038 0.17150565262076053 0.49717368961973274 47.0 77.0 0.0 
39785.0 9466.373056130038 0.17150565262076056 0.49717368961973274 47.0 77.0 0.0 
39785.0 9466.373056130038 0.17150565262076053 0.49717368961973274 47.0 77.0 0.0 
39785.0 9466.373056130038 0.17150565262076053 0.49717368961973274 47.0 77.0 0.0 
39785.0 9466.373056130038 0.17150565262076053 0.49717368961973274 47.0 77.0 0.0 
39785.0 9466.373056130038 0.17150565262076053 0.49717368961973274 47.0 77.0 0.0 
39785.0 9466.373056130038 0.17150565262076053 0.49717368961973274 47.0 77.0 0.0 
39785.0 9466.373056130038 0.17150565262076053 0.49717368961973274 47.0 77.0 0.0 
39785.0 9466.373056130038 0.17150565262072645 0.4971736896197149 47.0 77.0 0.0 
39785.0 9466.373056130038 0.17150565262072645 0.4971736896197149 47.0 77.0 0.0 
42970.0 8234.097233869377 0.1792137688826519 0.48239978649057913 51.0 72.0 0.25541795665634676 
42970.0 8234.097233869377 0.1792137688826519 0.48239978649057913 51.0 72.0 0.25541795665634676 
42970.0 8234.097233869377 0.1791907514450867 0.48233782915863843 51.0 72.0 0.25541795665634676 
42970.0 8234.097233869377 0.1791907514450867 0.48233782915863843 51.0 72.0 0.25541795665634676 
42970.0 8234.097233869377 0.17921377183929127 0.4823997944491317 51.0 72.0 0.25541795665634676 
45095.0 8185.191486085284 0.17469492614001284 0.48041104688503533 64.0 85.0 0.5964912280701754 
39785.0 9466.373056130038 0.1715056523554652 0.4971736894809145 47.0 77.0 0.0 
39785.0 9466.373056130038 0.17150565262076056 0.49717368961973274 47.0 77.0 0.0 
39785.0 9466.373056130038 0.1715035898610597 0.49717261698382365 47.0 77.0 0.0 
39785.0 9466.373056130038 0.1715035898610597 0.49717261698382365 47.0 77.0 0.0 
39785.0 9466.373056130038 0.17150565262076056 0.49717368961973274 47.0 77.0 0.0 
40755.0 9135.520889475223 0.15544707091469676 0.48882322713257953 48.0 78.0 0.2789473684210526 
39785.0 9466.373056130038 0.17148362235067438 0.49710982658959535 47.0 77.0 0.0 
42970.0 8234.097233869377 0.17921377183967108 0.482399794450154 51.0 72.0 0.25541795665634676 
42970.0 8234.097233869377 0.1792137688826519 0.48239978649057913 51.0 72.0 0.25541795665634676 
42970.0 8234.097233869377 0.1792137688826519 0.48239978649057913 51.0 72.0 0.25541795665634676 
42970.0 8234.097233869377 0.1792137688826519 0.48239978649057913 51.0 72.0 0.25541795665634676 
42970.0 8234.097233869377 0.1792137688826519 0.48239978649057913 51.0 72.0 0.25541795665634676 
42970.0 8234.097233869377 0.1791907514450867 0.48233782915863843 51.0 72.0 0.25541795665634676 
42970.0 8234.097233869377 0.17921377183929127 0.4823997944491317 51.0 72.0 0.25541795665634676 
42970.0 8234.097233869377 0.1791907514450867 0.48233782915863843 51.0 72.0 0.25541795665634676 
42970.0 8234.097233869377 0.17921377183967108 0.482399794450154 51.0 72.0 0.25541795665634676 
42970.0 8234.097233869377 0.1791907514450867 0.48233782915863843 51.0 72.0 0.25541795665634676 
42970.0 8234.097233869377 0.1792137688826519 0.48239978649057913 51.0 72.0 0.25541795665634676 
42970.0 8234.097233869377 0.1792137688826519 0.48239978649057913 51.0 72.0 0.25541795665634676 
42970.0 8234.097233869377 0.17921377183929127 0.4823997944491317 51.0 72.0 0.25541795665634676 
42970.0 8234.097233869377 0.1791907514450867 0.48233782915863843 51.0 72.0 0.25541795665634676 
42970.0 8234.097233869377 0.1792137688826519 0.48239978649057913 51.0 72.0 0.25541795665634676 
51835.0 8069.229751397127 0.10406125966278996 0.34879239465570394 63.0 68.0 0.3022222222222222 
51835.0 8069.229751397127 0.10405960945532014 0.34879239465570405 63.0 68.0 0.3022222222222222 
51835.0 8069.229751397127 0.10406125966278996 0.34879239465570394 63.0 68.0 0.3022222222222222 
51835.0 8069.229751397127 0.10405960966726562 0.34879239465570405 63.0 68.0 0.3022222222222222 
51835.0 8069.229751397127 0.10405960966726562 0.34879239465570405 63.0 68.0 0.3022222222222222 
54480.0 7009.621588219681 0.15285806037251123 0.3519588953114965 72.0 79.0 0.0 
39785.0 9466.373056130038 0.17150565262072645 0.4971736896197149 47.0 77.0 0.0 
39785.0 9466.373056130038 0.17150358729651946 0.4971726089192983 47.0 77.0 0.0 
39785.0 9466.373056130038 0.17150565262076056 0.49717368961973274 47.0 77.0 0.0 
39785.0 9466.373056130038 0.1715056523554652 0.4971736894809145 47.0 77.0 0.0 
39785.0 9466.373056130038 0.17150564979092495 0.4971736814163892 47.0 77.0 0.0 
42970.0 8234.097233869377 0.17921377183929127 0.4823997944491317 51.0 72.0 0.25541795665634676 
39785.0 9466.373056130038 0.17150565262076056 0.49717368961973274 47.0 77.0 0.0 
