[0, 1, 3, 11, 10, 12, 13][4, 1, 2, 5, 7][8, 14, 6, 9][7, 14] 
[0, 1, 3, 11, 10, 12, 13][4, 1, 2, 5, 7][9, 6, 14][7, 14, 8] 
[8, 14, 6, 9, 13, 12, 10, 11][4, 3, 1, 2, 5, 7][7, 14][0, 1] 
[8, 14, 6, 9, 13, 12, 10, 11][4, 3, 1, 2, 5, 7][7, 14][0, 1] 
[0, 1, 3, 11, 10, 12, 13][4, 1, 2, 5, 7][9, 6, 14][7, 14, 8] 
[0, 1, 3, 11, 10, 12, 13][4, 1, 2, 5, 7][7, 14, 8][9, 6, 14] 
[0, 1, 3, 11, 10, 12, 13][4, 1, 2, 5, 7][7, 14, 8][9, 6, 14] 
[0, 1, 3, 11, 10, 12, 13][4, 1, 2, 5, 7][7, 14, 8][9, 6, 14] 
[0, 1, 3, 11, 10, 12, 13][4, 1, 2, 5, 7][7, 14, 8][9, 6, 14] 
[0, 1, 3, 11, 10, 12, 13][4, 1, 2, 5, 7][7, 14, 8][9, 6, 14] 
[0, 1, 3, 11, 10, 12, 13][4, 3, 1, 2, 5, 7][8, 14, 6, 9][7, 14] 
[0, 1, 3, 11, 10, 12, 13][4, 1, 2, 5, 7][7, 14, 8][9, 6, 14] 
[8, 14, 6, 9, 13, 12, 10, 11][4, 3, 1, 2, 5, 7][7, 14][0, 1] 
[0, 1, 3, 11, 10, 12, 13][4, 1, 2, 5, 7][7, 14, 8][9, 6, 14] 
[0, 1, 3, 11, 10, 12, 13][4, 1, 2, 5, 7][7, 14, 8][9, 6, 14] 
[0, 1, 3, 11, 10, 12, 13][4, 1, 2, 5, 7][7, 14, 8][9, 6, 14] 
[0, 1, 3, 11, 10, 12, 13][4, 1, 2, 5, 7][8, 14, 6, 9][6, 14, 7] 
[0, 1, 3, 11, 10, 12, 13][4, 1, 2, 5, 7][7, 14, 8][9, 6, 14] 
[0, 1, 3, 11, 10, 12, 13][4, 1, 2, 5, 7][7, 14, 8][9, 6, 14] 
[4, 3, 1, 2, 5, 7][12, 13, 9, 6, 14][0, 1, 3, 11, 10][7, 14, 8] 
[0, 1, 3, 11, 10, 12, 13][4, 3, 1, 2, 5, 7][8, 14, 6, 9][7, 14] 
[0, 1, 3, 11, 10, 12, 13][4, 1, 2, 5, 7][7, 14, 8][9, 6, 14] 
[8, 14, 6, 9, 13, 12, 10, 11][4, 3, 1, 2, 5, 7][7, 14][0, 1] 
[0, 1, 3, 11, 10, 12, 13][4, 1, 2, 5, 7][7, 14, 8][9, 6, 14] 
[0, 1, 3, 11, 10, 12, 13][4, 1, 2, 5, 7][7, 14, 8][9, 6, 14] 
[0, 1, 3, 11, 10, 12, 13][4, 1, 2, 5, 7][7, 14, 8][9, 6, 14] 
[0, 1, 3, 11, 10, 12, 13][4, 3, 1, 2, 5, 7][8, 14, 6, 9][7, 14] 
[0, 1, 3, 11, 10, 12, 13][4, 1, 2, 5, 7][7, 14, 8][9, 6, 14] 
[0, 1, 3, 11, 10, 12, 13][4, 1, 2, 5, 7][7, 14, 8][9, 6, 14] 
[0, 1, 3, 11, 10, 12, 13][4, 1, 2, 5, 7][8, 14, 6, 9][6, 14, 7] 
[0, 1, 3, 11, 10, 12, 13][4, 3, 1, 2, 5, 7][8, 14, 6, 9][7, 14] 
[0, 1, 3, 11, 10, 12, 13][4, 1, 2, 5, 7][7, 14, 8][9, 6, 14] 
[0, 1, 3, 11, 10, 12, 13][4, 1, 2, 5, 7][7, 14, 8][9, 6, 14] 
[0, 1, 3, 11, 10, 12, 13][4, 3, 1, 2, 5, 7][8, 14, 6, 9][7, 14] 
[0, 1, 3, 11, 10, 12, 13][4, 3, 1, 2, 5, 7][8, 14, 6, 9][7, 14] 
[4, 1, 2, 5, 7, 9, 6][0, 1, 3, 11, 10, 12, 13][6, 14][8, 14] 
[4, 1, 2, 5, 7, 9, 6][0, 1, 3, 11, 10, 12, 13][7, 14][8, 14] 
[0, 1, 3, 11, 10, 12, 13][4, 1, 2, 5, 7, 9, 6][7, 14][8, 14] 
[0, 1, 3, 11, 10, 12, 13][4, 1, 2, 5, 7, 9, 6][7, 14][8, 14] 
[0, 1, 3, 11, 10, 12, 13][4, 1, 2, 5, 7, 9, 6][7, 14][8, 14] 
[4, 1, 2, 5, 7, 9, 6][0, 1, 3, 11, 10, 12, 13][7, 14][8, 14] 
[0, 1, 3, 11, 10, 12, 13][4, 1, 2, 5, 7, 9, 6][7, 14][8, 14] 
[0, 1, 3, 11, 10, 12, 13][4, 1, 2, 5, 7, 9, 6][7, 14][8, 14] 
[0, 1, 3, 11, 10, 12, 13][4, 1, 2, 5, 7, 9, 6][7, 14][8, 14] 
[4, 1, 2, 5, 7, 9, 6][0, 1, 3, 11, 10, 12, 13][7, 14][8, 14] 
[4, 1, 2, 5, 7, 9, 6][0, 1, 3, 11, 10, 12, 13][7, 14][8, 14] 
[0, 1, 3, 11, 10, 12, 13][4, 1, 2, 5, 7, 9, 6][7, 14][8, 14] 
[0, 1, 3, 11, 10, 12, 13][4, 1, 2, 5, 7, 9, 6][7, 14][8, 14] 
[0, 1, 3, 11, 10, 12, 13][4, 1, 2, 5, 7, 9, 6][7, 14][8, 14] 
[0, 1, 3, 11, 10, 12, 13][4, 1, 2, 5, 7, 9, 6][7, 14][8, 14] 
[0, 1, 3, 11, 10, 12, 13][4, 1, 2, 5, 7, 9, 6][7, 14][8, 14] 
[0, 1, 3, 11, 10, 12, 13][4, 1, 2, 5, 7, 9, 6][7, 14][8, 14] 
[4, 1, 2, 5, 7, 9, 6][0, 1, 3, 11, 10, 12, 13][7, 14][8, 14] 
[4, 1, 2, 5, 7, 9, 6][0, 1, 3, 11, 10, 12, 13][7, 14][8, 14] 
[4, 1, 2, 5, 7, 9, 6][0, 1, 3, 11, 10, 12, 13][7, 14][8, 14] 
[4, 1, 2, 5, 7, 9, 6][0, 1, 3, 11, 10, 12, 13][7, 14][8, 14] 
[0, 1, 3, 11, 10, 12, 13][4, 1, 2, 5, 7][8, 14, 6, 9][7, 14] 
[0, 1, 3, 11, 10, 12, 13][4, 1, 2, 5, 7][8, 14, 6, 9][7, 14] 
[0, 1, 3, 11, 10, 12, 13][4, 1, 2, 5, 7][8, 14, 6, 9][7, 14] 
[0, 1, 3, 11, 10, 12, 13][4, 1, 2, 5, 7][8, 14, 6, 9][7, 14] 
[0, 1, 3, 11, 10, 12, 13][4, 1, 2, 5, 7][8, 14, 6, 9][7, 14] 
[0, 1, 3, 11, 10, 12, 13][4, 1, 2, 5, 7][8, 14, 6, 9][7, 14] 
[0, 1, 3, 11, 10, 12, 13][4, 1, 2, 5, 7][8, 14, 6, 9][7, 14] 
[0, 1, 3, 11, 10, 12, 13][4, 1, 2, 5, 7][8, 14, 6, 9][7, 14] 
[0, 1, 3, 11, 10, 12, 13][4, 1, 2, 5, 7][8, 14, 6, 9][7, 14] 
[0, 1, 3, 11, 10, 12, 13][4, 1, 2, 5, 7][8, 14, 6, 9][7, 14] 
[0, 1, 3, 11, 10, 12, 13][4, 1, 2, 5, 7][8, 14, 6, 9][7, 14] 
[0, 1, 3, 11, 10, 12, 13][4, 1, 2, 5, 7][8, 14, 6, 9][7, 14] 
[0, 1, 3, 11, 10, 12, 13][4, 1, 2, 5, 7][8, 14, 6, 9][7, 14] 
[0, 1, 3, 11, 10, 12, 13][4, 1, 2, 5, 7][8, 14, 6, 9][7, 14] 
[0, 1, 3, 11, 10, 12, 13][4, 1, 2, 5, 7][8, 14, 6, 9][7, 14] 
[0, 1, 3, 11, 10, 12, 13][4, 3, 1, 2, 5, 7][8, 14, 6, 9][7, 14] 
[0, 1, 3, 11, 10, 12, 13][4, 3, 1, 2, 5, 7][8, 14, 6, 9][7, 14] 
[0, 1, 3, 11, 10, 12, 13][4, 3, 1, 2, 5, 7][8, 14, 6, 9][7, 14] 
[0, 1, 3, 11, 10, 12, 13][4, 3, 1, 2, 5, 7][8, 14, 6, 9][7, 14] 
[0, 1, 3, 11, 10, 12, 13][4, 3, 1, 2, 5, 7][8, 14, 6, 9][7, 14] 
[0, 1, 3, 11, 10, 12, 13][4, 3, 1, 2, 5, 7][8, 14, 6, 9][7, 14] 
[0, 1, 3, 11, 10, 12, 13][4, 1, 2, 5, 7][8, 14, 6, 9][7, 14] 
[0, 1, 3, 11, 10, 12, 13][4, 1, 2, 5, 7][8, 14, 6, 9][7, 14] 
[0, 1, 3, 11, 10, 12, 13][4, 1, 2, 5, 7][8, 14, 6, 9][7, 14] 
[0, 1, 3, 11, 10, 12, 13][4, 1, 2, 5, 7][8, 14, 6, 9][7, 14] 
[0, 1, 3, 11, 10, 12, 13][4, 1, 2, 5, 7][8, 14, 6, 9][7, 14] 
[0, 1, 3, 11, 10, 12, 13][4, 3, 1, 2, 5, 7][8, 14, 6, 9][7, 14] 
[0, 1, 3, 11, 10, 12, 13][4, 1, 2, 5, 7][8, 14, 6, 9][7, 14] 
[0, 1, 3, 11, 10, 12, 13][4, 3, 1, 2, 5, 7][8, 14, 6, 9][7, 14] 
[0, 1, 3, 11, 10, 12, 13][4, 3, 1, 2, 5, 7][8, 14, 6, 9][7, 14] 
[0, 1, 3, 11, 10, 12, 13][4, 3, 1, 2, 5, 7][8, 14, 6, 9][7, 14] 
[0, 1, 3, 11, 10, 12, 13][4, 3, 1, 2, 5, 7][8, 14, 6, 9][7, 14] 
[0, 1, 3, 11, 10, 12, 13][4, 3, 1, 2, 5, 7][8, 14, 6, 9][7, 14] 
[0, 1, 3, 11, 10, 12, 13][4, 3, 1, 2, 5, 7][8, 14, 6, 9][7, 14] 
[0, 1, 3, 11, 10, 12, 13][4, 3, 1, 2, 5, 7][8, 14, 6, 9][7, 14] 
[0, 1, 3, 11, 10, 12, 13][4, 3, 1, 2, 5, 7][8, 14, 6, 9][7, 14] 
[0, 1, 3, 11, 10, 12, 13][4, 3, 1, 2, 5, 7][8, 14, 6, 9][7, 14] 
[0, 1, 3, 11, 10, 12, 13][4, 3, 1, 2, 5, 7][8, 14, 6, 9][7, 14] 
[0, 1, 3, 11, 10, 12, 13][4, 3, 1, 2, 5, 7][8, 14, 6, 9][7, 14] 
[0, 1, 3, 11, 10, 12, 13][4, 3, 1, 2, 5, 7][8, 14, 6, 9][7, 14] 
[0, 1, 3, 11, 10, 12, 13][4, 3, 1, 2, 5, 7][8, 14, 6, 9][7, 14] 
[0, 1, 3, 11, 10, 12, 13][4, 3, 1, 2, 5, 7][8, 14, 6, 9][7, 14] 
[0, 1, 3, 11, 10, 12, 13][4, 3, 1, 2, 5, 7][8, 14, 6, 9][7, 14] 
[0, 1, 3, 11, 10, 12, 13][4, 3, 1, 2, 5, 7][8, 14, 6, 9][7, 14] 
[0, 1, 3, 11, 10, 12, 13][4, 3, 1, 2, 5, 7][8, 14, 6, 9][7, 14] 
[0, 1, 3, 11, 10, 12, 13][4, 3, 1, 2, 5, 7][8, 14, 6, 9][7, 14] 
[0, 1, 3, 11, 10, 12, 13][4, 3, 1, 2, 5, 7][8, 14, 6, 9][7, 14] 
[0, 1, 3, 11, 10, 12, 13][4, 3, 1, 2, 5, 7][8, 14, 6, 9][7, 14] 
[0, 1, 3, 11, 10, 12, 13][2, 5, 7, 9, 6, 14, 8][2, 1, 4][8, 14] 
[0, 1, 3, 11, 10, 12, 13][4, 3, 1, 2, 5, 7][8, 14, 6, 9][7, 14] 
[0, 1, 3, 11, 10, 12, 13][4, 3, 1, 2, 5, 7][8, 14, 6, 9][7, 14] 
[0, 1, 3, 11, 10, 12, 13][4, 3, 1, 2, 5, 7][8, 14, 6, 9][7, 14] 
[0, 1, 3, 11, 10, 12, 13][4, 3, 1, 2, 5, 7][8, 14, 6, 9][7, 14] 
[0, 1, 3, 11, 10, 12, 13][4, 3, 1, 2, 5, 7][8, 14, 6, 9][7, 14] 
[0, 1, 3, 11, 10, 12, 13][4, 3, 1, 2, 5, 7][8, 14, 6, 9][7, 14] 
[0, 1, 3, 11, 10, 12, 13][4, 3, 1, 2, 5, 7][8, 14, 6, 9][7, 14] 
