[0, 1, 2, 5, 7, 14, 8][4, 1, 3, 11, 10, 12, 13][6, 9][6, 14] 
[4, 1, 3, 11, 10, 12, 13][0, 1, 2, 5, 7, 14][6, 14, 8][6, 9] 
[0, 1, 2, 5, 7, 14][4, 3, 11, 10, 12, 13][8, 14, 6, 9][1, 3] 
[0, 1, 2, 5, 7, 14][4, 3, 11, 10, 12, 13][8, 14, 6, 9][1, 3] 
[4, 1, 3, 11, 10, 12, 13][0, 1, 2, 5, 7, 14][6, 14, 8][6, 9] 
[4, 1, 3, 11, 10, 12, 13][0, 1, 2, 5, 7, 14][6, 14, 8][6, 9] 
[4, 1, 3, 11, 10, 12, 13][0, 1, 2, 5, 7, 14][6, 14, 8][6, 9] 
[4, 1, 3, 11, 10, 12, 13][0, 1, 2, 5, 7, 14][6, 14, 8][6, 9] 
[4, 1, 3, 11, 10, 12, 13][0, 1, 2, 5, 7, 14][6, 14, 8][6, 9] 
[4, 1, 3, 11, 10, 12, 13][0, 1, 2, 5, 7, 14][6, 14, 8][6, 9] 
[0, 1, 2, 5, 7, 14, 8][4, 1, 3, 11, 10, 12, 13][6, 14][6, 9] 
[4, 1, 3, 11, 10, 12, 13][0, 1, 2, 5, 7, 14][6, 14, 8][6, 9] 
[0, 1, 2, 5, 7, 14][4, 3, 11, 10, 12, 13][8, 14, 6, 9][1, 3] 
[4, 1, 3, 11, 10, 12, 13][0, 1, 2, 5, 7, 14][6, 14, 8][6, 9] 
[4, 1, 3, 11, 10, 12, 13][0, 1, 2, 5, 7, 14][6, 14, 8][6, 9] 
[4, 1, 3, 11, 10, 12, 13][0, 1, 2, 5, 7, 14][6, 14, 8][6, 9] 
[4, 1, 3, 11, 10, 12, 13][0, 1, 2, 5, 7, 14, 8][6, 14][6, 9] 
[4, 1, 3, 11, 10, 12, 13][0, 1, 2, 5, 7, 14][6, 14, 8][6, 9] 
[4, 1, 3, 11, 10, 12, 13][0, 1, 2, 5, 7, 14][6, 14, 8][6, 9] 
[4, 1, 3, 11, 10, 12, 13][0, 1, 2, 5, 7, 14][6, 14, 8][6, 9] 
[0, 1, 2, 5, 7, 14, 8][4, 1, 3, 11, 10, 12, 13][6, 14][6, 9] 
[4, 1, 3, 11, 10, 12, 13][0, 1, 2, 5, 7, 14][6, 14, 8][6, 9] 
[0, 1, 2, 5, 7, 14][4, 3, 11, 10, 12, 13][8, 14, 6, 9][1, 3] 
[4, 1, 3, 11, 10, 12, 13][0, 1, 2, 5, 7, 14][6, 14, 8][6, 9] 
[4, 1, 3, 11, 10, 12, 13][0, 1, 2, 5, 7, 14][6, 14, 8][6, 9] 
[4, 1, 3, 11, 10, 12, 13][0, 1, 2, 5, 7, 14][6, 14, 8][6, 9] 
[0, 1, 2, 5, 7, 14, 8][4, 1, 3, 11, 10, 12, 13][6, 9][6, 14] 
[4, 1, 3, 11, 10, 12, 13][0, 1, 2, 5, 7, 14][6, 14, 8][6, 9] 
[4, 1, 3, 11, 10, 12, 13][0, 1, 2, 5, 7, 14][6, 14, 8][6, 9] 
[0, 1, 2, 5, 7, 14, 8][4, 1, 3, 11, 10, 12, 13][6, 14][6, 9] 
[0, 1, 2, 5, 7, 14, 8][4, 1, 3, 11, 10, 12, 13][6, 14][6, 9] 
[4, 1, 3, 11, 10, 12, 13][0, 1, 2, 5, 7, 14][6, 14, 8][6, 9] 
[4, 1, 3, 11, 10, 12, 13][0, 1, 2, 5, 7, 14][6, 14, 8][6, 9] 
[0, 1, 2, 5, 7, 14, 8][4, 1, 3, 11, 10, 12, 13][6, 9][6, 14] 
[0, 1, 2, 5, 7, 14, 8][4, 1, 3, 11, 10, 12, 13][6, 9][6, 14] 
[4, 1, 3, 11, 10, 12, 13][0, 1, 2, 5, 14, 6, 9][8, 14, 7, 9][3, 11] 
[4, 1, 3, 11, 10, 12, 13][0, 1, 2, 5, 14, 6, 9][8, 14, 7, 9][3, 11] 
[0, 1, 2, 5, 14, 6, 9][4, 1, 3, 11, 10, 12, 13][8, 14, 7, 9][12, 13] 
[4, 1, 3, 11, 10, 12, 13][0, 1, 2, 5, 14, 6, 9][5, 7, 14, 8][12, 13] 
[4, 1, 3, 11, 10, 12, 13][0, 1, 2, 5, 14, 6, 9][5, 7, 14, 8][12, 13] 
[0, 1, 2, 5, 7, 14, 6, 9][4, 1, 3, 11, 10, 12, 13][6, 14, 8][3, 11] 
[4, 1, 3, 11, 10, 12, 13][0, 1, 2, 5, 14, 6, 9][8, 14, 7, 9][3, 11] 
[4, 1, 3, 11, 10, 12, 13][0, 1, 2, 5, 14, 6, 9][8, 14, 7, 9][3, 11] 
[4, 1, 3, 11, 10, 12, 13][0, 1, 2, 5, 14, 6, 9][5, 7, 14, 8][12, 13] 
[4, 1, 3, 11, 10, 12, 13][0, 1, 2, 5, 14, 6, 9][8, 14, 7, 9][3, 11] 
[4, 1, 3, 11, 10, 12, 13][0, 1, 2, 5, 14, 6, 9][8, 14, 7, 9][3, 11] 
[4, 1, 3, 11, 10, 12, 13][0, 1, 2, 5, 14, 6, 9][8, 14, 7, 9][3, 11] 
[4, 1, 3, 11, 10, 12, 13][0, 1, 2, 5, 14, 6, 9][5, 7, 14, 8][12, 13] 
[4, 1, 3, 11, 10, 12, 13][0, 1, 2, 5, 14, 6, 9][8, 14, 7, 9][3, 11] 
[4, 1, 3, 11, 10, 12, 13][0, 1, 2, 5, 14, 6, 9][8, 14, 7, 9][3, 11] 
[4, 1, 3, 11, 10, 12, 13][0, 1, 2, 5, 14, 6, 9][8, 14, 7, 9][3, 11] 
[4, 1, 3, 11, 10, 12, 13][0, 1, 2, 5, 14, 6, 9][8, 14, 7, 9][3, 11] 
[4, 1, 3, 11, 10, 12, 13][0, 1, 2, 5, 14, 6, 9][8, 14, 7, 9][3, 11] 
[4, 1, 3, 11, 10, 12, 13][0, 1, 2, 5, 14, 6, 9][8, 14, 7, 9][3, 11] 
[4, 1, 3, 11, 10, 12, 13][0, 1, 2, 5, 14, 6, 9][8, 14, 7, 9][3, 11] 
[4, 1, 3, 11, 10, 12, 13][0, 1, 2, 5, 14, 6, 9][8, 14, 7, 9][3, 11] 
[0, 1, 3, 11, 10, 12, 13][4, 1, 2, 5, 14][7, 14, 8][6, 9, 7] 
[0, 1, 3, 11, 10, 12, 13][4, 1, 2, 5, 14][6, 9, 7][7, 14, 8] 
[0, 1, 3, 11, 10, 12, 13][4, 1, 2, 5, 14][7, 14, 8][6, 9, 7] 
[0, 1, 3, 11, 10, 12, 13][4, 1, 2, 5, 14][7, 14, 8][6, 9, 7] 
[0, 1, 3, 11, 10, 12, 13][4, 1, 2, 5, 14][7, 14, 8][6, 9, 7] 
[0, 1, 3, 11, 10, 12, 13][4, 1, 2, 5, 14][7, 14, 8][6, 9, 7] 
[0, 1, 3, 11, 10, 12, 13][4, 1, 2, 5, 14][6, 9, 7][7, 14, 8] 
[0, 1, 3, 11, 10, 12, 13][4, 1, 2, 5, 14][6, 9, 7][7, 14, 8] 
[0, 1, 3, 11, 10, 12, 13][4, 1, 2, 5, 14][6, 9, 7][7, 14, 8] 
[0, 1, 3, 11, 10, 12, 13][4, 1, 2, 5, 14][7, 14, 8][6, 9, 7] 
[0, 1, 3, 11, 10, 12, 13][4, 1, 2, 5, 14][6, 9, 7][7, 14, 8] 
[0, 1, 3, 11, 10, 12, 13][4, 1, 2, 5, 14][6, 9, 7][7, 14, 8] 
[0, 1, 3, 11, 10, 12, 13][4, 1, 2, 5, 14][6, 9, 7][7, 14, 8] 
[0, 1, 3, 11, 10, 12, 13][4, 1, 2, 5, 14][6, 9, 7][7, 14, 8] 
[0, 1, 3, 11, 10, 12, 13][4, 1, 2, 5, 14][6, 9, 7][7, 14, 8] 
[0, 1, 2, 5, 7, 14, 8][4, 1, 3, 11, 10, 12, 13][6, 14][6, 9] 
[0, 1, 2, 5, 7, 14, 8][4, 1, 3, 11, 10, 12, 13][6, 14][6, 9] 
[0, 1, 2, 5, 7, 14, 8][4, 1, 3, 11, 10, 12, 13][6, 9][6, 14] 
[0, 1, 2, 5, 7, 14, 8][4, 1, 3, 11, 10, 12, 13][6, 9][6, 14] 
[0, 1, 2, 5, 7, 14, 8][4, 1, 3, 11, 10, 12, 13][6, 9][6, 14] 
[0, 1, 2, 5, 7, 14, 8][4, 1, 3, 11, 10, 12, 13][6, 14][6, 9] 
[0, 1, 3, 11, 10, 12, 13][4, 1, 2, 5, 14][6, 9, 7][7, 14, 8] 
[0, 1, 3, 11, 10, 12, 13][4, 1, 2, 5, 14][6, 9, 7][7, 14, 8] 
[0, 1, 3, 11, 10, 12, 13][4, 1, 2, 5, 14][6, 9, 7][7, 14, 8] 
[0, 1, 3, 11, 10, 12, 13][4, 1, 2, 5, 14][7, 14, 8][6, 9, 7] 
[0, 1, 3, 11, 10, 12, 13][4, 1, 2, 5, 14][6, 9, 7][7, 14, 8] 
[0, 1, 3, 11, 10, 12, 13][4, 1, 2, 5, 14][6, 9, 7][7, 14, 8] 
[0, 1, 3, 11, 10, 12, 13][4, 1, 2, 5, 14][7, 14, 8][6, 9, 7] 
[0, 1, 2, 5, 7, 14, 8][4, 1, 3, 11, 10, 12, 13][6, 9][6, 14] 
[0, 1, 2, 5, 7, 14, 8][4, 1, 3, 11, 10, 12, 13][6, 9][6, 14] 
[0, 1, 2, 5, 7, 14, 8][4, 1, 3, 11, 10, 12, 13][6, 9][6, 14] 
[0, 1, 2, 5, 7, 14, 8][4, 1, 3, 11, 10, 12, 13][6, 9][6, 14] 
[0, 1, 2, 5, 7, 14, 8][4, 1, 3, 11, 10, 12, 13][6, 9][6, 14] 
[0, 1, 2, 5, 7, 14, 8][4, 1, 3, 11, 10, 12, 13][6, 9][6, 14] 
[4, 1, 3, 11, 10, 12, 13][0, 1, 2, 5, 7, 14, 8][6, 14][6, 9] 
[0, 1, 2, 5, 7, 14, 8][4, 1, 3, 11, 10, 12, 13][6, 9][6, 14] 
[0, 1, 2, 5, 7, 14, 8][4, 1, 3, 11, 10, 12, 13][6, 9][6, 14] 
[0, 1, 2, 5, 7, 14, 8][4, 1, 3, 11, 10, 12, 13][6, 9][6, 14] 
[0, 1, 2, 5, 7, 14, 8][4, 1, 3, 11, 10, 12, 13][6, 9][6, 14] 
[0, 1, 2, 5, 7, 14, 8][4, 1, 3, 11, 10, 12, 13][6, 9][6, 14] 
[0, 1, 2, 5, 7, 14, 8][4, 1, 3, 11, 10, 12, 13][6, 14][6, 9] 
[0, 1, 2, 5, 7, 14, 8][4, 1, 3, 11, 10, 12, 13][6, 9][6, 14] 
[0, 1, 2, 5, 7, 14, 8][4, 1, 3, 11, 10, 12, 13][6, 9][6, 14] 
[4, 1, 3, 11, 10, 12, 13][6, 9, 7, 5, 14, 8][0, 1, 2][3, 5] 
[4, 1, 3, 11, 10, 12, 13][6, 9, 7, 5, 14, 8][0, 1, 2][3, 5] 
[4, 1, 3, 11, 10, 12, 13][6, 9, 7, 5, 14, 8][0, 1, 2][3, 5] 
[4, 1, 3, 11, 10, 12, 13][6, 9, 7, 5, 14, 8][0, 1, 2][3, 5] 
[4, 1, 3, 11, 10, 12, 13][6, 9, 7, 5, 14, 8][0, 1, 2][3, 5] 
[4, 1, 3, 11, 10, 12, 13][6, 9, 7, 5, 14, 8][5, 3, 11][0, 1, 2] 
[0, 1, 3, 11, 10, 12, 13][4, 1, 2, 5, 14][6, 9, 7][7, 14, 8] 
[0, 1, 3, 11, 10, 12, 13][4, 1, 2, 5, 14][7, 14, 8][6, 9, 7] 
[0, 1, 3, 11, 10, 12, 13][4, 1, 2, 5, 14][7, 14, 8][6, 9, 7] 
[0, 1, 3, 11, 10, 12, 13][4, 1, 2, 5, 14][7, 14, 8][6, 9, 7] 
[0, 1, 3, 11, 10, 12, 13][4, 1, 2, 5, 14][6, 9, 7][7, 14, 8] 
[0, 1, 2, 5, 7, 14, 8][4, 1, 3, 11, 10, 12, 13][6, 14][6, 9] 
[0, 1, 3, 11, 10, 12, 13][4, 1, 2, 5, 14][7, 14, 8][6, 9, 7] 
