98844.16551662925 9069.497094815451 0.0892916527963918 7.837478740838916E-6 145.0 142.0 2.302567351347839 
83486.30620704495 11659.99882906842 0.06229929351316635 0.0 87.0 124.0 2.407172054998142 
51050.0 8397.782439956984 0.08863198458574181 0.37122671804752727 57.0 67.0 0.0 
61150.0 8761.1339835354 0.26337228560267534 0.18627954471673494 75.0 72.0 0.0 
96184.57861140798 6521.853554826303 0.1772831928486265 0.0 114.0 81.0 1.4745196324143692 
86250.0 6932.854332716315 0.2119460500963391 0.023121387283236993 107.0 75.0 0.0 
87860.0 8440.604851793505 0.2003853564547206 0.021836865767501604 81.0 66.0 0.0 
93560.0 8454.705595920084 0.1329479768786127 0.0 102.0 110.0 1.5223776223776224 
97508.59394921635 7370.194581737221 0.10663805821359648 0.0 129.0 106.0 1.873015873015873 
83580.2778729418 8819.617723677598 0.1798330122029544 0.012202954399486191 117.0 105.0 0.9806058806058806 
65690.0 7727.918974901266 0.12780989081567115 0.2691072575465639 64.0 75.0 1.4807692307692308 
59815.0 7726.094875252649 0.11175337186897881 0.35645472061657035 62.0 74.0 0.4105263157894737 
73380.0 7800.578006720759 0.28580603725112397 0.170199100834939 82.0 71.0 1.1904761904761905 
77280.0 8034.384493982016 0.35581245985870263 0.10211946050096339 105.0 82.0 0.3561904761904762 
68150.0 8136.788729902026 0.2697495183044316 0.19396274887604367 69.0 67.0 0.0 
71900.0 8789.667009965448 0.464354527938343 0.11432241490044959 88.0 64.0 0.0 
77735.0 10087.240617834404 0.16570327552986513 0.06422607578676943 79.0 90.0 2.093479437229437 
80097.12513396838 11996.14254750776 0.10211946050096339 0.006422607578676943 83.0 108.0 0.536013986013986 
64400.0 9656.117880290414 0.11046885035324341 0.2806679511881824 61.0 76.0 0.45546558704453444 
70935.0 9241.580818025428 0.22286448298008993 0.10276172125883108 71.0 75.0 0.3835227272727273 
77735.0 7843.990145831024 0.19845857418111754 0.06422607578676943 81.0 77.0 1.4460227272727273 
93938.96093460842 9712.72203513277 0.13360310760157063 0.0 111.0 108.0 1.1123626373626374 
92210.0 7660.006659451786 0.1355170199100835 0.06101477199743096 108.0 76.0 0.5604395604395604 
76325.0 7760.59314337609 0.1464354527938343 0.1579961464354528 89.0 73.0 0.0 
87635.0 7861.517505258042 0.20937700706486834 0.05523442517662171 88.0 70.0 0.21637426900584794 
78455.0 9560.083283524951 0.14129736673089274 0.1014771997430957 72.0 74.0 0.45546558704453444 
83486.2888996054 11659.89398912062 0.06230729599145962 0.0 87.0 124.0 2.407172054998142 
49490.0 8058.060119524612 0.07450224791265253 0.3815028901734104 59.0 67.0 0.0 
61270.0 9039.186985543707 0.35324341682723187 0.18625561978163135 72.0 64.0 0.0 
91455.0 6590.503948908858 0.1464354527938343 0.023121387283236993 115.0 87.0 1.7458646616541353 
86250.0 6932.854332716315 0.2119460500963391 0.023121387283236993 107.0 75.0 0.0 
87860.0 8440.604851793505 0.2003853564547206 0.021836865767501604 81.0 66.0 0.0 
88025.42953564442 9513.649893598254 0.08479351749758379 0.0 92.0 106.0 2.15982905982906 
87032.00043941847 9332.408077248612 0.1001926782273603 0.0 114.0 122.0 1.3556058806058806 
65690.0 7727.918974901266 0.12780989081567115 0.2691072575465639 64.0 75.0 1.4807692307692308 
59815.0 7726.094875252649 0.11175337186897881 0.35645472061657035 62.0 74.0 0.4105263157894737 
77690.0 8445.210235941155 0.42517662170841364 0.0783558124598587 96.0 66.0 0.16776315789473684 
65525.0 8055.311347168081 0.19845857418111754 0.2010276172125883 74.0 73.0 0.0 
77735.0 8918.182043928178 0.19845857418111754 0.06422607578676943 80.0 84.0 1.6647727272727273 
81651.62814660154 11776.91042122338 0.10405936023898535 6.430857556298878E-4 87.0 111.0 0.536013986013986 
64400.0 9656.117880290414 0.11046885035324341 0.2806679511881824 61.0 76.0 0.45546558704453444 
70935.0 9241.580818025428 0.22286448298008993 0.10276172125883108 71.0 75.0 0.3835227272727273 
77735.0 7843.990145831024 0.19845857418111754 0.06422607578676943 81.0 77.0 1.4460227272727273 
95590.0 7907.089106545627 0.14129736673089274 0.047527296082209375 96.0 76.0 0.5164835164835164 
95150.0 7481.452316076296 0.2222222222222222 0.18047527296082208 99.0 82.0 0.0 
94975.0 7897.006598061016 0.2145150931278099 0.028901734104046242 88.0 71.0 0.35384615384615387 
83455.0 9062.580717410596 0.1573538856775851 0.06936416184971098 79.0 74.0 0.4096989966555184 
83486.2888996054 11659.89398912062 0.06230729599145962 0.0 87.0 124.0 2.407172054998142 
49490.0 8058.060119524612 0.07450224791265253 0.3815028901734104 59.0 67.0 0.0 
61270.0 9039.186985543707 0.35324341682723187 0.18625561978163135 72.0 64.0 0.0 
97930.0 6322.6899610108785 0.16184971098265896 0.018625561978163133 115.0 82.0 2.2373626373626374 
95910.0 6150.795823340575 0.2119460500963391 0.023121387283236993 117.0 75.0 0.0 
87860.0 8440.604851793505 0.2003853564547206 0.021836865767501604 81.0 66.0 0.0 
88153.48538531926 9656.969689466572 0.06487667009249741 0.0 101.0 125.0 2.3047619047619046 
71160.0 7471.928273107925 0.16120745022479127 0.22992935131663456 71.0 78.0 1.539031339031339 
59815.0 7726.094875252649 0.11175337186897881 0.35645472061657035 62.0 74.0 0.4105263157894737 
64730.0 7867.532606609132 0.3012202954399486 0.3333333333333333 72.0 74.0 0.4105263157894737 
81196.62814660154 11788.996241185156 0.10598614251258844 6.430857556298878E-4 87.0 110.0 0.8129370629370629 
64400.0 9656.117880290414 0.11046885035324341 0.2806679511881824 61.0 76.0 0.45546558704453444 
70935.0 9241.580818025428 0.22286448298008993 0.10276172125883108 71.0 75.0 0.3835227272727273 
77735.0 7843.990145831024 0.19845857418111754 0.06422607578676943 81.0 77.0 1.4460227272727273 
90365.0 7297.114059250498 0.18689788053949905 0.06679511881824021 103.0 79.0 0.5257142857142857 
76985.0 7803.328887508801 0.21001926782273603 0.12202954399486192 83.0 72.0 0.0 
83455.0 9062.580717410596 0.1573538856775851 0.06936416184971098 79.0 74.0 0.4096989966555184 
84197.27934910616 11453.000763340011 0.06037251123956326 0.0 88.0 129.0 2.351526251526251 
49490.0 8058.060119524612 0.07450224791265253 0.3815028901734104 59.0 67.0 0.0 
61270.0 9039.186985543707 0.35324341682723187 0.18625561978163135 72.0 64.0 0.0 
103265.0629051117 6705.347722302098 0.15928066795118817 0.0 117.0 85.0 2.0860805860805858 
96660.0 7590.029857454732 0.19910083493898523 0.021836865767501604 93.0 67.0 0.0 
87860.0 8440.604851793505 0.2003853564547206 0.021836865767501604 81.0 66.0 0.0 
88153.48330244675 9656.972580406904 0.06487667009235994 0.0 101.0 125.0 2.3047619047619046 
67335.0 8276.013367263538 0.10854206807964033 0.3230571612074502 83.0 95.0 1.507118807118807 
59815.0 7726.094875252649 0.11175337186897881 0.35645472061657035 62.0 74.0 0.4105263157894737 
64730.0 7867.532606609132 0.3012202954399486 0.3333333333333333 72.0 74.0 0.4105263157894737 
81196.66427487177 11791.608936959534 0.10597302504816955 6.422607578676942E-4 87.0 110.0 0.8129370629370629 
64400.0 9656.117880290414 0.11046885035324341 0.2806679511881824 61.0 76.0 0.45546558704453444 
69610.0 8909.967105462694 0.26525369299935775 0.12652536929993577 68.0 74.0 0.4805491990846682 
81445.0 7308.006621015627 0.16634553628773283 0.046242774566473986 94.0 81.0 1.65625 
98230.0 7564.293569333892 0.14129736673089274 0.09377007064868337 92.0 73.0 0.0 
85750.0 8137.258855274521 0.21258831085420682 0.07257546563904946 89.0 73.0 0.0 
83455.0 9062.580717410596 0.1573538856775851 0.06936416184971098 79.0 74.0 0.4096989966555184 
83387.72308285887 11968.114207950544 0.060386618701296774 0.0 86.0 125.0 2.614529914529914 
49490.0 8058.060119524612 0.07450224791265253 0.3815028901734104 59.0 67.0 0.0 
70835.0 8982.015996006705 0.271034039820167 0.18304431599229287 68.0 70.0 0.0 
100290.0 6397.520673321267 0.16187050092626623 0.0 127.0 96.0 2.056062030075188 
96660.0 7590.029857454732 0.19910083493898523 0.021836865767501604 93.0 67.0 0.0 
87100.0 8435.596504548095 0.19910083493898523 0.021836865767501604 82.0 67.0 0.0 
88153.44479230834 9656.989417686913 0.06487666902203527 0.0 101.0 125.0 2.3047619047619046 
59815.0 7726.094875252649 0.11175337186897881 0.35645472061657035 62.0 74.0 0.4105263157894737 
64730.0 7867.532606609132 0.3012202954399486 0.3333333333333333 72.0 74.0 0.4105263157894737 
81563.17753982752 12466.171392603692 0.08992789253324389 1.3629911606762197E-15 85.0 128.0 1.2486513486513486 
64400.0 9656.117880290414 0.11046885035324341 0.2806679511881824 61.0 76.0 0.45546558704453444 
69610.0 8909.967105462694 0.26525369299935775 0.12652536929993577 68.0 74.0 0.4805491990846682 
81445.0 7407.763922814953 0.19910083493898523 0.046242774566473986 91.0 77.0 1.3854166666666665 
98230.0 7564.293569333892 0.14129736673089274 0.09377007064868337 92.0 73.0 0.0 
82445.0 8456.18369196412 0.2466281310211946 0.03147077713551702 89.0 67.0 0.1719298245614035 
83310.0 8801.589939096657 0.15542710340398203 0.057803468208092484 82.0 71.0 0.40384615384615385 
81702.87659009121 13737.7314728856 0.08414977342871068 8.260574895695412E-8 86.0 143.0 2.2693147937333986 
70835.0 8982.015996006705 0.271034039820167 0.18304431599229287 68.0 70.0 0.0 
96660.0 7590.029857454732 0.19910083493898523 0.021836865767501604 93.0 67.0 0.0 
87100.0 8435.596504548095 0.19910083493898523 0.021836865767501604 82.0 67.0 0.0 
88153.44479230834 9656.989417686913 0.06487666902203527 0.0 101.0 125.0 2.3047619047619046 
59815.0 7726.094875252649 0.11175337186897881 0.35645472061657035 62.0 74.0 0.4105263157894737 
64730.0 7867.532606609132 0.3012202954399486 0.3333333333333333 72.0 74.0 0.4105263157894737 
81495.35703549124 12381.820948040999 0.0886433710175085 1.3629911606762197E-15 87.0 130.0 1.2796037296037297 
69975.0 8926.083262347798 0.28837508028259473 0.12652536929993577 67.0 71.0 0.4105263157894737 
81445.0 7612.138484755621 0.16634553628773283 0.046242774566473986 94.0 80.0 1.7229166666666667 
98230.0 7564.293569333892 0.14129736673089274 0.09377007064868337 92.0 73.0 0.0 
85195.0 8705.433660419225 0.35773924213230573 0.09184328837508028 80.0 71.0 0.4105263157894737 
84650.0 9073.822302932547 0.17790622992935132 0.10533076429030186 82.0 81.0 0.3463203463203463 
64730.0 7867.532606609132 0.3012202954399486 0.3333333333333333 72.0 74.0 0.4105263157894737 
61245.0 8875.449977748558 0.07965468893665625 0.3539314649609013 59.0 82.0 0.5300751879699248 
