6969891.951841041 17045.652940602904 0.4467234435554762 0.03317180951402686 6688.0 249.0 4.722776191816439 
5106795.993661592 21365.2197597873 0.21180381441140567 9.415026984511063E-8 5513.0 558.0 7.478038809088332 
4177995.981516753 29245.77579835513 0.2751951099695526 2.303603143373583E-22 4387.0 551.0 8.708488217413242 
3198076.0078850617 21611.5348818753 0.41235242224546764 0.11442015431377135 3227.0 244.0 6.172512980294573 
6345915.706705303 21391.21005024707 0.2447711870061348 4.407514661740768E-8 6412.0 573.0 7.858285669325154 
1881525.0 19542.058626828315 0.24345506451950252 0.48632218844984804 1698.0 143.0 1.0676190476190477 
1344995.0 19924.335467296503 0.11062346412536614 0.6245908346974753 1128.0 143.0 0.0 
5022751.048161457 25164.533496903172 0.12380282471644216 2.1872468084041496E-11 5251.0 649.0 9.04486332727931 
2267694.621288589 19768.83915882381 0.3952559928454106 0.3816365538727722 2198.0 154.0 1.1388888888888888 
3895360.132553281 30105.572981400925 0.42982928218517646 5.1719474609466995E-43 3868.0 461.0 8.687302359923082 
2405640.0 16426.615175936757 0.3228042194569994 0.4198620528435602 2402.0 146.0 3.2666666666666666 
1538795.0 20267.945211027178 0.3535504186988552 0.4757726167457026 1496.0 140.0 1.2380952380952381 
4553995.953909781 20122.459806658455 0.5160481691774046 0.15665198810280995 4510.0 185.0 3.161290322580645 
4235560.707567928 19272.273648963204 0.439270496665322 0.18996969901349173 3991.0 257.0 3.964227168712295 
4436249.000714724 26945.925412628967 0.11249402923812882 1.4162539053836748E-7 4832.0 677.0 9.976704464211169 
1072935.0 21332.941783401664 0.18327808860060635 0.6301763852566667 1013.0 137.0 0.0 
1830820.0 20445.404640115066 0.30082593422272574 0.5076602037514162 1633.0 138.0 2.0 
4610090.246816662 22867.739176722647 0.4124691735581053 0.060088847322889875 4347.0 247.0 5.132014995052748 
3743065.4089764263 25024.187750668214 0.3966291263550696 0.05149637596446109 3764.0 319.0 7.404783386490703 
7386882.2673669765 17356.361654327666 0.42404408605662636 2.576273614189394E-13 7432.0 318.0 5.458333333333333 
1396330.0 21541.71151524028 0.22948462406341236 0.5852267081199202 1138.0 135.0 0.0 
1673595.0 17231.94229915305 0.18316221316332792 0.5676307919939119 1381.0 144.0 2.13953488372093 
5224544.654408801 21926.36277479457 0.2719224876344187 7.989040945236868E-28 6053.0 615.0 9.492002552149689 
4019971.4970781584 26821.64458833621 0.3390238944278837 0.005319148939286705 3862.0 385.0 9.0721545833576 
2937019.05421562 21719.90780173279 0.29512630265795153 0.21463642740550132 2836.0 229.0 3.3007354876306487 
4951346.281039065 25656.18199275859 0.1722317874259843 1.3405471305868841E-6 5258.0 514.0 7.352102882473412 
5514788.443214663 21562.882623374382 0.45324027276539314 2.783983791877985E-12 5304.0 278.0 2.8921020737947747 
2025845.6010039595 19933.357798578287 0.37193355264954403 0.41758405468274523 1929.0 154.0 1.1388888888888888 
2459700.0 16346.849161496726 0.35258567900187987 0.38674973639810606 2358.0 161.0 5.261904761904762 
4387742.526858422 29291.94364789971 0.11641032570761678 1.4162539053836748E-7 4638.0 633.0 9.161851245740053 
4842117.444233226 24588.907871305742 0.1377144450110412 2.1872468084041496E-11 5044.0 568.0 8.38450644259112 
2341542.5 22620.01543437206 0.4160058651302122 0.33276829553425297 2498.0 152.0 2.353808353808354 
4770662.249764274 25089.901472507943 0.24386482859345632 1.5737127030089386E-6 5097.0 457.0 5.368757869954444 
4676073.953855411 27934.083042081995 0.0927944439404444 1.6999424132794855E-11 5153.0 746.0 9.517608633694241 
2191535.0 20321.49538483359 0.35837356472090665 0.4363751056499005 2000.0 137.0 2.0 
3084195.0 19100.22901519121 0.3255221924629414 0.44786309564644516 2850.0 141.0 0.0 
2717485.074459683 21298.25518072031 0.33703723690967075 0.32882433165647695 2973.0 203.0 2.6059889676910952 
3025363.226813942 18782.59731868678 0.26943726026116677 0.33528177663264086 3084.0 238.0 4.332142857142857 
2111299.778748516 19773.194691648438 0.3912813538647154 0.39329751523994255 2043.0 150.0 1.1388888888888888 
3474558.223764614 26433.792419138903 0.4665083726780138 0.033726911386485876 3293.0 307.0 6.222403677089051 
3802254.5889707073 19551.32441616365 0.5089456383372285 0.18546880515446024 3251.0 169.0 5.351515151515152 
3342333.607590354 23560.520455629634 0.4056310001428509 0.1792728548047697 3244.0 257.0 3.530331166479174 
5154368.26937446 14121.701164672775 0.357963641610551 0.14490298799289839 5702.0 214.0 6.489855072463769 
4481664.022494552 22853.810241925497 0.26636852221038543 0.06181605356049158 4525.0 359.0 6.665003648492613 
5895162.3026923705 23484.123584711986 0.33771062758978276 1.862089528209591E-8 6011.0 345.0 7.027384157324256 
1230425.0 20221.738196088514 0.1558052127987221 0.6401720842378418 1053.0 139.0 0.0 
3852379.410670456 25606.873349354802 0.5366512397988404 0.054214402619791296 3530.0 269.0 4.3984389575734895 
1136950.0 20950.990495368995 0.16156507988550786 0.6372757997534488 1058.0 132.0 0.0 
4884726.620046781 27019.878880561962 0.2262123206645322 3.289024242857419E-17 4872.0 478.0 8.682746397479185 
2870280.0 17487.514441406332 0.4269671424302521 0.34700140285246667 2917.0 156.0 2.2549019607843137 
3139143.9277967024 18128.169404824042 0.3914279821399132 0.27589431844750995 3051.0 204.0 5.741259021651965 
3576195.0 18542.258735403095 0.4593207405860649 0.3117550187238534 3413.0 159.0 2.180735930735931 
5769066.963727241 14794.70783258443 0.41980673306488997 0.003185825055244137 5659.0 231.0 6.489855072463769 
5369121.209939349 21309.064631545047 0.3533465641435139 9.397545837289256E-7 6182.0 419.0 5.221641731016731 
6623446.623325709 17047.68059957387 0.5388440888676109 0.05307477888508134 6169.0 220.0 3.3645510835913313 
6142491.514735979 15739.707868895945 0.3965695032815574 0.016107228165101527 6431.0 320.0 6.133377760065798 
1734410.0 19008.655276028483 0.1985345594926145 0.563011456628478 1566.0 151.0 1.0256410256410255 
1020730.0 19995.059473182064 0.1535840167419244 0.6550190262960106 916.0 136.0 1.3846153846153846 
1782355.0 20999.883157514723 0.21075037143934616 0.5209287977206681 1729.0 147.0 2.0 
837930.0 22215.341075816505 0.17363370475462636 0.6641940593804502 693.0 136.0 0.0 
5464878.859390835 19895.66580464788 0.32090421111758527 4.611053161447846E-18 6348.0 335.0 4.645575826923068 
5829096.165469813 16585.694492719667 0.4477753409955704 2.2703289463389793E-11 5467.0 243.0 6.5588235294117645 
4277466.501340792 17355.26833306451 0.4340968833607524 0.13911620294599017 4317.0 262.0 5.726620578794492 
4094186.9416254563 28136.55989840358 0.3794135910587179 3.9410042576835256E-17 4080.0 459.0 7.5512579098641055 
1188323.0626093396 21321.579009883295 0.18210864990802397 0.6084910589901246 1006.0 153.0 1.9090909090909092 
1610848.9129259163 20522.187306801236 0.22296776548177863 0.524815278041042 1452.0 174.0 1.119047619047619 
1953625.0 18490.695774026975 0.35808040247822603 0.43877356579354815 1911.0 149.0 2.3548387096774195 
1474030.0 20695.77565813063 0.2760719619596038 0.5198756649859427 1354.0 141.0 1.15625 
2594055.0 19500.46547741206 0.3709995358804816 0.38180994703562227 2314.0 159.0 5.111111111111111 
3525517.4358078986 17919.47394378966 0.39218728399519376 0.28007512405202345 3469.0 196.0 3.608148148148148 
3423971.467716377 22064.23674946464 0.4480672852100562 0.17950698796784273 3192.0 239.0 4.008300305209107 
6023568.725144372 19105.13215197121 0.3021413598705619 5.14513529497405E-29 6047.0 420.0 5.971726524722844 
2810520.0 18452.583963004734 0.23971511715318936 0.4206219312604868 2595.0 167.0 1.0735294117647058 
3626209.7497545835 20488.32454083915 0.41419283739425317 0.22934080310080412 3968.0 189.0 0.11678004535147392 
3250991.0308750505 19528.311928560703 0.4005458977509653 0.25222282017352615 3306.0 225.0 3.138649237472767 
975300.0 22178.6236982683 0.18672897065386945 0.6623804571152492 787.0 132.0 0.0 
3970678.412724291 30675.896113236293 0.1935962399793573 8.848167716187614E-38 4134.0 587.0 9.041851188829083 
4329767.678417457 30308.40692832318 0.07207303941801087 6.809549090586344E-7 4632.0 751.0 10.125126151891036 
913595.0 19805.376838869684 0.10211656604409193 0.6660081015000445 808.0 153.0 1.1428571428571428 
780225.0 19949.446051754738 0.09147827362663842 0.7052296466954049 684.0 147.0 1.263157894736842 
3668236.3499853406 26952.75759362584 0.4800979917529731 0.010492167407169866 3609.0 343.0 6.251661049025045 
5305585.226532721 21395.467567483385 0.5343138168909168 0.03697113669453039 5011.0 237.0 2.344595137633112 
5643876.3472490385 15953.21475076888 0.5207828703944833 0.022124628727248494 6018.0 247.0 6.4746477865980125 
2764435.0 17228.403500184875 0.260405751428225 0.4031739537080544 2624.0 166.0 3.9283154121863797 
709875.0 19842.288332548276 0.06973405493817657 0.721829939236776 607.0 139.0 1.2380952380952381 
5716230.383303431 21068.831332507816 0.34586470345503983 4.7628394711448566E-7 5520.0 320.0 3.9193225049834304 
2538662.9943375345 20449.31173684824 0.29489378181914594 0.46437445070388345 2129.0 153.0 2.0 
2651409.5483037853 23027.33887577374 0.4570108072501293 0.23445287196183767 3045.0 211.0 2.140873015873016 
6829640.194524061 16108.074795537403 0.5530774618312555 0.014817673254477925 6694.0 212.0 4.347333000997009 
5584231.923088335 20543.396680227444 0.29480535751705533 2.576288673071914E-13 5940.0 445.0 8.390144645259735 
7514061.92929953 14588.656103172067 0.5358927413674816 0.03095045116696366 7104.0 181.0 5.159420289855072 
6438704.690876946 18218.662673621828 0.4865004628506918 7.989040945236868E-28 6847.0 342.0 7.114136842210612 
1286168.8989149705 22524.0326391911 0.230040512958824 0.5462669170611733 1191.0 159.0 1.6766666666666667 
6733547.145177775 17122.360827253855 0.4991844963516785 1.3667651249111234E-22 7148.0 293.0 6.681619966997725 
6201696.463512304 19706.863529171984 0.34384665573145956 8.802297462641604E-24 5809.0 365.0 6.097288392005816 
6535734.007199774 15054.829626900762 0.5387269675342864 5.3336460496824546E-17 6903.0 265.0 6.0935933583959905 
5960531.271081908 17669.98351152231 0.40381928816918283 5.6268626746804725E-12 6311.0 302.0 7.197629748482271 
7095084.612421958 15263.840700285442 0.5412991271510963 0.0626023354008422 6762.0 175.0 3.8907563025210083 
6267582.578190694 17497.564122563228 0.5334670882186855 0.0814826576723462 6401.0 194.0 3.8475738396624473 
7250724.873592552 17101.162192436856 0.48837089180553656 0.007540376083563734 7138.0 234.0 3.2230392156862746 
526145.0 22594.219135324278 0.13598980589004647 0.7270909930307253 449.0 122.0 0.0 
7148750.740230416 17734.60791204894 0.538844627333188 0.06260265725003157 6686.0 181.0 2.454248366013072 
6390862.032284624 17972.711620422953 0.5494524527101378 0.0530745849894787 6537.0 210.0 4.016023709061684 
7048305.210950184 16158.660481837836 0.5301931487495217 0.0031856441430909515 6631.0 208.0 5.631642512077295 
7445591.619208642 16169.306596434488 0.45467300953785905 0.007540376083306106 7334.0 264.0 4.60343137254902 
7342885.008583398 16381.567778236264 0.4622425676393321 4.4074888991552154E-8 7333.0 251.0 3.4997276688453156 
6088463.366481889 16367.06574674308 0.40533752219096797 3.884078761396726E-6 5647.0 256.0 6.531156296851574 
7199312.537571419 18446.12428267192 0.5341680600425408 0.0031856627648609685 6694.0 205.0 6.509472049689441 
7297946.834283059 17003.96028943487 0.4921700912030197 0.00754037608356386 7168.0 225.0 3.2230392156862746 
615010.0 24598.4388657001 0.16650202538008754 0.6982154443268899 546.0 134.0 0.0 
6917288.872507538 16997.957004544012 0.4467234708798536 0.03317165971520558 6654.0 244.0 3.9390460330862807 
469885.0 22825.55298652884 0.12280876086510326 0.7448313352298219 397.0 123.0 0.0 
