[7, 28, 16, 6, 13, 18, 22, 25, 11, 17, 0, 26, 8, 19][23, 14, 7, 10, 21, 15, 2, 27, 29][1, 24, 20][3, 4][8, 19][12, 19][12, 17][0, 13][4, 14][3, 24][5, 15][9, 23] 
[9, 14, 23, 3, 11, 25, 0, 19, 18, 13, 6, 21][9, 14, 7, 10, 29, 2, 16, 6, 13, 0, 12][2, 15, 6, 13, 18, 17, 11, 25, 0, 26, 8][0, 17, 11, 25, 22, 18, 13, 6, 16, 28][23, 14, 11, 25, 7, 2, 6, 5, 15, 27][16, 6, 13, 0, 25, 28, 17, 12, 19][1, 24, 14, 11, 17, 22, 25, 7][2, 15, 10, 7, 20, 23, 24][9, 23, 14, 24, 4, 20][8, 12, 17][10, 15][6, 16] 
[26, 0, 12, 17, 11, 25, 22, 18, 13, 6, 16, 28][1, 24, 20, 14, 11, 25, 7, 2, 6, 5][9, 14, 7, 10, 21, 15, 27, 29][3, 4][8, 26][12, 19][11, 25][13, 18][4, 14][3, 24][6, 16][9, 23] 
[14, 7, 25, 11, 17, 18, 13, 6, 2, 16, 28][4, 20, 23, 3, 11, 17, 22, 12, 8, 26][5, 6, 13, 0, 17, 11, 25, 7, 24][1, 14, 7, 28, 17, 11, 3, 23, 9][13, 6, 15, 2, 7, 28, 17, 19][18, 13, 6, 15, 27, 16, 10, 29][26, 8, 19, 18, 13, 6, 10, 29][24, 7, 16, 6, 21, 15, 27][8, 26, 0, 19][11, 17][13, 18][3, 24] 
[9, 14, 7, 10, 15, 27, 16, 28, 0, 18, 12, 19, 17, 22, 25][3, 4, 14, 9, 23, 20, 7, 2, 15, 16, 28, 25, 22, 0, 26][7, 28, 16, 6, 13, 18, 22, 25, 11, 17, 19, 0, 26, 8, 12][0, 22, 17, 28, 7, 24, 3, 9, 23, 20, 4, 1, 14, 11, 25][4, 14, 9, 1, 23, 20, 24, 3, 11, 17, 0, 12, 19, 22, 25][1, 4, 20, 23, 9, 14, 3, 24, 7, 16, 15, 29, 27, 2, 10][1, 24, 20, 14, 11, 25, 7, 2, 6, 5, 21, 15, 27, 10][18, 12, 19][8, 26][13, 18][2, 29][9, 23] 
[1, 24, 20, 14, 11, 25, 7, 2, 6, 5, 21, 15, 10][0, 19, 17, 11, 25, 22, 18, 13, 6, 16, 28][9, 14, 7, 10, 15, 27, 29][16, 6, 13, 18, 12, 8, 26][3, 4][8, 26][12, 19][11, 25][3, 4][3, 24][6, 16][9, 23] 
[5, 21, 15, 29, 27, 2, 6, 10, 7, 4, 3, 23, 9, 1, 24][8, 26, 0, 19, 12, 17, 11, 25, 22, 18, 13, 6, 16, 7, 20][8, 26, 0, 13, 6, 16, 28, 17, 22, 25, 11, 3, 4, 7, 20][6, 16, 28, 25, 0, 26, 8, 12, 22, 19, 17, 11, 3, 4, 7][16, 15, 21, 5, 6, 2, 7, 25, 11, 14, 20, 24, 1, 23][0, 22, 25, 11, 3, 14, 20, 23, 24, 7, 4, 1, 9][3, 4][12, 19][13, 18][4, 14][3, 24][9, 23] 
[21, 5, 6, 15, 16, 27, 2, 29, 10, 7, 20, 24][17, 11, 25, 22, 18, 13, 6, 16, 28][8, 26, 0, 22, 19][1, 9, 14, 24][9, 23][12, 19][11, 25][2, 16][4, 14][3, 24][6, 16][9, 23] 
[26, 0, 19, 12, 17, 11, 25, 22, 18, 13, 6, 16, 28][1, 24, 20, 14, 11, 25, 7, 2, 6, 5][9, 14, 7, 10, 21, 15, 27, 29][3, 4][8, 26][12, 19][11, 25][13, 18][4, 14][3, 24][6, 16][9, 23] 
[16, 6, 13, 18, 22, 25, 11, 17, 12, 19, 0, 26][1, 24, 20, 14, 11, 25, 7, 2, 6, 5, 21, 15][23, 3, 4, 7, 10, 6, 2, 27, 29][3, 4][8, 26][12, 19][11, 25][13, 18][4, 14][3, 24][16, 28][9, 23] 
[1, 24, 20, 14, 11, 25, 7, 2, 6, 5, 21, 15, 27, 16, 10][0, 19, 8, 12, 17, 11, 25, 22, 18, 13, 6, 16, 28][23, 24][3, 4][8, 26][12, 19][11, 25][13, 18][4, 14][3, 24][2, 29][9, 23] 
[3, 1, 4, 14, 11, 25, 22, 19, 8, 12, 18, 0, 13, 6, 16][4, 23, 14, 7, 27, 10, 15, 6, 13, 18, 12, 19, 0, 26, 8][3, 23, 24, 1, 4, 7, 10, 29, 27, 16, 6, 21, 2, 15, 5][20, 23, 3, 11, 25, 22, 19, 8, 26, 0, 28, 16, 27, 7, 24][18, 12, 22, 19, 17, 11, 14, 7, 4, 23, 9, 3, 1, 24, 20][1, 9, 14, 20, 23, 24, 3, 11, 17, 19, 12, 8, 26, 0, 28][2, 6, 13, 18, 19, 8, 26, 0, 17, 11, 25, 22, 12][3, 23, 20, 7, 10, 15, 5][2, 21, 5][11, 17][11, 14][13, 18] 
[21, 5, 15, 29, 27, 2, 6, 10, 7, 4, 3, 23, 9, 1, 24][9, 1, 23, 20, 7, 14, 24, 4, 3, 11, 25, 22, 17, 18, 13][7, 28, 16, 6, 13, 18, 22, 25, 11, 17, 12, 8, 19, 0, 26][3, 9, 1, 23, 20, 24, 4, 14, 11, 17, 18, 12, 19, 0, 25][0, 13, 6, 21, 10, 27, 15, 2, 7, 20, 14, 9, 3, 11, 25][14, 3, 11, 17, 22, 25, 0, 26, 8, 12, 18, 13, 6, 2, 16][9, 3, 1, 24, 20, 23, 14, 4, 7, 10, 21, 5, 15, 27, 29][0, 25, 28, 16, 15, 6, 10, 27, 29, 2, 7, 14, 1, 3, 24][5, 15, 21, 2, 29, 10, 27, 16, 6, 13, 18, 22, 25, 28, 17][9, 23, 3, 1, 24, 20, 7, 10, 29, 2, 16, 6, 21, 5, 15][8, 26, 0, 19, 17, 28, 25, 22, 18, 12][10, 16, 7, 14, 11, 17, 22, 0, 12] 
[2, 21, 5, 6, 10, 7, 25, 0, 28, 17, 19, 12, 22, 18, 13][16, 15, 21, 5, 6, 2, 7, 25, 11, 14, 20, 24, 1, 23][7, 16, 6, 13, 18, 22, 25, 11, 17, 12, 19, 0, 26][9, 23, 3, 4, 7, 10, 6, 2, 27, 29][1, 9, 14, 20, 23, 24, 3, 11, 25][8, 26, 0, 13, 6, 16, 28, 17][6, 16, 28, 25][3, 4][12, 19][4, 14][3, 24][9, 23] 
[9, 1, 23, 20, 7, 14, 24, 4, 3, 11, 25, 22, 17, 18, 13][7, 28, 16, 6, 13, 18, 22, 25, 11, 17, 12, 8, 19, 0, 26][3, 9, 1, 23, 20, 24, 4, 14, 11, 17, 18, 12, 19, 0, 25][14, 3, 11, 17, 22, 25, 0, 26, 8, 12, 18, 13, 6, 2, 16][5, 15, 21, 2, 29, 10, 27, 16, 6, 13, 18, 22, 25, 28][6, 21, 10, 27, 15, 2, 7, 20, 14, 9, 3, 11, 25][8, 26, 0, 19, 17, 28, 25, 22, 18, 12][9, 23, 24, 14, 7, 10, 15, 27, 29][4, 14][3, 24][10, 16][9, 23] 
[26, 0, 19, 12, 17, 11, 25, 22, 18, 13, 6, 16, 28][9, 23, 3, 4, 7, 10, 21, 15, 16, 27, 29][1, 24, 14, 11, 25, 7, 2, 6, 5, 15, 10][16, 6, 13, 18, 12, 8, 26][1, 23, 20, 4, 3][8, 26][12, 19][11, 25][4, 14][3, 24][6, 16][9, 23] 
[14, 11, 25, 0, 18, 12, 8, 19][24, 14, 9, 1, 4, 7, 28][2, 21, 5, 6, 10][15, 27, 7, 20][0, 17, 22][7, 10, 29][3, 4][8, 26][0, 13][16, 28][14, 23][1, 9] 
[8, 26, 0, 22, 25, 11, 14, 7, 2, 10, 16, 28, 17, 12, 19][7, 2, 21, 15, 10, 6, 13, 18, 22, 0, 17, 12, 19, 8, 26][9, 23, 24, 1, 4, 7, 27, 2, 10, 21, 15, 6, 13, 0, 12][17, 19, 18, 12, 22, 0, 25, 28, 16, 6, 10, 2, 7, 20][3, 4, 1, 9, 23, 14, 11, 25, 28, 7, 20, 24][2, 6, 5, 21, 10, 29][3, 11, 17, 0, 26, 8][18, 22, 25][11, 25][4, 14][6, 16][15, 21] 
[1, 4, 14, 11, 25, 22, 19, 8][3, 23, 20, 7, 10, 15, 5][24, 7, 27, 16, 28, 0, 26][2, 6, 13][13, 18, 22][11, 17][12, 19][10, 29][11, 14][2, 21][7, 14][1, 9] 
[21, 10, 7, 28, 0, 18, 12, 17, 11, 14, 3, 23][1, 4, 24, 7, 27, 15][13, 6, 2, 15, 29][0, 22][5, 6][8, 26][0, 26][12, 19][11, 25][3, 9][14, 20][6, 16] 
[7, 28, 16, 6, 13, 18, 22, 25, 11, 17, 12, 8, 19, 0, 26][21, 5, 15, 6, 2, 10, 27, 7, 14, 9, 23, 24, 3, 11, 25][4, 14, 7, 20, 23, 1, 9, 3, 11, 17, 22, 19, 0, 13, 18][19, 17, 11, 25, 22, 18, 13, 6, 10, 7, 20, 23, 4, 3, 24][5, 21, 15, 29, 2, 27, 10, 7, 16, 6, 13, 18, 19, 0, 12][1, 24, 20, 14, 11, 25, 7, 2, 6, 5, 21, 15, 27, 16, 10][9, 23, 3, 4, 7, 10, 21, 6, 15, 2, 16, 27, 29][19, 12, 8, 26][3, 4][8, 26][2, 16][9, 23] 
[4, 1, 14, 24, 3, 9, 23, 20, 7, 28, 16, 10, 29, 2, 27][1, 23, 4, 14, 20, 7, 10, 2, 16, 6, 21, 5, 15, 27, 29][12, 19, 8, 26, 0, 17, 11, 25, 22, 18, 13, 6, 5, 15, 16][9, 1, 14, 20, 23, 24, 4, 7, 10, 29, 27, 15, 2, 6, 21][0, 22, 18, 13, 6, 10, 2, 27, 7, 24, 1, 23, 14, 3, 9][7, 28, 0, 26, 8, 12, 22, 18, 13, 6, 5, 21][3, 9, 14][8, 26][2, 16][10, 29][13, 18][4, 14] 
[0, 19, 8, 12, 17, 11, 25, 22, 18, 13, 6, 16, 28][10, 16, 27, 15, 21, 5, 6, 2, 7, 25, 11, 14][1, 9, 14, 24, 23, 20][27, 29][8, 26][12, 19][11, 25][2, 16][4, 14][3, 24][6, 16][9, 23] 
[5, 15, 2, 6, 13, 18, 12, 17, 28, 0, 26, 8][26, 8, 12, 17, 19, 18, 13, 6, 21, 2, 27][9, 23, 24, 1, 4, 7, 27][3, 11, 17, 0, 26, 8][6, 15, 2, 10, 27, 29][20, 7, 2, 29][2, 21, 10][18, 22, 25][3, 4][11, 25][4, 14][6, 16] 
[3, 4, 1, 24, 20, 14, 7, 27, 29, 2, 6, 16, 15, 21, 5][7, 28, 16, 6, 13, 18, 22, 25, 11, 17, 12, 8, 19, 0, 26][10, 2, 21, 5, 6, 16, 28, 7, 24, 1, 3, 11, 17, 12, 19][10, 6, 13, 18, 19, 0, 28, 17, 11, 25, 7, 14, 23, 3, 24][13, 0, 18, 22, 12, 19, 17, 28, 16, 6, 2, 21, 5, 15, 27][10, 27, 15, 21, 5, 6, 2, 7, 25, 11, 14][1, 14, 24, 23, 20][8, 26, 0, 22, 19][6, 10, 7, 2, 16][11, 25][4, 14][9, 23] 
[9, 1, 23, 20, 7, 14, 24, 4, 3, 11, 25, 22, 17, 18, 13][7, 28, 16, 6, 13, 18, 22, 25, 11, 17, 12, 8, 19, 0, 26][14, 3, 11, 17, 22, 25, 0, 26, 8, 12, 18, 13, 6, 2, 16][5, 15, 21, 2, 29, 10, 27, 16, 6, 13, 18, 22, 25, 28][8, 26, 0, 19, 17, 28, 25, 22][9, 23][0, 25][11, 25][4, 14][3, 24][10, 16][9, 23] 
[4, 20, 14, 11, 17, 28, 16, 27, 29, 15, 2, 6, 10, 21, 5][11, 3, 23, 4, 20, 24, 1, 14, 7, 2, 21, 6, 16, 28, 17][6, 13, 18, 12, 22, 0, 19, 17, 28, 7, 16, 10, 2, 29, 27][1, 14, 9, 23, 24, 4, 3, 11, 25, 22, 0, 18, 13, 6, 5][13, 0, 26, 8, 12, 17, 11, 3, 4, 1, 24, 20, 23, 9, 14][10, 29, 2, 16, 7, 25, 28, 0, 19][4, 3, 11, 14, 20, 7, 10, 21][15, 6, 13, 0, 18, 17][14, 7, 27, 15][22, 19, 8, 26][11, 25][1, 9] 
[16, 15, 21, 5, 6, 2, 7, 25, 11, 14, 20, 24, 1, 23][7, 16, 6, 13, 18, 22, 25, 11, 17, 12, 19, 0, 26][9, 23, 3, 4, 7, 10, 6, 2, 27, 29][8, 26, 0, 13, 6, 16, 28, 17][6, 16, 28, 25][3, 4][12, 19][11, 25][13, 18][4, 14][3, 24][9, 23] 
[0, 19, 8, 12, 17, 11, 25, 22, 18, 13, 6, 16, 28][1, 9, 14, 23, 20, 24, 7, 10, 16, 27, 15][2, 10, 29][10, 21][3, 4][8, 26][12, 19][11, 25][4, 14][5, 15][20, 24][9, 23] 
[9, 23, 24, 3, 14, 4, 7, 10, 21, 6, 15, 2, 16, 27, 29][3, 4, 1, 24, 7, 2, 15, 21, 5, 6, 16, 28, 0, 26, 8][9, 1, 3, 24, 14, 23, 20, 7, 2, 16, 28, 17, 12, 18, 22][8, 26, 0, 22, 17, 19, 12, 18, 13, 6, 10, 16, 27, 29, 15][2, 15, 29, 27, 7, 20, 4, 14, 11, 17, 18, 0, 22, 12, 19][20, 4, 7, 24, 14, 9, 1, 23, 3, 11, 25, 28, 16, 15, 27][16, 2, 6, 13, 18, 12, 8, 26, 0, 28, 7, 4, 23, 24, 20][4, 14, 23, 3, 9, 1, 24, 20, 7, 10, 27, 29, 2, 16, 15][13, 18, 22, 17, 0, 28, 16, 7, 4, 20, 23, 14, 11, 3, 24][6, 16, 7, 4, 20, 24, 23, 9, 1, 14, 3, 11, 17, 19, 18][16, 27, 15, 21, 5, 6, 2, 7, 25, 11, 14, 20, 24, 1, 23][9, 23, 14, 20, 7, 4, 24, 1, 3, 11, 25, 28, 16, 27, 29] 
[3, 1, 4, 14, 11, 25, 22, 19, 8, 12, 18, 0, 13, 6, 16][4, 23, 14, 7, 27, 10, 15, 6, 13, 18, 12, 19, 0, 26, 8][20, 23, 3, 11, 25, 22, 19, 8, 26, 0, 28, 16, 27, 7, 24][18, 12, 22, 19, 17, 11, 14, 7, 4, 23, 9, 3, 1, 24, 20][1, 9, 14, 20, 23, 24, 3, 11, 17, 19, 12, 8, 26, 0, 28][2, 6, 13, 18, 19, 8, 26, 0, 17, 11, 25, 22, 12][3, 23, 20, 7, 10, 15, 5][2, 21, 5][11, 17][10, 29][11, 14][13, 18] 
[7, 28, 16, 6, 13, 18, 22, 25, 11, 17, 12, 19, 0, 26][1, 24, 20, 14, 11, 25, 7, 2, 6, 5, 21, 15, 10][9, 14, 7, 10, 15, 27, 29][3, 4][8, 26][12, 19][11, 25][13, 18][4, 14][3, 24][6, 16][9, 23] 
[26, 0, 17, 11, 25, 22, 18, 13, 6, 16, 28][23, 14, 7, 10, 21, 6, 15, 2, 27, 29][1, 24, 20][3, 4][8, 19][12, 19][12, 17][0, 13][4, 14][3, 24][5, 15][9, 23] 
[3, 4, 14, 11, 25, 22, 19, 8, 26, 0, 12, 18, 13][23, 9, 3, 11, 17, 28, 25, 0, 12, 8, 26][8, 26, 0, 28, 16, 27, 7, 24][3, 23, 20, 7, 10, 15, 5][12, 8, 26, 0, 18][2, 6, 13][2, 21, 5][10, 29][11, 14][13, 18][7, 14][1, 9] 
[10, 27, 15, 21, 5, 6, 2, 7, 25, 11, 14][17, 11, 25, 22, 18, 13, 6, 16, 28][1, 14, 24, 23, 20][8, 26, 0, 22, 19][27, 29][12, 19][11, 25][2, 16][4, 14][3, 24][6, 16][9, 23] 
[9, 23, 24, 1, 4, 7, 27][2, 6, 5, 21, 10, 29][3, 11, 17, 0, 26, 8][19, 12, 17, 28][18, 22, 25][2, 7, 20][3, 4][11, 25][13, 18][4, 14][6, 16][15, 21] 
[2, 16, 28, 25, 7, 14, 11, 17, 18, 13, 0, 26, 8, 12, 19][10, 16, 27, 15, 21, 5, 6, 2, 7, 25, 11, 14, 9, 3, 24][20, 23, 24, 14, 9, 1, 4, 7, 10, 27, 16, 15, 2, 29][17, 11, 25, 22, 18, 13, 6, 16, 28][4, 14, 3, 1, 24, 20, 23][8, 26, 0, 22, 19][27, 29][11, 25][2, 16][3, 24][6, 16][9, 23] 
[16, 15, 21, 5, 6, 2, 7, 25, 11, 14, 20, 24, 1, 23][7, 16, 6, 13, 18, 22, 25, 11, 17, 12, 19, 0, 26][9, 23, 3, 14, 7, 10, 27, 29][8, 26, 0, 13, 6, 16, 28, 17][6, 16, 28, 25][3, 4][12, 19][11, 25][13, 18][4, 14][3, 24][9, 23] 
[3, 1, 4, 14, 11, 25, 22, 19, 8][24, 7, 27, 16, 28, 0, 26][6, 13, 0, 12, 19, 17][15, 10, 7, 20, 23][2, 21, 5][12, 19][10, 29][11, 14][2, 6][13, 18][7, 14][1, 9] 
[1, 4, 14, 11, 25, 22, 19, 8, 26, 0, 13, 6, 15][3, 23, 20, 7, 10, 15, 5][24, 7, 27, 16, 28, 0, 26][11, 25, 22, 18, 13][2, 29, 10][2, 6, 13][2, 21, 5][11, 17][12, 19][11, 14][7, 14][1, 9] 
[19, 12, 22, 17, 28, 25, 11, 3, 9, 1, 4, 23, 20][13, 18, 22, 25, 11, 17, 0, 26][14, 7, 10, 15, 27, 29][7, 2, 6, 5, 21][3, 23][8, 26][11, 25][6, 16][4, 14][3, 24][6, 16][9, 23] 
[26, 0, 17, 11, 25, 22, 18, 13, 6, 16, 28][1, 24, 20, 14, 11, 25, 7, 2, 6, 5, 21][11, 25, 0, 26, 8, 12, 18, 13, 6, 16][9, 14, 7, 10, 15, 27, 29][3, 23][8, 26][12, 19][11, 25][4, 14][3, 24][6, 16][9, 23] 
[3, 1, 4, 14, 11, 25, 22, 19, 8][8, 26, 0, 28, 16, 27, 7, 24][3, 23, 20, 7, 10, 15, 5][2, 6, 13][2, 21, 5][11, 17][12, 19][10, 29][11, 14][13, 18][7, 14][1, 9] 
[26, 0, 19, 17, 11, 25, 22, 18, 13, 6, 16, 28][9, 14, 7, 10, 6, 15, 27, 29][21, 5, 15, 27, 29, 10, 7, 24][8, 26, 0, 19, 18][1, 23, 20][12, 19][11, 25][2, 16][4, 14][3, 24][6, 16][9, 23] 
[21, 10, 7, 28, 0, 18, 12, 17, 11, 14, 3, 4, 23][1, 4, 24, 7, 27, 10, 15][13, 6, 2, 15, 29][0, 22][5, 6][8, 26][0, 26][12, 19][11, 25][3, 9][14, 20][6, 16] 
[26, 0, 19, 17, 11, 25, 22, 18, 13, 6, 16, 28][3, 4, 7, 10, 21, 15, 27, 29][20, 23, 1, 24][6, 5, 15][3, 9][8, 26][12, 19][11, 25][2, 16][4, 14][6, 16][9, 23] 
[14, 7, 25, 11, 17, 18, 13, 6, 2, 15, 16, 28][5, 15, 6, 13, 0, 17, 11, 25, 7, 14, 24][4, 20, 23, 3, 11, 17, 22, 12, 8, 26][18, 13, 6, 21, 15, 27, 7, 16, 10, 29][26, 8, 19, 18, 13, 6, 2, 15, 10, 29][1, 14, 7, 28, 17, 11, 3, 4, 23, 9][24, 1, 14, 7, 16, 6, 21, 15, 27][13, 6, 5, 15, 2, 7, 28, 17, 19][8, 26, 0, 19][11, 17][13, 18][3, 24] 
[7, 28, 16, 6, 13, 18, 22, 25, 11, 17, 12, 19, 0, 26][1, 24, 20, 14, 11, 25, 7, 2, 6, 5, 15, 10][9, 14, 7, 10, 21, 15, 27, 29][3, 4][8, 26][12, 19][11, 25][13, 18][4, 14][3, 24][6, 16][9, 23] 
[0, 19, 8, 12, 17, 11, 25, 22, 18, 13, 6, 16, 28][7, 14, 11, 3, 24, 1, 23, 9][10, 21, 6, 2, 27, 29][3, 4][8, 26][12, 19][11, 25][15, 27][4, 14][3, 24][5, 15][20, 24] 
[7, 28, 16, 6, 13, 18, 22, 25, 11, 17, 0, 26, 8, 12, 19][23, 14, 7, 10, 21, 6, 15, 2, 27, 29][1, 24, 20][3, 4][8, 19][12, 19][12, 17][0, 13][4, 14][3, 24][5, 15][9, 23] 
[26, 0, 19, 17, 11, 25, 22, 18, 13, 6, 16, 28][10, 15, 5, 6, 2, 7, 25, 11, 14][9, 3, 4, 7, 10, 21, 15, 29][24, 23, 20, 7, 2, 29][16, 27, 7, 20][4, 24, 1, 9][3, 9][8, 26][12, 19][11, 25][6, 16][9, 23] 
[19, 12, 17, 28, 16, 10, 2, 7, 14, 11, 25][9, 23, 24, 1, 4, 7, 27][2, 6, 5, 21, 10, 29][3, 11, 17, 0, 26, 8][18, 22, 25][2, 7, 20][3, 4][11, 25][13, 18][4, 14][6, 16][15, 21] 
[26, 0, 19, 17, 11, 25, 22, 18, 13, 6, 16, 28][10, 15, 21, 5, 6, 2, 7, 25, 11, 14][9, 14, 7, 10, 27, 29][1, 23, 20, 4, 3][8, 26][12, 19][11, 25][2, 16][4, 14][3, 24][6, 16][9, 23] 
[10, 15, 16, 7, 14, 11, 25, 0, 18, 12, 8, 19][20, 23, 14, 1, 4, 7, 28][2, 21, 5, 6, 10][15, 27, 7, 20][24, 7, 10, 29][0, 17, 22][3, 4][8, 26][0, 13][16, 28][14, 23][1, 9] 
[1, 24, 20, 14, 11, 25, 7, 2, 6, 5, 21, 15, 27, 10][26, 0, 19, 17, 11, 25, 22, 18, 13, 6, 16, 28][9, 14, 7, 10, 15, 27][18, 12, 19][3, 4][8, 26][11, 25][13, 18][4, 14][3, 24][2, 29][9, 23] 
[1, 24, 20, 14, 11, 25, 7, 2, 6, 5, 21, 15, 27, 16, 10][26, 0, 19, 8, 12, 17, 11, 25, 22, 18, 13, 6, 16, 28][9, 23, 3, 4, 7, 10, 6, 2, 16, 27][6, 15, 21, 2, 29, 10, 7, 25, 22, 19][18, 12, 19][3, 4][8, 26][11, 25][13, 18][4, 14][3, 24][9, 23] 
[23, 24, 3, 14, 4, 7, 10, 21, 6, 15, 2, 16, 27, 29][0, 19, 8, 12, 17, 11, 25, 22, 18, 13, 6, 16, 28][1, 24, 20][3, 4][8, 26][12, 19][11, 25][13, 18][4, 14][3, 24][5, 15][9, 23] 
[9, 23, 24, 3, 14, 4, 7, 10, 21, 6, 15, 2, 16, 27, 29][7, 28, 16, 6, 13, 18, 22, 25, 11, 17, 12, 8, 19, 0, 26][5, 21, 2, 16, 28, 7, 20, 24, 3, 14, 11, 25, 0, 26, 8][4, 14, 11, 3, 9, 23, 20, 24, 7, 25, 0, 18, 17, 19, 12][1, 24, 20, 14, 11, 25, 7, 2, 6, 5, 21, 15, 27, 16, 10][9, 23, 14, 11, 17][3, 4][12, 19][11, 25][13, 18][3, 24][6, 16] 
[23, 9, 3, 11, 17, 28, 7, 25, 0, 19, 18, 22, 12, 8, 26][3, 1, 4, 14, 11, 25, 22, 19, 8, 26, 0, 17, 12, 18, 13][8, 26, 0, 28, 16, 27, 7, 24][3, 23, 20, 7, 10, 15, 5][12, 19, 8, 26, 0, 18][2, 6, 13][2, 21, 5][10, 29][11, 14][13, 18][7, 14][1, 9] 
[12, 8, 26, 0, 17, 11, 25, 22, 18, 13, 6, 16][0, 19, 12, 17, 11, 14, 3, 4, 1, 24, 23, 9][23, 14, 7, 10, 2, 27, 29][15, 21, 6, 13, 18, 17, 28][11, 3, 14][1, 24, 20][8, 19][11, 25][0, 13][4, 14][3, 24][5, 15] 
[10, 16, 27, 15, 21, 5, 6, 2, 7, 25, 11, 14][17, 11, 25, 22, 18, 13, 6, 16, 28][1, 9, 14, 24, 23, 20][8, 26, 0, 22, 19][27, 29][12, 19][11, 25][2, 16][4, 14][3, 24][6, 16][9, 23] 
[3, 1, 4, 14, 11, 25, 22, 19][8, 26, 0, 28, 16, 27, 7, 24][3, 23, 20, 7, 10, 15, 5][2, 6, 13][2, 21, 5][11, 17][12, 19][10, 29][11, 14][13, 18][7, 14][1, 9] 
[26, 0, 19, 17, 11, 25, 22, 18, 13, 6, 16, 28][24, 3, 1, 23, 20, 7, 2, 29][2, 6, 5, 15, 10][21, 15, 27][3, 4][8, 26][12, 19][11, 25][2, 16][4, 14][6, 16][9, 23] 
[16, 7, 14, 11, 25, 0, 18, 12, 8, 19][4, 1, 9, 14, 24, 23, 20][2, 21, 5, 6, 10][0, 17, 22][7, 27, 15][7, 10, 29][3, 4][8, 26][0, 13][16, 28][14, 23][1, 9] 
[26, 0, 19, 8, 12, 17, 11, 25, 22, 18, 13, 6, 16, 28][23, 3, 4, 7, 10, 21, 15, 16, 27, 29][20, 23][1, 3][12, 19][11, 25][2, 16][4, 14][3, 24][6, 16][5, 21][9, 23] 
[9, 23, 24, 7, 14, 11, 3, 1, 4, 20][15, 5, 6, 21, 10, 16, 27, 2, 29][8, 26, 0, 17, 12, 19, 18][6, 13][22, 25][7, 28][12, 19][11, 25][2, 16][4, 14][7, 16][0, 25] 
[12, 8, 26, 0, 17, 11, 25, 22, 18, 13, 6, 16][23, 14, 7, 10, 2, 27, 29][15, 21, 6, 13, 18, 17, 28][11, 3, 14][1, 24, 20][8, 19][11, 25][0, 13][4, 14][3, 24][5, 15][9, 23] 
[9, 23, 24, 3, 14, 4, 7, 10, 21, 6, 15, 2, 16, 27, 29][26, 0, 19, 8, 12, 17, 11, 25, 22, 18, 13, 6, 16, 28][21, 5, 6, 15, 16, 27, 2, 29, 10, 7, 20, 24][8, 26, 0, 22, 19, 12, 18][0, 18, 12, 17, 28, 16, 6][1, 9, 14, 24, 23, 20][12, 19][11, 25][2, 16][4, 14][3, 24][9, 23] 
[26, 0, 19, 17, 11, 25, 22, 18, 13, 6, 16, 28][24, 3, 1, 23, 20, 7, 2, 29][6, 5, 15, 10][21, 15, 27][3, 4][8, 26][12, 19][11, 25][2, 16][4, 14][6, 16][9, 23] 
[4, 14, 23, 3, 9, 1, 24, 20, 7, 10, 27, 29, 2, 16, 15][16, 27, 15, 21, 5, 6, 2, 7, 25, 11, 14, 20, 24, 1, 23][9, 23, 24, 3, 14, 4, 7, 10, 21, 6, 15, 2, 16, 27][8, 26, 0, 22, 17, 19, 12, 18, 13, 6, 10, 16, 27][16, 2, 6, 13, 18, 12, 8, 26][3, 4][16, 28][12, 19][11, 25][3, 24][6, 16][9, 23] 
[1, 24, 20, 14, 11, 25, 7, 2, 6, 5, 21, 15, 27, 16, 10][0, 19, 8, 12, 17, 11, 25, 22, 18, 13, 6, 16, 28][9, 23, 3, 4, 7, 10, 21, 6, 15, 2, 27, 29][3, 4][8, 26][12, 19][11, 25][2, 16][4, 14][3, 24][6, 16][9, 23] 
[10, 29, 2, 16, 7, 25, 28, 0, 19][15, 6, 13, 0, 18][3, 4, 24, 23][14, 9, 23, 20][22, 19, 8, 26][14, 7, 27][5, 21][17, 28][12, 18][10, 21][11, 25][1, 9] 
[1, 23, 24, 3, 14, 4, 7, 10, 21, 6, 15, 2, 16, 27, 29][7, 28, 16, 6, 13, 18, 22, 25, 11, 17, 12, 8, 19, 0, 26][6, 16, 2, 10, 29, 27, 7, 25, 22, 0, 17, 18, 12, 8, 19][4, 14, 7, 2, 29, 15, 6, 5, 21, 10, 27, 16, 28, 17, 22][6, 16, 2, 15, 29, 10, 7, 24, 4, 20, 23, 3, 1, 9, 14][5, 21, 15, 6, 10, 29, 2, 27, 7, 14, 3, 24, 4, 23, 9][1, 24, 3, 9, 23, 14, 11, 25, 7, 4, 20][1, 24, 20, 14, 11, 25, 7, 2, 6, 5][3, 4][8, 26][12, 19][11, 25] 
[26, 0, 19, 17, 11, 25, 22, 18, 13, 6, 16, 28][10, 15, 5, 6, 2, 7, 25, 11, 14][9, 14, 7, 10, 21, 15, 27, 29][1, 23, 20, 4, 3][8, 26, 0, 18][12, 19][11, 25][2, 16][4, 14][3, 24][6, 16][9, 23] 
[3, 1, 4, 14, 11, 25, 22, 19, 8][6, 13, 0, 12, 19, 17, 11][24, 7, 27, 16, 28, 0, 26][5, 15, 10, 7, 20, 23][2, 6, 13][2, 21, 5][12, 19][10, 29][11, 14][13, 18][7, 14][1, 9] 
[9, 23, 24, 3, 14, 4, 7, 10, 21, 6, 15, 2, 16, 27, 29][1, 24, 20, 14, 11, 25, 7, 2, 6, 5, 21, 15, 27, 16, 10][26, 0, 19, 8, 12, 17, 11, 25, 22, 18, 13, 6, 16, 28][6, 16, 27, 15, 5, 21, 2, 29, 10, 7, 25, 22, 12, 19][0, 25, 22, 17, 18, 13][18, 12, 19][3, 4][8, 26][11, 25][4, 14][3, 24][9, 23] 
[26, 0, 19, 12, 17, 11, 25, 22, 18, 13, 6, 16, 28][10, 27, 15, 5, 6, 2, 7, 25, 11, 14][9, 14, 7, 10, 21, 15, 27, 29][1, 23, 20, 4, 3][8, 26, 0, 18][12, 19][11, 25][2, 16][4, 14][3, 24][6, 16][9, 23] 
[7, 28, 16, 6, 13, 18, 22, 25, 11, 17, 12, 8, 19, 0, 26][16, 27, 15, 21, 5, 6, 2, 7, 25, 11, 14, 20, 24, 1, 23][9, 23, 24, 3, 14, 7, 10, 15, 27, 29][8, 26, 0, 13, 6, 2, 16, 28, 17][6, 16, 28, 25][3, 4][12, 19][11, 25][13, 18][4, 14][3, 24][9, 23] 
[15, 27, 10, 29, 2, 16, 6, 13, 18, 17, 12, 0, 19, 8, 26][9, 23, 1, 4, 20, 24, 3, 11, 14, 7, 25, 22, 12, 8, 26][26, 0, 19, 12, 17, 11, 25, 22, 18, 13, 6, 16, 28][4, 14, 1, 9, 23, 20, 7, 24, 3, 11, 25, 22][20, 24, 14, 7, 10, 21, 15, 2, 16, 27, 29][5, 15, 27][1, 24, 20][3, 4][8, 26][12, 19][11, 25][3, 24] 
[8, 26, 0, 28, 17, 11, 14, 20, 4, 1, 9][7, 16, 6, 13, 18, 22, 25][2, 6, 5, 15, 10][21, 2, 29][15, 27][3, 4][18, 19][0, 12][0, 13][4, 14][14, 24][9, 23] 
[0, 19, 12, 17, 11, 25, 22, 18, 13, 6, 16, 28][5, 6, 2, 7, 25, 11, 14, 20, 24, 23][21, 15, 16, 27, 29][1, 24, 7, 10][0, 26, 8][3, 4][19, 22][11, 25][6, 16][3, 24][6, 16][9, 23] 
[12, 19, 8, 26, 0, 17, 11, 25, 22, 18, 13, 6, 5, 15, 16][14, 23, 1, 24, 7, 27][10, 7, 20][3, 9, 14][10, 16][8, 26][2, 16][10, 29][13, 18][4, 14][6, 21][7, 28] 
[7, 16, 6, 13, 18, 22, 25, 11, 17, 0, 26, 8, 12][2, 15, 21, 6, 13, 18, 17, 28, 25, 22, 19][23, 14, 7, 10, 2, 27, 29][9, 14, 3, 11, 25, 0, 26][0, 22, 17, 11, 25][13, 0, 22][1, 24, 20][8, 19][4, 14][3, 24][5, 15][9, 23] 
[26, 0, 19, 17, 11, 25, 22, 18, 13, 6, 16, 28][9, 3, 4, 7, 10, 21, 15, 27, 29][4, 14, 3, 23, 20, 7, 24, 1, 9][10, 15, 5, 6, 2, 7, 25, 11, 14][16, 2, 10, 15, 27, 7, 20][24, 1, 23, 20, 7, 2, 29][3, 23, 9][8, 26][12, 19][11, 25][6, 16][9, 23] 
[20, 23, 24, 3, 14, 4, 7, 10, 21, 6, 15, 2, 16, 27, 29][15, 27, 10, 29, 2, 16, 6, 13, 18, 17, 12, 0, 19, 8, 26][9, 23, 1, 4, 20, 24, 3, 11, 14, 7, 25, 22, 12, 8, 26][26, 0, 19, 8, 12, 17, 11, 25, 22, 18, 13, 6, 16, 28][4, 14, 1, 9, 23, 20, 7, 24, 3, 11, 25, 22][5, 15, 27][1, 24, 20][3, 4][8, 26][12, 19][11, 25][3, 24] 
[7, 28, 16, 6, 13, 18, 22, 25, 11, 17, 12, 8, 19, 0, 26][12, 8, 19, 22, 0, 25, 7, 4, 20, 14, 1, 9, 23, 3, 24][3, 24, 23, 1, 9, 14, 11, 25, 28, 0, 17, 19, 12, 18][16, 6, 13, 18, 12, 8, 26, 0, 17, 11, 3, 24][9, 23, 14, 11, 17, 12, 0, 13, 6, 21, 2, 29][5, 21, 6, 16, 28, 7, 27, 2, 10, 15, 29][9, 23, 3, 4, 7, 10, 6, 2, 27, 29][6, 16, 7, 4, 1, 9, 3, 11, 17, 19][25, 11, 3, 24, 7, 10, 15, 6, 2, 27][1, 14, 11, 25, 7, 2, 6, 15, 10][8, 26, 0, 22, 25, 28, 17, 19][4, 3, 11, 25, 7, 10, 15, 6] 
[24, 20, 14, 11, 25, 7, 2, 6, 5, 21, 15, 27][0, 17, 11, 25, 22, 18, 13, 6, 16, 28][9, 14, 7, 10, 29][19, 12, 0, 22, 25][3, 4, 23][8, 12, 17][8, 26][6, 16][10, 15][3, 24][6, 16][1, 9] 
[16, 7, 14, 11, 25, 0, 18, 12, 8, 19][20, 23, 24, 14, 9, 1, 4, 7, 28][2, 21, 5, 6, 10][15, 27, 7, 20][24, 7, 10, 29][0, 17, 22][3, 4][8, 26][0, 13][16, 28][14, 23][1, 9] 
[26, 0, 19, 12, 17, 11, 25, 22, 18, 13, 6, 16, 28][23, 14, 7, 10, 21, 6, 15, 2, 27, 29][12, 22, 0, 17, 11, 25][13, 0, 22][1, 24, 20][3, 4][8, 19][12, 19][4, 14][3, 24][5, 15][9, 23] 
[9, 23, 24, 3, 14, 4, 7, 10, 21, 6, 15, 2, 16, 27, 29][26, 0, 19, 8, 12, 17, 11, 25, 22, 18, 13, 6, 16, 28][21, 5, 6, 15, 16, 27, 2, 29, 10, 7, 20, 24][8, 26, 0, 22, 19, 12, 18][1, 9, 14, 24, 23, 20][12, 19][11, 25][2, 16][4, 14][3, 24][6, 16][9, 23] 
[9, 23, 24, 3, 14, 4, 7, 10, 21, 6, 15, 2, 16, 27, 29][26, 0, 19, 8, 12, 17, 11, 25, 22, 18, 13, 6, 16, 28][1, 14, 24, 23, 20, 4, 3][5, 21, 15, 27, 16][8, 26][12, 19][11, 25][2, 16][4, 14][3, 24][6, 16][9, 23] 
[9, 23, 24, 3, 14, 4, 7, 10, 21, 6, 15, 2, 16, 27, 29][4, 14, 23, 3, 9, 1, 24, 20, 7, 10, 27, 29, 2, 16, 15][16, 27, 15, 21, 5, 6, 2, 7, 25, 11, 14, 20, 24, 1, 23][0, 19, 8, 12, 17, 11, 25, 22, 18, 13, 6, 16, 28][8, 26, 0, 22, 17, 19, 12, 18, 13, 6, 10, 16, 27][10, 2, 15, 6, 13, 18, 22, 17, 0, 12, 19][16, 2, 6, 13, 18, 12, 8, 26][3, 4][11, 25][3, 24][6, 16][9, 23] 
[6, 2, 21, 5, 15, 27, 7, 28][8, 26, 0, 18, 22, 17, 12][1, 14, 7, 25, 11][9, 23, 20, 4, 24][27, 29][16, 28][12, 19][11, 17][13, 18][4, 14][3, 24][10, 16] 
[23, 24, 3, 14, 4, 7, 10, 21, 6, 15, 2, 16, 27, 29][26, 0, 19, 8, 12, 17, 11, 25, 22, 18, 13, 6, 16, 28][1, 24, 20, 14, 11, 25, 7, 2, 6, 5][5, 15, 27, 16, 6][3, 4][8, 26][12, 19][11, 25][13, 18][4, 14][3, 24][9, 23] 
[9, 23, 24, 3, 14, 4, 7, 10, 21, 6, 15, 2, 16, 27, 29][1, 24, 20, 14, 11, 25, 7, 2, 6, 5, 21, 15, 27, 16, 10][26, 0, 19, 8, 12, 17, 11, 25, 22, 18, 13, 6, 16, 28][12, 22, 18, 0, 28, 17, 11, 25][12, 17, 22, 19, 0, 18, 13][5, 15, 27, 16, 6][18, 12, 19][3, 4][8, 19][4, 14][3, 24][9, 23] 
[9, 23, 24, 3, 14, 4, 7, 10, 21, 6, 15, 2, 16, 27, 29][7, 28, 16, 6, 13, 18, 22, 25, 11, 17, 12, 8, 19, 0, 26][1, 24, 20, 14, 11, 25, 7, 2, 6, 5, 21, 15, 27, 16, 10][3, 4][8, 26][12, 19][11, 25][13, 18][4, 14][3, 24][6, 16][9, 23] 
[9, 23, 24, 3, 14, 4, 7, 10, 21, 6, 15, 2, 16, 27, 29][1, 24, 20, 14, 11, 25, 7, 2, 6, 5, 21, 15, 27, 16, 10][0, 19, 8, 12, 17, 11, 25, 22, 18, 13, 6, 16, 28][16, 2, 6, 13, 18, 12, 8, 26][3, 9, 14, 4][3, 4][8, 26][12, 19][11, 25][3, 24][6, 16][9, 23] 
[10, 29, 2, 16, 7, 25, 28, 0, 19][15, 6, 13, 0, 18, 17][6, 13, 18, 12][3, 4, 24, 23][14, 7, 27, 15][14, 9, 23, 20][22, 19, 8, 26][5, 21][17, 28][10, 21][11, 25][1, 9] 
[6, 2, 21, 5, 15, 27, 7, 28][8, 26, 0, 18, 22, 17, 12][1, 4, 7, 25, 11][9, 23, 20, 4, 24][27, 29][16, 28][12, 19][11, 17][13, 18][4, 14][3, 24][10, 15] 
[1, 24, 20, 14, 11, 25, 7, 2, 6, 5, 21, 15, 27, 16, 10][9, 23, 24, 3, 14, 4, 7, 10, 21, 6, 15, 2, 16, 27][26, 0, 19, 8, 12, 17, 11, 25, 22, 18, 13, 6, 16, 28][18, 12, 19][3, 4][8, 26][11, 25][13, 18][4, 14][3, 24][2, 29][9, 23] 
[1, 24, 20, 14, 11, 25, 7, 2, 6, 5, 21, 15, 27, 16, 10][9, 23, 24, 3, 14, 4, 7, 10, 21, 6, 15, 2, 16, 27][26, 0, 19, 8, 12, 17, 11, 25, 22, 18, 13, 6, 16, 28][6, 16, 27, 15, 5, 21, 2, 29, 10, 7, 25, 22, 12, 19][18, 12, 19][3, 4][8, 26][11, 25][13, 18][4, 14][3, 24][9, 23] 
[1, 24, 20, 14, 11, 25, 7, 2, 6, 5, 21, 15, 27, 16, 10][9, 23, 3, 4, 7, 10, 21, 6, 15, 2, 16, 27, 29][0, 19, 8, 12, 17, 11, 25, 22, 18, 13, 6, 16, 28][3, 4][8, 26][12, 19][11, 25][2, 16][4, 14][3, 24][6, 16][9, 23] 
[9, 23, 24, 3, 14, 4, 7, 10, 21, 6, 15, 2, 16, 27, 29][1, 24, 20, 14, 11, 25, 7, 2, 6, 5, 21, 15, 27, 16, 10][0, 19, 8, 12, 17, 11, 25, 22, 18, 13, 6, 16, 28][16, 2, 6, 13, 18, 12, 8, 26][3, 4][8, 26][12, 19][11, 25][4, 14][3, 24][6, 16][9, 23] 
[9, 23, 24, 3, 14, 4, 7, 10, 21, 6, 15, 2, 16, 27, 29][7, 28, 16, 6, 13, 18, 22, 25, 11, 17, 12, 8, 19, 0, 26][16, 27, 15, 21, 5, 6, 2, 7, 25, 11, 14, 20, 24, 1, 23][8, 26, 0, 13, 6, 2, 16, 28, 17][6, 16, 28, 25][3, 4][12, 19][11, 25][13, 18][4, 14][3, 24][9, 23] 
[11, 14, 7, 27, 29, 15, 16][0, 26, 8, 19, 22, 25, 28][2, 6, 13, 18, 12][3, 4, 24, 23][14, 9, 23, 20][15, 10, 27][5, 21][17, 28][17, 18][10, 21][11, 25][1, 9] 
[9, 23, 24, 3, 14, 4, 7, 10, 21, 6, 15, 2, 16, 27, 29][1, 24, 20, 14, 11, 25, 7, 2, 6, 5, 21, 15, 27, 16, 10][26, 0, 19, 8, 12, 17, 11, 25, 22, 18, 13, 6, 16, 28][1, 9, 14, 24, 23, 20, 4, 3][16, 2, 6, 13, 18, 12, 8, 26][8, 26][12, 19][11, 25][4, 14][3, 24][6, 16][9, 23] 
[9, 23, 24, 3, 14, 4, 7, 10, 21, 6, 15, 2, 16, 27, 29][26, 0, 19, 8, 12, 17, 11, 25, 22, 18, 13, 6, 16, 28][1, 24, 20, 14, 11, 25, 7, 2, 6, 5, 21, 15, 27, 16][5, 15, 27, 16, 6][3, 4][8, 26][12, 19][11, 25][13, 18][4, 14][3, 24][9, 23] 
[15, 16, 28, 7, 4, 1, 24][8, 26, 0, 17, 11, 14][9, 23, 4, 7, 27][6, 5, 21, 10][20, 7, 2, 29][18, 22, 25][17, 12, 19][3, 4][11, 25][13, 18][4, 14][6, 16] 
[0, 26, 8, 19, 22, 25, 28][2, 6, 13, 18, 12][11, 14, 7, 27, 16][5, 21, 10, 29][3, 4, 24, 23][14, 9, 23, 20][17, 28][17, 18][15, 21][6, 21][11, 25][1, 9] 
[0, 26, 8, 19, 22, 25, 28, 16][5, 21, 10, 29, 2, 7][6, 13, 18, 12][3, 4, 24, 23][14, 9, 23, 20][14, 7, 27][17, 28][17, 18][15, 21][6, 21][11, 25][1, 9] 
[9, 23, 24, 1, 4, 7, 27][3, 11, 17, 0, 26, 8][2, 6, 5, 21, 10][19, 12, 17, 28][20, 7, 2, 29][18, 22, 25][3, 4][11, 25][13, 18][4, 14][6, 16][15, 21] 
[9, 23, 24, 1, 4, 7, 27][2, 6, 5, 21, 10, 29][3, 11, 17, 0, 26, 8][19, 12, 17, 28][2, 7, 14, 20][18, 22, 25][3, 4][11, 25][13, 18][4, 14][6, 16][15, 21] 
