[5, 15, 27, 16, 2, 21, 10, 7, 25, 0, 19, 8, 26][3, 11, 17, 18, 13, 6, 10, 7, 25, 0, 19][14, 9, 23, 24, 1, 4, 20, 7, 28, 0, 19][5, 15, 6, 13, 0, 26, 8, 12, 17][0, 22, 18, 13, 6, 10, 29][8, 26, 0, 22, 17][0, 12][17, 19][18, 19][0, 19][7, 14][0, 26] 
[1, 9, 3, 11, 17, 18, 13, 6, 10, 7, 25, 0, 19][5, 21, 15, 27, 2, 16, 6, 13, 18, 0, 28, 7][14, 23, 24, 4, 20, 7, 28, 0, 19][0, 25, 22, 18, 13, 6, 10, 29][0, 12][17, 18][10, 21][18, 19][10, 15][4, 7][8, 26][0, 26] 
[12, 0, 28, 25, 22, 17, 19, 18, 13, 6, 21, 15, 10, 16, 27][0, 28, 25, 22, 18, 13, 6, 2, 10, 29, 15, 27, 7, 14, 24][10, 16, 28, 25, 11, 3, 4, 14, 7, 27, 2, 6, 13, 0, 19][14, 9, 23, 24, 1, 4, 20, 7, 28, 17, 12, 22, 25, 0, 19][5, 21, 15, 27, 16, 6, 13, 18, 19, 0, 26, 8, 12, 17][5, 15, 27, 16, 6, 2, 21, 10, 7, 25, 0, 19, 8, 26][3, 11, 17, 18, 13, 6, 10, 7, 28, 25, 22, 0, 19][22, 12, 8, 19, 18, 0, 26][8, 26, 0, 22, 17][17, 19][18, 19][7, 14] 
[1, 3, 11, 17, 18, 13, 6, 10, 7, 25, 22, 19][0, 28, 25, 22, 18, 13, 6, 2, 10, 29][23, 14, 11, 17, 18, 0, 22, 12, 8, 26][14, 23, 1, 4, 7, 28, 17, 22, 0, 19][21, 15, 29, 10, 7, 25, 22, 18, 0, 26][0, 19, 18, 13, 6, 2, 15, 21, 5][6, 16, 27, 10, 7, 20, 24, 1, 9][0, 25, 7, 10, 21][0, 12][17, 18][18, 19][8, 26] 
[1, 4, 23, 24, 14, 7, 25, 11, 17, 22, 12, 18, 19, 8, 26][4, 20, 14, 7, 28, 0, 19, 18, 13, 6, 2, 27, 15, 21, 5][5, 21, 2, 10, 27, 15, 6, 13, 18, 19, 17, 12, 0, 25, 11][0, 26, 8, 12, 18, 17, 11, 14, 20, 4, 23, 3, 9, 1, 24][8, 26, 0, 17, 19, 12, 18, 13, 6, 15, 10, 29, 2, 27, 16][1, 24, 4, 20, 7, 25, 28, 17, 0, 19, 8, 26][10, 7, 20, 4, 23, 3, 1, 9, 14][1, 24, 3, 23, 20, 7][22, 17, 28, 16, 10, 29][0, 28][15, 21][0, 26] 
[5, 21, 2, 7, 28, 0, 13, 6, 16, 27, 29][8, 26, 0, 17, 12, 18, 13, 6, 15, 10][5, 15, 6, 13, 0, 28, 7, 14][18, 22, 17, 28, 16, 10, 29][1, 24, 3, 23, 20, 7][18, 17, 19, 8, 26][11, 25, 0, 12][8, 26][4, 24][0, 26][9, 14][0, 26] 
[1, 9, 3, 11, 17, 18, 13, 6, 10, 7, 25, 22, 19][5, 6, 16, 27, 29, 10, 7, 14, 20][10, 15, 16, 28, 0, 22, 12, 8, 26][6, 16, 7, 14, 11, 17, 0, 26, 8][12, 0, 26, 8, 19, 22, 25, 28][2, 15, 16, 28, 25, 22, 17][1, 23, 24, 7, 10, 21, 5][14, 23, 4, 7, 28, 0, 19][8, 26, 0, 22, 19][5, 21, 10, 27][4, 7][0, 26] 
[12, 22, 25, 7, 14, 4, 24, 20, 23, 9, 1, 3, 11, 17, 28][6, 21, 5, 15, 27, 10, 7, 4, 20, 14, 11, 17, 28, 0, 19][2, 6, 13, 18, 12, 8, 26, 0, 19, 22, 25, 7, 14, 11, 17][8, 19, 18, 13, 6, 15, 5, 21, 2, 29, 10, 27, 7, 20, 24][5, 15, 6, 13, 18, 19, 22, 25, 7, 28, 0, 26, 8, 12, 17][16, 2, 21, 5, 6, 13, 18, 22, 0, 25, 11, 17, 19, 8, 26][17, 19, 18, 0, 22, 25, 11, 3, 24, 23, 4, 14, 7, 10, 29][17, 28, 16, 27, 29, 2, 7, 24, 23, 3, 9, 1, 14, 4, 20][9, 23, 1, 4, 7, 28, 17, 22, 0, 26, 8, 12, 19, 18, 13][9, 23, 20, 7, 16, 2, 6, 13, 18, 0, 26][5, 15, 10, 27, 7, 14, 9, 23, 20, 24][8, 26, 0, 28, 16, 2, 6, 13, 18, 19] 
[19, 0, 25, 7, 14, 3, 11, 17, 18, 13, 6, 10, 15, 16, 28][13, 18, 17, 11, 3, 4, 23, 24, 20, 7, 25, 28, 16, 6, 15][19, 18, 13, 6, 10, 29, 2, 16, 7, 14, 3, 24, 20, 4, 23][13, 18, 17, 0, 19, 22, 25, 7, 10, 21, 5, 6, 2, 15, 29][0, 22, 19, 18, 17, 28, 25, 7, 14, 4, 23, 20, 24, 3, 11][9, 1, 23, 20, 24, 4, 3, 14, 7, 25, 0, 26, 8, 19, 12][8, 19, 17, 28, 16, 2, 15, 10, 21, 6, 13, 18, 22, 0, 26][15, 10, 27, 7, 28, 0, 22, 12, 8, 26][12, 0, 28, 17, 18, 22, 19, 8, 26][8, 26, 0, 22, 19][16, 10, 7, 20][1, 24, 23, 9] 
[7, 27, 29, 10, 6, 13, 0, 12, 8][2, 6, 13, 18, 22, 25, 28][14, 9, 23, 24, 1, 4, 20][15, 27, 16][11, 17][0, 17][5, 21][6, 21][0, 19][3, 24][8, 26][7, 24] 
[8, 26, 0, 19, 18, 17, 11, 3, 1, 14, 7, 28][3, 11, 17, 18, 13, 6, 10, 7, 25, 22, 19][0, 28, 25, 22, 18, 13, 6, 2, 10, 29][17, 18, 0, 28, 16, 2, 27, 15, 6, 21][14, 9, 23, 24, 4, 20, 7, 28, 0, 19][5, 21, 15, 6, 13, 18, 0, 28, 7][5, 21, 10, 7, 25, 0, 19, 8, 26][13, 18, 19][0, 12][17, 18][8, 26][0, 26] 
[9, 3, 24, 14, 11, 17, 12, 8, 26, 0, 18, 19][3, 11, 17, 22, 25, 7, 14, 1, 23, 9][8, 19, 17, 28, 7, 4, 14][5, 15, 2, 21, 10][7, 10, 6, 13][10, 29, 27][6, 16][20, 23][0, 19][7, 14][8, 26][0, 26] 
[0, 28, 7, 25, 22, 19, 18, 13, 6, 16, 2, 21, 10, 15, 29][1, 9, 3, 11, 17, 18, 13, 6, 10, 7, 28, 25, 22, 0, 19][5, 21, 10, 15, 27, 2, 16, 6, 13, 18, 19, 22, 0, 28, 7][26, 8, 19, 17, 0, 22, 25, 7, 10, 21, 6, 15, 29, 2, 27][14, 9, 23, 24, 1, 4, 20, 7, 28, 17, 12, 22, 25, 0, 19][17, 19, 18, 13, 0, 25, 22, 12, 8, 26][10, 29, 2, 6, 13, 18, 0, 19, 17][0, 12][18, 19][7, 14][8, 26][0, 26] 
[13, 0, 28, 7, 20, 4, 3, 23, 14, 11, 25, 22][12, 19, 22, 17, 11, 14, 1, 23, 20, 7, 28][7, 24, 14, 11, 25, 0, 26, 8, 12, 17][6, 16, 27, 29, 10, 7, 4, 3, 24][2, 27, 7, 25, 22, 17, 11][5, 21, 10][0, 22, 19][14, 24][7, 14][18, 19][6, 15][3, 9] 
[5, 21, 10, 27, 2, 6, 13, 18, 0, 28, 7][16, 2, 21, 10, 15, 29][3, 11, 25, 22, 17, 12][4, 1, 24, 23, 9, 14][0, 12][0, 19][20, 24][2, 15][18, 19][7, 14][8, 26][0, 26] 
[1, 9, 3, 11, 17, 18, 13, 6, 10, 7, 25, 0, 19][5, 21, 15, 27, 16, 6, 13, 18, 0, 28, 7][14, 23, 24, 4, 20, 7, 28, 17, 22, 0, 19][0, 28, 25, 22, 18, 13, 6, 2, 10, 29][10, 15, 16, 28, 0, 22, 12, 8, 26][0, 12][17, 18][10, 21][18, 19][4, 7][8, 26][0, 26] 
[5, 21, 10, 15, 16, 27, 29, 2, 6, 13, 18, 19, 0, 12, 22][2, 21, 10, 15, 29, 27, 16, 28, 7, 20, 24, 3, 9, 14, 4][1, 9, 3, 11, 17, 18, 13, 6, 10, 7, 28, 25, 22, 0, 19][10, 21, 15, 16, 28, 17, 19, 18, 13, 0, 25, 22, 12, 8, 26][8, 19, 22, 17, 0, 25, 7, 14, 4, 3, 1, 24, 20, 23, 9][11, 25, 22, 19, 8, 26, 0, 28, 16, 15, 10, 7, 27, 2, 29][14, 9, 23, 24, 1, 4, 20, 7, 28, 17, 12, 22, 25, 0, 19][5, 21, 10, 15, 27][17, 19, 0, 18][25, 22, 0, 26][10, 21][18, 19] 
[8, 12, 0, 25, 7, 14, 23, 1, 4, 20][8, 26, 0, 18, 13, 6, 16, 28][3, 4, 24, 7, 10, 15, 27][5, 21, 10, 7, 14, 11, 25][2, 10, 29][0, 12][0, 22][18, 19][18, 19][12, 17][9, 14][0, 26] 
[5, 21, 10, 15, 27, 2, 16, 6, 13, 18, 19, 22, 0, 28, 7][19, 18, 13, 6, 5, 15, 27, 7, 4, 23, 9, 1, 14, 11, 25][10, 21, 15, 16, 28, 17, 19, 18, 13, 0, 25, 22, 12, 8, 26][20, 23, 9, 3, 11, 25, 28, 0, 17, 19, 18, 22, 12, 8, 26][14, 9, 23, 24, 1, 4, 20, 7, 28][5, 6, 13, 0, 19, 17][3, 11, 17][0, 12][15, 29][10, 21][8, 26][0, 26] 
[5, 21, 10, 15, 27, 2, 16, 6, 13, 18, 19, 22][1, 9, 3, 11, 17, 18, 13, 6, 10, 7, 28][17, 19, 18, 13, 0, 25, 22, 12, 8, 26][20, 4, 1, 24, 23][0, 12][15, 29][17, 19][10, 21][18, 19][7, 14][8, 26][0, 26] 
[0, 28, 7, 25, 22, 19, 18, 13, 6, 16, 2, 21, 10, 15, 29][5, 21, 10, 15, 27, 2, 16, 6, 13, 18, 19, 22, 0, 28, 7][8, 26, 0, 19, 22, 18, 12, 17, 11, 3, 1, 9, 14, 7, 28][14, 9, 23, 24, 1, 4, 20, 7, 28, 17, 12, 22, 25, 0, 19][15, 27, 29, 2, 16, 28, 0, 13, 18, 19, 17][17, 19, 0, 18][13, 18, 19][0, 12][0, 19][5, 21][8, 26][0, 26] 
[1, 3, 11, 17, 18, 13, 6, 10, 7, 25, 0, 19][14, 9, 23, 24, 4, 20, 7, 28, 17, 22, 0, 19][10, 15, 16, 28, 17, 18, 0, 22, 12, 8, 26][5, 21, 10, 27][2, 10, 29][17, 0, 18][0, 12][10, 21][18, 19][4, 7][8, 26][0, 26] 
[16, 6, 13, 0, 28, 25, 11, 14, 7, 27, 15, 2, 21, 10, 29][9, 23, 14, 3, 1, 4, 7, 10, 21, 6, 16, 15, 29, 2, 27][0, 26, 8, 19, 18, 13, 6, 15, 27, 16, 28, 17, 22, 25, 7][16, 27, 29, 2, 15, 6, 10, 7, 25, 22, 12, 18, 0, 19, 17][9, 1, 3, 23, 24, 14, 20, 7, 2, 29, 10, 21, 5, 15, 16][11, 14, 24, 1, 9, 3, 4, 23, 20, 7, 28, 25, 22, 18, 19][9, 1, 3, 11, 14, 4, 24, 23, 20, 7, 25, 28, 16, 6, 10][12, 8, 19, 18, 22, 17, 11, 14, 24, 1, 23, 20, 7, 16, 28][5, 21, 6, 10, 7, 27, 15, 2, 29][14, 23, 1, 24][6, 21, 15][18, 19] 
[0, 28, 7, 25, 22, 19, 18, 13, 6, 16, 2, 21, 10, 15, 29][19, 8, 26, 0, 22, 12, 18, 17, 11, 25, 7, 4, 23, 20, 24][18, 19, 22, 25, 0, 28, 16, 7, 14, 3, 4, 1, 23, 24, 20][2, 29, 15, 27, 7, 25, 11, 17, 22, 18, 12, 19, 0, 26, 8][14, 9, 23, 24, 1, 4, 20, 7, 28, 17, 12, 22, 25, 0, 19][1, 4, 23, 3, 9, 14, 20, 24, 7, 25, 0, 19][5, 21, 10, 27, 2, 6, 13, 18, 0, 28, 7, 14][0, 26, 8, 12, 17, 22, 25, 11, 3][0, 12][2, 15][18, 19][0, 26] 
[1, 3, 11, 17, 18, 13, 6, 10, 7, 25, 22, 19][14, 9, 23, 24, 4, 20, 7, 28, 17, 22, 0, 19][10, 15, 16, 28, 17, 18, 0, 22, 12, 8, 26][5, 21, 15, 27][2, 10, 29][17, 0, 18][0, 12][10, 21][18, 19][4, 7][8, 26][0, 26] 
[7, 16, 2, 27, 15, 6, 13, 18, 17, 19, 22, 25, 28, 0, 12][0, 28, 7, 25, 22, 19, 18, 13, 6, 16, 2, 21, 10, 15, 29][5, 21, 15, 27, 2, 16, 6, 13, 18, 19, 0, 28, 7, 14, 20][19, 18, 22, 17, 28, 0, 13, 6, 5, 21, 15, 29, 10, 7, 25][0, 26, 8, 12, 22, 25, 11, 3, 23, 9, 1, 4, 24, 14, 7][6, 5, 21, 10, 2, 16, 7, 14, 1, 23, 4, 20, 24, 3, 9][8, 26, 0, 25, 7, 24, 20, 4, 23, 3, 9, 14, 11, 17, 19][8, 12, 19, 0, 26][4, 23, 20, 24][14, 9, 23][0, 19][17, 28] 
[0, 28, 7, 25, 22, 19, 18, 13, 6, 16, 2, 21, 10, 15, 29][14, 9, 23, 24, 1, 4, 20][5, 21, 10, 15, 27][3, 11, 17][0, 12][17, 19][10, 21][18, 19][18, 19][7, 14][8, 26][0, 26] 
[15, 16, 28, 17, 18, 13, 6, 21, 10, 27][8, 26, 0, 22, 17, 28, 7, 4, 1, 9][8, 26, 0, 28, 16, 6, 13, 18, 19][9, 23, 20, 7, 16, 6, 13, 0, 26][9, 3, 24, 7, 2, 29, 27, 16][22, 25, 11, 17, 19, 8, 26][5, 6, 13, 18, 19, 8][17, 12, 8, 26, 0, 28][5, 15, 27, 7, 14, 9][4, 7, 25, 22, 12][17, 11, 14, 7, 27][17, 19] 
[1, 9, 3, 11, 17, 18, 13, 6, 10, 7, 28, 25, 22][16, 2, 21, 10, 15, 29][5, 21, 10, 15, 27][20, 4, 1, 24, 23][0, 12][0, 19][10, 21][18, 19][10, 21][7, 14][8, 26][0, 26] 
[8, 12, 17, 18, 13, 0, 25, 7, 14, 3, 24, 23, 1, 4, 20][8, 26, 0, 12, 22, 19, 17, 18, 13, 6, 10, 15, 16, 7, 28][3, 14, 4, 23, 24, 20, 7, 10, 29, 15, 2, 27][5, 21, 10, 7, 20, 4, 23, 1, 9, 14, 11, 25][2, 10, 29][0, 12][0, 22][18, 19][18, 19][12, 17][9, 14][0, 26] 
[8, 19, 18, 0, 13, 6, 21, 5, 15, 10, 2, 16, 27, 7, 25][28, 25, 22, 18, 13, 6, 2, 29][14, 9, 23, 24, 1, 4, 20][1, 4, 24, 20, 14, 7][5, 21, 10, 7][3, 11, 17][12, 18, 17][0, 12][6, 15][18, 19][8, 26][0, 26] 
[8, 26, 0, 22, 17, 28, 7, 4, 1, 23, 9][9, 23, 20, 7, 16, 2, 6, 13, 18, 0, 26][8, 26, 0, 28, 16, 2, 6, 13, 18, 19][9, 3, 23, 24, 7, 2, 29, 27, 16][22, 0, 25, 11, 17, 19, 8, 26][5, 15, 6, 13, 18, 19, 8][5, 15, 10, 27, 7, 14, 9][4, 14, 7, 25, 22, 12][17, 12, 8, 26, 0, 28][7, 14, 11, 17][6, 21][17, 19] 
[5, 21, 15, 29, 10, 6, 13, 18, 22, 19][9, 23, 24, 1, 4, 20, 7, 28][6, 16, 2, 27][3, 11, 17][10, 7, 25][0, 12][17, 18][18, 19][0, 19][7, 14][8, 26][0, 26] 
[14, 9, 23, 4, 20, 7, 28, 0, 19][22, 18, 13, 6, 10, 29][2, 27, 10, 21, 5][1, 3, 11, 17][10, 15, 16][0, 12][17, 18][7, 25][18, 19][7, 24][8, 26][0, 26] 
[1, 9, 3, 11, 17, 18, 13, 6, 10, 7, 28][5, 21, 15, 27, 2, 16][20, 4, 1, 24, 23][13, 0, 25, 22][0, 12][15, 29][17, 19][10, 21][18, 19][7, 14][8, 26][0, 26] 
[12, 8, 19, 18, 22, 17, 11, 14, 24, 1, 23, 20, 7, 16, 28][9, 1, 3, 11, 14, 4, 24, 23, 20, 7, 25][2, 15, 27, 7][5, 21, 10, 29][13, 0, 28][6, 21, 15][14, 23][0, 26][17, 19][18, 19][18, 19][1, 24] 
[13, 6, 15, 29, 27, 10, 21, 2, 7, 25][19, 8, 26, 0, 28, 7, 20][4, 24, 1, 3, 11, 17][12, 8, 26, 0, 18][9, 14][3, 14][5, 15][3, 23][20, 24][8, 26][0, 22][16, 28] 
[14, 9, 23, 24, 1, 4, 20, 7, 28, 17, 19][3, 11, 17, 18, 13, 6, 10, 7, 25, 22][5, 15, 27, 2, 16, 6, 13, 18, 22][17, 0, 18][0, 12][15, 29][10, 21][18, 19][18, 19][7, 14][8, 26][0, 26] 
[5, 6, 16, 27, 29, 15, 10, 21, 2, 7, 14, 1, 23, 24, 20][1, 9, 3, 11, 17, 18, 13, 6, 10, 7, 28, 25, 22, 0, 19][2, 10, 29, 15, 5, 6, 16, 28, 25, 22, 12, 18, 0, 19, 17][1, 9, 3, 4, 23, 20, 14, 24, 7, 27, 16, 2, 10, 21, 5][10, 21, 15, 16, 28, 17, 19, 18, 13, 0, 25, 22, 12, 8, 26][6, 5, 15, 21, 2, 16, 28, 7, 14, 11, 17, 19, 0, 26, 8][14, 9, 23, 24, 1, 4, 20, 7, 28, 17, 12, 22, 25, 0, 19][12, 0, 26, 8, 19, 18, 17, 22, 25, 28][8, 26, 0, 22, 17, 12, 18, 19][5, 21, 10, 15, 27][4, 14, 7][0, 26] 
[5, 15, 27, 16, 2, 21, 10, 7, 25, 0, 19, 8, 26][3, 11, 17, 18, 13, 6, 10, 7, 25, 0, 19][5, 15, 16, 6, 13, 18, 0, 26, 8, 12, 17][14, 9, 23, 24, 1, 4, 20, 7, 28, 0, 19][0, 25, 22, 18, 13, 6, 10, 29][8, 26, 0, 22, 17][0, 12][17, 19][18, 19][0, 19][7, 14][0, 26] 
[1, 3, 11, 17, 18, 13, 6, 10, 7, 25, 22, 19][23, 14, 11, 17, 18, 0, 22, 12, 8, 26][14, 23, 1, 4, 7, 28, 17, 22, 0, 19][21, 15, 29, 10, 7, 25, 22, 18, 0, 26][0, 25, 22, 18, 13, 6, 2, 10, 29][0, 18, 13, 6, 16, 27, 15, 21, 5][6, 10, 7, 20, 24, 1, 9][0, 25, 7, 10, 21][0, 12][17, 18][18, 19][8, 26] 
[9, 1, 23, 3, 11, 25, 22, 19, 0, 17][16, 2, 10, 15, 29][24, 1, 4, 7, 28][10, 6, 13, 18][5, 21, 10, 27][0, 12][7, 20][18, 19][18, 19][7, 14][8, 26][0, 26] 
[6, 2, 7, 24, 3, 9][13, 18, 17, 11, 3, 23][7, 28, 0, 26, 8, 19][10, 21, 2, 7, 25][1, 4, 7, 27][5, 15, 16][12, 19][3, 14][20, 24][15, 29][0, 22][16, 28] 
[0, 28, 25, 22, 18, 13, 6, 16, 2, 10, 29][14, 9, 23, 1, 4, 20, 7, 28, 0, 19][19, 8, 26, 0, 17, 11, 25, 7, 24][0, 26, 8, 12, 22, 25, 11, 3][5, 21, 10, 27, 2, 6][0, 12][0, 19][15, 21][18, 19][7, 14][8, 26][0, 26] 
[2, 15, 27, 7, 25, 22, 12, 17, 11, 3, 23][4, 20, 7, 28, 0, 13][14, 7, 16, 28, 0, 26][5, 21, 10, 29][1, 24, 7, 10][18, 22][17, 19][18, 19][18, 19][6, 21][1, 9][8, 12] 
[2, 15, 27, 7, 25, 0, 22, 12, 17, 11, 3, 23][4, 20, 24, 7, 28, 0, 13][14, 7, 16, 28, 0, 26][5, 21, 10, 29][6, 21, 15][18, 22][17, 19][18, 19][18, 19][1, 24][1, 9][8, 12] 
[4, 23, 24, 1, 3, 11, 14, 7, 25, 22, 19, 17, 18, 0, 12][7, 2, 27, 10, 21, 5, 15, 16, 6, 13, 0, 22, 19, 8, 26][5, 21, 15, 2, 16, 28, 17, 22, 19, 8, 26, 0, 25, 7, 10][8, 19, 17, 11, 25, 28, 16, 7, 14, 4, 1, 24, 3, 23, 9][22, 18, 13, 6, 16, 15, 29][9, 23, 24, 4, 20, 7, 28][1, 3, 11, 17][17, 18][18, 19][12, 17][8, 26][0, 26] 
[2, 15, 27, 7, 25, 22, 12, 17, 11, 3, 23][13, 0, 28, 7, 24, 20, 4, 14][16, 28, 0, 26][5, 21, 10, 29][6, 21, 15][18, 22][17, 19][18, 19][18, 19][1, 24][1, 9][8, 12] 
[0, 26, 8, 19, 17, 22, 12, 18, 13, 6, 15, 16, 7, 20, 14][5, 15, 27, 2, 6, 13, 18, 19, 0, 28, 7, 14][1, 24, 3, 23, 20, 7][22, 17, 28, 16, 10, 29][11, 25, 0, 12][0, 28][8, 26][4, 24][15, 21][8, 26][9, 14][0, 26] 
[14, 4, 7, 27, 15, 2, 21, 5, 6, 13, 18, 17, 11, 3, 23][16, 28, 17, 22, 19, 18, 13, 0, 25, 7, 4, 1, 23, 24, 20][1, 14, 11, 25, 7, 2, 21, 10, 27][6, 2, 7, 24, 3, 9][7, 28, 0, 26, 8, 19][14, 3, 24][5, 15, 16][12, 19][4, 7][20, 24][15, 29][0, 22] 
[0, 28, 7, 25, 22, 19, 18, 13, 6, 16, 2, 21, 10, 15, 29][5, 21, 10, 15, 27, 2, 16, 6, 13, 18, 19, 22, 0, 28, 7][1, 9, 3, 11, 17, 18, 13, 6, 10, 7, 28][20, 4, 1, 24, 23][17, 19, 0, 18][0, 12][10, 21][18, 19][17, 19][7, 14][8, 26][0, 26] 
[23, 24, 7, 10, 16, 28, 0, 12, 8, 26][9, 14, 4, 7, 10, 6, 13, 18, 17][19, 8, 26, 0, 28, 7, 20][24, 7, 2, 21, 10, 29][1, 14, 11, 25][5, 15, 16][8, 19][3, 14][7, 27][20, 24][0, 22][16, 28] 
[22, 19, 12, 0, 18, 13, 6, 5, 15, 10, 21, 2, 16, 27, 29][1, 9, 3, 14, 4, 23, 24, 20, 7, 10, 29, 15, 2, 27, 16][5, 21, 10, 7, 20, 4, 23, 1, 9, 14, 11, 25, 28, 16, 6][15, 6, 2, 27, 16, 7, 25, 22, 0, 26, 8, 12, 17, 18, 19][4, 1, 3, 9, 23, 20, 24, 14, 7, 25, 0, 18, 22, 12, 17][8, 26, 0, 12, 22, 19, 17, 18, 13, 6, 10, 15, 16, 7, 28][16, 15, 27, 29, 10, 2, 7, 28, 0, 12, 18, 19][8, 12, 18, 22, 19, 0, 26][1, 9, 14][0, 22][17, 18][18, 19] 
[3, 11, 17, 18, 13, 6, 10, 7, 28, 25, 22][14, 9, 23, 24, 1, 4, 20][6, 16, 27, 15, 21][2, 10, 29][0, 12][17, 19][5, 15][18, 19][0, 19][7, 14][8, 26][0, 26] 
[14, 23, 24, 3, 4, 7, 27, 29, 2, 6, 13, 18, 22, 25, 28][5, 21, 15, 16, 6, 10, 29, 2, 7, 27][20, 14, 4, 1, 9, 3, 11, 25, 0, 26][10, 6, 13, 18, 17, 11][9, 23, 24, 1, 4, 20][0, 12][17, 19][5, 15][18, 19][0, 19][7, 14][8, 26] 
[5, 21, 15, 29, 10, 6, 13, 18, 22, 19, 8, 26, 0, 12, 17][17, 18, 12, 8, 19, 0, 13, 6, 5, 15, 10, 21][9, 23, 24, 1, 4, 20, 7, 28][6, 16, 2, 27, 15][5, 21, 10, 7, 25][3, 11, 17][0, 12][18, 19][0, 19][7, 14][8, 26][0, 26] 
[5, 15, 27, 2, 6, 13, 18, 19, 0, 28, 7, 14][1, 24, 3, 23, 20, 7][22, 17, 28, 16, 10, 29][11, 25, 0, 12][0, 28][8, 26][4, 24][0, 26][15, 21][8, 26][9, 14][0, 26] 
[9, 1, 24, 3, 23, 4, 14, 11, 17, 22, 0, 12, 8, 19, 18][5, 21, 10, 15, 27, 2, 16, 6, 13, 18, 19, 22, 0, 28, 7][3, 1, 24, 20, 7, 28, 25, 22, 12, 8, 26, 0, 18, 19, 17][22, 17, 12, 19, 18, 0, 25, 7, 4, 3, 11, 14, 23, 20, 24][15, 29, 2, 7, 28, 25, 22, 17, 12, 8, 26, 0, 13, 18, 19][7, 27, 16, 10, 2, 29, 15, 5, 21, 6, 13, 18, 0, 26, 8][14, 9, 23, 24, 1, 4, 20, 7, 2, 21, 10, 16, 28, 0, 22][9, 3, 11, 17][15, 29][18, 19][7, 14][0, 26] 
[3, 4, 7, 27, 29, 2, 6, 13, 18, 22, 25, 28][10, 6, 13, 18, 17, 11][9, 23, 24, 1, 4, 20][6, 16, 15, 21][0, 12][17, 19][5, 15][18, 19][0, 19][7, 14][8, 26][0, 26] 
[15, 10, 21, 5, 6, 13, 18, 22, 17, 11, 25, 28, 0, 12, 19][8, 26, 0, 12, 22, 25, 11, 14, 3, 4, 7, 24, 23, 1, 9][9, 14, 20, 4, 1, 24, 7, 10, 6, 13, 18, 17, 11, 3, 23][22, 0, 19, 17, 11, 3, 24, 1, 9, 23, 20, 14, 4, 7, 27][14, 9, 1, 24, 20, 23, 3, 4, 7, 16, 27, 10, 2, 15, 29][17, 12, 18, 22, 25, 11, 3, 24, 20, 7, 28, 0, 26, 8, 19][7, 27, 2, 15, 5, 6, 13, 0, 22, 19, 17, 18, 12, 8, 26][4, 24, 1, 9, 14, 3, 23, 20, 7, 28, 16, 2, 21, 15, 29][5, 6, 15, 27, 10, 21, 2, 7, 25, 11, 14, 1, 23, 3, 9][5, 15, 16, 6, 10, 29, 27, 2, 21][26, 8, 12, 0, 28, 16, 15, 29][6, 2, 7, 24, 3, 9, 14] 
[1, 23, 24, 14, 11, 25, 22, 17, 28, 7, 20][12, 0, 25, 11, 3, 1, 4, 7, 27, 16][9, 3, 11, 25, 22, 17][16, 2, 15, 29][10, 6, 13, 18][5, 21, 10, 27][24, 4, 7, 28][18, 19][18, 19][7, 14][8, 26][0, 26] 
[5, 15, 21, 10, 2, 7, 25, 28, 0, 18, 13, 6, 16, 27, 29][8, 26, 0, 28, 17, 22, 12, 19, 18, 13, 6, 5, 15, 27, 10][5, 21, 15, 27, 16, 6, 13, 18, 0, 28, 7, 14][18, 22, 17, 28, 16, 10, 29][1, 24, 3, 23, 20, 7][18, 0, 17, 19, 8, 26][11, 25, 0, 12][8, 26][4, 24][0, 26][9, 14][0, 26] 
[14, 23, 3, 11, 17, 12, 22][18, 13, 6, 16, 10, 29][9, 1, 4, 20, 7, 28][2, 27, 10, 21, 5][11, 25, 7, 24][0, 12][0, 19][15, 21][18, 19][0, 26][8, 26][0, 26] 
[10, 27, 15, 29, 2, 6, 13, 18, 12, 0, 17, 22, 19, 8, 26][0, 28, 7, 25, 22, 19, 18, 13, 6, 16, 2, 21, 10, 15, 29][5, 21, 10, 15, 27, 2, 16, 6, 13, 18, 19, 0, 28, 7, 14][8, 26, 0, 22, 12, 18, 17, 11, 25, 7, 4, 23, 20, 24][9, 1, 3, 23, 14, 11, 17, 22, 12, 8, 26, 0, 18, 19][8, 26, 0, 22, 12, 19, 17, 11, 3, 4, 20, 7, 28, 25][15, 5, 6, 21, 2, 10, 7, 28, 25, 22, 12, 0, 26][0, 19][2, 15][0, 26][7, 14][9, 14] 
[0, 28, 25, 22, 19, 18, 13, 6, 16, 2, 21, 10, 15, 29][14, 9, 23, 24, 1, 4, 20, 7, 28, 17, 12, 22, 0, 19][3, 11, 17, 18, 13, 6, 10, 7, 28, 25, 22, 0, 19][5, 21, 15, 2, 6, 13, 18, 19, 0, 28, 7][3, 11, 25, 7, 27, 10, 21, 6, 13, 0, 17][19, 12, 17, 28, 7, 2, 6, 16, 27][7, 4, 3, 11, 17, 28, 16, 6, 21][21, 10, 7, 25, 0, 19, 8, 26][8, 26, 0, 19, 17, 12][0, 13, 18, 19][0, 12][0, 26] 
[5, 21, 15, 27, 16, 6, 13, 18, 0, 28, 7, 14][18, 22, 17, 28, 16, 10, 29][1, 24, 3, 23, 20, 7][18, 0, 17, 19, 8, 26][7, 2, 10, 21, 15][11, 25, 0, 12][8, 26][4, 24][0, 26][8, 26][9, 14][0, 26] 
[28, 25, 22, 18, 13, 6, 2, 29][14, 9, 23, 24, 1, 4, 20][16, 27, 7, 25, 22][5, 21, 10, 7][3, 11, 17][12, 18, 17][0, 12][6, 15][18, 19][7, 14][8, 26][0, 26] 
[0, 28, 25, 22, 18, 13, 6, 16, 2, 10, 15, 29][1, 3, 11, 17, 18, 13, 6, 10, 7, 25, 0, 19][14, 9, 23, 24, 4, 20, 7, 28, 17, 22, 0, 19][0, 19, 18, 13, 6, 2, 27, 10, 21, 5][17, 0, 22, 12, 8, 26][0, 25, 7, 10, 21][17, 0, 18][0, 12][18, 19][7, 14][8, 26][0, 26] 
[13, 6, 15, 29, 27, 10, 21, 2, 7, 25][4, 14, 20, 24, 23, 1, 3, 11, 17][19, 8, 26, 0, 28, 7, 20][12, 8, 26, 0, 18][9, 14][3, 14][5, 15][3, 23][20, 24][8, 26][0, 22][16, 28] 
[15, 2, 16, 28, 17, 18, 13, 6, 21, 10, 27][8, 26, 0, 22, 17, 28, 7, 4, 1, 23, 9][9, 23, 20, 7, 16, 2, 6, 13, 18, 0, 26][8, 26, 0, 28, 16, 2, 6, 13, 18, 19][9, 3, 23, 24, 7, 2, 29, 27, 16][22, 0, 25, 11, 17, 19, 8, 26][5, 15, 6, 13, 18, 19, 8][5, 15, 10, 27, 7, 14, 9][4, 14, 7, 25, 22, 12][17, 12, 8, 26, 0, 28][17, 11, 14, 7, 27][17, 19] 
[0, 28, 7, 25, 22, 19, 18, 13, 6, 16, 2, 21, 10, 15, 29][1, 9, 3, 11, 17, 18, 13, 6, 10, 7, 28, 25, 22, 0, 19][23, 4, 14, 3, 11, 17, 19, 18, 13, 0, 25, 22, 12, 8, 26][6, 16, 27, 2, 29, 10, 7, 14, 23, 20, 4, 3, 24, 1, 9][14, 9, 23, 24, 1, 4, 20, 7, 28, 17, 12, 22, 25, 0, 19][21, 15, 29, 27, 10, 16, 7, 28, 25, 22, 18, 17, 0, 26][0, 22, 19, 18, 13, 6, 16, 2, 27, 15, 10, 21, 5][0, 22, 25, 7, 10, 21][17, 19, 0, 18][0, 12][18, 19][8, 26] 
[12, 0, 25, 11, 3, 24, 23, 14, 9, 1, 4, 20, 7, 27, 16][1, 23, 4, 24, 14, 11, 25, 22, 12, 17, 28, 7, 20][9, 1, 23, 3, 11, 25, 22, 19, 0, 17][16, 2, 10, 15, 29][24, 1, 4, 7, 28][10, 6, 13, 18][5, 21, 10, 27][18, 19][18, 19][7, 14][8, 26][0, 26] 
[26, 8, 19, 0, 25, 11, 3, 14, 24, 4, 7, 16, 27][12, 18, 13, 6, 15, 10, 2, 29][17, 19, 22][9, 14][7, 20][5, 15][3, 23][2, 21][1, 4][12, 19][16, 28][7, 25] 
[1, 4, 23, 24, 14, 7, 25, 11, 17, 22, 12, 18, 19, 8, 26][4, 20, 14, 7, 28, 0, 19, 18, 13, 6, 2, 27, 15, 21, 5][10, 7, 20, 4, 23, 3, 1, 9, 14][1, 24, 3, 23, 20, 7][22, 17, 28, 16, 10, 29][11, 25, 0, 12][0, 28][4, 24][0, 26][15, 21][8, 26][0, 26] 
[0, 28, 7, 25, 22, 19, 18, 13, 6, 16, 2, 21, 10, 15, 29][19, 8, 26, 0, 22, 12, 18, 17, 11, 25, 7, 4, 23, 20, 24][9, 3, 23, 1, 14, 7, 25, 11, 17, 12, 0, 13, 18, 22, 19][14, 9, 23, 24, 1, 4, 20, 7, 28, 17, 12, 22, 25, 0, 19][5, 21, 15, 27, 2, 16, 6, 13, 18, 19, 0, 28, 7, 14][0, 26, 8, 12, 22, 25, 11, 3][0, 12][0, 19][2, 15][18, 19][8, 26][0, 26] 
[13, 6, 5, 21, 15, 2, 29, 27, 10, 16][23, 3, 11, 17, 12, 22, 25, 7, 27][0, 28, 7, 24, 20, 4, 14][0, 26][17, 19][5, 21][18, 19][18, 19][6, 21][1, 24][1, 9][8, 12] 
[15, 21, 2, 7, 24, 1, 14, 20][19, 12, 18, 13, 6, 16, 28][0, 25, 11, 14, 4, 7, 16][17, 11, 3, 23][7, 27, 29][9, 14][7, 10][5, 15][8, 26][0, 26][0, 22][7, 25] 
[9, 23, 1, 3, 14, 7, 27, 10, 2, 29, 15, 5, 6, 13][20, 24, 14, 11, 25, 0, 19, 22][16, 28, 0, 18][12, 19][5, 15][4, 23][6, 21][17, 19][8, 26][0, 26][0, 26][25, 28] 
[9, 3, 24, 14, 11, 17, 12, 8, 26, 0, 18, 19][3, 11, 17, 19, 22, 25, 7, 14, 4, 1, 23, 9][8, 19, 17, 28, 7, 4, 14][5, 15, 2, 21, 10][7, 10, 6, 13][10, 29, 27][6, 16][20, 23][0, 19][7, 14][8, 26][0, 26] 
[5, 21, 10, 15, 27, 2, 16, 6, 13, 18, 19, 22, 0, 28, 7][14, 9, 23, 24, 1, 4, 20][3, 11, 17][0, 12][15, 29][17, 19][7, 25][18, 19][18, 19][7, 14][8, 26][0, 26] 
[6, 16, 28, 7, 25, 0, 17, 11, 3, 23, 14, 24, 4, 1, 9][5, 21, 10, 15, 27, 2, 16, 6, 13, 18, 19, 0, 28, 7, 14][8, 26, 0, 18, 19, 17, 12, 22, 25, 7, 24, 20, 14, 3, 9][9, 1, 23, 4, 20, 24, 14, 3, 11, 25, 0, 17, 18, 19, 22][14, 11, 17, 22, 25, 7, 27, 15, 29, 2, 16, 28, 0, 18, 19][6, 21, 10, 7, 20, 4, 3, 11, 17, 12, 22, 18, 0, 26, 8][16, 28, 25, 0, 19, 8, 12, 18, 17][14, 9, 23, 24, 1, 4, 20][0, 12][15, 29][7, 14][0, 26] 
[0, 28, 7, 25, 22, 19, 18, 13, 6, 16, 2, 21, 10, 15, 29][1, 9, 3, 11, 17, 18, 13, 6, 10, 7, 28, 25, 22, 0, 19][10, 21, 15, 16, 28, 17, 19, 18, 13, 0, 25, 22, 12, 8, 26][14, 9, 23, 24, 1, 4, 20, 7, 28, 17, 12, 22, 25, 0, 19][5, 21, 10, 15, 27, 2, 6, 13, 18, 19, 0, 28, 7][17, 19, 0, 18][4, 14, 7][0, 12][10, 21][18, 19][8, 26][0, 26] 
[9, 23, 24, 1, 4, 20, 7, 28, 17, 12, 22, 25][5, 15, 27, 16, 6, 2, 21][18, 13, 6, 2, 10, 29][3, 11, 17][0, 12][12, 17][17, 19][18, 19][0, 19][7, 14][8, 26][0, 26] 
[9, 23, 24, 1, 4, 20, 7, 28][22, 18, 13, 6, 10, 29][6, 16, 2, 27, 15][5, 21, 10, 7, 25][3, 11, 17][0, 12][17, 18][18, 19][0, 19][7, 14][8, 26][0, 26] 
[8, 26, 0, 12, 22, 19, 17, 18, 13, 6, 10, 15, 16, 7, 28][3, 14, 4, 23, 24, 20, 7, 10, 29, 15, 2, 27][5, 21, 10, 7, 20, 4, 23, 1, 9, 14, 11, 25][0, 12][2, 10][0, 22][17, 18][18, 19][18, 19][12, 17][9, 14][0, 26] 
[26, 8, 19, 0, 25, 11, 3, 14, 20, 24, 4, 7, 16, 27][12, 18, 13, 6, 15, 10, 2, 29][17, 19, 22][9, 14][7, 20][5, 15][3, 23][2, 21][1, 4][12, 19][16, 28][7, 25] 
[1, 9, 3, 11, 17, 18, 13, 6, 10, 7, 28, 25, 22, 0, 19][5, 21, 10, 15, 27, 2, 16, 6, 13, 18, 19, 22, 0, 28, 7][14, 9, 23, 24, 1, 4, 20, 7, 28, 17, 12, 22, 25, 0, 19][0, 28, 7, 25, 22, 19, 18, 13, 6, 16, 2, 21, 10, 29][17, 19, 0, 18][10, 21, 15][4, 14, 7][0, 12][10, 21][18, 19][8, 26][0, 26] 
[18, 13, 6, 16, 27, 7, 25, 22, 19][28, 25, 22, 18, 13, 6, 2, 29][14, 9, 23, 24, 1, 4, 20][5, 21, 10, 7][3, 11, 17][12, 18, 17][0, 12][6, 15][18, 19][7, 14][8, 26][0, 26] 
[28, 25, 22, 18, 13, 6, 2, 10, 29][14, 9, 23, 24, 1, 4, 20][6, 16, 27, 15][5, 21, 10, 7][3, 11, 17][0, 12][0, 17][18, 19][0, 19][7, 14][8, 26][0, 26] 
[0, 28, 7, 25, 22, 19, 18, 13, 6, 16, 2, 21, 10, 15, 29][5, 21, 10, 15, 27, 2, 16, 6, 13, 18, 19, 22, 0, 28, 7][14, 9, 23, 24, 1, 4, 20, 7, 28, 17, 12, 22, 25, 0, 19][3, 11, 17, 18, 13, 6, 10, 7, 28, 25, 22][21, 10, 7, 25, 0, 19, 8, 26][8, 26, 0, 22, 19, 18, 17, 12][17, 19, 0, 18][0, 13, 18, 19][0, 12][18, 19][7, 14][0, 26] 
[8, 26, 0, 13, 6, 15, 5, 21, 10, 2, 29, 27, 16, 7, 24][9, 23, 1, 4, 20, 7, 28, 17, 22][0, 13, 6, 2, 27, 10, 21, 5][3, 23, 24][0, 12][0, 19][7, 25][2, 15][18, 19][3, 11][7, 14][0, 26] 
[7, 16, 2, 27, 15, 6, 13, 18, 17, 19, 22, 25, 28, 0, 12][0, 28, 7, 25, 22, 19, 18, 13, 6, 16, 2, 21, 10, 15, 29][19, 8, 26, 0, 22, 12, 18, 17, 11, 25, 7, 4, 23, 20, 24][0, 26, 8, 12, 22, 25, 11, 3, 23, 9, 1, 4, 24, 14, 7][14, 9, 23, 24, 1, 4, 20, 7, 28, 17, 12, 22, 25, 0, 19][5, 21, 15, 27, 2, 16, 6, 13, 18, 19, 0, 28, 7, 14][17, 22, 18, 19][0, 19][2, 15][7, 14][8, 26][0, 26] 
[1, 9, 3, 14, 4, 23, 24, 20, 7, 10, 29, 15, 2, 27, 16][5, 21, 10, 7, 20, 4, 23, 1, 9, 14, 11, 25, 28, 16, 6][8, 26, 0, 12, 22, 19, 17, 18, 13, 6, 10, 15, 16, 7, 28][16, 15, 27, 29, 10, 2, 7, 28, 0, 12, 18, 19][19, 18, 17, 12, 8, 26, 0, 22, 25, 7, 16, 27][8, 12, 18, 22, 19, 0, 26][0, 12][0, 22][17, 18][18, 19][12, 17][9, 14] 
[9, 23, 24, 1, 4, 20, 7, 28][22, 18, 13, 6, 10, 29][19, 0, 13, 18, 12, 22][6, 16, 2, 27, 15][5, 21, 10, 7, 25][3, 11, 17][0, 12][17, 18][18, 19][7, 14][8, 26][0, 26] 
[0, 28, 7, 25, 22, 19, 18, 13, 6, 16, 2, 21, 10, 15, 29][14, 9, 23, 24, 1, 4, 20, 7, 28, 17, 12, 22, 25, 0, 19][19, 8, 26, 0, 17, 11, 25, 7, 4, 24][0, 26, 8, 12, 17, 22, 25, 11, 3][5, 21, 10, 27, 2, 6][15, 2, 21][0, 12][0, 19][18, 19][7, 14][8, 26][0, 26] 
[5, 21, 10, 15, 27, 2, 16, 6, 13, 18, 19, 0, 28, 7, 14][5, 6, 13, 18, 17, 22, 0, 25, 7, 2, 10, 21, 15][18, 13, 0, 28, 17, 22, 19, 12, 8, 26][18, 22, 17, 28, 16, 10, 29][1, 24, 3, 23, 20, 7][11, 25, 0, 12][8, 26][4, 24][0, 26][8, 26][9, 14][0, 26] 
[0, 28, 7, 25, 22, 19, 18, 13, 6, 16, 2, 21, 10, 15, 29][1, 9, 3, 11, 17, 18, 13, 6, 10, 7, 28, 25, 22, 0, 19][5, 21, 10, 15, 27, 2, 16, 6, 13, 18, 19, 22, 0, 28, 7][10, 21, 15, 16, 28, 17, 19, 18, 13, 0, 25, 22, 12, 8, 26][14, 9, 23, 24, 1, 4, 20, 7, 28, 17, 12, 22, 25, 0, 19][17, 19, 0, 18][4, 14, 7][0, 12][10, 21][18, 19][8, 26][0, 26] 
[0, 28, 7, 25, 22, 19, 18, 13, 6, 16, 2, 21, 10, 15, 29][5, 21, 10, 15, 27, 2, 16, 6, 13, 18, 19, 22, 0, 28, 7][17, 19, 18, 13, 0, 28, 16, 2, 29, 27, 15, 5, 6, 10, 21][8, 26, 0, 19, 22, 18, 12, 17, 11, 3, 1, 9, 14, 7, 28][14, 9, 23, 24, 1, 4, 20, 7, 28, 17, 12, 22, 25, 0, 19][3, 11, 17, 18, 13, 6, 10, 7, 28, 25, 22, 0, 19][5, 21, 10, 7, 25, 22, 0, 17, 19, 8, 26][17, 19, 0, 18][13, 18, 19][0, 12][8, 26][0, 26] 
[0, 28, 7, 25, 22, 19, 18, 13, 6, 16, 2, 21, 10, 15, 29][19, 8, 26, 0, 22, 12, 18, 17, 11, 25, 7, 4, 23, 20, 24][14, 9, 23, 24, 1, 4, 20, 7, 28, 17, 12, 22, 25, 0, 19][5, 21, 15, 27, 2, 16, 6, 13, 18, 19, 0, 28, 7, 14][0, 26, 8, 12, 22, 25, 11, 3][0, 12][0, 19][2, 15][18, 19][7, 14][8, 26][0, 26] 
[26, 8, 19, 0, 25, 11, 3, 14, 20, 24, 4, 7, 16, 27, 29][9, 3, 1, 24, 23, 14, 7, 28, 17, 18, 0, 26, 8, 12, 19][10, 15, 16, 28, 25, 7, 24, 3, 11, 17, 19, 22][12, 18, 13, 6, 15, 10, 2, 29][1, 4, 7, 27][9, 14][7, 20][5, 15][3, 23][2, 21][16, 28][7, 25] 
[0, 28, 7, 25, 22, 19, 18, 13, 6, 16, 2, 21, 10, 15, 29][5, 21, 10, 15, 27, 2, 16, 6, 13, 18, 19, 22, 0, 28, 7][14, 9, 23, 24, 1, 4, 20, 7, 28, 17, 12, 22, 25, 0, 19][3, 11, 17, 18, 13, 6, 10, 7, 28, 25, 22, 0, 19][21, 10, 7, 25, 0, 19, 8, 26][8, 26, 0, 22, 19, 18, 17, 12][17, 19, 0, 18][0, 13, 18, 19][0, 12][18, 19][7, 14][0, 26] 
[0, 28, 7, 25, 22, 19, 18, 13, 6, 16, 2, 21, 10, 15, 29][1, 9, 3, 11, 17, 18, 13, 6, 10, 7, 28, 25, 22, 0, 19][14, 9, 23, 24, 1, 4, 20, 7, 28, 17, 12, 22, 25, 0, 19][0, 22, 19, 18, 13, 6, 16, 2, 27, 15, 10, 21, 5][17, 19, 18, 13, 0, 25, 22, 12, 8, 26][0, 22, 25, 7, 10, 21][17, 19, 0, 18][0, 12][18, 19][7, 14][8, 26][0, 26] 
[1, 9, 3, 11, 17, 18, 13, 6, 10, 7, 28, 25, 22, 0, 19][14, 9, 23, 24, 1, 4, 20, 7, 28, 17, 12, 22, 25, 0, 19][5, 21, 10, 15, 27, 2, 16, 6, 13, 18, 19, 22][17, 19, 18, 13, 0, 25, 22, 12, 8, 26][0, 12][15, 29][17, 19][10, 21][18, 19][7, 14][8, 26][0, 26] 
[0, 28, 7, 25, 22, 19, 18, 13, 6, 16, 2, 21, 10, 15, 29][19, 8, 26, 0, 22, 12, 18, 17, 11, 25, 7, 4, 23, 20, 24][14, 9, 23, 24, 1, 4, 20, 7, 28, 17, 12, 22, 25, 0, 19][5, 21, 10, 27, 2, 6, 13, 18, 0, 28, 7, 14][0, 26, 8, 12, 17, 22, 25, 11, 3][0, 12][0, 19][2, 15][18, 19][7, 14][8, 26][0, 26] 
[2, 15, 27, 7, 25, 0, 22, 12, 17, 11, 3, 23][11, 14, 7, 16, 28, 0, 26, 8, 19, 17][8, 26, 0, 28, 16, 10, 7, 24, 1, 23][3, 4, 20, 24, 7, 28, 0, 13][6, 21, 15, 27, 7][5, 21, 10, 29][18, 22][17, 19][18, 19][18, 19][1, 9][8, 12] 
[28, 25, 22, 18, 13, 6, 2, 10, 29][14, 9, 23, 24, 1, 4, 20][5, 21, 15, 27, 16][3, 11, 17][7, 10, 21][0, 12][17, 19][18, 19][0, 19][7, 14][8, 26][0, 26] 
[0, 28, 7, 25, 22, 19, 18, 13, 6, 16, 2, 21, 10, 15, 29][5, 21, 10, 15, 27, 2, 16, 6, 13, 18, 19, 0, 28, 7, 14][19, 8, 26, 0, 22, 12, 18, 17, 11, 25, 7, 4, 23, 20, 24][14, 9, 23, 24, 1, 4, 20, 7, 28, 17, 12, 22, 25, 0, 19][0, 26, 8, 12, 17, 22, 25, 11, 3][0, 12][0, 19][2, 15][18, 19][7, 14][8, 26][0, 26] 
[5, 15, 2, 10, 6, 16, 27, 29][23, 14, 7, 28, 17, 18, 0, 26][22, 19, 17, 11, 3, 24][1, 4, 7][12, 19][9, 14][7, 20][13, 18][2, 21][8, 26][16, 28][7, 25] 
[22, 18, 13, 6, 16, 15, 29][9, 23, 24, 4, 20, 7, 28][2, 27, 10, 21, 5][1, 3, 11, 17][0, 25, 7, 10][0, 12][17, 18][18, 19][12, 17][7, 14][8, 26][0, 26] 
[0, 28, 7, 25, 22, 19, 18, 13, 6, 16, 2, 21, 10, 15, 29][1, 9, 3, 11, 17, 18, 13, 6, 10, 7, 28, 25, 22, 0, 19][5, 21, 10, 15, 27, 2, 16, 6, 13, 18, 19, 22, 0, 28, 7][14, 9, 23, 24, 1, 4, 20, 7, 28, 17, 12, 22, 25, 0, 19][21, 10, 7, 25, 22, 0, 17, 19, 8, 26][17, 19, 18, 13, 0, 25, 22, 12, 8, 26][17, 19, 0, 18][0, 12][18, 19][7, 14][8, 26][0, 26] 
[15, 21, 2, 6, 13, 18, 22][0, 25, 7, 16, 27, 29][23, 24, 3, 11, 17, 28][14, 9, 1, 4, 20][5, 21, 10][0, 12][12, 19][17, 19][0, 18][7, 14][8, 26][0, 26] 
[15, 5, 6, 2, 21, 10, 29][11, 3, 9, 23, 14, 4, 24][13, 0, 18, 17, 28][0, 19, 12][7, 14, 20][10, 16, 27][19, 8, 26][7, 27][1, 23][11, 25][17, 22][22, 25] 
