108387.44949198804 8710.952604613467 0.16443987667009252 2.520378530334026E-29 174.0 163.0 2.9096012388695316 
85025.0 11486.770481660833 0.06937596144805916 4.981426621634556E-10 89.0 127.0 1.8961503717601278 
44890.0 9147.919098434746 0.1291147919065387 0.4823436121016217 44.0 73.0 0.3116883116883117 
91865.0 7611.199385177002 0.21581842603393767 0.048814787589888664 108.0 73.0 0.0 
65810.0 8378.649866073814 0.21456608152979792 0.29415543195696225 56.0 71.0 0.0 
141010.0 5792.3750327424605 0.3956841103213804 2.969991992907882E-6 162.0 81.0 0.3495798319327731 
103310.0 7740.973154102125 0.15929436396344163 0.03982099198557285 109.0 75.0 0.0 
97420.0 7595.038204700142 0.2004017772168236 0.02183769112558473 92.0 66.0 0.0 
100700.00000000001 8466.527935641543 0.11626272940546602 4.874745929467466E-10 116.0 134.0 2.5898609399753565 
91455.0 6303.182812695693 0.14644667420482677 0.023121387283236993 115.0 83.0 1.439097744360902 
90400.0 7314.675202706625 0.12333931247705703 0.14450867290492414 114.0 111.0 1.0365448504983388 
63915.0 7431.39972777064 0.1445272386185338 0.36163925405428987 70.0 88.0 1.4415458937198067 
81295.0 7305.668000585095 0.3006166495375592 0.1316803699896694 99.0 78.0 1.8571428571428572 
86155.0 7492.813939603851 0.20939540665594675 0.09634777711057521 103.0 73.0 0.0 
68105.0 6951.992408112499 0.1965825325130717 0.28644830273598293 75.0 79.0 0.0 
84030.0 9480.701975795953 0.14902314189835753 0.007708119091743302 87.0 91.0 1.4364102564102565 
86388.69434628975 9830.001930126717 0.09185987314064367 3.878040624942502E-6 92.0 105.0 0.5772705162949066 
83535.0 8607.161033642315 0.14324428131336042 0.0674472806620905 100.0 83.0 0.5648351648351648 
61360.0 9195.238464806223 0.13232271325796505 0.22674717368961972 69.0 77.0 0.0 
70985.0 9439.51818354476 0.26848603899010487 0.12652776388110906 67.0 77.0 0.3643724696356275 
81602.1115963344 10931.57483108259 0.10662345539296644 0.006422607684663293 84.0 104.0 0.551923076923077 
111330.0 7596.619005527007 0.1426016073783303 0.006427722564803909 103.0 89.0 1.4185592185592184 
120530.0 7251.708866852799 0.15351723585261726 0.03982396246497773 121.0 78.0 0.23076923076923078 
125575.0 7585.513078470827 0.42009249743062693 0.055883864337101734 105.0 69.0 0.0 
101710.0 8730.671422818023 0.13810627748526186 0.033402674893381556 93.0 79.0 0.27692307692307694 
108576.57045531702 8738.38247104232 0.1644398766700925 6.532866022905849E-80 183.0 173.0 2.973093302361595 
88906.25619601748 10408.39892683873 0.08029439433180997 4.981426621634556E-10 96.0 133.0 1.894135223403516 
44890.0 9147.919098434746 0.12911586484869192 0.4823436048848782 44.0 73.0 0.3116883116883117 
91865.0 7611.199385177002 0.21581842603393767 0.048814787589888664 108.0 73.0 0.0 
65810.0 8378.649866073814 0.21456327653706617 0.29415584445646 56.0 71.0 0.0 
128025.0 5913.725812916584 0.40079885194668036 0.02312138766478786 152.0 77.0 0.0 
103890.0 8369.689848464559 0.15352028719967933 0.02698006681656876 105.0 80.0 0.0 
96660.0 7590.029857454732 0.1991146964381391 0.021837690871236538 93.0 67.0 0.0 
98620.00000000001 8799.230826009201 0.10534842155283086 3.7949897060904223E-6 114.0 136.0 2.6904682274247493 
91455.0 6608.7122244604 0.1464542641842267 0.023124357275180894 115.0 92.0 1.4278773857721228 
90400.0 7314.675202706625 0.12332982509816728 0.14452723499426612 114.0 111.0 1.0365448504983388 
63915.0 7431.39972777064 0.1445272386185338 0.36163925405428987 70.0 88.0 1.4415458937198067 
81295.0 7241.3923966025 0.3006166498979699 0.13168036957637574 99.0 73.0 1.7380952380952381 
86155.0 7492.813939603851 0.20939540665594675 0.09634777711057521 103.0 73.0 0.0 
68105.0 6951.992408112499 0.19655869056513045 0.286476269026051 75.0 79.0 0.0 
84030.0 9481.948944911956 0.14902289567068538 0.007708119218910586 87.0 91.0 1.4364102564102565 
83793.42615384789 10108.817352345994 0.09313655662647244 0.00642260758927558 89.0 103.0 0.6454849498327759 
87410.0 7733.180637144607 0.15030782873143286 0.048814787589888664 105.0 79.0 0.3395585738539898 
61360.0 9195.238464806223 0.13232271325796505 0.22674717368961972 69.0 77.0 0.0 
70985.0 9439.51818354476 0.2684860389900954 0.1265277638811091 67.0 77.0 0.3643724696356275 
89155.0 10599.691584984723 0.1490150570579532 0.00899165061014772 84.0 95.0 0.7801003344481605 
110850.0 7801.281180190438 0.1657290175693278 0.018628367076573615 99.0 83.0 1.7165912518853697 
121550.0 7284.827187830943 0.15351344030137956 0.039820166998433805 121.0 79.0 0.32967032967032966 
125575.0 7585.513078470827 0.42009249743062693 0.055883864337101734 105.0 69.0 0.0 
102710.0 8733.910152272492 0.13488919829823992 0.03725120645610385 94.0 82.0 0.32967032967032966 
88026.8678613661 11080.437917504345 0.07065759485696185 6.398749674546636E-14 92.0 128.0 1.9038461538461537 
44890.0 9148.253226221368 0.1291109974042269 0.4823997872334106 44.0 73.0 0.3116883116883117 
65810.0 8378.649866073814 0.21454314715339634 0.2941922285217583 56.0 71.0 0.0 
165530.0 7076.378653094398 0.36609845114316064 0.047527296082210735 151.0 71.0 0.15526315789473683 
103590.0 7881.536645138876 0.17086132766210707 0.006427722564802543 105.0 79.0 0.0 
98689.13748467746 8804.704647838973 0.09121274409056718 1.0346073352244728E-13 132.0 146.0 2.083630333630334 
99170.88263082497 6382.507719016827 0.12654418069032816 2.969991943896852E-6 122.0 90.0 1.8516483516483517 
90250.0 7374.769165943044 0.12269507249818146 0.14450867052071178 115.0 113.0 1.1174603174603175 
63915.0 7431.39972777064 0.1445272386185338 0.36163925405428987 70.0 88.0 1.4415458937198067 
81295.0 7241.3923966025 0.3006166495375128 0.1316803699897225 99.0 73.0 1.7380952380952381 
86155.0 7492.813939603851 0.20939540665594675 0.09634777711057521 103.0 73.0 0.0 
68105.0 6951.992408112499 0.19655869056513045 0.286476269026051 75.0 79.0 0.0 
84030.0 9481.948944911956 0.14902289567068538 0.007708119218910586 87.0 91.0 1.4364102564102565 
84947.59394913641 10041.916748500169 0.11240875179784714 6.4226076850445E-4 87.0 101.0 0.4935499283325371 
87070.0 8332.869431892303 0.1432408165452965 0.06744480582797541 107.0 82.0 0.5904761904761905 
61360.0 9195.238464806223 0.13232271325796505 0.22674717368961972 69.0 77.0 0.0 
70985.0 9439.51818354476 0.2684860389900954 0.1265277638811091 67.0 77.0 0.3643724696356275 
110761.2115108039 7934.457407177465 0.13489497369592338 5.115484261454337E-6 105.0 92.0 1.9644544997486173 
119910.0 7225.04091653028 0.15737022276362536 0.03982404497542202 120.0 75.0 0.27692307692307694 
125575.0 7585.513078470827 0.42009249743062693 0.055883864337101734 105.0 69.0 0.0 
101690.0 8692.679728612418 0.1348916738744541 0.03725491943350695 94.0 81.0 0.23076923076923078 
88013.62691247048 11085.754352360858 0.07065775948553076 8.219331630759969E-18 94.0 131.0 2.031135531135531 
44890.0 9148.253226221368 0.1291109974042269 0.4823997872334106 44.0 73.0 0.3116883116883117 
65810.0 8378.649866073814 0.21454314715339634 0.2941922285217583 56.0 71.0 0.0 
164990.0 7112.798320629078 0.37509340191389173 0.05523442518721899 146.0 69.0 0.0 
98688.67574849926 8806.771450930517 0.0912127450655082 8.054418104722521E-10 132.0 146.0 2.083630333630334 
90720.0 7247.486679467655 0.17022096608427545 0.06359198355601234 103.0 81.0 1.6111111111111112 
63915.0 7431.39972777064 0.14452723535499276 0.36163926001978863 70.0 88.0 1.4415458937198067 
87150.0 6910.691946113292 0.3108928216634423 0.09571376754907852 107.0 75.0 1.8857142857142857 
86155.0 7492.813939603851 0.20939540665594675 0.09634777711057521 103.0 73.0 0.0 
68105.0 6951.992408112499 0.19655506008755802 0.2864828701421821 75.0 79.0 0.0 
84030.0 9481.948944911956 0.14902289567068538 0.007708119218910586 87.0 91.0 1.4364102564102565 
85142.20143641473 10194.764910132448 0.10213389964698752 8.249977758567117E-8 87.0 103.0 0.620473005255614 
87070.0 8332.974341229425 0.14324254859557423 0.06744604300652897 106.0 80.0 0.6571428571428573 
61360.0 9195.238464806223 0.13232271325796505 0.22674717368961972 69.0 77.0 0.0 
69975.0 8926.083262347798 0.2883924921656487 0.12652537138786688 67.0 71.0 0.4105263157894737 
119910.0 7225.04091653028 0.15737022276362536 0.03982404497542202 120.0 75.0 0.27692307692307694 
125575.0 7585.513078470827 0.42009249743062693 0.055883864337101734 105.0 69.0 0.0 
101610.0 8724.13986021485 0.13553055214149684 0.029543995349388532 94.0 80.0 0.40384615384615385 
88009.01898614776 11087.0961204173 0.07065775950667766 1.0557908324675618E-21 94.0 131.0 2.031135531135531 
44890.0 9148.253226221368 0.1291109974042269 0.4823997872334106 44.0 73.0 0.3116883116883117 
65810.0 8378.649866073814 0.21454314715339634 0.2941922285217583 56.0 71.0 0.0 
164990.0 7112.798320629078 0.3750952167924734 0.05523442517668433 146.0 69.0 0.0 
98688.03990443426 8809.649036842224 0.09122033498121149 6.270364494526482E-6 132.0 146.0 2.083630333630334 
90720.0 7247.486679467655 0.17022096608427545 0.06359198355601234 103.0 81.0 1.6111111111111112 
63915.0 7431.39972777064 0.14452723535499276 0.36163926001978863 70.0 88.0 1.4415458937198067 
87150.0 6910.691946113292 0.3108928216634423 0.09571376754907852 107.0 75.0 1.8857142857142857 
86155.0 7492.813939603851 0.20939540665594675 0.09634777711057521 103.0 73.0 0.0 
68105.0 6951.992408112499 0.19655506008755802 0.2864828701421821 75.0 79.0 0.0 
83095.0 9447.54847096958 0.15095042044211926 0.007708119218894251 85.0 83.0 1.019155354449472 
82016.62910175652 11329.700692446242 0.10598672106042299 6.43085755643502E-4 88.0 112.0 0.8060200668896321 
86665.0 7956.09133846859 0.15673002495585273 0.07707995469244215 105.0 78.0 0.45 
61360.0 9195.238464806223 0.13232271325796505 0.22674717368961972 69.0 77.0 0.0 
69975.0 8926.083262347798 0.2883930674704044 0.12652536930020397 67.0 71.0 0.4105263157894737 
120530.0 7217.675941080198 0.15543584950379827 0.0398201669877984 120.0 76.0 0.0 
125575.0 7585.513078470827 0.42009249743064325 0.055883864337085414 105.0 69.0 0.0 
101190.0 8665.61672808468 0.1374607169059249 0.02954779033909462 95.0 78.0 0.12692307692307692 
110867.70269541504 9525.131470789816 0.0661730726040801 5.115484261454337E-6 120.0 144.0 2.9539682539682537 
66595.0 7883.441392232446 0.38732127476456485 0.2929046479961423 70.0 75.0 1.0888888888888888 
119490.0 7232.405891980361 0.15930063402048858 0.03982528197392265 120.0 73.0 0.0 
79270.0 7249.773363570587 0.12718602964888187 0.15800480986587387 98.0 73.0 0.0 
87741.59589763888 11369.381829971271 0.0552535675198328 9.901244819194992E-7 96.0 137.0 2.661618092052875 
