4196524.715834251 13270.730582436925 0.5059621229833996 0.0 5322.0 228.0 9.487912087912088 
1590275.0 12750.942155782657 0.3466506897357961 0.4327215337853636 1598.0 155.0 6.384615384615385 
3727219.2749377633 31751.4880576241 0.04284570286242029 0.0 4080.0 696.0 10.031807368953396 
891479.360967185 22888.480851755143 0.08513610671091475 0.6356712396029104 777.0 181.0 7.136926406926406 
664670.0 20394.90704578353 0.07677694645779752 0.7274959083469722 592.0 127.0 0.0 
1097425.0 22790.006926024682 0.3283862393836917 0.5208121776143954 951.0 137.0 0.0 
4973615.856559252 15994.756797317577 0.13546357237074907 3.283237563952322E-6 5121.0 413.0 8.05389231763252 
4479074.404794885 13304.729657518912 0.4058335281739537 0.06327449146598083 4502.0 187.0 7.979234972677595 
4256740.829998648 12971.034300727624 0.4143967734393266 0.07870586859948563 5166.0 194.0 2.611944027986007 
3953412.357567627 21383.97671954239 0.06359632306157509 0.0 4590.0 605.0 9.3374126282502 
4108958.9380285614 19131.725102022516 0.2681786298807575 0.0 4542.0 299.0 8.749930187805155 
1517144.9999999998 14974.895476403486 0.11117605798456863 0.5562017769464578 1384.0 187.0 7.908731899956122 
1308735.0 17206.638032758696 0.07291910217442132 0.6122281973345803 1393.0 143.0 2.169230769230769 
2221888.050763691 15784.591093113002 0.4293041071587327 0.2920296511811033 2194.0 194.0 7.259832775919732 
3240291.1656073187 16581.873277743678 0.36605903191098493 0.1677008063217358 3788.0 187.0 3.3304347826086955 
1452615.0 17781.82357105222 0.3253448678980594 0.4972235211596914 1417.0 134.0 2.1 
2487039.371140192 23174.84479700625 0.12365610812163799 0.30304712019394847 2403.0 313.0 7.028643229097619 
4361376.579031747 28664.19208482013 0.09241290624269348 0.0 4725.0 639.0 7.698686099629713 
4349725.377480484 25429.299233488528 0.25675122749590834 0.033785363572597614 4954.0 412.0 7.004364327841389 
1396280.9241790893 22072.466102544175 0.11553120641835217 0.5539549054096455 1512.0 191.0 2.0567119155354447 
1902098.4690200612 24843.43244300927 0.4229627383645163 0.29553554311114544 1758.0 190.0 1.506443654384831 
3636594.4490403035 15548.466079141543 0.17325320914155348 0.11307638509118795 3892.0 309.0 7.187535976908101 
4273289.959303983 17248.296607034554 0.21951844620925176 0.06584674486858659 4560.0 266.0 3.9179074419484765 
3253125.6426838534 16818.924745380675 0.37877016600420854 0.2356207622165069 3131.0 168.0 3.6328941133999684 
3515035.2861993867 23537.51371545188 0.23784326804792222 0.2919115162846943 3273.0 220.0 4.184494815529298 
1473295.0 14232.60870335626 0.3119300911854103 0.48228898760813654 1373.0 146.0 5.504615384615384 
3745439.485474287 31714.159115876555 0.04284570286242029 0.0 4096.0 705.0 10.134025364382033 
940690.0 22100.817333862436 0.08455162055410255 0.6401720842417831 841.0 159.0 6.694444444444444 
886270.0 19973.54515026516 0.076660042085574 0.6755026888005612 817.0 125.0 0.0 
1088195.0 23041.9340452587 0.3170446574701894 0.5388414776712649 998.0 120.0 0.0 
4291599.687612961 14435.362207561719 0.4218226233152528 0.07870632865249357 5049.0 190.0 2.623848789890769 
3868211.720072024 23367.86150513372 0.06190120966433403 0.0 4573.0 616.0 9.594525529053316 
4352209.66637766 19185.576126433767 0.21072038137539667 0.0 4947.0 375.0 8.826614614960903 
1517145.0 12078.327474291473 0.11117605798456863 0.5562017769464578 1384.0 148.0 6.302325581395349 
1324035.0 17473.674032073162 0.07879405168988181 0.6052174821755681 1404.0 146.0 2.1692307692307695 
2222446.775668338 16020.719713434248 0.41965999699327056 0.3049760636898743 2178.0 188.0 6.880574510614833 
3110070.0 16765.227361296278 0.3791793313069909 0.2539455225625438 3777.0 144.0 2.0434782608695654 
1418630.0 16707.653861409883 0.3474125988578376 0.47054284862548884 1345.0 140.0 3.3846153846153846 
2460576.715926708 22146.83480365694 0.1646605679749744 0.30304713027314867 2371.0 274.0 6.5929797053148995 
4360972.691605135 28790.21942385687 0.09197505502049476 0.0 4703.0 666.0 8.145254818073433 
1728111.5882581943 21708.56716119802 0.11354386232502542 0.5388455616026455 1766.0 185.0 0.48679678530424797 
2211449.245515971 23807.664485035733 0.4025040806639378 0.27899391509301746 2066.0 201.0 2.251304347826087 
3637292.685879876 15648.703034050372 0.2122116743816293 0.11307641498939144 3817.0 265.0 7.055384034729307 
4309923.076639468 16347.10790490534 0.277649117793468 0.09755705583373339 4900.0 232.0 2.6474074530588765 
3146429.319801206 17777.312664747446 0.3951367781155015 0.2734101005377601 3041.0 183.0 1.459865685960985 
3873398.764882165 24472.62829748245 0.2406490568637271 0.17933235522157465 3754.0 267.0 4.510991379310345 
1590275.0 13255.54742477424 0.3466527159967033 0.43272406315211104 1598.0 150.0 6.604615384615385 
3745383.0794345704 31714.99889840613 0.04284570286242029 0.0 4097.0 705.0 10.134025364382033 
913414.360967185 22107.17945601171 0.08513610329448534 0.6356712659111775 808.0 172.0 6.73 
733070.0 21049.295461585905 0.08396656534954407 0.6986789805938742 636.0 132.0 0.0 
1026860.0 22415.71092411091 0.31783376198269814 0.5473462707505261 874.0 127.0 0.0 
4429220.215580076 16293.393295683887 0.40542628491216376 0.1331836036465636 4527.0 205.0 1.4854434979794748 
3881230.109374211 23607.921911191665 0.05894937426569012 0.0 4576.0 653.0 9.528550091192935 
4689407.596847726 21280.17845747216 0.20779752162730886 0.0 5246.0 407.0 9.017182745139603 
1657300.0 12124.121531566107 0.12622749590834698 0.5379062426934768 1463.0 145.0 6.4519526107942085 
1309910.0 17513.215533200622 0.08636310498012625 0.6068505962122983 1387.0 143.0 2.1692307692307695 
2211567.294922351 15987.922836308817 0.42193923368405006 0.30497656968651315 2214.0 191.0 6.869463399503722 
3257408.7318213815 16932.595601711866 0.37780791928240925 0.23024422112106488 3966.0 174.0 2.5541925465838506 
1418630.0 16707.653861409883 0.3474125988578376 0.47054284862548884 1345.0 140.0 3.3846153846153846 
2531257.4978946922 22957.68359068048 0.11710971457305715 0.30304713027314867 2426.0 317.0 6.948458815637072 
1586212.7121632562 22546.754348137816 0.12254546516132175 0.5507700807312567 1451.0 226.0 2.923949515747731 
2229205.7064675484 24914.991649864813 0.40817161561842413 0.2961187748421791 2003.0 194.0 2.123390752624499 
3709023.6035509827 15390.463456449213 0.15902010182333975 0.1079618188064089 4037.0 309.0 7.221283582755645 
4201150.301974876 15283.949656077375 0.2710147946697832 0.07300713766679394 4668.0 254.0 3.6663134171447886 
3147905.971005989 17137.138694140922 0.3849660977320552 0.18453355155482815 3133.0 186.0 4.384650997150997 
3398094.5274576745 25407.555624861492 0.2585937941175972 0.26306536243854045 3002.0 271.0 4.4846804037005885 
1590275.0 13255.54742477424 0.3466527159967033 0.43272406315211104 1598.0 150.0 6.604615384615385 
3736113.7323479615 32095.547058974655 0.04284570286242029 0.0 4076.0 711.0 10.163950226096254 
956260.0 21942.055831353104 0.0908644566541727 0.6392953014501066 828.0 154.0 7.0 
681105.0 19943.967902654054 0.07113631049801263 0.7115092354454057 602.0 130.0 1.0512820512820513 
1014190.0 22808.090088169778 0.29924596679915827 0.5550035071311668 883.0 119.0 0.0 
4429219.884459682 16293.393852388963 0.4054267326764374 0.13318408454292524 4527.0 205.0 1.4854434979794748 
3881230.0978399566 23607.92195723517 0.05894937426569012 0.0 4576.0 653.0 9.528550091192935 
5063447.270287585 20160.639056990065 0.34171287025524927 1.706286627803918E-6 5790.0 355.0 8.578246419046728 
1513615.0 13525.7585703008 0.11117670783293188 0.556205028067436 1387.0 152.0 5.730897009966777 
1231630.0 16093.379839874095 0.09571545475800795 0.6100654664484452 1079.0 136.0 3.263157894736842 
2087338.2731133148 16196.685477415607 0.40627437257421667 0.3237976676178612 2026.0 183.0 6.978954140244463 
3188460.0 16844.444707997423 0.38648799426602715 0.24047327391165724 3843.0 146.0 2.0434782608695654 
1418630.0 16707.653861409883 0.3474125988578376 0.47054284862548884 1345.0 140.0 3.3846153846153846 
2562179.9133089655 24341.657820310822 0.14864463207919174 0.3069049745564659 2482.0 299.0 6.965239341875712 
1584770.0 21684.427499531757 0.12254572448833972 0.5507689430095905 1451.0 195.0 2.7042248150690154 
2133078.6131766373 24937.149546095745 0.418257003575027 0.30231643744899955 1908.0 185.0 2.2048860730757283 
3711686.814445817 15527.338077738237 0.15901993696511876 0.10796140043538612 4037.0 319.0 7.303250795870399 
4277895.001336173 18138.636423508917 0.21481301772332537 0.06584674486810327 4603.0 308.0 3.7653281546841164 
3483241.450389184 19949.498360015714 0.33206912840772895 0.15110030671775726 3689.0 206.0 3.1405888442333456 
3810334.177235341 26522.02935633332 0.21595292434906788 0.22220728434641984 3310.0 348.0 5.243698517379389 
1590275.0 13255.54742477424 0.3466527159967033 0.43272406315211104 1598.0 150.0 6.604615384615385 
3747666.942707217 31711.54842018731 0.04284570286242029 0.0 4095.0 705.0 10.189580919937589 
946710.0 21811.341009802713 0.09124435674316433 0.6401720842417831 827.0 150.0 7.0 
639555.0 21173.22469619295 0.08870119242459668 0.70849894786065 567.0 129.0 0.0 
980790.0 23755.556245617645 0.29001052139350014 0.5562602291325696 915.0 120.0 0.0 
4429219.884459682 16293.393852388963 0.4054267326764374 0.13318408454292524 4527.0 205.0 1.4854434979794748 
3881230.0978399566 23607.92195723517 0.05894937426569012 0.0 4576.0 653.0 9.528550091192935 
4287353.257916203 24166.527114010096 0.2894844517184943 0.0 5185.0 473.0 8.680492376108036 
1483035.0 14836.399044400818 0.09428337619826982 0.5729483282674772 1316.0 147.0 6.232558139534884 
1252095.0 17792.009509644413 0.0944587327566051 0.6132511105915361 1291.0 136.0 2.0307692307692307 
1929138.3963900702 15595.344812363928 0.3738037564456161 0.3581682997665604 1869.0 180.0 6.881057692307692 
3196130.0 16750.16386669496 0.3871894204993682 0.24389272679919524 3821.0 142.0 2.0434782608695654 
1418630.0 16707.653861409883 0.3474125988578376 0.47054284862548884 1345.0 140.0 3.3846153846153846 
2423690.012260589 23989.07501202712 0.13438244473130745 0.30336863984670653 2408.0 339.0 7.0206721390913005 
1549530.0 20622.313369696658 0.1079611877484218 0.5616962824409633 1496.0 151.0 2.0 
2021992.2332149837 23867.308797622838 0.3928302438624414 0.3133930266197886 1761.0 189.0 2.353406449928189 
3687946.1901693866 14437.083888134955 0.23214285714285715 0.11307575403320085 3987.0 241.0 8.510653809432936 
4330059.3689862825 18343.750916946876 0.21107210650472108 0.06111203510832091 4717.0 313.0 3.8918178877113796 
3269660.0 18685.72084538556 0.4777297170914192 0.21200607902735563 3313.0 143.0 3.3870170709793355 
2306390.0000000005 14112.591401917023 0.31140402151040447 0.36243277998597145 2498.0 149.0 5.835164835164836 
946710.0000000002 21811.226771901085 0.09124436015959372 0.6401720579335161 828.0 150.0 7.0 
3624698.5674657333 17257.346721694375 0.3962765957446808 0.24719429506663548 3814.0 162.0 4.355635062611807 
3310479.2651882516 22269.107771344607 0.45364741641337386 0.1751227495908347 3671.0 212.0 2.69809252924578 
1809210.0 16371.140840637992 0.20116319850362405 0.47515782090250175 2017.0 151.0 4.9162393162393165 
1418630.0 16707.653861409883 0.3474125988578376 0.47054284862548884 1345.0 140.0 3.3846153846153846 
1197495.0 22093.5627058912 0.22533317746083703 0.5527530979658639 1077.0 127.0 2.0 
