4356617.033468789 21883.264570901338 0.5172455303142577 0.05152560205751695 4175.0 283.0 6.388415556711864 
1920742.2711554822 19880.27534675588 0.2003448678980594 0.4867605798456862 1753.0 143.0 2.0 
2863865.0 18518.426197459656 0.40381918805204875 0.3784494045103557 2426.0 158.0 4.713725490196079 
1848140.0000000002 20010.642434289646 0.2471970043160342 0.5101421984385162 1774.0 149.0 6.090909090909091 
1809360.0603184556 20880.04474753119 0.3006780453588964 0.5027472527472527 1623.0 152.0 4.0 
4285072.820365226 26440.990680668277 0.07996259060088848 0.0 4808.0 664.0 9.881179872195833 
4981878.524495976 17728.890729563336 0.23483355173946543 2.1723238929726977E-6 5668.0 455.0 7.935025207937479 
1702195.0 21747.28571619437 0.3068762373856938 0.5014328040895 1396.0 146.0 0.0 
2230800.0 18000.126039038412 0.21346738368014964 0.46601005377601123 1907.0 170.0 4.536340852130326 
3058900.0036779256 20803.28906495161 0.34995518728964714 0.2878197033572738 2766.0 170.0 5.239316239316239 
1428830.0 21764.99686178866 0.2457052005234126 0.5684800589080485 1312.0 133.0 0.0 
1027800.0 22071.17547359308 0.26192424596679914 0.6081949964928688 954.0 129.0 0.0 
3583586.0693759033 24056.462665838608 0.34527977261156845 0.12292569154115825 3437.0 308.0 5.957728856211108 
2819480.0 17224.646542078965 0.35846107097269786 0.3906949254947143 2516.0 164.0 3.2340425531914896 
2028665.0 16915.649997019405 0.18775100702002082 0.5147890105716295 1797.0 171.0 6.218023255813954 
4824350.333263514 27497.434287822063 0.16276011222819733 0.0 4949.0 625.0 9.775921983068223 
4745311.574427335 26964.185645718717 0.15317610262229575 5.569152639827552E-7 4895.0 574.0 8.194180351850392 
3644523.901374384 27031.895448821822 0.40735449742773067 0.04725859247152319 3596.0 343.0 6.157388423239486 
6553288.157283625 18207.07893013257 0.3304886602758943 0.0 6877.0 351.0 8.710744449737815 
4586597.042634546 29396.835111336644 0.09378653261631985 0.0 4514.0 700.0 10.156544612763163 
1967350.398354807 22424.746662505837 0.33773673135375265 0.42249240121580545 1860.0 169.0 0.8515406162464986 
5065440.0 17935.956353129255 0.5311875148034044 0.15820131731028214 5029.0 146.0 5.053571428571429 
4682975.735966782 19383.85184031684 0.4435667390072823 0.06298352837757316 4826.0 302.0 6.437576947202001 
2434735.0 17210.629402071914 0.1998220717358337 0.46826093854011613 2170.0 153.0 6.134463276836158 
2181335.0 17916.82561923799 0.196779284545242 0.4667699321954641 1997.0 145.0 4.076923076923077 
2994089.3990010517 23169.241802849792 0.4153634155397896 0.20490413841477673 2883.0 202.0 3.7468180254557963 
5164383.836053177 22643.930407677162 0.13961548602584103 2.5453332664603056E-11 5320.0 593.0 9.115050546266952 
1390170.0 22807.14996502108 0.2719487958849661 0.5421148000935235 1247.0 153.0 0.8824344515133988 
5518021.726589198 20388.770801867133 0.30594053040204355 1.4878029380759328E-16 5869.0 502.0 7.866186871299092 
4643393.252920819 22359.786045094897 0.22112462006079028 0.0 5263.0 532.0 9.163032265951914 
2384575.0 21781.58899633171 0.313189498525449 0.4399116634681803 2176.0 151.0 0.0 
1114190.0 19746.433596830506 0.14703786047878004 0.5984068067302618 1091.0 125.0 1.065217391304348 
3940270.0 17537.653523509533 0.32403158774959095 0.3716411716097691 3590.0 163.0 6.172413793103448 
6409778.703245037 17033.549593469543 0.47434280923857775 1.482829598579851E-7 6402.0 294.0 9.531581347861382 
3689395.6532062897 21967.626250180583 0.4634983871289044 0.12730886135141453 3462.0 242.0 6.146902951699463 
1594520.0 19003.842442543144 0.1383569538796464 0.5839117510685433 1462.0 168.0 4.018796992481203 
1768785.0 20742.480328981565 0.2225872257896937 0.5313334775091724 1714.0 157.0 1.1785714285714286 
3110663.609712503 23636.18220494582 0.5249327640985114 0.15878618647469167 3043.0 234.0 4.753900510992933 
3992003.6755140647 24594.60281451321 0.5200220091545663 0.08785363572597615 3683.0 272.0 6.188819758672699 
4060855.7353502642 16538.445508450048 0.33344151283361717 0.19485036240435974 3884.0 200.0 5.44044665012407 
2951385.0 18306.839201217037 0.4268201232870265 0.3537825819711928 2795.0 162.0 3.0458620689655174 
5663628.1666475665 18936.363123798525 0.43242927285480476 0.13037760112228197 5734.0 216.0 6.845587017718165 
5755332.650284602 16274.576110344251 0.4422809851599906 0.10392859439392485 5954.0 276.0 6.41054224975291 
3167700.0 21421.763018691647 0.39335629628403407 0.2953896244901233 3220.0 161.0 3.666666666666667 
4513501.636346169 28381.47247380222 0.3375050689581176 0.0 4485.0 431.0 8.062292212178232 
755990.0 22124.25191036916 0.14580897825578676 0.6981821370119242 722.0 139.0 0.0 
3326861.087284841 25201.705573300602 0.3866919444982271 0.12412363165427671 3260.0 322.0 7.113565769754153 
4147829.9719538777 29558.489877772772 0.273352906548728 2.7532606710669167E-23 4151.0 456.0 8.907458709161496 
3792794.366794069 22417.785750323812 0.3933553235482251 0.09335125020848448 3900.0 282.0 5.8191465089491405 
3374819.3439392173 22279.017338439855 0.3047127409885097 0.21434751923838155 3337.0 254.0 2.59966100868208 
3218791.314388648 24663.073489768685 0.49728197334580315 0.14078209025017535 3261.0 257.0 5.0120839733742955 
4102290.177453409 19284.2120875877 0.39770936583963334 0.22203483521714834 4312.0 224.0 4.907613889773813 
3889625.0 19336.70315735158 0.3722845976962378 0.3246154672681047 3556.0 166.0 1.1785714285714286 
3534070.562111384 21798.31147238442 0.37020927448595464 0.22658992764983368 3386.0 202.0 5.738843603205305 
3745182.593699648 15994.424980433894 0.4377494734383262 0.1270458265139116 3931.0 197.0 6.858153871980812 
3280182.925792391 23244.095591794307 0.5302519439747153 0.16486530283596582 3157.0 238.0 6.379085933223864 
2129655.0 21129.04391611384 0.28776149854284366 0.44558356614106376 1813.0 145.0 1.5140056022408963 
3426768.758219323 26132.463732800603 0.5037117138180968 0.1531739537058686 3159.0 290.0 7.176884390119684 
6495719.999999997 16152.583198850338 0.5643266308159925 0.07876432078559738 6419.0 153.0 6.053571428571429 
3839240.0 18414.35504016418 0.4123527352185037 0.26575286415711963 3954.0 165.0 1.0869565217391304 
4875490.5572231645 17935.961090195902 0.4751888352886463 1.4878029380759328E-16 5605.0 353.0 6.366850496304419 
1639195.0 22499.566801944886 0.24275527196715468 0.5086802704164589 1665.0 170.0 4.003829503829504 
1468295.0 21170.886167134413 0.23448231519372065 0.558718486773255 1387.0 135.0 2.0 
4919845.0 18890.245907594133 0.44897387236539954 0.21414022734798085 4521.0 175.0 1.0810810810810811 
1517235.0 17497.511122384 0.10766972990334028 0.6223728063961916 1345.0 153.0 4.2894736842105265 
2695490.0 21742.45871947791 0.3829225810630848 0.3379135898864291 2710.0 159.0 2.4949944382647384 
6840519.999999999 18081.80338683738 0.5678045358896423 0.02536824877250409 6766.0 196.0 10.414141414141415 
4439408.396185822 28517.482774001863 0.367197354758828 0.0 4375.0 418.0 7.959771948753712 
5433386.209899174 22490.48334297435 0.30407001296037134 8.058441510608122E-13 5994.0 358.0 8.991601902213617 
5571364.353601017 16410.642508095298 0.450084463901523 0.11009533606904702 5657.0 234.0 3.0922390109890108 
2080403.7361508738 20209.97909373344 0.237170709685781 0.4364954131870581 1785.0 157.0 2.1208298524087996 
5997890.333791156 16384.78217488692 0.4309411711926282 0.1039289126628068 6130.0 279.0 7.682834282237546 
5382137.587614866 22592.80123908578 0.36532616319850364 0.0 5778.0 352.0 7.683391436349017 
2912070.0 20373.187854913216 0.25979225972142 0.41176883193352126 2784.0 143.0 4.0 
1165690.0 20606.085441431318 0.16524529603310556 0.6234546612955906 1048.0 126.0 0.0 
3467205.236901535 22211.683678927093 0.502575194306931 0.15600917703267847 3523.0 243.0 6.59857142857143 
5281899.114378655 21669.983455894817 0.41544996289919345 0.04638522377524972 5109.0 258.0 4.996963423050379 
2493070.0 18525.86396364925 0.20472878185644144 0.46048632218844987 2182.0 154.0 5.072727272727272 
1218645.0 21844.54775029875 0.25476544243732024 0.5821867114865693 1264.0 134.0 2.0 
2288600.0 22843.192635904295 0.27782324058919805 0.48521159691372456 1938.0 135.0 2.0 
2643375.0 22651.195428874853 0.3880663319313132 0.3353421518599002 2330.0 159.0 2.506883604505632 
5226576.257767774 21940.17900279727 0.37330602470191315 2.819951255731348E-6 4980.0 359.0 7.1911263541335675 
2597128.0621239115 18156.48395153352 0.3507131166705635 0.3370353051204115 2588.0 173.0 3.98974358974359 
4213759.042351828 24939.169784764104 0.37313054720350264 8.058344211549639E-13 3919.0 382.0 8.190244963902252 
6207157.465490654 18258.953425961008 0.4026790571235463 0.004822333543042246 5989.0 250.0 8.056031398842986 
5125097.74067326 24147.95206243391 0.1740155752252712 1.3786215277119122E-7 4866.0 548.0 9.653097089471693 
6284858.686277336 18456.93526673905 0.49982792618645955 2.847784494047138E-7 6364.0 198.0 8.460307759467423 
6710094.999999995 16177.14838964715 0.5616117068486917 0.04871989712495829 6641.0 152.0 7.054545454545455 
5338544.689082454 17873.63180768767 0.2593532024125908 3.516809418013354E-22 5665.0 416.0 8.458442252430572 
5876485.197243283 17373.48135025787 0.45008427255845734 0.11009469256695438 5922.0 207.0 2.5766140109890108 
974815.0 23328.64310528393 0.22322889876081364 0.5894318447509936 949.0 145.0 4.0 
5477639.9316850975 19163.304824969033 0.3362469377564739 6.420453770879457E-19 5280.0 355.0 8.953500761035007 
6897925.0 14599.08351312233 0.5846095393967734 0.023585457096095393 6970.0 155.0 7.054545454545455 
2336755.0 19000.63395031431 0.2508493280649924 0.4410823391564484 2059.0 150.0 7.068181818181818 
7241665.000000001 16139.118864201888 0.5661711840728552 0.025368397056330698 7345.0 155.0 9.05 
2539553.6398460995 24498.794087390834 0.41971844439198186 0.24526583007379596 2574.0 211.0 2.4492585281525177 
5833833.651266137 15505.691977885572 0.332244167906519 3.4084166764888694E-33 6511.0 405.0 8.985937861626752 
6140557.3028510995 18907.657281105232 0.5308076741707598 1.3786381736348375E-7 6246.0 182.0 5.513888888888889 
1268270.0 20005.75790531221 0.17965279401449613 0.5840834697217676 1219.0 130.0 2.0 
2758372.2428635024 21321.2363713189 0.35723053542202476 0.3317161561842413 2786.0 231.0 2.3833333333333333 
836135.0 21665.545427114364 0.1650130434099851 0.6352880419045185 804.0 122.0 0.09696969696969697 
6072664.097902202 21220.692606287335 0.41734930088610606 4.354556152260291E-6 5853.0 346.0 4.774897128486613 
1320020.0 21639.43891791413 0.19756954389948522 0.583180869647076 1180.0 155.0 2.0 
6361085.0 14784.60838703528 0.560032566422976 0.08136544306757072 6405.0 156.0 7.179569892473118 
7021635.278819503 14412.316065343784 0.506345021890234 1.706673347351076E-17 7426.0 248.0 8.27802041435407 
914305.0 20738.718238761907 0.14876081365443067 0.6854980126256722 898.0 148.0 0.0 
580215.0 22355.713185665794 0.1489095771825179 0.7237565192640404 555.0 140.0 0.0 
694795.0 22631.39033496786 0.11830784447559851 0.7196089497396453 574.0 148.0 2.0 
634805.0 23211.714918922673 0.11839559503398976 0.7449774665286905 567.0 149.0 0.0 
7127328.764442372 10117.243569567514 0.49848312939740863 0.04077063812571952 6951.0 227.0 7.915423465423466 
6972384.644023924 18649.26534723567 0.5828885113508134 1.7548348804900327E-4 6901.0 182.0 9.002317290552584 
7331161.04239832 16033.032069820518 0.5712272909884952 1.4828295986228686E-7 7272.0 183.0 5.166666666666667 
