5007020.702860263 22071.76885072707 0.18526732979782212 4.6244466858936134E-7 5648.0 594.0 9.823724291300666 
1645935.0 20944.678987968055 0.29530044423661445 0.5257774140752864 1581.0 136.0 0.0 
1507640.0000000005 19752.15073700829 0.10123918634556932 0.6048924479775544 1259.0 175.0 8.157894736842106 
1702715.0 17028.03850268454 0.18816045300550674 0.5469371054513604 1374.0 152.0 3.2816166883963493 
4561369.730773705 20401.358602434215 0.47866657106593147 0.032411737200957476 4665.0 292.0 7.069861459976244 
4636992.117721982 21578.529723392086 0.2162740669792688 3.6384204367459148E-6 5376.0 463.0 8.285011560119319 
1272865.0 17804.044335322807 0.1270493147678 0.6471248455123891 1066.0 156.0 4.206896551724138 
3472670.7176161516 18899.518518114975 0.37178717754478924 0.3513289093344712 3115.0 177.0 3.8421052631578947 
6657769.008251911 10988.851160334285 0.5104659471371912 0.05576338555061959 6867.0 209.0 6.968757905388312 
5349124.901419348 11652.80256420437 0.47764281507696305 0.13590133270984334 5094.0 158.0 5.242328874901652 
1567192.1096262876 18791.930887818886 0.19581718029885084 0.5134745243252629 1551.0 148.0 1.125 
3367186.853574038 20368.7919268096 0.3603893326758077 0.19166508350334474 3434.0 240.0 6.402492997936093 
4511902.973581104 25207.794011549846 0.25812768388740687 8.570686746630314E-7 4678.0 454.0 9.190476096484161 
2137160.0 15872.179582877816 0.17331371218945507 0.48842694223791433 1889.0 166.0 6.200926845415426 
5494726.987192947 23692.743001954244 0.32677694645779753 0.0 5505.0 391.0 9.761502694618986 
5632294.912702661 19634.998052634113 0.28390226794482115 0.0 5709.0 435.0 9.131467175115482 
4686364.607998369 21025.102404878467 0.4809181246275501 0.02770761028876555 5029.0 305.0 6.060940401365933 
4455987.669348632 27312.51632504951 0.09133367040259548 7.431231283205475E-8 4705.0 631.0 9.61086922166118 
5699573.154608586 20494.735823443138 0.20838452483634343 0.0 6021.0 553.0 10.060868333359327 
5273537.026825662 17514.803505155898 0.5842618321032889 0.0926759410801964 4994.0 192.0 4.652243589743589 
5841808.545306408 17337.201547722572 0.6316663744695482 0.03746785129763853 5377.0 188.0 4.718149770323683 
2070454.9867516907 21438.46194059295 0.2732639700724807 0.48836801496375964 1876.0 141.0 0.308300395256917 
4941918.31821859 22073.13008600926 0.2118025087488863 1.6752042415036317E-23 5180.0 515.0 9.291115368428118 
1386180.0 18884.2533932143 0.16936619924978097 0.5944914337726214 1155.0 147.0 4.4 
2954815.0 19379.030956368566 0.3142389525368249 0.39279869067103107 2551.0 148.0 5.285714285714286 
2011535.0 18736.70912665192 0.2172988318883421 0.4955000387380691 1774.0 148.0 2.359801488833747 
4808427.170235995 17245.13257552071 0.5858078092120645 0.07256838905775076 4708.0 227.0 5.0324426333671965 
3936817.4361515846 28297.71144365157 0.3559153612345102 0.0 4177.0 472.0 8.22423435980761 
2301777.2470210046 21340.304987364565 0.3456297967605968 0.4237516001368195 2251.0 191.0 1.91017453080523 
4278474.52212832 12485.912221237597 0.35308043020808977 0.23152910918868366 4351.0 283.0 8.558261324954177 
1856697.1203810344 21091.988065219048 0.2497960738632928 0.4976076722792624 1850.0 177.0 1.2387706855791962 
1157305.0 21525.579587036653 0.19076007365301326 0.6000146219511062 969.0 132.0 2.0 
4865280.861205796 22572.70792415967 0.17319675947140017 2.8659394163644132E-18 5196.0 587.0 9.718976679318153 
5196050.376650694 16527.944141824893 0.5967704752231865 0.11857025952770633 4865.0 182.0 4.482051282051282 
4735150.665481481 21865.826317006893 0.13280336684592003 0.0 4890.0 547.0 10.167466635270113 
5749423.949856639 15400.261225388887 0.5009092853079757 0.046908471806658684 5995.0 213.0 7.357759605281191 
8438043.820342114 9193.526145188012 0.4833442503143716 0.0 8004.0 256.0 9.096048176934069 
5897650.763116284 18012.202224513683 0.4094026816104109 0.023527597529324356 6403.0 286.0 5.229870357952549 
6156977.689146212 18987.168336771443 0.43123183482491867 3.5379494224180548E-6 5929.0 273.0 7.857661357971431 
1803374.9999999995 16821.787779916005 0.13692424596679917 0.5661386485854571 1486.0 180.0 8.208742194469224 
3081326.8140775263 20134.412039015155 0.43582191199609993 0.24155459475975008 2973.0 225.0 4.1981132690514835 
2797895.0 16863.703451179383 0.264408463876549 0.4300619593172785 2342.0 188.0 5.586206896551724 
2601180.0 17386.88128916516 0.3143583001776144 0.4486516157273792 2207.0 150.0 4.260869565217392 
4399060.0 8371.650222677888 0.44257331408398304 0.2315304625269417 4386.0 184.0 8.350877192982455 
2667565.0 19468.72128025383 0.32449731119943886 0.3883270984334814 2966.0 148.0 2.0883190883190883 
5095292.585989279 23027.034415673603 0.315439020380016 2.2975433415426695E-6 5325.0 331.0 7.903093878642606 
1907788.28400116 19787.32317810552 0.29234860883797054 0.4634381575870938 1923.0 151.0 3.2 
4344485.802331568 22026.190227838088 0.5002067255937493 0.08759060088847323 4244.0 253.0 4.6826324867661935 
2721595.145782221 21374.98303812003 0.35720249441042584 0.35428053357292943 2474.0 189.0 2.5085679314565485 
3858002.3031916097 24430.32356612048 0.5499780833504363 0.08271327487785377 3426.0 208.0 3.6484367971210077 
4215506.96761868 16319.544611860687 0.4127042927677551 0.16007149804892 4440.0 261.0 6.717175806649491 
4095606.2980503105 22417.832311673916 0.48415945756371287 0.14662730886135142 3549.0 245.0 5.6586265689484305 
8029217.718641214 10901.613575867093 0.4929011827436445 0.0 7310.0 277.0 9.102024763978145 
2223440.0 20006.538978603763 0.3579319616553659 0.39314940378770163 2289.0 165.0 3.4161064425770307 
4020951.87039979 21535.287441409015 0.32917583795825794 0.06023712242642055 4074.0 337.0 5.962554017782405 
1339875.0 19664.413724431884 0.295507618435602 0.5529588489481664 1196.0 142.0 3.2857142857142856 
6002324.425730091 13534.537123920461 0.534781811408609 0.07911503390226794 6013.0 183.0 8.584471914985903 
7106713.267513018 14317.840181327361 0.39072363806406357 0.0 6898.0 404.0 9.101492825849384 
5434865.125556097 20866.417522995103 0.27744395789415555 4.211909844510425E-6 5444.0 410.0 8.458736310301948 
6069882.950490637 18945.689424755998 0.4765898994622399 0.16229249473930324 5638.0 186.0 5.92258064516129 
5567866.911863989 19865.08853875655 0.44330137947159226 0.0 5888.0 284.0 7.215386356155365 
6564910.0 8849.066950298775 0.5098813719749775 0.08127806238030579 6726.0 180.0 7.386226760932181 
1445555.0 21327.850129221697 0.2564311826493801 0.5522593075308249 1232.0 145.0 2.9413793103448276 
2365288.3260677033 22057.896111517795 0.33151359995274626 0.3907259219291446 2480.0 221.0 2.975302092543472 
4152157.7713060454 18176.815318019613 0.4070341771823071 0.06248575221866459 4923.0 269.0 7.440575014088171 
3029530.0000000005 16569.164604744732 0.4125289599509206 0.3375042424720295 2810.0 177.0 8.157894736842106 
6310456.520965873 15560.18040309744 0.4903001820946981 6.187567748912697E-7 5949.0 282.0 7.28923492540261 
3664568.271573284 20341.861644368382 0.4544684034861088 0.22580211481245505 3500.0 196.0 8.122448979591837 
1753655.0 16400.468078559094 0.16144588172715535 0.5571694947948023 1393.0 154.0 5.232665639445301 
3290707.190429271 22120.222798745504 0.5375294912387087 0.16954102313684305 3257.0 219.0 5.004771908763505 
722020.0 21261.741066358903 0.12009068108097982 0.6940944613374388 680.0 126.0 0.0 
893110.0 19564.63082411376 0.11570670835649052 0.6619454921359035 836.0 137.0 1.065217391304348 
6468280.0 13026.416697192337 0.4684386580766443 0.10533149451956894 6645.0 173.0 6.813131313131313 
2873985.0 18291.874251495985 0.3963362830716494 0.31052723872234483 3232.0 143.0 3.1363636363636362 
2544385.383547412 19605.04830535699 0.43602696237259075 0.27048777310646216 2672.0 230.0 5.765334225713291 
7044580.514764955 14184.17788295466 0.420127393768024 2.0820007299606654E-12 6356.0 312.0 7.243651450686759 
2422910.0 19554.896549894587 0.3541033434650456 0.36669978957213 2559.0 150.0 3.1224489795918364 
3207882.2476510257 21095.388828223447 0.44336196279816975 0.1998780522988123 3502.0 259.0 7.688972729976402 
6212898.970749221 17741.66557246665 0.41209028496760824 0.0 5847.0 304.0 6.3845057711152275 
7158000.975175226 11059.03192807365 0.5021072845232094 0.026274257657236382 6662.0 219.0 7.458335851108828 
3147136.9531185627 21929.549581685602 0.4727612812719196 0.2179682020107552 3686.0 205.0 5.286131876557408 
5795545.0 14536.482552081086 0.5605304884903011 0.10135668316804015 5867.0 162.0 6.202493261455525 
1026760.0 21576.72601126934 0.16737881330162702 0.6224609683184911 884.0 132.0 2.0 
3804999.9999999995 18358.128953166884 0.4734042553191489 0.18406593406593408 4230.0 201.0 7.591046811089229 
814850.0 21589.561943566474 0.17056347907411737 0.6700958615852233 668.0 128.0 1.8666666666666667 
3734457.3156225053 21656.036282061876 0.5134462246757343 0.16068505962122984 3358.0 221.0 6.182467532467532 
665915.0 20508.09727730997 0.11231653213110503 0.7205735361988435 630.0 136.0 0.0 
1089255.0 19697.147179837768 0.25049959264299004 0.5870661032220212 1067.0 138.0 1.1578947368421053 
1220245.0 18571.2058938526 0.2396845901644422 0.5784462148989785 1179.0 133.0 2.2368421052631575 
2470732.8624719353 21257.85969803892 0.346679915828852 0.39072363806406357 2524.0 213.0 2.903052503052503 
6837775.0 10269.476573823615 0.513183973791388 0.05576338555061959 7076.0 178.0 6.349354920313686 
3547726.578971393 24546.272571497935 0.49418680367483714 0.1197107768884566 3193.0 285.0 6.365416193931244 
6771100.0 11306.625902497191 0.49824923780097286 0.12038263348585579 6023.0 181.0 6.548794489092996 
8544945.45793419 8754.91745825642 0.5343437826964034 0.0 8154.0 233.0 8.723050072219547 
3611244.4469663454 18214.382892112062 0.20274373565253068 0.31368365676876314 3494.0 270.0 5.77415008291874 
6375796.717861774 17032.889773806764 0.34726632506698685 0.0 6208.0 421.0 6.478083286233629 
8329303.668274905 11022.91086692705 0.4722957848443499 0.0 7902.0 239.0 8.975909924063892 
7583504.895571428 11491.98747062958 0.5142362306744371 0.0 7139.0 242.0 8.157089552238805 
7643464.408233991 11282.261616085514 0.514674411585882 0.002572064800992788 7302.0 238.0 8.271115013169446 
6907497.773334244 17650.895822499435 0.3666145786470035 7.113484577535783E-23 6627.0 377.0 6.969591523951304 
958750.7493151727 20488.339825594976 0.1036656283966706 0.6347946103681413 897.0 161.0 1.065217391304348 
585775.0 21472.761826644033 0.09428389758329563 0.7154881493721482 603.0 137.0 2.0 
7763923.317961772 15218.872736812513 0.5061112117796929 0.0 7257.0 325.0 7.611003584229391 
7821125.0 10090.067751271414 0.5051174791566092 0.05091202271541879 7515.0 210.0 7.876788005672992 
8147838.423318924 13002.939369918578 0.5160470124646955 0.0 7612.0 276.0 6.983814489618894 
6977248.204179217 14496.01660591253 0.39452583354565374 3.561886848816706E-7 6457.0 333.0 7.901998277329471 
7900159.854984895 10285.09914223686 0.47960299043147997 0.060936760209556205 7214.0 239.0 7.947989764257397 
7700533.897306192 10765.601330887443 0.5343437826964034 0.0 7215.0 237.0 8.190792007703418 
7373198.270435708 17054.34839168836 0.5016103671411238 4.903049153516238E-13 6899.0 225.0 4.188743715961458 
7441157.20615839 17381.813980370418 0.39829543494381736 0.0 6954.0 313.0 6.91931137324132 
7509165.655907764 13051.1215208128 0.4245090016366612 0.0 6954.0 290.0 9.964344941956883 
501315.0 22766.967025391947 0.08595444209984861 0.7422009714810117 507.0 127.0 2.0 
