3632749.3783849594 24240.634694390556 0.5179768403633943 0.12742701076050195 3155.0 262.0 6.718563334736777 
3776246.8726918832 18568.129954379154 0.4299182509334736 0.23918689120961667 3747.0 167.0 1.7017343243758338 
5668896.808833495 20332.1048804682 0.2443037381200334 2.847960110031482E-7 5496.0 420.0 9.05114190955437 
3671884.002062745 23863.482409399687 0.45373811725685576 0.062399169644310255 3773.0 288.0 7.104400020054036 
5399826.476776564 13244.281704846104 0.44499909398581944 0.08829254321103115 4963.0 204.0 7.819446313994705 
4677340.798290802 23524.998873139844 0.3514159005129852 0.015373014805500042 4999.0 352.0 8.768232564441341 
6315208.351971472 16767.619188310247 0.41632827327868904 0.07820951513713455 5763.0 271.0 5.445375522093615 
4974594.686438185 20698.16449771031 0.15121826599217314 7.487634789802992E-7 4904.0 516.0 9.026153046237631 
4810832.140313838 20533.679898676884 0.3746509046902326 1.6046839956338641E-12 5040.0 290.0 6.958252688172044 
1557341.2440945685 21514.646067808233 0.29001052139350014 0.4764437689969605 1511.0 160.0 1.22667203486169 
6143893.192831967 19094.139388746033 0.36506595462693076 2.847960110031482E-7 6287.0 332.0 7.289447335485146 
4492720.905549955 21378.76423250497 0.4719749179582571 7.57135851996221E-7 4770.0 333.0 7.27775605992314 
4717016.0810940545 23084.780226270144 0.3402242502676883 8.989227359132691E-7 4970.0 383.0 5.617884415325605 
5013589.349488937 23450.668340277563 0.48088812398973696 2.241511623204515E-6 5333.0 261.0 5.896058006535948 
4126283.988704893 24044.949502380296 0.39186446771079975 1.7031712816588376E-17 4213.0 338.0 7.13193751642794 
3585284.23538113 21908.488778785275 0.41641337386018235 0.24886018237082067 3408.0 240.0 7.042293316439658 
3329719.694929765 17755.51386326012 0.317602604408439 0.31555433907056163 3239.0 172.0 2.140845070422535 
5468343.373836217 20298.9021680932 0.31248803744145576 7.161357156065337E-7 5888.0 341.0 6.57592868851407 
5275051.358865932 19168.972810592826 0.20347291811954357 0.0 5576.0 504.0 8.91706057422969 
3531707.998827458 20746.534360522335 0.4675005845218611 0.23047696983867197 3581.0 158.0 4.0 
5208333.22730518 18179.487674242464 0.21349756696618294 2.579640969404035E-33 5421.0 430.0 7.34722890734941 
1813534.6870395837 18513.212585286386 0.21411160925654238 0.524377626710467 1576.0 167.0 4.2481203007518795 
4595178.265087149 27881.72084706453 0.10518470890811317 0.0 5026.0 720.0 10.074586210645013 
1425049.9999999998 20795.118695329184 0.21326404761039602 0.5600336686454482 1264.0 141.0 3.0 
1694975.0 20890.81855298921 0.2508794368662872 0.5261869900627683 1533.0 158.0 3.0 
3393896.464455409 17352.36748538862 0.4651359250589456 0.2514909414305494 3651.0 188.0 4.712868217054263 
2322995.0 14665.286473547505 0.2111013040859403 0.4833731784565879 2063.0 163.0 4.616071428571429 
1068620.0 22418.71282283609 0.224751180523663 0.5811916774785921 958.0 129.0 2.0 
5135900.999047191 21061.50852685914 0.23225976151508065 0.015372924947393032 5633.0 451.0 9.202295435183071 
5364900.604397145 21002.353459495742 0.33613025342865666 2.579640969404035E-33 5498.0 383.0 7.3017553314172154 
4751376.700212596 22269.993196894826 0.1731646013560907 0.0 5193.0 496.0 7.945529484746753 
1761578.017865443 24615.48276087385 0.37134673836801496 0.4461070844049567 1551.0 180.0 3.6908212560386473 
4343948.808886043 27974.146318177074 0.07873692501051838 1.4000013893615666E-12 4847.0 684.0 9.57522533598405 
4921918.119305405 16982.34873034437 0.46498714051905543 0.11582300678045358 4227.0 224.0 6.61129070881226 
2091260.0 18853.58206287774 0.34975162314920943 0.41287724312485036 1937.0 150.0 5.435992578849722 
2923220.0 19435.907099593507 0.3550996493420092 0.41246932319811735 2405.0 144.0 1.1454545454545455 
2239860.0 21147.67446810678 0.2968494271685761 0.45855740004676177 2137.0 158.0 4.402576489533011 
3179567.0866232226 23530.690339806213 0.45590060537167526 0.22705864239829932 3054.0 202.0 3.1224510551741673 
1522824.8320846402 23471.18158298011 0.2988075754033201 0.48506546644844517 1449.0 159.0 1.9204545454545454 
2850615.0 16950.76082771648 0.32274564972509373 0.4058921706923453 2692.0 139.0 2.1594202898550723 
1469512.4915661884 18245.30849185151 0.19973399079082185 0.5744683517765447 1304.0 158.0 4.285714285714286 
797500.0 21666.590425884337 0.22042463002716434 0.6436497159829065 678.0 129.0 1.3571428571428572 
3846275.0 16933.551052970135 0.4963201663495699 0.22735018856639225 3715.0 176.0 4.851851851851851 
2006700.6823626123 18020.54856573411 0.26274499558256564 0.47431150257251925 1800.0 157.0 2.2608262817322053 
2978547.4255443243 21865.392459036648 0.4198648326337749 0.321868088271575 2658.0 185.0 2.4909983633387887 
4543747.033327362 17054.660623618398 0.4689642986167356 0.1295308015595135 4683.0 221.0 6.055011083378424 
2545100.0 16686.22840986371 0.340252164204841 0.3834778084978284 2426.0 153.0 4.606991525423728 
2278650.0 20684.58384172971 0.4133768277318608 0.37538016573415595 2193.0 147.0 1.692063492063492 
2424535.0 17533.111168282234 0.24254734627075053 0.49815875613747956 2221.0 160.0 4.09375 
722945.0 23013.272557978235 0.21688810432616043 0.6549605737696261 608.0 132.0 1.5 
1350370.0 19166.147047507988 0.2413783025485153 0.5624561608604162 1314.0 142.0 3.25 
4180848.0433907514 25648.29498550713 0.45475986610138647 0.0 3942.0 308.0 4.427764471684167 
1945355.0 19645.982250533743 0.31453121346738366 0.46995557633855506 1698.0 145.0 3.1538461538461537 
4391171.690484067 21236.524935393987 0.17313596362463307 2.913785428661939E-12 4561.0 417.0 9.037709258376227 
4232462.574426787 14977.130390474971 0.4138442653369423 0.21186010658343518 3806.0 177.0 5.471417184760083 
1244635.0 21057.53708425405 0.21867188103542723 0.5708169301924958 1153.0 140.0 2.173780487804878 
1888485.0 19464.282196480202 0.2685605866413496 0.5106689335121871 1871.0 142.0 1.0810810810810811 
5067409.829746364 16517.377880765354 0.4273463931841301 0.1856156657613747 4660.0 165.0 2.1129032258064515 
4439188.768039026 23373.415130787354 0.21688988832666792 1.1526095969606284E-6 4705.0 395.0 6.344399219070091 
847895.0 18264.299056981134 0.11941899104824538 0.6390307407350008 808.0 128.0 1.0588235294117647 
2659309.5722306883 23101.301695878894 0.5171003028717038 0.24994274859836388 2494.0 189.0 3.7285987958401754 
2587320.0 19989.957262387128 0.3748260131867486 0.34033794026096126 2727.0 130.0 0.0 
6673582.949979621 16642.50262935583 0.45601767341811444 0.08770766328205576 6073.0 193.0 2.379032258064516 
1123203.1776311696 22013.193719556155 0.22895858633350138 0.5909256179242963 1085.0 144.0 2.0 
3075899.256755077 20112.311482739016 0.3078092120645312 0.3496902034136077 3114.0 184.0 6.48008547008547 
4275533.088659953 24470.00326893134 0.10065690222464893 4.984904111354845E-7 4680.0 547.0 9.544674740133965 
1025325.0 22799.369433202482 0.2630958602117267 0.5880014260037417 1008.0 143.0 0.0 
1293810.0 20824.160443265057 0.22054009819967266 0.5760170680383446 1203.0 126.0 1.1764705882352942 
2152130.4205483794 21106.222218009094 0.3854075408868737 0.3604173321747127 2071.0 151.0 2.1704545454545454 
3217486.0244843806 22331.239951223328 0.3451626020796878 0.2411452649640675 3504.0 224.0 4.472313174114022 
1641935.0 19697.700092191295 0.25660697791099607 0.5310693915322824 1572.0 143.0 1.3355263157894737 
6055785.706581897 13595.848020780526 0.4161527995437279 0.1280987146274023 5476.0 188.0 4.209677419354839 
3130113.559595334 20516.142500493126 0.5220949263502455 0.1971884498480243 3010.0 163.0 3.567027372871926 
3971004.147523282 19258.288622427874 0.5647357961187749 0.15378770166004208 4005.0 171.0 5.235294117647059 
5521625.583418554 15756.121145742698 0.41436969865844964 0.09334814122048164 5527.0 219.0 6.558707264957265 
2478930.0 13242.897573060558 0.31608204397288636 0.39090127951247744 2637.0 156.0 5.3076923076923075 
3728279.9366285293 27813.3460205546 0.5213935001169043 0.04097498246434417 3429.0 321.0 8.288472474180152 
970950.0 22075.47721237374 0.22019067215303426 0.6353205244238139 857.0 131.0 0.0 
3921841.7662989097 23331.713122372686 0.4179637929918592 0.13193005266749858 4244.0 256.0 5.086564940562135 
1592289.1832259218 22894.79170067431 0.32829813949641845 0.46405537415452214 1393.0 178.0 2.7603404646882908 
4048465.101085081 17480.787209103008 0.44800943094157264 0.25181273390518016 3583.0 152.0 2.240418118466899 
2369118.271606018 25103.319121393382 0.431963988265505 0.2721830375444153 2184.0 217.0 3.048520923520923 
1178120.0 22589.871231873403 0.23383933738532953 0.590312078041815 1018.0 136.0 0.0 
5753285.173999246 17535.20966982864 0.368046487558517 2.9920987889763254E-23 5471.0 306.0 8.680213675213675 
5704910.799474834 20359.457600531598 0.483517575309567 0.0487229015624186 5800.0 227.0 5.743163054695563 
3466972.9472224507 23510.114740589048 0.4755669862052841 0.19254150105213935 3301.0 205.0 3.1118033178183557 
6099671.315937257 14164.246454913358 0.48231821370119243 0.029869067103109655 5791.0 185.0 7.204325955734406 
2703013.524619545 20868.383447771674 0.4397650222118307 0.2839607201309329 2668.0 207.0 4.008691320079829 
5571443.82977825 20087.958826767852 0.31397869288726254 4.4132497704564235E-28 5672.0 366.0 7.362759894524165 
5878956.851293188 11077.182013480997 0.3819003104832359 0.14335398644456993 5605.0 214.0 8.112904644616467 
5946935.402440029 15117.201225849163 0.39309151108716517 5.1188826081806974E-18 5722.0 276.0 8.627596153846154 
3271032.972564032 22437.22863583678 0.4910595635592218 0.2130009066759932 3014.0 241.0 4.337193071208416 
914585.2441278081 22727.677097375545 0.2457050472758876 0.5934103556596175 808.0 155.0 1.5 
5628634.009574197 18835.011344794686 0.45405908441818604 0.07025993838863519 5897.0 224.0 6.506186381186382 
3024452.098439779 21356.262437876656 0.40200716583993606 0.27218279425393554 2991.0 189.0 2.949369478214906 
6717554.074898151 19474.298074902297 0.4137273484869819 4.4132497704564235E-28 6873.0 261.0 5.840243348284772 
5807830.052509079 19818.577860556004 0.37941314005143795 0.0 5906.0 369.0 6.053572490494274 
2775851.0458013983 23451.26887580221 0.5198152910918868 0.20543020808978255 2638.0 208.0 4.331894595918986 
6449638.275018881 12987.743768442633 0.49406999515648736 0.02387785759713601 6307.0 212.0 5.953591957937179 
6401707.254489627 15989.434168769058 0.4409925181201777 0.08384966097732055 5864.0 241.0 5.030628978314812 
6012306.05633634 17143.33791310209 0.4534454842499664 0.12251649822596578 5484.0 173.0 3.2046748576565776 
6933285.137681805 17079.73872587457 0.5035683710184948 0.02703429409804826 6398.0 203.0 2.379032258064516 
7018664.309589729 18622.524459138844 0.4535621957428154 0.03632819168889455 6587.0 228.0 2.354384370740572 
6612833.524664875 15675.352710041034 0.4769138440944638 0.027034294097124614 6423.0 213.0 3.59248455730954 
7251658.154341023 13131.965426957902 0.5051174719983341 9.370232034543207E-7 6742.0 216.0 8.107222826434649 
6527771.160805876 17312.29969882696 0.49114449380406827 0.045621931260229134 6021.0 213.0 6.629607431824993 
593575.0 22132.66766957916 0.16311177876901164 0.7008458080763741 544.0 126.0 0.0 
6201822.135908306 13498.167578121338 0.42094594098154753 0.1280984559839496 5418.0 176.0 4.209677419354839 
6872323.278706908 16935.858181077445 0.47477915286971156 7.550187707296849E-23 7027.0 215.0 4.670588850240444 
647820.0 21448.573800901766 0.11836567687631518 0.6954056581716156 555.0 116.0 0.0 
6810899.137814768 13731.639508241422 0.43158312314992675 0.08384973409559647 6176.0 200.0 4.783167907361456 
526960.0 23379.4656391332 0.16010147410105355 0.714903620165096 448.0 126.0 0.0 
