4877102.749780892 21203.697293706708 0.25689969804262613 1.1922428304710576E-6 4914.0 472.0 8.35797266147777 
5383420.120965828 21811.706146125147 0.25125672200140287 0.018266308159925183 5534.0 452.0 7.960167495240834 
5843194.232818202 14588.835361637395 0.37368622339646534 0.0 6635.0 272.0 9.364953526517223 
4969271.126462281 19944.653240780088 0.4172045806547285 0.08098550385784428 4992.0 270.0 5.690152701076952 
2332669.866406748 19029.665274626197 0.3454551568486595 0.43076456925180495 2065.0 146.0 3.022222222222222 
2543035.046978956 20616.85562370062 0.40329386765367764 0.3648882940388501 2331.0 159.0 2.752895752895753 
2675791.4559167325 21462.20505054922 0.43690414646825826 0.2876728760660906 2662.0 207.0 3.189118554884279 
2199813.4068844994 19127.5035980246 0.2915319823078761 0.4446776050735554 2242.0 153.0 3.1395348837209305 
5142530.491192713 16996.5395076141 0.4091672241517628 0.07432213999679753 5227.0 265.0 5.0227454253413955 
4758065.04254543 29076.561003146267 0.07686532020978415 2.4024170649757757E-17 5127.0 782.0 10.18692092221504 
4830673.965794521 24945.179791855346 0.348991187988475 0.04267235650580352 4370.0 371.0 7.726479980951337 
5422612.2055145195 19190.12011511251 0.40162636835788684 0.0 6319.0 398.0 8.803543223376465 
1075630.0 21718.51945725961 0.21104406105506443 0.6094830680447093 1029.0 147.0 0.0 
3026186.9060798017 19979.069428514784 0.36968326288275527 0.36845450007759917 3044.0 162.0 3.0 
1933030.0 18379.471804333803 0.3372716452789666 0.4442366144493804 1920.0 147.0 3.1219512195121952 
4325699.064667463 26961.033733896562 0.065671341679658 7.772880238108403E-17 4684.0 680.0 9.979613756820253 
6728632.365693106 12206.488290246643 0.3354299352133747 0.08200869950323947 6775.0 297.0 7.185456073980664 
4380317.148545302 26024.42035767712 0.1860845923399401 1.748474762841564E-6 4501.0 509.0 10.061826919191951 
5321036.41411402 19948.91772966754 0.2453539313352316 0.0 5330.0 507.0 9.691467757299769 
4668274.715037321 27398.86729820956 0.1266666277088766 0.0 5024.0 645.0 9.360615320150327 
3749068.980957081 23789.903757102715 0.5531642794527477 0.05438980411747319 3825.0 265.0 5.167317540949616 
4708822.093254909 20690.26967443763 0.5052314706570026 0.0 4592.0 310.0 8.01181870682737 
4266994.538115536 19888.689816893566 0.3324781444023792 0.26502221183072244 4109.0 181.0 2.192110655737705 
2786468.142157325 20270.0578045931 0.37745665881594004 0.26759528506033614 2833.0 177.0 4.1891891891891895 
3282915.882034042 22879.96980328699 0.5398959969005415 0.10649988311600343 3629.0 232.0 5.5723057397624665 
1388570.0 22373.279935147046 0.2694061257891045 0.5806932429272855 1240.0 136.0 0.0 
4436480.2039374225 28012.0118850752 0.08049067645999575 4.494047997782474E-8 4815.0 735.0 9.815213395025381 
4481873.824150971 20011.467568353197 0.3682202418838547 0.13484919335983167 4507.0 228.0 4.0092948717948715 
4602203.477708198 20576.481760381812 0.21922610738482565 0.08297287818564414 4812.0 459.0 6.492812332781848 
5030395.000000001 14085.085576231353 0.4126139817629179 0.19587327566050972 4833.0 189.0 4.3396634615384615 
3394646.2906353287 20604.46709915433 0.5605299515581451 0.14896539630582184 3578.0 171.0 2.6427061310782243 
6242449.945198453 17208.67119246541 0.3601260236499207 0.04831101420815888 6426.0 284.0 5.672011185535776 
3539049.061723966 14711.152400252153 0.35886921161929536 0.2744041288565811 3608.0 189.0 4.53027950310559 
2083642.1337224196 23778.243568444224 0.43035573246887737 0.3679890395441074 1913.0 211.0 4.980209895052474 
1979735.0 21226.90755212942 0.31479612047579825 0.47784894376612697 1962.0 139.0 0.0 
4927603.1703796275 23871.44550085775 0.1189814898723131 4.110055114760557E-12 5368.0 625.0 8.598540858651152 
2022921.604967611 21878.34481262056 0.41244106830313554 0.3867510128658456 2058.0 173.0 3.4645516013129423 
4551738.831634686 22881.519703948696 0.5067512274959084 0.022913256955810146 4237.0 289.0 5.597402092768417 
3675097.866055458 23107.817357293927 0.511283332687597 0.0666939645283795 3148.0 246.0 3.232917990212377 
6085460.044870381 17040.811396750418 0.34516257902299663 1.1449288086721346E-6 6610.0 302.0 5.44957264957265 
5499618.858618718 15491.565798902306 0.4203013105353296 0.003977713990464013 5884.0 265.0 8.913987146582771 
1181705.0 20788.895356395566 0.2815372213599185 0.5492167407061024 1091.0 119.0 0.0 
4008465.0 16822.72474598899 0.4504909983633388 0.22352115969137246 3996.0 158.0 6.697615096195218 
2930621.0980348205 21367.676346160457 0.5563509169873228 0.16667693093386995 3210.0 181.0 2.8924403769605007 
5231468.22215255 24633.762248728006 0.23909866729015666 0.0 5956.0 604.0 10.18677046178413 
2259795.0 19812.201796087236 0.3656794198462679 0.41331696035484916 2155.0 129.0 0.28322440087145967 
3962261.922693665 20228.539081987965 0.3625811201877684 0.27674187514613047 3688.0 170.0 2.1763068357562636 
3801216.9846700155 18871.61595179102 0.4898903042425368 0.16185440349687572 3957.0 184.0 4.400595238095239 
5942239.346449636 17859.541393635765 0.4330743256089491 3.336694962847659E-23 6088.0 310.0 6.109366803718784 
2737680.0 18985.533626212426 0.3871872808043021 0.3321253214870236 2664.0 161.0 5.3569078947368425 
3093058.6167702763 19162.407982719924 0.3555375002196753 0.3409243682726864 3114.0 171.0 2.0 
1682125.7494815565 20840.92988887769 0.28145027032584463 0.5207215579343027 1616.0 145.0 0.0 
3340728.8525761752 21167.96858731871 0.5546261152257473 0.14604278700023382 3679.0 209.0 6.736355532551185 
5647774.556336666 19165.57631789291 0.37964694879588495 0.15533668459200375 5170.0 401.0 7.528186125398669 
1871730.0 20005.095366150672 0.2205999484822631 0.5077474986782999 1708.0 176.0 5.7063492063492065 
5187370.0 16848.626092227092 0.41401925426196956 0.19587442058762877 4850.0 183.0 4.3396634615384615 
5076727.269782633 21314.838830058405 0.4071497446191021 3.4858657625228883E-6 5266.0 326.0 7.662384639781612 
1013025.0 21510.50892775188 0.18187501934437686 0.6113841265017222 937.0 136.0 2.0 
1323985.0 18057.269190335242 0.2295417348608838 0.5476385316810849 1235.0 140.0 5.320707070707071 
4198086.718653085 28061.677873474302 0.05313455589228903 1.3297843511355855E-11 4597.0 712.0 10.163844255868508 
1125890.0 21059.12216110301 0.22694201238371814 0.5966831951372592 1110.0 149.0 2.295138888888889 
3450989.0433120755 22222.615941934604 0.5400126311921851 0.1103285012859481 3594.0 203.0 3.9254711759487466 
1236717.621309777 23302.214982328147 0.25871077553546 0.5648852058924614 1184.0 199.0 4.980209895052474 
1805840.0 20937.453382666332 0.347500277649507 0.43149656006874015 1853.0 144.0 3.0 
3155518.148398321 20747.98242547354 0.5008204161458356 0.19751221186670692 3037.0 187.0 5.88014763014763 
5776974.360286686 19344.202110220664 0.4038482381907084 0.048311014209809496 5895.0 258.0 4.8555227719885385 
5704179.912692156 15903.380365190686 0.3532873553287246 7.031482290332361E-7 5797.0 281.0 9.413254147812973 
2848036.22320976 16399.594212962194 0.35205751695113396 0.29912906242693477 2759.0 220.0 7.0 
2139276.3029668983 21798.53850159924 0.4179653004285954 0.3632810888627429 2219.0 184.0 4.181905744754042 
3499785.0 17313.780962563425 0.40972281050850684 0.2754855276145612 3370.0 160.0 1.096774193548387 
5539115.853236549 19832.381853393752 0.23699687217376753 0.0 5750.0 487.0 9.018969776241825 
4064953.9955896796 21280.814789383014 0.5255749412225803 0.08934416647182605 3849.0 211.0 4.306690000307022 
3214662.8013098105 22548.9835688687 0.46823366866678373 0.20250759878419453 2961.0 208.0 4.411767925561029 
1637055.0 21304.032092076883 0.31368539243105825 0.48521457914371335 1427.0 152.0 1.115036231884058 
5579712.2282216335 15371.92221775278 0.4422514858909242 0.0624269347673603 5282.0 222.0 6.202125582167371 
3596133.8594562253 23406.092608502706 0.5706132983992879 0.08510679246519205 3843.0 249.0 5.264709776517058 
6020868.642069234 17226.29344695068 0.467093902802713 0.0 5832.0 278.0 5.7739314988290396 
1525825.0 21009.35438192975 0.30149982219342825 0.5314184762648351 1430.0 139.0 0.0 
3884575.127739445 15607.39665212584 0.40034113247813324 0.20396890343698854 4009.0 236.0 5.045743145743145 
1454920.0 22494.14361020821 0.22267360299275193 0.5856032265606733 1203.0 171.0 4.4779050736497545 
2452930.0 18951.704830382525 0.41501052139350014 0.3344341828384382 2405.0 131.0 5.454545454545455 
1589020.0 18936.205024892668 0.29693710544774377 0.5101999064765023 1481.0 141.0 1.1666666666666667 
4131075.7753216824 21211.96551162472 0.5148781911641281 0.08934416647182605 3970.0 216.0 5.299971255935949 
7450177.4217887055 11520.934975199265 0.35331630415150195 0.04831101420815888 7395.0 302.0 7.423334861859452 
7590545.682789206 11630.30514227105 0.38482207706546084 3.336694962847659E-23 7461.0 292.0 6.265940512023242 
2616115.0 21912.26215102017 0.367461777792298 0.36781038110923003 2487.0 156.0 2.0 
1734890.0 21110.866636621548 0.3561220254973381 0.46501908474004383 1637.0 140.0 2.0 
6516610.946061449 17509.869296103312 0.433249813196887 0.05135024549918167 6502.0 234.0 5.115063645667708 
7377211.34099389 9711.991236845926 0.3609443590388066 5.708417742439775E-18 7429.0 313.0 7.531275175947307 
6302197.839026228 14296.941430004515 0.46411256746389656 9.416411239426698E-24 6348.0 246.0 4.948153427839815 
6185253.697681458 15055.001285827826 0.43579282086053805 0.0 6408.0 307.0 7.342093145855305 
844195.0 21592.16562638544 0.15223871872808042 0.6632277297170914 762.0 140.0 1.1363636363636362 
6401156.830343559 16123.130907420578 0.34708908113163434 0.04722936637830255 6509.0 295.0 5.927128030699459 
6655671.27355159 14796.411362541256 0.32870788358562686 0.03171065212055119 6446.0 329.0 5.801983361650671 
7021854.978976152 15302.870834868707 0.43579282084564863 0.0 7045.0 337.0 8.14588355834137 
897115.0 20487.563367927607 0.20610361295213006 0.6603382063234728 814.0 153.0 1.2941176470588236 
6882267.71698962 13337.054237233024 0.35965841094637796 9.765961073765966E-13 6934.0 339.0 7.236998923966137 
954625.0 21128.73202303695 0.17509445949672586 0.654551335862822 870.0 133.0 0.0 
6447964.762306378 16858.174112694713 0.34472382904467896 0.05836478389856429 6355.0 276.0 5.419312169312169 
6575068.259019419 11811.424087152227 0.3609443590408367 9.765961073765966E-13 6847.0 328.0 7.496210240882373 
7161779.773857173 10730.392038084148 0.3803212141351353 0.080021325173789 6943.0 272.0 7.6674967889253605 
732840.0 23036.317432990872 0.19014611932697412 0.6902073528435807 584.0 131.0 0.0 
792125.0 22949.264312181265 0.1980944587327566 0.6739244797755436 642.0 133.0 0.0 
7274399.756170784 12091.130013057393 0.35562517901104806 5.708417742439775E-18 7374.0 349.0 8.471437542938943 
669695.0 21811.047096149967 0.14353018196437958 0.6976309190469774 588.0 132.0 0.0 
6954124.568406652 13836.664947775727 0.3731003039513678 0.0 7009.0 361.0 8.006994815032215 
588345.0 22721.51029818869 0.14414309095160158 0.7307692307692307 487.0 133.0 0.0 
6807546.0673153205 19360.685052985325 0.48901362309795554 0.004150129472207236 5969.0 265.0 4.722490814507621 
7097661.4339896515 15295.154116763168 0.360126028435272 0.048310731822346714 7044.0 259.0 6.1308023943269845 
7327411.23679131 11234.132984085678 0.3609447063437522 1.6707606204998815E-7 7362.0 315.0 7.245560890233022 
7226475.999142836 11136.059266489896 0.37804172341398157 1.6109596348411195E-18 7303.0 298.0 7.099338414021236 
502080.0 23925.802620186012 0.13213193904726478 0.7369986965057725 429.0 135.0 0.0 
