3573496.3741177623 32458.637767963777 0.03308408818559162 2.7543524865313654E-138 3789.0 679.0 8.845288630959633 
934820.0 21735.667651072203 0.09203350498892325 0.6556912303672572 813.0 142.0 0.4468965517241379 
1351849.7158315163 24303.9021453657 0.34121663091320387 0.4692568930143384 1192.0 157.0 0.0 
4467803.290036999 15272.835498647682 0.24035679064205456 8.69976570887192E-17 4644.0 295.0 7.35565229408513 
5101126.727063186 16946.33729381009 0.5168957031546829 0.048252561682029946 5578.0 189.0 0.4882154882154882 
3661297.895634778 25425.75659580781 0.08159968846347031 0.0 3975.0 556.0 8.0397007549352 
3786608.167117973 21325.238322087167 0.22717653043870698 0.014848089205658615 4533.0 420.0 7.384260515400059 
1695876.6375304356 15614.502920820849 0.14572208085795008 0.4794276328486586 1790.0 194.0 7.225515304936204 
1255580.971583535 18078.97147684158 0.13914624237927964 0.5776571057817472 1226.0 154.0 1.4429347826086956 
2402417.310698877 19007.075081927647 0.3672864583028893 0.2764804563973369 2279.0 216.0 6.269774842786481 
2759800.6482286486 18650.050718745577 0.3608274539832475 0.21110130407589478 3430.0 202.0 2.3972457627118646 
1724945.9209701023 18086.43865613352 0.3103829225094839 0.42243641826290773 1658.0 142.0 2.2051282051282053 
2543308.7153337304 24630.27506727862 0.20034603896445505 0.27764950695292817 2611.0 377.0 4.94008985593009 
3650478.4567497233 32692.281518995933 0.0919458261972539 1.4832261831498823E-54 3599.0 564.0 6.65750651455855 
1670400.9709137152 25989.3773664511 0.12163981520128792 0.4743714919283927 1477.0 247.0 1.2723722098335102 
2249396.7004812015 26239.30740659052 0.4058943277887077 0.24354245699355268 2131.0 234.0 1.6027888106944308 
3046140.1563765807 20176.88880540421 0.18111515732497852 0.23889548103507732 2911.0 267.0 5.8808806389688755 
3686292.614789777 19326.580289589718 0.20832480900636546 0.12096750623980736 4019.0 295.0 2.088197412960221 
2901181.5438216142 19496.263944232236 0.19265973946606 0.3579632801220489 2812.0 235.0 2.423662258124126 
3168986.730549586 18565.1627966075 0.3761712413295457 0.17611749387491787 2852.0 188.0 2.080403193172203 
2899338.7683794885 23432.280708798673 0.20578212404795443 0.2502644976882025 2671.0 297.0 2.2230795507900387 
3575375.8528585234 34578.791087317164 0.029927670136037858 4.036600093825241E-112 3650.0 704.0 9.196959591287532 
934820.0 21735.667651072203 0.09203350498892325 0.6556912303672572 813.0 142.0 0.4468965517241379 
1351849.7158315163 24303.9021453657 0.34121663091320387 0.4692568930143384 1192.0 157.0 0.0 
4343910.152922489 16841.294145623146 0.1994402639513131 5.085203243436942E-22 4720.0 352.0 7.427349364289663 
5101126.7270631725 16946.33729381016 0.5168957031546829 0.048252561682029946 5578.0 189.0 0.4882154882154882 
3654092.612168331 25639.939236948667 0.0796123141356405 0.0 3967.0 561.0 8.065210959016834 
3842987.4957309 22116.502515231718 0.22717574921984124 0.014846942062714552 4584.0 425.0 7.466227728514813 
1728413.379267821 15353.677543937381 0.13359317809846055 0.479427748502534 1869.0 199.0 7.165046673039001 
1255580.971583535 18078.97147684158 0.13914624237927964 0.5776571057817472 1226.0 154.0 1.4429347826086956 
2402417.310698877 19007.075081927647 0.3672864583028893 0.2764804563973369 2279.0 216.0 6.269774842786481 
2759800.6482286486 18650.050718745577 0.3608274539832475 0.21110130407589478 3430.0 202.0 2.3972457627118646 
1724945.92097044 18086.438656144896 0.3103829225091754 0.42243641826335815 1658.0 142.0 2.2051282051282053 
2543308.7153337304 24630.27506727862 0.20034603896445505 0.27764950695292817 2611.0 377.0 4.94008985593009 
3650478.4567497233 32692.281518995933 0.0919458261972539 1.4832261831498823E-54 3599.0 564.0 6.65750651455855 
1670407.9510513355 25989.32373000869 0.12163971030988545 0.4743714891950662 1477.0 247.0 1.2723722098335102 
2249404.5073525463 26238.874347457182 0.40589435290114445 0.24354245699355268 2131.0 234.0 1.6027888106944308 
3046140.1563765807 20176.88880540421 0.18111515732497852 0.23889548103507732 2911.0 267.0 5.8808806389688755 
3686292.614789777 19326.580289589718 0.20832480900636546 0.12096750623980736 4019.0 295.0 2.088197412960221 
2825046.4778806022 21874.93840122556 0.19303947077238404 0.3579632801220489 2770.0 227.0 1.5098983798293548 
3286854.8457778012 18636.4633466419 0.3943790984991894 0.15492854873447437 2950.0 193.0 2.080403193172203 
2899338.7683794885 23432.280708798673 0.20578212404795443 0.2502644976882025 2671.0 297.0 2.2230795507900387 
3597379.709032953 34362.14464022921 0.03308411227303096 2.359480999430232E-117 3677.0 702.0 9.17384131171764 
934820.0 21735.667651072203 0.09203350498892325 0.6556912303672572 813.0 142.0 0.4468965517241379 
1351849.7158315163 24303.9021453657 0.34121663091320387 0.4692568930143384 1192.0 157.0 0.0 
4311869.625477567 15759.073030702762 0.20350247546360084 5.596624899793499E-22 5073.0 354.0 8.189236408510446 
5101126.7270631725 16946.33729381016 0.5168957031546829 0.048252561682029946 5578.0 189.0 0.4882154882154882 
3653977.077172939 25641.158405584567 0.07961234283559818 0.0 3967.0 561.0 8.065210959016834 
1703508.3790611685 15217.093370102368 0.14189346266762976 0.4794276328486586 1853.0 192.0 6.790715122236861 
1255580.971583535 18078.97147684158 0.13914624237927964 0.5776571057817472 1226.0 154.0 1.4429347826086956 
2402417.310698877 19007.075081927647 0.3672864583028893 0.2764804563973369 2279.0 216.0 6.269774842786481 
2759800.6482286486 18650.050718745577 0.3608274539832475 0.21110130407589478 3430.0 202.0 2.3972457627118646 
1724945.92097044 18086.438656144896 0.3103829225091754 0.42243641826335815 1658.0 142.0 2.2051282051282053 
2543266.4724235996 24629.325372185212 0.20034603896652303 0.27764950694848156 2612.0 377.0 4.94008985593009 
3650478.4567497233 32692.281518995933 0.0919458261972539 1.4832261831498823E-54 3599.0 564.0 6.65750651455855 
1670407.9510513355 25989.32373000869 0.12163971030988545 0.4743714891950662 1477.0 247.0 1.2723722098335102 
2249404.5073525463 26238.874347457182 0.40589435290114445 0.24354245699355268 2131.0 234.0 1.6027888106944308 
3046140.1563765807 20176.88880540421 0.18111515732497852 0.23889548103507732 2911.0 267.0 5.8808806389688755 
3686292.614789777 19326.580289589718 0.20832480900636546 0.12096750623980736 4019.0 295.0 2.088197412960221 
2825046.4778806022 21874.93840122556 0.19303947077238404 0.3579632801220489 2770.0 227.0 1.5098983798293548 
3369994.2141507203 18055.451287785345 0.3759665917110704 0.18085202886540483 3004.0 177.0 2.41999043519847 
2899338.7683794885 23432.280708798673 0.20578212404795443 0.2502644976882025 2671.0 297.0 2.2230795507900387 
3571748.914838339 35211.91220385927 0.025806791014818222 1.3791682250585877E-122 3663.0 722.0 9.218975951666852 
934820.0 21735.667651072203 0.09203350498892325 0.6556912303672572 813.0 142.0 0.4468965517241379 
1351849.7158315163 24303.9021453657 0.34121663091320387 0.4692568930143384 1192.0 157.0 0.0 
4298508.815306127 15726.412019213536 0.20350247546360084 5.596624899793499E-22 5073.0 359.0 7.855903075177112 
5101126.7270631725 16946.33729381016 0.5168957031546829 0.048252561682029946 5578.0 189.0 0.4882154882154882 
3653977.077172939 25641.158405584567 0.07961234283559818 0.0 3967.0 561.0 8.065210959016834 
1647148.3792678278 15778.119178914681 0.12368553255251713 0.49921381350136496 1759.0 188.0 5.871696504688831 
1255580.971583535 18078.97147684158 0.13914624237927964 0.5776571057817472 1226.0 154.0 1.4429347826086956 
2402417.310698877 19007.075081927647 0.3672864583028893 0.2764804563973369 2279.0 216.0 6.269774842786481 
2759800.6482286486 18650.050718745577 0.3608274539832475 0.21110130407589478 3430.0 202.0 2.3972457627118646 
1678950.1658793925 18191.507948892868 0.3013520597552169 0.4356173862311098 1604.0 137.0 2.2051282051282053 
2543266.4724235996 24629.325372185212 0.20034603896652303 0.27764950694848156 2612.0 377.0 4.94008985593009 
3650478.4567497233 32692.281518995933 0.0919458261972539 1.4832261831498823E-54 3599.0 564.0 6.65750651455855 
1670407.9510513355 25989.32373000869 0.12163971030988545 0.4743714891950662 1477.0 247.0 1.2723722098335102 
2249404.5073525463 26238.874347457182 0.40589435290114445 0.24354245699355268 2131.0 234.0 1.6027888106944308 
3046140.1563765807 20176.88880540421 0.18111515732497852 0.23889548103507732 2911.0 267.0 5.8808806389688755 
3686292.614789777 19326.580289589718 0.20832480900636546 0.12096750623980736 4019.0 295.0 2.088197412960221 
2825046.4778806022 21874.93840122556 0.19303947077238404 0.3579632801220489 2770.0 227.0 1.5098983798293548 
3369994.2137357616 18055.451229317525 0.37596665867815454 0.18085212094997047 3004.0 177.0 2.41999043519847 
2899338.7683794885 23432.280708798673 0.20578212404795443 0.2502644976882025 2671.0 297.0 2.2230795507900387 
3571748.914838339 35211.91220385927 0.025806791014818222 1.3791682250585877E-122 3663.0 722.0 9.218975951666852 
934820.0 21735.667651072203 0.09203350498892325 0.6556912303672572 813.0 142.0 0.4468965517241379 
1351849.7158315163 24303.9021453657 0.34121663091320387 0.4692568930143384 1192.0 157.0 0.0 
4331478.640429159 16178.042129362548 0.1739548953850565 3.2713496024044304E-27 5109.0 390.0 7.48391090569869 
5101126.7270631725 16946.33729381016 0.5168957031546829 0.048252561682029946 5578.0 189.0 0.4882154882154882 
3653977.077172939 25641.158405584567 0.07961234283559818 0.0 3967.0 561.0 8.065210959016834 
1767351.776591647 17061.06215215496 0.12599441013287674 0.45134147307583294 1752.0 218.0 6.0202645651562054 
1255580.9711471302 18078.971506223912 0.1391462423792517 0.5776571057815395 1226.0 154.0 1.4429347826086956 
2402417.3101897594 19007.075086803106 0.3672864583028893 0.2764804563973369 2279.0 216.0 6.269774842786481 
2759800.6482079015 18650.050718999177 0.3608274539832475 0.21110130407589478 3430.0 202.0 2.3972457627118646 
1678950.1658793925 18191.507948892868 0.3013520597552169 0.4356173862311098 1604.0 137.0 2.2051282051282053 
2535240.8094873033 24920.474666113016 0.19514379440050836 0.27764950695292817 2647.0 397.0 5.218096796876564 
3650483.145996547 32692.207719284073 0.0919458261972539 8.669781290331321E-60 3599.0 564.0 6.65750651455855 
1670407.9510513355 25989.32373000869 0.12163971030988545 0.4743714891950662 1477.0 247.0 1.2723722098335102 
2249404.5073525463 26238.874347457182 0.40589435290114445 0.24354245699355268 2131.0 234.0 1.6027888106944308 
3046140.1563765807 20176.88880540421 0.18111515732497852 0.23889548103507732 2911.0 267.0 5.8808806389688755 
3692865.33646544 19681.097223709938 0.17699425411651926 0.12096750623980736 4099.0 324.0 2.2347893830816035 
2825047.3791016056 21874.936944805464 0.19303947299200955 0.3579632801220489 2771.0 227.0 1.5098983798293548 
3369994.213747338 18055.45123094859 0.3759666586777631 0.18085212094943223 3004.0 177.0 2.41999043519847 
2899339.20129667 23432.273336762708 0.20578212404795443 0.2502644976882025 2671.0 297.0 2.2230795507900387 
1678950.1658793925 18191.507948892868 0.3013520597552169 0.4356173862311098 1604.0 137.0 2.2051282051282053 
2879286.4672759785 20747.307360088562 0.1827810446291637 0.285364968993927 2675.0 251.0 5.862121212121213 
2899339.20129667 23432.273336762708 0.20578212404795443 0.2502644976882025 2671.0 297.0 2.2230795507900387 
3606907.949014345 34585.99415158933 0.02896325160224616 1.3791682250585877E-122 3734.0 726.0 9.233547066036355 
3369994.213747338 18055.45123094859 0.3759666586777631 0.18085212094943223 3004.0 177.0 2.41999043519847 
934820.0 21735.667651072203 0.09203350498892325 0.6556912303672572 813.0 142.0 0.4468965517241379 
1745432.753262543 18073.346438909233 0.1530870563080319 0.4835192858764818 1581.0 190.0 4.434071850581285 
2759800.6482079015 18650.050718999177 0.3608274539832475 0.21110130407589478 3430.0 202.0 2.3972457627118646 
4063886.3236709344 20135.55305411484 0.3105002102329827 1.0571201832474309E-6 4728.0 319.0 7.867592664416876 
3650483.145996547 32692.207719284073 0.0919458261972539 8.669781290331321E-60 3599.0 564.0 6.65750651455855 
