4201488.761455362 17520.262414624787 0.4327531226753315 0.08522378549969226 4666.0 199.0 1.541058941058941 
3723308.959973796 16472.831889807363 0.19397471342985512 0.24097054576301874 3646.0 285.0 7.88939322383726 
3531509.0978360334 17406.70320597408 0.4408171615618424 0.14922843114332476 3253.0 168.0 3.4845581696175922 
4552279.409616889 25890.85089619711 0.08840893149403788 0.0 5088.0 699.0 8.41264401835871 
5385644.905161732 12145.874029570186 0.2454115033902268 0.0 5699.0 330.0 9.88331193045979 
2363463.3529586387 18785.838773983545 0.20747701501372484 0.41793313069908816 2540.0 206.0 3.2832277265745007 
2477955.523564711 26862.517834182898 0.5056724127746568 0.21422909907526452 2195.0 206.0 2.084833320760094 
2405495.2530869218 30166.515696389746 0.21378887070376432 0.25754033200841714 2469.0 417.0 8.189841315215194 
3000361.197197838 18902.904362796307 0.37991296637587535 0.21986939011396278 3830.0 216.0 2.6741176470588233 
2345972.281453637 17395.23824775789 0.45648234743979427 0.3372106616787468 2303.0 200.0 6.769169226830517 
927675.4882591696 23977.313450650498 0.20849894786064999 0.6243570259527707 789.0 182.0 5.35633788254756 
1926669.9999999998 16652.93054855493 0.1522971709141922 0.47711596913724574 1846.0 204.0 7.203065134099617 
693820.0 18766.28614904822 0.07981646013560907 0.7079728781856441 594.0 137.0 4.42483660130719 
3895245.9732637466 33445.963436183876 0.032295223350764124 0.0 4092.0 760.0 10.55210472447392 
4491287.19142294 19422.729673594273 0.24897844606839944 0.20823713021469611 5224.0 301.0 2.410232857569049 
1272200.0 17533.162657246026 0.09980710778583118 0.61620294599018 1136.0 147.0 2.1020408163265305 
629745.0 22392.167404869473 0.09951484685527238 0.7203062894552257 524.0 127.0 0.0 
3938378.18418483 27388.32832274456 0.37558747762691597 0.020956360936983137 3867.0 355.0 5.021580790604343 
4201774.880989611 29198.716237984587 0.034720598550385784 0.0 4530.0 747.0 9.931426902380975 
4179965.0641208156 32162.77206621236 0.038404380163834496 0.0 4144.0 716.0 9.253491076409542 
2127846.759414004 17320.980643252355 0.1672609305588029 0.4703355155482815 2052.0 164.0 3.242424242424242 
1697480.0 17580.06450467769 0.3697121584141437 0.4613365496886768 1600.0 138.0 2.37012987012987 
1330405.1980290858 25512.218288197975 0.2274666822539163 0.5091185410334347 1299.0 195.0 1.6650752559772584 
1184955.246260547 24875.03934948706 0.3096814921761291 0.5357758696274819 1000.0 145.0 0.4700854700854701 
4373498.387030906 23749.848845580967 0.12216506897357961 0.0 4850.0 524.0 9.639502457744948 
3699213.262136967 25566.38649637393 0.4546433069800575 0.08297336318025594 3881.0 291.0 5.009302371783116 
2466806.1783457994 26145.400240661835 0.18690275501676104 0.3474714094395101 2331.0 337.0 6.242543798665183 
1786271.167404072 21411.230223791463 0.2597045809157289 0.48235025922048047 1649.0 161.0 3.1929347826086953 
4892191.294913279 19465.775529300263 0.17377876955920574 0.0 5400.0 488.0 8.508075529130803 
1198225.0 20124.473965610025 0.11059153612345102 0.6345569324292728 1052.0 137.0 0.0 
4087112.601824218 25379.582791295732 0.07277421639767363 0.0 4385.0 615.0 9.632291205840945 
4048968.184682382 22416.52632168241 0.5254559270516718 0.06952887537993921 3790.0 257.0 8.004793898911545 
4286994.620770875 27136.938945907215 0.290039747486556 0.03095043254617723 4027.0 420.0 7.232014740493001 
1716730.0 20665.620938783457 0.2818856675239654 0.5022504091653028 1538.0 134.0 0.0 
2670728.647995081 19059.483621021853 0.3696823064049274 0.3309597901007967 2700.0 190.0 4.564780265339968 
4161321.983666985 33702.40492965692 0.0825929389759177 0.0 4203.0 750.0 9.718793611427609 
2168494.8501057886 23803.41070141331 0.4672375496843582 0.34691372457329905 1957.0 194.0 3.5980952380952385 
4412780.096844794 23439.216067388803 0.12567220014028524 0.0 4228.0 501.0 9.698438793149018 
4460598.2210800415 28876.463976099774 0.049830488660275896 0.0 4948.0 793.0 10.387229463868568 
4686010.0 18504.089269536493 0.4155073649754501 0.12473696516249708 5154.0 172.0 3.3234295415959254 
3844413.590520268 23799.83522921915 0.48223053542202476 0.08069324292728548 3770.0 306.0 6.717169887278582 
1249110.0 17593.075789793707 0.10626665774554468 0.6225778361172901 1095.0 145.0 2.1020408163265305 
4017473.2759978306 33827.866380072235 0.04907079901228431 0.0 4174.0 734.0 10.21034640486639 
1397210.0 17765.607936634166 0.12508767827916764 0.5813362169745149 1257.0 149.0 6.122448979591836 
4295740.606621341 21073.28982335237 0.38365092354454056 0.0784428337619827 4729.0 341.0 6.011875415577942 
1920548.1521697962 23973.786861388002 0.389408463876549 0.3779518353986439 1714.0 188.0 4.166666666666666 
4133043.3955486645 28887.34138948434 0.0868891746551321 0.0 4175.0 583.0 9.541709922791725 
3895420.029749187 33444.57995265346 0.0322950215993883 0.0 4092.0 760.0 10.55210472447392 
4365317.021019338 32035.905508393294 0.06312836100070143 0.0 4297.0 744.0 10.659471692156622 
1059690.0 20921.478331855615 0.19847439794248306 0.6283610007014262 950.0 136.0 0.0 
1202835.0 19507.580960174782 0.12301262567220014 0.6160568155249007 1021.0 146.0 3.2 
4303115.802220389 20645.802749735714 0.498041851765256 0.1190671031096563 4429.0 175.0 6.850406504065041 
1007340.0 21185.225721143943 0.2626581697565017 0.6055658448032353 943.0 132.0 0.0 
4415014.227782262 24260.652806947717 0.15112977487530702 2.9357634391238184E-6 4746.0 498.0 8.7735424152361 
4624786.177949774 18537.731027506255 0.31222346167567455 0.019759783894190964 5069.0 316.0 5.28015441978159 
2554875.0 19686.88951161539 0.34112695814823474 0.43409516015898997 2422.0 133.0 0.0 
1744734.9999999998 21109.2463465916 0.18707622165068974 0.528086275426701 1498.0 145.0 4.0 
3395562.5180763733 21718.796736337343 0.36117605798456864 0.23047696983867197 3629.0 232.0 4.257803121248499 
5355310.000000001 10519.488333376094 0.4942424596679916 0.08738601823708207 5735.0 157.0 6.357954545454545 
4804417.071772723 21661.808092062147 0.2382511105915361 0.0 4679.0 395.0 8.726808115719404 
4059625.9891485292 28441.045025168056 0.3603285012859481 0.017477203647416412 4027.0 415.0 6.5628472222222225 
1231900.0 17895.171466188436 0.23971381641580108 0.552960912775781 1122.0 138.0 4.537316595158642 
4045516.2078162716 27272.576395978103 0.4528896441927829 0.028495542887559316 3883.0 369.0 7.559729437229437 
4648911.897275023 21597.64170845837 0.2795768061725509 0.0 4487.0 431.0 10.16100292938637 
1786271.1674040714 21411.258849100195 0.25970306289455225 0.4823474397942483 1649.0 161.0 3.1929347826086953 
1666698.4808442316 24407.092678884117 0.33379120879120877 0.47129997661912554 1383.0 156.0 3.4084249084249088 
3241100.609146162 22417.187578661476 0.4902092588262801 0.20335515548281505 3104.0 207.0 3.1875310957174023 
1187360.0 19664.541223603504 0.15741173719897125 0.6280687397708674 1064.0 147.0 3.15625 
4332096.586785919 26106.516091423808 0.10670446574701895 0.0 4890.0 601.0 9.26895460371035 
3997334.4538747845 34662.07792219868 0.09688449848024316 0.0 4227.0 758.0 10.272628945672295 
3441615.8246134035 23998.872836888902 0.45884966097732055 0.14198036006546644 3351.0 234.0 6.703366811146697 
4482677.868280153 18651.771806226207 0.5051437923778349 0.05742927285480477 4692.0 235.0 3.8286855060462806 
4789207.822243148 22711.57158662309 0.39992985737666586 0.014700724807107785 4436.0 378.0 8.651036451471235 
4403531.323439794 29648.565253690424 0.05365910685059621 0.0 4642.0 722.0 9.896698397835054 
1543325.0 19318.09199194946 0.21037045067195825 0.5595657901152966 1522.0 141.0 5.136363636363637 
4647626.768999671 19222.485569852557 0.23305007296204955 3.312108324569833E-6 5072.0 348.0 5.78071991371567 
2529350.5876201177 27398.154422524112 0.23924604739812197 0.2575418373879589 2618.0 364.0 8.048602477302229 
3384306.426483567 25342.11857887097 0.3719042816137494 0.14364675833086468 3271.0 304.0 5.905916006424294 
2715470.0 20333.384761676025 0.36439092822071545 0.36941781622632686 2866.0 157.0 4.0 
4716488.452508444 22027.702046180457 0.13595978489595512 0.0 5055.0 455.0 8.413979572013048 
3063070.0 16009.009096258038 0.3270984334814122 0.3610299275192892 3403.0 154.0 3.48991935483871 
713915.0 23516.695915399887 0.16077395662232793 0.6984488213527353 627.0 146.0 2.3205128205128203 
821595.0 23339.359280232566 0.18462255942648034 0.6540829384997722 650.0 138.0 0.0 
5289226.891162572 18137.72955603978 0.4067109321174757 0.11778479411875216 5105.0 212.0 4.4677496164615595 
3916726.4367792658 28749.430782683285 0.3241465980827683 0.0 3943.0 430.0 7.47421044826281 
3838914.745397837 21360.039041038264 0.4512801028758476 0.1355213935001169 4297.0 225.0 4.550531914893617 
4565954.133166965 19561.13537258755 0.37225274725274726 0.13739186345569324 4250.0 218.0 2.7138528138528137 
4629872.78378021 21618.595572889684 0.22466154363162544 0.0 4659.0 418.0 9.621772514289678 
4729426.812951212 19701.773975286065 0.10839957914425999 0.0 5013.0 524.0 9.70563140923732 
4496815.924392366 24178.117895938045 0.16392915595043256 0.0 4929.0 508.0 8.786856261185678 
3998529.5556814456 25854.948917109396 0.5404781388823942 0.07929039046060322 3798.0 309.0 7.939100468562712 
1157465.0 20234.649567812485 0.2489797549821571 0.6008904442989342 985.0 139.0 1.1875 
1452370.0 18453.138535422 0.21525017535655833 0.55859831657704 1295.0 145.0 4.5 
2988443.5765294693 27311.844360151685 0.4341536123451017 0.15855155482815056 2811.0 275.0 4.597409056460781 
930735.0 22626.891029230665 0.2035026609821312 0.6502546589002658 794.0 149.0 2.0 
2901464.999999999 19222.091143223646 0.36450783259293895 0.36719663315407997 2604.0 176.0 4.472689075630252 
1404565.0 17508.789641045034 0.20648234743979424 0.566635492167407 1316.0 137.0 2.206947524020695 
4654836.662495378 24856.320404482347 0.45469955576338555 0.007131166705634791 4286.0 325.0 4.63641181513522 
1155959.4451804743 22851.381231079886 0.2743453355155483 0.5744388590133271 1131.0 145.0 0.4700854700854701 
1222505.0000000002 16355.256384960841 0.11617371989712415 0.6176934767360299 1088.0 147.0 3.1020408163265305 
2266130.267101805 21242.92980669366 0.41480593874210897 0.3411854103343465 2004.0 178.0 2.1575989782886333 
4328948.606716172 19692.946102755537 0.41302314706570026 0.06236848258124854 4885.0 270.0 6.098040113481289 
1026420.0 21900.47182590524 0.20975566986205285 0.6339724105681552 886.0 135.0 2.0 
3212990.321174879 21428.824837169275 0.48845569324292726 0.18485503857844282 3005.0 235.0 7.061654641654641 
771625.0 20177.14170190372 0.11202361468318915 0.6840367079728782 680.0 139.0 1.4375 
2838249.642583462 22218.479337536177 0.36526771101239186 0.3160509703062895 2595.0 224.0 4.937628008192524 
4274337.212189926 21557.40085385885 0.39496142155716624 0.06792144026186579 4115.0 297.0 4.975318191824351 
4681601.689829466 23550.403443460185 0.18073415945756371 0.0 4782.0 499.0 8.862654238226428 
4629390.229231047 25316.14672916909 0.12380173018470891 0.0 4969.0 582.0 9.527084594979607 
3789299.18915589 24065.85550872915 0.5147884030862754 0.011661211129296236 4309.0 276.0 4.315226860254084 
4052348.709224458 32248.335582411746 0.3268063970328511 0.0 3823.0 483.0 9.153554370466134 
3643088.2577748136 16027.549899433267 0.4725566986205284 0.17725625438391396 3888.0 156.0 3.2543859649122804 
