82254.90538623814 9564.048703715873 0.27426770467359407 0.020576269197468463 88.0 76.0 0.0 
76910.0 8152.292833418519 0.2832369942196532 0.1355170199100835 94.0 82.0 0.0 
100488.11178682097 8521.146415014933 0.09633911368015415 0.0 128.0 142.0 2.601938711694809 
100675.0 6465.972567612227 0.16056518946692358 0.018625561978163133 103.0 77.0 1.4096989966555185 
69165.0 7756.188598277769 0.16056518946692358 0.1708413615928067 88.0 70.0 0.0 
61755.0 8576.61835154122 0.29030186255619783 0.29030186255619783 61.0 76.0 0.4805491990846682 
81795.0 7056.4177926596685 0.1464354527938343 0.023121387283236993 105.0 81.0 1.4300751879699247 
79321.26090838993 9424.343355517321 0.1599229287090559 0.03596660244059088 100.0 85.0 0.32481203007518794 
75732.5 8442.85812141843 0.20423892100192678 0.1233140655105973 109.0 99.0 1.1345939933259177 
78730.0 10222.609376261657 0.12716763005780346 0.09184328837508028 70.0 84.0 1.4754655870445343 
42350.0 9367.212222305654 0.13872832369942195 0.363519588953115 48.0 65.0 0.0 
64400.0 9656.117880290414 0.11046885035324341 0.2806679511881824 61.0 76.0 0.45546558704453444 
55400.0 9529.264088259486 0.3012202954399486 0.23378291586384073 61.0 65.0 0.0 
120640.0 7291.8387330825635 0.14836223506743737 0.036608863198458574 132.0 80.0 0.4358974358974359 
92170.0 9278.810879190387 0.13872832369942195 0.037251123956326265 83.0 78.0 0.27692307692307694 
49390.0 8656.015944671766 0.25305073859987154 0.40783558124598585 51.0 71.0 0.0 
54850.0 8226.110329581994 0.0790082224599461 0.3532887970239839 61.0 69.0 0.0 
95200.0 7484.983192805806 0.23121387283236994 0.035324341682723186 90.0 66.0 0.0 
87730.0 10189.972415539154 0.17469492614001284 0.018625561978163133 84.0 89.0 1.1778779840848808 
73785.0 7917.569909452389 0.33911368015414256 0.1111111111111111 91.0 77.0 1.7005444646098002 
91415.0 9140.687851199495 0.12909441233140656 0.0 107.0 119.0 2.924786103189007 
80195.82121146971 11972.343232341573 0.12140394819179053 0.012847030152430711 85.0 117.0 0.3731060606060606 
78566.58633404213 10412.566716119798 0.3815028901734104 0.06229929351316635 70.0 74.0 0.5115089514066496 
85082.22186943667 12017.95721166283 0.0860740033922 4.0274816593361226E-10 90.0 137.0 2.156189213085765 
74555.0 7436.773286343561 0.14195719994109518 0.2261048266906576 75.0 84.0 1.7173913043478262 
95205.0 7206.753561018535 0.1111111111111111 0.2003853564547206 109.0 79.0 0.0 
121630.0 7603.852956131833 0.1894669235709698 0.005138086062941554 138.0 98.0 0.8128012338538654 
77025.0 9574.839105783916 0.3551701991008349 0.10918432883750803 85.0 85.0 0.38961038961038963 
86515.0 6870.613978981324 0.35388567758509953 0.08670520231213873 105.0 89.0 1.963995082255137 
64265.0 8510.39462258386 0.2254335260115607 0.29030186255619783 61.0 68.0 0.0 
91282.2028960829 10127.038371796365 0.08285163776493257 0.0 100.0 124.0 1.819472315124489 
90345.0 9744.331076531631 0.20105344162423516 0.00899280560701479 95.0 86.0 0.5488721804511278 
97714.87555789333 10716.654773018918 0.08350462559196897 1.5154101476387992E-9 92.0 115.0 2.120685210865487 
94771.33557458021 11503.642802973798 0.1123956326268465 0.0 92.0 125.0 2.983141762452107 
74525.3865827625 8026.568680435223 0.14193962748876043 0.22607578676942838 75.0 82.0 0.4096989966555184 
96591.31403667046 9579.353667920026 0.07515416249036455 0.0 121.0 147.0 2.1077322731957677 
85140.0 8708.634424663247 0.24084778420038536 0.04174694926140013 102.0 73.0 0.0 
128559.99999999999 6597.683233077177 0.14966597903103185 0.0 128.0 101.0 2.0773651635720602 
99536.14432742793 10598.56283757198 0.10661528580603725 0.0032113037893384713 104.0 120.0 1.3186813186813187 
65980.0 8309.196713845662 0.17407502569382738 0.1862795477899457 73.0 70.0 0.0 
42350.0 9367.212222305654 0.13872832369942195 0.363519588953115 48.0 65.0 0.0 
88595.0 7962.272430706662 0.23121387283236994 0.035324341682723186 85.0 65.0 0.0 
107845.37443722648 8890.901495224683 0.09313977420229311 0.0 123.0 129.0 2.402935711631364 
68345.0 7846.149052841475 0.08220937700706486 0.36095054592164416 73.0 74.0 0.30526315789473685 
89635.0 8861.51088525661 0.15414258188824662 0.005138086062941554 103.0 102.0 1.551839464882943 
57285.0 8781.151411115083 0.2639928515051321 0.22415478002062164 64.0 64.0 0.0 
96870.0 9310.623762919646 0.13359023763648042 0.016698779704560053 89.0 87.0 0.6923076923076923 
68665.0 7081.738931586396 0.2241490044958253 0.25176621708413616 80.0 86.0 1.4782790309106097 
68285.0 7865.2168494516445 0.08414671925202404 0.3609969107958795 73.0 72.0 0.0 
81990.0 7137.904048679486 0.17920956139406471 0.023124357275180894 105.0 80.0 0.16825396825396824 
73600.0 8016.444855009392 0.3127809890815671 0.24791265253692998 84.0 80.0 1.3181818181818181 
84920.0 9604.057673402072 0.27552986512524086 0.03147077713551702 80.0 68.0 0.0 
68590.0 8290.788962930888 0.2241490044958253 0.25176621708413616 80.0 84.0 1.581453634085213 
109301.45119043927 8355.25607017204 0.11753371868978806 0.0 117.0 95.0 1.9554069119286512 
76020.0 8442.869334422932 0.18625561978163135 0.08606294155427104 102.0 86.0 0.7733990147783252 
85717.30612482499 9515.142644170994 0.1875642312320228 0.0 124.0 115.0 1.5661837148652564 
71620.0 7855.042576579292 0.20040589889899924 0.156073984149318 89.0 72.0 0.0 
97715.64878672916 10715.11299769541 0.0835102334784917 1.1797467999368052E-5 92.0 115.0 2.120685210865487 
85765.85290760547 9830.698728514584 0.08413615928066795 0.0 116.0 126.0 2.393358174392657 
97922.405184817 10253.786020139114 0.07579650605515652 0.0 101.0 121.0 1.655061605061605 
86115.0 8790.805514210066 0.14645261274728794 0.05074074486572955 84.0 74.0 0.45546558704453444 
156405.0 6840.788013530159 0.3969171483622351 0.06872190109184328 139.0 69.0 0.0 
87118.17815093974 11385.907572562079 0.07708737840048609 0.0 102.0 136.0 2.6873775347459556 
97419.88794404869 10390.514665181432 0.07771355170199101 0.0 106.0 143.0 3.094749694749695 
60165.0 9171.640196010001 0.17148362235067438 0.3134232498394348 57.0 71.0 0.0 
93300.0 7861.799919897231 0.1779520998049293 0.018644784426022243 107.0 91.0 2.051089839695537 
57990.0 8589.167592544898 0.12780989081567115 0.32241490044958254 60.0 69.0 0.0 
92703.94176493195 9114.767839271077 0.43224149004495827 0.00449582530507386 107.0 96.0 1.6358356769327755 
56355.0 9414.611685917469 0.33466141473091254 0.2312281452936559 64.0 65.0 0.0 
87860.0 8440.604851793505 0.2003853564547206 0.021836865767501604 81.0 66.0 0.0 
128560.0 6597.677569547387 0.14964675658317278 0.0 128.0 101.0 2.0773651635720602 
54850.0 8226.110329581994 0.07900822199389337 0.3532887975333364 61.0 69.0 0.0 
90495.0 9402.7107472464 0.13808606294155426 0.0 100.0 93.0 1.0971177944862156 
87375.0 8695.526351029961 0.12652536929993577 0.0 110.0 91.0 0.7373626373626374 
61985.0 9099.778845420577 0.36095054592164416 0.17726396917148363 70.0 66.0 0.0 
70580.0 9689.186213464005 0.3487711897331391 0.1181783723015197 74.0 68.0 0.0 
42350.0 9367.212222305654 0.13872832369942195 0.363519588953115 48.0 65.0 0.0 
105457.7385781302 8418.999686034083 0.11112538357239705 0.0 103.0 116.0 2.12076841504201 
73535.0 7783.979314647462 0.14193962748876043 0.22607578676942838 82.0 83.0 1.5144927536231885 
85717.38993560507 9515.144660374272 0.18754014129736674 0.0 124.0 115.0 1.5661837148652564 
98126.83591522965 9762.054138770112 0.08734746307000642 0.0 122.0 141.0 2.511965811965812 
78730.0 9202.279710078432 0.17021543579063042 0.09185508584307964 79.0 77.0 1.0821052631578947 
67060.0 8386.416102491154 0.22350674373795762 0.2800256904303147 68.0 73.0 0.5637254901960784 
78805.0 7932.580162817744 0.18882466281310212 0.2459858702633269 83.0 70.0 0.0 
78775.0 9555.104203580178 0.12202954399486192 0.023121387283236993 100.0 98.0 1.5007518796992483 
65980.0 8309.196713845662 0.17408088392987978 0.18625570229200483 73.0 70.0 0.0 
92333.29689850421 9901.248814592573 0.43031470777135516 0.0 101.0 85.0 1.4500907441016335 
91914.23120872538 10851.59992050939 0.10599546498730121 0.00128691400924575 91.0 113.0 1.712667361374258 
99182.44619963378 11133.516509625706 0.08798972382787412 0.0 91.0 119.0 2.1280564845782237 
96590.69799052515 9579.503020385737 0.07515498748812674 0.0 121.0 147.0 2.1077322731957677 
71545.0 8966.93903486054 0.3474630700064226 0.11817597944765575 75.0 67.0 0.0 
112239.11095961145 8258.889650207977 0.15351434609233622 0.0 134.0 109.0 1.4027489027489026 
87860.0 8440.604851793505 0.2003853564547206 0.021836865767501604 81.0 66.0 0.0 
54590.0 9161.751196166544 0.31858377584150804 0.3346448322758924 58.0 68.0 0.0 
65980.0 8309.196713845662 0.17407502644623377 0.18627954472733357 73.0 70.0 0.0 
64310.0 8744.82859027823 0.32113037893384716 0.2806679511881824 59.0 70.0 0.0 
107209.5184767679 9744.526090795369 0.08478997000720635 4.562237624930442E-5 114.0 136.0 2.602691511387164 
88045.0 7404.789465660063 0.24534360950545922 0.1457931920359666 94.0 73.0 0.0 
108507.56926234349 10067.138972826115 0.08029967460331762 1.8562831151210674E-5 128.0 143.0 2.4960511033681763 
90345.0 9746.923181084632 0.20104304467074133 0.00899165061014772 95.0 86.0 0.5488721804511278 
70255.0 8598.15307597503 0.16698779704560052 0.14515093127809892 83.0 73.0 0.0 
95301.32582874855 13045.788518429057 0.10918432883750803 0.0 85.0 126.0 2.0101981351981353 
85886.88898223412 11405.794543333976 0.0674373795761079 0.0 91.0 127.0 1.9069955406911927 
59645.0 8455.131840923306 0.0899165061014772 0.3551701991008349 59.0 77.0 0.4805491990846682 
89724.36549038344 10266.408524656837 0.11432241490044959 0.028259473346178548 90.0 111.0 2.0169256031325 
89035.0 8113.731311748141 0.20488118175979447 0.03275529865125241 102.0 82.0 1.9323607427055702 
73535.0 7782.604041910548 0.1419578599393049 0.2261048266906576 82.0 83.0 1.5144927536231885 
105117.25002996808 7774.771729114329 0.1111111111111111 0.0 104.0 100.0 1.7793050004078637 
89598.4558292738 8364.596515456067 0.18754014129736674 0.005780346820809248 121.0 106.0 1.768090408577224 
132975.0 7200.731760411261 0.472703917790623 0.03789338471419396 140.0 68.0 0.0 
98293.21497896835 9324.753233321595 0.09633911368015415 0.0 130.0 131.0 2.1329328637415927 
85285.0 9121.311465552231 0.1676300578034682 0.11368015414258188 87.0 83.0 0.0 
