86333.51617988959 12743.982114904806 0.07001607632143665 0.0 84.0 136.0 2.6071766314644877 
107643.4745412323 9209.532774589774 0.10982658959537572 0.0 115.0 114.0 0.8169453734671126 
47315.0 8152.990339737324 0.09826589595375723 0.42324983943481054 58.0 77.0 0.0 
82350.0 7877.783961886105 0.20166987797045602 0.06551059730250482 98.0 70.0 0.0 
56670.0 9083.343778082331 0.2382787411689146 0.20745022479126526 62.0 71.0 0.0 
75440.0 8740.212746738296 0.46885035324341684 0.08798972382787412 91.0 63.0 0.0 
135710.0 7189.118452845705 0.3551701991008349 0.05266538214515093 128.0 68.0 0.0 
86515.0 7053.888490260051 0.14193962748876043 0.08670520231213873 109.0 113.0 2.00132625994695 
86515.0 6198.025528210599 0.15285806037251123 0.08670520231213873 106.0 81.0 1.7254641909814323 
107590.94455852156 8490.221210612957 0.18691190550145634 4.9004867074298056E-5 131.0 123.0 1.1688762626262625 
74555.0 7144.446186829476 0.14193962748876043 0.22607578676942838 75.0 78.0 1.4096989966555185 
52355.0 6920.783132530118 0.10918432883750803 0.3815028901734104 66.0 79.0 0.0 
71545.0 7171.515196810195 0.2980089916506101 0.12780989081567115 83.0 77.0 1.502046783625731 
84520.0 7141.687146046505 0.24341682723185612 0.0899165061014772 105.0 74.0 0.28 
62055.0 6678.531897216282 0.19974309569685292 0.2935131663455363 81.0 79.0 0.4122807017543859 
84900.0 8647.747989570798 0.47591522157996147 0.09377007064868337 96.0 70.0 0.0 
77216.11818248808 9056.373183812899 0.13808606294155426 0.09184328837508028 80.0 82.0 1.3568033796866747 
85289.51111443344 10446.190112158733 0.09955041746949261 0.006422607578676943 86.0 107.0 0.5593924191750279 
84165.0 8605.467260012718 0.12909441233140656 0.03018625561978163 95.0 74.0 0.13247863247863248 
64400.0 9656.117880290414 0.11046885035324341 0.2806679511881824 61.0 76.0 0.45546558704453444 
71715.0 8778.320361751665 0.22286448298008993 0.10276172125883108 72.0 74.0 0.3835227272727273 
119910.0 7225.04091653028 0.1573538856775851 0.03982016698779704 120.0 75.0 0.27692307692307694 
86330.5735180495 12752.565987435348 0.07001541632322691 0.0 85.0 136.0 2.6071766314644877 
47315.0 8152.990339737324 0.09826589595375723 0.42324983943481054 58.0 77.0 0.0 
82350.0 7877.783961886105 0.20166987797045602 0.06551059730250482 98.0 70.0 0.0 
56670.0 9083.343778082331 0.2382787411689146 0.20745022479126526 62.0 71.0 0.0 
168820.0 7205.042410222513 0.40847784200385356 0.027617212588310854 164.0 73.0 0.0 
100898.18863421098 8323.636120429823 0.12588310854206808 0.0 101.0 114.0 2.3645446507515473 
86515.0 6172.0354308073765 0.14193962748876043 0.08670520231213873 109.0 86.0 2.0782493368700266 
107590.94455852156 8490.221210612957 0.1869218897759154 6.294780613268858E-9 131.0 123.0 1.1688762626262625 
74555.0 7144.446186829476 0.14193962748876043 0.22607578676942838 75.0 78.0 1.4096989966555185 
52355.0 6920.783132530118 0.10918432883750803 0.3815028901734104 66.0 79.0 0.0 
71545.0 7226.767080721499 0.2980089916506101 0.12780989081567115 83.0 78.0 1.4020467836257309 
84010.0 7186.190244813064 0.2588638378318399 0.08863734707119605 101.0 75.0 0.25555555555555554 
60025.0 7148.154050280777 0.19910083493898523 0.30700064226075785 75.0 78.0 0.0 
77216.08559099847 9056.582673884657 0.13808606294155426 0.09184328837508028 80.0 82.0 1.356803379686675 
84869.45290457082 10460.637095400041 0.1014771997430957 0.006422607578676943 86.0 105.0 0.28246934225195097 
84165.0 8605.467260012718 0.12909441233140656 0.03018625561978163 95.0 74.0 0.13247863247863248 
64400.0 9656.117880290414 0.11046885035324341 0.2806679511881824 61.0 76.0 0.45546558704453444 
71715.0 8778.320361751665 0.22286448298008993 0.10276172125883108 72.0 74.0 0.3835227272727273 
119910.0 7225.04091653028 0.1573538856775851 0.03982016698779704 120.0 75.0 0.27692307692307694 
86325.32467488547 12784.277414412461 0.07000642260757868 0.0 85.0 136.0 2.6071766314644877 
47315.0 8152.990339737324 0.09826589595375723 0.42324983943481054 58.0 77.0 0.0 
82350.0 7877.783961886105 0.20166987797045602 0.06551059730250482 98.0 70.0 0.0 
56670.0 9083.343778082331 0.2382787411689146 0.20745022479126526 62.0 71.0 0.0 
146915.0 7597.221076384166 0.4193962748876044 0.03917790622992935 132.0 71.0 0.0 
66385.0 8884.82616953425 0.11496467565831728 0.22607578676942838 91.0 112.0 2.2335473082317403 
86515.0 6243.247850348104 0.14193962748876043 0.08670520231213873 109.0 86.0 2.070291777188329 
99949.14811956469 9058.527782049463 0.13230571612074501 0.0012845215157353885 126.0 127.0 1.475815850815851 
74555.0 7144.446186829476 0.14193962748876043 0.22607578676942838 75.0 78.0 1.4096989966555185 
52355.0 6920.783132530118 0.10918432883750803 0.3815028901734104 66.0 79.0 0.0 
71545.0 7226.767080721499 0.2980089916506101 0.12780989081567115 83.0 78.0 1.4020467836257309 
85645.0 7117.310580517879 0.24470134874759153 0.08028259473346179 111.0 76.0 0.14303959131545338 
66070.0 7298.671277955458 0.22029543994861914 0.2761721258831085 81.0 83.0 0.0 
77216.04134535533 9056.867039729937 0.13808606294155426 0.09184328837508028 80.0 82.0 1.356803379686675 
86422.58886461725 10253.922384906466 0.1014771997430957 6.422607578676942E-4 90.0 110.0 0.4363154960981048 
84165.0 8605.467260012718 0.12909441233140656 0.03018625561978163 95.0 74.0 0.13247863247863248 
64400.0 9656.117880290414 0.11046885035324341 0.2806679511881824 61.0 76.0 0.45546558704453444 
71715.0 8778.320361751665 0.22286448298008993 0.10276172125883108 72.0 74.0 0.3835227272727273 
119910.0 7225.04091653028 0.1573538856775851 0.03982016698779704 120.0 75.0 0.27692307692307694 
85751.01952540484 13210.764367940936 0.08606294155427104 0.0 83.0 134.0 2.142369699266251 
47315.0 8152.990339737324 0.09826589595375723 0.42324983943481054 58.0 77.0 0.0 
82350.0 7877.783961886105 0.20166987797045602 0.06551059730250482 98.0 70.0 0.0 
56670.0 9083.343778082331 0.2382787411689146 0.20745022479126526 62.0 71.0 0.0 
166510.0 7165.888208269527 0.37508028259473347 0.05523442517662171 164.0 77.0 0.0 
101058.24082808508 8823.171020761407 0.12588310854206808 0.0 100.0 110.0 1.9922176067263901 
86515.0 6243.247850348104 0.14193962748876043 0.08670520231213873 109.0 86.0 2.070291777188329 
97125.82653841969 8856.305124315357 0.06615285806037251 0.0 128.0 127.0 1.8123982261913296 
74555.0 7144.446186829476 0.14193962748876043 0.22607578676942838 75.0 78.0 1.4096989966555185 
52355.0 6920.783132530118 0.10918432883750803 0.3815028901734104 66.0 79.0 0.0 
71545.0 7226.767080721499 0.2980089916506101 0.12780989081567115 83.0 78.0 1.4020467836257309 
86360.0 7030.445248435657 0.22992935131663456 0.07578676942838793 115.0 79.0 0.3390804597701149 
66070.0 7298.671277955458 0.22029543994861914 0.2761721258831085 81.0 83.0 0.0 
77216.04134535533 9056.867039729937 0.13808606294155426 0.09184328837508028 80.0 82.0 1.356803379686675 
86422.58886461731 10253.922384906557 0.1014771997430957 6.422607578676942E-4 90.0 110.0 0.43631549609810477 
84165.0 8605.467260012718 0.12909441233140656 0.03018625561978163 95.0 74.0 0.13247863247863248 
64400.0 9656.117880290414 0.11046885035324341 0.2806679511881824 61.0 76.0 0.45546558704453444 
71715.0 8778.320361751665 0.22286448298008993 0.10276172125883108 72.0 74.0 0.3835227272727273 
119910.0 7225.04091653028 0.1573538856775851 0.03982016698779704 120.0 75.0 0.27692307692307694 
88550.24746303403 11891.20610362631 0.10536904418646764 1.6417455467652044E-5 91.0 129.0 2.23482905982906 
42590.0 9536.636624605459 0.1438664097623635 0.5112395632626846 50.0 78.0 0.0 
84740.0 8179.90388145463 0.2106781110356238 0.04817343432955939 103.0 67.0 0.1608187134502924 
56670.0 9083.343778082331 0.2382787411689146 0.20745022479126526 62.0 71.0 0.0 
166510.0 7165.888208269527 0.37508028259473347 0.05523442517662171 164.0 77.0 0.0 
104152.5 8748.941599557647 0.14836223506743737 0.0 105.0 119.0 2.2514209928003033 
86515.0 6243.247850348104 0.14193962748876043 0.08670520231213873 109.0 86.0 2.070291777188329 
117375.0 9113.642423112864 0.13166345536287732 0.006422607578676943 115.0 121.0 1.5146520146520146 
74555.0 7144.446186829476 0.14193962748876043 0.22607578676942838 75.0 78.0 1.4096989966555185 
52355.0 6920.783132530118 0.10918432883750803 0.3815028901734104 66.0 79.0 0.0 
76960.0 6819.905413479762 0.3037893384714194 0.1111111111111111 96.0 83.0 2.0373865698729583 
84520.0 7274.023756090514 0.2691072575465639 0.0899165061014772 103.0 72.0 0.0 
77216.03183215848 9056.928175700383 0.13808606294155426 0.09184328837508028 80.0 82.0 1.3568033796866747 
86403.32905730585 10075.689449640942 0.11240866759148917 6.423432576439137E-4 90.0 108.0 0.3177257525083612 
84165.0 8605.467260012718 0.12909441233140656 0.03018625561978163 95.0 74.0 0.13247863247863248 
64400.0 9656.117880290414 0.11046885035324341 0.2806679511881824 61.0 76.0 0.45546558704453444 
71715.0 8778.320361751665 0.22286448298008993 0.10276172125883108 72.0 74.0 0.3835227272727273 
119910.0 7225.04091653028 0.1573538856775851 0.03982016698779704 120.0 75.0 0.27692307692307694 
87950.0 7843.196010122662 0.1573538856775851 0.06936416184971098 85.0 74.0 0.38461538461538464 
102425.1106949155 8885.631777535744 0.1689145793192036 0.0 109.0 116.0 1.8110816386678454 
69555.0 7858.632620743771 0.12267180475272961 0.2581888246628131 68.0 78.0 1.4554655870445345 
52355.0 6920.783132530118 0.10918432883750803 0.3815028901734104 66.0 79.0 0.0 
95200.0 7432.199655588307 0.19588953114964675 0.035324341682723186 94.0 71.0 0.39230769230769236 
66875.0 8321.085671640603 0.2774566473988439 0.2980089916506101 78.0 72.0 0.0 
84740.0 8179.90388145463 0.2106781110356238 0.04817343432955939 103.0 67.0 0.1608187134502924 
86515.0 6243.247850348104 0.14193962748876043 0.08670520231213873 109.0 86.0 2.070291777188329 
93124.4205420711 11115.183849667848 0.10855560296007533 2.1088574781826644E-9 95.0 126.0 2.082051282051282 
42590.0 9536.636624605459 0.1438664097623635 0.5112395632626846 50.0 78.0 0.0 
119910.0 7225.04091653028 0.1573538856775851 0.03982016698779704 120.0 75.0 0.27692307692307694 
86515.0 6852.877799884425 0.35388567758509953 0.08670520231213873 105.0 81.0 1.641414437093847 
68895.0 9254.031561962338 0.12267180475272961 0.2607578676942839 66.0 76.0 0.45546558704453444 
77216.0049341833 9057.101024010917 0.13808606294155426 0.09184328837508028 80.0 82.0 1.356803379686675 
178640.0 7189.134423398631 0.38599871547848424 0.006422607578676943 147.0 78.0 0.5182186234817814 
