112443.60589928506 7046.276054377314 0.09505459216441875 0.0 133.0 132.0 2.6632292827945 
87041.41907784958 9695.699869488857 0.07064868336544637 0.0 98.0 113.0 2.3450549450549447 
42795.0 8214.732825754416 0.1252408477842004 0.38599871547848424 52.0 66.0 0.0 
82815.0 7981.680314171121 0.23763648041104687 0.03596660244059088 89.0 69.0 0.0 
54545.0 9348.147123667628 0.30828516377649323 0.24791265253692998 57.0 67.0 0.0 
95200.0 7442.478527659631 0.21711383607871962 0.03532887917041525 92.0 68.0 0.16783216783216784 
97290.0 8325.73972149321 0.2003853564547206 0.021836865767501604 92.0 68.0 0.0 
107587.5 7965.120257697996 0.13359023763648042 0.0 109.0 110.0 1.7111111111111112 
86515.0 6170.666133308231 0.15285806037251123 0.08670520231213873 106.0 81.0 1.656498673740053 
101172.46931444816 7972.496079913296 0.17597944765574824 0.04046242774566474 110.0 99.0 0.41328786156372366 
70695.0 7462.434518211749 0.12074502247912652 0.2774566473988439 67.0 82.0 1.4195804195804196 
66260.0 7600.413602941177 0.07514450867052024 0.35324341682723187 74.0 72.0 0.0 
71545.0 7228.333492799951 0.2980089916506101 0.12780989081567115 83.0 79.0 1.513157894736842 
80055.0 7371.465521469143 0.25497752087347464 0.07385998715478484 106.0 73.0 0.0 
65695.0 8005.852978995481 0.2697495183044316 0.16249197174052665 69.0 75.0 0.402046783625731 
72510.0 9170.500787533414 0.1817597944765575 0.09184328837508028 72.0 83.0 1.6062500000000002 
85156.77433827642 9938.440487276117 0.10662898076888966 0.022482014017536977 93.0 114.0 0.7872037890186709 
84165.0 8605.467260012718 0.12909441233140656 0.03018625561978163 95.0 74.0 0.13247863247863248 
63355.0 9101.102649710732 0.10533076429030186 0.29543994861913936 56.0 76.0 0.5048076923076923 
74905.0 10312.16557647249 0.28709055876685935 0.06486833654463713 76.0 80.0 0.5740131578947368 
111190.0 7858.839379349499 0.13359023763648042 0.018625561978163133 103.0 89.0 1.9946132299073476 
94155.0 7370.4113427967395 0.11689145793192036 0.03789338471419396 105.0 80.0 0.4501915708812261 
95030.0 7843.196010122662 0.1573538856775851 0.06936416184971098 89.0 77.0 0.38461538461538464 
86905.56135407052 12095.272598373795 0.05459917780050093 0.0 91.0 135.0 2.5349071618037136 
52235.0 8385.852255799296 0.11496467565831728 0.36416184971098264 53.0 77.0 0.402046783625731 
84740.0 8179.90388145463 0.21066152858060372 0.04816955684007707 103.0 67.0 0.1608187134502924 
59425.0 8511.06655035956 0.2382787411689146 0.20745022479126526 64.0 72.0 0.0 
95200.0 7484.983192805806 0.23121387283236994 0.035324341682723186 90.0 66.0 0.0 
97290.0 8325.73972149321 0.2003853564547206 0.021836865767501604 92.0 68.0 0.0 
104255.0 7958.828291935028 0.10340398201669879 0.0 108.0 107.0 2.536604774535809 
86515.0 6142.474079124384 0.14193962748876043 0.08670520231213873 109.0 86.0 2.0013262599469495 
88698.8322147651 8311.838808701837 0.16056518946692358 0.0032113037893384713 106.0 98.0 1.2722701149425288 
70695.0 7437.293023609505 0.12074502247912652 0.2774566473988439 67.0 89.0 1.7421610647417098 
66200.0 7635.569852941177 0.0789980732177264 0.35324341682723187 74.0 69.0 0.0 
71110.0 8426.913852597314 0.2980089916506101 0.12780989081567115 83.0 83.0 1.6242690058479532 
80055.0 7371.465521469143 0.25497752087347464 0.07385998715478484 106.0 73.0 0.0 
64550.0 8443.026630970311 0.2960822093770071 0.2845215157353886 68.0 80.0 0.402046783625731 
72510.0 9122.377258408345 0.18240205523442518 0.09184328837508028 72.0 83.0 1.5376311844077961 
85156.95720281021 9938.355405244552 0.1066289825280371 0.02248201438844156 93.0 114.0 0.7872037890186709 
84165.0 8605.467260012718 0.12909441233140656 0.03018625561978163 95.0 74.0 0.13247863247863248 
63340.0 9369.619341005351 0.09826589595375723 0.3050738599871548 57.0 79.0 0.4195804195804196 
66630.0 9466.923421595586 0.2999357739242132 0.13037893384714194 67.0 76.0 0.40625 
94155.0 7370.4113427967395 0.11689145793192036 0.03789338471419396 105.0 80.0 0.4501915708812261 
86905.56507179985 12095.29678291488 0.054599176899732656 0.0 91.0 135.0 2.5349071618037136 
83940.0 8230.381912015913 0.2113037893384714 0.05138086062941554 103.0 69.0 0.1608187134502924 
57895.0 8780.691470775368 0.23121387283236994 0.22157996146435452 68.0 67.0 0.0 
95200.0 7484.983192805806 0.23121387283236994 0.035324341682723186 90.0 66.0 0.0 
103540.0 8422.73049249061 0.12267180475272961 0.018625561978163133 101.0 101.0 2.4294871794871797 
86515.0 6155.5465060134975 0.14129736673089274 0.08670520231213873 110.0 88.0 2.1236844356977835 
98319.0968527553 8926.799702868324 0.09249742910072357 0.0 126.0 123.0 1.6255543556892884 
70695.0 7437.293023609505 0.12074502247912652 0.2774566473988439 67.0 89.0 1.7421610647417098 
66200.0 7635.569852941177 0.0789980732177264 0.35324341682723187 74.0 69.0 0.0 
71110.0 8426.913852597314 0.2980089916506101 0.12780989081567115 83.0 83.0 1.6242690058479532 
80055.0 7371.465521469143 0.25497752087347464 0.07385998715478484 106.0 73.0 0.0 
64550.0 8443.026630970311 0.2960822093770071 0.2845215157353886 68.0 80.0 0.402046783625731 
74380.0 9331.390617269457 0.17279017130666033 0.09185508584307964 74.0 86.0 1.4153846153846155 
85156.95720281021 9938.355405244552 0.1066289825280371 0.02248201438844156 93.0 114.0 0.7872037890186709 
84165.0 8605.467260012718 0.12909441233140656 0.03018625561978163 95.0 74.0 0.13247863247863248 
62390.0 9030.339828064001 0.10533076429030186 0.29736673089274246 55.0 74.0 0.32967032967032966 
66630.0 9466.923421595586 0.2999357739242132 0.13037893384714194 67.0 76.0 0.40625 
93780.0 7391.385675576718 0.1245985870263327 0.03982016698779704 104.0 78.0 0.4849137931034483 
86905.69555320087 12096.220431182457 0.054592164418754016 0.0 91.0 135.0 2.5349071618037136 
57895.0 8780.691470775368 0.23121387283236994 0.22157996146435452 68.0 67.0 0.0 
110075.0 7197.380625214704 0.2581888246628131 0.021836865767501604 119.0 70.0 0.0 
95773.65831178262 8840.921954701116 0.10534577924957379 4.867486796942064E-6 109.0 114.0 2.2542851381326883 
87245.0 7412.172254539059 0.1708413615928067 0.046242774566473986 96.0 83.0 1.8248774509803922 
98320.03231873155 8927.078233423177 0.09248554913294797 0.0 126.0 123.0 1.6255543556892884 
70695.0 7437.293023609505 0.12074502247912652 0.2774566473988439 67.0 89.0 1.7421610647417098 
66200.0 7635.569852941177 0.0789980732177264 0.35324341682723187 74.0 69.0 0.0 
71110.0 8426.913852597314 0.2980089916506101 0.12780989081567115 83.0 83.0 1.6242690058479532 
80055.0 7371.465521469143 0.25497752087347464 0.07385998715478484 106.0 73.0 0.0 
64550.0 8443.026630970311 0.2960822093770071 0.2845215157353886 68.0 80.0 0.402046783625731 
74380.0 9331.390617269457 0.17279017130666033 0.09185508584307964 74.0 86.0 1.4153846153846155 
85156.95720281021 9938.355405244552 0.1066289825280371 0.02248201438844156 93.0 114.0 0.7872037890186709 
84165.0 8605.467260012718 0.12909441233140656 0.03018625561978163 95.0 74.0 0.13247863247863248 
63990.0 9419.650091122105 0.1156207138788136 0.27621032327949807 58.0 75.0 0.0 
66630.0 9466.923421595586 0.2999357739242132 0.13037893384714194 67.0 76.0 0.40625 
93780.0 7391.385675576718 0.1245985870263327 0.03982016698779704 104.0 78.0 0.4849137931034483 
85077.08937562232 12397.83459458306 0.06423432576439136 0.0 90.0 136.0 2.8117699069017528 
61440.0 8718.305825810607 0.21579961464354527 0.18047527296082208 69.0 72.0 0.0 
94643.6152219873 7589.906386876246 0.23763648041104687 0.026332691072575465 96.0 70.0 0.0 
88498.25455917887 9389.171589224736 0.09826589595375723 0.0 111.0 126.0 2.2828723001136795 
81330.0 7338.646882360751 0.17726396917148363 0.09184328837508028 89.0 81.0 1.8 
70695.0 7437.293023609505 0.12074502247912652 0.2774566473988439 67.0 89.0 1.7421610647417098 
66200.0 7635.569852941177 0.0789980732177264 0.35324341682723187 74.0 69.0 0.0 
80055.0 7371.465521469143 0.25497752087347464 0.07385998715478484 106.0 73.0 0.0 
64550.0 8443.026630970311 0.2960822093770071 0.2845215157353886 68.0 80.0 0.402046783625731 
74380.0 9602.036950777703 0.17148362235067438 0.09184328837508028 73.0 91.0 1.6412698412698412 
85156.97963179366 9938.344971806391 0.10662898252826307 0.022482014388489204 93.0 114.0 0.7872037890186709 
84165.0 8605.467260012718 0.12909441233140656 0.03018625561978163 95.0 74.0 0.13247863247863248 
60330.0 8969.771994472594 0.1111111111111111 0.29736673089274246 54.0 68.0 0.0 
66620.0 9597.970093685244 0.26461143224149003 0.13937058445728967 65.0 74.0 0.40625 
93780.0 7391.385675576718 0.1245985870263327 0.03982016698779704 104.0 78.0 0.4849137931034483 
86875.78540715436 12039.094704042922 0.054592164418754016 0.0 92.0 135.0 2.5349071618037136 
63085.0 9273.101204482273 0.271034039820167 0.20680796403339757 65.0 73.0 0.4722222222222222 
134960.0 7123.7639553429035 0.37572254335260113 0.018625561978163133 128.0 75.0 0.0 
89124.08814195955 9612.303035001916 0.0789980732177264 0.0 109.0 130.0 2.1791027563141507 
81330.0 7338.646432279769 0.17728673910972015 0.09185508584307964 89.0 81.0 1.8 
70695.0 7437.293023609505 0.12074502247912652 0.2774566473988439 67.0 89.0 1.7421610647417098 
66440.0 7862.9936549586255 0.07321772639691715 0.35324341682723187 74.0 75.0 0.3721804511278195 
80055.0 7371.465521469143 0.25497752087347464 0.07385998715478484 106.0 73.0 0.0 
64550.0 8443.026630970311 0.2960822093770071 0.2845215157353886 68.0 80.0 0.402046783625731 
86030.0 8541.069500953441 0.1599229287090559 0.0449582530507386 97.0 89.0 1.9455266955266954 
85156.97963179366 9938.344971806391 0.10662898252826307 0.022482014388489204 93.0 114.0 0.7872037890186709 
79218.26048030873 9659.961978062025 0.16249197174052665 0.0449582530507386 101.0 90.0 0.4840277777777778 
60330.0 8969.771994472594 0.1111111111111111 0.29736673089274246 54.0 68.0 0.0 
66620.0 9597.970093685244 0.26461143224149003 0.13937058445728967 65.0 74.0 0.40625 
93780.0 7391.385675576718 0.1245985870263327 0.03982016698779704 104.0 78.0 0.4849137931034483 
93300.4278118697 9617.011841123589 0.11817597944765575 0.006422607578676943 92.0 100.0 0.46438746438746437 
77989.81981981982 8651.873682429261 0.15542710340398203 0.22029543994861914 84.0 88.0 2.1090527937024044 
60330.0 8969.771994472594 0.1111111111111111 0.29736673089274246 54.0 68.0 0.0 
68285.0 7865.2168494516445 0.08413615928066795 0.36095054592164416 73.0 72.0 0.0 
