1.4270931135103516E7 30020.43578980315 0.3356661146212432 0.481582622509955 15463.0 582.0 8.954839921147592 
4.463422727496883E7 42702.7283667074 0.06012968741076852 0.0 47973.0 1958.0 13.252173866567471 
1.0856471656469252E7 37110.27985558603 0.18543534578983165 0.6147069054133332 10054.0 652.0 9.877710116844927 
1.0108634936683182E7 34217.66553044397 0.2053505142329078 0.6088662994439743 10212.0 614.0 5.898348031955762 
1.4322295690170558E7 36811.564058375654 0.35582529060259477 0.4305123639138809 14294.0 600.0 3.820564806146006 
5.015996676863468E7 31517.141899760853 0.25217400333303913 0.001038329950108246 54057.0 1224.0 11.799797815375033 
5.178862169718219E7 33414.35217684506 0.5155983116755011 0.015336133363098792 55348.0 788.0 7.349399611321406 
4.584898493463731E7 37987.82609502064 0.11608528842210189 0.0 50193.0 1757.0 12.863874338812828 
3.821532972033962E7 34017.83406504988 0.30977016566554355 0.2077179065191546 42104.0 878.0 10.439680650402934 
1.75517809868527E7 31566.826416947126 0.2356489821770664 0.510494919970719 18292.0 667.0 11.428112146395847 
1.1369620989075886E7 33063.116405356704 0.21355851248851349 0.5917182803179366 11581.0 610.0 6.9226104299813045 
2.4517702192152992E7 31915.763849889925 0.494494255439551 0.2667936890305632 24919.0 661.0 9.951063068139177 
3.402541236450438E7 30168.35492561389 0.5375849483690432 0.17644340842189424 37282.0 664.0 5.771541313318241 
1.6227901175370725E7 31636.576802924472 0.3658763245196426 0.42171770923646407 17200.0 618.0 5.010832997820665 
2.394363554592137E7 33175.32900659194 0.5666945285203279 0.19607303612869062 24648.0 622.0 5.409786458876144 
2.7315867346580192E7 37720.21969256834 0.32575525524745996 0.2819844562006469 28268.0 843.0 9.969894523048165 
4.7617201336433455E7 42691.899759410335 0.07564752851513626 0.0 50412.0 1987.0 12.425969001175455 
1.3871220227437379E7 37887.730425385016 0.24917842142697685 0.5335198866143694 13437.0 642.0 5.147838387594027 
2.3506283507926587E7 39573.71128062047 0.5611238883379972 0.19820161252641252 21060.0 628.0 5.158210453638296 
3.485569578778982E7 32854.82003095359 0.27364147505152714 0.25760446897210526 36349.0 962.0 9.875241471750687 
4.255718030534252E7 31432.871154943485 0.30151025091243244 0.21519388215993396 48450.0 871.0 8.230319584138583 
3.5044864282598E7 33798.44538400411 0.4777148434458018 0.13121894744492957 33360.0 738.0 6.460845528348356 
5.35734449901015E7 39731.34093198992 0.33710939325189365 0.005809456070855636 52274.0 1076.0 9.063437027093315 
1.536930612702078E7 30550.525544595388 0.34998987628298645 0.4545081690608825 16067.0 577.0 8.601838406229337 
4.541193478403257E7 42812.58343100756 0.059979129568002824 0.0 48572.0 1982.0 13.14632492909529 
9495619.312635602 37546.61668628677 0.19312937072013373 0.6312267349195554 9111.0 615.0 10.953817001813519 
1.5085500319886843E7 36496.95234484525 0.35103858953259576 0.42752197365756917 15140.0 606.0 3.0803162613125394 
5.232698746010266E7 30651.043225873913 0.3350586916004299 0.0 58663.0 1056.0 11.821823026948136 
5.421018904041327E7 31683.099606510186 0.5628059828571725 0.020169559280852678 57356.0 833.0 8.493910387733434 
4.676249585237403E7 37474.455160112346 0.07830046153766282 0.0 51131.0 1750.0 12.670917154615957 
3.999128290747092E7 33893.70187388692 0.2796430221631528 0.13438585379275972 49144.0 1202.0 10.918187598283586 
1.6188153614603179E7 30144.459665207127 0.2606675423249246 0.5218646329244044 16994.0 689.0 10.501629768314523 
1.0703536098459369E7 32769.83391213019 0.2036009282669754 0.6114257827709911 10894.0 621.0 7.734281775071622 
2.552466239481751E7 32147.979363903974 0.5022090469688553 0.24792723383709642 26654.0 737.0 9.835491803952666 
2.7841019817647897E7 31165.551761397626 0.4705970916378098 0.24498356842853955 32892.0 651.0 6.678757570218274 
1.7318058548951782E7 31584.714486063607 0.3948768800261659 0.3991703743698635 18547.0 605.0 5.649371669996321 
2.3107295032522302E7 32997.1033299387 0.5637249048630183 0.2075569653768878 24424.0 602.0 5.746534487395703 
2.8666405502534766E7 38016.19000944824 0.2972115649189843 0.2867088574736394 32728.0 984.0 10.203608717947038 
1.152885353081342E7 37418.67390062697 0.22111755452530152 0.5596909930068478 12370.0 642.0 5.434410234609208 
2.3100093454195835E7 37657.33417340933 0.4959323424204509 0.2166838856383393 22715.0 655.0 5.5346365868718665 
4.262943250880551E7 31323.8739358668 0.3523001604219773 0.22840143912531086 44457.0 840.0 10.955939135645048 
5.6573984977159135E7 31813.843001233523 0.32198611752856704 0.0 64546.0 1061.0 9.168524018456422 
3.472229540553019E7 31971.099988794234 0.4414667448875229 0.23052482387328221 34422.0 727.0 7.0578814450707785 
5.166227668068278E7 40147.087301799605 0.3236526370984908 0.0 49507.0 1093.0 9.937660201924007 
1.7492181704907667E7 29993.375888509305 0.35926735438720364 0.4360155126494546 18696.0 611.0 8.232405646357993 
4.664107353317036E7 42241.10614405412 0.053468800780824124 0.0 48420.0 1957.0 13.158480670996614 
8546374.776857933 38667.96019488908 0.18635426779567743 0.6384327447733066 8418.0 610.0 9.657482350818324 
1.5614002571605293E7 36408.756463607264 0.3737624404907147 0.4121806486447198 15496.0 604.0 3.16600754937821 
5.345272130980646E7 32030.581349036864 0.25872586531822217 0.0 62000.0 1240.0 11.783517401626751 
5.549576670967847E7 27579.606244695333 0.5115540165198295 0.010757098283121427 62291.0 883.0 11.029962203618014 
4.581823598825121E7 37900.90672003597 0.10157981901908969 6.437645690671125E-4 51725.0 1768.0 12.4220547550327 
3.992339235423408E7 31774.559111556893 0.34363010533857347 0.23470929357221845 44002.0 963.0 10.34665485480703 
1.976027322377761E7 30893.47184305421 0.25941635473504415 0.4715263969431566 21179.0 722.0 10.260847315414244 
1.2159976638392566E7 33200.93012047267 0.24774033444607693 0.5581698396299392 12224.0 602.0 7.236195353645027 
2.6068919688919123E7 32163.94797836773 0.4990577155702768 0.2570801123473006 26791.0 665.0 10.418720487252092 
3.575321126088051E7 32153.595373451197 0.47855589070538945 0.14874595700275678 40859.0 760.0 8.208680013029625 
1.6175077669732148E7 31655.995188381054 0.3711250824174398 0.41769418067979464 16577.0 589.0 5.540881787493133 
2.3414583168425735E7 39001.269621223655 0.33515733294569017 0.32822128887896707 24057.0 797.0 9.154732502488388 
1.7921240682055995E7 36159.605855550224 0.25205459538877667 0.42762061500282944 19329.0 693.0 6.49215740514742 
2.2755833250889886E7 39065.5883649486 0.5336341029088814 0.2357995400198321 20897.0 665.0 5.348422504430326 
5.102842097359673E7 33360.949847351265 0.3841613149410488 0.027541701926621222 51715.0 1050.0 10.96126590665071 
4.282263252010097E7 30875.682467314164 0.3375714500796918 0.23122050493985474 48078.0 1002.0 9.202840400832333 
3.3306264296270084E7 32334.726390967124 0.46937705394643253 0.21372464528053078 32963.0 698.0 6.928008905386662 
4.612561832551042E7 39996.65346601601 0.37706432973205894 0.0 43597.0 1149.0 9.836413095597445 
1.783994828503756E7 30455.43079192834 0.395769843783259 0.4147660902204894 18327.0 589.0 9.148753745161677 
1.0488023856290143E7 37440.757784753165 0.2086627867737531 0.608450967463931 9773.0 615.0 10.281259609530446 
1.5137990627996707E7 37095.1772223381 0.3771422044783171 0.41085158630858126 14975.0 588.0 4.0976829213433295 
5.515792324623498E7 33132.80684396515 0.24932897926974254 0.0 61134.0 1244.0 11.760789740908828 
4.59673019974217E7 38087.3039520687 0.09651276886256145 0.0 50787.0 1754.0 12.629526519522617 
3.975426021698277E7 32953.155944590275 0.3283147385744768 0.22543181546800126 43016.0 890.0 11.46505340865097 
1.8636909298090044E7 29598.068882505086 0.2731846098734795 0.491846514066775 19677.0 711.0 10.556616573752342 
2.449452056688912E7 30838.83910567818 0.4256010632498689 0.3133991288411719 24966.0 776.0 8.973999161562828 
3.505719966438047E7 33468.56005327608 0.49441118904354237 0.16623662501233016 38561.0 771.0 8.30975531517532 
1.7250307440301772E7 31839.731737798065 0.39911326622260757 0.38685058951182916 18426.0 587.0 5.4289358201776805 
2.4954854979528047E7 36952.88089873139 0.3166698681840128 0.3444815358976622 26902.0 757.0 10.668226999870496 
1.282136250053501E7 38416.072328015 0.2616643390770285 0.520047555511715 12223.0 617.0 5.053130596858159 
2.2901897739138026E7 38931.05486504009 0.5411723783466672 0.21735880010590966 20786.0 625.0 5.414202012468633 
5.109952876350822E7 35814.0697321025 0.2725771868526662 0.0 53332.0 1227.0 11.523673239447715 
4.755394099878966E7 31371.1164805108 0.3227752482906493 0.12045146586230707 50012.0 1065.0 9.982151926896153 
3.58149679430466E7 32839.69242611962 0.513256877638007 0.11264841628724359 36296.0 803.0 6.6415888090284785 
4.684264565187811E7 39517.60476444723 0.3621954448465089 0.018181157426395384 48396.0 1112.0 9.638648437330817 
1.402486609993055E7 30993.889681601802 0.33738455068867235 0.47787578458806856 15195.0 588.0 8.895958305753373 
9624980.305825246 37991.14447429129 0.2027702643068888 0.6305829703504883 8960.0 619.0 10.984438712152816 
1.556433666835073E7 37457.38334866968 0.3554255335718031 0.42988417429406545 14433.0 611.0 3.855962125400137 
5.543698892122049E7 30403.477855868885 0.3233982462607143 0.0 63335.0 1201.0 12.186979955268761 
4.380359832460534E7 39218.703739432516 0.07675334991200154 0.0 48492.0 1723.0 12.166060083189052 
4.993488900961883E7 32905.79074234891 0.29943359101221595 0.004319452592450303 58053.0 1139.0 11.524409804103968 
1.5477018133621132E7 27517.810980831688 0.23380075486587373 0.5365154685204317 16192.0 698.0 9.156922502439413 
2.289861274674656E7 32055.71249594826 0.5039067164372822 0.269908678880888 23806.0 627.0 9.161085484583037 
4.18401101876584E7 32064.477941029687 0.5069178732925962 0.0688776172404305 49023.0 932.0 9.224676985432707 
1.644983949579537E7 30941.05537352469 0.38464413836784916 0.40933562458142325 17870.0 595.0 6.328083056712279 
2.4100402851325843E7 36268.56923350266 0.33543768203221935 0.3366161865255922 25566.0 729.0 9.729808997477459 
1.2352101639754359E7 38281.200101547896 0.2577238769163677 0.5283490034628304 11901.0 616.0 4.812665970132783 
2.238768473803059E7 39637.37293504196 0.49780133633064577 0.25779656001287526 21458.0 651.0 5.676654485609099 
5.3334976212430686E7 36039.70091623589 0.2727900444924384 0.0 55596.0 1218.0 12.08225776127463 
5.422963467369207E7 33455.749808786924 0.3869180809585862 0.018814538695961416 56366.0 1008.0 8.272229966329418 
3.1111068979344945E7 33201.683796394835 0.5067361655513273 0.19296842957786695 29371.0 668.0 6.61972590082197 
5.06893610928095E7 38845.57325764681 0.26760358639164766 0.005347399243057467 49752.0 1270.0 10.000255349605135 
2.4216885148935705E7 38198.14152776954 0.3610117487033855 0.32970610070762185 25237.0 776.0 9.49647199958811 
1.1877190473657208E7 34739.39580050683 0.2404097249983127 0.5492765436072621 11898.0 611.0 5.674546602057477 
1.6504854152637932E7 34208.88618583073 0.30141160956717217 0.47309946681757065 18302.0 663.0 8.853387715148056 
4.831392319840902E7 38579.27556810166 0.30756890617131405 0.0 48203.0 1195.0 10.404398188934277 
2.1287066724599358E7 39128.11300345523 0.5145911316238961 0.2540533805427351 19978.0 609.0 4.562314912292985 
1.55162391308838E7 36765.11022503935 0.3441544619633781 0.43869959557048444 14161.0 616.0 4.756688613436568 
4.17669446023255E7 31295.664831193757 0.47051921689155163 0.15602464995301557 43600.0 763.0 9.107203574239504 
1.883678971668684E7 32970.50894972057 0.3899603877124034 0.39120638365253324 19209.0 624.0 9.070675275889208 
1.5736529939932954E7 31537.470798216775 0.36977525348229906 0.4163443517446539 16850.0 586.0 6.036430933756058 
3.93436181499857E7 35213.55289309821 0.32014827351687547 0.25549665917338554 41214.0 822.0 8.122871485099072 
4.762029469404046E7 35763.571551467925 0.2843985733346486 0.002336242387743553 52800.0 1267.0 11.2512720652774 
3.987715063280269E7 34894.01477032438 0.5249796227747291 0.04673523105437215 47642.0 801.0 8.380764296905248 
2.8468094547352117E7 29991.505673395317 0.4180472128628314 0.3274425414163859 30266.0 651.0 11.368738255639853 
4.844122469794454E7 37543.124409132884 0.09070850444145637 0.0 53095.0 1790.0 12.501020332006894 
