28790.0 10745.702344426767 0.127823752558418 0.6070183489858498 34.0 71.0 0.2625 
29630.0 10836.244800950682 0.11626412963354837 0.483684473005867 39.0 63.0 0.0 
29630.0 10836.244800950682 0.11626413155165492 0.4836844809856141 39.0 63.0 0.0 
29630.0 10836.244800950682 0.11626412963354837 0.483684473005867 39.0 63.0 0.0 
26630.0 11244.957118353344 0.10789980732177264 0.6377649325626205 27.0 69.0 0.0 
28820.0 11635.06239295327 0.14003083016637316 0.5883864240018248 31.0 68.0 0.0 
28820.0 11635.06239295327 0.14001284521515736 0.588310854206808 31.0 68.0 0.0 
28675.0 11715.607322619202 0.16058581706063715 0.5755395683453236 26.0 69.0 0.0 
28570.0 11437.716279824706 0.12654162175585099 0.6230729599145963 27.0 69.0 0.0 
28675.0 11715.607322619202 0.16058581706063715 0.5755395683453236 26.0 69.0 0.0 
28790.0 10745.702344426767 0.1278263100517095 0.6070143889979429 34.0 71.0 0.2625 
29630.0 10836.244800950682 0.11624919717405266 0.4836223506743738 39.0 63.0 0.0 
29630.0 10836.244800950682 0.11624919717405266 0.4836223506743738 39.0 63.0 0.0 
26630.0 11244.957118353344 0.10791366728417748 0.6378468548404062 27.0 69.0 0.0 
28820.0 11635.06239295327 0.14001284521515736 0.588310854206808 31.0 68.0 0.0 
28675.0 11715.607322619202 0.16058581706063715 0.5755395683453236 26.0 69.0 0.0 
28130.0 9869.998702414727 0.1387461459400965 0.5922404933183747 40.0 72.0 1.0526315789473684 
29630.0 10836.244800950682 0.11626413155165492 0.4836844809856141 39.0 63.0 0.0 
26630.0 11244.957118353344 0.10791366728417748 0.6378468548404062 27.0 69.0 0.0 
29630.0 10836.244800950682 0.11626413155165492 0.4836844809856141 39.0 63.0 0.0 
28790.0 10745.702344426767 0.127823752558418 0.6070183489858498 34.0 71.0 0.2625 
29630.0 10836.244800950682 0.11626413155165492 0.4836844809856141 39.0 63.0 0.0 
29630.0 10836.244800950682 0.11626412963354837 0.483684473005867 39.0 63.0 0.0 
26630.0 11244.957118353344 0.10789980732177264 0.6377649325626205 27.0 69.0 0.0 
28820.0 11635.06239295327 0.14003083016637316 0.5883864240018248 31.0 68.0 0.0 
28675.0 11715.607322619202 0.16058581706029684 0.575539568344104 26.0 69.0 0.0 
28130.0 9869.998702414727 0.13872832369942195 0.5921644187540142 40.0 72.0 1.0526315789473684 
29630.0 10836.244800950682 0.11626412963354837 0.483684473005867 39.0 63.0 0.0 
26630.0 11244.957118353344 0.10791366728417748 0.6378468548404062 27.0 69.0 0.0 
28130.0 9869.998702414727 0.1387461459403905 0.5922404933196299 40.0 72.0 1.0526315789473684 
28130.0 9869.998702414727 0.13874614365108537 0.5922404835476883 40.0 72.0 1.0526315789473684 
29630.0 10836.244800950682 0.11626413155165492 0.4836844809856141 39.0 63.0 0.0 
26630.0 11244.957118353344 0.10791366728417748 0.6378468548404062 27.0 69.0 0.0 
28130.0 9869.998702414727 0.1387461459400965 0.5922404933183747 40.0 72.0 1.0526315789473684 
28130.0 9869.998702414727 0.1387461459400965 0.5922404933183747 40.0 72.0 1.0526315789473684 
137590.0 5654.317438379724 0.35842754367934226 0.07065775950668038 193.0 117.0 4.457894736842105 
137590.0 5654.317438379724 0.3584275377653038 0.0706577583408305 193.0 116.0 4.524561403508772 
137590.0 5753.586204328284 0.38926002004625 0.07065775950668035 187.0 113.0 4.356968810916179 
137590.0 5753.586204328284 0.3892600205549845 0.07065775950668035 187.0 114.0 4.282894736842105 
137590.0 5753.586204328284 0.38926002055415954 0.07065775950653061 187.0 114.0 4.282894736842105 
111450.0 5945.518612879468 0.2954859894083082 0.1374528783249206 160.0 112.0 4.283458646616541 
137590.0 5654.317438379724 0.3584275441880767 0.07065775950668038 193.0 117.0 4.457894736842105 
137590.0 5654.317438379724 0.3583815028901734 0.07064868336544637 193.0 116.0 4.524561403508772 
137590.0 5753.586204328284 0.3892600141322117 0.0706577583408305 187.0 114.0 4.282894736842105 
137590.0 5654.317438379724 0.3584275441880767 0.07065775950668038 193.0 117.0 4.457894736842105 
137590.0 5654.317438379724 0.3584275441880767 0.07065775950668038 193.0 117.0 4.457894736842105 
137590.0 5654.317438379724 0.3584275377653038 0.0706577583408305 193.0 116.0 4.524561403508772 
137590.0 5753.6970350787815 0.3892100192678227 0.07064868336544637 187.0 114.0 4.282894736842105 
137590.0 5654.317438379724 0.3584275436794076 0.07065775950668038 193.0 117.0 4.457894736842105 
137590.0 5654.317438379724 0.3584275436794076 0.07065775950668038 193.0 117.0 4.457894736842105 
137590.0 5653.888597616365 0.35843150417733516 0.07065775950668035 193.0 117.0 4.457894736842105 
137590.0 5654.317438379724 0.3583815028901734 0.07064868336544637 193.0 116.0 4.524561403508772 
137590.0 5654.317438379724 0.3584275441880767 0.07065775950668038 193.0 117.0 4.457894736842105 
137590.0 5654.317438379724 0.3584275436794076 0.07065775950668038 193.0 117.0 4.457894736842105 
137590.0 5654.317438379724 0.3584275441880767 0.07065775950668038 193.0 117.0 4.457894736842105 
137590.0 5654.317438379724 0.35842754367934226 0.07065775950668038 193.0 117.0 4.457894736842105 
25880.0 11115.413774500988 0.12268756442510226 0.6217882834680118 35.0 70.0 0.0 
25880.0 11115.413774500988 0.12268904942107421 0.6217867984720399 35.0 70.0 0.0 
25880.0 11115.413774500988 0.1226875622099875 0.6217882733993084 35.0 70.0 0.0 
25880.0 11115.413774500988 0.12268904942107421 0.6217867984720399 35.0 70.0 0.0 
25880.0 11115.413774500988 0.1226875622099875 0.6217882733993084 35.0 70.0 0.0 
25880.0 11115.413774500988 0.12268904942107421 0.6217867984720399 35.0 70.0 0.0 
25880.0 11115.413774500988 0.12268756442510226 0.6217882834680118 35.0 70.0 0.0 
25880.0 11115.413774500988 0.12267180475272961 0.6217084136159281 35.0 70.0 0.0 
25880.0 11115.413774500988 0.1226878942334562 0.6217853961665951 35.0 70.0 0.0 
25880.0 11115.413774500988 0.12268904720595945 0.6217867884033365 35.0 70.0 0.0 
25880.0 11115.413774500988 0.12268904942107421 0.6217867984720399 35.0 70.0 0.0 
25880.0 11115.413774500988 0.12268756442510226 0.6217882834680118 35.0 70.0 0.0 
25880.0 11115.413774500988 0.12268756442510226 0.6217882834680118 35.0 70.0 0.0 
25880.0 11115.413774500988 0.12267180475272961 0.6217084136159281 35.0 70.0 0.0 
25880.0 11115.413774500988 0.1226875622099875 0.6217882733993084 35.0 70.0 0.0 
28130.0 9869.998702414727 0.1387461459403905 0.5922404933196299 40.0 72.0 1.0526315789473684 
28130.0 9869.998702414727 0.13874614594039053 0.59224049331963 40.0 72.0 1.0526315789473684 
28130.0 9869.998702414727 0.1387461459403905 0.5922404933196299 40.0 72.0 1.0526315789473684 
28130.0 9869.998702414727 0.13874614365108537 0.5922404835476883 40.0 72.0 1.0526315789473684 
28130.0 9869.998702414727 0.1387461459400965 0.5922404933183747 40.0 72.0 1.0526315789473684 
30915.0 9528.078630463982 0.1483800550191008 0.5710458785380544 45.0 76.0 1.0526315789473684 
25880.0 11115.413774500988 0.12267180475272961 0.6217084136159281 35.0 70.0 0.0 
25880.0 11115.413774500988 0.12268904942107421 0.6217867984720399 35.0 70.0 0.0 
25880.0 11115.413774500988 0.12268756442510226 0.6217882834680118 35.0 70.0 0.0 
25880.0 11115.413774500988 0.12267180475272961 0.6217084136159281 35.0 70.0 0.0 
25880.0 11115.413774500988 0.12268756442510226 0.6217882834680118 35.0 70.0 0.0 
28130.0 9973.931121397298 0.13874614365108537 0.5922404835476883 40.0 72.0 1.1333333333333333 
25880.0 11115.413774500988 0.12268904720595945 0.6217867884033365 35.0 70.0 0.0 
28130.0 9869.998702414727 0.13872832369942195 0.5921644187540142 40.0 72.0 1.0526315789473684 
28130.0 9869.998702414727 0.1387461459400965 0.5922404933183747 40.0 72.0 1.0526315789473684 
28130.0 9869.998702414727 0.13874614365108537 0.5922404835476883 40.0 72.0 1.0526315789473684 
28130.0 9869.998702414727 0.13874614365108537 0.5922404835476883 40.0 72.0 1.0526315789473684 
28130.0 9869.998702414727 0.13874614594039053 0.59224049331963 40.0 72.0 1.0526315789473684 
28130.0 9869.998702414727 0.1387461459400965 0.5922404933183747 40.0 72.0 1.0526315789473684 
28130.0 9869.998702414727 0.13874614365108537 0.5922404835476883 40.0 72.0 1.0526315789473684 
28130.0 9869.998702414727 0.1387461459403905 0.5922404933196299 40.0 72.0 1.0526315789473684 
28130.0 9869.998702414727 0.1387461459400965 0.5922404933183747 40.0 72.0 1.0526315789473684 
28130.0 9869.998702414727 0.13874614365108537 0.5922404835476883 40.0 72.0 1.0526315789473684 
28130.0 9869.998702414727 0.1387461459400965 0.5922404933183747 40.0 72.0 1.0526315789473684 
28130.0 9869.998702414727 0.13874614594039053 0.59224049331963 40.0 72.0 1.0526315789473684 
28130.0 9869.998702414727 0.1387461459400965 0.5922404933183747 40.0 72.0 1.0526315789473684 
28130.0 9869.998702414727 0.13874614365108537 0.5922404835476883 40.0 72.0 1.0526315789473684 
28130.0 9869.998702414727 0.1387461459403905 0.5922404933196299 40.0 72.0 1.0526315789473684 
40500.0 8756.583198564322 0.18371017471736897 0.49974306269270297 57.0 74.0 2.139588100686499 
40500.0 8599.248119326958 0.1837067891953343 0.4997422294492026 57.0 78.0 2.3135011441647597 
40500.0 8599.248119326958 0.18371017428249134 0.499743062585671 57.0 78.0 2.3135011441647597 
40500.0 8756.147597303136 0.18371017471736897 0.49974306269270297 57.0 74.0 2.139588100686499 
40500.0 8756.583198564322 0.18371017471736897 0.49974306269270297 57.0 74.0 2.139588100686499 
42735.0 8090.4510649164795 0.1573538856775851 0.4932562620423892 62.0 78.0 2.052631578947368 
26195.0 10951.533406352686 0.12395632626846499 0.6107899807321773 35.0 68.0 0.0 
26195.0 10951.533406352686 0.12397224872527532 0.6108684380193619 35.0 68.0 0.0 
26195.0 10951.533406352686 0.12395632626846499 0.6107899807321773 35.0 68.0 0.0 
26195.0 10951.533406352686 0.12397224872527532 0.6108684380193619 35.0 68.0 0.0 
26195.0 10951.533406352686 0.12397224872527532 0.6108684380193619 35.0 68.0 0.0 
28130.0 9869.998702414727 0.1387461459400965 0.5922404933183747 40.0 72.0 1.0526315789473684 
26195.0 10951.533406352686 0.12395632626846499 0.6107899807321773 35.0 68.0 0.0 
