43930.0 9144.094859994699 0.2241490044958253 0.4373795761078998 50.0 77.0 0.0 
88276.7838055515 16859.78258157544 0.0674373795761079 0.0 86.0 165.0 4.479159410193893 
38780.0 11160.044199402328 0.04816955684007707 0.41490044958253053 39.0 71.0 0.0 
50940.0 11033.00686471772 0.19845857418111754 0.25369299935773926 48.0 70.0 0.0 
122110.0 8052.868610424548 0.3237100655493913 0.0571623624471858 117.0 80.0 0.0 
84422.99040148732 11923.339004194431 0.15864971166572292 0.015414258337205552 100.0 144.0 2.9394221808014915 
84155.0 7972.035226617409 0.13809530291649083 0.07064868336544637 106.0 93.0 3.1645114942528734 
60650.0 8894.700273551745 0.08349389852280026 0.279383429672447 62.0 91.0 2.9788359788359786 
47860.0 7805.538155111102 0.10918432883750803 0.4091201027617213 55.0 79.0 1.0444444444444445 
77980.0 8396.799640540099 0.20940018950198597 0.08350421099482767 83.0 84.0 3.1724137931034484 
78795.0 8235.599421163948 0.1361592806679512 0.06165703275529865 89.0 78.0 0.4665314401622718 
59860.0 8428.121306803076 0.2960822093770071 0.33076429030186255 63.0 87.0 1.2222222222222223 
72580.0 10063.993557797497 0.4007707129094412 0.15863840719332048 66.0 80.0 1.3225806451612903 
68857.53652502938 13596.376189848028 0.10726983903056163 0.13938848690872926 65.0 102.0 3.053291536050157 
87965.37817183998 16660.751110297206 0.08286030201141176 0.008991651341449462 82.0 163.0 2.8831504702194355 
81835.0 12262.48577177101 0.10919884879812262 0.04239416000584098 76.0 92.0 0.9717868338557993 
52390.0 11888.934450767189 0.09956411243234503 0.2858429971508702 51.0 87.0 0.25098039215686274 
70445.0 11821.13159771454 0.22350674373795762 0.11946050096339114 58.0 79.0 0.47619047619047616 
95550.0 7283.683216909738 0.12780989081567115 0.07129094412331406 110.0 81.0 1.0666666666666667 
86113.21896814607 18331.178676636366 0.041757758025142866 1.7904751343433917E-5 83.0 190.0 5.326464646464647 
38780.0 11160.044199402326 0.04816955684007707 0.41490044958253053 40.0 71.0 0.0 
50940.0 11033.00686471772 0.19845857418111754 0.25369299935773926 48.0 70.0 0.0 
138285.0 6680.0784950602265 0.34232498394348104 0.04367373153500321 149.0 80.0 2.0 
91285.34285981733 13903.18038757993 0.06872190109184328 0.0 86.0 165.0 4.201910732945215 
88235.0 7696.055035454129 0.13166345536287732 0.03147077713551702 117.0 106.0 3.9004926108374383 
57505.0 8220.615111108977 0.08606294155427104 0.2761721258831085 70.0 89.0 2.3 
47860.0 7773.500915242537 0.10918432883750803 0.4091201027617213 55.0 87.0 1.2222222222222223 
66980.0 9763.179341862893 0.18368657675016056 0.1348747591522158 70.0 82.0 2.413793103448276 
78835.0 8298.46955326985 0.18882466281310212 0.06165703275529865 82.0 69.0 0.0 
59860.0 8428.121306803076 0.2960822093770071 0.33076429030186255 63.0 87.0 1.2222222222222223 
68857.53201410436 13669.57318251674 0.09569685292228645 0.13937058445728967 66.0 105.0 3.1442006269592477 
88322.57555360242 13568.371546700997 0.1213979268210676 0.008992805607108727 99.0 145.0 2.3561302681992338 
82110.0 10254.993506714725 0.14964675658317278 0.06229929351316635 80.0 86.0 0.7030303030303031 
55050.0 11459.850616026779 0.10855576304249274 0.2826316933615317 53.0 90.0 0.4666666666666667 
70445.0 11821.131597713727 0.22353545366008196 0.11947584592176794 58.0 79.0 0.47619047619047616 
95550.0 7283.683216909738 0.12780989081567115 0.07129094412331406 110.0 81.0 1.0666666666666667 
86122.4317798162 18331.60671474137 0.04175231313526335 2.299903833453297E-9 83.0 190.0 5.326464646464647 
35025.0 11101.734728979307 0.06422607578676943 0.4444444444444444 39.0 64.0 0.0 
50940.0 11033.00686471772 0.19845857418111754 0.25369299935773926 48.0 70.0 0.0 
150865.0 5465.095651862137 0.4174694926140013 0.03789338471419396 155.0 87.0 3.090909090909091 
85376.57662703565 13353.015727262376 0.13939483939149816 0.015422178167341722 94.0 152.0 3.745753512132823 
73430.0 8545.108480639316 0.13037893384714194 0.13680154142581888 88.0 94.0 3.294932079414838 
51340.0 8843.725577212548 0.11497870062027457 0.3834822248044652 56.0 93.0 3.088888888888889 
47860.0 7773.500915242537 0.10918432883750803 0.4091201027617213 55.0 87.0 1.2222222222222223 
63905.0 8929.930006086428 0.32048811817597944 0.14193962748876043 76.0 74.0 2.5666666666666664 
78835.0 8298.46955326985 0.18882466281310212 0.06165703275529865 82.0 69.0 0.0 
59860.0 8428.121306803076 0.2960822093770071 0.33076429030186255 63.0 87.0 1.2222222222222223 
68862.64151272246 13609.088367519289 0.10341429587713516 0.1393884892086331 65.0 104.0 3.053291536050157 
81310.0 12339.950086398088 0.13680154142581888 0.04367373153500321 85.0 115.0 1.0551149425287356 
56600.0 11623.58737849179 0.1027756654801596 0.2826310381109006 54.0 95.0 1.05 
68200.0 9314.617715394383 0.19653179190751446 0.13359023763648042 67.0 70.0 0.0 
81845.0 8124.981750453248 0.13423249839434812 0.0680796403339756 90.0 76.0 0.7080459770114943 
86122.4317798162 18331.60671474137 0.04175231313526335 2.299903833453297E-9 83.0 190.0 5.326464646464647 
35025.0 11101.734728979307 0.06422607578676943 0.4444444444444444 39.0 64.0 0.0 
50080.0 10867.071428571431 0.1907514450867052 0.2594733461785485 48.0 71.0 0.0 
87477.42239384016 11865.027639476624 0.12141335651501804 0.01350125514759493 114.0 170.0 4.015527950310559 
74885.0 9478.374767875439 0.12845215157353887 0.13937058445728967 86.0 92.0 2.7387669801462904 
56480.0 8590.53798862292 0.14322414900449582 0.23892100192678228 64.0 77.0 2.2376470588235295 
47860.0 7773.500915242537 0.10918432883750803 0.4091201027617213 55.0 87.0 1.2222222222222223 
68815.0 9897.621307368872 0.19332048811817598 0.12395632626846499 81.0 83.0 3.0952380952380953 
78835.0 8298.46955326985 0.18882466281310212 0.06165703275529865 82.0 69.0 0.0 
59860.0 8428.121306803076 0.2960822093770071 0.33076429030186255 63.0 87.0 1.2222222222222223 
68857.57284612114 13739.255150505085 0.08414622573718787 0.13938848920863306 67.0 107.0 3.2048066875653083 
93740.0 12159.570119169697 0.12461500448180035 0.006431765053837291 105.0 114.0 1.5670833333333334 
53745.0 11310.1812849772 0.10661528580603725 0.287732819524727 50.0 80.0 0.0 
72845.0 11730.46875 0.178548490687219 0.1438664097623635 70.0 76.0 0.0 
82700.0 8165.528592448867 0.12909441233140656 0.06486833654463713 96.0 82.0 0.7389162561576355 
86122.4317798162 18331.60671474137 0.04175231313526335 2.299903833453297E-9 83.0 190.0 5.326464646464647 
35730.0 11830.515981398094 0.07000642260757868 0.4624277456647399 38.0 70.0 0.0 
50080.0 10867.071428571431 0.1907514450867052 0.2594733461785485 48.0 71.0 0.0 
94207.76503118864 12881.835784244036 0.14001903269837382 5.329485543770463E-5 93.0 144.0 4.316797235023041 
74885.0 9275.218699972856 0.12846246404556627 0.13938848690872926 86.0 96.0 2.9926854754440964 
58155.0 8121.224472337967 0.1355170199100835 0.22992935131663456 74.0 81.0 2.3 
47860.0 7773.500915242537 0.10918432883750803 0.4091201027617213 55.0 87.0 1.2222222222222223 
85095.0 8847.255883935168 0.23442517662170842 0.045600513808606295 88.0 77.0 2.3087774294670846 
78835.0 8298.46955326985 0.18882466281310212 0.06165703275529865 82.0 69.0 0.0 
59860.0 8428.121306803076 0.2960822093770071 0.33076429030186255 63.0 87.0 1.2222222222222223 
68857.57096832912 13739.180161357635 0.08414845174732463 0.13938848690872926 67.0 107.0 3.2048066875653083 
96019.99999999999 11631.645664898455 0.14450867052023122 0.00899165061014772 94.0 103.0 2.1123737373737375 
51420.0 11690.603436037485 0.11433883235591724 0.286485670407619 61.0 88.0 0.9482758620689655 
70460.0 10819.310448789729 0.16377649325626203 0.15606936416184972 69.0 77.0 0.0 
95550.0 7824.530668366999 0.12780989081567115 0.07129094412331406 109.0 84.0 1.1428571428571428 
86128.01434318683 18331.589835262846 0.041752312435855525 2.9542759581930596E-13 83.0 190.0 5.326464646464647 
35730.0 11830.515981398094 0.07000642260757868 0.4624277456647399 38.0 70.0 0.0 
50080.0 10867.071428571431 0.1907514450867052 0.2594733461785485 48.0 71.0 0.0 
89619.33645362474 12819.39326891593 0.08670520231213873 0.0 115.0 177.0 4.384709543330233 
97007.37400829964 8827.390359121659 0.10661528580603725 0.03789338471419396 100.0 108.0 2.62826420890937 
46840.0 8609.114950270521 0.12074502247912652 0.371868978805395 60.0 89.0 2.6724137931034484 
47860.0 7773.500915242537 0.10918432883750803 0.4091201027617213 55.0 87.0 1.2222222222222223 
85095.0 9535.989240559531 0.23442517662170842 0.045600513808606295 87.0 81.0 3.068965517241379 
78835.0 8298.46955326985 0.18882466281310212 0.06165703275529865 82.0 69.0 0.0 
53020.0 9540.203484229081 0.20680796403339757 0.24149004495825305 60.0 73.0 1.0952380952380953 
68855.0 13795.124462834758 0.08028259473346179 0.13937058445728967 66.0 109.0 3.2048066875653083 
88725.64287938227 13345.873755024228 0.14453738413020684 0.011576040571088218 103.0 124.0 2.2593073593073596 
54220.0 9970.791069901587 0.11560693641618497 0.26011560693641617 57.0 82.0 0.9545454545454546 
83145.0 10070.311689466585 0.25690430314707774 0.05009633911368015 76.0 69.0 0.0 
112665.0 11248.814546692473 0.1689145793192036 0.0449582530507386 113.0 113.0 1.216161616161616 
86128.01434318683 18331.589835262846 0.041752312435855525 2.9542759581930596E-13 83.0 190.0 5.326464646464647 
35730.0 11830.515981398094 0.07000642260757868 0.4624277456647399 38.0 70.0 0.0 
54765.0 10330.677578906994 0.17212588310854207 0.24791265253692998 54.0 73.0 0.0 
91319.60269485286 13221.409346112789 0.08671634121283935 0.004496402877755013 112.0 188.0 4.972906403940887 
75415.0 9161.208651168059 0.12204604527476501 0.1368194461768669 90.0 103.0 3.4734156985678286 
55695.0 8818.23260643867 0.15157353885677585 0.24341682723185612 67.0 81.0 2.310344827586207 
53270.0 8782.03919485186 0.1111111111111111 0.3031470777135517 57.0 80.0 0.0 
92279.99999999999 6921.222909793358 0.2459858702633269 0.04367373153500321 100.0 84.0 3.2413793103448274 
78835.0 8298.46955326985 0.18882466281310212 0.06165703275529865 82.0 69.0 0.0 
53220.0 8588.859096270084 0.1329479768786127 0.26011560693641617 59.0 72.0 0.0 
68777.45467612526 13644.54347403366 0.11754601115644474 0.14003074766659696 65.0 97.0 2.225974025974026 
55470.0 11136.62907499248 0.11946050096339114 0.28387925497752087 53.0 80.0 0.0 
78865.0 10588.74398691062 0.30828516377649323 0.05330764290301863 79.0 64.0 0.0 
105295.0 10730.560883310227 0.15415322547232002 0.030187410616742637 102.0 103.0 2.0795454545454546 
87803.29947052547 15983.480320951332 0.0282631033363322 0.0 90.0 183.0 4.8686868686868685 
