84391.90178789024 17558.40113863148 0.04175866422962328 0.0 85.0 187.0 4.424776848538459 
38780.0 11996.155310513439 0.04816955684007707 0.41490044958253053 36.0 71.0 0.0 
49200.0 12489.31793005222 0.2357096981374438 0.26140012845215155 43.0 72.0 0.0 
78835.0 8298.46955326985 0.18882466281310212 0.06165703275529865 82.0 69.0 0.0 
92255.37968534583 15312.012239653412 0.04367373153500321 0.0 108.0 194.0 5.320297349709114 
81800.00000000001 7594.708250850101 0.15480480759195941 0.05459810440264181 93.0 86.0 3.2679089026915116 
54870.0 9476.738119078773 0.07321772639691715 0.3236994219653179 58.0 93.0 2.734632683658171 
68145.0 8242.40385813862 0.1425928607168653 0.23703332454710715 78.0 100.0 1.380952380952381 
53050.0 8624.161218557603 0.08542068079640334 0.3044315992292871 57.0 80.0 0.0 
63765.0 7983.709291181731 0.24344075216695973 0.18114937863231045 83.0 86.0 3.1765873015873014 
70680.0 8752.628800069735 0.20937700706486834 0.11881824020552344 70.0 70.0 0.0 
56880.0 8936.394657668878 0.17469492614001284 0.2241490044958253 60.0 72.0 0.0 
68585.0 12389.55272017102 0.08992805746898805 0.14645426513779616 68.0 110.0 3.194871794871795 
90855.00000000001 12271.848607631297 0.12267180475272961 0.007707129094412331 91.0 116.0 2.7692964663179245 
53430.0 14043.510371604645 0.094424377942473 0.32374133723574405 47.0 98.0 0.8138825324180015 
67886.3096316689 13680.685379446426 0.2588637592747559 0.09634959307009511 58.0 83.0 0.5299145299145299 
95550.0 7288.07701849539 0.12780989081567115 0.07129094412331406 110.0 81.0 1.0571428571428572 
89429.43495077234 18004.155505060502 0.06103473694327605 5.939983887793704E-6 82.0 199.0 5.258416945373467 
38780.0 11996.155310513439 0.04816955684007707 0.41490044958253053 36.0 71.0 0.0 
51500.0 11675.999999999996 0.20166987797045602 0.24855491329479767 46.0 71.0 0.0 
78835.0 8298.46955326985 0.18882466281310212 0.06165703275529865 82.0 69.0 0.0 
97994.24995639251 15278.356350666028 0.04431599229287091 0.0 106.0 201.0 5.351190476190476 
83774.99999999999 7502.965867181218 0.15542710340398203 0.046242774566473986 102.0 93.0 3.5999999999999996 
54870.0 9476.985402834427 0.07321772639691715 0.3236994219653179 58.0 99.0 2.6656671664167915 
66995.0 8205.118364418939 0.07193320488118175 0.3198458574181118 80.0 85.0 2.0952380952380953 
53050.0 8624.161218557603 0.08542068079640334 0.3044315992292871 57.0 80.0 0.0 
66230.0 7774.377660699624 0.37122671804752727 0.16441875401412973 81.0 84.0 3.344827586206897 
83660.0 9812.610729234382 0.279383429672447 0.03596660244059088 96.0 84.0 1.2222222222222223 
56880.0 8936.394657668878 0.17469492614001284 0.2241490044958253 60.0 72.0 0.0 
68477.5 14670.34459983553 0.08350462521068767 0.1445272354499612 67.0 120.0 3.3280282935455348 
98987.21075078065 13351.166515174924 0.11560693641618497 0.0 112.0 146.0 3.0214462817057157 
53585.00000000001 13407.213575019556 0.09378228215236321 0.3263103802672148 47.0 96.0 0.8138825324180015 
65500.0 13021.980829701195 0.22610491317500875 0.12846865364823748 56.0 85.0 0.648421052631579 
95550.0 7824.573446472481 0.12780989081567115 0.07129094412331406 109.0 84.0 1.1428571428571428 
83966.20606003655 18235.734880659445 0.07000642260757868 0.0 92.0 206.0 5.413869463869464 
38780.0 11996.155310513439 0.04816955684007707 0.41490044958253053 36.0 71.0 0.0 
51920.0 11736.86974789916 0.20873474630700065 0.24534360950545922 47.0 70.0 0.0 
78835.0 8298.46955326985 0.18882466281310212 0.06165703275529865 82.0 69.0 0.0 
105586.48606143158 15068.381250651937 0.06358381502890173 0.0 111.0 196.0 4.665022461814915 
83774.99999999997 7545.943748857177 0.1554470683498271 0.04624871455036179 102.0 98.0 3.5999999999999996 
55680.00000000001 9914.029572772943 0.07452378158368747 0.3217784199859664 56.0 90.0 2.4752791068580544 
76530.0 8142.455940602695 0.147077713551702 0.2119460500963391 83.0 113.0 2.184108527131783 
53050.0 8624.161218557603 0.08542068079640334 0.3044315992292871 57.0 80.0 0.0 
90900.0 11439.19602446939 0.19910083493898523 0.028259473346178548 85.0 85.0 3.7416666666666667 
83660.0 9812.609828903183 0.2794193170751025 0.03597122242805916 96.0 84.0 1.2222222222222223 
56880.0 8936.394657668878 0.17469492614001284 0.2241490044958253 60.0 72.0 0.0 
73355.0 11457.145795596496 0.10597302504816955 0.15028901734104047 66.0 92.0 2.589851325145443 
53585.0 13401.955329881695 0.09378186966414065 0.32631038026721615 47.0 96.0 0.8138825324180015 
65570.0 12977.799148146434 0.22674906744315457 0.12846865152878273 55.0 83.0 0.49411764705882355 
95550.0 7824.573446472481 0.12780989081567115 0.07129094412331406 109.0 84.0 1.1428571428571428 
86780.16330626034 16948.617151816197 0.06936416184971098 0.0 94.0 201.0 5.134920634920635 
38025.0 12006.7914578236 0.045600513808606295 0.43481053307642903 38.0 68.0 0.0 
50940.0 11033.00686471772 0.19845857418111754 0.25369299935773926 48.0 70.0 0.0 
78835.0 8298.46955326985 0.18882466281310212 0.06165703275529865 82.0 69.0 0.0 
90820.2873941653 16184.258702421432 0.05202312138728324 0.0 118.0 231.0 5.524886877828054 
88703.96607433986 7997.11236585957 0.10663525075188234 5.939983887793704E-6 103.0 104.0 4.104029304029304 
55680.0 9914.675474108615 0.07450224791265253 0.3217726396917148 56.0 90.0 2.4752791068580544 
53050.0 8624.161218557603 0.08542068079640334 0.3044315992292871 57.0 80.0 0.0 
75271.68339886858 12042.275332978108 0.2113037893384714 0.07964033397559409 87.0 118.0 2.9463203463203462 
81100.0 8402.184488174757 0.20297766442308524 0.05332290536161921 113.0 102.0 1.9833333333333334 
56880.0 8936.394657668878 0.17469492614001284 0.2241490044958253 60.0 72.0 0.0 
68935.0 12613.796003760468 0.08477842003853564 0.14515093127809892 70.0 115.0 3.1606837606837606 
53585.0 13401.955329881695 0.09378186966414065 0.32631038026721615 47.0 96.0 0.8138825324180015 
65570.0 12977.66346297305 0.22674907118450405 0.12846865364850973 55.0 83.0 0.49411764705882355 
95550.0 7824.573446472481 0.12780989081567115 0.07129094412331406 109.0 84.0 1.1428571428571428 
86779.31140278513 16965.37728325745 0.06937307182554268 0.0 94.0 201.0 5.134920634920635 
38025.0 12006.7914578236 0.045600513808606295 0.43481053307642903 38.0 68.0 0.0 
52880.0 11559.637368460893 0.2132305716120745 0.23892100192678228 48.0 70.0 0.0 
78835.0 8298.46955326985 0.18882466281310212 0.06165703275529865 82.0 69.0 0.0 
98985.40641197236 14358.090737853836 0.06294155427103404 0.0 130.0 221.0 5.060343165606324 
89022.38055140516 8444.2000340936 0.10661528580603725 0.0 104.0 113.0 3.77069597069597 
55679.99999999999 9914.369031032433 0.07451182065274035 0.32181397282209195 56.0 90.0 2.4752791068580544 
53050.0 8624.161218557603 0.08542068079640334 0.3044315992292871 57.0 80.0 0.0 
81050.0 8367.60707055727 0.23956326268464997 0.06486833654463713 83.0 68.0 2.08 
56880.0 8936.394657668878 0.17469492614001284 0.2241490044958253 60.0 72.0 0.0 
68585.0 12394.751083851426 0.08992739607193816 0.14645409774325988 71.0 113.0 3.074871794871795 
53585.0 13370.657954522556 0.09185533533495169 0.32631038027781334 48.0 98.0 1.1191456903127384 
71335.0 13281.4995087207 0.24729951818512325 0.07066518544041728 61.0 91.0 1.12 
95550.0 7824.573446472481 0.12780989081567115 0.07129094412331406 109.0 84.0 1.1428571428571428 
91320.15362170234 17319.480897314224 0.03917790622992935 0.0 96.0 189.0 4.335021657602303 
37105.0 11461.240396145133 0.08028259473346179 0.43481053307642903 41.0 65.0 0.0 
58070.0 11225.67352002836 0.17276814386640976 0.24277456647398843 53.0 74.0 0.0 
78835.0 8298.46955326985 0.18882466281310212 0.06165703275529865 82.0 69.0 0.0 
64070.0 8470.489177248497 0.17666939328427073 0.1644398739568419 92.0 103.0 3.5810983397190297 
55680.0 9914.50618722351 0.07451181911613568 0.32181397738951695 56.0 90.0 2.4752791068580544 
53050.0 8624.161218557603 0.08542068079640334 0.3044315992292871 57.0 80.0 0.0 
93500.0 8016.198323831861 0.227385965715568 0.035332921659450005 104.0 80.0 2.15625 
57105.0 9340.345894460612 0.1894669235709698 0.22093770070648683 61.0 74.0 1.0689655172413792 
71650.0 12071.515636352578 0.17921987785114765 0.09185979045005119 67.0 110.0 3.4885385878489323 
54535.0 12297.044355043698 0.09506663864735569 0.3263103802672148 49.0 91.0 0.9078674948240165 
66290.0 12234.20569562825 0.24149004495825305 0.12845215157353887 57.0 81.0 0.5115089514066496 
95550.0 7824.573446472481 0.12780989081567115 0.07129094412331406 109.0 84.0 1.1428571428571428 
88969.2140111474 18559.728216867232 0.03789338471419396 0.0 91.0 232.0 5.157796174587125 
42625.0 12051.886675815686 0.07964033397559409 0.37700706486833657 40.0 71.0 0.0 
55995.0 11582.850564932874 0.23956326268464997 0.20616570327552985 52.0 70.0 0.0 
88865.0 6982.957676799825 0.19974309569685292 0.06679511881824021 96.0 75.0 1.1 
81449.99999999999 10074.80590019706 0.15480472765672343 0.05459917766273637 92.0 103.0 3.7710144927536233 
55679.99999999999 9914.506187254268 0.07451181911613568 0.32181397738951695 56.0 90.0 2.4752791068580544 
51515.0 10151.360617055641 0.07258487061353847 0.34686238913576944 49.0 83.0 0.4805491990846682 
88557.54775306096 9946.05541068031 0.19781631342324985 0.03789338471419396 111.0 109.0 2.178018575851393 
60445.0 9627.906948370692 0.19653179190751446 0.2003853564547206 61.0 74.0 1.2 
72575.00000000001 12904.138136283507 0.1862788847185252 0.08094011794993006 68.0 103.0 2.7658934169278995 
54305.0 12480.160908030794 0.09955041746949261 0.3262684649967887 48.0 89.0 0.5115089514066496 
66290.0 12233.596268024157 0.2415191713638334 0.12846865364823748 57.0 81.0 0.5115089514066496 
92776.01612845379 10460.805507938947 0.17213743307721277 0.0424363998912653 98.0 118.0 2.2860046457607432 
55680.0 9914.553756668705 0.07451181788669398 0.3218139720796007 56.0 90.0 2.4752791068580544 
89250.0 10608.209347063863 0.13425238339468937 0.03790039809603889 101.0 109.0 3.708045977011494 
45455.0 11090.937278525867 0.0899165061014772 0.3673731535003211 46.0 78.0 0.0 
86590.32258064515 11418.59379615575 0.20039468013752262 0.016743334924744478 100.0 116.0 2.4972848788638258 
67055.0 9995.650580969328 0.09184328837508028 0.18432883750802825 67.0 79.0 0.0 
72580.0 11584.022358365206 0.2466281310211946 0.0905587668593449 59.0 74.0 0.0 
92100.0 9946.949910423815 0.17148362235067438 0.018625561978163133 104.0 119.0 2.4213032581453633 
