102093.43236272282 11341.809970347354 0.06872190109184328 0.0 143.0 208.0 5.4085919679270065 
84542.99047436436 18270.767469402374 0.03789338471419396 0.0 87.0 213.0 5.0049903100775195 
25675.0 12027.845361238475 0.06679511881824021 0.6043673731535003 23.0 68.0 0.0 
45710.0 12270.086083213771 0.21258831085420682 0.3031470777135517 40.0 65.0 0.0 
126665.0 5179.047184458455 0.14065510597302505 0.03789338471419396 143.0 89.0 4.0 
81845.0 8186.938676967647 0.18882466281310212 0.0680796403339756 85.0 69.0 0.0 
85444.48509666703 10523.74757395016 0.12590175349149366 0.04367406153410809 78.0 83.0 0.6666666666666666 
94039.38601258372 13722.307742599547 0.07516158612419763 0.0 104.0 199.0 4.256968793828892 
72770.0 8558.801005392985 0.09184328837508028 0.1464354527938343 96.0 95.0 3.083333333333333 
115372.7987759178 14545.42203137336 0.08607317152652223 4.223988542431078E-5 139.0 220.0 4.1269857859531776 
55530.0 8393.985270049101 0.07964033397559409 0.32883750802825945 58.0 76.0 2.0 
71450.0 7405.760176647354 0.07064868336544637 0.3397559409120103 85.0 76.0 1.0434782608695652 
47860.0 7813.547465078245 0.10918432883750803 0.4091201027617213 55.0 81.0 1.0888888888888888 
66980.0 8820.878579338048 0.18371017471736897 0.13489208633093525 71.0 75.0 2.2118226600985222 
73295.0 9454.74493445806 0.224791265253693 0.10468850353243417 87.0 79.0 1.2857142857142856 
56865.0 8381.13808116459 0.17212588310854207 0.3500321130378934 54.0 79.0 1.1 
63625.146496020665 13765.056550572961 0.12268731680938187 0.1573741007196286 61.0 102.0 2.800808080808081 
87846.39827504648 13801.525139674308 0.08673036474388564 0.01800268866770699 95.0 170.0 3.1468010752688174 
67685.0 9767.738564983836 0.1252408477842004 0.14771997430956968 72.0 71.0 0.0 
46085.63978521858 12406.484817605626 0.07322721506884991 0.36099691674174095 45.0 96.0 0.7563025210084033 
62005.0 11582.00497512275 0.20811979637724115 0.1560896613749471 54.0 74.0 0.38181818181818183 
93245.00000000001 10334.069855222915 0.14966375153707395 0.0012877390070079435 92.0 90.0 3.7222222222222223 
92580.0 7122.327226345083 0.10982658959537572 0.1252408477842004 95.0 81.0 1.0666666666666667 
89255.0 10799.406619799647 0.11303789338471419 0.05138086062941554 74.0 92.0 1.0 
84541.91088609525 18278.366480186567 0.037898252200990905 0.0 87.0 213.0 5.0049903100775195 
25675.0 12027.845361238475 0.06679511881824021 0.6043673731535003 23.0 68.0 0.0 
45710.0 12270.086083213771 0.21258831085420682 0.3031470777135517 40.0 65.0 0.0 
100200.0 8928.733971865677 0.09634818865553828 0.003254946170958511 117.0 111.0 3.4610702341137123 
81845.0 8186.938676967647 0.18882466281310212 0.0680796403339756 85.0 69.0 0.0 
72250.0 10411.086086086085 0.14771997430956968 0.12267180475272961 75.0 69.0 0.0 
94038.08729587773 13731.992841122168 0.07515416333797356 0.0 104.0 199.0 4.256968793828892 
72770.0 8558.801005392985 0.0918559948560282 0.14645451265831938 93.0 93.0 3.1 
55530.0 8393.985270049101 0.07964033397559409 0.32883750802825945 58.0 76.0 2.0 
71450.0 7405.760176647354 0.07064868336544637 0.3397559409120103 85.0 76.0 1.0434782608695652 
47860.0 7813.547465078245 0.10918432883750803 0.4091201027617213 55.0 81.0 1.0888888888888888 
74193.99212068578 10553.304168799752 0.34425176621708414 0.09826589595375723 72.0 81.0 2.591880341880342 
75880.0 9410.58897243108 0.24855491329479767 0.11560693641618497 75.0 76.0 1.1176470588235294 
53740.0 9493.847302892524 0.26332691072575465 0.38856775850995506 54.0 83.0 1.2702702702702702 
63615.03672125707 12949.311724684574 0.12268756420254455 0.15737410071942448 62.0 97.0 2.554141414141414 
89126.40250325961 15931.520303209823 0.09185170443331546 4.493761748477082E-17 94.0 178.0 3.4565556884635833 
70010.0 11125.437226621138 0.10854206807964033 0.16184971098265896 72.0 87.0 0.5523809523809524 
46575.0 11987.95518207283 0.06487716510176836 0.36099625674350405 45.0 93.0 0.48484848484848486 
65730.0 12522.893640907072 0.2344519100573381 0.11691150798476235 58.0 76.0 0.7076923076923076 
106432.42519068277 12655.924593421529 0.15868725056853997 7.0999826680792865E-6 101.0 126.0 4.057070707070707 
92580.0 7122.327226345083 0.10982658959537572 0.1252408477842004 95.0 81.0 1.0666666666666667 
89255.0 10799.15318407657 0.1130524133453288 0.05138746061151309 74.0 92.0 1.0 
84541.91088609525 18278.366480186567 0.037898252200990905 0.0 87.0 213.0 5.0049903100775195 
25675.0 12027.845361238475 0.06679511881824021 0.6043673731535003 23.0 68.0 0.0 
45710.0 12270.086083213771 0.21258831085420682 0.3031470777135517 40.0 65.0 0.0 
134080.0 6691.952864775985 0.1329479768786127 0.0 142.0 110.0 4.296583850931677 
78780.0 8492.560501672562 0.19974309569685292 0.06358381502890173 81.0 69.0 0.0 
73200.0 10472.876316683652 0.15478484264611433 0.11817597944765575 74.0 70.0 0.0 
93880.3544403032 12875.619125988052 0.0513874627418469 0.0 109.0 189.0 5.1516563146997925 
72375.0 8667.30149026734 0.09891995417962429 0.14838104501641539 91.0 88.0 2.5999999999999996 
55530.0 8393.985270049101 0.07964033397559409 0.32883750802825945 58.0 76.0 2.0 
71450.0 7405.760176647354 0.07064868336544637 0.3397559409120103 85.0 76.0 1.0434782608695652 
47860.0 7813.547465078245 0.10918432883750803 0.4091201027617213 55.0 81.0 1.0888888888888888 
76370.0 10175.310707132727 0.2697839207111151 0.12846964152609736 76.0 79.0 0.7793406593406593 
52260.0 9698.630266157865 0.26653821451509313 0.3834296724470135 54.0 76.0 1.0888888888888888 
63200.0 12270.014431859723 0.1361592806679512 0.1573538856775851 63.0 80.0 2.5154248366013072 
89439.04983950818 17824.898475328777 0.06551901336073998 7.414686772649315E-25 87.0 190.0 3.658378427128427 
70010.0 11125.437226621138 0.10854206807964033 0.16184971098265896 72.0 87.0 0.5523809523809524 
47070.0 12115.794190639312 0.09123939138034858 0.3603223162835041 46.0 91.0 0.5158730158730158 
62495.0 11752.43885708878 0.20169743640341087 0.15608941421440037 53.0 80.0 0.20855614973262032 
92580.0 7122.327226345083 0.10982658959537572 0.1252408477842004 95.0 81.0 1.0666666666666667 
92218.69914143202 12834.928883958773 0.14515093127809892 0.002569043031470777 86.0 103.0 1.2568452380952382 
84541.91088609525 18278.366480186567 0.037898252200990905 0.0 87.0 213.0 5.0049903100775195 
25675.0 12027.845361238475 0.06679511881824021 0.6043673731535003 23.0 68.0 0.0 
45710.0 12270.086083213771 0.21258831085420682 0.3031470777135517 40.0 65.0 0.0 
111143.62498918611 8951.872365012056 0.12716763005780346 0.0 126.0 114.0 4.483333333333333 
78780.0 8492.560501672562 0.19974309569685292 0.06358381502890173 81.0 69.0 0.0 
97268.72658090225 12726.086778181252 0.06106154937054733 8.2499776219357E-7 111.0 210.0 5.2956014175526365 
72375.0 8667.30149026734 0.09891995417962429 0.14838104501641539 91.0 88.0 2.5999999999999996 
55530.0 8393.985270049101 0.07964033397559409 0.32883750802825945 58.0 76.0 2.0 
71450.0 7405.760176647354 0.07064868336544637 0.3397559409120103 85.0 76.0 1.0434782608695652 
47860.0 7813.547465078245 0.10918432883750803 0.4091201027617213 55.0 81.0 1.0888888888888888 
76020.0 10432.157859152812 0.21839753259669284 0.08158056371272093 93.0 97.0 1.8398268398268398 
52260.0 9698.630266157865 0.26653821451509313 0.3834296724470135 54.0 76.0 1.0888888888888888 
63515.48798114552 14176.137388099709 0.12076078192894146 0.15737410071942448 63.0 109.0 3.1685823754789273 
70010.0 11125.437226621138 0.10854206807964033 0.16184971098265896 72.0 87.0 0.5523809523809524 
46890.0 12379.2265200943 0.0687303172666852 0.35585874817902313 46.0 98.0 0.6238859180035651 
65385.0 11298.522611425386 0.20619326170848473 0.13746385223623722 57.0 76.0 0.47619047619047616 
92580.0 7122.327226345083 0.10982658959537572 0.1252408477842004 95.0 81.0 1.0666666666666667 
102842.49103983998 12612.744699596198 0.2459858702633269 0.014771997430956968 91.0 95.0 1.418181818181818 
84541.91088609525 18278.366480186567 0.037898252200990905 0.0 87.0 213.0 5.0049903100775195 
25675.0 12027.845361238475 0.06679511881824021 0.6043673731535003 23.0 68.0 0.0 
45710.0 12270.086083213771 0.21258831085420682 0.3031470777135517 40.0 65.0 0.0 
139573.46150571917 9711.544708652687 0.13103827205868704 0.0 142.0 165.0 4.296583850931677 
78020.0 8487.13554688052 0.19845857418111754 0.06358381502890173 82.0 70.0 0.0 
93880.01598004685 12875.361528777059 0.0513974452780713 0.0 111.0 191.0 5.224572981366459 
72770.0 8594.022142897818 0.09184328837508028 0.1464354527938343 93.0 104.0 3.3666666666666667 
55530.0 8393.985270049101 0.07964033397559409 0.32883750802825945 58.0 76.0 2.0 
71450.0 7732.824489617373 0.0706577583408305 0.33979958329363036 85.0 86.0 0.21014492753623187 
43300.0 8934.568179259093 0.09826589595375723 0.4489402697495183 49.0 77.0 0.0 
93100.0 10508.965078264664 0.37443802183686575 0.06037251123956326 93.0 94.0 1.6472972972972972 
50165.0 9403.560488522893 0.24084778420038536 0.3937058445728966 49.0 77.0 0.0 
63478.333333333336 12791.217246366272 0.12782622937443566 0.15737410230868198 64.0 94.0 2.5014814814814814 
70010.0 11125.437226621138 0.10854206807964033 0.16184971098265896 72.0 87.0 0.5523809523809524 
46710.0 12016.853638688677 0.06551992114426591 0.36035457369525165 47.0 95.0 0.6238859180035651 
62945.0 11014.603144720455 0.21069164443289112 0.1618647285174033 54.0 70.0 0.0 
92580.0 7122.327226345083 0.10982658959537572 0.1252408477842004 95.0 81.0 1.0666666666666667 
102227.70219189927 16417.201499292005 0.11624919717405266 0.0038535645472061657 95.0 149.0 2.279243311448907 
88831.67260093472 10561.465357813373 0.49261400128452154 0.03596660244059088 106.0 95.0 1.7005789909015714 
84541.58634796494 18280.766885754456 0.03789825282623006 0.0 87.0 213.0 5.0049903100775195 
46325.0 12071.139705882353 0.07258429419618069 0.36228077825923943 43.0 88.0 0.0 
89160.0 9267.890879345614 0.20680796403339757 0.027617212588310854 110.0 109.0 3.1104166666666666 
51955.0 8255.602716938734 0.12975069805123154 0.38091318177299444 61.0 87.0 1.9722222222222223 
41995.0 11251.895654891805 0.1670145304812302 0.3731735503739724 40.0 64.0 0.0 
78020.0 8487.13554688052 0.19845857418111754 0.06358381502890173 82.0 70.0 0.0 
61935.0 11115.493698060824 0.18754014129736674 0.1913937058445729 61.0 70.0 0.0 
51920.0 8052.291974208318 0.1123956326268465 0.39948619139370584 56.0 89.0 1.2222222222222223 
89355.7636195647 14086.835327342205 0.07194426127122984 0.0 106.0 192.0 4.436434610075914 
