349520.0 22106.718788407314 0.07879354687865327 0.7667757774140753 317.0 113.0 0.0 
349520.0 22106.718788407314 0.07879400744685204 0.7667802594123183 317.0 113.0 0.0 
349520.0 22106.718788407314 0.07879404622614769 0.7667801977412796 317.0 113.0 0.0 
349520.0 22106.718788407314 0.07879404622614769 0.7667801977412796 317.0 113.0 0.0 
341305.0 22678.75288151451 0.08192121768025974 0.7685046089555582 304.0 113.0 0.0 
341305.0 22678.75288151451 0.08192073883563246 0.7685001169043723 304.0 113.0 0.0 
341305.0 22678.75288151451 0.0819212176830587 0.7685046089818154 304.0 113.0 0.0 
341305.0 22678.75288151451 0.08192073883563246 0.7685001169043723 304.0 113.0 0.0 
341305.0 22678.75288151451 0.08192073883563246 0.7685001169043723 304.0 113.0 0.0 
341305.0 22678.75288151451 0.08192073883563246 0.7685001169043723 304.0 113.0 0.0 
349520.0 22106.718788407314 0.07879400744685204 0.7667802594123183 317.0 113.0 0.0 
349520.0 22106.718788407314 0.07879400744685204 0.7667802594123183 317.0 113.0 0.0 
349520.0 22106.718788407314 0.0787940074470787 0.7667802594119578 317.0 113.0 0.0 
341305.0 22678.75288151451 0.08192121768305868 0.7685046089818152 304.0 113.0 0.0 
341305.0 22678.75288151451 0.0819212176830587 0.7685046089818154 304.0 113.0 0.0 
341305.0 22678.75288151451 0.08192073883563246 0.7685001169043723 304.0 113.0 0.0 
349520.0 22106.718788407314 0.07879400744415993 0.76678025938612 317.0 113.0 0.0 
349520.0 22106.718788407314 0.07879400744685204 0.7667802594123183 317.0 113.0 0.0 
341305.0 22678.75288151451 0.08192073883563246 0.7685001169043723 304.0 113.0 0.0 
349520.0 22106.718788407314 0.07879400744685204 0.7667802594123183 317.0 113.0 0.0 
349520.0 22106.718788407314 0.0787940074470787 0.7667802594119578 317.0 113.0 0.0 
349520.0 22106.718788407314 0.0787940074470787 0.7667802594119578 317.0 113.0 0.0 
349520.0 22106.718788407314 0.07879400744685204 0.7667802594123183 317.0 113.0 0.0 
341305.0 22678.75288151451 0.08192073883563246 0.7685001169043723 304.0 113.0 0.0 
341305.0 22678.75288151451 0.08192121768025974 0.7685046089555582 304.0 113.0 0.0 
341305.0 22678.75288151451 0.08192121768025974 0.7685046089555582 304.0 113.0 0.0 
349520.0 22106.718788407314 0.07879400744685203 0.7667802594123181 317.0 113.0 0.0 
349520.0 22106.718788407314 0.0787940074470787 0.7667802594119578 317.0 113.0 0.0 
341305.0 22678.75288151451 0.08192121768025974 0.7685046089555582 304.0 113.0 0.0 
349520.0 22106.718788407314 0.07879400744685204 0.7667802594123183 317.0 113.0 0.0 
349520.0 22106.718788407314 0.07879354687865327 0.7667757774140753 317.0 113.0 0.0 
349520.0 22106.718788407314 0.07879354687865327 0.7667757774140753 317.0 113.0 0.0 
341305.0 22678.75288151451 0.08192121768025974 0.7685046089555582 304.0 113.0 0.0 
349520.0 22106.718788407314 0.0787940074470787 0.7667802594119578 317.0 113.0 0.0 
349520.0 22106.718788407314 0.0787940074470787 0.7667802594119578 317.0 113.0 0.0 
2585985.0 11725.117627143523 0.2925256752628326 0.4055728639846466 2475.0 149.0 6.298245614035087 
2585985.0 11725.117627143523 0.2925256752628326 0.4055728639846466 2475.0 149.0 6.298245614035087 
2585985.0 11725.117627143523 0.29252567527282713 0.40557286399850356 2475.0 149.0 6.298245614035087 
2413400.0 12239.6400714717 0.27501892043734033 0.4106872659420299 2267.0 146.0 6.298245614035087 
2413400.0 12239.6400714717 0.27501892043734033 0.4106872659420299 2267.0 146.0 6.298245614035087 
1670475.0 13583.378574332155 0.19087672946416565 0.556818779628125 1509.0 146.0 5.244897959183674 
2585985.0 11725.117627143523 0.2925256752628326 0.4055728639846466 2475.0 149.0 6.298245614035087 
2585985.0 11725.117627143523 0.2925256752628326 0.4055728639846466 2475.0 149.0 6.298245614035087 
2413400.0 12239.6400714717 0.2750191432015457 0.4106874601780801 2267.0 146.0 6.298245614035087 
2585985.0 11725.117627143523 0.29252567527282713 0.40557286399850356 2475.0 149.0 6.298245614035087 
2585985.0 11725.117627141884 0.2925239653963058 0.4055704933364508 2475.0 149.0 6.298245614035087 
2585985.0 11725.117627143523 0.29252567527282713 0.40557286399850356 2475.0 149.0 6.298245614035087 
2413400.0 12239.6400714717 0.2750191432015457 0.4106874601780801 2267.0 146.0 6.298245614035087 
2585985.0 11725.117627143523 0.29252567527282713 0.40557286399850356 2475.0 149.0 6.298245614035087 
2585985.0 11725.117627143523 0.2925256752728272 0.40557286399850356 2475.0 149.0 6.298245614035087 
2585985.0 11671.874052205178 0.2925239653963058 0.4055704933364508 2475.0 148.0 6.298245614035087 
2585985.0 11671.874052205178 0.2925239653963058 0.4055704933364508 2475.0 148.0 6.298245614035087 
2585985.0 11839.719645125253 0.2925256752728272 0.40557286399850356 2475.0 157.0 6.704453441295547 
2585985.0 11671.874052205178 0.2925256752628326 0.4055728639846466 2475.0 148.0 6.298245614035087 
2585985.0 11671.874052205178 0.29252567527282713 0.40557286399850356 2475.0 148.0 6.298245614035087 
2585985.0 11671.874052205178 0.2925256752628326 0.4055728639846466 2475.0 148.0 6.298245614035087 
341305.0 22678.75288151451 0.08192121768025974 0.7685046089555582 304.0 113.0 0.0 
341305.0 22678.75288151451 0.08192121768025974 0.7685046089555582 304.0 113.0 0.0 
341305.0 22678.75288151451 0.08192073883563246 0.7685001169043723 304.0 113.0 0.0 
341305.0 22678.75288151451 0.08192121768305868 0.7685046089818152 304.0 113.0 0.0 
341305.0 22678.75288151451 0.08192121768025974 0.7685046089555582 304.0 113.0 0.0 
341305.0 22678.75288151451 0.0819212176830587 0.7685046089818154 304.0 113.0 0.0 
341305.0 22678.75288151451 0.0819212176830587 0.7685046089818154 304.0 113.0 0.0 
341305.0 22678.75288151451 0.08192073883563246 0.7685001169043723 304.0 113.0 0.0 
341305.0 22678.75288151451 0.08192121768025974 0.7685046089555582 304.0 113.0 0.0 
341305.0 22678.75288151451 0.08192121768025974 0.7685046089555582 304.0 113.0 0.0 
341305.0 22678.75288151451 0.08192073883563246 0.7685001169043723 304.0 113.0 0.0 
341305.0 22678.75288151451 0.0819212176830587 0.7685046089818154 304.0 113.0 0.0 
341305.0 22678.75288151451 0.0819212176830587 0.7685046089818154 304.0 113.0 0.0 
341305.0 22678.75288151451 0.0819212176830587 0.7685046089818154 304.0 113.0 0.0 
341305.0 22678.75288151451 0.08192073883563246 0.7685001169043723 304.0 113.0 0.0 
349520.0 22106.718788407314 0.07879404622614769 0.7667801977412796 317.0 113.0 0.0 
349520.0 22106.718788407314 0.0787940074470787 0.7667802594119578 317.0 113.0 0.0 
349520.0 22106.718788407314 0.0787940074470787 0.7667802594119578 317.0 113.0 0.0 
349520.0 22106.718788407314 0.0787940074470787 0.7667802594119578 317.0 113.0 0.0 
349520.0 22106.718788407314 0.07879400744685204 0.7667802594123183 317.0 113.0 0.0 
349520.0 22106.718788407314 0.07879404622614769 0.7667801977412796 317.0 113.0 0.0 
341305.0 22678.75288151451 0.0819212176830587 0.7685046089818154 304.0 113.0 0.0 
341305.0 22678.75288151451 0.0819212176830587 0.7685046089818154 304.0 113.0 0.0 
341305.0 22678.75288151451 0.08192121768305868 0.7685046089818152 304.0 113.0 0.0 
341305.0 22678.75288151451 0.0819212176830587 0.7685046089818154 304.0 113.0 0.0 
341305.0 22678.75288151451 0.0819212176830587 0.7685046089818154 304.0 113.0 0.0 
341305.0 22678.75288151451 0.0819212176830587 0.7685046089818154 304.0 113.0 0.0 
341305.0 22678.75288151451 0.08192121768025974 0.7685046089555582 304.0 113.0 0.0 
349520.0 22106.718788407314 0.07879400744685203 0.7667802594123181 317.0 113.0 0.0 
349520.0 22106.718788407314 0.07879400744415993 0.76678025938612 317.0 113.0 0.0 
349520.0 22106.718788407314 0.07879404622614769 0.7667801977412796 317.0 113.0 0.0 
349520.0 22106.718788407314 0.07879400744685204 0.7667802594123183 317.0 113.0 0.0 
349520.0 22106.718788407314 0.07879400744685203 0.7667802594123181 317.0 113.0 0.0 
349520.0 22106.718788407314 0.07879354687865327 0.7667757774140753 317.0 113.0 0.0 
349520.0 22106.718788407314 0.07879354687865327 0.7667757774140753 317.0 113.0 0.0 
349520.0 22106.718788407314 0.07879400744415993 0.76678025938612 317.0 113.0 0.0 
349520.0 22106.718788407314 0.07879404622322891 0.766780197715442 317.0 113.0 0.0 
349520.0 22106.718788407314 0.07879400744415993 0.76678025938612 317.0 113.0 0.0 
349520.0 22106.718788407314 0.07879400744685204 0.7667802594123183 317.0 113.0 0.0 
349520.0 22106.718788407314 0.07879354687865327 0.7667757774140753 317.0 113.0 0.0 
349520.0 22106.718788407314 0.07879404622322891 0.766780197715442 317.0 113.0 0.0 
349520.0 22106.718788407314 0.07879354687865327 0.7667757774140753 317.0 113.0 0.0 
349520.0 22106.718788407314 0.07879404622614769 0.7667801977412796 317.0 113.0 0.0 
378350.0 21466.99302791886 0.08542836934691374 0.7562295781222692 335.0 118.0 1.3571428571428572 
378350.0 21466.99302791886 0.08542836934983253 0.7562295781481069 335.0 118.0 1.3571428571428572 
378350.0 21466.99302791886 0.08542836934983253 0.7562295781481069 335.0 118.0 1.3571428571428572 
378350.0 21466.99302791886 0.08542836934691374 0.7562295781222692 335.0 118.0 1.3571428571428572 
378350.0 21466.99302791886 0.08542787000233809 0.7562251578209025 335.0 118.0 1.3571428571428572 
408565.0 20552.76903978746 0.09469254150105214 0.7481295300444236 370.0 118.0 1.3571428571428572 
341305.0 22678.75288151451 0.08192073883563246 0.7685001169043723 304.0 113.0 0.0 
341305.0 22678.75288151451 0.0819212176830587 0.7685046089818154 304.0 113.0 0.0 
341305.0 22678.75288151451 0.08192121768305868 0.7685046089818152 304.0 113.0 0.0 
341305.0 22678.75288151451 0.08192121768025974 0.7685046089555582 304.0 113.0 0.0 
341305.0 22678.75288151451 0.08192121768305868 0.7685046089818152 304.0 113.0 0.0 
349520.0 22106.718788407314 0.07879404622614769 0.7667801977412796 317.0 113.0 0.0 
341305.0 22678.75288151451 0.08192121768305868 0.7685046089818152 304.0 113.0 0.0 
