335610.0 22990.871082210004 0.10641220481646013 0.7710427870002338 304.0 112.0 0.0 
336965.0 23375.168967834426 0.10240823006780454 0.7639408463876549 296.0 111.0 0.0 
337070.0 24452.899934746405 0.11246200607902736 0.7629179331306991 292.0 110.0 0.0 
339245.0 23580.043587329816 0.11173200684681876 0.7560834468028254 296.0 108.0 0.0 
335285.0 23808.954041167843 0.09507303643021225 0.774729803163869 273.0 111.0 0.0 
335285.0 23808.954041167843 0.09507248071077859 0.7747252747252747 273.0 111.0 0.0 
338590.0 24786.362842606217 0.10360649988309563 0.7668634556932429 274.0 110.0 0.0 
335285.0 23808.954041167843 0.09507248071077859 0.7747252747252747 273.0 111.0 0.0 
335285.0 23808.954041167843 0.09507248071077859 0.7747252747252747 273.0 111.0 0.0 
335285.0 23808.954041167843 0.09507303643021225 0.774729803163869 273.0 111.0 0.0 
335610.0 22990.871082210004 0.10641282681906018 0.7710472939138824 304.0 112.0 0.0 
336965.0 23375.168967834426 0.10240823006780454 0.7639408463876549 296.0 111.0 0.0 
338590.0 24786.362842606217 0.10360649988309563 0.7668634556932429 274.0 110.0 0.0 
335285.0 23808.954041167843 0.09507248071077859 0.7747252747252747 273.0 111.0 0.0 
335285.0 23808.954041167843 0.09507248071077859 0.7747252747252747 273.0 111.0 0.0 
335285.0 23808.954041167843 0.09507248071077859 0.7747252747252747 273.0 111.0 0.0 
335610.0 22990.871082210004 0.10641220481646013 0.7710427870002338 304.0 112.0 0.0 
336965.0 23375.168967834426 0.10240823006780454 0.7639408463876549 296.0 111.0 0.0 
335285.0 23808.954041167843 0.09507303643021225 0.774729803163869 273.0 111.0 0.0 
335610.0 22990.871082210004 0.10641220481646013 0.7710427870002338 304.0 112.0 0.0 
335610.0 22990.871082210004 0.10641282682240537 0.7710472939402264 304.0 112.0 0.0 
336965.0 23375.168967834426 0.10240823006780454 0.7639408463876549 296.0 111.0 0.0 
338590.0 24786.362842606217 0.10360649988309563 0.7668634556932429 274.0 110.0 0.0 
335285.0 23808.954041167843 0.09507248071077859 0.7747252747252747 273.0 111.0 0.0 
335285.0 23808.954041167843 0.09507248071077859 0.7747252747252747 273.0 111.0 0.0 
335285.0 23808.954041167843 0.09507248071077859 0.7747252747252747 273.0 111.0 0.0 
335610.0 22990.871082210004 0.10641220481646013 0.7710427870002338 304.0 112.0 0.0 
336965.0 23375.168967834426 0.10240823006780454 0.7639408463876549 296.0 111.0 0.0 
335285.0 23808.954041167843 0.09507303643021225 0.774729803163869 273.0 111.0 0.0 
335610.0 22990.871082210004 0.10641282681906018 0.7710472939138824 304.0 112.0 0.0 
335610.0 22990.871082210004 0.10641282681906018 0.7710472939138824 304.0 112.0 0.0 
336965.0 23375.168967834426 0.10240882866629687 0.763945311788908 296.0 111.0 0.0 
335285.0 23808.954041167843 0.09507248071077859 0.7747252747252747 273.0 111.0 0.0 
335610.0 22990.871082210004 0.10641220481646013 0.7710427870002338 304.0 112.0 0.0 
335610.0 22990.871082210004 0.10641220481646013 0.7710427870002338 304.0 112.0 0.0 
3334614.9999999995 12476.905325042724 0.39391158469302207 0.2824426142212023 3187.0 167.0 6.023684210526316 
3334614.9999999995 12476.905325042724 0.39390928220715454 0.2824409632920271 3187.0 167.0 6.023684210526316 
3334614.9999999995 12476.905325042724 0.39391158470648063 0.28244261423085243 3187.0 167.0 6.023684210526316 
1981889.9999999998 13220.313085119435 0.23965396305821837 0.4644610708440496 1908.0 159.0 4.5816764132553605 
1721505.0 13254.092444506958 0.19531912156873915 0.5128917049842591 1662.0 151.0 5.2444444444444445 
1613750.0 13478.255450277247 0.18780687397708673 0.5131225157820902 1607.0 155.0 5.365800865800866 
3334614.9999999995 12476.905325042724 0.39390928220715454 0.2824409632920271 3187.0 167.0 6.023684210526316 
3334614.9999999995 12476.905325042724 0.39391158470648063 0.28244261423085243 3187.0 167.0 6.023684210526316 
1721505.0 13254.092444506958 0.19531797989244798 0.5128887070376432 1662.0 151.0 5.2444444444444445 
3334614.9999999995 12476.905325042724 0.39391158470648063 0.28244261423085243 3187.0 167.0 6.023684210526316 
3334614.9999999995 12476.905325042724 0.39391158469302207 0.2824426142212023 3187.0 167.0 6.023684210526316 
3334614.9999999995 12476.905325042724 0.3939115847064805 0.2824426142308523 3187.0 167.0 6.023684210526316 
1736630.0 12558.280826706789 0.21229833995791442 0.484860883797054 1755.0 159.0 7.008658008658008 
3334614.9999999995 12476.905325042724 0.39391158470648063 0.28244261423085243 3187.0 167.0 6.023684210526316 
3334614.9999999995 12476.905325042724 0.3939115847064805 0.2824426142308523 3187.0 167.0 6.023684210526316 
3334615.0 12039.256953915557 0.402416427484658 0.2824426142212023 3144.0 157.0 6.264912280701754 
3334615.0 12039.256953915557 0.4024140752864157 0.2824409632920271 3144.0 157.0 6.264912280701754 
1736630.0 12558.280826706789 0.21229833995791442 0.484860883797054 1755.0 159.0 7.008658008658008 
3334615.0 12039.256953915557 0.402416427484658 0.2824426142212023 3144.0 157.0 6.264912280701754 
3334615.0 12039.256953915557 0.402416427484658 0.2824426142212023 3144.0 157.0 6.264912280701754 
3334615.0 11929.431104331496 0.4024140752864157 0.2824409632920271 3144.0 159.0 6.264285714285714 
325820.0 23340.118106234873 0.09790741173719897 0.7710427870002338 299.0 116.0 0.0 
325820.0 23340.118106234873 0.09790798403076942 0.7710472939402264 299.0 116.0 0.0 
325820.0 23340.118106234873 0.09790798403076942 0.7710472939402264 299.0 116.0 0.0 
325820.0 23340.118106234873 0.09790741173719897 0.7710427870002338 299.0 116.0 0.0 
325820.0 23340.118106234873 0.09790741173719897 0.7710427870002338 299.0 116.0 0.0 
325820.0 23340.118106234873 0.09790798402742422 0.7710472939138824 299.0 116.0 0.0 
325820.0 23340.118106234873 0.09790741173719897 0.7710427870002338 299.0 116.0 0.0 
325820.0 23340.118106234873 0.09790741173719897 0.7710427870002338 299.0 116.0 0.0 
325820.0 23340.118106234873 0.09790798402742422 0.7710472939138824 299.0 116.0 0.0 
325820.0 23340.118106234873 0.09790798403073746 0.7710472939403583 299.0 116.0 0.0 
325820.0 23340.118106234873 0.09790798403073746 0.7710472939403583 299.0 116.0 0.0 
325820.0 23340.118106234873 0.09790798403073746 0.7710472939403583 299.0 116.0 0.0 
325820.0 23340.118106234873 0.09790741173719897 0.7710427870002338 299.0 116.0 0.0 
325820.0 23340.118106234873 0.09790798403076938 0.7710472939402262 299.0 116.0 0.0 
325820.0 23340.118106234873 0.09790798403076942 0.7710472939402264 299.0 116.0 0.0 
335610.0 22990.871082210004 0.10641220481646013 0.7710427870002338 304.0 112.0 0.0 
335610.0 22990.871082210004 0.10641220481646013 0.7710427870002338 304.0 112.0 0.0 
335610.0 22990.871082210004 0.10641282682240537 0.7710472939402264 304.0 112.0 0.0 
335610.0 22990.871082210004 0.10641282682269594 0.7710472939402264 304.0 112.0 0.0 
335610.0 22990.871082210004 0.10641277710668538 0.7710472939138824 304.0 112.0 0.0 
347475.0 22852.97175006366 0.09697274358629637 0.7749051607736774 296.0 114.0 0.0 
325820.0 23340.118106234873 0.09790741173719897 0.7710427870002338 299.0 116.0 0.0 
325820.0 23340.118106234873 0.09790798403076942 0.7710472939402264 299.0 116.0 0.0 
325820.0 23340.118106234873 0.09790741173719897 0.7710427870002338 299.0 116.0 0.0 
325820.0 23340.118106234873 0.09790798403076942 0.7710472939402264 299.0 116.0 0.0 
325820.0 23340.118106234873 0.09790798403076942 0.7710472939402264 299.0 116.0 0.0 
325820.0 23340.118106234873 0.09790798403076942 0.7710472939402264 299.0 116.0 0.0 
325820.0 23340.118106234873 0.09790798403076942 0.7710472939402264 299.0 116.0 0.0 
335610.0 22990.871082210004 0.10641282681906018 0.7710472939138824 304.0 112.0 0.0 
335610.0 22990.871082210004 0.10641282682240537 0.7710472939402264 304.0 112.0 0.0 
335610.0 22990.871082210004 0.10641277711003058 0.7710472939402264 304.0 112.0 0.0 
335610.0 22990.871082210004 0.10641282681906018 0.7710472939138824 304.0 112.0 0.0 
335610.0 22990.871082210004 0.10641277711003058 0.7710472939402264 304.0 112.0 0.0 
335610.0 22990.871082210004 0.10641220481646013 0.7710427870002338 304.0 112.0 0.0 
335610.0 22990.871082210004 0.10641220481646013 0.7710427870002338 304.0 112.0 0.0 
335610.0 22990.871082210004 0.10641220481646013 0.7710427870002338 304.0 112.0 0.0 
335610.0 22990.871082210004 0.10641220481646013 0.7710427870002338 304.0 112.0 0.0 
335610.0 22990.871082210004 0.10641282681906018 0.7710472939138824 304.0 112.0 0.0 
335610.0 22990.871082210004 0.10641220481646013 0.7710427870002338 304.0 112.0 0.0 
335610.0 22990.871082210004 0.10641282681906018 0.7710472939138824 304.0 112.0 0.0 
335610.0 22990.871082210004 0.10641282682240537 0.7710472939402264 304.0 112.0 0.0 
335610.0 22990.871082210004 0.10641282681906018 0.7710472939138824 304.0 112.0 0.0 
335610.0 22990.871082210004 0.10641220481646013 0.7710427870002338 304.0 112.0 0.0 
369700.0 22369.406137541362 0.09969078612464001 0.7664879967472322 314.0 111.0 0.0 
369700.0 22369.406137541362 0.09969078612464001 0.7664879967472322 314.0 111.0 0.0 
369700.0 22369.406137541362 0.09969020341360767 0.7664835164835165 314.0 111.0 0.0 
369700.0 22369.406137541362 0.09969078612464001 0.7664879967472322 314.0 111.0 0.0 
369700.0 22369.406137541362 0.09969020341360767 0.7664835164835165 314.0 111.0 0.0 
394520.0 20815.777719581107 0.08563245265372925 0.7553483750292261 362.0 116.0 1.2 
325820.0 23340.118106234873 0.09790798403076942 0.7710472939402264 299.0 116.0 0.0 
325820.0 23340.118106234873 0.09790798403073746 0.7710472939403583 299.0 116.0 0.0 
325820.0 23340.118106234873 0.09790798403076938 0.7710472939402262 299.0 116.0 0.0 
325820.0 23340.118106234873 0.09790797856408456 0.7710473164903014 299.0 116.0 0.0 
325820.0 23340.118106234873 0.09790797856408456 0.7710473164903014 299.0 116.0 0.0 
335610.0 22990.871082210004 0.10641282682269594 0.7710472939402264 304.0 112.0 0.0 
325820.0 23340.118106234873 0.09790798402742422 0.7710472939138824 299.0 116.0 0.0 
