29580.0 10903.32504450151 0.09892086167716269 0.5061664870234039 37.0 65.0 0.0 
31470.0 11763.205174542933 0.055876685934489405 0.4707771355170199 33.0 63.0 0.0 
31470.0 11763.205174542933 0.055876685934489405 0.4707771355170199 33.0 63.0 0.0 
31470.0 11763.205174542933 0.055876685934489405 0.4707771355170199 33.0 63.0 0.0 
25140.0 12012.621089711685 0.06486833654463713 0.6043673731535003 23.0 69.0 0.0 
25675.0 12027.845361238475 0.06679511881824021 0.6043673731535003 23.0 68.0 0.0 
31725.0 11704.84079810786 0.060380266218527885 0.46441417527654955 33.0 64.0 0.0 
25140.0 12012.621089711685 0.06486833654463713 0.6043673731535003 23.0 69.0 0.0 
25675.0 12027.845361238475 0.06679511881824021 0.6043673731535003 23.0 68.0 0.0 
25140.0 12012.621089711685 0.06486833654463713 0.6043673731535003 23.0 69.0 0.0 
29580.0 10903.32504450151 0.09892086167716269 0.5061664870234039 37.0 65.0 0.0 
31470.0 11763.205174542933 0.05588386341502049 0.47083760785298867 33.0 63.0 0.0 
31470.0 11763.205174542933 0.05588386433698331 0.47083761562079035 33.0 63.0 0.0 
29120.0 11902.86499215071 0.08092485549132948 0.5863840719332049 24.0 77.0 1.5272727272727273 
28365.0 11775.841647525032 0.09698137443802184 0.5767501605651895 26.0 68.0 0.0 
25140.0 12012.621089711685 0.06486833654463713 0.6043673731535003 23.0 69.0 0.0 
29010.0 10380.323640865812 0.09633911368015415 0.5632626846499679 33.0 76.0 1.32 
31470.0 11763.205174542933 0.05588386341502049 0.47083760785298867 33.0 63.0 0.0 
25140.0 12012.621089711685 0.06486833654463713 0.6043673731535003 23.0 69.0 0.0 
29580.0 10903.32504450151 0.09892086167716269 0.5061664870234039 37.0 65.0 0.0 
29580.0 10903.32504450151 0.09892086167716269 0.5061664870234039 37.0 65.0 0.0 
31470.0 11763.205174542933 0.055876685934489405 0.4707771355170199 33.0 63.0 0.0 
31470.0 11763.205174542933 0.055876685934489405 0.4707771355170199 33.0 63.0 0.0 
29120.0 11902.86499215071 0.08093318796872763 0.5864617042226273 24.0 77.0 1.5272727272727273 
24885.0 12070.98546614676 0.06037251123956326 0.6107899807321773 23.0 68.0 0.0 
25140.0 12012.621089711685 0.06486833654463713 0.6043673731535003 23.0 69.0 0.0 
29010.0 10380.323640865812 0.09633911368015415 0.5632626846499679 33.0 76.0 1.32 
31470.0 11763.205174542933 0.055876685934489405 0.4707771355170199 33.0 63.0 0.0 
25140.0 12012.621089711685 0.06486833654463713 0.6043673731535003 23.0 69.0 0.0 
29010.0 10380.323640865812 0.09633911368015415 0.5632626846499679 33.0 76.0 1.32 
29010.0 10380.323640865812 0.09633911368015415 0.5632626846499679 33.0 76.0 1.32 
31470.0 11763.205174542933 0.055876685934489405 0.4707771355170199 33.0 63.0 0.0 
28065.0 11925.82417582418 0.07642903018625562 0.5928066795118818 24.0 76.0 1.6 
29010.0 10380.323640865812 0.09633911368015415 0.5632626846499679 33.0 76.0 1.32 
29010.0 10380.323640865812 0.09633911368015415 0.5632626846499679 33.0 76.0 1.32 
177914.5253164557 5793.502733606243 0.38733299034750873 0.00256937369828966 201.0 101.0 3.127272727272727 
177914.5253164557 5786.496953965233 0.3873329907502052 0.002569373073050519 201.0 93.0 3.127272727272727 
177915.0 5772.485394683211 0.38733298435927993 0.0025693730305756547 201.0 84.0 3.08 
177915.0 5923.8203183785145 0.3872832369942196 0.002569043031470777 201.0 95.0 3.537254901960784 
177915.0 5923.8203183785145 0.3872832369942196 0.002569043031470777 201.0 95.0 3.537254901960784 
178415.0 5986.187445983701 0.3615928066795119 0.002569043031470777 196.0 110.0 4.429411764705883 
177914.5253164557 5786.496953965233 0.3872832369942196 0.002569043031470777 201.0 105.0 3.0472727272727274 
177914.5253164557 5786.496953965233 0.3873329907502052 0.002569373073050519 201.0 93.0 3.127272727272727 
177915.0 5786.278705378286 0.38733299034750873 0.00256937369828966 201.0 106.0 3.4 
177914.5253164557 5786.496953965233 0.3873329907502052 0.002569373073050519 201.0 93.0 3.127272727272727 
177914.5253164557 5786.496953965233 0.38733299071846516 0.0025693730729701952 201.0 93.0 3.127272727272727 
177914.5253164557 5793.502733606243 0.38733299034750873 0.00256937369828966 201.0 101.0 3.127272727272727 
177915.0 5904.903452916603 0.3872832369942196 0.002569043031470777 201.0 85.0 3.1388235294117646 
177914.5253164557 5793.502733606243 0.38733299071846106 0.0025693730729701952 201.0 101.0 3.127272727272727 
177914.5253164557 5793.502733606243 0.38733299071846106 0.0025693730729701952 201.0 101.0 3.127272727272727 
177914.5253164557 5786.496953965233 0.3872832369942196 0.002569043031470777 201.0 105.0 3.0472727272727274 
177914.5253164557 5793.502733606243 0.38733274325092826 0.0025693730729702056 201.0 101.0 3.127272727272727 
177915.0 5779.491174324221 0.3873298553552433 0.0025742411850008438 201.0 98.0 3.4 
177914.5253164557 5793.502733606243 0.38733299075025285 0.0025693730729701952 201.0 101.0 3.127272727272727 
177914.5253164557 5793.502733606243 0.38733274325092826 0.0025693730729702056 201.0 101.0 3.127272727272727 
177914.5253164557 5786.496953965233 0.38733299071846516 0.0025693730729701952 201.0 93.0 3.127272727272727 
24885.0 12070.98546614676 0.060380266218527885 0.6108684380193619 23.0 68.0 0.0 
24885.0 12070.98546614676 0.06037251123956326 0.6107899807321773 23.0 68.0 0.0 
24885.0 12070.98546614676 0.06037251123956326 0.6107899807321773 23.0 68.0 0.0 
24885.0 12070.98546614676 0.06037251123956326 0.6107899807321773 23.0 68.0 0.0 
24885.0 12070.98546614676 0.060380266218527885 0.6108684380193619 23.0 68.0 0.0 
24885.0 12070.98546614676 0.06037251123956326 0.6107899807321773 23.0 68.0 0.0 
24885.0 12070.98546614676 0.06037251123956326 0.6107899807321773 23.0 68.0 0.0 
24885.0 12070.98546614676 0.060380266218527885 0.6108684380193619 23.0 68.0 0.0 
24885.0 12070.98546614676 0.06037251123956326 0.6107899807321773 23.0 68.0 0.0 
24885.0 12070.98546614676 0.060380267214671615 0.6108684480973693 23.0 68.0 0.0 
24885.0 12070.98546614676 0.060380266218527885 0.6108684380193619 23.0 68.0 0.0 
24885.0 12070.98546614676 0.06037251123956326 0.6107899807321773 23.0 68.0 0.0 
24885.0 12070.98546614676 0.060380267214671615 0.6108684480973693 23.0 68.0 0.0 
24885.0 12070.98546614676 0.06037251123956326 0.6107899807321773 23.0 68.0 0.0 
24885.0 12070.98546614676 0.06037251123956326 0.6107899807321773 23.0 68.0 0.0 
29010.0 10380.323640865812 0.09633911368015415 0.5632626846499679 33.0 76.0 1.32 
29010.0 10380.323640865812 0.09633911368015415 0.5632626846499679 33.0 76.0 1.32 
29010.0 10380.323640865812 0.09633911368015415 0.5632626846499679 33.0 76.0 1.32 
29010.0 10380.323640865812 0.09633911368015415 0.5632626846499679 33.0 76.0 1.32 
29010.0 10380.323640865812 0.09633911368015415 0.5632626846499679 33.0 76.0 1.32 
31145.0 10236.11111111111 0.10982658959537572 0.552344251766217 36.0 71.0 1.08 
24885.0 12070.98546614676 0.06037251123956326 0.6107899807321773 23.0 68.0 0.0 
24885.0 12070.98546614676 0.06037251123956326 0.6107899807321773 23.0 68.0 0.0 
24885.0 12070.98546614676 0.06037251123956326 0.6107899807321773 23.0 68.0 0.0 
24885.0 12070.98546614676 0.06037251123956326 0.6107899807321773 23.0 68.0 0.0 
24885.0 12070.98546614676 0.060380266218527885 0.6108684380193619 23.0 68.0 0.0 
27585.0 11113.470761852059 0.11947634092042525 0.5729743933069582 32.0 70.0 0.3176470588235294 
24885.0 12070.98546614676 0.060380266218527885 0.6108684380193619 23.0 68.0 0.0 
29010.0 10380.323640865812 0.09633911368015415 0.5632626846499679 33.0 76.0 1.32 
29010.0 10380.323640865812 0.09633911368015415 0.5632626846499679 33.0 76.0 1.32 
29010.0 10380.323640865812 0.09633911368015415 0.5632626846499679 33.0 76.0 1.32 
29010.0 10380.323640865812 0.09633911368015415 0.5632626846499679 33.0 76.0 1.32 
29010.0 10380.323640865812 0.09633911368015415 0.5632626846499679 33.0 76.0 1.32 
29010.0 10380.323640865812 0.09633911368015415 0.5632626846499679 33.0 76.0 1.32 
29010.0 10380.323640865812 0.09633911368015415 0.5632626846499679 33.0 76.0 1.32 
29010.0 10380.323640865812 0.09633911368015415 0.5632626846499679 33.0 76.0 1.32 
29010.0 10380.323640865812 0.09633911368015415 0.5632626846499679 33.0 76.0 1.32 
29010.0 10380.323640865812 0.09633911368015415 0.5632626846499679 33.0 76.0 1.32 
29010.0 10380.323640865812 0.09633911368015415 0.5632626846499679 33.0 76.0 1.32 
29010.0 10380.323640865812 0.09633911368015415 0.5632626846499679 33.0 76.0 1.32 
29010.0 10380.323640865812 0.09633911368015415 0.5632626846499679 33.0 76.0 1.32 
29010.0 10380.323640865812 0.09633911368015415 0.5632626846499679 33.0 76.0 1.32 
29010.0 10380.323640865812 0.09633911368015415 0.5632626846499679 33.0 76.0 1.32 
39900.0 8893.634565698425 0.12525693730703155 0.3860483042129536 51.0 69.0 2.08 
39501.4950166113 9061.401777536896 0.1676300578034682 0.5048169556840078 54.0 78.0 1.373913043478261 
39450.85200109023 9033.639873863502 0.16249197174052665 0.5048169556840078 58.0 86.0 1.9122153209109731 
39449.35698447893 9067.324841497164 0.1625135041821199 0.5048818005081162 58.0 90.0 2.086128364389234 
39450.85200109023 9033.639873863502 0.16249197174052665 0.5048169556840078 58.0 86.0 1.9122153209109731 
43335.0 8707.404575423401 0.12395632626846499 0.37764932562620424 55.0 77.0 2.08 
24995.0 11709.489281210595 0.1233140655105973 0.6056518946692357 28.0 68.0 0.0 
24995.0 11709.489281210595 0.1233140655105973 0.6056518946692357 28.0 68.0 0.0 
24995.0 11709.489281210595 0.1233140655105973 0.6056518946692357 28.0 68.0 0.0 
24995.0 11709.489281210595 0.1233140655105973 0.6056518946692357 28.0 68.0 0.0 
24995.0 11709.489281210595 0.1233140655105973 0.6056518946692357 28.0 68.0 0.0 
29010.0 10380.323640865812 0.09633911368015415 0.5632626846499679 33.0 76.0 1.32 
24995.0 11709.489281210595 0.1233140655105973 0.6056518946692357 28.0 68.0 0.0 
