32335.0 10640.014964316637 0.13937058445728967 0.44701348747591524 43.0 69.0 0.0 
31190.0 10696.042188805344 0.14322414900449582 0.4611432241490045 42.0 63.0 0.0 
31190.0 10696.042188805344 0.14322414900449582 0.4611432241490045 42.0 63.0 0.0 
31190.0 10696.042188805344 0.14324254881778478 0.46120246659717257 42.0 63.0 0.0 
29260.0 12302.310000200532 0.11496467565831728 0.6172125883108542 29.0 81.0 0.0 
30735.0 11513.044891616317 0.1034172644806701 0.48175744323293523 35.0 65.0 0.0 
30735.0 11513.044891616317 0.10341726618683117 0.48175745118089053 35.0 65.0 0.0 
31005.0 12819.381843259123 0.1464354527938343 0.5812459858702633 28.0 76.0 0.0 
34715.0 12224.487037195142 0.201053439642545 0.5594809774078487 33.0 72.0 0.0 
31005.0 13308.22112897341 0.15414258188824662 0.5812459858702633 27.0 76.0 0.0 
31864.999999999996 10375.510174619545 0.10919835379946531 0.47597635391414006 42.0 78.0 0.27192982456140347 
31190.0 10696.042188805344 0.14322414900449582 0.4611432241490045 42.0 63.0 0.0 
31190.0 10696.042188805344 0.14324254645459275 0.46120245898833 42.0 63.0 0.0 
29260.0 12302.310000200532 0.11496467565831728 0.6172125883108542 29.0 81.0 0.0 
30735.0 11513.044891616317 0.10341726618683117 0.48175745118089053 35.0 65.0 0.0 
31005.0 12819.381843259123 0.1464354527938343 0.5812459858702633 28.0 76.0 0.0 
31865.0 9598.359646889056 0.10918432883750803 0.47591522157996147 43.0 68.0 1.1052631578947367 
31190.0 10696.042188805344 0.14324254645459275 0.46120245898833 42.0 63.0 0.0 
29260.0 12302.310000200532 0.11497944311826054 0.617291870595801 29.0 81.0 0.0 
32825.0 9291.56428226198 0.12782598033850232 0.4509254693675545 53.0 87.0 2.557142857142857 
31864.999999999996 10375.510174619545 0.10919835379946531 0.47597635391414006 42.0 78.0 0.27192982456140347 
31190.0 10696.042188805344 0.14322414900449582 0.4611432241490045 42.0 63.0 0.0 
31190.0 10696.042188805344 0.14322414900449582 0.4611432241490045 42.0 63.0 0.0 
29260.0 12302.310000200532 0.11497944311826054 0.617291870595801 29.0 81.0 0.0 
30735.0 11513.044891616317 0.10340398201669879 0.4816955684007707 35.0 65.0 0.0 
31005.0 12819.381843259123 0.1464354527938343 0.5812459858702633 28.0 76.0 0.0 
31865.0 9598.359646889056 0.10918432883750803 0.47591522157996147 43.0 68.0 1.1052631578947367 
31190.0 10696.042188805344 0.14324254645459275 0.46120245898833 42.0 63.0 0.0 
29260.0 12302.310000200532 0.11496467565831728 0.6172125883108542 29.0 81.0 0.0 
32345.0 9343.674560733381 0.1252408477842004 0.45472061657032753 47.0 77.0 1.5333333333333332 
31865.0 9598.359646889056 0.10918432883750803 0.47591522157996147 43.0 68.0 1.1052631578947367 
31190.0 10696.042188805344 0.14324254881778478 0.46120246659717257 42.0 63.0 0.0 
29260.0 12302.310000200532 0.11497944311826054 0.617291870595801 29.0 81.0 0.0 
31865.0 9594.936007494647 0.10918432883750803 0.47591522157996147 43.0 76.0 1.3571428571428572 
31865.0 9581.220448059716 0.10918432883750803 0.47591522157996147 43.0 74.0 1.5333333333333332 
156960.0 5921.843163112879 0.4238921001926782 0.06037251123956326 159.0 101.0 3.489583333333333 
156960.00000000003 5921.942160246267 0.423946550044983 0.060380266218527885 159.0 82.0 3.0625 
156960.0 5912.786483614443 0.4239447350499062 0.060380266218527885 159.0 90.0 3.395833333333333 
156960.00000000003 5921.942160246267 0.4239465570391837 0.060380267214671615 159.0 82.0 3.0625 
156960.00000000003 5921.942160246267 0.4239465570391837 0.060380267214671615 159.0 82.0 3.0625 
156960.00000000003 5921.942160246267 0.423946550044983 0.060380266218527885 159.0 82.0 3.0625 
157130.0 5855.418173746019 0.4098168133718937 0.060380266218527885 162.0 101.0 3.4229166666666666 
156960.00000000003 5921.942160246267 0.4239465570391837 0.060380267214671615 159.0 82.0 3.0625 
156960.0 5908.133828698096 0.4238921001926782 0.06037251123956326 159.0 97.0 3.4229166666666666 
156960.0 5908.133828698096 0.4238921001926782 0.06037251123956326 159.0 97.0 3.4229166666666666 
156960.00000000003 5921.942160246267 0.4238921001926782 0.06037251123956326 159.0 82.0 3.0625 
156960.0 5912.786483614443 0.4239447350499062 0.060380266218527885 159.0 90.0 3.395833333333333 
156960.00000000003 5921.942160246267 0.423946550044983 0.060380266218527885 159.0 82.0 3.0625 
156960.0 5912.786483614443 0.4238921001926782 0.06037251123956326 159.0 90.0 3.395833333333333 
156960.0 5921.843163112879 0.4238921001926782 0.06037251123956326 159.0 101.0 3.489583333333333 
157130.0 5860.070828662366 0.40976236351958895 0.06037251123956326 162.0 94.0 3.395833333333333 
157130.0 5860.070828662366 0.40976236351958895 0.06037251123956326 162.0 94.0 3.395833333333333 
156960.00000000003 5921.942160246267 0.4239465570391837 0.060380267214671615 159.0 82.0 3.0625 
156960.00000000003 5921.942160246267 0.4239465570400821 0.060380267214799575 159.0 82.0 3.0625 
156960.00000000003 5921.942160246267 0.4239465570391837 0.060380267214671615 159.0 82.0 3.0625 
156960.0 5912.786483614443 0.4238921001926782 0.06037251123956326 159.0 90.0 3.395833333333333 
29145.0 11814.38383874496 0.12267180475272961 0.6005138086062941 31.0 80.0 0.0 
29145.0 11814.38383874496 0.12268756423433771 0.6005909558067587 31.0 80.0 0.0 
29145.0 11814.38383874496 0.12268822448661112 0.6005894706187873 31.0 80.0 0.0 
29145.0 11814.38383874496 0.12268756431913766 0.6005909556160075 31.0 80.0 0.0 
29145.0 11814.38383874496 0.12268756431913766 0.6005909556160075 31.0 80.0 0.0 
29145.0 11814.38383874496 0.12267180475272961 0.6005138086062941 31.0 80.0 0.0 
29145.0 11814.38383874496 0.12268756423433771 0.6005909558067587 31.0 80.0 0.0 
29145.0 11814.38383874496 0.12268756431913766 0.6005909556160075 31.0 80.0 0.0 
29145.0 11814.38383874496 0.12268756423433771 0.6005909558067587 31.0 80.0 0.0 
29145.0 11814.38383874496 0.12268756423433771 0.6005909558067587 31.0 80.0 0.0 
29145.0 11814.38383874496 0.12268756423433771 0.6005909558067587 31.0 80.0 0.0 
29145.0 11814.38383874496 0.12268756423432683 0.6005909558067831 31.0 80.0 0.0 
29145.0 11814.38383874496 0.12268756431913766 0.6005909556160075 31.0 80.0 0.0 
29145.0 11814.38383874496 0.12268756423433771 0.6005909558067587 31.0 80.0 0.0 
29145.0 11814.38383874496 0.12268756423432683 0.6005909558067831 31.0 80.0 0.0 
31865.0 9581.220448059716 0.10918432883750803 0.47591522157996147 43.0 74.0 1.5333333333333332 
32725.0 9360.90673887079 0.1329643964008142 0.45092497436986095 48.0 77.0 1.5333333333333332 
31865.0 9581.220448059716 0.10919942809809272 0.47596481179804917 43.0 74.0 1.5333333333333332 
32825.0 9291.56428226198 0.12782598033850232 0.4509254693675545 53.0 87.0 2.557142857142857 
31865.0 9581.220448059716 0.10919942809809272 0.47596481179804917 43.0 74.0 1.5333333333333332 
31865.0 9581.220448059716 0.10918432883750803 0.47591522157996147 43.0 74.0 1.5333333333333332 
29145.0 11814.38383874496 0.12268822448661112 0.6005894706187873 31.0 80.0 0.0 
29145.0 11814.38383874496 0.12268822448661112 0.6005894706187873 31.0 80.0 0.0 
29145.0 11814.38383874496 0.12268756431913766 0.6005909556160075 31.0 80.0 0.0 
29145.0 11814.38383874496 0.12268756423433771 0.6005909558067587 31.0 80.0 0.0 
29145.0 11814.38383874496 0.12268756431913766 0.6005909556160075 31.0 80.0 0.0 
31190.0 10696.042188805344 0.14322414900449582 0.4611432241490045 42.0 63.0 0.0 
29145.0 11814.38383874496 0.12268756423433771 0.6005909558067587 31.0 80.0 0.0 
31865.0 9581.220448059716 0.10918432883750803 0.47591522157996147 43.0 74.0 1.5333333333333332 
32345.0 9405.528580645865 0.1252408477842004 0.45472061657032753 47.0 73.0 1.1428571428571428 
32725.0 9360.90673887079 0.1329643964008142 0.45092497436986095 48.0 77.0 1.5333333333333332 
32345.0 9405.528580645865 0.1252408477842004 0.45472061657032753 47.0 73.0 1.1428571428571428 
31865.0 9581.220448059716 0.10918432883750803 0.47591522157996147 43.0 74.0 1.5333333333333332 
31865.0 9581.220448059716 0.10918432883750803 0.47591522157996147 43.0 74.0 1.5333333333333332 
32345.0 9448.349885408707 0.1252408477842004 0.45472061657032753 47.0 79.0 1.6666666666666665 
32345.0 9343.674560733381 0.12525693524056317 0.45477902641189083 47.0 77.0 1.5333333333333332 
32345.0 9343.674560733381 0.12525693524056317 0.45477902641189083 47.0 77.0 1.5333333333333332 
32345.0 9343.674560733381 0.1252408477842004 0.45472061657032753 47.0 77.0 1.5333333333333332 
31865.0 9581.220448059716 0.10918432883750803 0.47591522157996147 43.0 74.0 1.5333333333333332 
31865.0 9581.220448059716 0.10918432883750803 0.47591522157996147 43.0 74.0 1.5333333333333332 
31865.0 9581.220448059716 0.10919942809809272 0.47596481179804917 43.0 74.0 1.5333333333333332 
32345.0 9365.947288006111 0.1252408477842004 0.45472061657032753 47.0 71.0 1.1052631578947367 
31865.0 9581.220448059716 0.10918432883750803 0.47591522157996147 43.0 74.0 1.5333333333333332 
39585.0 8053.685592512443 0.13425155797302124 0.38797533401849943 61.0 73.0 2.1052631578947367 
39415.0 8136.680630412383 0.14836223506743737 0.38792549775208734 58.0 85.0 2.333333333333333 
39585.0 8053.685592512443 0.13425155797302124 0.38797533401849943 61.0 73.0 2.1052631578947367 
39415.0 8148.6650114336835 0.14838129251574406 0.3879753276169238 58.0 75.0 2.3719298245614033 
39415.0 8148.6650114336835 0.14838129251574406 0.3879753276169238 58.0 75.0 2.3719298245614033 
39685.0 8012.907359765679 0.12911346977971322 0.3879753276169238 68.0 83.0 2.7957393483709274 
29630.0 10836.244800950682 0.11624919717405266 0.4836223506743738 39.0 63.0 0.0 
29630.0 10836.244800950682 0.11626412963354837 0.483684473005867 39.0 63.0 0.0 
29630.0 10836.244800950682 0.11626412963354837 0.483684473005867 39.0 63.0 0.0 
29630.0 10836.244800950682 0.11626413155165492 0.4836844809856141 39.0 63.0 0.0 
29630.0 10836.244800950682 0.11626412963354837 0.483684473005867 39.0 63.0 0.0 
31865.0 9581.220448059716 0.10918432883750803 0.47591522157996147 43.0 74.0 1.5333333333333332 
29630.0 10836.244800950682 0.11624919717405266 0.4836223506743738 39.0 63.0 0.0 
