100132.40011796754 12732.730722531802 0.07193320488118175 0.0 101.0 156.0 2.9800747863247863 
81497.1568263999 13783.412815300742 0.10534833674263659 0.0 83.0 136.0 2.3422875370243794 
92286.23076565626 10168.983988872304 0.1811175337186898 0.0 111.0 105.0 1.0879631439341058 
114415.12299313673 7198.239783520817 0.1599434711533345 0.0 131.0 96.0 1.3125 
110855.0 7797.454553852441 0.21580827977996403 0.015414258676299256 122.0 106.0 1.2361009286412512 
92870.0 6439.103641456583 0.2241490044958253 0.20873474630700065 103.0 95.0 1.2222222222222223 
117410.0 8973.813735923964 0.12074502247912652 0.010276172125883108 125.0 127.0 2.379280018761726 
63490.0 9303.488372093025 0.1252408477842004 0.2800256904303147 60.0 74.0 1.0769230769230769 
76350.0 8427.042221277801 0.170199100834939 0.16120745022479127 88.0 92.0 1.0077076883384932 
70350.0 9201.20697605902 0.3166345536287733 0.262684649967887 68.0 74.0 0.0 
142206.3536534214 9557.83553766743 0.1162594285453237 0.0019267822736030828 124.0 106.0 1.7361341034224822 
91396.58160853956 12889.06234381882 0.10406290987001209 0.0 97.0 155.0 2.4305337861372345 
102179.01824197569 9394.095683284537 0.20873474630700065 0.0 132.0 135.0 2.403977272727273 
93285.0 8627.267343485615 0.3737957610789981 0.033397559409120106 93.0 68.0 0.0 
61240.0 9074.419053927253 0.1689345442650487 0.2884082451926349 58.0 76.0 0.0 
99298.6427805276 11061.419224701838 0.10727132402653358 0.0 106.0 149.0 2.321542346542347 
83171.53277331484 12556.327092796402 0.12780989081567115 0.0 86.0 120.0 2.2563165785528287 
109015.39969221942 10281.459306841858 0.14129736673089274 0.0 106.0 112.0 2.002415458937198 
95813.11568735067 9772.303558025536 0.2177543665349224 0.0 117.0 110.0 1.9722222222222223 
129240.0 6880.537981108754 0.30828516377649323 0.021836865767501604 132.0 93.0 1.7132275132275132 
137247.80453135446 10298.117887678656 0.07965122534507486 0.0 124.0 121.0 2.567424953095685 
94542.22825062435 12517.739657559929 0.12074502247912652 0.0 93.0 128.0 1.3932394297669441 
157682.10913205572 8757.72126713929 0.45477902641189083 0.0 137.0 85.0 1.25 
125540.0 9373.30217919366 0.15287777781902767 0.0 129.0 130.0 2.828722002635046 
98095.0617832142 9205.119997078677 0.13359023763648042 0.005138086062941554 105.0 108.0 0.9688865884518059 
52355.0 6920.783132530118 0.10918432883750803 0.3815028901734104 66.0 79.0 0.0 
85762.93391987812 10105.405925674939 0.16122906782625615 0.01284521536929936 87.0 79.0 0.0 
150019.99999999997 7450.645906126661 0.13938642441432378 4.867486796942064E-6 166.0 147.0 3.0442934782608697 
131129.14786050108 8643.449155608329 0.10982658959537572 0.0 140.0 155.0 3.2691040843214756 
128886.51520968141 9222.709371346897 0.1188389476493545 3.7949897060904223E-6 147.0 134.0 1.7034977703455962 
137793.41707996343 7815.488678191785 0.13103530387901993 8.043308966145749E-18 157.0 124.0 2.3605072463768115 
150865.0 5077.755860447564 0.3436095054592164 0.03789338471419396 163.0 79.0 0.11794871794871795 
125960.0 7334.942307888644 0.15350032113037893 0.0 130.0 106.0 2.3348089591567853 
153613.17518248176 7906.699075212388 0.41490044958253053 0.0 149.0 89.0 0.1421911421911422 
88817.21118810994 10561.157803384434 0.16829302740418678 1.64999552438714E-6 91.0 86.0 0.7 
86439.47357856785 13723.74725162348 0.13232271325796502 0.0 84.0 116.0 2.1719298245614036 
103726.14781863647 10713.868951266086 0.1329479768786127 0.0 109.0 120.0 2.5579710144927534 
97364.5137641873 12193.544684059776 0.0790093771390624 0.0 112.0 155.0 2.4230769230769234 
68875.0 7906.919313932589 0.12268937720506433 0.2582178645840423 67.0 79.0 1.176923076923077 
83078.65814569498 14934.15111315954 0.08478931140801645 0.0 82.0 132.0 2.846045345922947 
113014.43087847553 9979.83442693344 0.12847252901826506 2.3594935998736103E-5 128.0 127.0 1.5508838987099853 
104175.0 8350.991205050004 0.18240205523442518 0.010918432883750802 109.0 79.0 0.0 
119225.0 7218.592677345539 0.22157996146435452 0.03982016698779704 122.0 79.0 0.0 
105959.96309152353 13493.14463372308 0.10984069886947585 2.5007411868008473E-17 94.0 130.0 1.1712739641311072 
156185.0 5709.231825408293 0.22607578676942838 0.021836865767501604 173.0 82.0 1.0666666666666667 
89510.0 6281.039482411319 0.19974309569685292 0.14964675658317278 112.0 81.0 1.1111111111111112 
114606.04604020203 12641.688182310769 0.05073859987154785 0.0 109.0 147.0 2.4636245867953184 
158845.0 6845.888948386685 0.4457753368112775 1.0597273759711881E-10 160.0 86.0 0.7299465240641712 
78140.0 8950.972868295266 0.31727681438664096 0.12780989081567115 80.0 66.0 0.0 
58155.0 7782.900709690987 0.1355472187070134 0.22992935131744313 72.0 72.0 0.0 
73545.0 9312.640065938995 0.13680154142581888 0.22607578676942838 73.0 104.0 1.8337331127653709 
87247.50000000001 11913.170590112619 0.12975333804407055 0.0 102.0 142.0 1.9918793849828333 
106349.06650284189 10674.97104982093 0.07707129094412331 0.0 98.0 126.0 2.0821776057625114 
80860.0 8330.140256866953 0.23314065510597304 0.18368657675016056 92.0 75.0 0.0 
162880.0 7330.140743351874 0.41623843782067876 1.0591810429523898E-12 170.0 78.0 0.0 
143390.0 7276.799687010956 0.37316496779002484 0.010918432883750802 152.0 78.0 0.0 
71908.12009430597 11489.671486294905 0.1939876638084619 0.09185508584307964 66.0 81.0 0.17142857142857143 
121638.24998041832 7682.132777407065 0.14258188824662812 0.0 140.0 111.0 1.866062801932367 
59115.0 9599.902216427643 0.09892086330946548 0.3205292908523661 59.0 77.0 0.0 
111168.5219898313 10435.345552316727 0.09955041746949261 0.0 118.0 132.0 1.7151385751929231 
49175.0 8221.987951807227 0.11947526842333439 0.3892600141322117 63.0 74.0 0.0 
66090.0 8544.62985975502 0.2780989081567116 0.1676300578034682 75.0 72.0 0.0 
40500.0 8363.10105664944 0.18368657675016056 0.49967886962106617 55.0 70.0 0.0 
82825.0 9474.460000240668 0.3301366320043857 0.05009633911368015 87.0 70.0 0.4607843137254902 
90240.0 8654.000802709072 0.38664097623635196 0.06422607578676943 92.0 68.0 0.0 
116480.0 7086.216578765674 0.33397559409120103 0.15285806037251123 134.0 78.0 0.0 
56925.0 10066.017026078085 0.14258188824662812 0.33204881181759793 82.0 132.0 2.685964912280702 
69796.60557069983 12102.681943848143 0.12588310854206808 0.18368657675016056 70.0 99.0 0.9845108695652174 
122615.0 5645.443888363501 0.17857142857142858 0.02954779033915725 145.0 83.0 0.2625 
88885.59636918626 13622.161917348078 0.09377007064868337 0.0 87.0 144.0 2.4543049932523617 
197760.0 5695.207964261978 0.3622350674373796 0.006422607578676943 178.0 87.0 1.6444444444444444 
106870.0 7807.588338695137 0.15221579961464354 0.006422607578676943 120.0 89.0 0.5025641025641026 
139513.12678845628 9596.536647018802 0.13938848920833766 0.0019270298047235621 120.0 95.0 0.7004377736085053 
72170.0 6256.528994626237 0.17022096608427545 0.24409044193216856 100.0 91.0 1.9650793650793652 
112599.9554525449 12434.465298872383 0.0764388489208633 5.184035607572048E-49 107.0 132.0 2.1605110336817654 
105035.0 6260.251876549245 0.24791265253692998 0.03596660244059088 108.0 76.0 1.08 
119905.0 9318.370183407773 0.23444242128976847 0.0 113.0 102.0 0.9982905982905983 
46895.0 12461.497289507992 0.1811175337186898 0.464354527938343 46.0 84.0 0.0 
56030.0 7241.19686051059 0.15478484264611433 0.34104046242774566 71.0 78.0 0.0 
79868.77870502866 10603.244376177669 0.15929568557071752 0.03853564568403436 97.0 95.0 1.0873775347459558 
159070.0 4558.469236471458 0.4258188824662813 0.0 185.0 81.0 1.0625 
49095.0 10262.52424714599 0.23763648041104687 0.464354527938343 47.0 77.0 0.0 
59850.0 6966.682330827064 0.1374614594039871 0.3301644398765094 74.0 82.0 1.7666666666666668 
146915.0 7597.221076384166 0.4193962748876044 0.03917790622992935 132.0 71.0 0.0 
86895.0 7708.743229799933 0.20937700706486834 0.1579961464354528 97.0 79.0 0.0 
98400.0 6217.304191152579 0.2543352601156069 0.10404624277456648 119.0 81.0 1.0512820512820513 
67775.0 10233.024707974573 0.1791907514450867 0.2119460500963391 62.0 79.0 0.0 
169905.0 6519.456522859895 0.4104573484067831 3.21253257198716E-13 160.0 80.0 1.1300000000000001 
191565.0 6116.42821474403 0.3609970757954319 8.2499776219357E-7 188.0 94.0 1.0895424836601308 
51700.0 10738.240405632992 0.1567116249197174 0.48683365446371224 47.0 90.0 1.1076923076923078 
84160.0 6670.876514377463 0.2543352601156069 0.10404624277456648 107.0 81.0 1.08 
75190.0 11829.13418012954 0.16700718769338874 0.0918550873584898 71.0 91.0 0.5527295285359801 
66992.32749130193 13072.752871304361 0.15863840719332048 0.18368657675016056 55.0 90.0 0.3608695652173913 
54200.0 9597.61224368996 0.2658959537572254 0.31856133590237634 59.0 73.0 0.0 
74675.0 6940.2381732483655 0.3507194244600858 0.23702466598150052 91.0 79.0 1.367003367003367 
38960.0 9557.49147634991 0.15350032113037893 0.5080282594733462 50.0 77.0 0.0 
117574.60546598898 12959.746247912417 0.07579724824599446 0.0 110.0 142.0 2.0965916197623513 
126665.0 5179.047184458455 0.14065510597302505 0.03789338471419396 141.0 79.0 0.0 
64625.0 6587.09307651179 0.16506101477199744 0.2845215157353886 85.0 85.0 1.5416666666666667 
132625.0 5577.950661942879 0.16120745022479127 0.029543994861913937 158.0 90.0 0.6334239130434782 
101235.0 6278.819063050802 0.16056518946692358 0.10468850353243417 123.0 82.0 0.0 
63435.0 11288.904936938026 0.12269176969857469 0.25822198957285325 66.0 96.0 1.3524038461538461 
42735.0 7981.776970533932 0.1573538856775851 0.4932562620423892 60.0 74.0 0.0 
139895.0 5112.209040081348 0.1233140655105973 0.03789338471419396 155.0 86.0 0.3855072463768116 
46270.0 8194.740553452088 0.12395632626846499 0.37764932562620424 55.0 74.0 0.0 
77867.29752778623 11470.517867299353 0.19396274887604367 0.09184328837508028 70.0 84.0 0.41129032258064513 
106885.0 5633.134649002715 0.14065510597302505 0.03789338471419396 125.0 79.0 0.0 
80950.0 6463.703816744271 0.1329479768786127 0.262684649967887 104.0 102.0 2.4955555555555557 
43765.0 11082.377912644253 0.13872832369942195 0.5067437379576107 42.0 82.0 0.0 
114270.0 5073.385291804306 0.2010276172125883 0.0 146.0 83.0 2.0606060606060606 
60630.0 11945.572230807978 0.15542710340398203 0.2581888246628131 52.0 87.0 0.4277591973244147 
147780.0 5745.542119503529 0.15929881790195644 0.0 161.0 88.0 1.5855072463768116 
