[3, 23, 9, 1, 24, 20][6, 13, 18, 19, 8][11, 25, 0, 26][12, 22, 17, 28][5, 21, 10, 15][7, 14, 11][2, 7, 4][15, 2, 29][16, 27, 29][25, 28][14, 23][6, 16] 
[3, 23, 9, 1, 24, 20][6, 13, 18, 19, 8][11, 25, 0, 26][5, 21, 10, 15][12, 17, 22][22, 25, 28][7, 14, 11][2, 7, 4][10, 2, 29][16, 27, 29][12, 19][14, 23] 
[3, 23, 9, 1, 24, 20, 4][6, 13, 18, 19, 8][5, 21, 10, 15][11, 25, 0, 26][16, 27, 29][10, 2, 29][12, 22, 17][22, 25, 28][7, 14, 11][6, 16][12, 19][14, 23] 
[3, 23, 9, 1, 24, 20, 4][6, 13, 18, 19, 8][5, 21, 10, 15][11, 25, 0, 26][16, 27, 29][10, 2, 29][12, 22, 17][22, 25, 28][7, 14, 11][6, 16][12, 19][14, 23] 
[3, 23, 9, 1, 24, 20][6, 13, 18, 19, 8][5, 21, 10, 15][11, 25, 0, 26][12, 22, 17, 28][16, 27, 29][10, 2, 29][2, 7, 4][7, 14, 11][6, 16][14, 23][25, 28] 
[3, 23, 9, 1, 24, 20][6, 13, 18, 19, 8][5, 21, 10, 15][11, 25, 0, 26][10, 2, 29][2, 7, 4][16, 27, 29][7, 14, 11][22, 25, 28][12, 22, 17][12, 19][14, 23] 
[3, 23, 9, 1, 24, 20][6, 13, 18, 19, 8][5, 21, 10, 15][11, 25, 0, 26][16, 27, 29][10, 2, 29][2, 7, 4][7, 14, 11][22, 25, 28][12, 17, 22][14, 23][12, 19] 
[3, 23, 9, 1, 24, 20][6, 13, 18, 19, 8][11, 25, 0, 26][5, 21, 10, 15][2, 7, 4][7, 14, 11][10, 2, 29][16, 27, 29][22, 25, 28][12, 22, 17][14, 23][6, 16] 
[3, 23, 9, 1, 24, 20][6, 13, 18, 19, 8][11, 25, 0, 26][5, 21, 10, 15][7, 14, 11][22, 25, 28][2, 7, 4][10, 2, 29][12, 22, 17][16, 27, 29][14, 23][12, 19] 
[3, 23, 9, 1, 24, 20][6, 13, 18, 19, 8][11, 25, 0, 26][5, 21, 10, 15][7, 14, 11][2, 7, 4][10, 2, 29][16, 27, 29][22, 25, 28][12, 22, 17][14, 23][6, 16] 
[3, 23, 9, 1, 24, 20][6, 13, 18, 19, 8][11, 25, 0, 26][12, 22, 17, 28][5, 21, 10, 15][7, 14, 11][2, 7, 4][15, 2, 29][16, 27, 29][25, 28][6, 16][14, 23] 
[3, 23, 9, 1, 24, 20][6, 13, 18, 19, 8][5, 21, 10, 15][11, 25, 0, 26][16, 27, 29][10, 2, 29][2, 7, 4][7, 14, 11][22, 25, 28][12, 17, 22][14, 23][12, 19] 
[3, 23, 9, 1, 24, 20, 4][6, 13, 18, 19, 8][5, 21, 10, 15][11, 25, 0, 26][16, 27, 29][10, 2, 29][12, 22, 17][22, 25, 28][7, 14, 11][6, 16][12, 19][14, 23] 
[3, 23, 9, 1, 24, 20][6, 13, 18, 19, 8][11, 25, 0, 26][12, 22, 17, 28][5, 21, 10, 15][7, 14, 11][2, 7, 4][10, 2, 29][16, 27, 29][25, 28][6, 16][14, 23] 
[3, 23, 9, 1, 24, 20][6, 13, 18, 19, 8][5, 21, 10, 15][11, 25, 0, 26][10, 2, 29][16, 27, 29][2, 7, 4][7, 14, 11][22, 25, 28][12, 22, 17][12, 19][14, 23] 
[3, 23, 9, 1, 24, 20][6, 13, 18, 19, 8][5, 21, 10, 15][11, 25, 0, 26][16, 27, 29][10, 2, 29][2, 7, 4][7, 14, 11][22, 25, 28][12, 22, 17][6, 16][14, 23] 
[3, 23, 9, 1, 24, 20][6, 13, 18, 19, 8][5, 21, 10, 15][11, 25, 0, 26][12, 22, 17, 28][16, 27, 29][15, 2, 29][2, 7, 4][7, 14, 11][25, 28][14, 23][6, 16] 
[3, 23, 9, 1, 24, 20][6, 13, 18, 19, 8][11, 25, 0, 26][5, 21, 10, 15][7, 14, 11][2, 7, 4][10, 2, 29][16, 27, 29][22, 25, 28][12, 17, 22][12, 19][14, 23] 
[3, 23, 9, 1, 24, 20][6, 13, 18, 19, 8][12, 22, 17, 28][11, 25, 0, 26][5, 21, 10, 15][7, 14, 11][2, 7, 4][10, 2, 29][16, 27, 29][25, 28][6, 16][14, 23] 
[3, 23, 9, 1, 24, 20][6, 13, 18, 19, 8][11, 25, 0, 26][12, 22, 17, 28][5, 21, 10, 15][7, 14, 11][2, 7, 4][15, 2, 29][16, 27, 29][25, 28][14, 23][6, 16] 
[3, 23, 9, 1, 24, 20][6, 13, 18, 19, 8][11, 25, 0, 26][5, 21, 10, 15][12, 22, 17, 28][7, 14, 11][2, 7, 4][15, 2, 29][16, 27, 29][14, 23][6, 16][25, 28] 
[3, 23, 9, 1, 24, 20][6, 13, 18, 19, 8][5, 21, 10, 15][11, 25, 0, 26][16, 27, 29][10, 2, 29][2, 7, 4][7, 14, 11][22, 25, 28][12, 17, 22][14, 23][12, 19] 
[3, 23, 9, 1, 24, 20, 4][6, 13, 18, 19, 8][5, 21, 10, 15][11, 25, 0, 26][16, 27, 29][10, 2, 29][12, 22, 17][22, 25, 28][7, 14, 11][6, 16][12, 19][14, 23] 
[3, 23, 9, 1, 24, 20][6, 13, 18, 19, 8][11, 25, 0, 26][12, 22, 17, 28][5, 21, 10, 15][7, 14, 11][2, 7, 4][10, 2, 29][16, 27, 29][25, 28][6, 16][14, 23] 
[3, 23, 9, 1, 24, 20][6, 13, 18, 19, 8][5, 21, 10, 15][11, 25, 0, 26][10, 2, 29][16, 27, 29][2, 7, 4][7, 14, 11][22, 25, 28][12, 22, 17][12, 19][14, 23] 
[3, 23, 9, 1, 24, 20][6, 13, 18, 19, 8][11, 25, 0, 26][5, 21, 10, 15][7, 14, 11][2, 7, 4][10, 2, 29][16, 27, 29][22, 25, 28][12, 22, 17][14, 23][6, 16] 
[3, 23, 9, 1, 24, 20][6, 13, 18, 19, 8][12, 22, 17, 28][11, 25, 0, 26][5, 21, 10, 15][7, 14, 11][2, 7, 4][15, 2, 29][16, 27, 29][25, 28][14, 23][6, 16] 
[3, 23, 9, 1, 24, 20][6, 13, 18, 19, 8][5, 21, 10, 15][11, 25, 0, 26][16, 27, 29][10, 2, 29][2, 7, 4][7, 14, 11][22, 25, 28][12, 17, 22][14, 23][12, 19] 
[3, 23, 9, 1, 24, 20][6, 13, 18, 19, 8][11, 25, 0, 26][12, 22, 17, 28][5, 21, 10, 15][7, 14, 11][2, 7, 4][10, 2, 29][16, 27, 29][25, 28][6, 16][14, 23] 
[3, 23, 9, 1, 24, 20][6, 13, 18, 19, 8][5, 21, 10, 15][11, 25, 0, 26][12, 22, 17, 28][16, 27, 29][15, 2, 29][2, 7, 4][7, 14, 11][25, 28][14, 23][6, 16] 
[3, 23, 9, 1, 24, 20][6, 13, 18, 19, 8][12, 22, 17, 28][11, 25, 0, 26][5, 21, 10, 15][7, 14, 11][2, 7, 4][15, 2, 29][16, 27, 29][25, 28][14, 23][6, 16] 
[3, 23, 9, 1, 24, 20][6, 13, 18, 19, 8][11, 25, 0, 26][5, 21, 10, 15][7, 14, 11][2, 7, 4][10, 2, 29][22, 25, 28][12, 17, 22][16, 27, 29][12, 19][14, 23] 
[3, 23, 9, 1, 24, 20][6, 13, 18, 19, 8][5, 21, 10, 15][11, 25, 0, 26][12, 22, 17, 28][16, 27, 29][10, 2, 29][2, 7, 4][7, 14, 11][6, 16][25, 28][14, 23] 
[3, 23, 9, 1, 24, 20][6, 13, 18, 19, 8][5, 21, 10, 15][11, 25, 0, 26][12, 22, 17, 28][15, 2, 29][2, 7, 4][7, 14, 11][16, 27, 29][25, 28][14, 23][6, 16] 
[3, 23, 9, 1, 24, 20][6, 13, 18, 19, 8][5, 21, 10, 15][11, 25, 0, 26][12, 22, 17, 28][16, 27, 29][15, 2, 29][2, 7, 4][7, 14, 11][25, 28][6, 16][14, 23] 
[15, 21, 6, 13, 18, 12, 8, 26, 0, 25, 11, 17, 19][6, 2, 7, 20, 4, 3, 9][12, 22, 17, 11, 14, 24, 23][21, 10, 29, 27, 16, 28][5, 6][16, 28][1, 3][3, 9][3, 9][3, 9][8, 26][8, 26] 
[15, 21, 6, 13, 18, 12, 8, 26, 0, 25, 11, 17, 19][6, 2, 7, 20, 4, 3, 9][12, 22, 17, 11, 14, 24, 23][21, 10, 29, 27, 16, 28][5, 6][16, 28][1, 3][3, 9][3, 9][3, 9][8, 26][8, 26] 
[15, 21, 6, 13, 18, 12, 8, 26, 0, 25, 11, 17, 19][6, 2, 7, 20, 4, 3, 9][12, 22, 17, 11, 14, 24, 23][21, 10, 29, 27, 16, 28][5, 6][16, 28][1, 3][3, 9][3, 9][3, 9][8, 26][8, 26] 
[8, 12, 22, 17, 19, 0, 28, 25, 11][6, 13, 18, 22, 12, 8, 26, 0, 25][5, 6, 2, 7, 20, 4, 3, 9][21, 10, 15, 29, 27, 16, 28][11, 14, 24, 23][5, 6][3, 9][1, 3][8, 26][5, 6][3, 9][0, 26] 
[9, 3, 4, 20, 7, 2, 6, 5, 15, 16, 10][6, 13, 18, 22, 12, 8, 26, 0, 25][21, 10, 15, 29, 27, 16, 28][11, 25, 28, 0, 19, 17][11, 14, 24, 23][5, 6][3, 9][1, 3][8, 26][5, 6][3, 9][0, 26] 
[6, 13, 18, 22, 12, 8, 26, 0, 25][5, 6, 2, 7, 20, 4, 3, 9][21, 10, 15, 29, 27, 16, 28][11, 25, 28, 0, 19, 17][11, 14, 24, 23][5, 6][3, 9][1, 3][8, 26][5, 6][3, 9][0, 26] 
[15, 21, 6, 13, 18, 12, 8, 26, 0, 25, 11, 17, 19][6, 2, 7, 20, 4, 3, 9][12, 22, 17, 11, 14, 24, 23][21, 10, 29, 27, 16, 28][5, 6][16, 28][1, 3][3, 9][3, 9][3, 9][8, 26][8, 26] 
[15, 21, 6, 13, 18, 12, 8, 26, 0, 25, 11, 17, 19][6, 2, 7, 20, 4, 3, 9][12, 22, 17, 11, 14, 24, 23][21, 10, 29, 27, 16, 28][5, 6][16, 28][1, 3][3, 9][3, 9][3, 9][8, 26][8, 26] 
[8, 12, 22, 17, 19, 0, 28, 25, 11][6, 13, 18, 22, 12, 8, 26, 0, 25][5, 6, 2, 7, 20, 4, 3, 9][21, 10, 15, 29, 27, 16, 28][11, 14, 24, 23][0, 26, 8, 12][5, 6][3, 9][1, 3][8, 26][5, 6][3, 9] 
[15, 21, 6, 13, 18, 12, 8, 26, 0, 25, 11, 17, 19][6, 2, 7, 20, 4, 3, 9][12, 22, 17, 11, 14, 24, 23][21, 10, 29, 27, 16, 28][5, 6][16, 28][1, 3][3, 9][3, 9][3, 9][8, 26][8, 26] 
[15, 21, 6, 13, 18, 12, 8, 26, 0, 25, 11, 17, 19][6, 2, 7, 20, 4, 3, 9][12, 22, 17, 11, 14, 24, 23][21, 10, 29, 27, 16, 28][5, 6][16, 28][1, 3][3, 9][3, 9][3, 9][8, 26][8, 26] 
[15, 21, 6, 13, 18, 12, 8, 26, 0, 25, 11, 17, 19][5, 6, 2, 7, 20, 4, 3, 9][12, 0, 22, 17, 11, 14, 24, 23][21, 10, 29, 27, 16, 28][1, 3][8, 26][3, 9][0, 26][3, 9][5, 6][3, 9][5, 6] 
[8, 12, 22, 17, 19, 0, 28, 25, 11][6, 13, 18, 22, 12, 8, 26, 0, 25][5, 6, 2, 7, 20, 4, 3, 9][21, 10, 15, 29, 27, 16, 28][11, 14, 24, 23][5, 6][3, 9][1, 3][8, 26][5, 6][3, 9][0, 26] 
[15, 21, 6, 13, 18, 12, 8, 26, 0, 25, 11, 17, 19][6, 2, 7, 20, 4, 3, 9][12, 22, 17, 11, 14, 24, 23][21, 10, 29, 27, 16, 28][5, 6][16, 28][1, 3][3, 9][3, 9][3, 9][8, 26][8, 26] 
[15, 21, 6, 13, 18, 12, 8, 26, 0, 25, 11, 17, 19][6, 2, 7, 20, 4, 3, 9][12, 22, 17, 11, 14, 24, 23][21, 10, 29, 27, 16, 28][5, 6][16, 28][1, 3][3, 9][3, 9][3, 9][8, 26][8, 26] 
[15, 21, 6, 13, 18, 12, 8, 26, 0, 25, 11, 17, 19][5, 6, 2, 7, 20, 4, 3, 9][12, 22, 17, 11, 14, 24, 23][21, 10, 29, 27, 16, 28][1, 3][8, 26][3, 9][0, 26][3, 9][5, 6][3, 9][5, 6] 
[15, 21, 6, 13, 18, 12, 8, 26, 0, 25, 11, 17, 19][5, 6, 2, 7, 20, 4, 3, 9][12, 22, 17, 11, 14, 24, 23][21, 10, 29, 27, 16, 28][1, 3][8, 26][3, 9][0, 26][3, 9][5, 6][3, 9][5, 6] 
[15, 21, 6, 13, 18, 12, 8, 26, 0, 25, 11, 17, 19][6, 2, 7, 20, 4, 3, 9][12, 22, 17, 11, 14, 24, 23][21, 10, 29, 27, 16, 28][5, 6][16, 28][1, 3][3, 9][3, 9][3, 9][8, 26][8, 26] 
[15, 21, 6, 13, 18, 12, 8, 26, 0, 25, 11, 17, 19][5, 6, 2, 7, 20, 4, 3, 9][12, 22, 17, 11, 14, 24, 23][21, 10, 29, 27, 16, 28][1, 3][8, 26][3, 9][0, 26][3, 9][5, 6][3, 9][5, 6] 
[15, 21, 6, 13, 18, 12, 8, 26, 0, 25, 11, 17, 19][5, 6, 2, 7, 20, 4, 3, 9][12, 0, 22, 17, 11, 14, 24, 23][21, 10, 29, 27, 16, 28][1, 3][8, 26][3, 9][0, 26][3, 9][5, 6][3, 9][5, 6] 
[15, 21, 6, 13, 18, 12, 8, 26, 0, 25, 11, 17, 19][5, 6, 2, 7, 20, 4, 3, 9][12, 22, 17, 11, 14, 24, 23][21, 10, 29, 27, 16, 28][1, 3][8, 26][3, 9][0, 26][3, 9][5, 6][3, 9][5, 6] 
[3, 23, 9, 1, 24, 20][6, 13, 18, 19, 8][11, 25, 0, 26][12, 22, 17, 28][5, 21, 10, 15][7, 14, 11][2, 7, 4][10, 2, 29][16, 27, 29][25, 28][6, 16][14, 23] 
[3, 23, 9, 1, 24, 20][6, 13, 18, 19, 8][11, 25, 0, 26][12, 22, 17, 28][5, 21, 10, 15][7, 14, 11][2, 7, 4][10, 2, 29][16, 27, 29][25, 28][6, 16][14, 23] 
[3, 23, 9, 1, 24, 20][6, 13, 18, 19, 8][5, 21, 10, 15][11, 25, 0, 26][12, 22, 17, 28][2, 7, 4][10, 2, 29][16, 27, 29][7, 14, 11][25, 28][6, 16][14, 23] 
[3, 23, 9, 1, 24, 20][6, 13, 18, 19, 8][11, 25, 0, 26][12, 22, 17, 28][5, 21, 10, 15][7, 14, 11][2, 7, 4][10, 2, 29][16, 27, 29][25, 28][6, 16][14, 23] 
[3, 23, 9, 1, 24, 20][6, 13, 18, 19, 8][11, 25, 0, 26][5, 21, 10, 15][12, 22, 17, 28][2, 7, 4][7, 14, 11][10, 2, 29][16, 27, 29][25, 28][6, 16][14, 23] 
[3, 23, 9, 1, 24, 20][6, 13, 18, 19, 8][12, 22, 17, 28][11, 25, 0, 26][5, 21, 10, 15][7, 14, 11][2, 7, 4][10, 2, 29][16, 27, 29][25, 28][6, 16][14, 23] 
[3, 23, 9, 1, 24, 20][6, 13, 18, 19, 8][11, 25, 0, 26][12, 22, 17, 28][5, 21, 10, 15][7, 14, 11][2, 7, 4][10, 2, 29][16, 27, 29][25, 28][6, 16][14, 23] 
[3, 23, 9, 1, 24, 20][6, 13, 18, 19, 8][5, 21, 10, 15][11, 25, 0, 26][12, 22, 17, 28][2, 7, 4][10, 2, 29][16, 27, 29][7, 14, 11][25, 28][6, 16][14, 23] 
[3, 23, 9, 1, 24, 20][6, 13, 18, 19, 8][11, 25, 0, 26][12, 22, 17, 28][5, 21, 10, 15][22, 25, 28][7, 14, 11][2, 7, 4][10, 2, 29][16, 27, 29][6, 16][14, 23] 
[3, 23, 9, 1, 24, 20][6, 13, 18, 19, 8][11, 25, 0, 26][12, 22, 17, 28][5, 21, 10, 15][7, 14, 11][2, 7, 4][10, 2, 29][16, 27, 29][25, 28][6, 16][14, 23] 
[3, 23, 9, 1, 24, 20][6, 13, 18, 19, 8][11, 25, 0, 26][12, 22, 17, 28][5, 21, 10, 15][7, 14, 11][2, 7, 4][10, 2, 29][16, 27, 29][25, 28][6, 16][14, 23] 
[3, 23, 9, 1, 24, 20][6, 13, 18, 19, 8][11, 25, 0, 26][5, 21, 10, 15][12, 22, 17, 28][2, 7, 4][7, 14, 11][10, 2, 29][16, 27, 29][25, 28][6, 16][14, 23] 
[3, 23, 9, 1, 24, 20][6, 13, 18, 19, 8][11, 25, 0, 26][5, 21, 10, 15][12, 22, 17, 28][7, 14, 11][2, 7, 4][10, 2, 29][16, 27, 29][25, 28][14, 23][6, 16] 
[3, 23, 9, 1, 24, 20][6, 13, 18, 19, 8][11, 25, 0, 26][12, 22, 17, 28][5, 21, 10, 15][7, 14, 11][2, 7, 4][10, 2, 29][16, 27, 29][25, 28][6, 16][14, 23] 
[3, 23, 9, 1, 24, 20][6, 13, 18, 19, 8][5, 21, 10, 15][11, 25, 0, 26][12, 22, 17, 28][16, 27, 29][10, 2, 29][2, 7, 4][7, 14, 11][6, 16][14, 23][25, 28] 
[3, 23, 9, 1, 24, 20][6, 13, 18, 19, 8][11, 25, 0, 26][5, 21, 10, 15][12, 22, 17, 28][7, 14, 11][2, 7, 4][15, 2, 29][16, 27, 29][25, 28][6, 16][14, 23] 
[3, 23, 9, 1, 24, 20][6, 13, 18, 19, 8][11, 25, 0, 26][5, 21, 10, 15][12, 22, 17, 28][7, 14, 11][2, 7, 4][15, 2, 29][16, 27, 29][25, 28][6, 16][14, 23] 
[3, 23, 9, 1, 24, 20][6, 13, 18, 19, 8][11, 25, 0, 26][5, 21, 10, 15][12, 22, 17, 28][7, 14, 11][2, 7, 4][15, 2, 29][16, 27, 29][25, 28][6, 16][14, 23] 
[3, 23, 9, 1, 24, 20][6, 13, 18, 19, 8][11, 25, 0, 26][5, 21, 10, 15][12, 22, 17, 28][7, 14, 11][2, 7, 4][15, 2, 29][16, 27, 29][25, 28][6, 16][14, 23] 
[3, 23, 9, 1, 24, 20][6, 13, 18, 19, 8][5, 21, 10, 15][11, 25, 0, 26][12, 22, 17, 28][16, 27, 29][15, 2, 29][2, 7, 4][7, 14, 11][25, 28][14, 23][6, 16] 
[3, 23, 9, 1, 24, 20, 4][6, 13, 18, 19, 8][5, 21, 10, 15][11, 25, 0, 26][12, 22, 17, 28][16, 27, 29][15, 2, 29][7, 14, 11][6, 16][2, 7][14, 23][25, 28] 
[3, 23, 9, 1, 24, 20][6, 13, 18, 19, 8][11, 25, 0, 26][12, 22, 17, 28][5, 21, 10, 15][7, 14, 11][2, 7, 4][10, 2, 29][16, 27, 29][25, 28][6, 16][14, 23] 
[3, 23, 9, 1, 24, 20][6, 13, 18, 19, 8][11, 25, 0, 26][12, 22, 17, 28][5, 21, 10, 15][7, 14, 11][2, 7, 4][10, 2, 29][16, 27, 29][25, 28][14, 23][6, 16] 
[3, 23, 9, 1, 24, 20][6, 13, 18, 19, 8][11, 25, 0, 26][12, 22, 17, 28][5, 21, 10, 15][7, 14, 11][2, 7, 4][10, 2, 29][16, 27, 29][25, 28][6, 16][14, 23] 
[3, 23, 9, 1, 24, 20][6, 13, 18, 19, 8][11, 25, 0, 26][5, 21, 10, 15][12, 22, 17, 28][7, 14, 11][2, 7, 4][10, 2, 29][16, 27, 29][6, 16][25, 28][14, 23] 
[3, 23, 9, 1, 24, 20][6, 13, 18, 19, 8][11, 25, 0, 26][5, 21, 10, 15][12, 22, 17, 28][7, 14, 11][2, 7, 4][10, 2, 29][16, 27, 29][14, 23][25, 28][6, 16] 
[3, 23, 9, 1, 24, 20][6, 13, 18, 19, 8][11, 25, 0, 26][12, 22, 17, 28][5, 21, 10, 15][7, 14, 11][2, 7, 4][10, 2, 29][16, 27, 29][25, 28][14, 23][6, 16] 
[3, 23, 9, 1, 24, 20][6, 13, 18, 19, 8][12, 22, 17, 28][11, 25, 0, 26][5, 21, 10, 15][7, 14, 11][2, 7, 4][10, 2, 29][16, 27, 29][25, 28][6, 16][14, 23] 
[3, 23, 9, 1, 24, 20][6, 13, 18, 19, 8][12, 22, 17, 28][11, 25, 0, 26][5, 21, 10, 15][7, 14, 11][2, 7, 4][15, 2, 29][16, 27, 29][25, 28][14, 23][6, 16] 
[3, 23, 9, 1, 24, 20][6, 13, 18, 19, 8][5, 21, 10, 15][11, 25, 0, 26][12, 22, 17, 28][15, 2, 29][2, 7, 4][7, 14, 11][16, 27, 29][25, 28][14, 23][6, 16] 
[3, 23, 9, 1, 24, 20][6, 13, 18, 19, 8][5, 21, 10, 15][11, 25, 0, 26][12, 22, 17, 28][16, 27, 29][15, 2, 29][2, 7, 4][7, 14, 11][25, 28][6, 16][14, 23] 
[3, 23, 9, 1, 24, 20][6, 13, 18, 19, 8][11, 25, 0, 26][5, 21, 10, 15][12, 22, 17, 28][7, 14, 11][2, 7, 4][15, 2, 29][16, 27, 29][14, 23][6, 16][25, 28] 
[3, 23, 9, 1, 24, 20][6, 13, 18, 19, 8][5, 21, 10, 15][11, 25, 0, 26][12, 22, 17, 28][15, 2, 29][2, 7, 4][7, 14, 11][16, 27, 29][25, 28][14, 23][6, 16] 
[3, 23, 9, 1, 24, 20][6, 13, 18, 19, 8][11, 25, 0, 26][5, 21, 10, 15][12, 22, 17, 28][7, 14, 11][2, 7, 4][15, 2, 29][16, 27, 29][25, 28][14, 23][6, 16] 
[3, 23, 9, 1, 24, 20][6, 13, 18, 19, 8][11, 25, 0, 26][5, 21, 10, 15][12, 22, 17, 28][7, 14, 11][2, 7, 4][15, 2, 29][16, 27, 29][25, 28][6, 16][14, 23] 
[3, 23, 9, 1, 24, 20][6, 13, 18, 19, 8][11, 25, 0, 26][5, 21, 10, 15][12, 22, 17, 28][7, 14, 11][2, 7, 4][15, 2, 29][16, 27, 29][25, 28][6, 16][14, 23] 
[3, 23, 9, 1, 24, 20][6, 13, 18, 19, 8][5, 21, 10, 15][11, 25, 0, 26][12, 22, 17, 28][15, 2, 29][2, 7, 4][16, 27, 29][7, 14, 11][14, 23][6, 16][25, 28] 
[3, 23, 9, 1, 24, 20][6, 13, 18, 19, 8][12, 22, 17, 28][11, 25, 0, 26][5, 21, 10, 15][7, 14, 11][2, 7, 4][15, 2, 29][16, 27, 29][25, 28][14, 23][6, 16] 
[3, 23, 9, 1, 24, 20][6, 13, 18, 19, 8][11, 25, 0, 26][5, 21, 10, 15][12, 22, 17, 28][7, 14, 11][2, 7, 4][15, 2, 29][16, 27, 29][14, 23][6, 16][25, 28] 
[3, 23, 9, 1, 24, 20][6, 13, 18, 19, 8][5, 21, 10, 15][11, 25, 0, 26][12, 22, 17, 28][16, 27, 29][15, 2, 29][2, 7, 4][7, 14, 11][25, 28][6, 16][14, 23] 
[3, 23, 9, 1, 24, 20][6, 13, 18, 19, 8][5, 21, 10, 15][11, 25, 0, 26][12, 22, 17, 28][16, 27, 29][15, 2, 29][2, 7, 4][7, 14, 11][25, 28][14, 23][6, 16] 
[3, 23, 9, 1, 24, 20][6, 13, 18, 19, 8][11, 25, 0, 26][12, 22, 17, 28][5, 21, 10, 15][7, 14, 11][2, 7, 4][15, 2, 29][16, 27, 29][25, 28][6, 16][14, 23] 
[3, 23, 9, 1, 24, 20][6, 13, 18, 19, 8][5, 21, 10, 15][11, 25, 0, 26][12, 22, 17, 28][16, 27, 29][15, 2, 29][2, 7, 4][7, 14, 11][25, 28][6, 16][14, 23] 
[3, 23, 9, 1, 24, 20, 4][6, 13, 18, 19, 8][11, 25, 0, 26][12, 22, 17, 28][5, 21, 10, 15][7, 14, 11][2, 27, 16][15, 2, 29][14, 23][25, 28][2, 7][6, 16] 
[3, 23, 9, 1, 24, 20, 4][6, 13, 18, 19, 8][11, 25, 0, 26][12, 22, 17, 28][5, 21, 10, 15][7, 14, 11][2, 27, 16][15, 2, 29][14, 23][25, 28][2, 7][6, 16] 
[3, 23, 9, 1, 24, 20, 4][6, 13, 18, 19, 8][11, 25, 0, 26][12, 22, 17, 28][5, 21, 10, 15][7, 14, 11][2, 27, 16][15, 2, 29][14, 23][25, 28][2, 7][6, 16] 
[3, 23, 9, 1, 24, 20, 4][6, 13, 18, 19, 8][11, 25, 0, 26][12, 22, 17, 28][5, 21, 10, 15][7, 14, 11][2, 27, 16][15, 2, 29][14, 23][25, 28][2, 7][6, 16] 
[3, 23, 9, 1, 24, 20, 4][6, 13, 18, 19, 8][11, 25, 0, 26][12, 22, 17, 28][5, 21, 10, 15][7, 14, 11][2, 27, 16][15, 2, 29][14, 23][25, 28][2, 7][6, 16] 
[3, 23, 9, 1, 24, 20, 4][12, 17, 28, 25, 22][6, 13, 18, 19, 8][11, 25, 0, 26][5, 21, 10, 15][7, 14, 11][15, 2, 29][16, 27, 29][12, 17, 28][14, 23][2, 7][6, 16] 
[3, 23, 9, 1, 24, 20][6, 13, 18, 19, 8][5, 21, 10, 15][11, 25, 0, 26][12, 22, 17, 28][2, 7, 4][10, 2, 29][7, 14, 11][16, 27, 29][25, 28][14, 23][6, 16] 
[3, 23, 9, 1, 24, 20][6, 13, 18, 19, 8][11, 25, 0, 26][12, 22, 17, 28][5, 21, 10, 15][7, 14, 11][2, 7, 4][10, 2, 29][16, 27, 29][25, 28][14, 23][6, 16] 
[3, 23, 9, 1, 24, 20][6, 13, 18, 19, 8][11, 25, 0, 26][5, 21, 10, 15][12, 22, 17, 28][7, 14, 11][2, 7, 4][10, 2, 29][16, 27, 29][25, 28][14, 23][6, 16] 
[3, 23, 9, 1, 24, 20][6, 13, 18, 19, 8][5, 21, 10, 15][11, 25, 0, 26][12, 22, 17, 28][2, 7, 4][10, 2, 29][7, 14, 11][16, 27, 29][25, 28][14, 23][6, 16] 
[3, 23, 9, 1, 24, 20][6, 13, 18, 19, 8][5, 21, 10, 15][11, 25, 0, 26][12, 22, 17, 28][2, 7, 4][10, 2, 29][7, 14, 11][16, 27, 29][25, 28][14, 23][6, 16] 
[3, 23, 9, 1, 24, 20][6, 13, 18, 19, 8][11, 25, 0, 26][5, 21, 10, 15][12, 22, 17, 28][7, 14, 11][2, 7, 4][15, 2, 29][16, 27, 29][25, 28][6, 16][14, 23] 
[3, 23, 9, 1, 24, 20][6, 13, 18, 19, 8][11, 25, 0, 26][12, 22, 17, 28][5, 21, 10, 15][7, 14, 11][2, 7, 4][10, 2, 29][16, 27, 29][25, 28][6, 16][14, 23] 
