85118.2993244 12090.01661294163 0.06873072970204935 0.0 85.0 122.0 2.0226643088712057 
51830.0 8201.204819277107 0.1348747591522158 0.3834296724470135 52.0 71.0 0.0 
87830.0 8243.209523157622 0.18882466281310212 0.018625561978163133 90.0 72.0 0.0 
58515.0 8941.281717929402 0.18689788053949905 0.22864482980089917 57.0 68.0 0.0 
133045.0 5575.747733116795 0.40333975594091204 0.03789338471419396 148.0 76.0 0.0 
81350.0 7589.027970059811 0.12074502247912652 0.17726396917148363 96.0 108.0 2.013333333333333 
89540.0 6894.240163983254 0.13808606294155426 0.014771997430956968 103.0 81.0 1.5057471264367817 
101860.0 8150.805355978984 0.16441875401412973 0.0 114.0 101.0 1.3202380952380954 
56830.0 6860.10523344138 0.13102119460500963 0.3519588953114965 75.0 85.0 1.9277777777777778 
81350.0 7589.064621166457 0.12076053243705577 0.17728673910972015 96.0 103.0 0.7466666666666666 
52355.0 6920.783132530118 0.10918432883750803 0.3815028901734104 66.0 79.0 0.0 
91980.0 6505.923595865237 0.21644187540141296 0.038535645472061654 108.0 75.0 0.0 
66800.0 6636.021785638457 0.22029543994861914 0.26140012845215155 84.0 79.0 0.32894736842105265 
89135.0 9249.38265961544 0.1579961464354528 0.0340398201669878 76.0 81.0 1.545284780578898 
84426.81659711065 11883.614499558686 0.10725754656390495 0.010276172125883108 85.0 117.0 0.3877484522645813 
83770.0 8188.098188156384 0.1245985870263327 0.03982016698779704 94.0 78.0 0.4849137931034483 
58305.0 9111.910861251063 0.16120745022479127 0.2363519588953115 65.0 74.0 0.0 
72670.0 8676.499226427863 0.18818240205523443 0.09184328837508028 68.0 73.0 0.0 
81596.00238348563 10945.75948858043 0.1599229287090559 0.012845215157353885 75.0 86.0 0.35151515151515156 
99355.0 6540.0773202777555 0.13808606294155426 0.014771997430956968 113.0 80.0 0.38074712643678166 
85117.36566188851 12097.893510237289 0.06873658605201034 0.0 85.0 122.0 2.0226643088712057 
47315.0 8152.990339737324 0.09826589595375723 0.42324983943481054 58.0 77.0 0.0 
81740.0 8097.395202555408 0.2909441233140655 0.04303147077713552 104.0 76.0 0.0 
58515.0 8941.281717929402 0.18689788053949905 0.22864482980089917 57.0 68.0 0.0 
126175.0 7343.75405806408 0.42196531791907516 0.05330764290301863 115.0 72.0 0.21531100478468898 
81350.0 8876.095186321978 0.12074502247912652 0.17726396917148363 95.0 110.0 2.08 
89540.0 6894.240163983254 0.13808606294155426 0.014771997430956968 103.0 81.0 1.5057471264367817 
98047.618461605 9121.928429870793 0.15928066795118817 0.0 126.0 124.0 1.177876984126984 
59850.0 6966.682330827064 0.13744380218368657 0.3301220295439949 74.0 88.0 1.9666666666666666 
81350.0 7589.064621166556 0.12074502247912652 0.17726396917148363 96.0 103.0 0.7466666666666666 
52355.0 6920.783132530118 0.10918432883750803 0.3815028901734104 66.0 79.0 0.0 
91980.0 6505.923595865237 0.21644187540141296 0.038535645472061654 108.0 75.0 0.0 
66800.0 6636.021785638457 0.22029543994861914 0.26140012845215155 84.0 79.0 0.32894736842105265 
89135.0 9249.38265961544 0.1579961464354528 0.0340398201669878 76.0 81.0 1.545284780578898 
84426.81635566117 11883.615284845991 0.10725754656390495 0.010276172125883108 85.0 117.0 0.3877484522645813 
83770.0 8188.098188156384 0.1245985870263327 0.03982016698779704 94.0 78.0 0.4849137931034483 
58305.0 9111.910861251063 0.16120745022479127 0.2363519588953115 65.0 74.0 0.0 
72670.0 8676.499226427863 0.18818240205523443 0.09184328837508028 68.0 73.0 0.0 
99355.0 6540.0773202777555 0.13808606294155426 0.014771997430956968 113.0 80.0 0.38074712643678166 
86424.19986874831 13015.193156856089 0.08414498675672342 0.0 80.0 130.0 2.245661745661746 
47315.0 8152.990339737324 0.09826589595375723 0.42324983943481054 58.0 77.0 0.0 
58515.0 8941.281717929402 0.18689788053949905 0.22864482980089917 57.0 68.0 0.0 
160735.0 6162.898629233597 0.38985228002569045 0.006422607578676943 151.0 76.0 1.0769230769230769 
93474.72014848267 8077.512011823154 0.12076275993101368 0.0032132012841915164 115.0 108.0 2.0366091954022987 
89540.0 6894.240163983254 0.13808606294155426 0.014771997430956968 103.0 81.0 1.5057471264367817 
94640.0 8101.312229672705 0.19588953114964675 0.0 127.0 118.0 1.7112103174603175 
59850.0 6966.682330827064 0.13744380218368657 0.3301220295439949 74.0 88.0 1.9666666666666666 
63775.0 6742.245948734054 0.1464354527938343 0.30700064226075785 84.0 91.0 1.0515151515151515 
52355.0 6920.783132530118 0.10918432883750803 0.3815028901734104 66.0 79.0 0.0 
91980.0 6505.923595865237 0.21644187540141296 0.038535645472061654 108.0 75.0 0.0 
66800.0 6636.021785638457 0.22029543994861914 0.26140012845215155 84.0 79.0 0.32894736842105265 
85580.0 9155.405494091301 0.1901091843288375 0.04174694926140013 75.0 79.0 1.422268907563025 
84424.278066208 11884.9312369893 0.10727132402653358 0.010277492122302619 85.0 117.0 0.3877484522645813 
83770.0 8188.098188156384 0.1245985870263327 0.03982016698779704 94.0 78.0 0.4849137931034483 
53935.0 9423.555312535975 0.06615285806037251 0.3281952472703918 54.0 81.0 0.0 
72670.0 8676.499226427863 0.18818240205523443 0.09184328837508028 68.0 73.0 0.0 
99355.0 6540.0773202777555 0.13808606294155426 0.014771997430956968 113.0 80.0 0.38074712643678166 
90244.70314409227 12044.219351538633 0.055876685934489405 0.0 88.0 128.0 2.059532828282828 
47315.0 8152.990339737324 0.09826589595375723 0.42324983943481054 58.0 77.0 0.0 
58515.0 8941.281717929402 0.18689788053949905 0.22864482980089917 57.0 68.0 0.0 
158990.0 6064.509648544322 0.44508670520231214 0.010276172125883108 145.0 81.0 1.2222222222222223 
104380.0 7897.784565391892 0.16249197174052665 0.0 113.0 105.0 2.067857142857143 
89540.0 6894.240163983254 0.13808606294155426 0.014771997430956968 103.0 81.0 1.5057471264367817 
103269.62358304914 8867.728235996803 0.1252408477842004 0.0 125.0 118.0 1.6554388907330084 
59850.0 6966.682330827064 0.13744380218368657 0.3301220295439949 74.0 88.0 1.9666666666666666 
52355.0 6920.783132530118 0.10918432883750803 0.3815028901734104 66.0 79.0 0.0 
91980.0 6505.923595865237 0.21644187540141296 0.038535645472061654 108.0 75.0 0.0 
66090.0 8035.313816378535 0.24213230571612074 0.26140012845215155 70.0 78.0 0.32894736842105265 
90772.84175874962 9707.088951052661 0.1579961464354528 0.0032113037893384713 79.0 82.0 1.2188811188811188 
84424.27798968743 11884.931293154186 0.10727132402653358 0.010277492122302619 85.0 117.0 0.3877484522645813 
83770.0 8188.098188156384 0.1245985870263327 0.03982016698779704 94.0 78.0 0.4849137931034483 
64115.0 8745.177682414158 0.06615285806037251 0.3281952472703918 63.0 81.0 0.0 
72670.0 8676.499226427863 0.18818240205523443 0.09184328837508028 68.0 73.0 0.0 
99355.0 6540.0773202777555 0.13808606294155426 0.014771997430956968 113.0 80.0 0.38074712643678166 
90598.88786298675 11736.213880709258 0.1111111111111111 0.0 87.0 124.0 2.021545551222971 
47315.0 8152.990339737324 0.09826589595375723 0.42324983943481054 58.0 77.0 0.0 
58515.0 8941.281717929402 0.18689788053949905 0.22864482980089917 57.0 68.0 0.0 
198620.0 7120.78763143135 0.36416184971098264 0.006422607578676943 167.0 81.0 1.5623931623931624 
96986.82750665845 8473.896402519118 0.10661528580603725 0.016698779704560053 119.0 110.0 1.9007936507936507 
89540.0 6894.240163983254 0.13808606294155426 0.014771997430956968 103.0 81.0 1.5057471264367817 
59850.0 7784.616166150096 0.13744380218368657 0.3301220295439949 74.0 82.0 2.1 
52355.0 6920.783132530118 0.10918432883750803 0.3815028901734104 66.0 79.0 0.0 
91980.0 6505.923595865237 0.21644187540141296 0.038535645472061654 108.0 75.0 0.0 
66090.0 8035.313816378535 0.24213230571612074 0.26140012845215155 70.0 78.0 0.32894736842105265 
90814.62751812747 10285.138992283692 0.15414258188824662 0.0032113037893384713 78.0 87.0 1.6384615384615384 
84423.72674239562 11885.310664700415 0.1072713257962783 0.010277492291858998 85.0 117.0 0.3877484522645813 
83770.0 8188.098188156384 0.1245985870263327 0.03982016698779704 94.0 78.0 0.4849137931034483 
58835.0 8352.078817048188 0.16120745022479127 0.33204881181759793 64.0 80.0 0.75 
72670.0 8676.499226427863 0.18818240205523443 0.09184328837508028 68.0 73.0 0.0 
99355.0 6540.0773202777555 0.13808606294155426 0.014771997430956968 113.0 80.0 0.38074712643678166 
91691.88111370036 11765.852910102749 0.10468850353243417 0.0 90.0 119.0 1.969481785271259 
47315.0 8152.990339737324 0.09826589595375723 0.42324983943481054 58.0 77.0 0.0 
58515.0 8941.281717929402 0.18689788053949905 0.22864482980089917 57.0 68.0 0.0 
178250.0 7807.436858598721 0.3705844572896596 0.0 154.0 91.0 1.4775717703349283 
93693.65379689238 9355.119038254104 0.10984432704726288 0.0032132012841915164 105.0 111.0 2.295715778474399 
89540.0 6894.240163983254 0.13808606294155426 0.014771997430956968 103.0 81.0 1.5057471264367817 
59850.0 7784.589784657832 0.13746145713579752 0.3301644344289716 74.0 82.0 2.1 
52355.0 6920.783132530118 0.10918432883750803 0.3815028901734104 66.0 79.0 0.0 
91980.0 6505.923595865237 0.21644187540141296 0.038535645472061654 108.0 75.0 0.0 
66090.0 8035.313816378535 0.24213230571612074 0.26140012845215155 70.0 78.0 0.32894736842105265 
90812.867416402 10293.370874585924 0.15416238183453926 0.0032117162882195683 78.0 87.0 1.6384615384615384 
84423.69281341677 11885.328151933385 0.1072714905524324 0.010277492270691675 85.0 117.0 0.38774845226458127 
83770.0 8188.098188156384 0.1245985870263327 0.03982016698779704 94.0 78.0 0.4849137931034483 
81370.0 8316.954996585066 0.20618822571443776 0.2691418249527998 88.0 93.0 1.1273684210526316 
72670.0 8676.499226427863 0.18818240205523443 0.09184328837508028 68.0 73.0 0.0 
99355.0 6540.0773202777555 0.13808606294155426 0.014771997430956968 113.0 80.0 0.38074712643678166 
98668.96225716069 11353.90216116756 0.09378987059497601 4.12498881096785E-7 89.0 120.0 2.3223443223443225 
90898.30476644481 9754.729818676777 0.14515093127809892 0.0 80.0 88.0 1.3255656108597287 
84423.60357295426 11885.395942116762 0.10727132579650563 0.01027749229188078 85.0 117.0 0.3877484522645813 
72670.0 8676.499226427863 0.18818240205523443 0.09184328837508028 68.0 73.0 0.0 
93434.21050239558 9717.732420604043 0.10534429686053119 0.003854060107518991 105.0 119.0 2.1914066776135743 
99355.0 6540.0773202777555 0.13808606294155426 0.014771997430956968 113.0 80.0 0.38074712643678166 
