85693.79015798273 11514.91505831171 0.056518946692357096 0.0 92.0 133.0 2.331761469692504 
46345.0 8040.1493930905735 0.16249197174052665 0.48233782915863843 50.0 71.0 0.0 
52010.0 8897.421463984932 0.24149004495825305 0.294155427103404 60.0 67.0 0.0 
151045.0 6027.868778999427 0.36416184971098264 0.03596660244059088 159.0 78.0 0.0 
99510.0 8104.682011414995 0.1567116249197174 0.006422607578676943 103.0 76.0 0.0 
86515.0 7001.937081077262 0.15287769531925147 0.08671633978192834 106.0 108.0 1.6564986737400529 
86515.0 6198.025528210599 0.15285806037251123 0.08670520231213873 106.0 81.0 1.7254641909814323 
92920.0 7109.286003517557 0.14193962748876043 0.12267180475272961 122.0 110.0 1.1430499325236168 
59850.0 6966.59932541634 0.13744380218368657 0.3301220295439949 74.0 82.0 1.7666666666666668 
52355.0 6920.783132530118 0.10918432883750803 0.3815028901734104 66.0 79.0 0.0 
69740.0 7491.886749984098 0.34938985228002567 0.1438664097623635 84.0 72.0 1.393640841916704 
82420.0 6766.186627373999 0.25626204238921 0.11046885035324341 102.0 82.0 0.0 
71485.0 6588.08326121842 0.1811175337186898 0.2691072575465639 82.0 81.0 0.2074074074074074 
85280.0 7311.712902578579 0.4174694926140013 0.08670520231213873 97.0 73.0 1.0689655172413792 
75795.0 8158.803343240932 0.12074502247912652 0.10276172125883108 87.0 77.0 1.4738063660477452 
83402.92446474929 10243.33703965731 0.14388488971223665 0.013489208410522186 86.0 103.0 0.7039998255969218 
74235.0 8271.185360864547 0.12140279319492346 0.12011596168545392 83.0 72.0 0.6564986737400531 
58920.0 8826.147808282298 0.07385998715478484 0.3269107257546564 63.0 79.0 0.3554778554778555 
71205.0 8437.58766129434 0.21708413615928066 0.09505459216441875 75.0 70.0 0.0 
107065.0 6533.134649002715 0.14258188824662812 0.03596660244059088 125.0 80.0 0.0 
123280.0 7212.312051911841 0.40976236351958895 0.05073859987154785 110.0 75.0 0.0 
85250.0 8205.114287077688 0.14129736673089274 0.09377007064868337 82.0 73.0 0.0 
85693.50363581405 11516.901126074134 0.056518946692357096 0.0 92.0 133.0 2.331761469692504 
46345.0 8040.1493930905735 0.16249197174052665 0.48233782915863843 50.0 71.0 0.0 
52010.0 8955.298880685878 0.20809248554913296 0.294155427103404 56.0 67.0 0.0 
86515.00000000001 8028.321747615021 0.14129736673089274 0.08670520231213873 110.0 115.0 2.5719602977667493 
86515.0 6198.025528210599 0.15285806037251123 0.08670520231213873 106.0 81.0 1.7254641909814323 
92920.0 7109.286003517557 0.14193962748876043 0.12267180475272961 122.0 110.0 1.1430499325236168 
59850.0 6966.682330827064 0.13744380218368657 0.3301220295439949 74.0 82.0 1.7666666666666666 
52355.0 6920.783132530118 0.10918432883750803 0.3815028901734104 66.0 79.0 0.0 
72031.88419464351 8099.501195269103 0.325626204238921 0.262684649967887 86.0 101.0 1.7149999999999999 
82420.0 6766.186627373999 0.25626204238921 0.11046885035324341 102.0 82.0 0.0 
68105.0 6951.992408112499 0.19653179190751446 0.28644829800899163 75.0 79.0 0.0 
75795.0 8158.803343240932 0.12074502247912652 0.10276172125883108 87.0 77.0 1.4738063660477452 
83402.83854831374 10243.78889366413 0.1438664097623635 0.01348747591522158 86.0 103.0 0.7039998255969218 
84505.0 8270.829835338529 0.13744380218368657 0.09377007064868337 88.0 80.0 0.0 
61570.0 8991.781762341776 0.10533076429030186 0.29736673089274246 55.0 72.0 0.48717948717948717 
71205.0 8437.58766129434 0.21708413615928066 0.09505459216441875 75.0 70.0 0.0 
107065.0 6533.134649002715 0.14258188824662812 0.03596660244059088 125.0 80.0 0.0 
131776.53609828316 8575.644700930037 0.46885035324341684 0.0 111.0 86.0 1.6648275862068966 
85250.0 8205.114287077688 0.14129736673089274 0.09377007064868337 82.0 73.0 0.0 
85693.49426848876 11516.960912030134 0.056518946692357096 0.0 92.0 133.0 2.331761469692504 
46920.0 8340.413059163058 0.1811175337186898 0.4816955684007707 48.0 71.0 0.0 
52010.0 8955.298880685878 0.20809248554913296 0.294155427103404 56.0 67.0 0.0 
109760.0 7832.116001916447 0.10725754656390495 0.0 118.0 110.0 2.351449275362319 
86515.0 6198.025528210599 0.15285806037251123 0.08670520231213873 106.0 81.0 1.7254641909814323 
92920.0 7109.286003517557 0.14193962748876043 0.12267180475272961 122.0 110.0 1.1430499325236168 
70695.0 7404.993338430144 0.12074502247912652 0.2774566473988439 67.0 81.0 1.4195804195804196 
52355.0 6920.783132530118 0.10918432883750803 0.3815028901734104 66.0 79.0 0.0 
82420.0 6766.186627373999 0.25626204238921 0.11046885035324341 102.0 82.0 0.0 
68105.0 6951.992408112499 0.19653179190751446 0.28644829800899163 75.0 79.0 0.0 
75795.0 8158.803343240932 0.12074502247912652 0.10276172125883108 87.0 77.0 1.4738063660477452 
86247.33478963986 10207.559646710177 0.15030527200118862 0.01348747591522158 91.0 106.0 0.38998538011695905 
84505.0 8270.829835338529 0.13744380218368657 0.09377007064868337 88.0 80.0 0.0 
63020.0 9110.592044888952 0.11560693641618497 0.28387925497752087 56.0 73.0 0.47692307692307695 
71205.0 8437.58766129434 0.21708413615928066 0.09505459216441875 75.0 70.0 0.0 
114349.55423476969 6126.12159398368 0.17212588310854207 0.006422607578676943 123.0 76.0 0.0 
165888.15469042002 7674.691504035738 0.3705844572896596 0.0 153.0 102.0 1.949774774774775 
85250.0 8205.114287077688 0.14129736673089274 0.09377007064868337 82.0 73.0 0.0 
85693.48735746508 11517.017317500358 0.056518946692357096 0.0 92.0 133.0 2.331761469692504 
43940.0 9454.155610083219 0.13423249839434812 0.5016056518946692 48.0 78.0 0.0 
52010.0 8955.298880685878 0.20809248554913296 0.294155427103404 56.0 67.0 0.0 
104620.00000000001 8760.18189208871 0.10789980732177264 0.0 103.0 129.0 2.331196581196581 
86515.0 6198.025528210599 0.15285806037251123 0.08670520231213873 106.0 81.0 1.7254641909814323 
92920.0 7109.286003517557 0.14193962748876043 0.12267180475272961 122.0 110.0 1.1430499325236168 
70695.0 7404.993338430144 0.12074502247912652 0.2774566473988439 67.0 81.0 1.4195804195804196 
52355.0 6920.783132530118 0.10918432883750803 0.3815028901734104 66.0 79.0 0.0 
82420.0 6766.186627373999 0.25626204238921 0.11046885035324341 102.0 82.0 0.0 
68105.0 6951.992408112499 0.19653179190751446 0.28644829800899163 75.0 79.0 0.0 
75795.0 8158.803343240932 0.12074502247912652 0.10276172125883108 87.0 77.0 1.4738063660477452 
86247.31680380926 10207.565717129482 0.1503083243766219 0.013489208410522186 91.0 106.0 0.38998538011695905 
84505.0 8270.829835338529 0.13744380218368657 0.09377007064868337 88.0 80.0 0.0 
63020.0 9110.592044888952 0.11560693641618497 0.28387925497752087 56.0 73.0 0.47692307692307695 
71205.0 8437.58766129434 0.21708413615928066 0.09505459216441875 75.0 70.0 0.0 
114349.55423476969 6126.12159398368 0.17212588310854207 0.006422607578676943 123.0 76.0 0.0 
85250.0 8205.114287077688 0.14129736673089274 0.09377007064868337 82.0 73.0 0.0 
85693.43089582144 11517.43204103991 0.056518946692357096 0.0 92.0 133.0 2.331761469692504 
43940.0 9454.155610083219 0.13423249839434812 0.5016056518946692 48.0 78.0 0.0 
55745.0 8808.467940510196 0.25112395632626844 0.22800256904303148 63.0 72.0 0.0 
98387.5 8782.860663154945 0.10342609195672556 8.2499776219357E-7 107.0 127.0 2.0198290598290596 
86515.0 6198.025528210599 0.15285806037251123 0.08670520231213873 106.0 81.0 1.7254641909814323 
92920.0 7109.286003517557 0.14193962748876043 0.12267180475272961 122.0 110.0 1.1430499325236168 
70695.0 7404.993338430144 0.12074502247912652 0.2774566473988439 67.0 81.0 1.4195804195804196 
52355.0 6920.783132530118 0.10918432883750803 0.3815028901734104 66.0 79.0 0.0 
82420.0 6766.186627373999 0.25626204238921 0.11046885035324341 102.0 82.0 0.0 
68105.0 6951.992408112499 0.19653179190751446 0.28644829800899163 75.0 79.0 0.0 
75795.0 8158.803343240932 0.12074502247912652 0.10276172125883108 87.0 77.0 1.4738063660477452 
86247.31680380926 10207.565717129482 0.1503083243766219 0.013489208410522186 91.0 106.0 0.38998538011695905 
86363.26763225989 7136.789936897225 0.15285806037251123 0.08670520231213873 105.0 82.0 0.6564986737400531 
63020.0 9110.592044888952 0.11560693641618497 0.28387925497752087 56.0 73.0 0.47692307692307695 
72670.0 8676.499226427863 0.18818240205523443 0.09184328837508028 68.0 73.0 0.0 
114349.55423476969 6126.12159398368 0.17212588310854207 0.006422607578676943 123.0 76.0 0.0 
85250.0 8205.114287077688 0.14129736673089274 0.09377007064868337 82.0 73.0 0.0 
90062.92023213173 11203.420561265408 0.07129094412331406 0.0 93.0 130.0 2.4122458001768345 
63350.0 8669.586497519864 0.24534360950545922 0.2588310854206808 71.0 71.0 0.0 
105283.98003918615 7781.8771630969895 0.20423892100192678 0.0 121.0 126.0 2.683991683991684 
97540.0 6901.6281938371885 0.15606936416184972 0.05330764290301863 122.0 92.0 2.033333333333333 
145557.47362250884 8375.92986043542 0.3308041376937765 0.0 161.0 139.0 1.946886446886447 
70500.0 7823.366678670596 0.12074502247912652 0.2774566473988439 67.0 81.0 1.4965034965034965 
97540.0 6656.636214019029 0.21965317919075145 0.05330764290301863 118.0 82.0 0.0 
68105.0 6951.992408112499 0.19653179190751446 0.28644829800899163 75.0 79.0 0.0 
100170.0 9683.528635788221 0.14836223506743737 0.006422607578676943 90.0 87.0 2.0 
86247.31680380926 10207.565717129482 0.1503083243766219 0.013489208410522186 91.0 106.0 0.38998538011695905 
85245.0 7529.058811348109 0.1245985870263327 0.16506101477199744 106.0 80.0 0.0 
60330.0 8969.771994472594 0.1111111111111111 0.29736673089274246 54.0 68.0 0.0 
72150.0 9332.257981429253 0.2222222222222222 0.1123956326268465 72.0 70.0 0.0 
114349.55423476969 6126.12159398368 0.17212588310854207 0.006422607578676943 123.0 76.0 0.0 
85250.0 8205.114287077688 0.14129736673089274 0.09377007064868337 82.0 73.0 0.0 
103820.0 8866.057807837311 0.07129094412331406 0.0 113.0 124.0 2.513436276367311 
114349.55423476969 6126.12159398368 0.17212588310854207 0.006422607578676943 123.0 76.0 0.0 
92100.0 9432.645626224064 0.16184971098265896 0.018625561978163133 88.0 92.0 1.4214677276746244 
63350.0 8669.586497519864 0.24534360950545922 0.2588310854206808 71.0 71.0 0.0 
