0.9998973412075469 7.513338505433432E-4 
1.0957702980792647E-8 1.0013903938700524 
7.257178830317006E-4 0.979816522764854 
0.314728623961697 0.4407412426594231 
0.6397819412146435 0.2012202443563744 
0.20856575260402643 0.5443911019608512 
0.0032727140635784163 0.9448213738791162 
0.2732171460234429 0.495087491776048 
0.7783836093404255 0.11876492988572081 
0.7367563655175137 0.14314539756886452 
0.29732379459981295 0.4559670746042619 
0.051743943249392944 0.7746924367785327 
0.984556851520265 0.008806911170885308 
0.15310361838255515 0.6104491978977457 
0.6610892647948875 0.18829355897721212 
0.22378151652422523 0.5283623927814737 
0.9670506794158789 0.017318564796856548 
0.32912022605887903 0.42810561900584376 
0.008912089548781116 0.9138442935210698 
0.750385019085637 0.13471348088783675 
0.2860635870430268 0.4693905656267036 
0.17734987244825187 0.5926260441835091 
0.7648469302120602 0.12649433539203972 
0.07466228791713087 0.728292482711049 
0.1970777774086147 0.5598583871667651 
0.013584172709137199 0.8881848239782378 
0.1657996305222757 0.5944364977631414 
0.10199766121706508 0.6834372807818004 
0.42156141391195046 0.3522329299847453 
0.9126202595209975 0.04594152179761832 
0.5068478978007298 0.2943816441085338 
0.026818911530277434 0.838861972957272 
0.7016697165931897 0.1654509491322244 
0.391855702086038 0.3750935118333123 
0.6115889778108446 0.22847862767490992 
0.044706502848779854 0.7901159055421029 
0.400298555588928 0.36834104864433054 
0.8413555651865183 0.08776464788107777 
0.241544588726089 0.5100500005699972 
0.9287416661232484 0.037090151465979895 
0.3581955423320996 0.4052332910418842 
0.18707724157791156 0.5714431471760664 
0.33946576916651905 0.4196686960468154 
0.43925806516740595 0.3384862453140064 
0.23119536723891435 0.5208258406981653 
0.6247509846588882 0.21153679525322483 
0.47286694627397463 0.31373853293765036 
0.06155842883825663 0.7559297541973813 
0.09923017708297144 0.6973457355986613 
0.9366282591157 0.03301103293709577 
0.04044684040106916 0.801453120332381 
0.1272497463494126 0.6591209807443985 
0.36848275301284295 0.39411157893894033 
0.716695210619479 0.15464991845980378 
0.6703764736945359 0.18472926520243915 
0.35192748049166905 0.41433594953516606 
0.4566757976622709 0.32546051239692475 
0.14504625692940865 0.6214602079149322 
0.5707513424202008 0.24653756784523062 
0.25494289160422584 0.49631565106009107 
0.5945374938398272 0.23016098703601112 
0.49236219810303083 0.305419137674643 
0.6237746914878887 0.2210667210430245 
0.37885024365630793 0.38603736832772495 
0.5192043940605541 0.28066660588171305 
0.5629183282152054 0.2517329523466594 
0.016196072961348562 0.8789749070724104 
0.019345944193113196 0.864502721838274 
0.12945690724958314 0.6509788087090906 
0.8017766786371566 0.10558003969742809 
0.4151539544036291 0.36098977172036495 
0.8115574099845374 0.1005158793097079 
0.8625903165527112 0.07664683068210212 
0.4774360176449287 0.3104630698361842 
0.24974203731465486 0.5023889899862525 
0.5503693229271832 0.25965494285434854 
0.03511200187246383 0.8149916749414177 
0.951596459313716 0.02541460704735596 
0.08451334094689134 0.7147542743598728 
0.5188469153819528 0.2807457226400357 
0.8200041507770544 0.09588156521812083 
0.6910012670444319 0.17008099487397288 
0.11098677763977688 0.6680963010820264 
0.7153522103167912 0.15522165819960904 
0.49534248831023936 0.2977224463473358 
0.11203312731361031 0.6675871303516991 
0.6819567077004713 0.17568069204086117 
0.28801132383369976 0.4652548608965357 
0.9017054866429556 0.05334190043679681 
0.03140645897305683 0.824741865999598 
0.5369235970163867 0.2689748893918581 
0.13432624343703448 0.6376366212676486 
0.8506412144234261 0.07913042555480257 
0.06310157298821462 0.7506496940022308 
0.9541092154657329 0.024189513114394958 
0.07797187800503048 0.7224615148694865 
0.8017766786371566 0.10558003969742809 
0.546603740584632 0.2621307609215851 
0.00570956590430699 0.9266453101598905 
0.1885092715401882 0.5671161778427848 
