0.6595635208866212
0.6603222667862746
0.6591854126473933
0.6598600738581272
0.6601922668415187
0.6595106682219928
0.6594260944755213
0.6596776764978175
0.6598159684657827
0.6598670906935517
0.6588725885778539
0.6596349268649376
0.6594559641316521
0.6595350748436566
0.6600728044638893
0.6594233339864584
0.6594732409612087
0.6596995414075666
0.6597769948587735
0.6596991711530473
0.6590415056174675
0.6592851307728119
0.6595225579804633
0.6600637480493183
0.659707080512385
0.6594808758092763
0.6592761347830544
0.6592005428466015
0.660187305842429
0.659667791335189
