0.40515979189007584
0.32990964817139284
0.4155894280817035
0.4136281188266322
0.42160771367431776
0.36999585762839104
0.3381502578921629
0.40716078924937515
0.3969602613862168
0.34275455618264977
0.3879838099014886
0.34337481077214593
0.41526873092196825
0.3579973064113618
0.4200859917547262
0.37310723082427355
0.46597080006445096
0.39498631202437773
0.3607483660244705
0.4243363400576916
0.3916891022463559
0.4168693609544065
0.38104676762047984
0.42100252494410134
0.40324097519352153
0.36660398035682784
0.4102172250659508
0.37957661293997697
0.35191564704034795
0.43719331329510275
