124700.0 7343.589743589746 0.15930038793077841 0.03982420999616492 132.0 80.0 0.0 
102840.3598191934 10638.86255919075 0.10984919743808585 2.970373494756937E-6 134.0 158.0 2.9372549019607845 
114080.0761508637 11796.146871896284 0.07579650565262076 1.1612988796409143E-55 119.0 144.0 2.386001229760197 
178215.0 7197.325343466823 0.3976040472328991 0.0025693730729701952 180.0 84.0 0.0 
103210.51164910644 7331.80444626872 0.15416518973095678 2.970373494756937E-6 122.0 101.0 1.263157894736842 
203900.0 6005.008682388301 0.3590698869475848 0.0 191.0 109.0 2.1256944444444446 
109670.15373119249 9597.793007853912 0.09124566573000889 3.3004149941813686E-7 134.0 144.0 2.5357421442262043 
211900.0 7142.720033789737 0.3410842754368071 0.0025693730729701952 206.0 103.0 1.069685534591195 
128644.33867145183 8439.82346636049 0.11048304213777149 1.9480273561670252E-306 160.0 166.0 3.0643015521064303 
121418.82894391971 11184.464440814405 0.08286228160343856 6.670945712048846E-14 118.0 160.0 2.719611206403659 
106636.8571835699 10202.89163524594 0.1618998772901321 1.1612988796409143E-55 136.0 147.0 2.482862137102903 
117620.66496847474 11064.28522116075 0.09570658914651929 1.1612988796409143E-55 121.0 134.0 2.056799549087928 
85037.65151515152 11708.251322381037 0.16700924974306267 0.017985611510791366 92.0 123.0 1.32767131242741 
175715.0 7422.00506810263 0.43357436302185476 0.02569076035620719 184.0 80.0 0.0 
113220.3943366203 7243.217542136978 0.16188329102004173 3.052491720207145E-6 130.0 108.0 1.8262108262108263 
99068.42771619851 11603.850519126065 0.08735868574223511 3.815508600837768E-10 117.0 158.0 2.775180375180375 
89452.01175891982 12005.702146793565 0.13039568486285588 6.995099216954731E-10 92.0 132.0 1.8350966107063666 
111180.00000000001 11116.6772772059 0.08611211349827792 3.134991509949741E-6 118.0 149.0 2.6025641025641026 
86830.35399478996 13333.664407052995 0.1483812945400834 1.6757828879371133E-60 86.0 131.0 1.8465072611414075 
81933.8462110183 10086.069144112316 0.20876156217882835 0.04239465570400822 95.0 88.0 0.3484382284382284 
93229.83958657025 11992.420697167323 0.10791366926612225 0.0 92.0 125.0 1.6608462675535844 
56830.0 7431.96996509527 0.1310494950699019 0.35199181756597075 75.0 87.0 1.9722222222222223 
91795.0 9118.954677721484 0.3346608431040371 0.0969938324978784 94.0 70.0 0.0 
120294.25887515274 8970.441186261663 0.09699383453269249 1.1680930399023045E-20 141.0 148.0 2.3056598133324475 
152426.40656373563 8061.756599138963 0.13553442953558598 1.1806258425401386E-298 165.0 152.0 3.01010101010101 
173365.39489713032 8095.873035705212 0.22159539090440877 0.0 144.0 93.0 1.7565492321589882 
94662.88659793814 7610.666866470346 0.1760020554984121 0.023124357656682755 120.0 88.0 0.0 
142150.0 7545.240010888327 0.39054470367848043 9.040711778004518E-52 150.0 94.0 0.536272077069041 
122615.0 5750.747426876212 0.20425814591926789 0.02954779033915725 143.0 89.0 1.2564102564102564 
82115.0 7171.213472527104 0.4239465570395772 0.15737410072002891 119.0 99.0 2.0625309354891934 
185943.73553719008 8426.722056932855 0.34558067831449124 0.0019270298047276467 180.0 107.0 0.9028473091364205 
160670.0 6856.530066020345 0.35647510067950383 0.0892742453436095 147.0 77.0 0.0 
155406.38302709922 9018.269672232285 0.3173169144288203 0.0 166.0 134.0 2.379988191632928 
59865.0 8834.535504209634 0.2363920589374908 0.2980089916506101 63.0 75.0 0.0 
91787.90524721304 13928.181410064515 0.11626751644861648 2.8616314506283256E-10 83.0 130.0 1.9063307209648672 
164315.0 7937.481101178012 0.2646231512792773 0.031470777654783434 138.0 78.0 0.6000625390869294 
96925.0 11046.023043289666 0.10343706787151917 5.445684740399258E-6 118.0 148.0 2.5474851207842217 
84220.0 9631.178345495864 0.25757337977677314 0.04239465570400822 90.0 77.0 0.14835164835164835 
139370.0 8258.318644691535 0.16892431554343645 7.038194119176517E-48 134.0 102.0 1.0032281205164992 
130283.75305332035 10755.413919201692 0.09510591319303657 3.3004149397246685E-7 128.0 140.0 2.3527354997943233 
95537.50416987087 12626.865741164875 0.09957079753242612 0.0 86.0 125.0 1.7855896361993921 
87386.45473072116 10918.892360826858 0.21004624871531347 0.03468653648509763 91.0 112.0 1.2201445347786812 
65060.0 9373.305476010803 0.3629011776256738 0.24732723672154314 79.0 91.0 0.648421052631579 
101082.35221254763 9200.636831134236 0.11754881885149905 3.815508600837768E-10 139.0 144.0 2.5801120448179273 
66535.0 6660.513671872094 0.19848407024722492 0.28584275388047603 93.0 94.0 1.9777777777777776 
71870.24650844082 8178.221547546635 0.16636921552527575 0.2267557562206176 100.0 121.0 2.466666666666667 
79290.0 8160.476990190976 0.24858684480986637 0.12911099691675232 106.0 93.0 0.5672268907563025 
95183.66315697323 9870.40671785372 0.35585816993836666 0.03597122398594146 102.0 86.0 0.0 
92020.0 6418.448104188312 0.3018817811151574 0.12139107871423753 109.0 84.0 1.2564102564102564 
130780.0 6142.132166841367 0.26142059102496845 0.023763648041812625 138.0 85.0 1.2564102564102564 
156255.0 5757.4784378479335 0.15930113052400507 7.079370959725305E-13 167.0 99.0 1.5816864295125164 
126178.65944003603 10169.0341171635 0.1034239489869145 8.985331076152532E-23 129.0 138.0 2.188163688163688 
136639.8308125663 9931.017296471 0.10470195402698107 2.585209293455059E-32 149.0 151.0 3.126289540206326 
123905.73664861028 10119.5268112307 0.16832347513138637 6.425907993671124E-4 122.0 123.0 0.983894438278456 
69810.0 9524.821662882427 0.31474597362693196 0.2434457883734301 61.0 75.0 0.36428571428571427 
143214.0143912771 10244.548176747612 0.15865878993728935 0.0 117.0 105.0 1.1249702847905672 
106850.0 8308.791973836907 0.12589928094654215 1.0598635002327132E-10 106.0 114.0 2.147630147630148 
41265.0 9197.808523956783 0.1278263103802672 0.5035971223021583 61.0 91.0 0.5670498084291188 
109270.0 7752.038145100974 0.1483843471062172 0.006423432576439137 102.0 104.0 1.5555555555555556 
116230.0 6322.151048235568 0.3333761562178828 0.13489208633093522 138.0 85.0 1.3333333333333333 
63395.0 6590.639986232365 0.18434286427175353 0.29356217750819985 84.0 88.0 1.5333333333333332 
83698.70083737187 14407.569555965036 0.14067086545480875 1.3045969782590427E-56 81.0 133.0 1.8871014603562963 
76210.0 8653.831259189246 0.24087476509296282 0.1791952070053289 92.0 83.0 0.0 
188300.0 7896.807007589456 0.40017680361273467 0.002569373072970195 173.0 86.0 0.0 
96540.0 6589.024997541953 0.16379819324108016 0.023124357275180894 128.0 102.0 1.4732600732600734 
133026.1709287251 7727.157400351508 0.12397225077081193 0.031474820143884884 153.0 111.0 1.3977272727272727 
45985.0 9581.049904819029 0.18566781587066256 0.4425378772132852 48.0 76.0 0.0 
169775.0 8332.19849983701 0.39889384902054914 0.02569076035620719 173.0 85.0 0.3445378151260504 
150053.96588014998 8062.992498891269 0.1316803699897225 7.155327545380222E-291 171.0 157.0 3.231060606060606 
176580.0 5538.177774474525 0.261431647415346 4.2664508429120924E-17 181.0 93.0 1.08 
188275.0 5735.6421344893115 0.38280358409361986 0.024405908904958733 167.0 82.0 1.2222222222222223 
139265.0 5789.845579535608 0.17214065227491596 0.006422607578676943 151.0 90.0 1.2564102564102564 
226580.0 7920.268057270872 0.3539311412567704 0.00256937307296475 198.0 104.0 0.38623751387347394 
97740.0 8642.796494068682 0.2466409215286069 0.03147077713551702 105.0 86.0 0.4535423925667828 
69735.0 6839.551971073648 0.08992805755395683 0.33401849948612533 84.0 84.0 1.2173913043478262 
57490.0 10428.878528464102 0.19655613256348423 0.3198917329109664 66.0 116.0 1.698830409356725 
137125.56598016858 7360.405946563462 0.15352004110996917 0.03147482014388489 148.0 89.0 0.3712121212121212 
118250.0 7552.112162188797 0.11497796022076799 7.855629653943206E-42 134.0 113.0 1.7975955204216072 
89165.0 9320.587042910216 0.3153728874868726 0.0944173645394172 96.0 80.0 0.0 
86915.0 8675.016489107193 0.3018848339989617 0.11689376822262593 93.0 77.0 0.7252747252747253 
213995.0 7117.337070296538 0.34750770811921894 0.0025693730729701952 203.0 99.0 1.069685534591195 
206415.0 7965.115971115983 0.3764161251390867 0.0025693730729647495 189.0 93.0 0.4864253393665159 
99810.0 7039.259928517285 0.32759176662187567 0.08672079642323129 115.0 99.0 2.109775641025641 
89045.28825306213 14274.753924618286 0.14003083247687564 1.4017284646740979E-266 82.0 137.0 1.4127371273712737 
107855.0 6155.490489800443 0.18949126413155326 0.071942446043013 125.0 89.0 1.2564102564102564 
200550.0 7186.682918020946 0.42073211743195754 0.0025693730729647495 204.0 83.0 0.0 
134130.0 5670.992122865695 0.17214222190093945 0.006422607578676957 139.0 83.0 1.2564102564102564 
181415.0 7643.724032569672 0.3886146249751442 0.002569373072970195 171.0 88.0 0.3445378151260504 
74242.26198555322 9999.71926673019 0.2974046856651755 0.2254624871531346 62.0 85.0 0.5137820512820512 
197785.93599181686 7938.3993453566445 0.3719140298510201 0.0025693730729647495 187.0 94.0 0.0 
79353.79506641366 10921.44973403357 0.17792908530318605 0.039182939362795474 99.0 108.0 0.7404286770140429 
74270.0 6945.68274197746 0.22225077030364213 0.24152106943093926 105.0 96.0 0.8204980842911878 
85280.0 7323.062082178327 0.41748021896273235 0.08670520231213873 97.0 81.0 1.4166666666666667 
51510.0 9418.073847107287 0.1894920067249134 0.3571407118731462 52.0 75.0 0.0 
88790.0 6855.4930681139995 0.31603288774186045 0.10020555019533527 103.0 89.0 1.2564102564102564 
224290.0 7335.397564846293 0.3327338128648512 0.0025693730729701952 202.0 102.0 1.0016221292580894 
184315.0 6799.265855134418 0.3430091603639243 0.0 175.0 104.0 1.8471856725146198 
220005.0 7162.874520753639 0.39953420778977244 0.0025693730305756547 217.0 90.0 0.4864253393665159 
159070.0 4582.341873160268 0.4258735862613621 1.0836883238348737E-12 185.0 83.0 1.0888888888888888 
55035.0 9559.080408040805 0.1952723534507065 0.3404419324433584 65.0 95.0 1.2903225806451613 
193980.0 8119.965635370028 0.39311408019619076 0.002569373072970195 181.0 96.0 0.0 
144800.0 5717.296181573274 0.15095066810045737 0.006423432682411874 159.0 97.0 1.6028985507246376 
167785.0 9173.128853229384 0.3211670950119912 0.0 133.0 92.0 1.2579895949461168 
111250.0 6066.083932290539 0.2903345366644414 0.1567116249197174 126.0 85.0 1.074074074074074 
67620.0 10638.214254720375 0.30639633627532326 0.2434457883734301 55.0 77.0 0.3375 
49175.0 8221.987951807227 0.1194736200818465 0.3892100192679017 63.0 74.0 0.0 
153515.0 5717.296181573274 0.15095116206058184 0.006423432576439137 165.0 100.0 1.94532279314888 
52355.0 7000.876232201531 0.1091983556012333 0.381551901336074 66.0 81.0 1.0888888888888888 
194060.0 5719.450398905524 0.36292345149479094 0.0 193.0 101.0 1.8965277777777778 
77485.0 6454.215019335515 0.22031911918632133 0.2562997510823451 107.0 101.0 2.353535353535354 
233150.0 6960.176916602692 0.38151460993188446 0.0025690430420680505 222.0 91.0 0.38623751387347394 
126665.0 5179.047184458455 0.14066649600811937 0.037893386759572614 141.0 79.0 0.0 
