0.0 0.5039645951456989 0.009414848711831828 
4.567177193442344E-20 0.0 0.5266578877123447 
0.0 0.5440927090587184 0.0 
0.5564110720641331 0.0 0.0 
0.5564110720641331 0.0 0.0 
4.441912105817685E-20 1.3077607002797965E-21 0.527293379226867 
0.025533168298782404 0.20430513895968555 0.2985211890334285 
0.007149892288861823 0.1566207279809314 0.37752811979418427 
0.3613397611575249 0.04895040298915261 0.0925112181987523 
0.009211547956738023 0.48857702894779287 0.005006847005598218 
0.1082097205788095 0.3259547723070054 0.09995683346994778 
0.11374245166286927 0.015317655570506725 0.3990020987986441 
0.4406653263625739 0.0 0.09044918655468906 
0.4740763641546684 0.0020331867052601547 0.04500267654975234 
0.38593220978252557 0.17432301120223617 4.3820832316137634E-4 
0.48198369080878556 0.029915336663808398 0.012900944969097394 
0.521200415929462 0.0 0.0021202399590637146 
0.21273488317726005 0.13970846535666873 0.17168177677869523 
0.14355359820520036 0.2899555145426065 0.0771062992229756 
0.27569463633940666 0.19315212123857786 0.05859461586909461 
0.0012785462894153658 0.009412820381749515 0.5031384120719259 
0.13066811018710453 0.02512212870887723 0.3533968165612897 
0.09060601201863569 0.08476562046731523 0.32743343709537326 
0.3455679000456774 0.15276094343130595 0.026688092549051 
0.12194368582659065 0.33940727855203384 0.040464118704853926 
0.09748144686565437 0.27879731449820677 0.14109081924840863 
0.053117576372222745 0.010546924091526527 0.4375809320551878 
0.22617341542305255 0.1358478374344906 0.15450550794873594 
0.13460961606278668 0.3485749171435836 0.025336652954266906 
0.2605381530040611 0.0 0.26214583926264223 
0.00881729494791791 0.42132556535165977 0.07147378016538543 
0.1491643657765078 0.01972798087852783 0.3409737271402371 
0.18221117736580839 0.12186766093222091 0.21698431637728666 
0.33823105026922645 0.1495176326564444 0.031831050517171826 
0.11944348357282912 0.37115990220338946 0.035565905481852705 
0.4243525070411509 0.03762757963037571 0.057460914686606995 
4.7987281555854247E-4 0.07487598046642681 0.4576478665457435 
0.04645842895762837 0.4515089169545852 0.025656702343763264 
0.07189710912247513 0.46329056527382695 0.0012553641379708267 
0.0012015412487318827 0.18253222175124795 0.35029154552409736 
0.02004286783559 0.21931430143992783 0.2852413781311223 
0.2324727358579917 0.16278038562421274 0.13342682588772067 
0.2451619118225132 0.03245079132737791 0.24702825731719052 
0.39564207103775956 0.07608533919722396 0.06753694195492145 
0.08274460916366866 0.07774494517241573 0.34105756542626187 
0.26261618608189374 0.03476112170272607 0.22694454202198797 
0.29733328328855857 0.010816507043666816 0.21078491489089166 
0.0065294950937672 0.23493006328610716 0.2820696694255445 
0.21795043018949894 0.17487402689986814 0.11286355892775755 
0.4115019831993649 0.05827682412648491 0.05824653416190875 
0.0693232444928254 0.39111778797871843 0.05348814044896884 
0.006775426912112625 0.5205327059682533 0.0 
0.17935432580977195 0.14563426949711106 0.18476303768435645 
0.286567967147857 0.24010123973833217 0.007308279967042518 
0.0 0.4023219972141282 0.1276030383856478 
0.02818019699885635 0.2155044348119157 0.29080778883877356 
3.234304814348724E-4 0.05046581849396329 0.4822144708523307 
0.3247093651679347 0.06244437585850089 0.1451480785323643 
0.03378589124358656 0.0867917034892149 0.4083892227711267 
0.1939223068273082 0.15734367440812413 0.15068074822509012 
0.005080958929011002 0.530190266602497 0.0 
0.1569227210021754 0.2590568674664465 0.1060092653461253 
0.07670915278554737 0.32040255307787063 0.14335279598285328 
0.09494225859191624 0.40957272431918273 2.384595940838494E-6 
0.0 4.428009241193984E-20 0.510609922708138 
0.04575117399386836 0.004981568655047092 0.4816779760453713 
0.3186218503444848 0.06853191899798122 0.14514808914834698 
0.2387267366186692 0.1317693847645857 0.1472778208016406 
0.5118565052323866 0.0 0.017386297169543187 
0.45545396274849975 0.05355190592683482 0.015992458636530246 
0.039539352117277035 0.059189282372710234 0.4258426008750468 
0.11852156897412189 0.38544691964715283 0.009414921448059456 
0.04270866554080658 0.31442662718426245 0.15400782562168794 
0.024052202574409882 0.2639603047990813 0.23658688842059816 
0.007087178421859257 0.056708472500026114 0.44558878181799305 
0.20377343227047062 0.13790490732029104 0.17347976595665757 
0.42006001922709074 0.06385059281769537 0.0247498298739758 
0.11843399353864001 0.37216274226948803 0.03556542339766123 
0.01664184606908864 0.43237999586123066 0.052793034434605764 
0.09118725733556494 0.08418546162784014 0.32743546563922665 
0.25038854558005164 0.03314261331615934 0.23999544083504956 
0.06642901911001886 0.258150201995285 0.18732866867772108 
0.4979731767427383 0.0 0.02565700276483388 
0.30578406332913854 0.04189683131755337 0.17735386616268076 
0.003377801248610507 0.09473893639958385 0.40361557952427046 
0.45665399102419996 0.04912839961413113 0.0035349298909140583 
0.39387832884969576 0.010390357247790772 0.12191142568861395 
0.1681178385801181 0.23875993128277215 0.11511506913959234 
0.2621514776708714 0.11588607346232065 0.14228212447381358 
0.09218378862199418 0.01220188269091783 0.41914092841834855 
0.22752069484175158 0.04566008658880462 0.24308459808808675 
0.2593228831785708 0.03427942846899201 0.23186795409996644 
0.21471299210614056 0.16809321422426968 0.1393373169541022 
0.19780970861382605 0.24887704056863072 0.07945014563381866 
0.036793102557156385 0.012549749582083134 0.4684817715299098 
0.24299320045430498 0.1949672658860324 0.06772754967678728 
0.03007592294137021 0.21003134843698687 0.2847339527270193 
0.14050544629520337 0.10512505849893276 0.27613163102854216 
0.14051166009622826 0.10511758509380749 0.27613021501331647 
0.16175718735479264 0.24285220801464533 0.11410808874298027 
