0.5611878569304114 0.0 0.0 
6.056256000969505E-17 1.6837402176170464 0.0 
0.5611878569304114 0.0 0.0 
0.0 0.0 1.0116441012291695 
2.182268065309182E-12 0.6053951215387476 0.0 
5.873392521815791E-17 1.6329011193135405 3.5344714708808965E-4 
1.5659043165989155E-4 5.245671392976554E-7 0.8434959814332736 
0.511793878156221 1.2472176158928345E-6 0.0 
0.0012698433935857598 3.551031273410581E-5 0.7226410057129937 
1.0642424109719894E-4 9.998348440043844E-4 0.6124226513982498 
0.0012698433935857598 3.551031273410581E-5 0.7226410057129937 
0.4929670793768065 9.108292935407771E-5 0.03261735858900257 
0.36977044089361194 0.0035258176063322822 0.2060603935303493 
0.34072823758578347 0.18674036088769883 0.02154954716032345 
0.08714230699747852 4.138676055954738E-5 0.44229630228497563 
0.38992675626823287 0.0 0.2552912048527585 
0.12580365747650252 0.12898455965449473 0.2739436132668018 
0.18602036376004066 0.002316934768808364 0.33182142961129146 
0.2771316936212194 0.24103260578122915 3.5032524847412524E-4 
0.0740517782884192 2.0124247092985877E-4 0.4765378161660361 
0.23936144711027116 0.18683164502192376 0.15149430434920128 
0.05940189121346125 0.031071965068544247 0.4589930135026147 
0.4432450004080356 0.025101693896539354 0.038067979518832236 
0.15775316439475043 0.3921846675367543 0.004891116024105015 
0.020699952113399454 0.5147407614173419 0.0013658746920626821 
0.10477392198703281 0.09878807174961426 0.35831489633635116 
0.03552840737536503 0.11972961045483696 0.40154701919782726 
0.061024034597041005 0.12657740110128338 0.3685142687914987 
0.30296172943976635 1.2080113649346463E-4 0.2303956957909963 
0.03282997148490012 0.17376297716172032 0.37629175578523105 
0.21089464101217845 0.19978536121202092 0.13024497080050365 
0.19475587659680185 0.3621604776818069 3.739149722526587E-5 
0.0032763285933497285 1.0121639967073522E-6 0.5526180359185721 
1.9771338625296478E-17 0.549676202495533 0.0017546634657997276 
0.37346705381753065 0.0035610653749193286 0.20069485112535618 
0.07662373684097032 0.15610648353105927 0.34343184925534276 
0.048824772308092165 0.0027650272150114073 0.48451551300902734 
0.43655762613824495 0.07014951972888898 0.03306023515318296 
0.04289859728254309 0.4836567525710369 0.008735328795622433 
0.24724672694804142 0.14084299524181912 0.17040564605472158 
0.2287777089377902 0.2167264042273867 0.09542085985952611 
0.003376397060326312 0.01789164670125304 0.5095858896325689 
0.4555657888755874 0.01070464449703632 0.06401043055439978 
0.12140776971976189 0.2770373126922219 0.18749003429339853 
0.09795076439848108 0.10019148112017487 0.3425620992451863 
0.002835265353874468 0.45524654895754657 0.09409873250650493 
0.40509481380255674 0.022163967096020445 0.0837156238163147 
0.04709716091607938 0.08455999341316625 0.39173242220860105 
0.009317902475289927 1.1605703688018649E-4 0.5107247686279704 
0.1441521549426065 0.3149921140570085 0.11034031368375068 
0.47377982413619174 2.9209511064167703E-7 0.058366312944358824 
0.3349182171965001 0.18355610673856476 0.030543821698740793 
0.13164283998506754 0.11311929597235869 0.29829781985117354 
0.3282943765868292 2.606459078371867E-4 0.21584853108404267 
0.1341615913276465 0.0 0.5409687162467206 
0.26770415877408266 0.15249648003775923 0.13836233050281532 
0.01060634258365999 0.3416751032500816 0.1780027727895805 
0.46833085385068507 0.006976667817918522 0.05556541917338253 
0.1704393674794906 0.35545649054994105 0.0029705314497113586 
0.4218107358039517 0.03683436127168207 0.059923827824652554 
9.120215485643519E-4 1.4287002998973584E-4 0.5839857101977665 
0.05220435372300295 0.1878838116349374 0.2926015333956671 
0.159993775109722 0.13966868398131357 0.21733354275220354 
5.992089768930008E-12 0.0545124553253411 0.6072410392019567 
0.10075783250543992 0.10306276357487078 0.3266124894904029 
0.22703277196277694 0.23633683346336515 0.10593055912712328 
7.356896070042424E-4 0.5352285059172616 0.009278037522983293 
0.03817248422912989 0.09024452043833842 0.39521636706809693 
0.20000848399762872 0.004062176623029202 0.3155515907116606 
0.2707399078943311 0.26255821576315774 0.02082890162506876 
0.11032020744663552 0.2213449583762208 0.231401070227046 
0.2536231765757178 0.22171602875960067 0.07367260379329998 
0.08355489284197239 0.4413358593021441 0.0045367707746070485 
0.2196506768079625 0.19174696605748628 0.10758130983108684 
5.874428928214629E-17 1.633189257584981 6.530887564761765E-5 
0.21496729444089027 0.19704003281500634 0.16566358442948248 
0.43133083930987903 0.023599419701834514 0.05604414570317835 
0.05241366328132689 0.4935855035253408 0.006393862741424656 
0.46128024806263995 0.010838919843394529 0.0581616960209891 
0.022846675967506513 0.33978773160439585 0.15500218802289203 
0.14739777275793306 0.3456603895482275 0.03261735858900257 
0.13738129892236292 0.3043258561659536 0.13841004515989214 
0.12044744949183411 0.12349292179452726 0.2972963144146791 
0.20302924686794654 0.17161295195945425 0.20454020875779802 
0.130481673825906 0.29774282449756645 0.15771061838190994 
0.25906222498693554 0.179833502998775 0.11863672434400105 
0.4101177074444044 0.03722932450845824 0.06769192723662129 
0.11095446296689743 0.22261751999463664 0.2296596232899008 
0.14621333092989086 0.25756516589482703 0.1002110116561882 
0.395590180890414 0.002854901521569826 0.18749003429339853 
0.1427899174747927 0.29451833548972384 0.13081990630081836 
0.31455802891359896 0.1959749773680145 0.04416657623883204 
0.139025646403448 0.3548680052494686 0.018988772956278658 
0.1415255535844791 0.30925263194582553 0.11954196840302962 
2.9441053830663767E-10 0.4028201586682597 0.24969493061984643 
0.25109706860177344 0.2205193548957217 0.08516843578843476 
0.30899026989851713 0.1845941508994244 0.04823514031126051 
0.02489185192691056 0.4296074770381767 0.06402216653075063 
0.0074129975245396055 0.4924451007988366 0.022945286881529678 
7.872352434176636E-4 0.003960184412394694 0.5845878279358363 
