0.001214411116694023
0.004250269770971354
0.0011399197886701655
0.0018087673137572068
0.001370950332109448
0.011768064301213712
0.0017893133564781225
0.0015425519674500063
0.0013798075845446157
0.002582476487654918
0.008508858384045305
0.001155428918974369
0.011024912907743411
0.001112569247256892
0.0014561196830221539
0.0013742536546450393
0.010888541255313897
0.008634353094463495
0.0012062985714036303
0.0012114145273858646
0.0012075456626435461
0.0011778119141500197
0.0013162042487544724
0.0010661058643183388
0.001831512753568755
0.0010215736753481938
0.0014017848346992209
0.0025380432245815654
0.010544624437979162
0.0012086157448008776
