1.0 1.0 0.40019016354936876 0.5000677376999645 0.39882600564384385 0.4996811616264796 0.5000754659371028 
1.0 1.0 0.40019016354936876 0.5000677376999645 0.39882600564384385 0.4996811616264796 0.5000754659371028 
1.0 0.0 0.49703448455757077 0.5001108576151772 0.5992465416905131 0.49972179067014505 0.4999232625715565 
1.0 0.0 0.49703448455757077 0.5001108576151772 0.5992465416905131 0.49972179067014505 0.4999232625715565 
0.0 0.7623159807786036 0.5008779638719976 0.5006960374095785 0.6000898012837014 0.500326980742197 0.49984497897788893 
0.9999807122261477 0.0 0.5006855311364055 0.49878063111641807 0.600059929508742 0.5002697042075175 0.4987371636089161 
1.0 0.0467586711688569 0.40042001859152476 0.49887442652097574 0.398835892718898 0.500279714639129 0.49985863979317496 
0.9999999999999993 0.7802711534244794 0.5002154972376105 0.4988046515868453 0.599511054056929 0.4973239928200986 0.4993016169180562 
0.9999032269013058 0.9999999999994648 0.5007339536271646 0.4990244022970523 0.40049689026826046 0.4995879584974461 0.49987752973032723 
0.7562590269589751 1.8112197634360516E-5 0.4999454809307036 0.500321014783598 0.40035179644318486 0.5003087034290278 0.4992342444214929 
0.36625447502618586 0.8250109389396648 0.49984742916135627 0.49880448125009513 0.5997548792698312 0.5005378489234965 0.4998423773658024 
0.9999999999999993 0.7802711534244794 0.5002154972376105 0.4988046515868453 0.599511054056929 0.4973239928200986 0.4993016169180562 
0.4726622153889699 0.003772988396262167 0.4999200940134331 0.5008015911396011 0.39876937874189133 0.4995691696969307 0.49986304512319496 
0.9849316130315975 0.004226722704008035 0.5003168835314384 0.49886785808823664 0.6000906934422476 0.4995878023550484 0.4998757526364192 
0.7284573542732062 0.41030131269746106 0.49984191180146154 0.4990005536022979 0.5997538778453193 0.49968248480738836 0.4998437757344914 
0.8823160818645027 1.1844815395595058E-4 0.5003705104879935 0.5003544056651184 0.6002510576388431 0.5002683210006701 0.4992267365495737 
1.0 0.0325283997004413 0.3995495433427996 0.498866503290173 0.3988002475935808 0.4995873093823085 0.4998642498740464 
0.9995797348681854 0.02747456506378146 0.49908331565728686 0.498866503290173 0.5000096056249235 0.5002779053723528 0.4998642325148112 
0.9961542538865996 1.8112197634360516E-5 0.4998320907248794 0.4988273158644097 0.3992226907161571 0.4995886726795586 0.499292375953833 
0.9391380498133568 0.9854161530344223 0.500359436131249 0.5006729871499753 0.6000579073346907 0.4996075351744782 0.4998720196313145 
0.8193051104151778 0.9902559433217667 0.499840848258326 0.4987618942701409 0.5998492816121328 0.49968799210378323 0.49987109152653036 
0.2802133214084164 0.8058301414579333 0.499838656998726 0.4988664967183334 0.6002506073366554 0.5005406251705662 0.4992716101020798 
0.16946825885720213 0.938923602732572 0.49984124611947395 0.4988533391763212 0.5997538455330222 0.4996576934158255 0.49926794436802224 
0.12297372534095663 1.00003624095759E-5 0.5010447474542298 0.5007817299826818 0.6000797635610249 0.4996568647660528 0.4992890383195209 
0.09847036808520104 0.7713665008023269 0.5009047461650591 0.5006507464514532 0.6000666808352185 0.5003086010894823 0.4992894845212146 
0.7994947825936143 0.43608575268521693 0.49987506061229386 0.4989179834161347 0.6000584033669311 0.49965659837738263 0.4998608599591623 
0.6574663462237995 0.0 0.500154444063307 0.49868950846310445 0.5995295049580464 0.5002967331723944 0.4987387909699289 
0.6720068916090544 0.7030604231765459 0.49987543296001197 0.4988058519003609 0.6000585152146164 0.49965619749498535 0.4998608599591623 
0.9995797348681854 0.8451192856856038 0.49984699089574713 0.4988665042047715 0.40075802778454295 0.5006358609493401 0.4998172106701035 
0.19815148174076697 0.938923602732572 0.49984124611947395 0.4988533391763212 0.5997538455330222 0.4996576934158255 0.49926794436802224 
0.8823160818645027 1.1844815395595058E-4 0.5003705104879935 0.5003544056651184 0.6002510576388431 0.5002683210006701 0.4992267365495737 
0.8464353980143495 0.3010615378063934 0.49983983452638364 0.5007426253886365 0.600107532121673 0.5002651931675226 0.4998581000683981 
1.0 9.113694928645802E-9 0.40057453184252256 0.49884927563518416 0.60029422220346 0.4987712193001549 0.49994717498416785 
0.946623448938765 0.6209590608791751 0.4999526339030195 0.5001818621707125 0.5996551108129408 0.499646591490235 0.49985320306262426 
0.7025165100514855 0.8603769626728516 0.4998550971828083 0.49885330260584365 0.599761219356513 0.49965614888184273 0.49982794441466305 
0.6026808870790985 0.7166429105320167 0.4999525842487295 0.5009847616648522 0.5996510747968715 0.5003098478365813 0.4998451564562268 
0.9681303845306385 0.0026714496769755223 0.49909581216181703 0.498723860896192 0.6000607165148831 0.5002559603916936 0.49984292869683683 
0.9128497784383701 1.8112197634360516E-5 0.4998320907248794 0.4988273158644097 0.3992226907161571 0.4995886726795586 0.499292375953833 
0.5774836302908446 0.8874142489273859 0.500385547303863 0.4988625953229354 0.6000982533740138 0.5002655447536004 0.49982196152429686 
0.946623448938765 0.633029840219455 0.4999526339030195 0.5001818621707125 0.5996551108129408 0.499646591490235 0.49985320306262426 
0.07580019801443738 0.01685136068178364 0.49908331565728686 0.498866503290173 0.5016487872001327 0.5003276082408376 0.49982341005082154 
0.5095966391764556 0.8357397176432921 0.4998435266373308 0.4988631743566742 0.6000584022184827 0.5002687368156495 0.5006991604984949 
0.5382772509901372 1.2760784782078587E-4 0.5003705104879935 0.5003544056651184 0.6002510576388431 0.5002683210006701 0.4992267365495737 
0.6574663462237995 0.0 0.500154444063307 0.49868950846310445 0.5995295049580464 0.5002967331723944 0.4987387909699289 
0.10509483482936205 0.9999999999994648 0.49983983452638364 0.5006549757223858 0.6005223644573269 0.49958684579401325 0.4992954179270645 
0.3052167432240385 0.4345863524805306 0.49986100471162964 0.4988506851844286 0.60006176179164 0.4996174018235918 0.49929002837250075 
0.8813020848203795 0.43608575268521693 0.49987506061229386 0.4989179834161347 0.6000584033669311 0.49965659837738263 0.4998608599591623 
0.9970302238320206 1.0 0.5003466951719865 0.500622139444679 0.6000584570215262 0.500287311773095 0.4992630854515538 
0.3775649736526586 0.0026714496769755223 0.49984191157547403 0.4987257952032783 0.6000607165148831 0.5002559603916936 0.49927161297015527 
0.8813020848203795 0.45711866028364895 0.49987506061229386 0.4989179834161347 0.6000584033669311 0.49965659837738263 0.4998608599591623 
0.2585640605545408 0.9999599065306796 0.49984191180146154 0.49885171890720625 0.5998513472490952 0.5003408319613153 0.4998592998923901 
0.10959140157554553 0.9999999999994648 0.49983983452638364 0.5006549757223858 0.6005223644573269 0.49958684579401325 0.4992954179270645 
1.0 0.4540237905410529 0.5012476427933561 0.4988652440563831 0.3988002475935808 0.5006178818760993 0.4993003116591427 
0.31779668444249537 0.4345863524805306 0.49986100471162964 0.4988506851844286 0.60006176179164 0.4996174018235918 0.49929002837250075 
0.9985236975597297 0.7704101607291332 0.4998596323939557 0.49879497761594 0.6001074399035576 0.5003014677375905 0.4998812554572596 
0.5062241755136778 0.9889065226374713 0.4998713574473336 0.4991153152814953 0.4006563085291824 0.49958596136597067 0.4998664161149289 
0.8161283944828167 0.9932336451633609 0.4999461087860717 0.49873657343613276 0.5996458422091859 0.5003270304845425 0.4998449961403946 
0.8613973838956218 0.3898805128917508 0.49985439490311206 0.5009261743732298 0.5995095455447464 0.5003018134917243 0.499301820006641 
0.4726622153889699 0.9999999999994648 0.49983983452638364 0.49911044482769634 0.6005223644573269 0.49958684579401325 0.49986342298968295 
0.7025165100514855 0.8252370855485639 0.4998550971828083 0.49885330260584365 0.599761219356513 0.49965614888184273 0.49982794441466305 
0.4665701457724114 0.8384453311894888 0.4998432524223119 0.49905936211213336 0.6001113601175855 0.4993839124489777 0.4992912947689038 
0.9602556302611756 0.7567185619356603 0.49983492430207804 0.5001965254222766 0.6000932238777419 0.5005887476446914 0.49929734675505283 
0.2651707335337413 0.9999999999994648 0.4999200940134331 0.4990636767666757 0.39876937874189133 0.4995688596292915 0.4998683281049855 
0.2650163162397241 0.10080950517905574 0.49984285441215615 0.49906381483627565 0.5998513010827301 0.4996600372598736 0.4998592998923901 
0.40001214827503245 0.02747456506378146 0.49982941507094386 0.49886843759725935 0.5000096056249235 0.5002779053723528 0.49929291678812965 
0.26516152861091535 0.6062631574953153 0.4999562595582954 0.4988489844562171 0.5996600324114181 0.4995950994922952 0.4998274664096513 
0.8306742720737776 0.9588804440692762 0.4998432405888739 0.5006208341302895 0.5995124045423386 0.4996424858574383 0.4998680333132184 
0.9222465151592592 1.0 0.5003602052026475 0.50066277807644 0.6000584570215262 0.5003065958994455 0.4992748001331318 
0.6168488703979215 0.9706538109926235 0.499874120418079 0.4989179834161347 0.5997696967446041 0.49965619749498535 0.49992896185495006 
0.6026808870790985 0.9934167572220568 0.4994364296679934 0.5005708952181372 0.5995124045423386 0.5002978649720411 0.4998680333132184 
0.46603834661579596 0.7713665008023269 0.5009047461650591 0.49910621555676365 0.6000666808352185 0.5003086010894823 0.4998574895838331 
0.30153874513586 0.0041256249768457445 0.49994584378950324 0.49887459081878777 0.40035179644318486 0.5003172710470852 0.49982899925056 
0.7779877557827538 0.9934167572220568 0.5006776753481783 0.5005708952181372 0.5995124045423386 0.5003098478365813 0.4999123591755365 
0.9897546914341868 0.7089844240895031 0.5000044668580628 0.5009742191819859 0.5997528540057593 0.49965619749498535 0.5000726257562188 
0.7737869675467164 0.997411486267617 0.4998313766275081 0.4990702654361884 0.4006563085291824 0.5003087032947137 0.4998664161149289 
0.91740307011148 0.35810560542277475 0.4998596323939557 0.4988503212103361 0.6001074399035576 0.49965619749498535 0.49985489062929706 
0.36625447502618586 0.7802711534244794 0.49984742916135627 0.49880448125009513 0.599511054056929 0.5005378489234965 0.4992716101020798 
0.6536731873872578 0.35141661180519335 0.5001491556861652 0.5004310254155896 0.5997528344371508 0.4996546866357472 0.4998677682926582 
0.6457001651861177 0.9937363850958792 0.4998740152112495 0.49891880459662835 0.5996468679761063 0.5003252691378381 0.4999310853796442 
0.45755273577689326 0.9999999999994648 0.49983983452638364 0.49911044482769634 0.6005223644573269 0.49958684579401325 0.49986342298968295 
0.8306742720737776 0.9588804440692762 0.4998432405888739 0.5006208341302895 0.5995124045423386 0.4996424858574383 0.4998680333132184 
0.5382772509901372 1.0228881635171265E-4 0.5003705104879935 0.5003544056651184 0.599202905000411 0.5002683210006701 0.4992267365495737 
0.6748551744930831 0.9991133972099082 0.49984191180146154 0.49885065566293474 0.5998155086265111 0.49960143763462034 0.4992697929870171 
0.2802133214084164 0.7545822817499389 0.499838656998726 0.4988659176845946 0.600097803071826 0.5005378489234965 0.4992716101020798 
0.6536731873872578 0.35141661180519335 0.5001491556861652 0.5004310254155896 0.5997528344371508 0.4996546866357472 0.4998677682926582 
0.9772698437010552 0.6277803851974917 0.5007306891695082 0.500681284536803 0.6000898012837014 0.5003297574668107 0.49876024038114425 
0.21600007756406558 1.00003624095759E-5 0.5010447474542298 0.5007817299826818 0.6000797635610249 0.4996568647660528 0.4992890383195209 
0.8813020848203795 0.7199267418811723 0.5007667824088994 0.501025593212145 0.6000594497950524 0.49965619749498535 0.4998863611710993 
0.3704275792894083 0.9962270912322995 0.5010447474542298 0.49871889372198785 0.6000797635610249 0.4996568647660528 0.4992890383195209 
0.09847036808520104 0.9908627287793402 0.5009047461650591 0.5006507464514532 0.6000898967717697 0.5003086010894823 0.4992716951709499 
0.91740307011148 0.3578470358888539 0.4998596323939557 0.4988503212103361 0.6001074399035576 0.4996458382723959 0.49985489062929706 
0.650364507966184 0.7793656290198195 0.5007667824088994 0.501012354547105 0.5997537281177782 0.4996547342287302 0.4998677682926582 
0.7284573542732062 0.4694667892280178 0.49984191180146154 0.49881043579928797 0.5997538778453193 0.4995203974279787 0.4998437757344914 
0.6444049059934168 0.7166429105320167 0.4999461087860717 0.5009847616648522 0.5996458422091859 0.499561728224189 0.4998451564562268 
1.0 9.113694928645802E-9 0.40057453184252256 0.49884927563518416 0.60029422220346 0.4987712193001549 0.49994717498416785 
0.8588292218455439 0.41062575259384654 0.4998551433163901 0.4988860823989249 0.5995095455447464 0.49964425866759893 0.4998707915751719 
0.9970302238320206 1.0 0.5003466951719865 0.500622139444679 0.6000584570215262 0.500287311773095 0.4992630854515538 
0.7014067200476927 0.9934167572220568 0.49987010895543954 0.5006208341302895 0.5995124045423386 0.4996847608454999 0.4998680333132184 
0.913440256237095 0.7162483379310656 0.5007268015890739 0.500980543366838 0.6000585152146164 0.49965619749498535 0.4998608599591623 
0.9999618759280994 0.9999925527636376 0.4999544806264501 0.4988380102554831 0.5998513472490952 0.4995883141087717 0.4998451288131376 
