65690.0 8666.255942946842 0.1329479768786127 0.2691072575465639 63.0 73.0 0.40384615384615385 
84955.0 9940.63470213807 0.13423249839434812 0.05523442517662171 76.0 89.0 2.0396886446886446 
69610.0 8909.967105462694 0.26525369299935775 0.12652536929993577 68.0 74.0 0.4805491990846682 
85792.79029808925 11612.08684057855 0.05202312138728324 0.0 94.0 138.0 2.62578966926793 
150865.0 5429.434289694841 0.4174694926140013 0.03789338471419396 153.0 77.0 0.0 
78705.0 7678.267803897094 0.1111111111111111 0.2003853564547206 95.0 79.0 0.0 
48755.0 8352.262658787922 0.30700064226075785 0.40976236351958895 55.0 71.0 0.0 
95495.0 7034.317569258239 0.42324983943481054 0.045600513808606295 120.0 70.0 1.0465116279069768 
89537.57176482609 7992.4812844866165 0.1111111111111111 0.0 115.0 124.0 2.467032967032967 
54850.0 8226.110329581994 0.0789980732177264 0.35324341682723187 61.0 69.0 0.0 
71545.0 7228.333492799951 0.2980089916506101 0.12780989081567115 83.0 79.0 1.513157894736842 
89615.0 6925.143852117987 0.12652536929993577 0.014771997430956968 104.0 81.0 1.5213793103448277 
54590.0 9161.751196166544 0.31856133590237634 0.3346178548490687 58.0 68.0 0.0 
119910.0 7225.04091653028 0.1573538856775851 0.03982016698779704 120.0 75.0 0.27692307692307694 
87860.0 8440.604851793505 0.2003853564547206 0.021836865767501604 81.0 66.0 0.0 
84010.0 8225.65520186587 0.11689145793192036 0.03789338471419396 94.0 79.0 0.6531440162271805 
76440.0 7057.617939211911 0.13808606294155426 0.21836865767501606 78.0 79.0 1.7211538461538463 
80770.0 8303.960326676652 0.5266538214515093 0.05330764290301863 99.0 63.0 0.0 
52355.0 6920.783132530118 0.10918432883750803 0.3815028901734104 66.0 79.0 0.0 
89135.0 8487.033316099185 0.1907514450867052 0.015414258188824663 114.0 112.0 1.3410628019323672 
136740.0 5781.351074536742 0.15928066795118817 0.0 152.0 92.0 1.9157190635451504 
67344.3004491222 7527.200314115502 0.35131663455362877 0.2761721258831085 76.0 77.0 0.29292929292929293 
90057.29555079922 9410.189082615609 0.12202954399486192 0.0 112.0 125.0 2.5177350427350427 
99090.0 8089.7793957300655 0.3725112395632627 0.0 114.0 78.0 1.8486842105263157 
84045.0 8419.794069927697 0.24277456647398843 0.033397559409120106 99.0 73.0 0.0 
86416.98464068313 10349.825999049102 0.14258188824662812 0.03275529865125241 84.0 99.0 1.0897435897435896 
69610.0 8031.831872946333 0.12716763005780346 0.1579961464354528 88.0 73.0 0.0 
71780.0 8405.51545261087 0.4039820166987797 0.24405908798972384 75.0 78.0 0.3388888888888889 
101615.39938080493 9231.172079530808 0.09569685292228645 0.0 124.0 127.0 1.874623745819398 
92260.0 8390.98527167613 0.2825947334617855 0.047527296082209375 79.0 66.0 0.0 
87860.0 8440.604851793505 0.2003853564547206 0.021836865767501604 81.0 66.0 0.0 
97598.4509486197 10693.569126453793 0.12202954399486192 0.0 96.0 123.0 1.4198115103287516 
73340.0 7293.936570268559 0.12909441233140656 0.3262684649967887 89.0 74.0 0.0 
116230.0 7317.780895127726 0.3590237636480411 0.1348747591522158 137.0 75.0 0.0 
61915.0 8846.374497741526 0.36673089274245346 0.3031470777135517 69.0 74.0 0.0 
74555.0 7257.331462444191 0.14193962748876043 0.22607578676942838 75.0 78.0 1.4837730707295924 
122935.0 7952.530159434382 0.37636480411046885 0.035324341682723186 114.0 77.0 0.27142857142857146 
74675.0 7489.386734534418 0.2980089916506101 0.12780989081567115 82.0 76.0 1.5073099415204678 
71790.0 8549.6429013489 0.13037893384714194 0.2472703917790623 69.0 77.0 0.7961538461538462 
83250.0 7998.829102582001 0.2947976878612717 0.036608863198458574 94.0 69.0 0.0 
87644.25089489628 9695.65653488994 0.05009633911368015 0.0 123.0 147.0 2.346989966555184 
85815.0 7930.239741731672 0.20423892100192678 0.17341040462427745 104.0 87.0 0.0 
99132.41254091638 9684.98454212891 0.11881824020552344 0.0 113.0 126.0 1.871647509578544 
91330.0 9397.067027949035 0.14258188824662812 0.01605651894669236 96.0 103.0 1.7901648351648352 
134130.0 5680.814964896246 0.17212588310854207 0.006422607578676943 139.0 75.0 1.0769230769230769 
87120.0 8186.236895481539 0.18689788053949905 0.018625561978163133 91.0 73.0 0.0 
95902.1896304344 10803.40834174064 0.07642903018625562 0.0 99.0 123.0 2.3665140415140415 
109146.33796802846 9183.6303365863 0.08542068079640334 0.0 127.0 125.0 2.9414715719063547 
55090.0 8453.451604540234 0.07321772639691715 0.35324341682723187 61.0 75.0 0.3721804511278195 
86115.0 8790.805514210066 0.1464354527938343 0.05073859987154785 84.0 74.0 0.45546558704453444 
98066.09340892524 9024.033083671256 0.0905587668593449 0.0 124.0 124.0 2.0234690347134126 
84295.0 8996.259852077234 0.2729608220937701 0.20552344251766216 69.0 71.0 0.0 
91190.0 7286.85026522673 0.14900449582530506 0.018625561978163133 93.0 77.0 1.7211538461538463 
95835.63324454021 9683.74156072002 0.12010276172125883 0.0 109.0 120.0 1.3437834654101521 
60330.0 8969.771994472594 0.1111111111111111 0.29736673089274246 54.0 68.0 0.0 
66470.0 8736.361553844818 0.1599229287090559 0.25112395632626844 59.0 68.0 0.0 
91335.0 7726.9702638380095 0.3622350674373796 0.2588310854206808 91.0 77.0 0.0 
92440.0 7601.4385054272925 0.22864482980089917 0.20552344251766216 94.0 84.0 0.0 
134130.0 5670.992122865695 0.17212588310854207 0.006422607578676943 139.0 83.0 1.2564102564102564 
99389.40641677004 10908.77993731741 0.07064868336544637 0.0 103.0 147.0 2.696584861679201 
98547.86743790942 9498.410207054512 0.07064868336544637 0.0 121.0 146.0 2.792674929503574 
73340.0 6534.927257401823 0.07064868336544637 0.3262684649967887 90.0 84.0 1.2173913043478262 
104050.0 8972.511316183974 0.30700064226075785 0.006422607578676943 95.0 79.0 0.0 
129045.0 7092.834126131655 0.4059087989723828 0.057161207450224794 130.0 69.0 0.0 
66200.0 7635.569852941177 0.0789980732177264 0.35324341682723187 74.0 69.0 0.0 
94770.0 9376.012087163419 0.426461143224149 0.009633911368015413 110.0 103.0 1.0022222222222221 
87860.0 8440.604851793505 0.2003853564547206 0.021836865767501604 81.0 66.0 0.0 
90070.0 8112.872068766492 0.22029543994861914 0.008349389852280027 137.0 115.0 1.3898550724637682 
91190.0 8514.437946504406 0.14900449582530506 0.018625561978163133 92.0 84.0 2.0128205128205128 
89140.0 8712.61998738139 0.15542710340398203 0.033397559409120106 96.0 79.0 0.5213793103448277 
51830.0 8201.204819277107 0.1348747591522158 0.3834296724470135 52.0 71.0 0.0 
134300.0 7146.878470936688 0.19653179190751446 0.010276172125883108 137.0 75.0 0.0 
71790.0 8549.6429013489 0.13037893384714194 0.2472703917790623 69.0 77.0 0.7961538461538462 
171695.0 7150.385531876629 0.4309569685292229 0.03468208092485549 158.0 73.0 0.0 
96673.12935949599 10172.59752879125 0.0905587668593449 0.0 111.0 128.0 2.0925602175602176 
100675.0 6465.972567612227 0.16056518946692358 0.018625561978163133 103.0 77.0 1.4096989966555185 
74275.0 6870.222258739367 0.3352601156069364 0.23699421965317918 91.0 82.0 1.604040404040404 
99707.52959181501 10617.006043601496 0.0783558124598587 0.0 101.0 113.0 2.7952787952787954 
73340.0 7293.936570268559 0.12909441233140656 0.3262684649967887 89.0 74.0 0.0 
106550.0 7432.893416412571 0.12652536929993577 0.0 146.0 125.0 2.534057495565114 
92527.4876112969 9483.38422625527 0.18432883750802825 0.0038535645472061657 117.0 129.0 1.6962432915921286 
97947.50076006322 10333.998207818766 0.12909441233140656 0.0 106.0 113.0 1.6219695033648522 
95495.0 6931.535279871896 0.42324983943481054 0.045600513808606295 120.0 76.0 1.1860465116279069 
92700.69114060378 10128.725880861573 0.047527296082209375 0.0 111.0 137.0 2.9951974059874376 
76440.0 8852.521758572493 0.13808606294155426 0.21836865767501606 77.0 91.0 2.0128205128205128 
80570.0 8025.502052181562 0.2145150931278099 0.06615285806037251 85.0 73.0 0.7291666666666667 
74895.0 6590.688328715272 0.20937700706486834 0.23699421965317918 89.0 84.0 1.8132478632478632 
85250.0 8205.114287077688 0.14129736673089274 0.09377007064868337 82.0 73.0 0.0 
114215.0 7911.97866958547 0.3596660244059088 0.0783558124598587 112.0 73.0 0.0 
65690.0 8666.255942946842 0.1329479768786127 0.2691072575465639 63.0 73.0 0.40384615384615385 
104470.0 9147.872747782747 0.28709055876685935 0.006422607578676943 95.0 88.0 0.8755656108597285 
103325.5473332264 10427.764955194662 0.07193320488118175 0.0 118.0 133.0 1.7640692640692641 
54450.0 8261.031263316934 0.11303789338471419 0.35773924213230573 65.0 69.0 0.0 
81935.0 8416.910840355818 0.33590237636480413 0.12010276172125883 102.0 67.0 0.0 
94094.4954281327 10324.241559652757 0.14450867052023122 0.0 116.0 127.0 2.1029055258467024 
112800.3887626047 9058.939646237028 0.08285163776493257 0.0 129.0 142.0 2.6826300434071015 
101165.0 7424.778095544799 0.21836865767501606 0.04431599229287091 131.0 79.0 0.5604395604395604 
76725.0 7846.030655391122 0.17405266538214514 0.3147077713551702 79.0 69.0 0.0 
89650.03381962699 12857.66404662499 0.07257546563904946 0.0 101.0 156.0 2.3678388278388276 
97613.11187413576 9356.931984690465 0.11368015414258188 0.0 93.0 96.0 2.0128205128205128 
95180.0 7831.1756502051885 0.13808606294155426 0.0 99.0 88.0 1.5836120401337792 
64085.0 7851.789350521865 0.36673089274245346 0.3031470777135517 69.0 75.0 1.0888888888888888 
94226.74807566169 9055.391950139425 0.2132305716120745 0.0 121.0 114.0 1.5369687705167023 
69365.0 7543.082321550692 0.16506101477199744 0.23763648041104687 69.0 80.0 1.3076923076923077 
67490.0 8384.55670586519 0.19781631342324985 0.28837508028259473 74.0 77.0 0.0 
99844.24037391896 8175.624406179799 0.37829158638407195 0.0 126.0 78.0 1.8039215686274508 
46840.0 8345.265354406665 0.12074502247912652 0.371868978805395 58.0 74.0 0.0 
102858.42656033987 11028.269369589232 0.07064868336544637 0.0 99.0 144.0 2.70989010989011 
91423.63037739108 10097.703157937607 0.07385998715478484 0.0 110.0 134.0 2.4023426705644515 
102985.0 8569.40386913363 0.14771997430956968 0.007064868336544637 120.0 106.0 1.4039473684210526 
75675.0 8136.654390385732 0.3127809890815671 0.15028901734104047 85.0 74.0 0.0 
81095.0 9261.618083633975 0.147077713551702 0.05523442517662171 83.0 84.0 0.9647435897435896 
