[3, 11][11, 10, 12, 13, 9, 6][4, 3, 1, 2, 5, 7, 14, 8][2, 1, 0] 
[4, 3, 1, 2, 5, 7, 9, 10][9, 6, 14, 7, 5, 2, 1, 0][11, 10, 12, 13, 9, 7, 14, 8][1, 4, 3, 11, 10, 9, 13, 12] 
[13, 12, 10][10, 9, 6, 14, 5, 2, 1, 0][4, 3, 11, 10][7, 9, 6, 14, 8] 
[10, 11, 3][12, 13, 9, 10, 11, 3, 5, 7][9, 6, 14, 7, 5, 2, 1, 0][0, 1, 4, 3, 5, 7, 14, 8] 
[4, 3][7, 14, 8][12, 13, 9, 10, 11, 3, 1][9, 6, 14, 7, 5, 2, 1, 0] 
[9, 6][0, 1, 3, 11][13, 12, 10, 9, 6, 14, 7][4, 3, 1, 2, 5, 7, 14, 8] 
[3, 1, 2, 5, 7, 14, 8][11, 3, 4][11, 10, 12, 13][9, 6, 14, 7, 5, 2, 1, 0] 
[9, 6, 14, 7, 5, 2, 1, 0][3, 11, 10, 12, 13, 9][4, 3][6, 14, 8] 
[4, 3, 5, 14][4, 3, 5, 7, 9, 6, 14, 8][4, 3, 11, 10, 12, 13, 9, 6][9, 6, 14, 7, 5, 2, 1, 0] 
[11, 3][4, 3, 1, 2, 5, 7, 14, 8][13, 12, 10, 9, 6, 14, 7, 5][9, 6, 14, 7, 5, 2, 1, 0] 
[4, 3, 1, 2, 5, 7, 14, 8][3, 11, 10, 12, 13][2, 1, 0][9, 6, 14, 7] 
[3, 1][2, 1, 0][11, 10, 12, 13, 9][4, 3, 5, 7, 9, 6, 14, 8] 
[14, 8][6, 14, 7, 5][9, 6, 14, 7, 5, 2, 1, 0][12, 13, 9, 10, 11, 3, 4] 
[9, 6, 14][4, 3, 5, 2, 1, 0][5, 7, 14, 8][12, 13, 9, 10, 11] 
[4, 3, 1, 2][11, 3, 5, 7, 9, 6, 14, 8][13, 12, 10, 9][1, 0] 
[3, 11, 10, 12, 13, 9, 7, 14][4, 3, 1, 2, 5, 7, 14, 8][13, 12, 10, 9, 6, 14, 5, 3][0, 1, 2] 
[1, 2, 5, 7, 14, 8][4, 3, 5, 7, 9, 6, 14][4, 3, 11, 10, 12, 13, 9, 6][1, 0] 
[7, 14][4, 3, 1, 2, 5, 7, 14, 8][9, 6, 14, 7, 5, 2, 1, 0][3, 11, 10, 12, 13] 
[4, 3, 5, 7, 9, 6, 14, 8][10, 11][5, 2, 1, 0][12, 13, 9, 10] 
[7, 14][4, 3, 5, 7, 9, 6, 14, 8][3, 11, 10, 12, 13][5, 2, 1, 0] 
[1, 0][6, 14, 7, 5, 2, 1][4, 3, 5, 7, 9, 6, 14, 8][12, 13, 9, 10, 11] 
[14, 8][9, 6, 14, 7, 5, 2, 1][12, 13, 9, 10, 11][0, 1, 3, 4] 
[3, 1][9, 6, 14, 7, 5, 2, 1, 0][12, 13, 9, 10, 11][4, 3, 1, 2, 5, 7, 14, 8] 
[12, 13, 9, 10, 11][9, 6][4, 3, 5, 7, 9, 6, 14, 8][6, 14, 7, 5, 2, 1, 0] 
[13, 12, 10][4, 3, 1, 2, 5, 7, 14][0, 1, 3, 11][10, 9, 6, 14, 8] 
[3, 1][12, 13, 9, 10, 11, 3, 4][6, 14, 7, 5, 2, 1, 0][14, 8] 
[13, 12, 10, 9, 7][4, 3, 1, 2, 5, 7, 14, 8][11, 10, 9, 6][1, 0] 
[4, 3, 1, 2, 5, 7, 14, 6][13, 12, 10, 9, 6, 14, 8][2, 1, 0][3, 11] 
[3, 11, 10, 12, 13, 9, 6, 14][9, 6, 14, 7, 5, 2, 1, 0][4, 3][14, 8] 
[13, 9, 7, 5, 3, 1, 4][4, 3, 11, 10, 12, 13, 9, 6][2, 1, 0][3, 4, 1, 2, 5, 7, 14, 8] 
[9, 6, 14, 7, 5, 2, 1, 0][4, 3][1, 2, 5, 7, 14, 8][4, 3, 11, 10, 12, 13, 9, 6] 
[9, 6, 14, 7, 5, 2, 1][11, 10, 12, 13, 9, 7, 14, 8][0, 1, 3, 4][11, 10, 12] 
[9, 6, 14, 7, 5, 2, 1, 4][12, 13, 9, 10, 11, 3, 4, 1][1, 2, 5, 7, 14, 8][9, 6, 14, 7, 5, 2, 1, 0] 
[12, 13, 9, 10, 11, 3, 4][5, 7, 9, 6, 14, 8][3, 1][2, 1, 0] 
[1, 2, 5, 7][13, 12, 10, 9, 6, 14, 8][0, 1, 3, 11, 10][4, 3] 
[12, 13, 9, 10, 11][9, 6, 14, 7, 5, 2, 1, 0][4, 3][3, 1, 2, 5, 7, 14, 8] 
[3, 11, 10, 12, 13][4, 3, 1, 2, 5, 7, 14, 8][9, 6, 14, 7, 5, 2, 1, 0][6, 14] 
[4, 3, 1, 2, 5, 7, 14, 8][12, 10, 9, 6, 14][4, 1, 3, 11, 10, 9, 13, 12][0, 1, 3, 11, 10] 
[4, 3, 11, 10, 9, 13, 12][2, 5, 7, 14, 8][2, 1, 0][9, 6, 14] 
[14, 8][13, 12, 10, 9][9, 6, 14, 7, 5, 2, 1, 0][11, 3, 1, 4] 
[4, 3, 1, 2, 5, 7, 14, 8][12, 10, 9, 6, 14][0, 1, 3, 11][13, 12] 
[2, 1, 0][2, 5, 7, 14, 8][3, 1][4, 3, 11, 10, 12, 13, 9, 6] 
[4, 1, 3, 11, 10, 9, 13, 12][9, 6, 14, 7, 5, 2, 1, 0][3, 1][4, 3, 1, 2, 5, 7, 14, 8] 
[4, 3, 1, 2, 5, 7, 14, 8][3, 11][1, 0][3, 11, 10, 12, 13, 9, 6] 
[9, 6, 14, 7, 5, 3, 1, 4][9, 6, 14, 7, 5, 2, 1, 0][12, 13, 9, 10, 11, 3, 4, 1][4, 3, 1, 2, 5, 7, 14, 8] 
[13, 12, 10, 9][4, 3, 11, 10][3, 1, 2, 5, 7, 14, 8][6, 14, 5, 2, 1, 0] 
[14, 8][3, 11, 10, 12, 13, 9, 7, 14][7, 5, 2, 1, 0][4, 3, 1, 2, 5, 7, 14, 6] 
[4, 1][9, 6, 14, 7, 5, 2, 1, 0][3, 5, 7, 9, 6, 14, 8][12, 13, 9, 10, 11] 
[13, 12, 10, 9, 6, 14, 7, 5][4, 3, 1, 2, 5, 7, 14, 8][1, 4, 3, 11, 10, 9, 12][1, 0] 
[12, 13][4, 3, 5, 7, 9, 6, 14, 8][5, 2, 1, 0][13, 9, 10, 11] 
[4, 3, 11, 10, 12, 13, 9, 6][9, 6, 14, 7, 5, 2, 1, 0][1, 2, 5, 7, 14, 8][4, 3, 5, 14, 7, 9, 12, 13] 
[6, 14, 7, 5, 2, 1, 0][3, 11, 10, 9, 13, 12][14, 8][3, 1, 4] 
[4, 3, 1, 2, 5, 7, 14, 8][12, 13, 9, 10, 11, 3][1, 0][9, 6, 14, 7] 
[3, 11, 10, 12, 13, 9][4, 3, 1, 2, 5, 7, 14, 8][9, 6, 14, 7, 5, 2, 1, 0][12, 13] 
[9, 6, 14, 7, 5, 2, 1, 0][13, 12, 10, 9][11, 3, 1, 2, 5, 7, 14, 8][4, 3, 1, 2] 
[12, 13, 9, 10, 11, 3, 4][9, 6, 14][9, 6, 14, 7, 5, 2, 1, 0][3, 5, 7, 14, 8] 
[9, 6, 14, 7, 5, 2, 1, 0][12, 13, 9, 10, 11, 3][4, 3, 1, 2, 5, 7, 14, 8][4, 3, 5, 7, 9, 6, 14, 8] 
[4, 3, 1, 2, 5, 7, 14, 8][13, 12, 10, 9, 6, 14][2, 1][0, 1, 3, 11] 
[3, 1, 4][9, 6, 14, 7, 5, 2, 1, 0][4, 3, 11, 10, 9, 13, 12][5, 7, 9, 6, 14, 8] 
[9, 6, 14, 7, 5, 2][4, 3, 11, 10, 12, 13, 9, 6][0, 1, 4, 3][1, 2, 5, 7, 14, 8] 
[4, 3, 5, 7, 9, 6, 14, 8][12, 13, 9, 10, 11, 3, 4, 1][12, 9, 6, 14, 5, 3, 1, 4][9, 6, 14, 7, 5, 2, 1, 0] 
[4, 3, 1, 2][13, 12, 10, 9, 6, 14][0, 1, 3, 11][2, 5, 7, 14, 8] 
[6, 14, 7, 5, 2, 1, 0][12, 13, 9, 10, 11][4, 3, 5, 7, 14, 8][9, 6] 
[0, 1, 3, 4][3, 11, 10, 12, 13, 9][1, 2, 5, 7, 14, 8][6, 14] 
[2, 1, 0][3, 1][4, 3, 11, 10, 9, 13, 12][5, 7, 9, 6, 14, 8] 
[13, 12, 10, 9, 6, 14][3, 11][4, 3, 1, 2, 5, 7, 14, 8][1, 0] 
[1, 0][4, 3, 1, 2, 5, 7, 14, 8][11, 10, 12, 13, 9, 6][9, 7] 
[6, 14][4, 1, 2, 5, 7, 14, 8][13, 12, 10, 9, 6][0, 1, 3, 11] 
[9, 6, 14, 7, 5, 2, 1, 0][3, 1, 4][12, 13, 9, 10, 11][14, 8] 
[3, 11, 10, 12, 13][4, 3, 1, 2, 5, 7, 14, 8][9, 6, 14, 7, 5, 2, 1, 0][11, 10] 
[1, 0][4, 3, 1, 2, 5, 7, 14, 8][3, 11][11, 10, 12, 13, 9, 6] 
[4, 3][9, 6, 14, 7, 5, 2, 1, 0][12, 13, 9, 10, 11][3, 1, 2, 5, 7, 14, 8] 
[2, 1, 0][4, 1, 3, 11, 10, 9, 13, 12][5, 7, 9, 6, 14, 8][3, 1] 
[12, 13, 9, 10, 11, 3, 1, 0][4, 3][9, 6][1, 2, 5, 7, 14, 8] 
[11, 10, 12, 13, 9, 6, 14, 8][4, 3, 1, 2, 5, 7, 14, 8][4, 3, 5, 7, 9, 6, 14, 8][7, 9, 6, 14, 5, 2, 1, 0] 
[4, 3, 1, 2, 5, 7][13, 12, 10, 9, 6, 14, 8][1, 0][3, 11, 10] 
[4, 3, 1, 2, 5, 7, 14, 8][12, 13, 9, 10, 11, 3, 4, 1][11, 10, 9, 7, 5, 2, 1, 0][1, 2, 5, 7, 9, 6, 14, 8] 
[12, 13, 9, 10, 11][9, 6, 14, 7, 5, 2, 1, 0][4, 1, 2, 5, 14][2, 1, 4, 3, 5, 7, 14, 8] 
[1, 0][9, 6][3, 11, 10, 9, 13, 12][4, 3, 1, 2, 5, 7, 14, 8] 
[14, 7, 5, 2, 1][0, 1, 3, 11][4, 3][13, 12, 10, 9, 6, 14, 8] 
[9, 6, 14, 7, 5, 2, 1, 0][3, 11, 10, 12, 13, 9, 7][4, 3, 1, 2, 5, 7, 14, 8][14, 8] 
[12, 13][12, 13, 9, 10, 11, 3, 4][9, 6, 14, 7, 5, 2, 1, 0][9, 6, 14, 8] 
[3, 11, 10, 12, 13, 9, 7, 14][0, 1, 3, 4][13, 12, 10, 9, 6, 14, 8][9, 6, 14, 7, 5, 2, 1, 4] 
[13, 12, 10, 9, 6, 14][4, 3, 1, 2, 5, 7, 14, 8][0, 1][3, 11] 
[9, 6, 14, 7, 5, 2, 1, 0][12, 13, 9, 10][4, 3, 1, 2, 5, 7, 14, 8][10, 11] 
[9, 6, 14, 7, 5, 2, 1][12, 13, 9, 10, 11][0, 1, 3, 4][14, 8] 
[12, 13][12, 9, 10, 11][9, 6, 14, 7, 5, 2, 1, 0][4, 3, 5, 7, 9, 6, 14, 8] 
[3, 11, 10, 12, 13, 9, 7, 5][0, 1, 4, 3, 5, 14, 8][9, 6, 14, 7, 5, 2, 1, 0][12, 13, 9, 10, 11, 3, 1, 4] 
[5, 2, 1, 0][3, 11, 10][4, 3, 5, 7][13, 12, 10, 9, 6, 14, 8] 
[4, 3][3, 11, 10, 12, 13][9, 6, 14, 7, 5, 2][0, 1, 4, 3, 5, 7, 14, 8] 
[5, 2][11, 10, 9, 13, 12][4, 3, 5, 7, 9, 6, 14, 8][2, 1, 0] 
[9, 6][13, 12, 10, 9, 6, 14][4, 3, 1, 2, 5, 7, 14, 8][0, 1, 3, 11] 
[5, 7, 9, 6, 14, 8][3, 1][4, 3, 11, 10, 9, 13, 12][2, 1, 0] 
[4, 3][12, 13, 9, 10, 11, 3][9, 6, 14, 7, 5, 2, 1, 0][14, 8] 
[4, 3, 1, 2, 5, 7, 14, 8][12, 13, 9, 10, 11][9, 6, 14, 7, 5, 2, 1, 0][4, 3, 5, 7, 9, 6, 14] 
[14, 7, 5, 2, 1, 0][9, 6, 14, 8][12, 13, 9, 10, 11][11, 3, 4] 
[4, 3, 5, 7, 9, 6, 14, 8][12, 13, 9, 10, 11][3, 1, 2][14, 7, 5, 2, 1, 0] 
[4, 3, 1, 2, 5, 7, 14, 8][11, 10, 12, 13, 9, 6][0, 1, 3, 11][3, 1] 
[0, 1, 3, 11][4, 3][13, 12, 10, 9, 6, 14][1, 2, 5, 7, 14, 8] 
[10, 11, 3, 1, 2, 5, 14, 8][4, 3, 1, 2, 5, 7, 14, 8][9, 6, 14, 7, 5, 2, 1, 0][13, 12, 10, 9, 6, 14, 7, 5] 
[4, 3, 1, 2, 5, 7, 14][13, 12, 10, 9, 6, 14, 8][10, 11][1, 0] 
[9, 6, 14, 7, 5, 2, 1, 0][12, 13, 9, 10, 11][14, 8][4, 3, 1] 
[2, 1, 0][11, 3, 1, 2, 5, 7, 14, 8][11, 10, 12, 13, 9, 6][4, 3] 
[2, 1][0, 1, 3, 11][4, 3, 1, 2, 5, 7, 14, 8][13, 12, 10, 9, 6, 14] 
[11, 10][0, 1, 3, 11][4, 3, 1, 2, 5, 7, 14, 8][13, 12, 10, 9, 6] 
[13, 9, 10, 11][9, 6, 14, 7, 5, 2, 1, 0][4, 3, 5, 14, 8][13, 12] 
[13, 12, 10, 9][9, 6, 14, 7, 5, 2, 1, 0][4, 3, 11, 10][14, 8] 
[12, 13, 9, 10, 11, 3, 5, 14][9, 6, 14, 7, 5, 2, 1, 0][3, 1, 4][4, 3, 1, 2, 5, 7, 14, 8] 
[9, 6, 14, 7, 5, 2, 1, 0][1, 3][4, 3, 11, 10, 12, 13][14, 8] 
[3, 11, 10, 12, 13][4, 3, 5][9, 6, 14, 7, 5, 2, 1, 0][14, 8] 
[13, 12, 10, 9, 7, 14, 5, 2][4, 3, 5, 7, 9, 6, 14, 8][11, 10, 9, 6, 14, 7, 5, 3][9, 6, 14, 7, 5, 2, 1, 0] 
[8, 14, 5, 3, 1, 4][9, 6, 14, 7, 5, 2, 1, 0][4, 3, 11, 10, 12, 13, 9, 6][4, 3, 1, 2, 5, 7, 14, 8] 
