87791.5156132706 10940.41542844537 0.05844572896596018 0.0 93.0 127.0 2.8673076923076923 
49490.0 8058.060119524612 0.07450224791265253 0.3815028901734104 59.0 67.0 0.0 
58515.0 8941.281717929402 0.18689788053949905 0.22864482980089917 57.0 68.0 0.0 
98340.0 6418.2421773659735 0.18368657675016056 0.018625561978163133 101.0 74.0 0.35384615384615387 
102650.0 7943.782379893845 0.17341040462427745 0.006422607578676943 104.0 77.0 0.0 
87860.0 8440.604851793505 0.2003853564547206 0.021836865767501604 81.0 66.0 0.0 
92864.87915946441 9621.101862123644 0.06551059730250482 0.0 111.0 134.0 2.898809523809524 
89985.0 8192.059262061946 0.14900449582530506 0.0 109.0 101.0 1.9406850459482037 
87778.51661404746 8744.736722799198 0.15350032113037893 0.03275529865125241 132.0 117.0 0.7668418537983754 
76440.0 7039.518854867386 0.13808606294155426 0.21836865767501606 78.0 79.0 1.7211538461538463 
106540.0 9793.026996093715 0.40141297366730894 0.0 125.0 95.0 2.553221288515406 
83185.0 7114.978114728094 0.18754014129736674 0.08092485549132948 98.0 76.0 1.0952380952380953 
70235.0 7790.939156484136 0.22093770070648683 0.24855491329479767 74.0 75.0 0.7291666666666667 
80950.0 7744.418269625134 0.37700706486833657 0.09441233140655106 87.0 67.0 0.0 
78130.0 8931.20203808863 0.14065510597302505 0.08734746307000642 82.0 81.0 1.5708791208791208 
89083.14410035516 10356.27638565741 0.10597302504816955 6.422607578676942E-4 99.0 117.0 0.48853923853923853 
78995.0 7806.36123946862 0.15157353885677585 0.08798972382787412 94.0 79.0 0.17669172932330826 
64400.0 9656.117880290414 0.11046885035324341 0.2806679511881824 61.0 76.0 0.45546558704453444 
69610.0 8909.967105462694 0.26525369299935775 0.12652536929993577 68.0 74.0 0.4805491990846682 
91190.0 7269.051552487166 0.14900449582530506 0.018625561978163133 93.0 77.0 1.7211538461538463 
100750.0 6423.484905393802 0.14900449582530506 0.018625561978163133 104.0 78.0 0.7211538461538461 
91125.0 7693.423511042406 0.2350674373795761 0.05202312138728324 86.0 71.0 0.4222222222222222 
78335.0 8340.698576237019 0.14129736673089274 0.1014771997430957 75.0 71.0 0.45546558704453444 
88952.8142255809 11024.094148614207 0.05844572896596018 0.0 93.0 131.0 2.776923076923077 
49490.0 8058.060119524612 0.07450224791265253 0.3815028901734104 59.0 67.0 0.0 
58515.0 8941.281717929402 0.18689788053949905 0.22864482980089917 57.0 68.0 0.0 
98340.0 6418.2421773659735 0.18368657675016056 0.018625561978163133 101.0 74.0 0.35384615384615387 
87860.0 8440.604851793505 0.2003853564547206 0.021836865767501604 81.0 66.0 0.0 
104606.68617286399 9170.958520952545 0.09890815671162492 0.0 110.0 121.0 2.827228327228327 
105392.5 8139.449064538496 0.14836223506743737 0.0 128.0 114.0 2.943223443223443 
102855.2412101534 9200.414351690033 0.08028259473346179 0.0 126.0 123.0 2.186416361416361 
76440.0 7039.518854867386 0.13808606294155426 0.21836865767501606 78.0 79.0 1.7211538461538463 
83475.0 7420.680814460155 0.28644829800899163 0.08477842003853564 97.0 77.0 0.767602495543672 
63500.0 8493.623137642011 0.28644829800899163 0.2825947334617855 63.0 77.0 0.8486842105263157 
81320.0 7740.1671114260025 0.3943481053307643 0.09248554913294797 87.0 66.0 0.0 
89415.0 9341.510978031225 0.16056518946692358 0.018625561978163133 85.0 87.0 1.9096989966555185 
88164.07844092468 11112.815479819961 0.07064868336544637 0.0 94.0 129.0 1.1666666666666665 
85870.0 8889.979180204737 0.11560693641618497 0.0032113037893384713 103.0 97.0 0.9102564102564102 
64400.0 9656.117880290414 0.11046885035324341 0.2806679511881824 61.0 76.0 0.45546558704453444 
69610.0 8909.967105462694 0.26525369299935775 0.12652536929993577 68.0 74.0 0.4805491990846682 
91190.0 7269.051552487166 0.14900449582530506 0.018625561978163133 93.0 77.0 1.7211538461538463 
100750.0 6423.484905393802 0.14900449582530506 0.018625561978163133 104.0 78.0 0.7211538461538461 
81685.0 7524.126516389702 0.16441875401412973 0.10404624277456648 79.0 70.0 0.0 
86115.0 8790.805514210066 0.1464354527938343 0.05073859987154785 84.0 74.0 0.45546558704453444 
87499.70512857329 10259.867360704351 0.06422607578676943 0.0 101.0 127.0 2.6555847534108405 
49490.0 8058.060119524612 0.07450224791265253 0.3815028901734104 59.0 67.0 0.0 
58515.0 8941.281717929402 0.18689788053949905 0.22864482980089917 57.0 68.0 0.0 
90890.0 6468.924555275531 0.21644187540141296 0.038535645472061654 110.0 76.0 0.0 
87860.0 8440.604851793505 0.2003853564547206 0.021836865767501604 81.0 66.0 0.0 
99445.01331484359 9287.924279441671 0.10211946050096339 0.0 120.0 131.0 2.6304029304029304 
76440.0 7039.518854867386 0.13808606294155426 0.21836865767501606 78.0 79.0 1.7211538461538463 
90255.0 7802.942747964836 0.21258831085420682 0.06165703275529865 112.0 81.0 0.46875 
63500.0 8493.623137642011 0.28644829800899163 0.2825947334617855 63.0 77.0 0.8486842105263157 
89415.0 9346.832641241415 0.16056518946692358 0.018625561978163133 85.0 87.0 1.9096989966555182 
87681.02265579857 11718.570922751926 0.08413615928066795 0.0 91.0 131.0 1.3784457478005865 
64400.0 9656.117880290414 0.11046885035324341 0.2806679511881824 61.0 76.0 0.45546558704453444 
69610.0 8909.967105462694 0.26525369299935775 0.12652536929993577 68.0 74.0 0.4805491990846682 
100750.0 6423.484905393802 0.14900449582530506 0.018625561978163133 104.0 77.0 1.7211538461538463 
100750.0 6423.484905393802 0.14900449582530506 0.018625561978163133 104.0 78.0 0.7211538461538461 
83515.0 7377.7683276789285 0.3134232498394348 0.08477842003853564 92.0 70.0 0.5484848484848486 
86115.0 8790.805514210066 0.1464354527938343 0.05073859987154785 84.0 74.0 0.45546558704453444 
88209.0825370373 10869.02328747272 0.03789338471419396 0.0 97.0 140.0 2.5939763939763942 
49470.0 8568.9833048664 0.07450224791265253 0.3815028901734104 58.0 68.0 0.0 
58515.0 8941.281717929402 0.18689788053949905 0.22864482980089917 57.0 68.0 0.0 
96660.0 7590.029857454732 0.19910083493898523 0.021836865767501604 93.0 67.0 0.0 
87860.0 8440.604851793505 0.2003853564547206 0.021836865767501604 81.0 66.0 0.0 
97966.84726134971 9223.627860180984 0.06486833654463713 0.0 121.0 147.0 2.8793956043956044 
76440.0 7039.518854867386 0.13808606294155426 0.21836865767501606 78.0 79.0 1.7211538461538463 
89080.0 7399.403550093478 0.3815028901734104 0.07450224791265253 108.0 73.0 1.1666666666666667 
80260.0 7759.192472376202 0.262684649967887 0.16377649325626203 80.0 75.0 0.5620915032679739 
90920.0 8742.757729448767 0.14900449582530506 0.018625561978163133 93.0 77.0 1.7980769230769231 
95845.31180656086 10500.739994335523 0.1111111111111111 0.0 98.0 118.0 0.871978021978022 
64400.0 9656.117880290414 0.11046885035324341 0.2806679511881824 61.0 76.0 0.45546558704453444 
69610.0 8909.967105462694 0.26525369299935775 0.12652536929993577 68.0 74.0 0.4805491990846682 
100750.0 6423.484905393802 0.14900449582530506 0.018625561978163133 104.0 77.0 1.7211538461538463 
100750.0 6423.484905393802 0.14900449582530506 0.018625561978163133 104.0 78.0 0.7211538461538461 
86115.0 8790.805514210066 0.1464354527938343 0.05073859987154785 84.0 74.0 0.45546558704453444 
95159.35916549747 10914.492391171532 0.08477842003853564 0.0 96.0 131.0 2.676190476190476 
49470.0 8568.9833048664 0.07450224791265253 0.3815028901734104 58.0 68.0 0.0 
58515.0 8941.281717929402 0.18689788053949905 0.22864482980089917 57.0 68.0 0.0 
96660.0 7590.029857454732 0.19910083493898523 0.021836865767501604 93.0 67.0 0.0 
87860.0 8440.604851793505 0.2003853564547206 0.021836865767501604 81.0 66.0 0.0 
104973.61777082703 8688.585500090749 0.11432241490044959 0.0 126.0 128.0 2.8644688644688645 
76440.0 7039.518854867386 0.13808606294155426 0.21836865767501606 78.0 79.0 1.7211538461538463 
67768.7737961926 7780.963153353927 0.21836865767501606 0.24855491329479767 94.0 87.0 0.7738095238095238 
84725.0 8883.949711966336 0.19717405266538215 0.03596660244059088 83.0 82.0 1.5613095238095238 
93315.2902403314 10686.720176948962 0.11624919717405266 0.0 90.0 111.0 1.1450054011029622 
64400.0 9656.117880290414 0.11046885035324341 0.2806679511881824 61.0 76.0 0.45546558704453444 
82115.0 8533.16133394435 0.2350674373795761 0.05202312138728324 75.0 71.0 0.4222222222222222 
100750.0 6423.484905393802 0.14900449582530506 0.018625561978163133 104.0 77.0 1.7211538461538463 
114350.0 6119.535967391061 0.17212588310854207 0.006422607578676943 123.0 75.0 1.0769230769230769 
86115.0 8790.805514210066 0.1464354527938343 0.05073859987154785 84.0 74.0 0.45546558704453444 
51050.0 8397.782439956984 0.08863198458574181 0.37122671804752727 57.0 67.0 0.0 
58515.0 8941.281717929402 0.18689788053949905 0.22864482980089917 57.0 68.0 0.0 
96660.0 7590.029857454732 0.19910083493898523 0.021836865767501604 93.0 67.0 0.0 
87860.0 8440.604851793505 0.2003853564547206 0.021836865767501604 81.0 66.0 0.0 
110253.19228457432 8633.099001925922 0.13680154142581888 0.0 123.0 134.0 3.4006410256410255 
76440.0 7282.00147570607 0.13808606294155426 0.21836865767501606 77.0 87.0 2.0915242165242165 
69480.0 7069.900018095097 0.365446371226718 0.2543352601156069 85.0 87.0 1.6106280193236713 
97652.69449529215 10239.988782334676 0.11175337186897881 0.0 96.0 103.0 2.0186547751765143 
86260.0 9234.6159515249 0.11432241490044959 0.0032113037893384713 102.0 103.0 1.4198871304134462 
69555.0 8625.803929177666 0.12780989081567115 0.2581888246628131 67.0 76.0 0.45546558704453444 
82115.0 8533.16133394435 0.2350674373795761 0.05202312138728324 75.0 71.0 0.4222222222222222 
100750.0 6423.484905393802 0.14900449582530506 0.018625561978163133 104.0 77.0 1.7211538461538463 
114350.0 6119.535967391061 0.17212588310854207 0.006422607578676943 123.0 75.0 1.0769230769230769 
86115.0 8790.805514210066 0.1464354527938343 0.05073859987154785 84.0 74.0 0.45546558704453444 
74025.0 8453.959536547673 0.13937058445728967 0.22800256904303148 73.0 77.0 0.7211538461538461 
71600.0 8552.409815948207 0.24084778420038536 0.22864482980089917 61.0 69.0 0.0 
102078.42621400954 9994.840524479168 0.10597302504816955 0.0 107.0 132.0 2.587912087912088 
82115.0 8533.16133394435 0.2350674373795761 0.05202312138728324 75.0 71.0 0.4222222222222222 
51050.0 8397.782439956984 0.08863198458574181 0.37122671804752727 57.0 67.0 0.0 
86115.0 8790.805514210066 0.1464354527938343 0.05073859987154785 84.0 74.0 0.45546558704453444 
