0.0 0.7466656076207663 0.0 
0.0 0.0 0.5043981543730975 
0.5056817360170491 0.0 0.0 
0.0 0.5112352908459659 2.382724794156655E-4 
0.13060086892598374 0.06115086822263258 0.3125026607331481 
0.04606555842706534 0.020371626876118883 0.44035131673358546 
0.490695753585015 0.01921695985015553 5.208205054198253E-4 
0.21825701033890427 0.09364544039961421 0.20472923946231164 
0.3178964898817661 0.029898877066670576 0.15469722158234134 
0.062139363464515804 0.2673482158263554 0.17665924047409165 
0.007460897848305534 0.2475132240945345 0.24728858915635907 
0.3485603567946764 0.08434014481978579 0.07393552410898238 
0.01786519777479779 0.0768613980355974 0.41171207667953275 
0.10905811932342323 0.17858128690664216 0.21688845753767944 
0.007176948245372214 0.4345731539484802 0.06427203048787425 
0.03767414291100996 8.695134875885897E-5 0.4809596910711924 
0.024421201741926413 0.454947424964668 0.03138535236691344 
0.030303967167022758 0.14773308642973107 0.32380361501930605 
0.4105394774424137 0.006133309295674148 0.08870591695261817 
0.2773840533197285 0.20238463226293865 0.022964784385751755 
0.1729580118169331 0.2832165502458677 0.05829196858673646 
0.011211090165668274 0.002671076321102225 0.4920665246111196 
0.002120730879094941 0.16689415952456826 0.34096186309629967 
0.2903813693844947 0.050696828231197553 0.16496956430565388 
0.46984725337942973 0.0020847800039435556 0.033445986842270424 
0.041863060865759534 0.35535217959791515 0.10877831623158596 
0.005672531114079906 0.040407431430782445 0.4668216592788176 
0.16151867712818777 0.010762600477374885 0.3369221390623174 
0.30024854826156494 0.07255387437184559 0.1337776160550424 
0.1529859998357398 0.12140216394071245 0.22900274863449765 
0.3343929860540644 0.15602134244997803 0.019015082475368806 
0.45270304049308935 0.009075065724813923 0.043002438443428076 
0.4035410907294151 0.02617574622142143 0.0824260234753532 
0.014433274481967646 0.13652304925074085 0.35845063748771766 
0.02141034008051426 0.08916538451083972 0.3943285585955811 
0.24215771330700434 0.2150228558419389 0.04800109039374245 
0.33342208316108135 0.15611726045600927 0.014715201633368815 
0.15124591725676967 0.11824759257325827 0.27915021896460046 
0.13887185975802313 0.033477306852537164 0.33705490629681045 
0.1244897225078842 0.017759386622753084 0.36457552306788377 
0.23351397702896134 0.08026226178140097 0.19903930205109263 
0.0 0.4845890801434734 0.038122172207819494 
0.21116089845451017 0.03208802304780304 0.26200515536819574 
0.0559593965779323 0.23098010338091243 0.2163607079029003 
0.19791123328907365 0.03828836337576556 0.2716873730418216 
0.01284285353952258 0.06669299225538433 0.4254003244166489 
0.08608170580325818 0.3737332524917941 0.046032550087120636 
0.17907363723469294 0.0365211646191788 0.29494219278752515 
0.4229923186109493 0.0751372222926696 0.008296068156637634 
0.26885389938656623 0.05201309508121122 0.18577533083454212 
0.09297581752896548 0.40004792433344427 0.011761968255961494 
0.23002436009845234 0.020316575644283956 0.2982400091805014 
0.2625056912140664 0.04475244357632202 0.1964040750322085 
0.3822518344452269 0.06516698199508957 0.0561986943874638 
0.15248849439186576 0.12100736809322679 0.2368154907273407 
0.008844039733247879 0.3283446233860041 0.1738201800387149 
0.15769281033579122 0.3222229774776267 0.029685799126771 
0.31068603474496786 0.04721186884736961 0.1454205049777702 
3.4812838406069103E-4 0.117897744579982 0.4216813845724779 
2.0162339473394264E-4 0.04896618443889496 0.45589396722680425 
0.08006344007692515 0.240062650244197 0.18392064345832818 
0.3699638315807889 0.0562197264811094 0.07759099779099962 
0.3923020752205626 0.10691380744269723 0.0045259222229438205 
0.07862153705840319 0.2357392404620429 0.1916032115674743 
0.25129375061373016 0.22313515920796947 0.03182335563566305 
0.01999955497115434 0.19786210707882532 0.28684152097127996 
0.11200045278272898 0.22885710069878942 0.16352229811743843 
0.12093756249869442 0.0016985871361317984 0.3831074314476029 
0.2207795599767305 0.17187704907565132 0.11667204499889533 
0.2833690985422952 0.2225082218007478 0.005376772427364475 
0.12186413093235011 0.05706009058739999 0.32560513960343435 
0.07087954121203267 0.40915042304677596 0.02610762681572011 
0.06714228292707926 0.337860263827528 0.10329863912839012 
0.3585554617338516 0.12655826521393274 0.021165432105950458 
0.3813543598628185 0.015373873581590133 0.10864494822816573 
0.4360300385695637 0.043732633945786636 0.022964496562059674 
0.2050749958110026 0.159651034375246 0.14460486410395626 
0.05292936506947276 0.2929237852222988 0.157944643018196 
0.18525572331763157 0.03742964071173016 0.281864378024366 
0.4690134066920544 0.033857599238746185 4.205864469292729E-4 
0.05232619350285642 0.28958568928633177 0.1621586087846605 
3.2235640142104635E-4 0.3899285541917342 0.12685501884573233 
0.30772385415618686 0.05246131752999935 0.14311049153027647 
0.10354690009948825 0.02839381706291911 0.37301096699651964 
1.5052677320894118E-4 0.3784713193262069 0.13245201044598018 
0.03379486854706918 0.47163367752035235 1.850916779773329E-5 
0.07940075946376905 0.3420711627661946 0.08475758142326863 
0.3608425202237845 0.12422577712801879 0.021163450020150933 
0.10354690009948825 0.02839381706291911 0.37301096699651964 
0.0357371955849297 0.2739568617568167 0.19508010655633387 
0.352504745989162 0.09202707842317176 0.06111491097805177 
0.01571849036415121 0.033869143312149984 0.45978667827887804 
0.07423917555457225 0.30935266678478396 0.11988626646219051 
0.5044159594595904 0.0013596243709346931 0.0 
0.007604817161287164 0.4675598110614835 0.029391910130391448 
0.42719751912980075 0.03667772871086636 0.049787085381152896 
0.37195336138396035 0.05652205555171718 0.07529913891722036 
0.16003460253631793 0.06866451075463746 0.28793257690987467 
0.08876427447425682 0.1743638741645128 0.25384968267676483 
0.3936515507509084 0.10728157905573012 0.0028004136913249694 
