1.0 1.0 0.49998956704767694 0.5000050591295768 0.5000540707372978 0.5000828772915391 0.5001019271391755 
1.0 1.0 0.49998956704767694 0.5000050591295768 0.5000540707372978 0.5000828772915391 0.5001019271391755 
1.0 0.0 0.49999020335153294 0.5000051318929997 0.49998080854829485 0.500017230672711 0.5001019581987439 
0.0 0.3351176161846532 0.5000260423594186 0.5000040985229229 0.5000478682587417 0.500019640941394 0.49992758388295483 
0.46241557496420993 0.8512443992184606 0.5000071761297276 0.5000364851334658 0.5000475423937921 0.5000191095294465 0.4998943746212753 
0.14036453022862982 0.6107816350706503 0.49996779177802053 0.5000307959514643 0.5000486945220777 0.5000074294791007 0.4999288818009223 
0.1256050060903275 0.8236994342622709 0.500007152586614 0.49997541951709223 0.5000558970676248 0.5000191067036899 0.5001157502131462 
0.9792291801680948 0.9443096847103688 0.5001000991039386 0.5000051477830149 0.5002495955191731 0.4999985084569814 0.500102269184442 
0.7410738467108192 0.6160490316845906 0.4999940822933605 0.5000040340619893 0.5000471082330517 0.5000271168441558 0.4999226106981162 
0.7786015495412691 0.7999946488230489 0.5000085808992751 0.4999767335393772 0.5001403549802526 0.5000283207077841 0.4998866201212466 
0.7633448166178016 0.552611548605936 0.5000848982152047 0.5000039810328991 0.5000064603088006 0.5000930388123358 0.4998681490945897 
0.8386223371303917 0.14643798736805086 0.5000270171988291 0.5000303617920006 0.500045370446988 0.5000901509788924 0.499871735697968 
0.6898385513882328 0.9524672450085564 0.4999621794199819 0.5000312551778181 0.5000460043436585 0.5000825263219486 0.5001180942372362 
0.36148329834456794 0.26717561513211 0.5000244456959079 0.5000293634182762 0.5000557330706387 0.5000907484045858 0.5000842850662038 
0.49930164137994837 0.041115316086665854 0.5000239488997529 0.5000039810328991 0.5001438424208722 0.5000074706490454 0.500156975260863 
0.5730151433532756 0.6280748280713684 0.5000255125014745 0.4999330726161018 0.5000593502208902 0.5000269036483324 0.49986316809586295 
0.8941096727449578 0.05805605090008431 0.49998956704767694 0.5000050678754943 0.5000540707372978 0.5000831020345531 0.5001019271391755 
0.22016588961406505 0.8393323341904773 0.5000763869997252 0.5000061186121975 0.4999944503003887 0.5000070378718201 0.5001095451565694 
0.8841251855306781 0.7885331167932096 0.50002837323856 0.5000262002977655 0.5000502672880149 0.5000905845329234 0.49987738961170813 
0.6266501947126816 0.7861079072981136 0.5000255518714491 0.5000051860113471 0.5000470810055339 0.49999824853924557 0.5001182719695375 
0.800923290828725 0.25117188675339897 0.5000271762965631 0.5000047854689513 0.5000683023117849 0.5000194480968178 0.4999244537284998 
0.04279364687048298 0.47236186393850826 0.4999940822933605 0.5000050103111693 0.5000471082330517 0.5000271168441558 0.4999226106981162 
0.6986545004025712 0.5456328731241692 0.5000213376710773 0.5000061390495648 0.5000651808895774 0.5000029050300788 0.5001135329173845 
0.984313794634395 0.6158373971007909 0.49999340986907936 0.5000052867158891 0.5000471082330517 0.5000272298072935 0.4999212052411062 
0.556708197934732 0.6280748280713684 0.5000574194733116 0.4999330726161018 0.5000593502208902 0.5000269045171284 0.500092195763945 
0.5188197766764927 0.5511268537617324 0.5000128974670921 0.49997533800602956 0.5000583157740115 0.5000869473911245 0.5001146345150136 
0.9253302917776649 0.6158373971007909 0.49999340986907936 0.5000052867158891 0.5000471082330517 0.5000272298072935 0.4999212052411062 
0.7283342203815459 0.9602592468204272 0.500034240643705 0.5000300244147169 0.5002718652209042 0.5000804607316223 0.5001869190546419 
0.95104583833609 0.6189943647350785 0.5000178466343622 0.49993452537965466 0.5000941942120373 0.5000063165295293 0.5001082399623309 
0.8190777526014444 0.07948368529586847 0.5000260118150349 0.500021689081483 0.4999816421175032 0.5000142405227346 0.4998668099587491 
0.995735892132172 0.9748905351100036 0.5000764126319407 0.500005147994645 0.5000565561584058 0.500027285993412 0.5001017858273482 
0.8840717641117781 0.8407226450062881 0.50002837323856 0.5000251451055522 0.5000507739437984 0.500002495118142 0.4998807850457863 
0.3329691716740532 0.07260967689120704 0.5000216012888291 0.4999364150321725 0.5000604235573118 0.5000271923470061 0.5000997940158572 
0.5474464464623348 0.9887918473894444 0.5000251170450629 0.5000295968760012 0.5002535451202115 0.5000195372946442 0.50012092649051 
0.30220620744409915 0.028049675310763134 0.5000783134038074 0.5000313879249846 0.5000462703569215 0.5000892228783643 0.49987276779695033 
0.5865685379965213 0.01956858642839282 0.49998958589762343 0.5000051820054541 0.49999351208912707 0.5000788596592315 0.5000858526662595 
0.4814132453479333 0.041115316086665854 0.5000239488997529 0.5000039810328991 0.5001414132463701 0.5000074706490454 0.499866884406485 
0.1897864617350175 0.9221107423284483 0.5000073392042986 0.5000043802375501 0.5000560461786168 0.49999920540871634 0.500102123872287 
0.8688923175674192 0.8789655789454547 0.5000199676831935 0.5000039670187135 0.5000479726885789 0.5000910288980988 0.49990207586764557 
0.34430926896365216 0.01675482243809817 0.5000783134038074 0.5000313879249846 0.5000462703569215 0.5000892228783643 0.49987276779695033 
0.9179247908762181 0.5523999140221364 0.5000225143058163 0.5000039810328991 0.5002494701022592 0.5000244766102515 0.4998702229626464 
0.2501606977321423 0.2474424931675958 0.49999016667184215 0.500030027303344 0.500056091236234 0.5000246274582761 0.5000796135539965 
0.6814918699612275 0.9240105551962351 0.4999625686269398 0.500001772016488 0.5000467763390518 0.5000825263219486 0.5001101169089127 
0.9784476797682202 0.5523999140221364 0.5000848982152047 0.5000039810328991 0.5000064603088006 0.5000903563393473 0.4998702229626464 
0.9720971336871461 0.48737824361947335 0.5000995058460106 0.5000050593309041 0.5002495955191731 0.5000028551326025 0.5001026410201377 
0.8593492851794278 0.40353403711292085 0.5000260118150349 0.500021689081483 0.4999816421175032 0.5000104088253213 0.5001011944579367 
0.6511682762082404 0.8150843342485447 0.500089992311336 0.5000073471377504 0.5000022295743834 0.5000158239118049 0.5000847668107473 
0.9073074617587009 0.9081003461683136 0.500057274269568 0.5000325829794149 0.5000533350885478 0.5000073133773589 0.5001243049140149 
0.6156038868744592 0.26717561513211 0.5000219559895546 0.5000051301975242 0.5000499474103725 0.5000907484045858 0.49986664964711724 
0.8421043365319673 0.9422861520489282 0.49998885173282226 0.5000058088163908 0.5000561294398105 0.5000834407446155 0.49987608917704707 
0.5273288949798337 0.5508525702644826 0.49998956704767694 0.49997311945902423 0.5000581508154418 0.500082702321223 0.5001019271391755 
0.8083423064570043 0.28245076151150356 0.500067825042531 0.4999797620864509 0.5002703807684922 0.5000284482751972 0.4999181767458851 
0.6945036201465808 0.22903527123284362 0.5000219559895546 0.500005057592033 0.5000512187237242 0.499999720977361 0.5001025434706331 
0.2581377354623361 0.6189943647350785 0.5000178466343622 0.5000038858816697 0.499986778283895 0.5000860798710456 0.500108363100497 
0.7291094000101177 0.9897915337634619 0.500034240643705 0.5000300244147169 0.5000046879887292 0.5000804607316223 0.5001879633429782 
0.37229896070270596 0.9519402397039372 0.5000719004268691 0.5000052053931 0.5000601404042505 0.5000231018688253 0.5001038833655931 
0.9588194204064437 0.9216085936855063 0.5000764396351217 0.499932235906758 0.5000937182937897 0.5000063165295293 0.5001068824300355 
0.994843398039631 0.06731369051307556 0.4999938961729049 0.5000253915122257 0.499994685425667 0.5000265744629759 0.5001937137377888 
0.9401790214736021 0.065187815944522 0.5000683255531276 0.5000253915122257 0.5000619172751323 0.5000265744629759 0.5001855697248546 
0.683404019904111 0.938293470858435 0.4999625686269398 0.500001772016488 0.5000653321288274 0.5000825263219486 0.5001180942372362 
0.9783636690937328 0.3016178132270419 0.5000257481610407 0.5000293964276682 0.500239590380393 0.5000878030635956 0.5001685375549179 
0.09265410286473269 0.9508004319437179 0.5000571804955608 0.5000075576341496 0.5002156544730715 0.500029048032033 0.49991300597423166 
0.9984518680025638 0.028049675310763134 0.5000235539844172 0.5000313879249846 0.5000462703569215 0.5000891688037475 0.4998733776709043 
0.8102452506942573 0.03491544667994141 0.4999892537385858 0.5000058088163908 0.5000652886555796 0.5000830051448439 0.49988074150676204 
0.4389594086562614 0.6093463957424686 0.500069251664978 0.500001036952856 0.5000472146685669 0.5000213235135154 0.4998935004543733 
0.09265410286473269 0.9498591708488867 0.5000747042158754 0.49997627497145686 0.5002172426721524 0.500015886409834 0.4999090032109201 
0.5865685379965213 0.06825116018558822 0.49998958589762343 0.5000249765768917 0.49999351208912707 0.5000787678540838 0.5001891036630548 
0.8329527175163983 0.05176262547695343 0.5000019510775329 0.5000039810328991 0.5000559493302092 0.5000871177987607 0.5001162838480816 
0.9505009620856273 0.32933804620546936 0.4999897920307206 0.4999363734019599 0.5000519988316885 0.5000828772915391 0.5001019271391755 
0.9008075803530232 0.036840695954003855 0.5000595975270274 0.5000049898731402 0.5000467606508123 0.500026302749614 0.4999016475275226 
0.8698840202554823 0.2787083579177383 0.5000839698235674 0.5000039810328991 0.5000688975957431 0.5000902677892913 0.4998623963415783 
0.28721594472846695 0.6251411317350588 0.5000793739052776 0.5000066106275568 0.5000598142813082 0.5000857088225931 0.49985997782300146 
0.994843398039631 0.0695613987839293 0.4999938961729049 0.5000253915122257 0.499994685425667 0.5000265744629759 0.5001937137377888 
0.9203764580628958 0.405334171858955 0.5000260423594186 0.5000309559491476 0.5000463556719558 0.500019640941394 0.49992649322525523 
0.9980449610738696 0.33574976338941787 0.5000572248765023 0.5000325829794149 0.5000513823149312 0.5000289143401762 0.500101053939734 
0.9918771705785578 0.852315641796933 0.49998901640807486 0.5000037269019741 0.5000022628759124 0.5000828772915391 0.5001019271391755 
0.9637240631996205 0.45781625665497067 0.5001000991039386 0.5000050074873793 0.5002495955191731 0.49999937449110227 0.500102269184442 
0.8771480700187338 0.2909461225355553 0.5000579895613545 0.5000238985053451 0.5000692285775734 0.5000283630457337 0.5000893614002354 
0.4496308805362125 0.9602313020475849 0.5000717130243195 0.49997856515445366 0.5000466903510984 0.5000231018688253 0.49989368013249 
0.6490993461907937 0.8061880987472403 0.5000898928051878 0.5000073471377504 0.5000022295743834 0.5000159277123298 0.5000847726969894 
0.8637938573313568 0.5483255964076347 0.5000940248944411 0.5000187596579067 0.499945915373973 0.5000106654854607 0.499866671551172 
0.8180735225900536 0.008703081471057708 0.49998885173282226 0.5000058088163908 0.5000518567232722 0.5000834407446155 0.49988074150676204 
0.8610682000304906 0.9137972283947404 0.5000260118150349 0.500021689081483 0.4999816421175032 0.5000104088253213 0.5001260201728014 
0.39602995546449377 0.23143520413749286 0.4999895848591634 0.5000050369471023 0.5000544533581494 0.5000834164374777 0.5001195690406325 
0.9378723513459626 0.23700185682740604 0.5000823855234824 0.49998078069383506 0.5002646497687192 0.5000824532257645 0.5001195443819538 
0.9018634203421372 0.23951660609702585 0.5000839698235674 0.5000039810328991 0.5000689285581403 0.5000226723795013 0.499863363568926 
0.95104583833609 0.31685033338488156 0.5000764396351217 0.49993452537965466 0.5000941942120373 0.5000063165295293 0.5001082399623309 
0.21174474553578887 0.7766114442349877 0.5000866514944998 0.5000063045713424 0.4999944503003887 0.5000032622373238 0.5001196616696758 
0.9951198518804356 0.9081003461683136 0.5000572248765023 0.5000325829794149 0.5000513823149312 0.5000289143401762 0.5001258796545986 
0.9845010621729001 0.16484245099709932 0.5000266645131909 0.49998091444997866 0.4999816421175032 0.500014884722287 0.4998739450068102 
0.597721802025769 0.8237730290179903 0.5000580268293721 0.49997554143534506 0.5000692285775734 0.5000265336821552 0.5000893614002354 
0.42125797065246773 0.6093463957424686 0.5000775667138871 0.4999789754166545 0.5000463468603427 0.5000191160175274 0.4998935004543733 
0.9179945498564583 0.5523999140221364 0.5000225143058163 0.5000039810328991 0.5002494701022592 0.500019835322082 0.4998706044885577 
0.6098838565979148 0.22212566464628625 0.5000219559895546 0.5000051301975242 0.5000499474103725 0.5000885978024716 0.49986664964711724 
0.6093003787977742 0.22212566464628625 0.5000219559895546 0.5000051301975242 0.5000499474103725 0.5000885978024716 0.49986664964711724 
0.9950717817750359 0.38668207762936224 0.5000240389341511 0.5000047922898632 0.49998080917285337 0.500017230672711 0.5001019581987439 
0.930452818271278 0.28245076151150356 0.5000691365313323 0.5000309705388667 0.5000460114040872 0.5000075647450175 0.5001472158508604 
0.28721594472846695 0.7062438930257238 0.5000766462817846 0.5000066106275568 0.49997232301771516 0.5000857088225931 0.5000856630445001 
0.8257624666729599 0.5295711555618191 0.49998966045148 0.5000294370503328 0.5000528369996218 0.5000856043394006 0.5000965548621491 
0.1897864617350175 0.9221107423284483 0.5000073392042986 0.5000043802375501 0.5000560461786168 0.49999920540871634 0.500102123872287 
