1.660891654241912E7 33744.55511736037 0.3718626772997135 0.41879004986752116 16645.0 595.0 7.946498908882399 
1.4162208342120154E7 34012.6252568683 0.30309921924008554 0.4827720115789726 14474.0 607.0 4.1606570354002965 
4.075978604468203E7 48156.45793727637 0.07112567375244226 0.0 41159.0 1909.0 12.531565786126457 
1.707361135548836E7 38185.51730253116 0.4025091700671923 0.38318536857516206 16823.0 620.0 3.675781316768589 
4.479040504828946E7 35780.459153840464 0.25465587323641564 0.0 48599.0 1167.0 10.646083530402283 
4.522584271181128E7 32604.78325487048 0.548134933640504 0.023622030892424754 50265.0 757.0 4.481189014496868 
4.2903410579013444E7 39798.95320851799 0.0975875387726333 0.0 45241.0 1697.0 12.232651655959211 
2.1335003205144364E7 34762.85065286361 0.2217719359708016 0.37710624331065856 23574.0 849.0 8.981959008862269 
1.2005831139846377E7 34295.34378897329 0.22404590633412017 0.5642290307734867 11721.0 611.0 7.023320614619297 
2.5051013643068265E7 34349.04761395987 0.44459257954177034 0.23328703990907046 26302.0 735.0 8.863318441229456 
3.019019794505955E7 34397.49787372617 0.4896198249526004 0.153870275074656 34767.0 776.0 6.134005400213746 
1.9874851486175824E7 33387.20447431288 0.40901418420089797 0.35078457240170147 20058.0 651.0 5.048354442436481 
2.527624049098914E7 34872.347633801815 0.5640369943615265 0.19239234708514902 25655.0 640.0 4.284613932934515 
3.766606019235468E7 44237.456815228914 0.3709593257635161 0.0 37649.0 1219.0 10.98196337664681 
2.371407204054464E7 40190.448757889244 0.5237497579373169 0.21445170365561064 22770.0 697.0 6.104183463962369 
3.2186032245329E7 36184.88826779454 0.2800586555883964 0.22673513544556997 33445.0 959.0 9.534137544654673 
4.864698298217963E7 35375.95814386399 0.3481887334891756 0.08696022361497024 50243.0 967.0 7.067614768315126 
3.140051249238853E7 35213.296951334894 0.2771306233535175 0.2824829448700916 32788.0 849.0 6.455733614367702 
3.0855629390055466E7 34359.40096125803 0.4847188802844502 0.18609487505906638 29059.0 770.0 5.1356664532858085 
1.660891654241912E7 33744.55511736037 0.3718626772997135 0.41879004986752116 16645.0 595.0 7.946498908882399 
1.41287316695228E7 34161.29715550647 0.3051603041910504 0.47584115916200004 14735.0 612.0 4.274008387017394 
4.103979542932862E7 47612.086332513274 0.07286487168049889 0.0 41404.0 1883.0 12.333573455175305 
1.707393310628912E7 38185.22527942607 0.40250902309663167 0.3831856826611178 16824.0 620.0 3.675781316768589 
4.482458339682621E7 35818.92827147317 0.25167589339455254 0.0 48617.0 1170.0 10.693544579166097 
4.553306456602312E7 32819.48413295712 0.5603405183705837 0.023622030892424754 48693.0 747.0 4.510226316261443 
4.206137388614025E7 41048.887388351315 0.10628355463301598 0.0 44218.0 1657.0 12.21849231800276 
2.1263878923513893E7 35303.49761682484 0.21902035829852606 0.37710625449077007 23416.0 869.0 9.109556411459671 
1.2005863672210673E7 34295.499031509135 0.2240458776181815 0.5642290807447221 11721.0 611.0 7.023320614619297 
2.4640973989888847E7 34959.692259148054 0.4912967048740225 0.22851071253783606 25447.0 697.0 8.759295559841073 
2.916740377906524E7 33433.96900509145 0.5010310765218844 0.17035376303261884 33580.0 735.0 6.047624682932407 
1.8741631026146606E7 32937.37091208853 0.4255911046420453 0.3599114831863983 19361.0 616.0 4.694376039481097 
2.52762530286282E7 34872.2032150532 0.56403698950455 0.19239235622230252 25656.0 640.0 4.284613932934515 
3.7589123304929584E7 44246.63243389613 0.40159009532818335 0.0 36281.0 1164.0 10.483854710957552 
2.3083479175746173E7 40353.78894888119 0.5356230863768496 0.21901512992765731 22189.0 678.0 6.154057201336106 
3.2811269862969507E7 36192.33909543843 0.2949223488241959 0.21305513835289383 34085.0 933.0 9.562900151820898 
4.864698298217963E7 35375.95814386399 0.3481887334891756 0.08696022361497024 50243.0 967.0 7.067614768315126 
3.0577201227082618E7 35009.92587822075 0.27190254748078824 0.2793837297681199 32256.0 852.0 6.718648720486516 
3.0762700085484687E7 34465.18637792684 0.4889293102051016 0.18609487853603268 28902.0 767.0 4.904702092698806 
1.660891654241912E7 33744.55511736037 0.3718626772997135 0.41879004986752116 16645.0 595.0 7.946498908882399 
1.3848724851923399E7 34468.35459885495 0.311561828471255 0.48277152997331957 14121.0 589.0 4.006173604601075 
4.0772596568294615E7 48215.0890894971 0.06950587085265916 0.0 41176.0 1914.0 12.532472980175264 
1.707393310628912E7 38185.22527942607 0.40250902309663167 0.3831856826611178 16824.0 620.0 3.675781316768589 
4.6118587862976104E7 35710.339768939055 0.25437550222067407 0.0 50135.0 1156.0 10.723697806439406 
4.5107563666787125E7 32698.702770650536 0.5543078280502809 0.012641682268748004 49338.0 759.0 4.6434184485193395 
4.263559100712168E7 40256.222166212174 0.10578515372873791 0.0 45017.0 1694.0 12.453485647510368 
2.128760514234011E7 35194.04801083442 0.22626271300501977 0.37710624331065856 23168.0 827.0 8.720505926899625 
1.2005863672210673E7 34295.499031509135 0.2240458776181815 0.5642290807447221 11721.0 611.0 7.023320614619297 
2.406685833424145E7 35331.85471173025 0.44446798590981446 0.24883082714402224 24360.0 707.0 8.69375121593562 
2.9890017414422035E7 33838.952137977154 0.5143320790211745 0.15387026970561207 34469.0 739.0 6.020413798578665 
1.8741631026146606E7 32937.37091208853 0.4255911046420453 0.3599114831863983 19361.0 616.0 4.694376039481097 
2.52762530286282E7 34872.2032150532 0.56403698950455 0.19239235622230252 25656.0 640.0 4.284613932934515 
3.711051498723624E7 44184.0539988532 0.40165755977855094 9.344969550974213E-4 36893.0 1169.0 10.547390452509504 
2.3083744784102395E7 40352.90425642919 0.5356230609168312 0.21901516378630123 22190.0 678.0 6.154057201336106 
3.2459795069267526E7 36911.39555526203 0.2816576837115631 0.20792059674960855 33625.0 996.0 9.79738248211271 
4.842578398240355E7 35737.76386455379 0.34639242240058166 0.08696021223530594 50064.0 971.0 7.056515948256129 
2.9636150963739477E7 35107.831116343616 0.2791760479996718 0.2819224482804401 31371.0 889.0 6.750389806480703 
3.1334097457423005E7 34760.33114835931 0.48281874975830197 0.18274626096995028 29290.0 772.0 5.235339364377095 
1.660891654241912E7 33744.55511736037 0.3718626772997135 0.41879004986752116 16645.0 595.0 7.946498908882399 
1.3848669420462906E7 34470.25039748265 0.311561809711844 0.4827715224911073 14119.0 589.0 4.006173604601075 
4.112424598669322E7 48149.2709140254 0.06494241326632486 0.0 41347.0 1920.0 12.301964946894818 
1.707393310628912E7 38185.22527942607 0.40250902309663167 0.3831856826611178 16824.0 620.0 3.675781316768589 
4.5327999116080076E7 35587.50264091699 0.25812388012740967 0.0 49461.0 1168.0 10.62050260265652 
4.525570053788891E7 32698.05123668042 0.5650597406672498 0.026939495083020598 47596.0 740.0 4.533874964910092 
4.293844444313091E7 40135.46625631163 0.09477884155191289 0.0 45173.0 1712.0 12.34857428453449 
2.152307974017708E7 34779.675176000266 0.2259252571296542 0.3909004678779581 23213.0 791.0 8.577912983950409 
1.2005863672210673E7 34295.499031509135 0.2240458776181815 0.5642290807447221 11721.0 611.0 7.023320614619297 
2.516801930194029E7 35160.15675989792 0.45020995364967975 0.23716000066101128 25613.0 718.0 8.728358081937834 
2.9117341525011294E7 33238.213289753825 0.5000342659589512 0.17434096715633932 33550.0 730.0 6.083735794043519 
1.8741631026146606E7 32937.37091208853 0.4255911046420453 0.3599114831863983 19361.0 616.0 4.694376039481097 
2.52762530286282E7 34872.2032150532 0.56403698950455 0.19239235622230252 25656.0 640.0 4.284613932934515 
3.771661619032683E7 44121.34903593303 0.37206515620046593 0.0 37719.0 1217.0 10.859145773689018 
2.3083744784102395E7 40352.90425642919 0.5356230609168312 0.21901516378630123 22190.0 678.0 6.154057201336106 
3.291751721696812E7 36379.71122566033 0.2903173506978079 0.20792059674958419 34545.0 978.0 9.757779798934173 
4.763414533077876E7 35416.98588687102 0.3462678284721208 0.08613475140166581 49960.0 981.0 7.130284306763292 
3.0680395871085763E7 34974.702943184915 0.27190255470965435 0.2793837297681199 32508.0 850.0 6.806629766992984 
3.2749270252337836E7 33198.78561737126 0.4751973946419576 0.17591404989825504 31766.0 783.0 5.314653439893703 
1.660891654241912E7 33744.55511736037 0.3718626772997135 0.41879004986752116 16645.0 595.0 7.946498908882399 
1.3848897933443394E7 34470.736418660235 0.31156183780784136 0.48277153483029106 14118.0 589.0 4.006173604601075 
4.113988041120862E7 48208.4966788013 0.06408059846975546 0.0 41408.0 1926.0 12.30747768233456 
1.707393310628912E7 38185.22527942607 0.40250902309663167 0.3831856826611178 16824.0 620.0 3.675781316768589 
4.595970307976393E7 36047.41828692066 0.23439286426005324 0.0 49147.0 1198.0 10.732870607344118 
4.585625892417599E7 32747.840851019275 0.554577804721017 0.014567797172103275 50061.0 755.0 4.650574083581951 
4.288724340562051E7 40299.9124699538 0.10003800888307235 0.0 45041.0 1703.0 12.422946841830539 
2.2032367975171957E7 35234.689126749676 0.2249544394665688 0.36633884557954416 23982.0 882.0 9.25180290717713 
1.2005863672210673E7 34295.499031509135 0.2240458776181815 0.5642290807447221 11721.0 611.0 7.023320614619297 
2.3449836248935726E7 34762.24838367539 0.4925634699791021 0.25013908170200666 24046.0 667.0 8.822954365734594 
2.990376448047631E7 34115.08947022855 0.5091144751834771 0.15387027507465043 34560.0 746.0 6.097894289102634 
1.8741631026146606E7 32937.37091208853 0.4255911046420453 0.3599114831863983 19361.0 616.0 4.694376039481097 
2.52762530286282E7 34872.2032150532 0.56403698950455 0.19239235622230252 25656.0 640.0 4.284613932934515 
3.778377879242367E7 44492.3393820402 0.36225295590720363 0.0 37910.0 1245.0 10.942216312509501 
2.3083744784102395E7 40352.90425642919 0.5356230609168312 0.21901516378630123 22190.0 678.0 6.154057201336106 
3.3107394553008944E7 36248.52622288001 0.28998508511377324 0.20792059674958419 34853.0 977.0 9.832061559284126 
4.849892092885514E7 34692.04871793203 0.34646510763715926 0.08666429957918939 50324.0 983.0 7.248121888532973 
3.0781470090849444E7 34958.063030633406 0.26418776388122184 0.281102167684333 32068.0 915.0 7.00457809862449 
3.126649944621769E7 34598.36924203134 0.469310070083376 0.19442229774892253 28975.0 761.0 5.432056138154953 
2.271208692910755E7 35271.874623458585 0.49216371482964105 0.250237755245604 23159.0 656.0 8.635140265003487 
4.3290004970190845E7 39244.928271131415 0.09777959614901 0.0 47205.0 1661.0 12.564992937049396 
1.707393310628912E7 38185.22527942607 0.40250902309663167 0.3831856826611178 16824.0 620.0 3.675781316768589 
3.585141598460302E7 33168.06562546679 0.5032634595381614 0.12546679274921582 35250.0 800.0 5.745966717665962 
2.3083744784102395E7 40352.90425642919 0.5356230609168312 0.21901516378630123 22190.0 678.0 6.154057201336106 
2.2213091170828454E7 35177.34920347858 0.22540609079618049 0.3703986318329593 24394.0 841.0 9.12807049700467 
1.8989136485402554E7 33659.92320522955 0.42848804520284733 0.35219669165709405 19267.0 629.0 5.072159165824924 
1.3848863855248824E7 34470.79507166278 0.31156185397439856 0.48277153483029106 14118.0 589.0 4.006173604601075 
1.2005863672210673E7 34295.499031509135 0.2240458776181815 0.5642290807447221 11721.0 611.0 7.023320614619297 
3.7891549886540845E7 44171.93389946901 0.4014966095961996 0.0 38247.0 1197.0 10.493877984266142 
4.1706258646824054E7 48153.79333728202 0.07385647678285226 0.0 41290.0 1898.0 12.261977904035932 
4.671667595780167E7 35460.40097220889 0.36663985856776243 0.0882010279053496 49186.0 953.0 6.717519653829404 
3.086673372577596E7 34718.825194775825 0.264940534928507 0.27938372976812587 33013.0 893.0 7.257353158014558 
2.5276252976233076E7 34872.203407989924 0.56403698950455 0.19239235622230252 25656.0 640.0 4.284613932934515 
2.8282801463866066E7 35236.1728981872 0.48648923991114484 0.1695957821690454 31557.0 751.0 5.8134238029673 
4.481451462781033E7 35651.209407425384 0.2885884991001555 0.0 48942.0 1120.0 10.612640750856556 
3.7373062192993425E7 33067.885282323245 0.5333439561793502 0.10588389642903402 38765.0 721.0 5.2488334762533775 
