4446299.703449489 25244.536293290996 0.15223871872808042 0.0 4867.0 552.0 10.082063784425248 
5262366.318554494 20215.55282335177 0.3584608401761209 5.054648149131435E-18 5245.0 343.0 7.67690808110339 
4401579.114410188 24586.54097316951 0.14750619273918392 2.259620016699424E-6 4698.0 511.0 8.95933700588849 
4020412.818533225 22222.92797456312 0.28995206920738836 0.0645019873743278 4658.0 322.0 4.806657874793084 
5617393.179384974 16867.67312808851 0.3792670095861585 0.0 5775.0 290.0 7.238407670760612 
5351845.133146503 19296.30359717036 0.3467695028422952 8.64749205353406E-13 5377.0 412.0 8.16588517989838 
1635785.0 20546.748906325854 0.15630114566284778 0.5652910918868366 1363.0 142.0 4.0 
1937941.1843278182 20495.57937233018 0.18646247369651625 0.47620996025251344 1739.0 193.0 6.705751391465677 
4939644.158257682 21665.59949837929 0.2646431597562616 0.004416633413472642 5231.0 388.0 6.923551453044602 
4559779.206205695 23185.378184308796 0.2716296222805247 2.3048775281151325E-6 4797.0 415.0 8.96487676953676 
2420620.0 18217.411127455478 0.26049216740706105 0.41416296469487957 2097.0 144.0 4.135593220338983 
4507987.012946242 30579.80414235306 0.08402673920243241 2.827909641525226E-12 4584.0 749.0 10.012975204250251 
4115010.9958474343 21726.281723139597 0.39583820434884265 0.0812485386953472 4043.0 296.0 5.1588765870731565 
4998917.735061991 19985.902515289443 0.19482425845263437 1.479412940518607E-7 4891.0 457.0 8.462971169710706 
1452970.0 19201.50753221189 0.10542150212062887 0.5791445124878304 1242.0 136.0 5.096153846153847 
6472383.468283432 18079.721150141177 0.3767535655833528 0.0 6581.0 394.0 8.93025466172223 
3966674.2614427637 20954.56611832195 0.39905540713744797 0.28068903838787534 3647.0 197.0 7.073529411764706 
4787713.843296608 21136.20544048395 0.38330021042787 0.040858078092120644 4747.0 304.0 8.083428444691659 
1876610.0 19726.60107386238 0.20589782557867664 0.4837795183539864 1613.0 147.0 1.0806451612903225 
5198513.20510333 23552.930948823916 0.21700374093991115 0.0 6037.0 578.0 7.777183189742345 
2031075.0 18596.687957956197 0.21256137479541734 0.5075403320084171 1969.0 143.0 3.1666666666666665 
1569021.9359451588 22753.38332274908 0.28735298941554277 0.5080391164343234 1453.0 156.0 0.2564102564102564 
3545960.0 19931.09000007497 0.47442716857610473 0.23094458732756606 3121.0 172.0 5.5586450960566225 
4846822.231331893 22932.7744200748 0.385258358662614 0.0 4536.0 307.0 8.17049935299815 
5669507.575569909 17785.193142378757 0.36816407869299267 0.04319641802909767 6048.0 290.0 7.682082862995945 
5429687.440692403 19965.989527423044 0.4157411737198971 0.01797404722936638 5038.0 300.0 6.625871089805475 
2090700.0 19855.22694617515 0.2909457563712883 0.45364741641337386 1830.0 147.0 3.0727272727272728 
2138008.415545 20948.621068236807 0.42424596679915827 0.3411854103343465 2116.0 179.0 2.6154951370468615 
5872615.0194420125 21632.352060889945 0.4461363104980126 0.04494973111994389 6124.0 268.0 5.156595380833381 
5779348.123656567 19071.48776477871 0.4595537734029307 0.10492228736431707 5302.0 209.0 8.693181818181818 
7003963.491039327 16526.019230690243 0.4003390226794482 0.0 7266.0 365.0 9.824940934771444 
3164310.9634412634 21838.74538282034 0.42684958409568086 0.23793101431858527 3087.0 198.0 3.469635287956401 
5056608.567950469 18826.594271865677 0.48658522328735093 0.1579378068739771 4609.0 239.0 8.239624672037108 
1258950.0 22013.36334264679 0.23226111913209688 0.5687138690312662 1097.0 150.0 0.9366459627329192 
2853680.0 18616.28078594772 0.3594538195820954 0.38657579245693746 2710.0 146.0 3.1515151515151514 
6802517.110008962 17935.641505044467 0.5105827971835469 0.04319641802909766 6281.0 185.0 6.38248386550221 
1988099.9999999995 17606.275985187553 0.08104395604395605 0.5267418751461305 1725.0 153.0 8.211538461538462 
4169269.316682926 21355.859656281846 0.39656885667523967 0.0704348842646715 4401.0 303.0 4.821800202839757 
6688328.928270318 11770.690026636037 0.3324206427351535 1.0414996457418456E-12 6803.0 359.0 9.559612496159342 
3038039.1633011578 20854.95716074907 0.4500233808744447 0.28434065934065933 2856.0 187.0 4.380123286772903 
6592593.475012228 14928.960656909965 0.524666822539163 0.0 6401.0 264.0 5.365368333769748 
7922460.05268531 13715.792603374417 0.4959696982095991 0.03048299323704254 7311.0 181.0 7.211745046550489 
2201555.0 20887.70265056767 0.2964127683743212 0.47779096206020905 2034.0 143.0 0.0 
4230051.502904894 24499.90839308559 0.29424830488660275 0.03521744213233575 4645.0 396.0 7.779568860880961 
4664791.083275227 22896.603148183807 0.4111819032031798 0.025485153144727612 4712.0 309.0 7.109334192407205 
4731163.229574337 19680.668826265606 0.37976607297085085 0.0 5460.0 396.0 7.284854672019739 
5718033.478205236 17996.280075257637 0.4796001870469956 0.04319616553659107 4973.0 202.0 6.636839724820871 
4275635.548331967 28029.84171228624 0.18868403859195662 0.0 4402.0 535.0 7.834476269759049 
4067669.1604359862 26657.716629461327 0.34840619701420716 0.0 3981.0 367.0 4.263375911491027 
2267566.4129815903 25038.43362749488 0.34942921105429375 0.3320395840404677 2308.0 244.0 4.508841732979664 
5942479.092851079 18431.677699951855 0.4603694178162263 0.0462649053074585 5177.0 277.0 5.05090284053847 
826325.0 22317.307791696294 0.1402852466682254 0.6850303951367781 717.0 151.0 2.4602272727272725 
2972400.2291293833 26791.14247827347 0.5721007715688566 0.12444470423193828 3121.0 260.0 4.667241826616965 
3206820.0 17990.90210419353 0.3443740080137416 0.3346097985713489 3198.0 154.0 2.9267676767676765 
3470048.7182726418 25471.692864933113 0.485652827039913 0.1262574599995441 3280.0 291.0 4.903834129069978 
6257863.105947523 17266.939618863984 0.5111935936404022 0.039952069207388356 5648.0 275.0 9.915162765917295 
5553827.125109982 21599.95566054481 0.294542752136655 4.837987814721357E-7 5419.0 440.0 6.785130333344273 
3874008.5583473323 21000.37348692068 0.493161094224924 0.11231587561374795 3640.0 230.0 8.439179260455857 
6902744.999999999 13780.684968033305 0.4360533083937339 0.1281271919569792 6245.0 218.0 9.106274007682458 
3389418.702437854 21813.488975263404 0.4279601821234546 0.20852939284646924 3494.0 203.0 3.9652159468438537 
6105560.17517741 16631.933623881127 0.5482815057283142 0.03849076455459434 5555.0 183.0 8.197766085906505 
1797289.9999999995 19939.37462687906 0.2673326358041249 0.5366234312713206 1461.0 150.0 4.163265306122449 
5488011.35606779 20126.149618593117 0.5052909909070172 0.04433958637767555 5332.0 206.0 3.007142857142857 
5134429.903925781 21837.92232452144 0.2777063362169745 0.0 5339.0 372.0 8.758324407282705 
895410.0 20526.62876622705 0.1671148000935235 0.667231704465747 782.0 137.0 0.0 
3808510.0 19494.345028756547 0.41007131166705635 0.2641454290390461 3894.0 166.0 1.3166666666666667 
6419995.004414805 18154.10871537982 0.4805373307590593 8.64749205353406E-13 6547.0 248.0 7.3965165905791395 
3755556.817745794 18913.51160199633 0.4593172784662146 0.26461304652794015 3596.0 173.0 1.4361111111111111 
7281344.463053061 15861.220842702922 0.39747486555997197 0.0 6931.0 274.0 8.984303074053805 
3691324.9782091063 22685.11210304661 0.5171264905307459 0.03144727612812719 3826.0 256.0 5.873897605019018 
4337445.200661815 24620.52801393833 0.18275075987841946 0.0 4649.0 564.0 9.011496582302598 
3258050.0 18512.182666745124 0.34036707972878183 0.3620820668693009 2972.0 159.0 2.1029411764705883 
6027072.144289017 17352.754897298615 0.32654625985548685 1.479412940518607E-7 6131.0 465.0 9.052425760547465 
984155.0 22146.92192896433 0.18272437251571375 0.6164374927327683 905.0 132.0 0.0 
1158440.0 21242.64239618536 0.21118774842179097 0.632335749357026 959.0 142.0 2.0 
1742545.0000000002 17933.96689725182 0.2536255342559877 0.5103489277761672 1609.0 150.0 2.1 
2764995.0 19122.211940932524 0.41609483918949447 0.33051844448453904 2659.0 148.0 3.054054054054054 
3600774.2474072822 24140.531950303484 0.49769113864858544 0.11699205050268881 3881.0 289.0 4.86848078498674 
2914595.0 18243.63467346691 0.41185410334346506 0.3394610708440496 2839.0 163.0 4.930238726790451 
1309110.0 21028.810086075726 0.15177110123918636 0.5976443768996961 1094.0 133.0 4.0 
2491687.454430233 21739.838296286318 0.41463287869048954 0.27423003406845414 2709.0 224.0 6.470623053252656 
1210055.0 19936.19230774807 0.16053892915595044 0.6072889876081365 1028.0 143.0 3.2162162162162162 
3096151.1264006244 21480.55849960956 0.37537993920972645 0.3047989244797755 3086.0 192.0 2.518181818181818 
7127908.344297611 14906.717213889277 0.5074234276361936 0.0 6296.0 271.0 8.164452300849632 
1096165.0 19773.440194474086 0.14785559111355118 0.6362265049408429 908.0 130.0 1.1142857142857143 
1697450.0 17588.236953971704 0.11035772737900397 0.5557926116436754 1440.0 155.0 4.2424877707896576 
2699910.0 15296.491789067848 0.25587657704052796 0.4187520527281632 2399.0 174.0 5.105586617993623 
1376835.0 17047.655264020297 0.17950666354921674 0.592529810614917 1192.0 151.0 3.270453008789723 
7179602.098316304 14677.471592650329 0.5377631486284359 0.0 6634.0 215.0 6.505786404228176 
2334795.0 19307.08379865002 0.3169580928507168 0.3769873743277999 2395.0 162.0 2.763562753036437 
3319140.0 16911.41856824243 0.3484627075052607 0.37131751227495907 3213.0 156.0 2.1 
1051717.3388876528 21513.62487518279 0.21416880991349077 0.6021744213233575 974.0 140.0 1.1870967741935483 
766115.0 19476.130269844023 0.12026537292494739 0.6847381342062193 676.0 139.0 2.479166666666667 
1526375.0 18916.496057829663 0.16442599953238252 0.5887888707037643 1306.0 144.0 3.5 
2646030.0 19905.69895173178 0.39577975216273087 0.3943184475099369 2333.0 131.0 4.0 
6347376.666666668 16130.186702542289 0.4857668926817863 0.10176525602057516 5832.0 167.0 6.197653958944281 
7600572.191024668 14286.298734940448 0.5194673528140608 0.0 6837.0 223.0 6.836706979046811 
2541905.0 18199.273156873012 0.44756838905775076 0.2879354687865326 2577.0 174.0 5.559099965349965 
2597245.0 20846.870578412298 0.3933539864390928 0.3477320551788637 2462.0 151.0 0.0 
6855427.354029173 18588.85847812584 0.5194938040682722 0.0 6414.0 275.0 5.6381009900700825 
7419281.312229618 10635.718616577627 0.5691519551292757 0.0 7331.0 219.0 10.610169491525424 
7079572.82936495 16486.840779872033 0.5341360766892682 0.02530979658639233 6717.0 261.0 6.801308197716951 
6167384.999999999 16124.404121876601 0.43821860076339 0.16927852044961683 5846.0 154.0 9.157894736842106 
7366963.972639025 12939.33890622934 0.5016102099569179 0.0 6929.0 226.0 7.932860825200657 
638945.0 22086.519627634232 0.15270633621697452 0.6993219546411036 605.0 130.0 0.0 
8142080.103745806 13814.964950259984 0.5235591300543501 1.7817975939351496E-7 7513.0 186.0 7.782167581761757 
7484794.895739052 10673.146944899356 0.5145862944369864 0.0057283142389525366 6325.0 245.0 10.067249417249418 
7790360.126784999 15956.652349394786 0.540039747486556 0.0 7245.0 204.0 9.982710307653388 
7855292.503725318 11416.217662005445 0.5234393266308159 0.0 7290.0 215.0 10.41050737278954 
564465.0 21683.58159388925 0.1207037643207856 0.7356499883095627 489.0 134.0 0.0 
717455.0 22390.158623534535 0.1317812238869213 0.7045283173159728 588.0 139.0 2.0 
475260.0 22680.393256427615 0.10860479662161625 0.7605258389297975 410.0 129.0 0.0 
