3599143.355046132 18500.49747316164 0.400253683956888 0.3081325001794429 3736.0 150.0 2.0 
1204606.712027051 22067.702201806416 0.20461304086197454 0.580053626281275 1001.0 154.0 0.0 
2026905.0 17842.22620595871 0.16194178162263267 0.5174479775543606 1754.0 155.0 5.1 
6520883.433668704 17985.36011727743 0.5237641100653965 0.051204692110821945 5971.0 212.0 6.807465933081697 
2282784.943404648 14292.294680199002 0.16480593874210894 0.4797755436053308 2014.0 223.0 6.987417848495331 
1385195.0 15381.395250978207 0.08504793079261164 0.6076981529109189 1226.0 159.0 8.373688458434222 
4963262.543179793 22887.032856118192 0.19625606642972207 1.9116313591691585E-7 5207.0 474.0 9.106561926819902 
5938088.427871533 21219.136646903655 0.43091230657137053 0.0 5797.0 306.0 5.658811412260981 
5030975.805632648 20911.05847637148 0.25251344400280573 0.0 5187.0 406.0 9.413032662138733 
1341580.0 23269.61346831677 0.2562282979004937 0.5401276066777679 1198.0 150.0 5.0 
3842495.0 16886.853630630278 0.4137537993920973 0.22559621229833995 3899.0 169.0 4.606658122186072 
7930533.308756769 13107.627414364011 0.4878447968482397 0.03270418929266596 7385.0 223.0 7.110652724884224 
4406604.620682985 31285.804493322656 0.08212532148702362 0.0 4382.0 729.0 10.41735154693031 
6957766.729591621 19531.842840537527 0.4556640168342296 0.0 6678.0 333.0 9.839974699557242 
6813289.069835773 13947.211924101472 0.4574206791237171 0.0 7012.0 311.0 8.703466386554622 
7726547.791530388 10835.563715332568 0.5379093868914779 0.0 7217.0 236.0 7.395526960784314 
1512910.000000001 22243.820911963638 0.19730849429983902 0.5591830193502019 1314.0 154.0 3.0 
5453853.491064801 18334.19212944647 0.5599427168576104 0.057838438157587095 5372.0 201.0 3.6917892156862746 
1933272.5454317227 21891.160290645865 0.26373626373626374 0.4719721767594108 1713.0 190.0 1.8492378810594703 
3534067.3892797376 20406.38822584759 0.34925385347096105 0.175503714652144 3649.0 250.0 4.46335890848086 
3461996.0904268445 23145.11256227813 0.3779518353986439 0.12757189618891746 3695.0 281.0 3.364087630352918 
7465557.161410117 16491.89383208807 0.5452127659574468 0.004471592237549685 6925.0 267.0 6.873208944594787 
4584569.9893208835 22002.832151440212 0.2998304886602759 0.02305938742108955 4623.0 389.0 6.851130904920581 
4917237.160247712 20487.580600781253 0.22378419452887538 0.0 5076.0 441.0 9.736968796923158 
4244958.797370181 23467.583680750344 0.2897182604629413 0.006897357961187748 4012.0 390.0 5.877800825360725 
5828710.876596852 18284.028154938114 0.47191372457329905 0.12479541734860884 5676.0 296.0 5.6296175534574235 
4655318.700249669 26157.55477985864 0.2291921225951971 2.3529965675459194E-11 4611.0 431.0 7.669729645218696 
5409224.162266457 20040.383377799408 0.24085546265925345 1.1958373113250144E-9 4944.0 397.0 6.062248634989643 
7980202.434773695 11818.365932739152 0.525985071206434 0.0 7327.0 211.0 7.100495582848524 
5087347.099622046 21314.35294677745 0.5637128828618191 0.10047930792611644 4613.0 245.0 4.2509082386030705 
2410517.3386314567 18121.42729490204 0.10503857844283376 0.4665068973579612 2104.0 226.0 7.535111686319624 
1142355.0 20817.067201957638 0.151392851908537 0.6381249718467376 1028.0 130.0 0.0 
5133767.490186182 22808.261029895228 0.2714250997735762 7.004187120524111E-7 5137.0 414.0 7.052820048478257 
4487950.838071069 26451.998146688133 0.1468026654196867 0.0 4676.0 565.0 8.642416326551865 
2220771.154739273 19589.15696183593 0.27501753565583353 0.4411094224924012 1944.0 153.0 3.0392156862745097 
4540058.043517428 27899.9083700671 0.12532148702361467 0.0 5225.0 769.0 10.112624889154354 
1572730.0 21063.0431477465 0.22112701770058477 0.5671032133518733 1336.0 127.0 2.0 
2097340.0 18690.514248059786 0.2403553892915595 0.43733925648819266 1884.0 135.0 3.0576923076923075 
1844075.0 20855.154113929337 0.205810147299509 0.5106090717792845 1647.0 142.0 6.0 
6285045.000000002 17582.2562628997 0.5639499880176471 0.0987263194182284 5783.0 165.0 6.086206896551724 
5504592.593306794 17790.489417122277 0.5372048164601356 0.03095043254617723 5485.0 251.0 6.7406929875679875 
1793075.0 19195.517373473696 0.16702712181435586 0.5335515548281505 1582.0 160.0 2.1470588235294117 
4351356.526306059 22382.61028302861 0.4159457563712883 0.046235679214402615 4452.0 255.0 4.575828157349896 
4200594.550128471 16651.30106363432 0.4258534019172317 0.2373743277998597 4458.0 156.0 2.4681355932203393 
7079789.504014149 10574.180022568515 0.5951309328968903 0.0 7148.0 189.0 7.459913793103448 
4797878.71663866 25856.46676756157 0.45452419920505027 0.025602057516951136 4595.0 380.0 6.2782430389590775 
6595497.423005806 17481.84995289589 0.5922117851986508 0.0119535419309208 6407.0 213.0 4.143358395989975 
4297104.343221486 28726.453895684626 0.08805821837736731 0.0 4738.0 733.0 9.94900698273991 
7409688.334131932 15058.13488345468 0.523673135375263 0.04030278232405892 7099.0 338.0 7.726611086839934 
3946833.495208053 20050.40560131799 0.41322772971709143 0.163081599251812 3725.0 228.0 7.75905987394958 
3296631.677457305 21091.906272113698 0.4294799478456714 0.20347324919370968 3236.0 169.0 2.3515097840755734 
5752775.042385462 17030.75453644181 0.2564005143792378 0.0 6472.0 496.0 9.168560704564761 
1622920.0000000007 18759.95093505163 0.17591185410334345 0.5618716389992986 1433.0 141.0 4.023255813953488 
8037376.043077817 14671.648779296986 0.5283785363572597 0.040799625906008885 7348.0 186.0 7.484375 
3671421.33932479 17745.821195957837 0.4978957212999766 0.17798690671031098 4014.0 191.0 5.895470383275262 
5691739.887685095 18658.420585013548 0.41018821603927985 0.017740238484919336 6086.0 270.0 5.066723930022773 
2167875.0 17239.51647118028 0.16726372111427443 0.4718552723871873 2018.0 159.0 4.225487163625116 
4719317.745612253 22671.103520891033 0.46890343698854337 0.004617722702829086 4764.0 260.0 3.6238201065787274 
2683155.771943574 20430.745279305018 0.4090218000687596 0.31745441915063627 2901.0 158.0 5.016666666666667 
3383626.3872192493 18060.22461645328 0.402328748701783 0.2871772689788902 3384.0 138.0 3.048780487804878 
2897156.5910044876 22430.977522594745 0.4499064765022212 0.16483516483516483 2891.0 185.0 1.3003003003003002 
6141163.064475984 19037.62261912656 0.5968844984802432 0.058685994856207624 5310.0 163.0 5.0 
6463226.944462951 16107.231411864175 0.5308657522136254 0.10109345152929343 6256.0 157.0 7.084745762711864 
2752970.0 14577.95894627425 0.3246441508022972 0.38946691606266076 2435.0 164.0 5.733251879699249 
2331514.9999999986 17589.062451209244 0.3109071779284545 0.42123567921440264 2154.0 197.0 7.732766897081413 
7645083.91145451 10887.952773240524 0.5462680566620214 0.0 7302.0 233.0 8.545669808755552 
3019045.6793181878 24327.17080056641 0.43128945522562545 0.1889174655132102 2824.0 235.0 6.160495347564313 
5305448.376934786 19535.318841153876 0.29235168331772693 0.0 5850.0 392.0 9.806899706022364 
2960180.0 20445.6853992883 0.3612362549038223 0.3204348842667265 2777.0 151.0 3.1385281385281383 
2819880.0 18910.297901241716 0.4110966278742815 0.3179232985847827 2913.0 146.0 1.1907907425265187 
6214006.218585636 13902.351708239938 0.5036271322450638 0.11287117138180967 5682.0 221.0 8.323558059587471 
5596627.622391279 22436.853447451118 0.28270399812953007 0.0 5706.0 423.0 6.441829029215722 
1436020.0 18384.860730013137 0.2015139116202946 0.555675707271452 1338.0 148.0 4.209302325581396 
4110292.87477258 21403.13668798834 0.44453147376358293 0.0971188749057453 4364.0 224.0 1.4735252309879174 
813010.0 20793.574848549382 0.10994856207622165 0.6886836567687632 703.0 128.0 2.0 
5984076.140684148 16246.440624932238 0.6109714753331774 0.03375613747954174 5708.0 256.0 6.083445960340601 
1276160.0 20529.04347859649 0.19903066660392774 0.5743842005134937 1077.0 163.0 1.125 
1015215.9761105854 22796.588048639598 0.18508993962847206 0.6145406507894475 927.0 136.0 1.375 
6053821.254841371 19382.16860260626 0.47740823006780453 0.0 5627.0 259.0 6.2151750486246184 
1736475.0 18687.25117518115 0.3405132101940613 0.48021393500116905 1563.0 138.0 3.2941176470588234 
6677352.012543709 14511.831627645855 0.556873977086743 0.03732172083235913 6419.0 199.0 7.061811440677966 
3220973.7770092557 22955.269877822568 0.46808784244275414 0.15773414620776374 3258.0 232.0 4.035022072477906 
7277214.36477392 15969.745918718432 0.5319148936170213 0.0 7026.0 313.0 7.121542624100169 
4055855.7824368197 21845.98050327699 0.4370469955576339 0.09565700257189619 4202.0 224.0 5.123860837438423 
2550981.6120036207 20138.503265804124 0.30953355155482815 0.3672843114332476 2386.0 176.0 6.545425567364692 
1075020.0 20261.96338288012 0.13990530745849894 0.62549684358195 1000.0 125.0 2.0 
6369469.2573368 16632.05804120123 0.5315380613453028 0.0 5751.0 253.0 5.913067111459969 
3999300.78762109 32921.06517059088 0.05707855973813421 0.0 4184.0 725.0 9.979309351360936 
3739947.576556142 20341.577214804965 0.44955576338555064 0.10202829085807809 4007.0 220.0 5.466569885535403 
8535390.960430272 16779.31486660578 0.526218888511405 1.583621081285851E-7 8384.0 227.0 6.289585541423777 
1679160.9836909943 19903.638436277626 0.17439311662437026 0.548255484289687 1507.0 173.0 4.616279069767442 
2474519.413006533 19812.049629830562 0.28910451250876784 0.42018353986439094 2119.0 175.0 3.2483660130718954 
3077601.6261491682 19226.019675035375 0.3065539940851927 0.2420810469436347 3437.0 201.0 4.12740563784042 
7849839.024219953 19262.599384017085 0.5281155015197568 0.03165185877951835 7264.0 213.0 7.32018231021222 
8230051.004002412 10734.042481285735 0.5391337386018237 0.0 7741.0 247.0 8.551973501664817 
950725.0 21012.75408066119 0.16644259995323826 0.6490238484919336 799.0 128.0 0.0 
7513084.138965693 11423.551471741392 0.4385111517699138 0.03270418929266596 7245.0 246.0 8.155176777360227 
3143494.064964256 20005.608020931122 0.4242189827171222 0.2931689580051178 2927.0 151.0 3.111111111111111 
2613580.0 19559.22571476335 0.3529050736497545 0.3740063128361001 2750.0 143.0 1.1 
875695.0 22132.358326842983 0.13411854103343465 0.6539630582183774 751.0 143.0 4.0 
7188869.34253155 13901.604291739655 0.5514086976852934 0.0 6982.0 225.0 8.285870726495727 
8113266.612334207 10787.365707402656 0.48784479684823956 0.032704189292665956 7464.0 206.0 7.64273828638155 
7788779.881745117 9929.05323129368 0.4888677247801572 0.060147299509001634 7387.0 176.0 6.407918552036199 
691235.0 22343.67598945108 0.158931494037877 0.6743920972644377 657.0 128.0 0.0 
8424809.31955881 16450.54663002625 0.5191430909516016 0.036444938040682724 7774.0 183.0 9.117647058823529 
760040.0 21134.34154565424 0.16202945990180032 0.6633738601823708 777.0 124.0 0.0 
8313498.054333528 11892.619291331443 0.5259819967266776 0.0 7533.0 231.0 8.108096184064621 
8823097.7962016 9006.746925011661 0.5297844855300766 0.0 7764.0 249.0 9.040441176470587 
9001453.559764821 9408.351440756145 0.5297844855119758 0.0 8238.0 311.0 9.6875 
8715655.000000002 13452.20113718025 0.5525517450813381 2.0458384722148347E-4 8104.0 202.0 5.413194444444445 
553005.0 21358.38675241941 0.09086392331073181 0.7398293196165536 476.0 139.0 0.0 
624480.0 22949.08174018846 0.1338270435595822 0.7147574522883156 522.0 140.0 0.10882352941176471 
