2352786.494811238 20967.709949306558 0.26873392564881926 0.3874795417348609 2287.0 219.0 6.609437604543509 
5801054.702994838 20210.678038972892 0.31149169978957214 0.0 6151.0 346.0 5.692774451803491 
4473748.502984565 27028.326160535966 0.06505926446239925 0.0 5126.0 757.0 10.284729514929138 
1923580.0 20081.92583792112 0.17848375029226093 0.5223287350946926 1785.0 148.0 4.0 
4372879.913559482 24163.899765975963 0.2786415711947627 0.015431377133504794 4765.0 388.0 7.65264590030084 
4732988.806140647 20492.44289929046 0.4503448678980594 0.09974865559971943 4784.0 288.0 7.044055359414905 
5610588.693131721 18142.11104014255 0.45203998129530043 0.156008884732289 5337.0 188.0 4.237142857142857 
4951723.382575801 21062.17966843238 0.2246033874989347 2.9651466984505156E-6 5376.0 431.0 8.04957388513376 
5349995.239467904 18289.35992334309 0.43047112462006076 0.036912555529576806 5718.0 277.0 8.853756011650749 
4186097.5730538936 17368.45741306665 0.42340091604839275 0.2500890415257341 3705.0 157.0 4.411764705882353 
1700241.3313373253 21144.896169046555 0.22170914192190788 0.5121872808043021 1591.0 209.0 3.6300000000000003 
1874034.9999999998 15714.238475537886 0.14473036255519972 0.5102002214942168 1746.0 152.0 4.244015957446809 
7094523.9245847855 20164.4895521702 0.4895106889367168 0.022182734293310073 6853.0 205.0 6.609062980030722 
4095150.6923522507 20956.137149812937 0.33654023377008796 0.11941957445375122 4321.0 304.0 6.252944941548399 
6114654.803970144 19844.77308528688 0.330753676433407 0.0 6268.0 448.0 6.735884635078184 
3606191.211855437 18808.56030643713 0.3672843114332476 0.27855389291559507 3552.0 199.0 4.762896825396825 
2961798.793040825 20234.672163761476 0.3875987116930448 0.2777079594712194 2793.0 171.0 6.640265689418232 
2411742.914569755 19441.779880098322 0.3505109412395082 0.3537234042553192 2644.0 174.0 5.054545454545455 
2724740.0 19652.994262405024 0.34399312598494186 0.42129659396858 2695.0 143.0 0.0 
5549878.154968923 17491.31260641909 0.485974010322626 0.06032271551718718 5177.0 202.0 6.127719298245614 
6502181.235875354 16195.669609584835 0.4781708994007322 0.040858316917915104 6226.0 232.0 4.551864406779661 
5025834.099180549 13731.641972819338 0.4328092120645312 0.0 5620.0 214.0 5.65635108284796 
5893645.947853635 16093.122538839556 0.4111550804045105 8.078315324837247E-13 6561.0 237.0 5.9126902008521 
4982296.007817188 16525.587670284134 0.44681112234698594 0.18216730282501062 4903.0 154.0 5.2 
3717875.0 20418.924149430906 0.4036707972878186 0.29708323591302316 3652.0 148.0 4.0 
3659336.838765494 20294.224729099005 0.4563654430675707 0.22831423895253683 3761.0 185.0 3.553398745223831 
5418745.0 14845.941516983416 0.5237023614683189 0.10597381342062193 5086.0 154.0 3.2172932330827066 
2467035.0 18094.92678925418 0.30336684592003743 0.4167056347907412 2484.0 131.0 2.2266666666666666 
2284945.0 20813.8217994716 0.22162266306055262 0.4414042146540847 2115.0 155.0 6.0 
2125005.0 20787.38381628906 0.3063789057364195 0.43617197099338184 2014.0 188.0 3.0039108187134502 
1979990.0000000005 20661.3688297689 0.2096679915828852 0.4869359364040215 1760.0 151.0 7.0 
4542892.025109004 25619.428172008025 0.2290741173719897 0.06458966565349544 4912.0 525.0 6.916969652347049 
3779451.7118406063 20286.288301240624 0.42664500026303637 0.15633128554644346 3963.0 214.0 6.69405684754522 
2773252.941968556 19248.345180178145 0.42059270516717323 0.31239770867430444 2792.0 144.0 5.0588235294117645 
5081227.005121825 19504.363116726974 0.1819616553659107 0.0 5655.0 451.0 6.616793668515835 
4804784.470454347 23479.78975971641 0.2369651624970774 0.0 5097.0 455.0 9.496581499516546 
3997326.9273063927 23995.266109682845 0.3415361234510171 0.06368365676876316 4314.0 356.0 5.942869909635551 
4151272.1119156913 31017.50150707578 0.18701830673405812 0.0 4190.0 565.0 8.43426426133193 
2668350.0 19634.549518491527 0.39481529109188684 0.3656768763151742 2527.0 134.0 0.0 
1649515.0 18958.391184920394 0.12231311294199576 0.5332010547645959 1484.0 137.0 1.0689655172413792 
4695459.560405825 24098.318533844515 0.43409734186599497 0.00198737432779986 4598.0 314.0 5.809866595207725 
5971834.049057046 19213.32754531643 0.49409921732036743 0.09492690511216431 5564.0 205.0 4.38375 
3138311.024493824 19641.996778682973 0.3674325896097843 0.2571911222212935 2993.0 245.0 4.421794057335853 
5291131.700069078 12646.471958147888 0.4214110357727379 0.13905775075987842 5448.0 201.0 6.251265954495005 
4649576.279135103 21336.725607667304 0.3211668784964214 0.007774140757583331 5073.0 378.0 8.78168988962878 
4604294.442160809 24756.81118029296 0.42094559999084885 0.010492167407061024 4866.0 320.0 5.798135042406953 
4423596.245650568 27000.750927120604 0.10346187650568704 0.0 4521.0 596.0 8.790138195065087 
4857119.985910786 18932.0340264748 0.3920388122515782 0.013239420154313772 4996.0 281.0 6.754786710941088 
2585220.0 19049.661802812356 0.26280388510225333 0.4255904967436257 2495.0 152.0 5.208333333333333 
1417175.0000000002 21356.242168877372 0.15311550151975684 0.5758709375730652 1325.0 147.0 5.0 
5837800.258393588 17277.374798883397 0.44298242743742605 0.012158114161096467 5679.0 267.0 5.390228370663154 
5147859.425883403 27466.00076617838 0.1642798690671031 0.0 5156.0 601.0 8.329941214215967 
1241105.0 20272.13494302363 0.22077659108638198 0.5849318887899236 1100.0 126.0 2.0 
4218673.609693248 22455.044842836967 0.4713292027121814 0.05894902969371055 4593.0 305.0 4.712236849711742 
3880348.2624849565 17253.124587383085 0.3784801173720976 0.16346249393514187 4026.0 181.0 5.78289408866995 
3351011.195971483 20094.185687883008 0.3875964461070844 0.2777063362169745 3074.0 185.0 5.5836679151733986 
1369435.0 19431.9663005848 0.22121229833995792 0.573474397942483 1176.0 129.0 1.0277777777777777 
5197021.81283138 19995.880181161665 0.3252571896188918 0.0 5394.0 319.0 7.587435803374908 
2206995.0 19920.311925079946 0.3310731821370119 0.45502104278700023 1899.0 129.0 0.0 
3466349.9009959167 20078.35905195404 0.3048866027589432 0.17418751461304652 3856.0 270.0 3.8646028767979987 
1830415.1307679797 20971.77988511767 0.19596095393967736 0.5292553191489362 1859.0 169.0 1.3864150943396227 
2074070.0 21220.69339170318 0.3438449848024316 0.4258826280102876 1985.0 138.0 3.1089605734767023 
4329207.113734271 17805.446048241058 0.428717559036708 0.2332242225859247 3824.0 166.0 4.423076923076923 
6184449.999999999 12041.566386906332 0.4804477437456161 0.09086392331073181 6193.0 166.0 7.267651888341543 
6380384.999999999 12048.134238425513 0.48281787945828253 0.12938467023912686 5995.0 161.0 7.207142857142857 
6431082.05679448 18940.26758519357 0.48574050584817546 0.04085831691791511 6316.0 230.0 4.314035087719298 
5668650.157115036 14708.028962583458 0.38777180266541966 0.08750292260930559 5315.0 224.0 4.900167527572246 
1583380.0 20478.027548148937 0.15221038234937978 0.5586600342354897 1502.0 139.0 2.0 
1055780.0 21674.141444028726 0.21808510638297873 0.6124620060790273 940.0 134.0 0.0 
6854515.372057866 14846.220113881813 0.5225040916530278 0.022796352583586626 6499.0 179.0 6.7214285714285715 
6035229.082378417 21462.22298180296 0.3566479948809169 0.0 6235.0 372.0 4.859761384515644 
5483550.9311798895 18559.8764255577 0.44251227495908346 0.015928220715454758 5413.0 275.0 4.291199540784259 
2842227.2827482764 21881.35742154999 0.30319338664940826 0.30079754775860373 2678.0 222.0 4.433889106554641 
924835.0 21032.63564317188 0.21416880991349077 0.6342354454056581 758.0 120.0 0.0 
1755160.0 19465.83348839799 0.1153553892915595 0.531476502221183 1736.0 176.0 5.400985221674877 
1525760.0 18858.33673225866 0.1712649053074585 0.5592705167173252 1438.0 136.0 1.0862068965517242 
6301642.777574929 17015.854745694487 0.4653113967440287 0.09431315356910387 6057.0 208.0 8.789377289377288 
2519135.0 18748.958816759507 0.16802080897825578 0.4291267243394903 2322.0 161.0 7.089285714285714 
1293665.0 20215.67343974629 0.1881575870937573 0.5906008884732289 1105.0 133.0 1.0961538461538463 
7452775.664385349 22041.639550632084 0.4915536591068506 0.023643909282207155 7326.0 196.0 8.585407066052227 
2024635.0 17513.615753236638 0.1475333177460837 0.5072772971709142 1816.0 145.0 6.065573770491803 
3269993.87154199 19364.399992611303 0.36526771101239186 0.33311900865092353 3162.0 170.0 5.356433978132885 
3953545.0000000005 14538.10571424636 0.444239211124685 0.21349785771485685 4049.0 176.0 4.436986140474513 
5737501.879680332 16798.547356240353 0.32736211663379844 0.03644912705854179 5815.0 300.0 6.823411467466622 
3547435.89752688 21766.25469750968 0.45920305823018714 0.14753418012543387 3572.0 239.0 3.1812246041216623 
1001515.0 22045.691713813838 0.22562543839139584 0.6244447042319383 840.0 130.0 0.0 
4274004.000265076 28112.95957150389 0.09191606266074351 0.0 4790.0 711.0 10.24172093079913 
1194438.2768477171 23500.60868896411 0.18701880983695762 0.5724256045257107 1089.0 199.0 2.1356304985337244 
4058775.0 15081.548959827398 0.45817955080677136 0.2289864520761227 3518.0 150.0 3.4242424242424243 
3024003.708671994 19684.67710587448 0.4086392331073182 0.3444295066635492 2954.0 159.0 1.875 
1463530.0 20387.185803951994 0.21045709609539398 0.5476385316810849 1247.0 129.0 0.0 
716870.0 22372.91347299684 0.14008148283110103 0.6870802377720217 621.0 126.0 0.0 
6975128.496725663 15787.453288347322 0.46721105454214357 0.0 6745.0 289.0 5.408545197740113 
1117955.0 21540.8850688008 0.17702244563946692 0.6265197568389058 1074.0 138.0 0.2933810375670841 
3208260.0 18917.970659640778 0.29524484839428045 0.3860475928390197 2882.0 157.0 5.217391304347826 
3075337.150807888 20917.873603614542 0.41276011222819736 0.22796352583586627 2838.0 208.0 5.144927536231884 
771525.0 22844.29597128552 0.15875712575246534 0.6813224025953177 685.0 135.0 0.0 
6247486.939225141 16394.8398323644 0.49351472723352674 0.07999211360326537 6227.0 178.0 4.777777777777778 
5242262.790955607 22152.185238638347 0.2926408697685293 0.0 5197.0 364.0 7.6114734011546314 
3402487.8406471014 20501.313207537332 0.4543513667165501 0.2511105915361235 3582.0 168.0 1.675897435897436 
3824498.516600421 22020.716435085906 0.20858662613981763 0.15846387654898292 4094.0 265.0 4.714716138662275 
2890552.9901174144 17223.270982305927 0.18541286660262665 0.3519990647650222 2797.0 167.0 6.6642170329670325 
537175.0 22995.819563620316 0.1279525833095441 0.7272955768967644 462.0 125.0 0.0 
7385940.621150716 18016.03178347765 0.49067966722862505 2.3882579446992696E-7 7381.0 265.0 4.4884615384615385 
832875.0 21383.84846928248 0.134030862754267 0.6880699088145896 735.0 135.0 0.0 
7550954.611067911 14049.316950727401 0.5006722001402852 0.023643909282207155 7307.0 172.0 7.152073732718894 
6633246.07098703 15980.821741732763 0.4774694731673911 0.040858316917915104 6610.0 242.0 4.622727272727273 
6568098.396789798 14536.906902495262 0.4774694772670123 0.04085831691651913 6695.0 246.0 4.726430084745763 
7238123.082288889 12002.398679957327 0.46984137983867796 0.050795246638705466 7030.0 177.0 8.682539682539682 
461190.0 23949.8995543018 0.14203881225157822 0.7300385784428337 408.0 126.0 0.0 
658190.0 21832.44102093048 0.11760579845686228 0.710690904839841 577.0 128.0 0.0 
597795.0 21558.18333845669 0.11091371024079133 0.7166571753289467 519.0 118.0 0.0 
