[13, 18, 22, 25, 28, 0, 12, 17, 19, 8, 26][0, 22, 25, 28, 16, 2, 21, 6, 10, 29][11, 3, 1, 4, 23, 9, 14, 7, 20][16, 2, 21, 5, 6, 10, 27, 29][3, 9, 23, 14, 20, 24, 4][15, 29, 27, 7, 20][14, 24][0, 26][7, 28][13, 18][7, 27][14, 24] 
[0, 13, 18, 22, 25, 28, 16, 2, 21, 5, 6, 10, 27, 29, 15][4, 1, 3, 24, 20, 14, 11, 17, 18, 22, 12, 8, 19, 0, 13][18, 0, 26, 8, 19, 17, 11, 3, 24, 4, 14, 9, 1, 23, 20][0, 28, 25, 22, 17, 11, 14, 1, 24, 4, 3, 9, 23, 20, 7][4, 14, 7, 20, 23, 9, 3, 11, 17, 28, 16, 15, 21][0, 22, 19, 12][0, 13, 6][3, 1, 4][0, 13, 6][7, 25][7, 24][12, 18] 
[3, 24, 4, 20, 14, 11, 25, 22, 18, 17, 28, 0, 19, 12, 8][12, 0, 26, 8, 19, 17, 11, 14, 20, 24, 1, 23, 4, 7, 28][0, 13, 18, 22, 25, 28, 16, 2, 21, 5, 6, 10, 27, 29, 15][4, 20, 14, 7, 24, 1, 23, 9, 3, 11, 17, 0, 13, 6, 10][9, 14, 1, 24, 20, 4, 23, 3, 11, 17, 19, 8, 26, 0, 12][12, 0, 26, 8, 19, 17, 11, 14, 20, 24, 1, 23, 4, 7, 28][3, 24, 23, 9, 14, 20, 7, 25, 28, 16, 27, 2, 21, 5, 6][3, 1, 14, 11, 25, 7, 16, 27, 2, 15, 5, 21, 6, 10, 29][0, 19, 12, 22, 17, 18, 13, 6, 2, 7, 27, 15, 16, 10, 29][1, 23, 3, 11, 14, 4, 7, 25, 22, 19, 17, 28, 0, 18, 12][1, 4, 14, 24, 23, 20, 7, 2, 21, 15, 29, 27, 16, 6, 10][10, 29, 27, 16, 7, 25, 28, 17, 18, 12, 22, 0, 19, 8, 26] 
[0, 13, 18, 22, 25, 28, 16, 2, 21, 5, 6, 10, 27, 29][11, 3, 1, 4, 23, 9, 14, 7, 20][8, 19, 12][12, 18][0, 26][15, 21][7, 28][7, 24][11, 17][0, 26][3, 9][15, 21] 
[18, 13, 6, 5, 15, 2, 21, 10, 29, 27, 16, 7, 24, 14, 20][6, 5, 21, 15, 29, 10, 27, 16, 28, 17, 0, 12, 19, 8, 26][13, 18, 0, 12, 22, 17, 11, 3, 4, 24, 7, 2, 27, 10, 21][13, 18, 22, 25, 28, 16, 2, 21, 5, 15, 27, 7, 24, 4, 23][0, 22, 25, 28, 16, 2, 21, 5, 6, 10, 27, 29, 15][14, 24, 1, 9, 3, 11, 25][12, 0, 18, 13][1, 23, 4][12, 18, 19][12, 18, 19][14, 23][0, 26] 
[7, 4, 1, 24, 14, 11, 17, 28, 0, 26, 8, 12, 18, 13][15, 29, 27, 10, 6, 5, 21, 2, 16, 28, 25, 22, 18][16, 7, 24, 1, 4, 3, 14, 11, 17][16, 2, 21, 5, 6, 10, 27, 29][3, 11, 17, 19, 8, 26][9, 23, 20, 7, 14][6, 13, 0, 22][17, 12, 8, 26][22, 25, 28][2, 7][9, 23][9, 23] 
[0, 13, 18, 22, 25, 28, 16, 2, 21, 5, 6, 10, 27, 29, 15][9, 14, 4, 23, 3, 11, 17, 19, 8, 26, 0, 18][3, 14, 11, 17, 19, 8, 26][4, 20][23, 24][1, 4][7, 28][13, 18][12, 17][4, 23][18, 22][10, 15] 
[7, 20, 23, 4, 14, 11, 17, 18, 12, 8, 19, 0, 25, 28, 16][26, 8, 19, 22, 0, 18, 12, 17, 11, 3, 4, 24, 20, 7, 28][12, 18, 22, 19, 0, 28, 16, 6, 10, 29, 2, 21, 5, 15, 27][9, 3, 11, 14, 4, 23, 1, 24, 20, 7, 27, 2, 21, 15, 10][0, 26, 8, 19, 17, 11, 3, 23, 4, 20, 24, 1, 14, 9][12, 0, 18, 13, 6, 16, 28, 17, 22, 19, 8, 26][22, 25, 28, 16, 2, 21, 5, 6, 10, 27, 29][1, 23, 24, 20, 4][0, 13][18, 22][10, 15][4, 20] 
[13, 18, 22, 25, 28, 16, 2, 21, 5, 6, 10, 27, 29, 15][7, 4, 23, 1, 24, 20, 14, 11, 17, 19, 8, 26, 0, 12][1, 9, 14, 4, 23, 3, 11, 17, 19, 8, 26, 0, 18, 12][14, 23, 3, 11, 17, 19, 8, 26, 0, 18][9, 3, 14, 7, 2, 29][1, 23, 20, 7, 4][4, 20][17, 19][12, 18][4, 20][3, 24][3, 24] 
[0, 13, 18, 22, 25, 28, 16, 2, 21, 5, 6, 10, 27, 29, 15][0, 26, 8, 19, 17, 11, 14, 20][7, 24, 4, 14, 9][20, 23][2, 7][0, 12][7, 24][3, 24][3, 9][4, 24][1, 4][3, 9] 
[15, 29, 27, 10, 6, 5, 21, 2, 16, 28, 25, 22, 18][18, 22, 25, 28, 16, 2, 21, 5, 6, 10, 27][19, 17, 11, 3, 24, 23][1, 9, 14, 23, 3, 11][10, 27, 29, 15][11, 25, 0, 13][12, 8, 26][8, 19][9, 23][4, 24][20, 24][7, 14] 
[13, 18, 22, 25, 28, 16, 2, 21, 5, 6, 10, 27, 29, 15][1, 14, 24, 3, 11, 17, 19, 8, 26, 0, 12][4, 14, 9][20, 23][18, 22][4, 7][4, 20][8, 26][0, 18][18, 22][17, 22][8, 19] 
[0, 13, 18, 22, 25, 28, 16, 2, 21, 5, 6, 10, 27, 29, 15][7, 24, 1, 9, 14, 4, 23, 3, 11, 17, 19, 8, 26, 0, 18][1, 23, 20, 7, 14, 4][17, 19, 8, 26][9, 23, 14][3, 24][0, 12][2, 7][0, 12][7, 24][3, 24][3, 9] 
[6, 5, 21, 15, 29, 10, 27, 16, 28, 17, 0, 12, 19, 8, 26][3, 24, 14, 11, 17, 28, 25, 0, 26, 8, 12, 22, 19, 18, 13][0, 18, 22, 25, 28, 16, 2, 21, 6, 10, 29][5, 21, 2, 16, 28, 25, 22, 18, 13][14, 24, 1, 9, 3, 11, 25][15, 16, 10, 29, 27, 7, 20][17, 12, 8, 26][1, 23, 4][12, 18, 19][8, 19][20, 23][10, 27] 
[0, 13, 18, 22, 25, 28, 16, 2, 21, 5, 6, 10, 27, 29, 15][9, 14, 1, 24, 20, 4, 23, 3, 11, 17, 19, 8, 26, 0, 12][12, 0, 26, 8, 19, 17, 11, 14, 20, 24, 1, 23, 4, 7, 28][0, 19, 12, 22, 17, 18, 13, 6, 2, 7, 27, 15, 16, 10, 29][7, 4, 23, 1, 24, 20, 14, 11, 17, 19, 8, 26, 0, 12][3, 9, 23, 1, 14, 4, 20, 7, 28, 0, 26, 8][3, 24, 4, 20, 14, 11, 25, 22, 18][4, 14, 24, 23, 20][22, 0, 19, 8, 26][3, 24][7, 25][12, 18] 
[0, 26, 8, 19, 17, 11, 3, 23, 4, 24, 1, 14, 9][8, 12, 0, 17, 22, 25, 28, 16, 2, 6, 13][5, 21, 6, 16, 15, 29, 10, 27][5, 21, 6, 15, 10, 27][5, 6, 15, 27][12, 18][7, 20][10, 15][0, 26][4, 20][18, 22][0, 26] 
[0, 18, 22, 25, 28, 16, 2, 21, 5, 6, 10, 27, 29, 15][13, 0, 28, 25, 22, 19, 12, 17, 11, 14][13, 0, 22, 17, 11, 14][4, 20, 14, 24, 7][17, 19, 8, 26][9, 23, 14][3, 9][1, 14][3, 9][3, 24][3, 24][0, 22] 
[1, 4, 24, 23, 9, 14, 7, 2, 10, 27, 15, 5][3, 11, 25, 22, 17, 12, 18, 13][20, 14, 11, 17, 19, 8, 26][16, 2, 21, 6, 10, 29][9, 23][17, 18][0, 18][7, 28][14, 24][17, 18][15, 21][15, 21] 
[22, 25, 28, 16, 2, 21, 5, 6, 10, 27, 29][16, 7, 24, 1, 4, 3, 14, 11, 17][8, 19, 17][13, 0, 25][7, 14][20, 23][0, 12][8, 26][18, 22][15, 16][20, 24][9, 23] 
[0, 13, 18, 22, 25, 28, 16, 2, 21, 5, 6, 10, 27, 29, 15][1, 9, 14, 4, 24, 3, 11, 17, 19, 8, 26, 0, 18][4, 3, 9, 23, 20, 7][1, 9, 14, 23, 24][14, 7, 2, 29][3, 1, 4][4, 7][12, 18][12, 18][20, 23][7, 20][4, 14] 
[0, 13, 18, 22, 25, 28, 16, 2, 21, 5, 6, 10, 27, 29, 15][1, 24, 20, 7, 4, 23, 3, 11, 17, 19, 8, 26, 0, 12][1, 24, 20, 14, 3, 11, 17, 19, 8, 26, 0, 12][17, 19, 8, 26][9, 23, 14][3, 24][2, 7][4, 14][7, 24][12, 18][3, 24][3, 9] 
[21, 15, 5, 6, 13, 18, 12, 17, 11, 14, 20, 24, 1, 9, 23][0, 18, 22, 25, 28, 16, 2, 21, 5, 6, 10, 27, 29, 15][9, 14, 24, 4, 23, 3, 11, 17, 19, 8, 26, 0, 12][7, 24][0, 26][4, 14][8, 26][9, 23][0, 12][7, 28][8, 26][17, 18] 
[7, 24, 1, 9, 14, 4, 23, 3, 11, 17, 19, 8, 26, 0, 18][0, 13, 18, 22, 25, 28, 16, 2, 21, 5, 6, 10, 27, 29, 15][8, 12, 19, 17, 28, 25, 11, 3, 24, 4, 20, 14, 1, 23, 9][7, 14, 23, 24, 3, 9][7, 20][12, 18][0, 22][7, 24][6, 10][0, 12][6, 10][0, 12] 
[13, 18, 22, 25, 28, 16, 2, 21, 5, 6, 10, 27, 29, 15][9, 14, 4, 23, 3, 11, 17, 19, 8, 26, 0, 18][1, 3][8, 12][20, 24][7, 14][8, 12][3, 24][8, 12][8, 26][0, 26][0, 12] 
[0, 28, 25, 22, 17, 11, 14, 1, 24, 4, 3, 9, 23, 20][28, 16, 2, 21, 5, 6, 10, 27, 29][12, 0, 19][8, 26][8, 19][12, 18][15, 21][12, 18][3, 24][0, 13][0, 13][4, 7] 
[8, 12, 0, 17, 22, 25, 28, 16, 2, 21, 6, 13][7, 24, 1, 9, 14, 4, 23, 3, 11, 17][5, 21, 6, 15, 29, 10, 27][9, 23, 14, 20, 24][9, 23, 14, 24][8, 19, 17, 12][1, 24][15, 16][13, 18][8, 26][18, 22][1, 24] 
[0, 13, 18, 22, 25, 28, 16, 2, 21, 5, 6, 10, 27, 29, 15][1, 23, 9, 3, 24, 20, 14, 11, 25, 0, 17][7, 25][1, 23][1, 4][0, 26][13, 18][0, 12][10, 16][0, 19][3, 9][8, 26] 
[8, 19, 17, 11, 14, 3, 1, 9, 23, 20, 4, 24, 7, 25][5, 15, 29, 27, 7, 2, 10][16, 28, 25, 22][13, 18][12, 18][8, 26][6, 13][10, 21][9, 23][0, 18][25, 28][0, 26] 
[0, 13, 18, 22, 25, 28, 16, 2, 21, 5, 6, 10, 27, 29][1, 9, 14, 4, 23, 3, 11, 17, 19, 8, 26][12, 0, 19][3, 24][4, 20][4, 7][14, 23][7, 20][14, 23][4, 20][4, 7][15, 21] 
[0, 18, 22, 25, 28, 16, 2, 21, 6, 10, 29][5, 21, 2, 16, 28, 25, 22, 18, 13][6, 5, 21, 15, 29, 10, 27, 16][14, 24, 1, 9, 3, 11, 25][17, 12, 8, 26][1, 23, 4][8, 19][20, 23][3, 24][10, 27][12, 18][7, 20] 
[0, 26, 8, 19, 17, 11, 3, 23, 4, 20, 24, 1, 14, 9][15, 10, 2, 29, 27, 16, 28, 25][21, 15, 6, 13, 18, 22][7, 14][7, 14][0, 25][5, 6][20, 23][0, 12][7, 14][20, 23][5, 6] 
[25, 7, 10, 15, 21, 5, 6, 16, 28, 0, 18, 12, 19, 8, 26][5, 6, 10, 2, 15, 27, 16, 7, 24, 1, 4, 3, 14, 11, 17][23, 4, 7, 27, 16, 2, 6, 13, 0, 26, 8, 19, 18, 17, 28][16, 15, 21, 6, 10, 2, 27, 7, 25, 28, 17, 19, 8, 12, 22][5, 21, 2, 6, 13, 18, 17, 28, 25, 22, 12, 8, 26, 0, 19][22, 25, 0, 18, 13, 6, 5, 15, 27, 16, 10, 29, 2, 7, 24][0, 26, 8, 19, 12, 22, 17, 18, 13, 6, 2, 29, 27][22, 25, 28, 16, 2, 21, 5, 6, 10, 27, 29][13, 0, 25][3, 9][20, 23][0, 12] 
[2, 15, 21, 10, 16, 6, 13, 0, 25, 11, 14, 23, 24, 4][1, 24, 20, 14, 11, 17, 19, 8, 26, 0, 12][0, 13, 6, 21, 2, 16, 28, 17, 18][5, 15, 29, 27, 16, 7, 28][11, 25][0, 13][3, 24][12, 22][1, 9][3, 24][20, 23][1, 9] 
[1, 3, 14, 23, 4, 20, 24, 7, 25, 0, 17, 19][0, 13, 6, 15, 10, 2, 16, 28][8, 26, 0, 18, 17, 11][10, 27, 29][2, 21, 5][10, 15][9, 23][12, 18][7, 14][12, 18][7, 14][18, 22] 
[12, 18, 19, 0, 17, 28, 16, 27, 7, 2, 21, 10, 6, 15, 29][0, 26, 8, 19, 17, 11, 3, 23, 14, 9, 1, 4, 24, 7, 10][1, 4, 23, 9, 14, 20, 24, 7, 16, 15, 5, 6, 2, 27, 10][0, 13, 18, 22, 25, 28, 16, 2, 21, 5, 6, 10, 15, 27, 29][20, 7, 14, 4, 1, 23, 3, 11, 25, 28, 17, 0, 19, 8, 26][11, 3, 24, 4, 14, 20, 7, 28, 25, 0, 13, 18, 12, 8, 26][4, 14, 3, 1, 23, 24, 20, 7, 27][1, 24, 20][10, 29][0, 12][7, 24][8, 26] 
[1, 14, 23, 4, 7, 28, 17, 19, 12, 22, 0, 13, 6, 2, 29][0, 13, 18, 22, 25, 28, 16, 2, 21, 5, 6, 10, 27, 29, 15][0, 26, 8, 12, 17, 11, 14, 9, 3, 1, 4, 24, 23, 20, 7][6, 15, 21, 10, 29, 27, 7, 24, 4, 1, 14, 3, 9, 23, 20][15, 29, 27, 10, 6, 5, 21, 2, 16, 28, 25, 22, 18, 19, 17][18, 22, 25, 28, 16, 2, 21, 5, 6, 10, 27, 29][8, 26, 0, 18, 17, 11, 3, 14][6, 15, 16, 7, 20, 23][17, 19, 8, 26][17, 19, 8, 26][7, 24][3, 9] 
[5, 15, 27, 29, 2, 10, 7, 20, 23, 3, 4, 14, 9, 1, 24][14, 1, 3, 11, 25, 0, 18, 22, 19, 17, 28, 7, 27][5, 6, 15, 2, 7, 4, 24, 1, 23, 9, 3, 11][0, 22, 25, 28, 16, 2, 21, 6, 10, 29, 15][9, 1, 3, 11, 25, 22, 17, 12, 18, 13][1, 4, 24, 23, 14, 7, 2, 10, 15, 5][14, 24, 3, 11, 25, 0, 28][16, 28, 25, 22][13, 0, 26][15, 21][8, 26][15, 21] 
[0, 18, 22, 25, 28, 16, 2, 21, 5, 6, 10, 27, 29, 15][0, 18, 22, 25, 28, 16, 2, 21, 5, 6, 10, 27, 29, 15][3, 1, 14, 11, 17, 12, 19, 18, 13, 6, 2, 10, 29][7, 24, 1, 14, 4, 3, 11, 17, 19, 8, 26, 0, 18][1, 9, 14, 23, 3, 11, 17, 19, 8, 26, 0, 13, 6][8, 12, 0, 22, 25, 7, 24, 1, 9, 3, 4, 20][0, 13, 6, 16, 7, 4, 23, 1, 3, 24, 14, 9][16, 10, 29, 2, 27, 7, 20, 14, 11, 17, 12, 19][12, 18, 13, 6, 21, 15, 27, 16, 7, 24, 4, 20][1, 3, 11, 17, 19, 8, 26, 0, 28, 25][15, 2, 10, 7, 4, 1, 3, 23, 20][4, 14, 3, 23, 24, 20] 
[14, 23, 1, 3, 11, 25, 28, 0, 12, 18, 17][28, 16, 2, 21, 5, 6, 10, 27, 29][8, 19, 17][22, 25][2, 7][4, 7][8, 26][13, 18][3, 9][15, 29][14, 20][3, 24] 
[1, 9, 3, 24, 4, 20, 7, 27, 29, 15, 5, 6, 21, 10, 2][8, 19, 17, 12, 0, 28, 25, 22, 18, 13][17, 28][16, 28][2, 16][7, 27][7, 14][14, 23][0, 26][11, 25][10, 15][0, 22] 
[0, 18, 22, 25, 28, 16, 2, 21, 5, 6, 10, 27, 29, 15][2, 6, 13, 18, 22, 17, 28, 25, 11, 14, 23, 1, 3][0, 28, 25, 11, 3, 1, 14, 20, 24, 7, 10, 6][0, 26, 8, 19, 17, 11, 3, 23, 14, 9, 1][16, 7, 24, 1, 4, 3, 14, 11, 17][6, 10, 29, 2, 15, 16, 27][4, 14, 7, 20, 23, 9][0, 22, 19, 12][0, 22, 12][20, 23][6, 10][20, 23] 
[0, 13, 18, 22, 25, 28, 16, 2, 21, 5, 6, 10, 27, 29, 15][1, 24, 20, 23, 3, 11, 17, 19, 8, 26, 0, 12][12, 0, 26, 8, 19, 17, 11, 14][17, 19, 8, 26][9, 23, 14][3, 24][2, 7][4, 14][7, 24][12, 18][3, 24][3, 9] 
[0, 26, 8, 19, 17, 11, 3, 23, 4, 14, 9, 1][22, 25, 28, 16, 2, 21, 5, 6, 10, 27, 29][14, 23, 1, 3, 11, 25, 28, 0, 12, 18, 17][22, 25, 28, 16, 2, 21, 6, 10, 29][0, 26, 8, 19][20, 14, 3, 24][20, 23, 14, 24][15, 27][13, 18][4, 7][8, 19][20, 24] 
[13, 18, 22, 25, 28, 16, 2, 21, 5, 6, 10, 27, 29, 15][0, 26, 8, 19, 17, 11, 3, 23, 4, 14, 9, 1][7, 24, 1, 4, 3, 11, 17, 19, 8, 26, 0, 18][20, 24][0, 18][22, 25][4, 7][0, 12][0, 18][22, 25][12, 18][22, 25] 
[0, 26, 8, 19, 17, 11, 3, 23, 4, 14, 9, 1, 24, 7, 28][12, 17, 11, 14, 20, 23, 1, 4, 7, 10, 2, 16, 15, 27, 29][2, 21, 5, 6, 13, 18, 17, 11, 3, 24, 4, 7, 27, 15, 10][13, 18, 17, 0, 28, 16, 2, 21, 5, 6, 10, 27, 29, 15][0, 26, 8, 19, 17, 11, 3, 24, 14, 1][3, 9, 23, 14, 20, 24, 4][0, 13, 18, 19, 22][15, 27][11, 25][3, 11][11, 25][7, 27] 
[2, 6, 13, 18, 22, 17, 28, 25, 11, 14, 23, 4, 1, 24, 3][0, 18, 22, 25, 28, 16, 2, 21, 5, 6, 10, 27, 29, 15][0, 28, 25, 11, 3, 1, 9, 14, 24, 7, 10, 6][0, 26, 8, 19, 17, 11, 3, 23, 14, 1][16, 7, 24, 4, 3, 14, 11, 17][6, 10, 29, 2, 15, 16, 27][4, 14, 7, 20, 23, 9][0, 22, 19, 12][0, 22, 12][20, 23][6, 10][20, 23] 
[0, 13, 6, 16, 15, 10, 27, 29, 2, 7, 20, 14, 11, 25, 22][9, 1, 14, 23, 3, 11, 17, 19, 8, 26, 0, 12, 22, 25, 28][5, 21, 6, 15, 27, 7, 28, 17, 22, 19, 0, 13, 18, 12, 8][21, 2, 15, 6, 13, 18, 22, 17, 11, 25, 0, 12, 19, 8, 26][12, 18, 0, 26, 8, 19, 17, 11, 3, 24, 4, 14, 9, 1, 23][13, 0, 18, 22, 25, 28, 16, 2, 21, 5, 6, 10, 27, 29, 15][0, 18, 22, 25, 28, 16, 2, 6, 15, 27, 7, 24, 1, 23, 4][3, 9, 23, 1, 24, 4, 20, 7, 16, 10, 21, 5, 15, 27][3, 4, 23, 20, 24, 7, 16, 27, 2, 10, 15, 21][3, 1, 24, 14, 7, 16, 6, 21, 5][0, 22, 25, 28, 16][0, 22, 25, 28, 16] 
[10, 16, 28, 17, 0, 26, 8, 12, 19, 22, 25, 7, 4, 14][3, 4, 23, 20, 24, 7, 16, 27, 2, 10, 29, 15, 21][0, 13, 18, 22, 25, 28, 16, 2, 21, 6, 10, 15][9, 1, 24, 23, 3, 11, 17, 19, 8, 26, 0, 12][16, 2, 21, 5, 6, 10, 27, 29][3, 1, 4][0, 18][2, 7][0, 18][0, 12][25, 28][25, 28] 
[13, 18, 22, 25, 28, 16, 2, 21, 5, 6, 10, 27, 29, 15][1, 9, 23, 20, 7, 14, 4][11, 17, 19, 8, 26, 0, 18][3, 24][0, 12][2, 7][0, 12][7, 24][14, 23][8, 26][3, 24][3, 9] 
[22, 25, 28, 16, 2, 21, 5, 6, 10, 27, 29][1, 9, 14, 4, 23, 3, 11, 17, 19, 8, 26][12, 0, 18, 13][7, 24, 14, 20][0, 26][0, 26][15, 21][10, 15][0, 22][0, 22][0, 26][14, 23] 
[0, 13, 18, 22, 25, 28, 16, 2, 21, 5, 6, 10, 27, 29, 15][0, 28, 25, 22, 17, 11, 14, 1, 24, 4, 3, 9, 23, 20, 7][1, 9, 14, 24, 3, 11, 17, 19, 8, 26, 0, 18][0, 22, 17, 11, 14, 24, 4, 3, 23, 20, 7][1, 9, 14, 23, 24][14, 7, 2, 29][3, 1, 4][4, 7][12, 18][12, 18][20, 23][4, 14] 
[9, 3, 14, 11, 17, 22, 0, 26, 8, 19, 12, 18, 13, 6, 10][0, 26, 8, 19, 17, 11, 3, 23, 4, 14, 9, 1, 24, 20, 7][0, 13, 18, 22, 25, 28, 16, 2, 21, 5, 6, 10, 27, 29, 15][0, 25, 11, 3, 4, 7, 10, 27, 16, 6, 21, 5, 15, 2, 29][12, 0, 25, 22, 19, 18, 13, 6, 2, 29, 27, 16, 28, 7, 24][17, 11, 3, 24, 4, 1, 14, 9, 23, 20, 7, 28, 25, 22, 18][11, 14, 7, 2, 21, 10, 16, 28, 25, 22, 17, 18, 19, 0, 12][13, 18, 0, 28, 25, 22, 17, 11, 14, 23, 1, 9, 3, 4, 20][22, 25, 28, 16, 2, 21, 5, 6, 10, 27, 29][12, 0, 26, 8, 19, 18, 13, 6, 16][4, 20][14, 24] 
[1, 23, 9, 3, 24, 20, 14, 11, 25, 0, 17][6, 10, 2, 7, 27, 29][0, 22, 19, 12, 18][5, 15, 27][19, 8, 26][7, 20][13, 18][25, 28][1, 4][16, 28][15, 21][25, 28] 
[10, 7, 20, 23, 1, 24, 4, 3, 11, 17, 18, 0, 22][22, 25, 28, 16, 2, 21, 5, 6, 10, 27, 29][18, 22, 25, 28, 16, 2, 21, 6, 10, 27, 29][10, 7, 14, 23, 24, 3, 11, 17, 18, 0, 22][15, 2, 29, 10, 6, 13, 18, 12, 8, 26][16, 7, 24, 4, 14, 11, 17][9, 14, 20, 24][0, 26, 8, 19][15, 16][9, 23][0, 12][17, 18] 
[9, 14, 24, 20, 4, 23, 3, 11, 17, 19, 8, 26, 0, 12][13, 18, 22, 25, 28, 16, 2, 21, 5, 6, 10, 27, 29, 15][4, 24, 3, 1, 14, 11, 25, 28][4, 20, 7][17, 22][2, 7][18, 22][12, 18][17, 22][3, 9][3, 9][4, 14] 
[0, 18, 22, 25, 28, 16, 2, 21, 5, 6, 10, 27, 29, 15][13, 0, 28, 25, 22, 19, 12, 17, 11, 14][13, 0, 25, 22, 12, 17, 11, 14][4, 20, 14, 24, 7][17, 19, 8, 26][9, 23, 14][3, 9][1, 14][3, 9][3, 24][3, 24][0, 22] 
[0, 22, 25, 28, 16, 2, 21, 6, 10, 29][11, 3, 1, 4, 23, 9, 14, 7, 20][17, 12, 0, 18][8, 19, 12][10, 27][0, 26][15, 21][5, 21][14, 24][7, 28][1, 3][13, 18] 
[0, 13, 18, 22, 25, 28, 16, 2, 21, 5, 6, 10, 27, 29, 15][4, 14, 9, 23, 24, 20, 7, 27, 16, 15, 6, 21, 10, 2, 29][1, 9, 14, 4, 23, 3, 11, 17, 19, 8, 26, 0, 18, 12][1, 14, 24, 3, 11, 17, 19, 8, 26, 0, 12][11, 25, 7, 28, 0, 18, 12, 19, 17, 22][3, 14, 11, 17, 19, 8, 26][4, 20, 7][4, 20, 7][8, 26][18, 22][7, 24][18, 22] 
[6, 5, 21, 2, 16, 28, 25, 22, 18][18, 0, 26, 8, 19, 17, 11, 3, 24][1, 9, 14, 23, 3][10, 29][6, 10][1, 4][10, 15][0, 12][20, 23][13, 18][7, 25][10, 27] 
[5, 15, 27, 29, 2, 10, 7, 20, 23, 3, 4, 14, 9, 1, 24][5, 6, 15, 29, 10, 2, 7, 4, 24, 1, 23, 14, 9, 3, 11][14, 24, 1, 9, 3, 11, 25, 0, 18, 22, 19, 17, 28, 7, 27][3, 1, 23, 24, 14, 11, 17, 0, 22, 25, 7, 20][16, 28, 25, 22][13, 0, 26][8, 26][0, 22][3, 24][15, 21][12, 17][7, 20] 
[1, 3, 11, 25, 7, 27, 10, 2, 6, 21, 5, 15][22, 25, 28, 16, 2, 21, 5, 6, 10, 27, 29][8, 19, 12, 17, 28][9, 23, 14, 20, 24][10, 16][7, 14][13, 18][8, 26][12, 18][7, 27][4, 24][0, 13] 
[10, 6, 21, 2, 16, 28, 25, 22, 18, 13][11, 17, 12, 18, 22, 0, 19, 8, 26][9, 3, 14, 7, 2, 29][9, 23, 20][3, 24][6, 15][4, 20][5, 21][1, 3][7, 27][3, 24][3, 24] 
[0, 13, 18, 22, 25, 28, 16, 2, 21, 5, 6, 10, 27, 29, 15][0, 26, 8, 19, 17, 11, 14, 20][7, 24, 1, 4, 14, 9][20, 23][2, 7][0, 12][7, 24][3, 24][3, 9][4, 24][1, 4][3, 9] 
[1, 9, 14, 4, 23, 24, 3, 11, 17, 19, 8, 26, 0, 18, 12][15, 29, 27, 10, 6, 5, 21, 2, 16, 28, 25, 22, 18][0, 18][2, 7][14, 20][5, 6][0, 18][27, 29][3, 24][0, 13][2, 7][20, 24] 
[0, 13, 18, 22, 25, 28, 16, 2, 21, 5, 6, 10, 27, 29, 15][0, 26, 8, 19, 17, 11, 3, 24, 23, 4, 14, 9][3, 24][4, 7][1, 3][12, 18][1, 3][20, 23][4, 14][18, 22][4, 14][18, 22] 
[0, 13, 18, 22, 25, 28, 16, 2, 21, 5, 6, 10, 27, 29, 15][7, 4, 23, 1, 24, 20, 14, 11, 17, 19, 8, 26, 0, 12][1, 24, 20, 23, 3, 11, 17, 19, 8, 26, 0, 12][17, 19, 8, 26][9, 23, 14][3, 24][2, 7][4, 14][7, 24][12, 18][3, 24][3, 9] 
[0, 26, 8, 12, 18, 19, 17, 11, 25, 28, 16, 15, 10, 21, 5][9, 14, 1, 24, 20, 4, 23, 3, 11, 17, 19, 8, 26, 0, 12][16, 2, 21, 5, 6, 10, 27, 29][0, 19, 22, 18, 13, 6, 15, 21][7, 14][0, 22][17, 28][20, 23][16, 28][0, 12][16, 28][25, 28] 
[13, 18, 22, 25, 28, 16, 2, 21, 5, 6, 10, 27, 29, 15][1, 24, 20, 14, 11, 17, 19, 8][3, 24][0, 12][2, 7][4, 14][7, 24][14, 23][8, 26][12, 18][3, 24][3, 9] 
[5, 21, 2, 16, 28, 25, 22, 18][1, 9, 14, 23, 3, 11][6, 13, 0, 25, 11][10, 27, 29, 15][8, 19, 12, 17][14, 7, 20][0, 12][0, 19][4, 24][10, 16][8, 26][4, 14] 
[0, 13, 18, 22, 25, 28, 16, 2, 21, 5, 6, 10, 27, 29, 15][9, 14, 1, 24, 4, 23, 3, 11, 17, 19, 8, 26, 0, 12][4, 20, 7][17, 22][7, 24][4, 20][8, 26][4, 14][0, 12][2, 7][0, 12][7, 24] 
[12, 0, 26, 8, 19, 17, 11, 14, 20, 24, 1, 23, 4, 7, 28][0, 19, 12, 22, 17, 18, 13, 6, 2, 7, 27, 15, 16, 10, 29][0, 18, 22, 25, 28, 16, 2, 21, 5, 6, 10, 27, 29, 15][9, 14, 1, 24, 4, 3, 11, 17, 19, 8, 26, 0, 12][7, 4, 23, 24, 14, 11, 17, 19, 8, 26, 0, 12][3, 24, 4, 20, 14, 11, 25, 22, 18][4, 14, 23, 20][22, 19, 8, 26][3, 9][3, 24][7, 25][12, 18] 
[1, 23, 9, 3, 24, 20, 14, 11, 25, 0, 17, 12, 18, 19, 22][8, 19, 17, 11, 3, 14, 24, 4, 20, 7, 28, 0, 22][0, 18, 22, 25, 28, 16, 2, 21, 6, 10, 27, 29, 15][0, 26, 8, 19, 17, 11, 3, 23, 14, 9, 1][6, 5, 21, 2, 16, 28, 25, 22, 18][0, 12][8, 26][10, 16][1, 4][10, 29][13, 18][8, 26] 
[6, 5, 21, 15, 29, 10, 27, 16, 28, 17, 0, 12, 19, 8, 26][0, 18, 22, 25, 28, 16, 2, 21, 6, 10, 29][5, 21, 2, 16, 28, 25, 22, 18, 13][14, 24, 1, 9, 3, 11, 25][17, 12, 8, 26][1, 23, 4][12, 18, 19][8, 19][20, 23][3, 24][10, 27][7, 20] 
[0, 25, 28, 16, 27, 29, 2, 10, 15][3, 11, 17, 19, 8, 26][9, 23, 20, 7, 14][3, 24, 23][0, 18, 13][5, 6, 10][12, 17][0, 12][22, 25][4, 20][1, 9][15, 21] 
[13, 18, 22, 25, 28, 16, 2, 21, 5, 6, 10, 27, 29][1, 9, 14, 4, 23, 24, 3, 11, 17, 19, 8][7, 27, 10, 2, 6, 21, 5, 15][0, 26][0, 12][4, 7][20, 24][4, 20][8, 12][0, 12][8, 12][18, 22] 
[13, 18, 22, 25, 28, 16, 2, 21, 5, 6, 10, 27, 29][1, 14, 23, 3, 11, 17, 19, 8, 26][12, 17][0, 22][9, 23][10, 27][4, 7][15, 21][12, 18][4, 20][7, 14][3, 24] 
[0, 13, 18, 22, 25, 28, 16, 2, 21, 5, 6, 10, 27, 29, 15][7, 24, 1, 14, 23, 3, 11, 17, 19, 8, 26, 0, 18][4, 7, 20, 23, 1, 24, 14][12, 0, 26, 8, 19][12, 0, 26, 8, 19][22, 25][3, 9][3, 9][0, 12][4, 20][14, 24][0, 12] 
[1, 9, 14, 4, 23, 24, 3, 11, 17, 19, 8, 26, 0, 18, 12][15, 29, 27, 10, 6, 5, 21, 2, 16, 28, 25, 22][5, 6][11, 25][4, 20][4, 20][7, 20][4, 20][7, 20][0, 13][7, 20][7, 25] 
[18, 22, 25, 28, 16, 2, 21, 5, 6, 10, 27, 29][3, 14, 11, 17, 12][4, 20, 14, 24, 7][0, 26, 8, 19][3, 9][4, 23][17, 18][0, 18][13, 18][10, 15][22, 25][1, 4] 
[7, 24, 1, 9, 14, 4, 23, 3, 11, 17, 19, 8, 26, 0, 18][0, 13, 18, 22, 25, 28, 16, 2, 21, 5, 6, 10, 27, 29, 15][1, 23, 20, 7, 14, 4][9, 23, 14][9, 23, 14][3, 24][0, 12][20, 23][18, 22][3, 24][4, 7][4, 7] 
[0, 26, 8, 19, 17, 11, 3, 23, 4, 20, 24, 1, 14, 9][22, 25, 28, 16, 2, 21, 5, 6, 10, 27, 29][7, 20][0, 13][0, 12][18, 22][10, 15][4, 20][7, 20][12, 18][10, 15][4, 20] 
[15, 29, 27, 10, 6, 5, 21, 2, 16, 28, 25, 22, 18][16, 7, 24, 1, 4, 3, 14, 11, 17][19, 17, 11, 3, 24, 23][17, 12, 8, 26][13, 18][20, 24][9, 23][0, 13][9, 23][0, 13][18, 22][4, 20] 
[8, 12, 0, 17, 19, 22, 25, 28, 16, 2, 21, 6, 13][7, 24, 1, 9, 14, 4, 23, 3, 11, 17][5, 21, 6, 16, 15, 29, 10, 27][23, 24][0, 26][0, 22][1, 24][22, 25][13, 18][4, 20][1, 24][22, 25] 
[0, 26, 8, 12, 18, 19, 17, 11, 25, 28, 16, 15, 10, 21, 5][2, 29, 15, 16, 7, 28, 17, 12, 22, 19, 18, 13, 0, 25, 11][1, 9, 3, 24, 4, 20, 7, 27, 29, 15, 5, 6, 21, 10, 2][13, 18, 22, 25, 28, 0, 12, 17, 19, 8, 26][16, 2, 21, 5, 6, 10, 27, 29][3, 9, 23, 14, 20, 24, 4][18, 0, 22][17, 28][16, 28][7, 27][7, 14][10, 15] 
[25, 7, 24, 4, 20, 23, 9, 1, 3, 14, 11, 17, 19, 8, 26][1, 23, 9, 3, 24, 20, 14, 11, 25, 0, 17][5, 15, 29, 27, 7, 2, 10, 6, 21][28, 16, 2, 21, 5, 6, 10, 29][5, 15, 27, 7, 10, 21][0, 22, 19, 12, 18][0, 18, 13][7, 20][25, 28][1, 4][15, 21][25, 28] 
[19, 22, 0, 28, 17, 12, 8, 26][2, 21, 5, 15, 10, 16][17, 11, 3, 4, 24, 20][7, 20, 23, 9][0, 13, 6][10, 27][12, 18][7, 25][27, 29][14, 20][1, 24][6, 10] 
[0, 13, 18, 22, 25, 28, 16, 2, 21, 5, 6, 10, 27, 29, 15][1, 9, 14, 4, 23, 24, 3, 11, 17, 19, 8, 26, 0, 28, 25][8, 12, 0, 18, 22, 25, 7, 24, 1, 23, 14, 9, 3, 4, 20][15, 29, 27, 16, 2, 10, 7, 24, 14, 4, 1, 9, 3, 23, 20][0, 13, 6, 10, 16, 28, 7, 20, 4, 23, 1, 3, 24, 14, 9][3, 1, 14, 11, 17, 12, 19, 18, 0, 13, 6, 2, 27, 10, 29][7, 24, 1, 9, 14, 4, 23, 3, 11, 17, 19, 8, 26, 0, 18][1, 9, 14, 4, 23, 24, 3, 11, 17, 19, 8, 26, 0, 13, 6][12, 0, 18, 13, 6, 21, 5, 15, 27, 16, 7, 24, 1, 4, 20][0, 13, 18, 22, 25, 28, 16, 2, 21, 5, 6, 10, 27, 29, 15][16, 10, 29, 2, 27, 7, 20, 14, 11, 17, 12, 19][4, 14, 3, 1, 23, 24, 7, 20] 
[18, 22, 25, 28, 16, 2, 21, 5, 6, 10, 27, 29][18, 22, 25, 28, 16, 2, 21, 6, 10, 29][13, 18, 22, 25, 28, 16, 10, 27][12, 17, 11, 14, 3, 24][4, 20, 14, 24, 7][0, 26, 8, 19][17, 18][3, 9][1, 14][14, 23][0, 22][10, 15] 
[0, 28, 25, 22, 17, 11, 14, 1, 24, 4, 3, 9, 23, 20, 7][6, 5, 21, 2, 16, 28][7, 27, 15, 10, 29][0, 26, 8, 19][14, 23][3, 24][18, 22][12, 18][8, 26][11, 17][0, 13][8, 26] 
[22, 25, 28, 16, 2, 21, 5, 6, 10, 27, 29][16, 7, 24, 1, 4, 3, 14, 11, 17][9, 23, 14, 20, 24][8, 19, 17, 12][23, 20, 24][13, 0, 25][7, 14][0, 12][8, 26][18, 22][15, 16][9, 23] 
[0, 26, 8, 19, 17, 11, 3, 23, 14, 9, 1][6, 5, 21, 2, 16, 28, 25, 22, 18][10, 27, 29][14, 7, 20][13, 18][4, 14][3, 24][0, 12][10, 16][0, 18][4, 24][10, 15] 
[4, 24, 3, 14, 11, 17, 12, 18][5, 21, 2, 16, 28, 25, 22][6, 10, 27, 29, 15][0, 26, 8, 19][7, 2, 29][1, 23][14, 23][0, 18][6, 13][9, 23][7, 20][18, 22] 
[12, 0, 26, 8, 19, 17, 11, 3, 14, 7, 20, 24, 1, 9, 23][0, 13, 18, 22, 25, 28, 16, 2, 21, 5, 6, 10, 27, 29, 15][1, 24, 20, 7, 4, 23, 3, 11, 17, 19, 8, 26, 0, 12][1, 9, 14, 11, 17, 19, 8, 26, 0, 18, 12][4, 14, 20, 23, 9][17, 19, 8, 26][1, 23, 14][3, 24][2, 7][7, 24][3, 24][3, 9] 
[2, 15, 21, 10, 16, 6, 13, 0, 25][5, 15, 29, 27, 16, 10, 7, 28][3, 9, 23, 14, 20, 24, 4][8, 19, 17][7, 14][0, 22][1, 9][0, 26][12, 22][11, 14][8, 26][12, 18] 
[0, 13, 18, 22, 25, 28, 16, 2, 21, 5, 6, 10, 27, 29, 15][1, 9, 23, 20, 7, 14, 4][0, 26, 8, 19, 17, 11][3, 24][0, 12][2, 7][0, 12][7, 24][14, 23][8, 26][3, 24][3, 9] 
[15, 29, 27, 10, 6, 5, 21, 2, 16, 28, 25, 22, 18][0, 12, 19, 17, 11, 3, 14, 1, 24, 20][0, 19, 17, 11, 14, 24, 20][26, 8, 19, 12, 17, 28][4, 14, 7, 20, 23, 9][6, 13, 0, 25, 11][6, 13][4, 24][7, 27][6, 13][7, 27][3, 24] 
[16, 2, 21, 5, 6, 10, 27, 29][3, 11, 17, 19, 8, 26][9, 23, 20, 7, 14][6, 13, 0, 22][3, 24, 23][12, 0, 18][22, 25, 28][10, 15][2, 7][4, 20][1, 9][15, 21] 
[1, 9, 14, 4, 23, 24, 3, 11, 17, 19, 8, 26, 0, 18, 12][0, 22, 25, 28, 16, 2, 21, 5, 6, 10, 27, 29, 15][12, 0, 26][4, 7, 24][18, 22][13, 18][15, 27][4, 20][15, 27][20, 23][12, 18][8, 19] 
[1, 3, 11, 25, 7, 27, 10, 2, 6, 21, 5, 15, 16, 28, 17][9, 14, 3, 24, 23, 1, 4, 7, 28, 0, 25, 22, 18, 19, 17][0, 13, 18, 22, 25, 28, 16, 2, 21, 5, 6, 10, 27, 29, 15][7, 4, 23, 1, 24, 20, 14, 11, 17, 19, 8, 26, 0, 12][7, 28, 25, 11, 17, 12, 18, 22, 0, 19, 8, 26][9, 3, 14, 7, 2, 29][16, 28, 17, 0, 19, 18][3, 24][12, 18][4, 20][12, 18][1, 3] 
[13, 18, 22, 25, 28, 16, 2, 21, 6, 10, 29][8, 12, 17, 22, 19, 0, 28, 16, 2, 15][11, 14, 3, 4, 1, 24, 7, 16, 27][9, 23, 20][0, 28][12, 18][0, 12][7, 20][3, 24][17, 19][8, 26][5, 21] 
[1, 4, 20, 24, 23, 9, 3, 14, 7, 2, 29, 10, 27, 15, 5][21, 15, 5, 6, 13, 18, 12, 17, 11, 14, 20, 24, 1, 9, 23][9, 1, 24, 14, 3, 11, 25, 22, 17, 12, 0, 18, 13][15, 29, 27, 10, 6, 5, 21, 2, 16, 28, 25, 22][4, 24][9, 23][8, 19][7, 28][8, 26][0, 26][7, 28][17, 18] 
[9, 14, 1, 24, 20, 4, 23, 3, 11, 17, 19, 8, 26, 0, 12][13, 18, 22, 25, 28, 16, 2, 21, 5, 6, 10, 27, 29, 15][4, 20, 7][17, 22][2, 7][18, 22][12, 18][17, 22][3, 9][3, 9][4, 20][4, 14] 
[4, 14, 7, 20, 23, 9][2, 21, 5, 15, 10, 16][26, 8, 19, 12, 17, 28][6, 13, 0, 25, 11][6, 10, 27][18, 0, 22][1, 4][4, 24][7, 27][27, 29][25, 28][3, 24] 
[9, 14, 1, 24, 20, 4, 23, 3, 11, 17, 19, 8, 26, 0, 12][0, 13, 18, 22, 25, 28, 16, 2, 21, 5, 6, 10, 27, 29, 15][7, 4, 23, 1, 24, 20, 14, 3, 11, 17, 19, 8, 26, 0, 12][4, 14, 24, 23, 20][17, 19, 8, 26][9, 23, 14][3, 24][2, 7][7, 24][12, 18][3, 24][3, 9] 
[28, 16, 2, 21, 5, 6, 10, 27, 29][3, 11, 17, 19, 8, 26][9, 23, 20, 7, 14][12, 0, 18, 13][3, 24, 23][22, 25, 28][10, 15][2, 7][0, 22][4, 20][1, 9][15, 21] 
[7, 24, 1, 9, 14, 4, 23, 3, 11, 17, 19, 8, 26, 0, 18][0, 13, 18, 22, 25, 28, 16, 2, 21, 5, 6, 10, 27, 29, 15][7, 20][12, 18][0, 22][7, 24][6, 10][3, 24][7, 20][0, 12][6, 10][0, 12] 
[0, 13, 18, 22, 25, 28, 16, 2, 21, 5, 6, 10, 27, 29, 15][7, 4, 23, 1, 24, 20, 14, 3, 11, 17, 19, 8, 26, 0, 12][1, 24, 20, 4, 23, 3, 11, 17, 19, 8, 26, 0, 12][17, 19, 8, 26][9, 23, 14][3, 24][2, 7][4, 14][7, 24][12, 18][3, 24][3, 9] 
[0, 13, 18, 22, 25, 28, 16, 2, 21, 5, 6, 10, 27, 29, 15][7, 4, 23, 1, 24, 20, 14, 3, 11, 17, 19, 8, 26, 0, 12][1, 24, 20, 7, 4, 23, 3, 11, 17, 19, 8, 26, 0, 12][17, 19, 8, 26][9, 23, 14][3, 24][2, 7][4, 14][7, 24][12, 18][3, 24][3, 9] 
[1, 9, 14, 4, 23, 24, 3, 11, 17, 19, 8, 26, 0, 18, 12][0, 13, 18, 22, 25, 28, 16, 2, 21, 5, 6, 10, 27, 29, 15][7, 4, 23, 14][22, 25][6, 10][15, 21][0, 18][4, 20][0, 18][4, 20][0, 18][4, 20] 
[2, 21, 5, 15, 10, 16][4, 14, 7, 20, 23, 9][11, 17, 19, 8, 26][18, 22, 25, 28][0, 22, 19, 12][0, 13, 6][6, 10, 27][7, 25][7, 24][27, 29][1, 24][3, 24] 
[5, 21, 2, 16, 28, 25, 22, 18][20, 24, 7, 27, 15, 10, 29][12, 17, 19, 8, 26][11, 25, 0, 13][9, 23, 14][1, 23][1, 4][11, 17][7, 14][3, 11][1, 3][6, 13] 
[16, 2, 21, 5, 6, 10, 27, 29][3, 9, 23, 14, 20, 24, 4][12, 17, 19, 8, 26][11, 25, 0, 13][18, 0, 22][17, 28][16, 28][7, 27][7, 14][0, 26][10, 15][1, 9] 
