1.4031023619999403E-12 1.000737270297123 
0.9999223365805114 0.0012984246088551918 
0.03844323468599978 0.9991459246384089 
0.6612570650322557 0.5638587683580396 
0.9189241289038246 0.15700395431033365 
0.9413460376230323 0.11514599145344749 
0.2904828274701839 0.9163155723852503 
0.8257392912872291 0.3192611503616512 
0.5254488576401912 0.7244908686847179 
0.13224298713927482 0.9831037848415732 
0.27314356594400097 0.9261237542758026 
0.7695307570719693 0.40879571034918327 
0.6476355837671158 0.5813583015177378 
0.8418544475066422 0.2919470463444129 
0.7346027251751707 0.46783561322550404 
0.5030817789676154 0.7475235096701471 
0.4874122908767872 0.7631019902309077 
0.8879049583011985 0.21238934111485008 
0.6858305964510967 0.5304874487695801 
0.718118459848953 0.4853760100822923 
0.798257830957291 0.3639584018688935 
0.07546022335115232 0.9947039125748601 
0.5120275163958176 0.7385976007832862 
0.9606755646939588 0.07840370164383725 
0.9103137530153703 0.18353311329463604 
0.20783117714325017 0.9577980281486617 
0.5841886496236712 0.6598420904255237 
0.8360243366689211 0.3026116075222696 
0.7850235047035061 0.3965637229792102 
0.8677147500556304 0.248423779239075 
0.8103359854454832 0.35241196425725174 
0.7610719458320482 0.4221065378132944 
0.8975599640177111 0.19538851481529115 
0.06482736043115322 0.9966195621191245 
0.5513076925949268 0.699085262426796 
0.006591271698859147 1.0006840760450928 
0.9832504429649844 0.033915026752105906 
0.9277693585674629 0.14068128718924244 
0.19363461220979805 0.9631231590428428 
0.9327768082909438 0.13102017038516878 
0.46836234781573194 0.7815153479155246 
0.4256277791350822 0.820403642576175 
0.595087311965416 0.648445881317237 
0.6969844367382448 0.5149494181521745 
0.104722626499686 0.9897345867908934 
0.45879009165601714 0.7905440131581777 
0.4788807137069 0.7716792724704401 
0.2586865231735897 0.9340535753870218 
0.24883675979784123 0.9392301209111473 
0.6742153429045572 0.5464086712933296 
0.8552551287027643 0.2693940927820803 
0.9528550467146307 0.09349535401899035 
0.8540759451596863 0.27144170856442607 
0.34368119577309 0.8826711114325247 
0.6310594437371834 0.6030250302394528 
0.741011149345021 0.4515236654000754 
0.4486608958766355 0.7992813467852143 
0.5600187798606964 0.6873354897288445 
0.39963969455421755 0.8408154689836249 
0.318904993800347 0.8992920307278658 
0.8802025728266765 0.2263217832477834 
0.9902250843234074 0.02045449057238385 
0.10780877629106955 0.9892112725130554 
0.1475943034829325 0.9791162793241182 
0.38864180715155877 0.8496609917130621 
0.6207405391290555 0.6152628040050487 
0.5371829626274512 0.7126370826750648 
0.22479968593081928 0.9502475106387487 
0.15862971825894634 0.9755163585145674 
0.44009766321050847 0.8070014757194017 
0.7892980015071827 0.3782338502491801 
0.7125713025867442 0.49309561747912556 
0.9693115782437045 0.06139728427237351 
0.8166480706443546 0.33441948416298695 
0.17965505216451078 0.9690049619851523 
0.4114870246382487 0.8314551156787218 
0.2338810386092 0.9460825666692747 
0.7522711327303321 0.4350748856844161 
0.5741581181897089 0.671495794374534 
0.5409609972471797 0.7084729307500612 
0.6771441744435055 0.5429992558118191 
0.6110375548526152 0.6275109197853689 
0.3576660816758789 0.8819301879976028 
0.705798437201988 0.503066910160691 
0.9973399490496148 0.013846225185696922 
0.9767742378114136 0.046937558516757905 
0.38083165539681685 0.8556363326714582 
0.639659736210997 0.5916988466700454 
0.9051747507300176 0.18743901940359403 
0.8148402289162717 0.33751362623750614 
0.30822809443919036 0.9055878325211205 
0.8758055671712093 0.23444785443713922 
0.5670914169110554 0.6797612296599161 
0.9541978604261838 0.09142427251687527 
0.7380104677596986 0.45614621879601924 
0.7863691699682342 0.38221598916598337 
0.752843875777933 0.43506898460850274 
0.30822809443919036 0.9055878325211205 
0.6025634440613393 0.6384079576652167 
0.7019488714607826 0.5083658451353061 
