767779.9999999999 15613.51517694903 0.07169160626607435 0.6810264203881226 678.0 134.0 4.317073170731708 
4008318.7461370984 12988.757707839326 0.5040039747486555 0.04898293196165537 5232.0 211.0 8.885925413910009 
3978399.57793761 33173.636016833276 0.040332008417114804 0.0 4087.0 771.0 9.991147572048519 
1172720.0 20842.502276464667 0.09030862754267009 0.5697919102174421 1115.0 132.0 6.4423076923076925 
569645.0 20987.69668074054 0.0805178863689502 0.73339957914426 501.0 125.0 0.0 
966455.0 24881.762844323952 0.312982230535422 0.5496843581949965 816.0 121.0 0.0 
4549426.044022878 18942.728590101266 0.15668108487257423 0.0 5171.0 402.0 8.249262561031733 
5025087.59835186 8040.682894087277 0.4335690904839841 0.0 4566.0 182.0 9.539929078014184 
4530619.909769502 15498.116527318452 0.4217617488894085 0.14838087444470424 4819.0 183.0 2.5624860853432283 
4016645.9304679357 27433.630185897942 0.04915828851999065 0.0 4352.0 674.0 10.37277126731586 
3089010.8231662833 14423.937136091485 0.23141220481646013 0.2957388356324527 3603.0 212.0 8.383047508047508 
1450465.0 13163.59567852427 0.08215454758007949 0.5408288519990647 1295.0 149.0 6.7446153846153845 
1113140.0 16583.148606234616 0.08420037409399111 0.5902794014496142 1012.0 131.0 3.1666666666666665 
2212695.0 13781.781506554604 0.3771042787000234 0.2953588964227262 2029.0 161.0 7.538095238095238 
2883015.0 16496.20532239396 0.39078209025017535 0.1909632920271218 3204.0 177.0 2.8196784922394675 
1607214.7030879902 16996.833822810004 0.25023380874444706 0.49438859013327097 1438.0 137.0 2.1219512195121952 
2022216.5044901108 23032.848351983575 0.17450900163666122 0.37245732990413843 2029.0 215.0 6.09963768115942 
1341381.4849687004 23870.841849068962 0.1252922609305588 0.5408580780921206 1304.0 181.0 2.170433732933733 
2063270.0796951696 24220.9823977778 0.3690671031096563 0.29646948795884964 1997.0 168.0 1.5327498588368154 
3034115.9525392666 16899.945221103222 0.16691021744213233 0.22647299509001637 3030.0 286.0 5.764553140096618 
3471688.159025072 16482.25340182429 0.2553483750292261 0.2731178396072013 3633.0 169.0 2.4813507625272333 
2903058.7493172437 16518.966710796874 0.16030512041150338 0.404781388823942 2625.0 192.0 3.6909722222222223 
3311745.0 15636.47479799577 0.3638064063595978 0.27265022211830725 2983.0 146.0 2.1770833333333335 
2938880.0078627747 23330.605186738012 0.20467032967032966 0.18368599485620762 3117.0 276.0 4.041004828504828 
4160332.6959654316 31478.283349931622 0.06993804068272154 0.0 4234.0 736.0 9.953538271369151 
1198260.097720645 21477.129744257734 0.09413724573299041 0.5676584054243629 1105.0 139.0 6.230769230769231 
733735.0 21124.674692600278 0.08320668693009119 0.7000233808744447 624.0 122.0 0.0 
950365.0 24773.809679743365 0.3047404722936638 0.5571077858311901 800.0 126.0 0.0 
4891216.042027366 13359.954487868503 0.3141805003507131 0.0 4922.0 262.0 9.49676113360324 
4679562.563133332 14138.652324892584 0.43552723871872806 0.049976619125555295 4649.0 189.0 8.755502093914284 
4702804.918252081 13750.22836254343 0.4610123918634557 0.11295884966097731 4907.0 164.0 3.4174397031539887 
4276616.71750509 25770.5346673777 0.09057166238017302 0.0 4498.0 640.0 10.19212265158615 
3255636.738458428 16869.80736940335 0.24298573766658874 0.2753097965863923 3606.0 208.0 6.355449945967187 
1419485.0000000005 14026.414469542353 0.0729483282674772 0.5505903670797287 1278.0 196.0 6.86 
1297620.0 16155.682972381352 0.10249590834697217 0.574468085106383 1183.0 126.0 3.14 
2262420.0 13420.450338227854 0.35123918634556933 0.2934884264671499 2288.0 137.0 7.430952380952381 
3959334.569285352 15320.29867333826 0.4084638765489829 0.14870236146831892 4834.0 205.0 4.023521505376344 
1694210.0 17372.96293457569 0.2915595043254618 0.47442716857610473 1602.0 124.0 2.1880341880341883 
2522356.3392738034 24097.82389098565 0.15068973579611877 0.31885667523965394 2336.0 304.0 7.4936965050532125 
1350759.166644082 21834.613286432155 0.13823942015431376 0.5266541968669628 1256.0 161.0 2.217948717948718 
2028638.859121453 23694.222729266858 0.36325111059153614 0.30061959317278464 1901.0 190.0 2.623889268626111 
3062701.4800782 13753.053424237918 0.203121346738368 0.19879588496609774 3291.0 227.0 8.65871794871795 
4420506.76036734 15130.14418630725 0.2829085807809212 0.08604161795651158 4927.0 232.0 3.9678159964550788 
2929063.444505619 15876.141363972243 0.15878536357259762 0.40600888473228897 2548.0 193.0 4.935763888888889 
3287410.0 14703.961367991387 0.3648877718026654 0.2686754734627075 3051.0 148.0 3.2270833333333333 
4594386.4129199935 25652.93007251801 0.33989946223988776 0.056669394435351884 4468.0 324.0 5.646498599439775 
1119655.0 19475.95084509633 0.07958265139116202 0.5738251110591536 1029.0 119.0 5.041666666666667 
1064490.0 20069.87086401445 0.06532031797989245 0.6109422492401215 987.0 117.0 0.0 
991530.0 22371.843816799683 0.29340074818798223 0.5436345569324292 859.0 118.0 0.11428571428571428 
4968086.411183197 15450.676874812596 0.2848375029226093 0.0 5280.0 320.0 9.221995901664833 
4610110.0 16628.889512370326 0.4342997428103811 0.13747954173486088 4852.0 161.0 2.3911564625850343 
3847617.9781096717 27070.123521545927 0.030979658639233108 0.0 4621.0 718.0 10.432782361492366 
3859713.686085938 14230.681027643623 0.33580780921206455 0.0 4445.0 248.0 7.963257575757575 
1323840.0 12132.376213496787 0.06663549216740706 0.5574000467617489 1244.0 145.0 6.386178861788618 
930605.0 16487.068168804228 0.07359130231470656 0.6487315875613748 834.0 135.0 3.2711670480549198 
2515350.1591936913 14133.332899574289 0.3656184241290624 0.23953705868599487 2576.0 173.0 7.3128787878787875 
3704949.35870942 18301.081309864167 0.4046352583586626 0.1667056347907412 4448.0 159.0 4.452956989247312 
1536350.0 18058.098877924094 0.30830605564648117 0.439209726443769 1527.0 123.0 2.0 
2300003.266908642 22696.52754108182 0.18383212532148702 0.32183773673135374 2263.0 268.0 4.795559666975024 
1181450.0 23088.277322932605 0.12184358194996493 0.5515840542436287 1106.0 144.0 2.4258333333333333 
1875472.8926632367 23371.332499342196 0.35389876081365446 0.3353694178162263 1821.0 183.0 1.8337626594205543 
3366654.4035853716 16149.353856087957 0.2132335749357026 0.19940963292027122 3420.0 202.0 7.416070853462158 
3817195.3901793333 17357.193550947904 0.2397708674304419 0.2915887304185176 3955.0 199.0 3.3304733304733305 
2823324.7748786407 17509.291645100504 0.33487257423427635 0.24275192892214167 3023.0 151.0 1.4305555555555556 
4408348.080875264 29189.368974970363 0.21846504559270516 0.0 4496.0 486.0 6.901988395777217 
1360591.6033591605 20454.79709276985 0.07476034603694179 0.5591828384381576 1247.0 142.0 6.0 
987815.0 20645.493040385132 0.07139934533551555 0.648936170212766 891.0 117.0 0.0 
1109160.0 24042.61161467518 0.3139759176993219 0.5281739537058686 981.0 127.0 0.0 
4777461.014694569 17838.70646906529 0.21966331540799625 0.0 5198.0 392.0 9.918573146203755 
4379275.614922077 15283.034065758895 0.4289805938742109 0.13975917699321955 4644.0 151.0 3.299665551839465 
4232368.149740431 25992.214662363236 0.06286532616319851 0.0 4665.0 652.0 9.309026621234722 
4078273.671774759 17610.99256250354 0.2833177460837035 0.05015197568389058 4553.0 347.0 7.793103448275862 
1456705.0000000002 12161.44633228157 0.08215454758007949 0.5408288519990647 1308.0 143.0 8.381463414634146 
1186265.0 16222.295135923729 0.11810264203881225 0.5893441664718261 1063.0 122.0 3.104166666666667 
2418487.6506363247 13344.8457873495 0.3472936637830255 0.2825578676642506 2411.0 142.0 7.609523809523809 
3912535.33007682 18367.154032707065 0.42611643675473465 0.10702595277063362 4604.0 197.0 6.65625 
1667555.0 17804.7528817058 0.3067862988075754 0.4199497311199439 1613.0 127.0 2.2708133971291864 
2820636.77817377 20541.47815428493 0.14838087444470424 0.29030278232405893 2716.0 266.0 6.395826566667651 
1442428.4052574835 20682.471313589896 0.13619359364040215 0.5237900397474865 1348.0 179.0 2.3589743589743586 
2328642.458693432 23306.60751484353 0.3355740004676175 0.3007072714519523 2276.0 210.0 1.913009571074087 
3662327.029032801 19274.798032230963 0.1662087912087912 0.21045709609539398 3583.0 304.0 7.832478632478632 
3723511.174327851 20365.13523247698 0.21837736731353752 0.13692424596679917 3567.0 289.0 4.1145685772402025 
3312406.107195994 17295.807684291187 0.36845335515548283 0.21998480243161095 3181.0 168.0 2.6857142857142855 
1246920.0 20456.77550361021 0.072509936871639 0.5738835632452653 1160.0 136.0 5.0 
1017290.0 20541.346349396277 0.0723638064063596 0.6212882861819032 945.0 121.0 0.0 
1109160.0 24042.61161467518 0.3139759176993219 0.5281739537058686 981.0 127.0 0.0 
5276424.879296543 13210.073163894811 0.3411561842412906 0.0 5121.0 260.0 8.367352146088493 
4894849.458779398 15028.478733147535 0.450929389759177 0.17027121814355856 4530.0 149.0 3.166666666666667 
4240075.587051921 27122.87709638414 0.08276829553425298 0.0 4483.0 645.0 9.609086477165874 
4250785.338724523 20600.165349592993 0.14268178629880757 0.0 4762.0 477.0 9.62636663780253 
1480510.0 13921.90912427828 0.08875964461070844 0.5327624503156418 1386.0 145.0 7.62656660412758 
1308260.0 16458.20200899192 0.10009936871639 0.5780628945522562 1209.0 139.0 3.248397435897436 
2341093.0559912715 15695.269873683563 0.33607084404956744 0.2917348608837971 2324.0 186.0 7.908333333333334 
4323152.150116265 15925.39464919565 0.4765314472761281 0.09133154079962591 5218.0 213.0 7.588383838383838 
1774235.0 17829.581896689833 0.2848375029226093 0.4470715454758008 1666.0 123.0 1.065217391304348 
2735241.7065378586 21757.537338040795 0.2018353986439093 0.33607084404956744 2659.0 214.0 6.917293233082707 
1636939.7414400263 21480.798338043725 0.12923778349310264 0.5276186579378068 1382.0 166.0 0.4305555555555556 
1962881.002150542 21386.659744356057 0.3604454056581716 0.3265139116202946 1968.0 134.0 0.46875 
3752992.072669713 15284.998362735345 0.303951367781155 0.15010521393500117 3802.0 276.0 8.84148148148148 
4422851.652847129 19011.22209444749 0.2753390226794482 0.07394201543137713 5028.0 272.0 4.125356620702221 
2982075.315249115 14801.771802277086 0.36328033668459203 0.27273790039747486 3006.0 149.0 3.2777777777777777 
4243420.0 16747.051320616538 0.4340367079728782 0.1520049099836334 5037.0 152.0 8.096109839816933 
1583845.0 16307.971981943723 0.2056640168342296 0.46834814122048163 1480.0 129.0 3.3834848484848488 
2700514.8974364856 24425.640063240546 0.209960252513444 0.34781973345803135 2795.0 257.0 5.762064832186783 
3343812.791024495 17917.27064179629 0.36669978957213 0.2288110825344868 3189.0 167.0 4.172727272727273 
3890508.768052444 22074.770006294242 0.2488017301847089 0.14171732522796351 3822.0 286.0 8.020833333333332 
1363570.0000000005 20487.31397067931 0.08121931260229133 0.55029810614917 1253.0 133.0 7.0 
5022251.25078261 16568.505443095713 0.2774433013794716 0.0 6228.0 403.0 9.527386339151045 
1284045.0 16097.875772287973 0.11950549450549451 0.5506195931727846 1173.0 118.0 3.1799999999999997 
4638620.0 15880.059256345827 0.49710661678746787 0.10015782090250175 4829.0 165.0 3.404483104717297 
3802151.4901510426 15075.830237242051 0.24567453822772972 0.1564180500350713 3984.0 332.0 5.395833333333334 
1356590.0 21408.259288175443 0.2946282440963292 0.4645195230301613 1322.0 115.0 0.07941176470588235 
