[6, 16, 27, 7, 4, 1, 24, 23, 9, 3, 14, 11, 17, 18, 13][8, 12, 19, 18, 0, 22, 25, 7, 14, 9, 23, 4, 1, 3, 11][5, 6, 15, 21, 10, 2, 29, 27, 16, 28, 25, 0, 17, 19, 18][3, 1, 24, 20, 14, 7, 10, 16, 28, 25, 22, 18, 12, 8, 26][15, 5, 6, 13, 0, 12, 22, 19, 17, 28, 7, 4, 24, 20, 23][1, 23, 20, 4, 24, 14, 9, 3, 11, 17, 12, 8, 26, 0, 13][0, 22, 19, 18, 12, 17, 11, 14, 1, 23, 9, 3, 24, 4, 20][5, 21, 6, 16, 27, 29, 10, 15, 2, 7, 24, 3, 9, 1, 23][2, 15, 21, 6, 13, 18, 22, 25, 0, 28, 17, 12, 19, 8, 26][17, 28, 16, 15, 2, 7, 20, 24, 4, 3, 9, 23, 14, 11, 25][1, 23, 20, 4, 24, 14, 9, 3, 11, 17, 12, 8, 26, 0, 28][3, 4, 23, 1, 24, 20, 14, 11, 17, 18, 0, 19, 12, 8, 26] 
[23, 20, 4, 24, 14, 9, 3, 11, 17, 12, 8, 26][18, 13, 6, 5, 21, 15, 10, 16, 27, 2, 29][0, 22, 19][17, 28][7, 28][22, 25][16, 28][22, 25][25, 28][17, 28][25, 28][1, 24] 
[12, 19, 18, 13, 6, 5, 21, 15, 10, 16, 27, 2, 29][1, 23, 20, 4, 24, 14][11, 25, 0, 22, 17][8, 26][0, 26][25, 28][8, 12][7, 28][7, 20][9, 14][3, 9][15, 16] 
[17, 0, 25, 28, 16, 27, 29][1, 3, 23, 24, 14, 7, 25][13, 0, 19, 22][2, 10, 21, 5][0, 12, 8][18, 0, 26][15, 10, 16][1, 9][4, 23][11, 25][20, 23][6, 10] 
[1, 9, 3, 4, 24, 20, 14, 7, 25, 22, 0, 18, 19, 12, 8][11, 25, 22, 0, 13, 6, 5, 21, 15, 10, 16, 27, 29][9, 1, 4, 20][15, 16][3, 23][25, 28][0, 26][2, 29][7, 14][0, 17][7, 14][0, 25] 
[0, 17, 11, 25, 28, 7, 2, 27, 16, 10, 15, 21, 5, 6, 13][18, 19, 22, 0, 17, 11, 3, 23, 4, 14, 7, 2, 10, 16, 28][25, 28, 17, 18, 19, 12, 8, 26, 0, 13, 6, 2, 27, 15, 29][7, 20, 4, 24, 3, 1, 9, 23, 14, 11, 25, 0, 18, 12, 8][4, 14, 1, 23, 9, 3, 24, 20, 7, 27, 29, 2, 6, 5, 21][2, 16, 15, 5, 6, 21, 10, 27, 7, 20, 24, 1, 4, 23, 9][11, 3, 4, 23, 1, 9, 14, 20, 24, 7, 28, 25, 22, 19, 18][20, 24, 14, 23, 4, 1, 9, 3, 11, 17, 12, 8, 26, 0, 22][5, 21, 10, 7, 2, 29, 27, 15, 6, 13, 18, 12, 19, 22, 25][2, 29, 10, 16, 15, 21, 5, 6, 13, 0, 12, 17, 11][1, 23, 20, 4, 24, 14, 9, 3, 11, 17, 12, 8][15, 29, 27] 
[19, 18, 12, 8, 26, 0, 25, 11, 3, 9, 14, 23, 1, 24, 20][19, 18, 22, 12, 17, 11, 14, 20, 4, 23, 9, 3, 24, 7, 28][25, 11, 17, 19, 22, 0, 18, 12, 8, 26][2, 27, 16, 10, 15, 21, 5, 6, 13][6, 13, 18, 19, 12, 17, 0, 25][5, 21, 15, 10, 16, 27, 2, 29][12, 8, 26][12, 19][7, 28][3, 11][0, 25][0, 25] 
[0, 26, 8, 12, 17, 11, 3, 9, 14, 24, 4, 20, 23, 1][7, 16, 2, 21, 10, 29, 27, 15, 6, 13, 18, 19][17, 28][25, 28][3, 11][8, 12][0, 22][5, 6][14, 24][7, 25][12, 17][4, 24] 
[1, 23, 20, 4, 24, 14, 9, 3, 11, 17, 12, 8, 26][19, 18, 13, 6, 5, 21, 15, 10, 16, 27, 2, 29][7, 28, 25][12, 19][0, 25][3, 11][22, 25][3, 11][18, 22][8, 12][14, 20][15, 16] 
[1, 23, 20, 4, 24, 14, 9, 3, 11, 17, 12, 8][13, 6, 5, 21, 15, 10, 16, 27, 2, 29][8, 12, 19, 18, 0, 22, 25, 7, 14][9, 3, 23, 20, 7, 27][16, 28, 17][18, 19][3, 9][7, 25][4, 24][17, 28][8, 26][4, 23] 
[2, 29, 27, 16, 10, 15, 21, 5, 6, 13, 0, 22, 25, 11, 14][4, 20, 7, 16, 28, 17, 22, 18, 0, 26, 8][2, 15, 10, 7, 14, 3, 9][23, 24][9, 14][5, 21][2, 10][3, 23][12, 17][1, 14][2, 10][12, 19] 
[16, 28, 0, 18, 22, 19, 12, 8, 26][0, 17, 11, 14, 24, 23, 9, 1][15, 10, 16, 27, 2, 29][13, 6, 5, 21, 15][7, 25][8, 12][18, 19][7, 28][4, 24][8, 12][4, 20][3, 11] 
[1, 14, 3, 11, 25, 7, 28, 17, 19, 22, 0, 18, 12, 8, 26][23, 9, 3, 1, 24, 14, 7, 25, 22, 0, 18, 19, 12, 8, 26][20, 4, 24, 14, 9, 3, 11, 17, 12, 8, 26][13, 6, 5, 21, 15, 10, 16, 27, 2, 29][2, 27, 16, 10, 15, 21, 5, 6, 13][13, 18][6, 13][7, 20][4, 20][6, 13][12, 22][7, 10] 
[22, 18, 0, 13, 6, 5, 21, 2, 15, 29, 10, 27, 7, 16, 28][4, 20, 23, 14, 1, 24, 7, 10, 27, 16, 6, 13, 0, 12, 8][20, 24, 14, 23, 4, 1, 9, 3, 11, 17, 12, 8, 26, 0, 22][2, 16, 15, 5, 6, 21, 10, 27, 7, 20, 24, 1, 4, 23, 9][22, 19, 18, 13, 6, 21, 2, 29, 15, 16, 28, 0, 12, 8, 26][25, 28, 17, 18, 19, 12, 8, 26, 0, 13, 6, 2, 27, 15, 29][1, 9, 3, 4, 24, 20, 14, 7, 25, 22, 0, 18, 19, 12, 8][7, 20, 4, 24, 3, 1, 9, 23, 14, 11, 25, 0, 18, 12, 8][18, 19, 22, 0, 17, 11, 3, 23, 4, 14, 7, 2, 10, 16, 28][8, 12, 22, 18, 0, 13, 6, 5, 21, 15, 10][15, 29, 27][15, 29] 
[8, 12, 0, 19, 18, 22, 17, 28, 7, 24, 23, 9, 3, 1, 14][13, 6, 16, 27, 15, 5, 21, 2, 10, 7, 4, 24, 14, 20, 23][15, 5, 6, 13, 0, 12, 22, 19, 17, 28, 7, 4, 24, 20, 23][2, 29, 15, 27, 16, 28, 17, 22, 0, 25, 11, 3, 1, 23, 9][13, 6, 16, 27, 15, 5, 21, 2, 10, 7, 4, 24, 14, 20, 23][13, 18, 17, 11, 14, 3, 9, 23, 24, 1, 4, 7, 27, 16][17, 0, 25, 28, 16, 27, 29][17, 0, 25, 28, 16, 27, 29][5, 21, 6][8, 26][6, 10][2, 27] 
[12, 17, 19, 18, 0, 22, 25, 7, 14, 24, 23, 3, 1, 4, 20][28, 16, 10, 21, 6, 5, 15, 27, 2, 29][21, 15, 10, 16, 27, 2, 29][8, 19, 0, 17, 11, 14][0, 18, 19, 12][8, 12][8, 26][1, 9][7, 27][6, 16][6, 13][12, 22] 
[7, 28, 25, 22, 0, 18, 19, 12, 8][11, 17, 0, 25, 28, 16, 27, 29][5, 21, 15, 10, 16, 27, 2, 29][1, 3, 23, 24, 14, 7, 25][17, 12, 19, 18, 13, 6, 21][22, 18, 12, 0, 25][10, 2, 27][9, 23][8, 26][4, 23][20, 23][3, 11] 
[4, 20, 7, 25, 0, 26, 8, 19, 18, 17, 11, 14, 3, 1, 9][5, 6, 13, 0, 12, 22, 19, 17, 28, 7, 4, 24, 20, 23][21, 15, 10, 16, 27, 2, 29][13, 0, 12, 19, 8, 26][8, 26][17, 28][16, 28][7, 20][8, 12][8, 26][8, 12][7, 20] 
[20, 4, 23, 1, 24, 14, 7, 25, 22, 0, 18, 19, 12, 8, 26][9, 3, 4, 24, 1, 23, 14, 20, 7, 10, 6, 21, 5, 15, 16][4, 20, 14, 1, 23, 3, 24, 7, 27, 15, 10, 2, 16, 6, 13][19, 18, 13, 6, 5, 21, 15, 10, 16, 27, 2, 29][4, 7, 28][17, 28][0, 26][5, 21][18, 19][4, 20][5, 21][11, 17] 
[1, 9, 3, 4, 24, 20, 14, 7, 25, 22, 0, 18, 19, 12, 8][5, 21, 6, 13, 18, 19, 22, 25, 28, 7, 10, 27][7, 25][7, 16][11, 25][27, 29][0, 26][5, 15][2, 27][17, 28][9, 23][6, 13] 
[9, 3, 23, 20, 7, 27, 15, 6, 5, 21, 10, 16, 28, 25, 11][1, 24, 14, 7, 27, 29, 10, 6, 15, 2, 16, 28, 0, 12, 8][26, 8, 19, 22, 0, 13, 6, 5, 21, 15, 10, 16, 27, 2, 29][4, 24, 14, 9, 3, 1, 23, 20, 7, 2, 10, 27][8, 12, 17, 11, 3, 9, 14, 24, 4, 20, 23][13, 6, 5, 21, 15, 10, 16, 27, 2, 29][18, 0, 26][7, 25][17, 28][22, 25][18, 19][5, 6] 
[4, 20, 14, 7, 28, 17, 22, 18, 0, 25, 11, 3, 23, 1, 24][19, 18, 12, 8, 26, 0, 25, 11, 3, 9, 14, 23, 1, 24, 20][3, 14, 1, 23, 24, 7, 16, 15, 10, 29, 27, 2, 6, 13, 18][13, 6, 5, 21, 10, 15, 16, 28, 17, 22, 0, 18, 12, 8, 26][3, 23, 14, 9, 1, 24, 20, 4, 7, 27, 16, 15, 5, 6, 13][25, 22, 19, 17, 0, 13, 6, 5, 21, 15, 10, 16, 27, 2, 29][8, 26, 0, 25, 7, 14, 24, 4, 3, 11, 17, 28, 16, 10, 21][16, 27, 2, 7, 20, 4, 24, 14, 9, 3, 11, 17, 12, 8, 26][3, 23, 14, 9, 1, 24, 20, 4, 7, 27, 16, 15, 5, 6, 13][13, 6, 10, 7, 28, 17, 19, 12, 22, 25, 11, 3, 1, 4, 23][19, 18, 22, 12, 17, 11, 14, 20, 4, 23, 9, 3, 24, 7, 28][5, 6, 21, 15, 2, 7, 10, 16, 27, 29] 
[1, 9, 3, 4, 24, 20, 14, 7, 25, 22, 0, 18, 19][6, 5, 21, 15, 10, 16, 27, 2, 29][8, 12, 17, 11][25, 28][16, 28][6, 13][1, 23][0, 26][17, 28][17, 28][0, 26][25, 28] 
[13, 6, 5, 21, 15, 10, 16, 27, 2, 29][1, 23, 20, 4, 24, 14, 9, 3, 11, 17][12, 19, 18][22, 25][8, 12][16, 28][4, 7][8, 26][25, 28][18, 22][0, 25][7, 28] 
[1, 3, 23, 24, 14, 7, 25][17, 0, 25, 28, 16, 27, 29][13, 0, 19, 22][2, 10, 21, 5][18, 0, 26][0, 12, 8][15, 10, 16][11, 25][1, 9][4, 23][6, 10][20, 23] 
[1, 3, 9, 23, 24, 7, 28, 17, 22, 18, 19, 0, 12, 8][13, 6, 16, 27, 15, 5, 21, 2, 10, 7, 4, 24, 14][27, 29][8, 26][22, 25][7, 25][2, 27][7, 20][6, 21][11, 17][9, 23][7, 27] 
[12, 17, 0, 26, 8, 19, 18, 13, 6, 2, 16, 10, 15, 5, 21][1, 9, 23, 24, 14, 11, 17, 0, 22, 25, 28, 7, 16, 2, 6][5, 15, 10, 16, 6, 21, 2, 29, 27, 7, 25, 22, 19, 12, 8][19, 18, 22, 12, 17, 11, 14, 20, 4, 23, 9, 3, 24, 7, 28][26, 8, 19, 12, 0, 22, 25, 11, 3, 23, 9, 14, 24, 7, 28][5, 21, 2, 6, 15, 29, 27, 7, 14, 24, 20, 23, 3, 11, 17][13, 6, 5, 21, 10, 15, 27, 16, 7, 4, 14, 1, 9, 23, 24][8, 26, 0, 19, 22, 25, 11, 3, 14, 4, 1, 24, 20, 23, 9][12, 8, 26, 0, 18, 13, 6, 5, 21, 15, 10, 16, 27, 2, 29][9, 23, 3, 24, 1, 14, 11, 25, 22, 19, 12, 8, 26, 0, 17][1, 3, 24, 14, 23, 20, 4, 7, 27, 29, 2][8, 12] 
[9, 1, 3, 23, 24, 14, 7, 25, 22, 0, 18, 19, 12, 8, 26][3, 14, 7, 27, 10, 21, 15, 6, 13, 18, 19, 8, 12, 0, 26][4, 1, 9, 23, 24, 14, 11, 17, 0, 18, 22, 19, 12, 8][3, 23, 24, 14, 7, 25, 22, 0, 18, 19, 12, 8, 26][5, 21, 15, 10, 16][16, 2, 29][16, 28][1, 4][20, 23][3, 14][6, 13][6, 13] 
[0, 26, 8, 12, 17, 11, 3, 9, 14, 24, 4, 20, 23, 1][7, 16, 2, 21, 10, 29, 27, 15, 6, 13, 18, 19][3, 9][0, 25][7, 25][25, 28][6, 13][0, 22][13, 18][5, 6][3, 11][7, 25] 
[1, 23, 20, 4, 24, 14, 9, 3, 11, 17, 12, 8][2, 27, 16, 10, 15, 21, 5, 6, 13][7, 28, 25, 22, 19, 18][12, 19][0, 25][13, 18][3, 9][15, 16][20, 23][0, 26][3, 11][2, 29] 
[13, 6, 5, 21, 15, 10, 16, 27, 2, 29][3, 11, 14, 9, 1, 24, 7, 27][25, 22, 0, 18, 19, 12, 8, 26][7, 25, 22, 0, 18, 19, 12, 8][10, 15, 21, 5, 6, 13][9, 3, 23, 20, 7, 27][12, 17, 28][4, 23, 9][5, 6][8, 26][3, 9][1, 24] 
[1, 9, 23, 24, 14, 11, 17, 0, 18, 22, 19, 12, 8][25, 28, 0, 13, 6, 5, 21, 15, 10, 16, 2, 27][7, 28][15, 29][8, 26][3, 9][4, 20][11, 17][5, 21][18, 19][5, 21][4, 7] 
[6, 5, 21, 15, 10, 16, 27, 2, 29][3, 11, 14, 9, 1, 24, 7, 27][7, 25, 22, 0, 18, 19, 12][4, 23, 9][12, 17, 28][10, 15][0, 13][0, 18][8, 12][20, 23][1, 9][8, 26] 
[1, 14, 3, 11, 25, 7, 28, 17, 19, 22, 0, 18, 12, 8, 26][1, 9, 3, 14, 20, 24, 23, 4, 7, 25, 0, 26, 8, 12, 22][1, 23, 20, 4, 24, 14, 9, 3, 11, 17, 12, 8, 26][2, 27, 16, 10, 15, 21, 5, 6, 13][16, 28, 17][7, 20][7, 10][7, 25][7, 28][10, 29][14, 20][7, 10] 
[2, 16, 15, 5, 6, 21, 10, 27, 7, 20, 24, 1, 4, 23, 9][15, 29, 27, 16, 28, 17, 12, 18, 0, 13, 6, 10, 7, 25, 22][4, 7, 2, 29, 10, 15, 21, 5, 6, 13, 0, 18, 22, 12, 8][8, 12, 18, 19, 0, 22, 25, 11, 14, 24, 3, 1, 23, 4, 20][18, 19, 22, 0, 17, 11, 3, 23, 4, 14, 7, 2, 10, 16, 28][8, 12, 22, 18, 0, 13, 6, 5, 21, 15, 10, 7, 24, 3, 9][7, 2, 6, 16, 28, 25, 22, 19, 8, 12, 17, 18, 13, 0, 26][22, 19, 18, 13, 6, 21, 2, 29, 15, 16, 28, 0, 12, 8, 26][8, 19, 0, 22, 18, 12, 17, 28, 7, 24, 4, 20, 14, 23][0, 26, 8, 12, 17, 11, 3, 9, 14, 24, 4, 20, 23, 1][12, 18, 19][0, 25] 
[1, 9, 3, 4, 24, 20, 14, 7, 25, 22, 0, 18, 19, 12, 8][17, 22, 25, 0, 13, 6, 2, 10, 27, 29, 15, 16, 7, 20, 23][1, 24, 3, 14, 11, 25, 7, 16, 6, 21, 15, 2, 29, 27, 10][12, 22, 25, 28, 7, 16, 2, 15, 29, 27, 10, 6, 13, 18, 19][4, 20, 23, 14, 1, 24, 7, 10, 27, 16, 6, 13, 0, 12, 8][8, 12, 22, 18, 0, 13, 6, 5, 21, 15, 10][6, 5, 21, 15, 10, 16, 27, 2, 29][2, 16, 15, 5][3, 11, 17][25, 28][16, 28][8, 26] 
[4, 1, 9, 23, 24, 14, 11, 17, 0, 18, 22, 19, 12, 8][13, 6, 5, 21, 15, 10, 16, 27, 2, 29][11, 3, 9, 14, 24, 4, 20][7, 28][8, 26][1, 4][16, 28][7, 25][25, 28][7, 16][17, 28][1, 23] 
[13, 6, 5, 21, 15, 10, 16, 27, 2, 29][12, 19, 18, 0, 22, 25, 7, 14, 20][4, 1, 14, 11, 25, 22, 0, 17, 19][17, 0, 25, 28, 16, 27, 29][1, 3, 23, 24, 14, 7, 25][13, 0, 26][20, 23][11, 25][3, 11][9, 23][8, 12][4, 23] 
[19, 12, 0, 22, 17, 11, 3, 9, 23, 14, 1, 4, 7, 24, 20][9, 1, 3, 23, 24, 14, 7, 25, 22, 0, 18, 19, 12, 8, 26][3, 14, 7, 27, 10, 21, 15, 6, 13, 18, 19, 8, 12, 0, 26][14, 23, 9, 3, 11, 17, 22, 0, 12, 19][28, 16, 2, 29][3, 14][4, 24][5, 21][20, 23][27, 29][12, 18][12, 22] 
[4, 20, 7, 25, 0, 26, 8, 19, 18, 17, 11, 14, 3, 1, 9][13, 6, 5, 21, 10, 15, 16, 28, 17, 22][27, 2, 29][0, 17][18, 19][4, 23][2, 10][7, 28][8, 26][8, 12][5, 21][3, 24] 
[5, 6, 15, 21, 10, 2, 29, 27, 16, 28, 25, 0, 17, 19, 18][5, 15, 6, 21, 10, 16, 7, 4, 23, 20, 14, 3, 24, 1, 9][15, 5, 6, 13, 0, 12, 22, 19, 17, 28, 7, 4, 24, 20, 23][15, 5, 6, 13, 0, 12, 22, 19, 17, 28, 7, 4, 24, 20, 23][11, 14, 7, 25, 0, 13, 6, 5, 21, 15, 10, 16, 27, 2, 29][1, 23, 14, 7, 2, 10, 29, 15, 5, 21, 6, 13, 18, 19, 12][3, 14, 9, 23, 20, 4, 7, 25, 22, 0, 18, 19, 12, 8, 26][8, 12, 18, 19, 17, 11, 3, 1, 23, 9, 14, 4, 7, 2, 16][19, 8, 12, 18, 0, 13, 6, 5, 21, 15, 10, 16, 27, 2, 29][13, 6, 10, 16, 28, 7, 25, 22, 0, 18, 19, 12, 8, 26][9, 1, 23, 14, 11, 3, 24, 7, 25, 0, 12, 8, 26][9, 1, 23, 14, 11, 3, 24, 7, 25, 0, 12, 8, 26] 
[23, 20, 4, 24, 14, 9, 3, 11, 17, 12, 8, 26][13, 6, 5, 21, 15, 10, 16, 27, 2, 29][18, 0, 22, 19][22, 25][11, 25][7, 10][1, 24][7, 28][25, 28][7, 10][22, 25][7, 28] 
[13, 6, 5, 21, 15, 10, 16, 27, 2, 29][19, 22, 0, 18, 12, 8, 26][1, 23, 20, 4, 24, 14][17, 28][7, 28][7, 20][22, 25][11, 25][7, 10][3, 11][3, 9][11, 17] 
[17, 0, 25, 28, 16, 27, 29][1, 3, 23, 24, 14, 7, 25][13, 0, 19, 22][5, 21, 6, 10][15, 10, 16][18, 0, 26][0, 12, 8][2, 10][4, 23][1, 9][11, 25][20, 23] 
[15, 5, 6, 13, 0, 12, 22, 19, 17, 28, 7, 4, 24, 20, 23][22, 25, 11, 3, 14, 1, 24, 23, 20, 4, 7, 28, 16, 15, 27][3, 1, 24, 20, 14, 7, 10, 16, 28, 25, 22, 18, 12, 8, 26][5, 6, 15, 21, 10, 2, 29, 27, 16, 28, 25, 0, 17, 19, 18][16, 27, 29, 2, 6, 15, 10, 7, 24, 1, 14, 9, 3, 11, 17][5, 21, 6, 16, 27, 29, 10, 15, 2, 7, 24, 3, 9, 1, 23][3, 1, 24, 14, 11, 25, 28, 7, 2, 29, 15, 16, 10, 21, 6][3, 4, 23, 1, 24, 20, 14, 11, 17, 18, 0, 19, 12, 8, 26][12, 18, 0, 17, 11, 14, 4, 7, 2, 21, 5, 6, 15, 29, 27][8, 12, 19, 18, 0, 22, 25, 7, 14, 9, 23, 4, 1, 3, 11][13, 6, 21, 2, 16, 10, 27, 15, 29][9, 23] 
[13, 6, 5, 21, 10, 15, 16, 28, 17, 22, 0, 18, 12, 8, 26][19, 18, 22, 12, 17, 11, 14, 20, 4, 23, 9, 3, 24, 7, 28][5, 6, 13, 0, 12, 22, 19, 17, 28, 7, 4, 24, 20, 23][7, 25, 0, 26, 8, 19, 18, 17, 11, 14, 3, 1, 9][16, 27, 2, 29][5, 6, 13][6, 13][16, 28][16, 28][8, 26][6, 13][6, 13] 
[0, 26, 8, 12, 17, 11, 3, 9, 14, 24, 4, 20, 23, 1][13, 6, 5, 21, 15, 10, 16, 27, 2, 29][7, 25, 22, 0, 18][25, 28][8, 12][0, 26][13, 18][6, 13][5, 6][18, 19][22, 25][22, 25] 
[13, 6, 5, 21, 15, 10, 16, 27, 2, 29][7, 25, 22, 0, 18, 19, 12, 8, 26][17, 11, 14, 24, 23, 9, 1, 4, 20][1, 9, 3, 23, 20, 7, 27][4, 20, 14, 11, 25, 0, 17][16, 28][6, 13][4, 20][16, 28][4, 20][6, 13][4, 20] 
[19, 12, 0, 22, 17, 11, 3, 9, 23, 14, 1, 4, 7, 24, 20][28, 16, 10, 21, 6, 5, 15, 27, 2, 29][26, 8, 19, 12, 22, 18, 17, 28][0, 13][13, 18][7, 27][0, 26][8, 26][7, 28][8, 12][11, 25][2, 29] 
[2, 27, 16, 10, 15, 21, 5, 6, 13][1, 23, 20, 4, 24, 14, 9, 3, 11][8, 12, 19, 18, 0, 22, 25, 7, 14][18, 19][18, 19][3, 9][17, 18][25, 28][2, 29][12, 18][8, 26][13, 18] 
[23, 9, 3, 1, 24, 14, 7, 25, 22, 0, 18, 19, 12, 8, 26][24, 14, 7, 25, 22, 0, 18, 19, 12, 8, 26][1, 23, 20, 4, 24, 14, 9, 3, 11, 17][13, 6, 5, 21, 15, 10, 16, 27, 2, 29][4, 20, 14, 11, 25, 0, 17][7, 28][16, 28][4, 20][13, 18][13, 18][13, 18][16, 28] 
[17, 0, 25, 28, 16, 27, 29, 10, 15, 5, 21, 6, 13, 18, 19][2, 15, 5, 6, 13, 0, 12, 22, 19, 17, 28, 7, 4, 24, 20][1, 9, 3, 24, 4, 20, 14, 7, 27, 29, 15, 5, 21, 10, 2][1, 9, 23, 4, 20, 7, 25, 22, 18, 17, 28, 0, 19, 8, 12][1, 3, 23, 20, 4, 24, 14, 7, 25, 11, 17, 28, 0, 12, 8][9, 1, 24, 3, 14, 23, 20, 4, 7, 25, 22, 18, 12, 8, 26][1, 24, 14, 7, 27, 29, 10, 6, 15, 2, 16, 28, 0, 12, 8][4, 1, 3, 23, 24, 14, 7, 25][15, 10, 16][18, 0, 26][11, 14][9, 23] 
[8, 12, 19, 22, 18, 0, 17, 11, 14, 24, 23, 9, 1, 4, 20][13, 6, 21, 15, 16, 10, 7, 27, 2, 29][5, 21][7, 28][0, 26][22, 25][1, 3][4, 23][16, 28][2, 10][25, 28][7, 28] 
[4, 1, 14, 11, 25, 22, 0, 17, 19, 8, 26][13, 6, 5, 21, 15, 10, 16, 27, 2, 29][12, 19, 18, 0, 22, 25, 7, 14, 20][17, 0, 25, 28, 16, 27, 29][1, 3, 23, 24, 14, 7, 25][13, 0, 26][8, 12][11, 17][4, 23][3, 9][16, 28][3, 11] 
[7, 2, 27, 15, 5, 6, 21, 10, 16, 28, 0, 19, 12, 8, 26][8, 19, 17, 28, 0, 22, 25, 7, 14, 24, 23, 3, 1, 4, 20][9, 23, 24, 14, 4, 20, 7, 16, 28, 0, 26, 8, 12, 17, 18][3, 23, 14, 9, 1, 24, 20, 4, 7, 27, 16, 15, 5, 6, 13][0, 12, 18, 19, 22, 25][0, 13, 18, 12][12, 17][20, 23][10, 29][4, 20][11, 17][4, 20] 
[4, 20, 7, 25, 0, 26, 8, 19, 18, 17, 11, 14, 3, 1, 9][13, 6, 5, 21, 10, 15, 16, 28, 17][20, 23][4, 24][12, 22][2, 10][2, 29][2, 27][27, 29][18, 19][12, 18][0, 17] 
[4, 20, 7, 25, 0, 26, 8, 19, 18, 17, 11, 14, 3, 1, 9][13, 6, 16, 27, 15, 5, 21, 2, 10, 7, 4, 24, 14, 20, 23][23, 24, 1, 4, 7, 27, 16, 28, 17, 19, 0, 18, 12, 8, 26][11, 14, 7, 10, 15, 21, 6, 2, 29, 27, 16, 28, 25, 0, 17][8, 12, 19, 22, 17, 28, 0, 18, 13, 6, 21, 10, 2, 16, 15][2, 29, 15, 27, 16, 28, 17, 22, 0, 25, 11, 3, 1, 23, 9][8, 12, 17, 0, 19, 18, 13, 6, 21, 2, 29, 10, 15, 16, 28][14, 7, 10, 15, 5, 21, 6, 2, 29, 27, 16, 28, 25, 0, 17][4, 3, 24, 14, 7, 25, 22, 12, 17, 0, 18, 13, 6, 16, 28][13, 6, 16, 27, 15, 5, 21, 2, 10, 7, 4, 24, 14, 20, 23][21, 5, 6, 13, 0, 12, 22, 19, 17, 28, 7, 4, 24, 20, 23][2, 29, 15, 27, 16, 28, 17, 22, 0, 25, 11, 3, 1, 23, 9] 
[1, 23, 20, 4, 24, 14, 9, 3, 11, 17, 12, 8][19, 18, 13, 6, 5, 21, 15, 10, 16, 27, 2, 29][4, 7][7, 27][7, 25][22, 25][0, 22][22, 25][7, 28][7, 28][7, 28][0, 26] 
[13, 6, 5, 21, 15, 10, 16, 27, 2, 29][4, 20, 14, 1, 3, 23, 24][17, 12, 8, 26][18, 0, 22, 19][17, 28][25, 28][11, 25][16, 28][7, 28][7, 20][1, 9][22, 25] 
[17, 0, 25, 28, 16, 27, 29][1, 3, 23, 24, 14, 7, 25][13, 0, 19, 22][5, 21, 6, 10][18, 0, 26][0, 12, 8][15, 10, 16][1, 9][11, 25][20, 23][4, 23][2, 10] 
[5, 6, 15, 21, 10, 2, 29, 27, 16, 28, 25, 0, 17, 19, 18][1, 23, 20, 4, 24, 14, 9, 3, 11, 17, 12, 8, 26, 0, 19][15, 5, 6, 13, 0, 12, 22, 19, 17, 28, 7, 4, 24, 20, 23][3, 1, 24, 14, 11, 25, 28, 7, 2, 29, 15, 16, 10, 21, 6][0, 26, 8, 19, 22, 17, 12, 18, 13, 6, 5, 15, 2, 10, 27][1, 23, 20, 4, 24, 14, 9, 3, 11, 17, 12, 8, 26, 0, 19][16, 27, 29, 2, 6, 15, 10, 7, 24, 1, 14, 9, 3, 11, 17][11, 3, 9, 14, 23, 4, 24, 20, 7, 2, 21, 6, 15, 16, 28][3, 4, 23, 1, 24, 20, 14, 11, 17, 18, 0, 19, 12, 8, 26][11, 3, 1, 23, 24, 4, 14, 7, 27, 29, 2, 21, 5, 6, 13][0, 17, 18, 13, 6, 21, 2, 16, 10, 27, 15, 29][3, 11] 
[13, 6, 5, 21, 10, 15, 16, 28, 17, 22, 0, 18, 12, 8, 26][19, 18, 12, 8, 26, 0, 25, 11, 3, 9, 14, 23, 1, 24, 20][19, 18, 22, 12, 17, 11, 14, 20, 4, 23, 9, 3, 24, 7, 28][6, 5, 21, 15, 10, 16, 27, 2, 29][2, 27, 16, 10, 15, 21, 5, 6, 13][5, 21, 15, 10, 16, 27, 2, 29][5, 6, 13][7, 28][16, 28][17, 22][17, 22][11, 25] 
[19, 18, 12, 8, 26, 0, 25, 11, 3, 9, 14, 23, 1, 24, 20][2, 27, 16, 10, 15, 21, 5, 6, 13][5, 21, 15, 10, 16, 27, 2, 29][11, 17, 22, 19][4, 7, 16][5, 6, 13][3, 4, 20][7, 28][19, 22][15, 21][6, 13][17, 22] 
[5, 21, 6, 15, 10, 29, 27, 16, 28, 25, 0, 17, 19, 22, 18][11, 3, 1, 23, 4, 24, 20][2, 16, 7, 14, 23][0, 26, 8, 12][6, 13][16, 28][25, 28][1, 3][4, 23][16, 28][9, 23][25, 28] 
[1, 24, 3, 14, 11, 25, 7, 16, 6, 21, 15, 2, 29, 27][19, 18, 13, 6, 5, 21, 15, 10, 16, 27, 2, 29][17, 11, 3, 9, 14, 24, 4, 20, 23][8, 12, 19][16, 28][3, 11][8, 26][25, 28][22, 25][2, 16][3, 11][0, 25] 
[6, 5, 21, 15, 10, 16, 27, 2, 29][3, 11, 14, 9, 1, 24, 7, 27][7, 25, 22, 0, 18, 19, 12, 8][3, 23, 20][22, 25][8, 26][13, 18][25, 28][4, 23][17, 28][19, 22][1, 24] 
[19, 18, 22, 12, 17, 11, 14, 20, 4, 23, 9, 3, 24, 7, 28][19, 18, 12, 8, 26, 0, 25, 11, 3, 9, 14, 23, 1, 24, 20][19, 18, 12, 8, 26, 0, 25, 11, 3, 9, 14, 23, 1, 24, 20][7, 25, 22, 0, 18, 19, 12, 8, 26][6, 5, 21, 15, 10, 16, 27, 2, 29][4, 20, 14, 11, 25, 0, 17][12, 8, 26][16, 28][6, 13][4, 20][8, 12][7, 28] 
[5, 6, 15, 21, 10, 2, 29, 27, 16, 28, 25, 0, 17, 19, 18][15, 5, 6, 13, 0, 12, 22, 19, 17, 28, 7, 4, 24, 20, 23][15, 5, 6, 13, 0, 12, 22, 19, 17, 28, 7, 4, 24, 20, 23][12, 18, 0, 17, 11, 14, 4, 7, 2, 21, 5, 6, 15, 29, 27][3, 1, 24, 20, 14, 7, 10, 16, 28, 25, 22, 18, 12, 8, 26][13, 6, 21, 2, 16, 10, 27, 15, 29][8, 12][0, 26][20, 23][0, 25][3, 9][12, 19] 
[8, 12, 19, 22, 18, 0, 17, 11, 14, 24, 23, 9, 1, 4, 20][13, 6, 21, 15, 16, 10, 7, 27, 2, 29][2, 27][3, 23][0, 26][25, 28][5, 21][4, 23][10, 15][22, 25][11, 25][7, 28] 
[13, 0, 19, 22, 25, 28, 16, 2, 27, 29][8, 12, 0, 13, 6, 21, 5, 15, 16][17, 22, 19, 0, 13, 6, 10, 29][1, 3, 23, 24, 14, 7, 25][2, 10, 21, 5][18, 0, 26][15, 10, 16][0, 12, 8][1, 9][20, 23][4, 23][11, 25] 
[3, 11, 14, 9, 1, 24, 7, 27, 10, 21, 2, 6, 5, 15, 29][9, 3, 23, 1, 14, 11, 17, 28, 16, 7, 2, 6, 10, 15, 27][4, 20, 23, 9, 14, 1, 24, 3, 11, 17, 18, 13][19, 18, 22][6, 10][12, 17][0, 25][12, 17][15, 21][0, 26][0, 28][8, 12] 
[4, 20, 7, 25, 0, 26, 8, 19, 18, 17, 11, 14, 3, 1, 9][13, 6, 5, 21, 10, 15, 16, 28, 17][22, 25, 7, 14, 24][27, 2, 29][20, 23][0, 17][11, 17][3, 11][2, 10][5, 21][12, 22][5, 21] 
[8, 26, 0, 25, 7, 14, 24, 4, 3, 11, 17, 28, 16, 10, 21][5, 21, 6, 13, 18, 19, 22, 25, 28, 7, 10, 27, 2, 16, 15][3, 23, 14, 9, 1, 24, 20, 4, 7, 27, 16, 15, 5, 6, 13][16, 27, 2, 7, 20, 4, 24, 14, 9, 3, 11, 17, 12, 8, 26][18, 13, 0, 26, 8, 12, 17, 28, 16, 6, 5, 15, 10, 27, 29][16, 27, 2, 7, 20, 4, 24, 14, 9, 3, 11, 17, 12, 8, 26][15, 5, 21, 6, 16, 27, 29, 2, 7, 25, 22, 17, 28, 0, 26][4, 20, 14, 7, 28, 17, 22, 18, 0, 25, 11, 3, 23, 1, 24][0, 26, 8, 19, 22, 12, 17, 28, 7, 27, 10, 29, 15, 5, 6][3, 14, 1, 23, 24, 7, 16, 15, 10, 29, 27, 2, 6, 13, 18][26, 8, 12, 17, 19, 0, 18, 22, 25, 11, 3, 24, 4, 7, 28][15, 5, 21, 6, 2, 10, 16, 27, 29] 
[1, 23, 20, 4, 24, 14, 9, 3, 11, 17, 12, 8, 26][13, 6, 5, 21, 15, 10, 16, 27, 2, 29][0, 22, 25, 7][18, 19][0, 18][12, 19][16, 28][8, 12][13, 18][18, 19][16, 28][18, 19] 
[13, 6, 5, 21, 15, 10, 16, 27, 2, 29][4, 20, 14, 1, 3, 23, 24, 7][18, 0, 22, 19][8, 12, 17][11, 25][22, 25][25, 28][17, 28][7, 28][16, 28][1, 9][8, 26] 
[17, 0, 25, 28, 16, 27, 29][1, 3, 23, 24, 14, 7, 25][13, 0, 19, 22][5, 21, 6, 10][18, 0, 26][15, 10, 16][0, 12, 8][1, 9][20, 23][2, 27][11, 25][4, 23] 
[5, 15, 6, 13, 18, 19, 22, 12, 0, 25, 11, 14, 4, 7, 28][8, 12, 19, 18, 0, 22, 25, 7, 14, 23, 3, 11, 17, 28, 16][18, 13, 6, 2, 27, 29, 10, 15, 16, 7, 24, 3, 4, 23, 20][0, 12, 22, 19, 18, 13, 6, 5, 21, 15, 10, 16, 27, 2, 29][6, 5, 15, 21, 10, 2, 27, 16, 28, 25, 0, 13, 18, 19, 12][2, 15, 27, 16, 28, 25, 7, 24, 14, 11, 17, 0, 13, 18, 19][8, 12, 19, 18, 0, 22, 25, 7, 14, 20, 23, 9, 3, 4, 24][9, 3, 4, 24, 1, 23, 14, 20, 7, 10, 6, 21, 5, 15, 16][22, 19, 8, 12, 0, 13, 6, 5, 21, 15, 10, 16, 27, 2, 29][21, 5, 6, 10, 2, 15, 16, 28, 25, 0, 19, 12, 8, 26][1, 23, 20, 4, 24, 14, 9, 3, 11, 17][10, 16, 28] 
[20, 4, 23, 1, 24, 14, 7, 25, 22, 0, 18, 19, 12, 8, 26][9, 3, 4, 24, 1, 23, 14, 20, 7, 10, 6, 21, 5, 15][13, 6, 5, 21, 15, 10, 16, 27, 2, 29][1, 23, 20, 4, 24, 14][5, 21][3, 11][11, 17][17, 28][3, 11][18, 19][17, 28][17, 28] 
[20, 4, 23, 1, 24, 14, 7, 25, 22, 0, 18, 19, 12, 8, 26][6, 5, 21, 15, 10, 16, 27, 2, 29][9, 3, 11, 17][18, 19][12, 19][13, 18][6, 13][16, 28][17, 28][17, 28][16, 28][8, 12] 
[5, 21, 10, 15, 16, 28, 17, 22, 0, 18, 12, 8, 26][13, 6, 5, 21, 15, 10, 16, 27, 2, 29][8, 12, 19, 18, 0, 22, 25, 7, 14][1, 23, 20, 4, 24, 14, 9][16, 27, 2, 29][16, 27, 2, 29][3, 9][11, 17][6, 13][16, 28][6, 13][6, 13] 
[5, 21, 2, 27, 10, 15, 6, 16, 7, 4, 24, 1, 23, 9, 14][12, 18, 22, 0, 13, 6, 21, 15, 16, 10, 7, 27, 2, 29][11, 17, 22, 19][12, 8, 26][3, 4, 20][2, 7][1, 9][4, 23][2, 10][15, 21][7, 28][22, 25] 
[13, 6, 5, 21, 10, 15, 16, 28, 17, 22, 0, 18, 12, 8, 26][24, 1, 23, 14, 9, 3, 11, 25][16, 27, 2, 29][11, 17][3, 4][7, 28][19, 22][18, 19][4, 20][16, 28][15, 21][5, 21] 
[1, 23, 20, 4, 24, 14, 9, 3, 11, 17, 12, 8, 26, 0, 22][9, 3, 23, 20, 24, 14, 7, 25, 22, 0, 18, 19, 12, 8, 26][23, 9, 3, 1, 24, 14, 7, 25, 22, 0, 18, 19, 12, 8, 26][1, 9, 3, 14, 20, 24, 23, 4, 7, 25, 0, 26, 8, 12, 22][13, 6, 5, 21, 15, 10, 16, 27, 2, 29][13, 6, 5, 21, 15, 10, 16, 27, 2, 29][2, 27, 16, 10, 15, 21, 5, 6, 13][16, 28, 17][4, 7, 28][13, 18][4, 20][13, 18] 
[20, 4, 23, 1, 24, 14, 7, 25, 22, 0, 18, 19, 12, 8, 26][17, 0, 25, 28, 16, 27, 29, 10, 6, 5, 21, 2, 7, 24, 20][12, 19, 8, 26, 0, 13, 6, 5, 21, 15, 10, 16, 27, 2, 29][17, 0, 25, 28, 16, 27, 29, 15, 2, 10, 7, 4, 3, 23, 24][20, 4, 23, 1, 24, 14, 7, 25, 22, 0, 18, 19, 12, 8, 26][10, 6, 21, 5, 15, 2, 29, 27, 7, 28, 25, 22, 12, 17, 18][5, 21, 10, 16, 7, 14, 11, 17, 19, 8, 26, 0, 22, 18, 12][21, 15, 6, 16, 28, 17, 11, 25, 0, 22, 12, 8, 26][1, 3, 23, 24, 14, 7, 25][3, 11][1, 9][18, 19] 
[1, 9, 23, 24, 14, 11, 17, 0, 18, 22, 19, 12, 8][13, 6, 21, 15, 16, 10, 7, 27, 2, 29][3, 9, 14, 24, 4][25, 28][7, 28][7, 16][17, 28][4, 20][8, 26][5, 21][16, 28][7, 10] 
[13, 0, 19, 22, 25, 28, 16, 2, 27, 29][17, 22, 19, 0, 13, 6, 10, 29][17, 0, 25, 28, 16, 27, 29][1, 3, 23, 24, 14, 7, 25][8, 12, 0, 28][2, 10, 21, 5][15, 10, 16][18, 0, 26][1, 9][11, 25][4, 23][20, 23] 
[19, 18, 22, 12, 17, 11, 14, 20, 4, 23, 9, 3, 24, 7, 28][12, 17, 0, 26, 8, 19, 18, 13, 6, 2, 16, 10, 15, 5, 21][6, 13, 18, 0, 22, 25, 7, 4, 3, 14, 9, 1, 23, 20, 24][3, 23, 14, 9, 1, 24, 20, 4, 7, 27, 16, 15, 5][22, 18, 12, 0, 25][3, 11][8, 12][12, 17][11, 17][12, 17][7, 25][27, 29] 
[12, 19, 18, 13, 6, 5, 21, 15, 10, 16, 27, 2, 29][1, 23, 20, 4, 24, 14, 9, 3, 11, 17, 12][0, 25, 11][8, 26][16, 28][0, 22][7, 20][8, 12][14, 24][13, 18][8, 12][18, 19] 
[8, 12, 19, 18, 0, 22, 25, 7, 14, 24, 1, 23, 4, 20][13, 6, 5, 21, 15, 10, 16, 27, 2, 29][16, 28][17, 28][8, 26][18, 19][8, 26][3, 11][3, 9][17, 28][2, 7][11, 17] 
[13, 6, 5, 21, 15, 10, 16, 27, 2, 29][4, 20, 14, 1, 3, 23, 24, 7][17, 12, 8, 26][0, 22, 19][16, 28][7, 28][25, 28][22, 25][3, 9][11, 25][17, 28][18, 22] 
[1, 3, 23, 24, 14, 7, 25][17, 0, 25, 28, 16, 27, 29][13, 0, 19, 22][5, 21, 6, 10][0, 12, 8][18, 0, 26][15, 10, 16][4, 23][1, 9][11, 25][2, 27][20, 23] 
[19, 8, 12, 18, 0, 13, 6, 5, 21, 15, 10, 16, 27, 2, 29][1, 9, 3, 23, 20, 7, 27, 10, 15, 5, 21, 6, 16, 2, 29][19, 18, 0, 22, 25, 7, 16, 6, 21, 5, 15, 2, 10, 27, 29][4, 20, 14, 11, 25, 0, 17, 28, 7, 2, 21, 5, 15, 6, 10][17, 0, 26, 8, 19, 18, 13, 6, 16, 2, 29, 10, 15, 5, 21][1, 23, 20, 4, 24, 14, 9, 3, 11, 17, 22, 12, 18, 19, 8][3, 14, 9, 23, 20, 4, 7, 25, 22, 0, 18, 19, 12, 8, 26][11, 14, 7, 25, 0, 13, 6, 5, 21, 15, 10, 16, 27, 2, 29][26, 0, 22, 19, 17, 18, 13, 6, 10, 21, 15, 27, 16, 2, 29][13, 6, 10, 16, 28, 7, 25, 22, 0, 18, 19, 12, 8, 26][9, 1, 23, 14, 11, 3, 24, 7, 25, 0, 12, 8, 26][16, 28] 
[11, 3, 1, 23, 24, 4, 14, 7, 27, 29, 2, 21, 5, 6, 13][12, 19, 18, 0, 22, 25, 7, 14, 20, 24, 4, 3, 9, 1, 23][0, 26, 8, 19, 22, 17, 12, 18, 13, 6, 5, 15, 2, 10, 27][1, 23, 20, 4, 24, 14, 9, 3, 11, 17, 12, 8, 26, 0, 19][22, 17, 11, 3, 9, 1, 14, 24, 4, 23, 20, 7, 28, 25][19, 18, 13, 6, 5, 21, 15, 10, 16, 27, 2, 29][8, 12, 17, 11][8, 12, 17, 11][3, 11][6, 13][22, 25][0, 26] 
[1, 23, 20, 4, 24, 14, 9, 3, 11, 17, 12, 8, 26][19, 18, 13, 6, 5, 21, 15, 10, 16, 27, 2, 29][18, 0, 22][20, 7, 27][3, 11][3, 9][16, 28][22, 25][11, 17][15, 16][11, 17][15, 16] 
[13, 6, 5, 21, 15, 10, 16, 27, 2, 29][1, 23, 20, 4, 24, 14, 9, 3, 11, 17][8, 12, 19, 18, 0, 22, 25, 7, 14][9, 3, 23, 20, 7, 27][3, 11, 17][16, 28][8, 26][4, 24][7, 25][8, 12][8, 12][25, 28] 
[1, 23, 20, 4, 24, 14, 9, 3, 11, 17, 12, 8][6, 16, 27, 15, 5, 21, 2, 10, 7, 4, 24][18, 19, 22, 25][17, 0, 25, 28][20, 23][8, 26][2, 29][6, 13][20, 23][20, 23][2, 27][20, 23] 
[12, 17, 11, 3, 9, 14, 24, 4, 20, 23][7, 25, 22, 0, 18, 19, 12, 8, 26][6, 5, 21, 15, 10, 16, 27, 2, 29][6, 13][13, 18][1, 9][7, 28][3, 24][12, 19][2, 27][8, 12][2, 10] 
[9, 3, 23, 20, 24, 14, 7, 25, 22, 0, 18, 19, 12, 8, 26][23, 9, 3, 1, 24, 14, 7, 25, 22, 0, 18, 19, 12, 8, 26][23, 9, 3, 1, 24, 14, 7, 25, 22, 0, 18, 19, 12, 8, 26][1, 23, 20, 4, 24, 14, 9, 3, 11, 17][5, 21, 15, 10, 16, 27, 2, 29][11, 17, 12, 8, 26, 0, 22][16, 28, 17][7, 28][6, 13][4, 20][13, 18][16, 28] 
[5, 6, 13, 18, 12, 22, 0, 25, 7, 4, 1, 14, 20, 23, 9][8, 12, 17, 11, 14, 24, 3, 23, 9, 1, 4, 7, 28, 0, 18][25, 7, 4, 1, 14, 20, 24, 23, 3, 11, 17, 12, 22, 0, 26][1, 9, 3, 4, 24, 20, 14, 7, 25, 22, 0, 18, 19][6, 21, 2, 7, 28, 25, 11, 17, 12, 8][6, 5, 21, 15, 10, 16, 27, 2, 29][6, 13][7, 16][0, 26][11, 25][17, 28][0, 26] 
[13, 6, 21, 15, 16, 10, 7, 27, 2, 29][8, 12, 17, 11, 3, 9, 14, 24, 4, 20][1, 9, 23, 24, 14, 11, 17, 0, 18][7, 10][7, 28][5, 21][25, 28][11, 25][22, 25][19, 22][8, 26][4, 23] 
[10, 16, 28, 0, 12, 18, 13, 6, 15, 2, 29][12, 19, 18, 0, 22, 25, 28, 7, 27][2, 27, 16, 10, 15, 21, 5, 6, 13][1, 3, 23, 24, 14, 7, 25][0, 12, 8][8, 12][9, 23][4, 23][0, 17][7, 20][0, 26][11, 25] 
[4, 20, 7, 27, 15, 5, 21, 10, 6, 13, 18, 19, 22, 12, 17][1, 23, 20, 4, 24, 14, 9, 3, 11, 17, 12, 8, 26, 0, 13][8, 19, 22, 17, 11, 25, 28, 7, 20, 24, 1, 23, 3, 14, 9][6, 5, 15, 10, 7, 25, 11, 3, 1, 14, 4, 24, 20, 23, 9][12, 18, 22, 0, 13, 6, 21, 15, 16, 10, 7, 27, 2, 29][0, 26, 8, 12, 17, 11, 3, 9, 14, 24, 4, 20, 23, 1][3, 4, 20][22, 25][17, 28][2, 7][2, 10][8, 12] 
[9, 3, 4, 24, 1, 23, 14, 20, 7, 10, 6, 21, 5, 15, 16][12, 19, 18, 13, 0, 25, 28, 16, 27, 2, 10, 21, 15][0, 17, 11, 14, 24, 23, 9, 1][15, 10, 16, 27, 2, 29][8, 26][18, 19][18, 19][8, 12][16, 28][4, 24][19, 22][0, 12] 
[1, 9, 3, 4, 24, 20, 14, 7, 25, 22, 0, 18, 19, 12, 8][7, 25, 22, 18, 0, 13, 6, 5, 21, 15, 10, 16, 27, 2, 29][11, 3, 23, 9, 1, 14, 4, 7, 2, 21, 15, 10, 16, 6, 13][1, 23, 20, 4, 24, 14, 9, 3, 11, 17, 12, 8, 26, 0, 19][14, 11, 17, 22, 18, 13, 6, 5, 21, 15, 10, 16, 27, 2, 29][8, 19, 0, 22, 18, 12, 17, 28, 7, 24, 4, 20, 14, 23, 9][6, 2, 29, 10, 16, 27, 7, 25, 22, 0, 18, 19, 12, 8, 26][3, 23, 14, 9, 1, 24, 20, 4, 7, 27, 16, 15, 5, 6, 13][0, 26, 8, 12, 18, 17, 19, 22, 25, 11, 14, 7, 2, 6, 10][3, 23, 14, 9, 1, 24, 20, 4, 7, 27, 16, 15, 5, 6, 13][2, 6, 16, 10, 15, 27, 7, 25, 22, 0, 18, 19, 12, 8, 26][5, 15, 21, 6, 2, 16, 27, 7, 28, 17, 19, 18] 
[23, 20, 4, 24, 14, 9, 3, 11, 17, 12, 8, 26][2, 10, 7, 4, 3, 11, 14, 20, 23, 1, 24][17, 0, 25, 28, 16, 27, 29][5, 21, 6, 10][18, 0, 22, 19][13, 0, 19, 22][15, 10, 16][22, 25][7, 28][2, 27][7, 10][11, 25] 
[1, 9, 3, 4, 24, 20, 14, 7, 25, 22, 0, 18, 19, 12, 8][23, 3, 24, 14, 20, 7, 25, 11, 17, 12, 8, 19, 18, 0, 26][7, 2, 29, 27, 16, 10, 15, 21, 5, 6, 13, 0, 22, 25, 11][4, 20, 14, 1, 3, 23, 24, 7, 10, 29, 27, 15, 5, 6, 21][10, 15, 29, 27, 2, 16, 6, 13, 18, 12, 8, 19, 22, 0, 17][14, 11, 25, 0, 28, 7, 16, 2, 10, 6, 5, 21, 15, 27, 29][13, 0, 18, 22, 17, 12, 8, 26][25, 28][17, 28][2, 29][3, 23][11, 25] 
[1, 14, 11, 25, 22, 18, 17, 28, 16, 15, 10, 21, 5, 6, 13][1, 4, 20, 24, 3, 23, 9, 14, 7, 16, 6, 13, 18, 12, 19][4, 3, 9, 1, 23, 20, 24, 14, 7, 25, 22, 0, 26, 8, 12][9, 3, 24, 1, 23, 4, 14, 11, 25, 0, 13, 18, 19, 22, 12][3, 11, 25, 28, 16, 6, 15, 27, 7, 20, 4, 1, 23, 9, 14][1, 23, 20, 4, 24, 14, 9, 3, 11, 17, 12, 8, 26][13, 6, 5, 21, 15, 10, 16, 27, 2, 29][12, 19, 0, 18, 22, 17, 28, 16][0, 17][5, 21][20, 23][16, 28] 
[1, 23, 20, 4, 24, 14, 9, 3, 11, 17][2, 27, 16, 10, 15, 21, 5, 6, 13][8, 12, 19, 18, 0, 22, 25, 7, 14][9, 3, 23, 20, 7, 27][17, 18, 19, 8, 26][4, 24][25, 28][12, 18][18, 19][4, 24][12, 18][27, 29] 
[4, 1, 14, 11, 25, 22, 0, 17, 19][2, 27, 16, 10, 15, 21, 5, 6][25, 28, 16, 27, 29][0, 12, 8][3, 23, 24][0, 13][0, 18][7, 25][20, 23][1, 9][0, 26][4, 23] 
[9, 3, 23, 20, 24, 14, 7, 25, 22, 0, 18, 19, 12, 8, 26][13, 6, 5, 21, 15, 10, 16, 27, 2, 29][1, 9, 3, 14, 20, 24][16, 28, 17][4, 20][11, 17][8, 26][18, 19][8, 26][19, 22][13, 18][19, 22] 
[1, 23, 20, 4, 24, 14, 9, 3, 11, 17, 12, 8, 26][7, 25, 22, 0, 18][6, 13, 0, 19][2, 10, 21, 5][28, 16, 27, 29][5, 6][10, 15][25, 28][8, 12][11, 25][25, 28][11, 25] 
[9, 3, 23, 20, 24, 14, 7, 25, 22, 0, 18, 19, 12, 8, 26][1, 23, 20, 4, 24, 14, 9, 3, 11, 17, 12, 8, 26, 0, 22][9, 23, 3, 4, 24, 1, 14, 11, 17, 19, 22, 18, 12, 8, 26][23, 9, 3, 1, 24, 14, 7, 25, 22, 0, 18, 19, 12, 8, 26][13, 6, 5, 21, 15, 10, 16, 27, 2, 29][4, 20, 14, 1, 3, 23, 24, 7, 25][17, 12, 8, 26][4, 7, 28][4, 7, 28][16, 28][17, 28][16, 28] 
