104448.22114015088 12492.157035169641 0.10597797567057915 0.0 111.0 160.0 4.116440984595143 
43570.0 9948.143892746964 0.12588310854206808 0.4226075786769428 43.0 74.0 0.0 
106990.0 9423.200757575756 0.265922106186287 0.12652536929993577 92.0 77.0 0.0 
115094.19387558522 9029.699273254806 0.4039820166987797 0.046242774566473986 115.0 80.0 1.0689655172413792 
91953.14276997658 17024.24258109332 0.08993985702505056 3.1357863789870717E-6 96.0 187.0 4.86010101010101 
105280.66029995035 17830.10885746529 0.05266538214515093 0.0 109.0 210.0 5.09 
96527.9700512818 17579.021920259413 0.05202312138728324 0.0 120.0 236.0 5.234278002699055 
102104.0885579933 10945.456029563054 0.22992935131663456 0.0 123.0 141.0 3.167179487179487 
114656.48582115049 12346.189079307054 0.3019167585507924 0.006426567567935472 110.0 122.0 2.35025641025641 
122615.0 5859.028326368421 0.2042651593011305 0.02954779033915725 144.0 91.0 3.2051282051282053 
172220.0 7808.3571442757475 0.31282117163412126 6.726304445876054E-38 158.0 89.0 3.3917748917748916 
122596.89039907284 12102.237518420958 0.09830657356866533 2.4753112456360264E-7 136.0 151.0 3.8114478114478114 
104740.52610377324 15074.557754781052 0.12398247869752654 0.0 110.0 150.0 2.8290382819794586 
102127.69571848691 16064.9141364365 0.08736437552413139 4.042489034748493E-6 110.0 201.0 4.978668076109937 
86004.10492899464 12916.402201071709 0.4277456647398844 0.06679511881824021 85.0 86.0 2.0 
97260.0 9683.982629917204 0.2813102119460501 0.045600513808606295 116.0 98.0 3.3207681365576103 
99795.51659310087 13010.71831727771 0.1470966060004562 0.0 97.0 145.0 3.5877235877235876 
95275.06743523473 13300.47198968634 0.18368657675016056 0.019267822736030827 95.0 145.0 3.3251554280248685 
162416.423982515 7298.623851489236 0.4663412127440904 0.006423432682425488 156.0 83.0 2.8096096096096095 
84855.0 8947.231969475008 0.3436095054592164 0.023121387283236993 89.0 87.0 2.4210526315789473 
40900.0 10674.635106632293 0.20108412955929858 0.5048211631725948 43.0 71.0 0.0 
89363.21616828657 19066.09643736437 0.07386947462905007 0.0 94.0 207.0 4.678770654776847 
38400.0 11691.386010362696 0.2415210711900867 0.5389259932798135 43.0 71.0 0.0 
81082.79007128741 14081.187191085915 0.22482014017536978 0.012846865152878273 86.0 108.0 2.5369674185463658 
108962.67692161877 13172.63415349318 0.18432883750802825 6.422607578676942E-4 119.0 154.0 2.6101320967939228 
70811.02810235045 11732.903786996467 0.12718396711175511 0.23638232271275697 77.0 118.0 3.470833333333333 
137141.3204548529 8804.1187075384 0.17921377209403835 0.03789825311247353 154.0 134.0 1.6615401491882404 
142835.0 9305.399469773856 0.4399486191393706 0.03275529865125241 120.0 84.0 1.064516129032258 
91630.0 6739.236888907866 0.26011560693641617 0.2113037893384714 111.0 105.0 3.2666666666666666 
134230.0 9895.140569064939 0.26657839706764724 0.17341040462427745 115.0 70.0 0.0 
78585.0 11617.52462897827 0.39820166987797045 0.11046885035324341 72.0 68.0 0.0 
89809.25605581628 12923.394569438486 0.22416071946404845 0.032793331048089534 90.0 108.0 1.6030890804597702 
52355.0 7040.922782037237 0.10918432883750803 0.3815028901734104 68.0 91.0 3.2222222222222223 
102925.0 6737.89539707203 0.22673619958692182 0.05331251156611296 122.0 78.0 1.0666666666666667 
72155.0 14133.177206266591 0.24794450154155712 0.15673175745127996 65.0 101.0 1.7934494291315881 
127385.0 9154.534430961781 0.3815028901734104 0.045600513808606295 149.0 90.0 2.0 
85695.73133643054 21605.952474692134 0.0738694768759226 2.1197270354408276E-10 83.0 208.0 4.412407653119727 
150095.0 7898.455519752882 0.22545654666051235 0.055239293574901274 153.0 88.0 0.0 
104230.0 9244.430643204052 0.30828516377649323 0.030828516377649325 121.0 93.0 2.750337381916329 
140464.51144447055 8454.855358746476 0.16955684007707128 0.03789338471419396 130.0 110.0 2.5300207039337477 
192760.0 7179.502535520076 0.4554213696695348 0.023766700532824803 163.0 84.0 2.6222222222222222 
123995.0 8517.29297764566 0.3558581685179549 0.05267214712680092 117.0 81.0 3.3373440285204987 
147680.6928083489 9395.363623445755 0.1355328598671176 4.867486796942064E-6 161.0 167.0 5.2210791925465845 
111031.63948700456 11720.69508325736 0.42196531791907516 0.030828516377649325 96.0 94.0 1.5504273504273505 
87434.13684058514 16447.222862290288 0.09121134171087747 2.7228349845097337E-14 91.0 168.0 4.013819307627357 
99239.77721033196 15635.248361430838 0.07578676942838793 0.0 105.0 207.0 5.1830364372469635 
119701.40225889781 12809.053164415402 0.3827874116891458 0.007064868336544637 106.0 97.0 0.0 
66350.0 10501.886133426473 0.1348747591522158 0.34104046242774566 72.0 73.0 0.0 
83162.6105564867 16693.695186733916 0.08543165470786976 0.010919835560100186 94.0 182.0 3.7226318211543585 
79895.0 8719.566787961294 0.37829158638407195 0.3236994219653179 89.0 77.0 0.0 
82557.51534450444 10942.24197365744 0.31021194605009633 0.030828516377649325 105.0 91.0 1.7076023391812865 
89330.0 9576.410553185491 0.2916183114853301 0.05459496941114547 95.0 82.0 1.2222222222222223 
185745.0 6504.717527703255 0.3327338074595473 0.037898252200990905 178.0 100.0 2.833333333333333 
38519.48469586388 14696.461084223938 0.16058581706063718 0.5003854059609455 33.0 86.0 2.0587044534412957 
140857.9603149512 11921.464438302623 0.31667523205967146 0.0019270298047276465 146.0 112.0 1.6578947368421053 
75645.0 11976.156583629894 0.3320776904487969 0.07322218195715928 72.0 69.0 0.0 
77085.0 8631.824208307073 0.21515735388567758 0.18818240205523443 85.0 79.0 0.0 
83664.3129365525 13760.83385794324 0.18178694001853213 0.024412096960414353 93.0 126.0 3.049206349206349 
137455.0 11902.989791838314 0.2774566473988439 0.045600513808606295 122.0 85.0 2.5036630036630036 
45270.0 11944.218820121134 0.17662170841361594 0.3615928066795119 40.0 68.0 0.0 
189745.0 6549.567973733621 0.33269107257546565 0.03789338471419396 177.0 97.0 2.7333333333333334 
112730.0 6749.000277700641 0.12780989081567115 0.07129094412331406 124.0 81.0 2.0 
168530.0 8911.018082178014 0.3397961234645644 0.028259473346178548 148.0 81.0 2.062104562104562 
147242.62698956544 12235.6938477751 0.2035966602440591 0.0 138.0 130.0 2.5957951362363128 
165775.0 7817.906226864995 0.194630010277559 0.055241521068866005 166.0 95.0 0.48207547169811316 
78907.85052815062 15014.309258276933 0.2248201438844156 0.03468653648502412 80.0 116.0 2.0 
130925.0 6298.6876910506435 0.17022096608391465 0.006423432682411874 146.0 91.0 3.8 
68763.05130127695 13768.55739791824 0.1753559170179384 0.17985446492161386 59.0 97.0 1.4105041496345843 
74098.65379397737 8744.937837680744 0.16571730049182243 0.2524610301994556 73.0 98.0 3.130952380952381 
26140.0 12843.966491692603 0.08607399794451513 0.5941675231243289 26.0 70.0 0.0 
57790.0 11513.815789473685 0.18113387077264143 0.3301523933614403 54.0 77.0 0.0 
61935.0 10989.1419869005 0.09120102761721259 0.2960822093770071 65.0 80.0 0.0 
53865.0 10449.70989738671 0.14580606365444393 0.36098833567332755 49.0 73.0 1.1904761904761905 
74852.07834094766 15693.223171673315 0.14645426523317162 0.1066289825280371 85.0 155.0 3.2557265399370663 
100985.0 8673.520614437857 0.11692041535337336 0.03791557715399697 106.0 117.0 3.4846041055718473 
50095.0 11087.823735888438 0.14771997430956968 0.371868978805395 55.0 80.0 0.0 
87460.0 7516.911055373335 0.31216496662290316 0.14130116220813604 103.0 83.0 2.0 
157345.62761540955 10959.00311051653 0.3661356628982011 0.0019270298047276587 168.0 98.0 0.5328947368421053 
65130.0 7640.068065714618 0.16634553628773283 0.2999357739242132 75.0 101.0 3.25 
59445.0 9218.325372054962 0.17857192270115432 0.30703579413843346 55.0 76.0 1.0909090909090908 
85350.89342359 18571.294136063687 0.038540595458634815 0.0 98.0 210.0 5.43921568627451 
126665.0 5179.047184458455 0.14065510597302505 0.03789338471419396 143.0 83.0 3.0 
117220.85300775469 16766.239905719576 0.0552415210688592 0.0 106.0 218.0 4.828528121775026 
71280.0 9128.665432597094 0.2389374193822499 0.27039309905871883 87.0 87.0 1.2333333333333334 
94675.0 7663.7257885114495 0.19784172661909577 0.27042651592962025 94.0 79.0 1.0476190476190477 
68730.0 7495.9571825339535 0.13230571612074501 0.3179190751445087 70.0 96.0 3.1739316239316238 
29885.0 11408.78575212992 0.17276814386640976 0.5838150289017341 29.0 70.0 0.0 
33965.0 11309.196326739424 0.1457931920359666 0.6114322414900449 36.0 73.0 0.0 
68546.48630851715 16788.382959065668 0.14581398465042994 0.1670094147638124 57.0 123.0 2.9842331581462016 
157305.0 7201.503963554904 0.23509647730080532 0.021844373247137564 171.0 98.0 2.333333333333333 
47860.0 7733.454365406831 0.10918432883750803 0.4091201027617213 55.0 79.0 2.0 
119015.0 5866.3987202165445 0.15414258188824662 0.03789338471419396 130.0 94.0 3.071428571428571 
159070.0 4558.469236471458 0.4258188824662813 0.0 187.0 88.0 3.0 
48245.0 15359.4584100688 0.10020554984583763 0.29419321685508737 58.0 113.0 2.7754329004329 
63525.0 14115.764178521154 0.21646902036090518 0.20298005969345437 57.0 87.0 0.6555183946488294 
81765.0 7152.325463572804 0.2254335260115607 0.17276814386640976 93.0 81.0 2.0 
174845.55483550785 11034.293358626439 0.3667780061664409 0.013489208633093525 176.0 100.0 0.0 
54700.0 13163.10752587174 0.2164597778528526 0.27684969654519814 48.0 93.0 2.020833333333333 
99830.0 6030.389263183463 0.23699421965317918 0.10404624277456648 133.0 92.0 3.512173913043478 
51975.0 15624.835431845911 0.13937058445728967 0.27488760436737314 57.0 119.0 2.5757575757575757 
78416.45873902063 18100.387229012278 0.1181914088877699 0.012846865364850977 80.0 153.0 3.3981544771018455 
42885.0 13859.11532834723 0.08350462500931362 0.3597122298342764 44.0 87.0 0.0 
62410.0 7807.197790749642 0.1907514450867052 0.3179190751445087 61.0 79.0 2.0 
139895.0 5112.209040081348 0.1233140655105973 0.03789338471419396 157.0 90.0 3.385507246376812 
201080.0 7833.650262077757 0.29030186255619783 0.07129094412331406 167.0 93.0 0.6842767295597484 
150865.0 5127.868778999426 0.3622551148830009 0.03789338471419396 161.0 81.0 3.0 
107885.0 5633.134649002715 0.14065510597302505 0.03789338471419396 130.0 97.0 3.0 
176580.0 5733.770325876358 0.22350674373795762 0.0 196.0 109.0 3.3333333333333335 
81326.4860929464 21093.13937977874 0.09828132552103865 1.6502074970906843E-6 79.0 182.0 4.601537935748462 
134130.0 5693.673929223228 0.17212588310854207 0.006422607578676943 141.0 79.0 3.128205128205128 
55355.0 7772.557119575134 0.13744380218368657 0.35773924213230573 63.0 82.0 2.75 
146860.0 5714.20239737686 0.2466281310211946 0.0 166.0 97.0 3.2325581395348837 
