1.1210659137117496E-12 1.001296999307394 
0.8515724136745821 -0.7729137304124235 
0.6530594329134809 -0.4573944331120634 
0.8235117816749254 -0.46000703718546754 
0.4541667064431851 -0.12330737382626417 
0.6184378936106475 -0.12434156520638348 
0.2586688956811281 0.24313908775365514 
0.4094812072219396 0.24073377626156992 
0.08189167997956012 0.670762990771702 
0.18258164908085434 0.6686466486456699 
0.8253856466719574 -0.49820683354578293 
0.06436197423202678 0.6921755033639929 
0.8278662709906425 -0.5444248151775191 
0.2200025211991986 0.40279503179041526 
0.21574304774630812 0.43442061827333983 
0.6369983842469007 -0.38190787915899266 
0.05081152760577531 0.7251330571459382 
0.6259610665166035 -0.2459979327720519 
0.4354165017535555 -0.04944267581797371 
0.20002446019734402 0.5637199914942354 
0.6233662668871092 -0.20315775228983812 
0.43226235972677307 -0.023292393640381198 
0.8416435593443315 -0.729569005886172 
0.039691621547576134 0.7641462967719377 
0.6329973395094892 -0.33900310776403925 
0.4260702855596402 0.03689356221329326 
0.4160722383273007 0.15508211131000338 
0.41484724920795346 0.1788916353908483 
0.23865271816903125 0.28900860551832036 
0.8359992550936085 -0.6680963109907444 
0.1881321261395198 0.6358993904833069 
0.6349794570700945 -0.36147901183986636 
0.6443897584157535 -0.43599183617562765 
0.22271154908534674 0.38303374048325056 
0.8377466617529271 -0.6907222584059931 
0.41800976508537263 0.130404132509761 
0.2327675891286082 0.3190581298305878 
0.04535486570531394 0.7439557263360674 
0.4125000294850791 0.20061663703651855 
0.8315704052273258 -0.6070171231431389 
0.8453228074128178 -0.7545767090054022 
0.6407391842736966 -0.4132211019577642 
0.6207958812472755 -0.16456742832848187 
0.4225262062846116 0.07626067126823781 
0.8292424209934446 -0.5690992965114616 
0.8395630802331044 -0.7100350738533917 
0.005345735038392613 0.9271443714824497 
0.41113477342323923 0.21896424961371574 
0.43896753687103185 -0.07092680506669698 
0.23045796371234523 0.33298737197126455 
0.8341743828069669 -0.6456029615497326 
0.18630970311945058 0.6572912757668845 
0.6226305451808222 -0.194651666927304 
0.2454670958364325 0.26264255423849137 
0.25012527917969557 0.25085473271202124 
0.42076741272872825 0.0967354252434907 
0.6200811783106575 -0.15263164121894512 
0.8302821989809286 -0.5864328900062109 
0.2370110611395449 0.2977579667102335 
0.8236451465171142 -0.4638917205334818 
0.19642985274713354 0.5824564212977217 
0.020265698802537424 0.8466034115394988 
0.22726818528241272 0.35281785712110153 
0.22559373617578857 0.36336974005693723 
0.202496232857735 0.5352768556427792 
0.649486192905614 -0.4545956361485231 
0.41962370640452734 0.1133450671241507 
0.6309684799733809 -0.3141488831497113 
0.1912286207937418 0.6157790544143521 
0.4287595715916894 0.009239557944184108 
0.02591882066957115 0.822555788943734 
0.6302177769565096 -0.3055145477465684 
0.2095181499599357 0.481416717635387 
0.013976689382604823 0.8776393967375905 
0.030526416056413215 0.8014987122171385 
0.0699547768409583 0.6797244582610289 
0.009651106262001052 0.9001960007411558 
0.4300273386523658 -0.002404100677671527 
0.21215323340619907 0.4617854406101133 
0.21313398728374217 0.4538996450572186 
0.20904335502279447 0.49185409339463537 
0.6284508079069008 -0.28190189688507483 
0.01833098760756907 0.8591415171243699 
0.4466812945601608 -0.11159999040544372 
0.2060377983625445 0.5087432689734062 
0.4406059141839285 -0.0846681780919184 
0.00842883745448697 0.9074982818942827 
0.6190683422638982 -0.12526062611751726 
3.0032055083096046E-4 0.9945044056003813 
0.6416704891091412 -0.41968920665788845 
0.6268172162263744 -0.25868060068826515 
0.00253885729919176 0.9508066788856283 
0.028818283612111736 0.8115136853447263 
0.034059497967145025 0.7870549719540636 
0.035766550767987654 0.7800920235961208 
0.2050910362575146 0.5164909187244731 
0.048159255538250734 0.7333162148577739 
0.014586380343084515 0.8741351032638374 
0.4511076729627837 -0.12111745546447043 
8.791480255194717E-4 0.9716609933430194 
