7.071865936512348E-5
6.553613755020134E-5
6.449080154946656E-5
6.403016841237635E-5
6.389233519186868E-5
6.407135686147053E-5
6.97081431615945E-5
6.789363131187029E-5
6.469946384786454E-5
7.168821763281448E-5
6.886091829922066E-5
6.946502965543979E-5
6.927849794089636E-5
6.503147036598616E-5
6.218914227841734E-5
6.344615037102378E-5
6.458884444298158E-5
6.83443769424919E-5
6.860916258997108E-5
7.038113162622438E-5
7.101812755900572E-5
7.102542614151809E-5
6.760472160428914E-5
6.82749321012132E-5
6.588093080206814E-5
7.966349515846421E-5
6.230749123438701E-5
6.669410124717195E-5
6.762801205649457E-5
7.242510987317307E-5
