2.302545363278225E-9 1.0011398156949955 
0.9999020976652352 6.810107123623221E-4 
2.302545363278225E-9 1.0011398156949955 
0.2945134727622799 0.4581086457114059 
0.3273125621096111 0.42902225932308835 
0.01660898730650455 0.872527948028701 
0.19309938633603824 0.5621213397001315 
0.03052938077566022 0.8263984600249727 
0.6550965829817228 0.19136362298050918 
0.6789136435110649 0.17670039389544656 
0.3417339557428295 0.4162519220181885 
0.36428860943517316 0.397689516004548 
0.2564897638401823 0.4948161364809648 
0.5913802048976406 0.2319937869672985 
0.2196933541100411 0.5326758641330251 
0.004397391151219898 0.9349555560291016 
0.7831547840415076 0.11585083413589453 
0.5701237371455731 0.24556915472514088 
0.5171743725345153 0.2817023803523331 
0.06909906680987138 0.7384730094135401 
0.18013910874597475 0.5766546640941295 
0.7129455756596411 0.15674626715497397 
0.8532149868017465 0.07718269786452212 
0.8381363772598781 0.08516994232527318 
0.2842403684062485 0.46829642269423855 
0.07978747135105663 0.7185528676471824 
0.1503270910943027 0.6151855570598891 
0.8249231187884994 0.09320394469664284 
0.7254440117079831 0.1491844320132786 
0.5305463344700652 0.27222925261566716 
0.4415529109275971 0.3366245457015886 
0.033774037642630705 0.8172820860534366 
0.7642387155266136 0.12644713974281127 
0.5403025038413587 0.26575435571902933 
0.7384001849713485 0.14176156648656715 
0.6020494997060557 0.22507817138620195 
0.6959230529343331 0.16660900127923242 
0.5028232345103226 0.2936149561744734 
5.995133959421847E-4 0.9771369385276318 
0.9845908763198935 0.009227651801510826 
0.8753250167862079 0.0656825201166642 
0.9209752688635584 0.04092707653946647 
0.0640744487925021 0.7516665345515028 
0.047600951808324576 0.7830869548382219 
0.4261046877714279 0.35298931346677365 
0.2088254975891037 0.544513707478824 
0.1310129564229215 0.6391846871750414 
0.8675920027600823 0.0694485728766823 
0.48286598605460346 0.30595446662524917 
0.13961315438598243 0.6277468153149278 
0.39107948464940967 0.3754084104496003 
0.23417154754618388 0.517102269104008 
0.7489832720898307 0.13537505952102238 
0.04299694920385158 0.79998098333985 
0.4531174078693242 0.3277849717680758 
0.79619282342328 0.10833146265013606 
0.4967282468910141 0.2974157836513237 
0.6423279598153679 0.20016784426300085 
0.39752754637490245 0.3708635696611078 
0.8121997094800723 0.10029478814664457 
0.43078407543866315 0.34433645069649504 
0.008833765603507682 0.9082789394254716 
0.11125484125127906 0.679615974502523 
0.053663512665518026 0.7698612743634453 
0.24248171895920967 0.508553351522238 
0.26929205252064536 0.48228109478227343 
0.09234775277188975 0.6974578351074212 
0.11154522886181659 0.6670417497278724 
0.8906155423073436 0.05695985172236544 
0.6283274632762785 0.2083587610712328 
0.272479877784903 0.47996327292789565 
0.3789381130642004 0.3854863484777585 
0.05739229710555244 0.7616027610337767 
0.4668578961194165 0.31758029398446136 
0.9604564210226475 0.020806807413710826 
0.9469608505005689 0.027843037669538006 
0.1252597155612699 0.6474428486305653 
0.47646569508357084 0.31057790482455333 
0.5530835325278627 0.2571789618154598 
0.3344746411788102 0.42269270752061916 
0.6929575320472086 0.17298870659247403 
0.002319035463573871 0.9542938868484457 
0.4091452506785279 0.36127563696254045 
0.41154241681516457 0.35923191385105446 
0.1634154807076867 0.5967778736926312 
0.7626295091179992 0.1331364213138912 
0.8037233332395106 0.10411228702445297 
0.4634783304675618 0.32617268627159995 
0.9971006502870302 0.0038602074650638234 
0.6139694164481134 0.21707535419715418 
0.011288594635323779 0.9027576956790445 
0.9087232922547706 0.04743112028347032 
0.09914787094813232 0.686039002728345 
0.1451198831980854 0.6199763886612635 
0.2090212027462918 0.5439351974433363 
0.08765227684170701 0.7052569140775389 
0.17083122740528173 0.5876149661134332 
0.0430281926216145 0.7938953993787244 
0.002554103028935186 0.9524958171889222 
0.1634154807076867 0.5967778736926312 
