6.415772875041458E-11 1.0010262278087367 
0.999807268288017 6.669702138876817E-4 
0.999807268288017 6.669702138876817E-4 
0.2630434263481738 0.48784940940544086 
0.2400396393809841 0.510656629939615 
0.9306245303209618 0.037419918742657904 
0.1692525405396294 0.589597745834073 
0.9597309024607661 0.02100159241009772 
0.2872905507056409 0.4650183361705177 
0.613926048967034 0.21748590323449082 
0.02741176529610275 0.8355195957825129 
0.0027183266165429765 0.9492659009485606 
0.733716157273648 0.14421999254964565 
0.7996173512636593 0.1065102635082288 
0.19060042582136522 0.5643301474801151 
6.030080304584573E-4 0.9770151209677665 
0.22262518843924275 0.5292701710456547 
0.4749486197782797 0.3119358700943401 
0.03567317906068446 0.81202288949135 
0.8592894687461091 0.07457934615781812 
0.41582067008916407 0.3559170095464164 
0.01667246125907068 0.8727635603829689 
0.8240774143719038 0.09853429716319088 
0.7083198528050333 0.1589605260807753 
0.40391222572957847 0.3651535728481714 
0.2031376371911547 0.5503625715142867 
0.0664888856532976 0.7436549191176348 
0.1585294307602938 0.6025335080133323 
0.010272918248779683 0.8996816851015915 
0.508244391382771 0.28782264183650946 
0.14264406077433356 0.6232803877049965 
0.7423108937041201 0.13922866008494683 
0.5907453343343905 0.23208247643058807 
0.49643027326159095 0.2964126282924071 
0.48650458217981896 0.30333868840329015 
0.6959993351973165 0.16715070278116922 
0.9085645570790761 0.0476602309593322 
0.32319999242275527 0.4322871313128137 
0.7770537149980349 0.11912536675054015 
0.34542690997377645 0.4182383833258057 
0.6839873960988705 0.17357982080207643 
0.782758639346369 0.11596543763715614 
0.3295867451697201 0.42692451595469294 
0.39264855224320694 0.3741868346211734 
0.5194436016067552 0.2800327014249559 
0.29471593133595786 0.4577203918474762 
0.6515695273747206 0.19350361694316476 
0.09566180683476094 0.691752835193933 
0.6443929441317986 0.20195580757903045 
0.06114328712024103 0.7537286560656917 
0.08776967917589579 0.7051902012874659 
0.842656187063856 0.08270615563390835 
0.8159428876160632 0.09854264258072862 
0.11408831698999536 0.666770121978504 
0.03941799053683276 0.8041712166855892 
0.2108568179943528 0.5415969784885841 
0.05268047721599435 0.7714201353338547 
0.10065812467314508 0.68489114721225 
0.07519867138252628 0.7268283841103353 
0.46062491976193753 0.32203625545602643 
0.6626749382595216 0.18702931412400178 
0.7597534106791786 0.12903912348233693 
0.021377019355124538 0.8549391223541392 
0.9063834548475361 0.04996238484105121 
0.5387001427258151 0.26668194106205984 
0.08357103804855243 0.7122539488298439 
0.44606585831266754 0.3382345575897735 
0.6260539607446638 0.2095706314094286 
0.12397353627722074 0.6489125451487112 
0.8893324044307092 0.05812154429690672 
0.9900925877318021 0.005761055352042175 
0.7579585474850247 0.13009754466287415 
0.3490406368072637 0.4103463010852848 
0.30474713171014456 0.4489551914575487 
0.842656187063856 0.08270615563390835 
0.30474713171014456 0.4489551914575487 
0.8866691512868271 0.0588623423828193 
0.19129486129991113 0.5633609364501148 
0.4298277468882775 0.345248387146407 
0.055533392211784355 0.7654911375528521 
0.6312387053605129 0.20603426707792016 
0.5509923892633888 0.2586677928188805 
0.13422840273738443 0.6346727090872593 
0.04587829362121856 0.7871596547655241 
0.9747626150754356 0.01335549276091613 
0.8715917007129323 0.0668981225942575 
0.42809149183623557 0.3465061260790365 
8.667625703201454E-5 0.9920748261198193 
0.21914599255266012 0.5345377445125927 
0.35774187113824363 0.4032415435995776 
0.5289733646591912 0.27441700764434174 
0.005609203048918376 0.9260408983381104 
0.5653644985458035 0.25731804316740825 
0.04502941251195247 0.7891644715731884 
0.3619459954383788 0.3992338777077655 
0.38098411399455046 0.3837143955711679 
0.07717951531705303 0.7234948055414778 
0.5848016031980826 0.23608647917702655 
0.6734638221821765 0.18019610585508927 
0.38493530702485573 0.38073469015292544 
