0.40267845850431216
0.43502345498277356
0.41369355251235906
0.3939690722755337
0.36522485693283824
0.3493629171897898
0.35514513035061296
0.34663664024137675
0.3831915748158294
0.3609757274809491
0.3721377328299278
0.3552207719181859
0.2993680270621926
0.37038274851072994
0.37646723815581595
0.33834053668807773
0.37611559636929304
0.341848448715798
0.4092162787382525
0.422570394730143
0.40168061340882977
0.35743954049663773
0.36078312454480643
0.3531212276878377
0.40910160482295393
0.38821275094610497
0.3831821150232746
0.41806627479727493
0.3837920632637297
0.3634231434706341
