126665.0 5179.047184458455 0.14065510597302505 0.03789338471419396 143.0 89.0 4.0 
70115.0 12265.053896748786 0.25626204238921 0.1355170199100835 76.0 74.0 0.0 
110870.0 8048.731282678263 0.13166345536287732 0.15542710340398203 119.0 76.0 1.0869565217391304 
85565.0 8367.297039642419 0.1579961464354528 0.10404624277456648 98.0 95.0 3.05 
48195.0 8919.527570821836 0.08670520231213873 0.3911368015414258 53.0 79.0 2.563131313131313 
77915.0 10693.590633278594 0.1926782273603083 0.07578676942838793 72.0 72.0 0.0 
97335.14224982823 13908.146532563223 0.06101477199743096 0.0 129.0 226.0 4.885610766045549 
72460.0 10432.092821169506 0.47912652536929995 0.10083493898522801 74.0 67.0 1.125 
44870.0 12370.301366809754 0.26140012845215155 0.3436095054592164 44.0 63.0 0.0 
65270.0 9656.334197672311 0.2922286448298009 0.15542710340398203 85.0 71.0 1.3716666666666668 
85224.02111288151 18781.945520193534 0.057161207450224794 0.0 84.0 200.0 5.026489814533293 
58065.0 12315.593926664367 0.32947976878612717 0.1689145793192036 61.0 80.0 1.3261904761904761 
70070.0 11265.15615523264 0.15285806037251123 0.17597944765574824 91.0 85.0 0.3543743078626799 
107324.12256537605 12970.701368408843 0.18497109826589594 0.0 153.0 178.0 2.90175261206606 
92753.35853499058 14760.0977903099 0.04238921001926782 0.0 108.0 213.0 5.3177536231884055 
70665.0 9368.834639803672 0.3904945407835581 0.1111111111111111 75.0 83.0 3.1777777777777776 
40715.0 9650.081725833466 0.11753371868978806 0.5452793834296724 45.0 75.0 1.1081081081081081 
57255.0 9938.502905191375 0.29543994861913936 0.31920359666024406 57.0 73.0 1.064516129032258 
80385.0 13839.089194372686 0.17726396917148363 0.03468208092485549 70.0 90.0 2.8471479500891266 
76330.0 12505.268144217776 0.09184328837508028 0.1676300578034682 66.0 85.0 0.9545454545454546 
71450.0 7399.423729920708 0.07064868336544637 0.3397559409120103 85.0 84.0 1.2173913043478262 
83655.74403752951 14773.445005458636 0.11432241490044959 0.01798330122029544 88.0 149.0 2.5985898470018256 
43690.0 12283.243930722698 0.09377007064868337 0.36095054592164416 43.0 74.0 0.6666666666666666 
118485.0 8110.947597358031 0.340398201669878 0.0899165061014772 114.0 76.0 0.0 
24885.0 12070.98546614676 0.06037251123956326 0.6107899807321773 23.0 68.0 0.0 
44160.0 12608.781544579731 0.1811175337186898 0.37957610789980734 42.0 70.0 0.0 
79525.0 10655.123441328304 0.4071933204881182 0.05266538214515093 92.0 93.0 3.254357298474946 
126665.0 5179.047184458455 0.14065510597302505 0.03789338471419396 143.0 95.0 3.0 
162437.08890637293 8795.89641986889 0.4360950545921644 0.0 151.0 106.0 4.345512820512821 
151650.0 9928.273229570066 0.5465639049454079 0.037251123956326265 131.0 74.0 2.0 
41795.0 11233.596791454554 0.2742453436095055 0.3615928066795119 45.0 63.0 0.0 
60505.0 8227.355924353515 0.08285163776493257 0.357096981374438 78.0 79.0 2.1276190476190475 
87502.90689015594 15651.839493730266 0.09505459216441875 0.0 98.0 147.0 4.087878787878788 
88208.27255232021 13622.457983409331 0.13359023763648042 0.0 123.0 153.0 4.708837209302326 
79970.0 11315.89110996676 0.1811175337186898 0.1457931920359666 90.0 78.0 0.17984496124031008 
91695.16750059674 16003.496814478714 0.10468850353243417 0.0 90.0 170.0 3.2528571428571427 
87025.0 8269.703190716617 0.2845215157353886 0.030828516377649325 104.0 72.0 2.365 
72920.0 11995.825771080294 0.1233140655105973 0.2960822093770071 82.0 110.0 3.4782608695652173 
56900.0 9933.840646068908 0.27681438664097624 0.33590237636480413 62.0 81.0 1.3448275862068966 
69660.0 11653.98451840948 0.3243416827231856 0.14771997430956968 64.0 68.0 0.0 
109472.51853331449 14273.289710652807 0.04945407835581246 0.0 121.0 205.0 5.071453900709219 
31705.0 11666.66666666667 0.12138728323699421 0.5305073859987155 32.0 73.0 0.0 
76970.0 11116.634072530283 0.5247270391779062 0.07064868336544637 82.0 69.0 0.0 
90250.24257915067 20272.562788447733 0.07321772639691715 0.0 89.0 211.0 4.856614219114219 
97689.69197347437 13540.114418160929 0.1355170199100835 0.015414258188824663 85.0 111.0 2.6323275862068964 
42900.0 9743.252538470686 0.14450867052023122 0.4026974951830443 48.0 68.0 1.1 
48865.0 10635.449561032901 0.19524727039177905 0.3140655105973025 52.0 79.0 2.545098039215686 
81320.0 7908.697188934748 0.3943481053307643 0.09248554913294797 89.0 71.0 2.208333333333333 
110989.99999999997 8292.83640248055 0.25305073859987154 0.0 109.0 109.0 3.8636263736263734 
148710.0 7771.099768875191 0.3481053307642903 0.12973667308927425 126.0 77.0 0.0 
74390.0 12412.754473665149 0.3365446371226718 0.08734746307000642 62.0 72.0 0.0 
99427.41601525407 10842.408728849681 0.17341040462427745 0.023121387283236993 130.0 141.0 2.9209478505990134 
30160.0 12572.552447552449 0.11624919717405266 0.5696852922286448 27.0 71.0 0.0 
39330.0 11395.91393604422 0.23699421965317918 0.4881181759794477 40.0 69.0 0.0 
107234.52623587556 11007.699613580962 0.19910083493898523 0.0 131.0 138.0 4.309346423491161 
86135.0 13074.596323779302 0.18818240205523443 0.017341040462427744 78.0 93.0 1.9326599326599325 
44875.0 9014.555515007032 0.20680796403339757 0.5028901734104047 53.0 81.0 1.2702702702702702 
64545.0 8334.772310423798 0.07771355170199101 0.3583815028901734 80.0 82.0 2.246666666666667 
71625.0 10655.589813863195 0.21901091843288376 0.23442517662170842 65.0 76.0 0.0 
80270.0 10266.032485287946 0.3243416827231856 0.11303789338471419 98.0 95.0 3.8284313725490193 
71700.0 10672.466901699416 0.5067437379576107 0.14836223506743737 75.0 73.0 1.4117647058823528 
87592.92124729948 18077.817095708426 0.09377007064868337 0.0 93.0 202.0 3.9728620436167605 
88039.92593506047 14463.33000355028 0.09441233140655106 0.0 95.0 155.0 4.13233665559247 
86897.08001417249 16916.411785580185 0.0789980732177264 0.0 100.0 221.0 4.705289521138049 
93973.25793439121 15398.307716103662 0.046885035324341684 0.0 107.0 192.0 5.223722592485269 
73625.0 11431.669784928703 0.16120745022479127 0.14515093127809892 96.0 89.0 0.17984496124031008 
58365.0 10473.446556920937 0.1457931920359666 0.36287732819524726 61.0 74.0 0.0 
86910.0 11374.78093870849 0.14258188824662812 0.03211303789338472 80.0 90.0 1.7198275862068966 
62930.0 11152.217355244136 0.38856775850995506 0.170199100834939 66.0 69.0 0.0 
110795.41764644539 12144.917582434171 0.2350674373795761 0.0 110.0 132.0 4.151190476190476 
79970.0 11315.89110996676 0.1811175337186898 0.1457931920359666 90.0 78.0 0.17984496124031008 
39420.0 10576.010101010103 0.18240205523442518 0.5491329479768786 49.0 71.0 0.0 
95449.23756121389 17991.014755929362 0.06551059730250482 0.0 92.0 188.0 4.69981351981352 
68130.0 11225.49770823571 0.50417469492614 0.13680154142581888 68.0 63.0 0.0 
93661.02232110973 17647.855706093407 0.03982016698779704 0.0 90.0 208.0 5.163650075414781 
64275.0 11201.66905338008 0.2703917790622993 0.31920359666024406 60.0 74.0 0.0 
100871.45511604243 14450.260346732353 0.054592164418754016 0.0 129.0 224.0 5.2373976850572594 
86365.0 9265.88061916824 0.29736673089274246 0.06229929351316635 78.0 70.0 1.1666666666666667 
64545.00000000001 11337.411107504819 0.05394990366088632 0.3583815028901734 85.0 148.0 4.913043478260869 
78535.0 12076.778427684023 0.28901734104046245 0.20488118175979447 65.0 85.0 2.486111111111111 
75865.0 9862.495454268223 0.2909441233140655 0.1252408477842004 86.0 79.0 1.656498673740053 
126665.0 5179.047184458455 0.14065510597302505 0.03789338471419396 143.0 89.0 4.0 
50020.0 11397.630757242989 0.09377007064868337 0.36095054592164416 50.0 72.0 0.6666666666666666 
64160.0 9483.535727723929 0.11175337186897881 0.3789338471419396 77.0 80.0 1.0434782608695652 
38135.0 11841.668921986793 0.11560693641618497 0.5279383429672447 33.0 77.0 0.6111111111111112 
55860.0 10296.971359617624 0.29030186255619783 0.3249839434810533 60.0 73.0 1.1 
106425.0 7187.606286546107 0.22286448298008993 0.20745022479126526 109.0 77.0 1.0476190476190477 
55530.0 8393.985270049101 0.07964033397559409 0.32883750802825945 58.0 76.0 2.0 
38135.0 11841.668921986793 0.11560693641618497 0.5279383429672447 33.0 77.0 0.6111111111111112 
102067.16830468866 15353.302658884943 0.05523442517662171 0.0 124.0 210.0 4.933655083655084 
91285.00000000001 12804.50456480352 0.15157353885677585 0.015414258188824663 87.0 105.0 3.090909090909091 
126665.0 5215.434924292991 0.14065510597302505 0.03789338471419396 143.0 91.0 3.2564102564102564 
110411.99290670929 12376.28570312611 0.10661528580603725 0.0 118.0 166.0 4.73429292929293 
74155.0 11428.691983122362 0.3892100192678227 0.14129736673089274 63.0 71.0 0.0 
87155.0 9765.661560433993 0.271034039820167 0.05844572896596018 79.0 74.0 1.08 
73910.0 11483.339389047957 0.4290301862556198 0.10597302504816955 81.0 66.0 0.41333333333333333 
80375.0 11603.638210565172 0.17790622992935132 0.1123956326268465 89.0 85.0 0.17984496124031008 
58090.0 10940.131578947368 0.11368015414258188 0.380218368657675 60.0 73.0 0.0 
74440.0 7507.837854988357 0.0789980732177264 0.34425176621708414 86.0 79.0 1.0434782608695652 
81050.0 10934.280427110383 0.24084778420038536 0.05523442517662171 72.0 81.0 2.338235294117647 
38305.0 9597.583034487954 0.1708413615928067 0.5048169556840078 45.0 71.0 1.125 
144419.03553712103 10919.171106559566 0.1791907514450867 0.06422607578676943 142.0 144.0 2.556410256410256 
98807.27016340574 16060.83621856829 0.046885035324341684 0.0 112.0 229.0 5.064412238325282 
65500.0 10567.068308272266 0.12973667308927425 0.24405908798972384 62.0 74.0 0.0 
95219.91259380954 15757.637311053411 0.14065510597302505 0.0 99.0 165.0 3.481754786987345 
79185.0 10362.290710007199 0.2581888246628131 0.05523442517662171 72.0 69.0 0.0 
90943.10580813655 13468.727605913737 0.16184971098265896 0.0 120.0 168.0 3.739420995670996 
60235.0 10256.909693115304 0.2556197816313423 0.3930635838150289 57.0 72.0 0.0 
49345.0 9180.368170761869 0.13872832369942195 0.3692999357739242 57.0 85.0 2.129139784946237 
70095.0 11074.681616832784 0.3937058445728966 0.14065510597302505 68.0 64.0 0.0 
92020.0 12584.191274335004 0.1457931920359666 0.006422607578676943 105.0 127.0 1.8541666666666665 
59610.0 9561.897247007271 0.018625561978163133 0.4071933204881182 76.0 77.0 1.2 
