82716.87642563251 18037.188261926876 0.02954779033916133 0.0 94.0 219.0 4.832600732600732 
31470.0 11763.205174542933 0.055876685934489405 0.4707771355170199 33.0 63.0 0.0 
45830.0 12137.56464124111 0.20488118175979447 0.31085420680796405 39.0 64.0 0.0 
89775.71895424837 8152.839069560291 0.07258478931140801 0.03789825282631038 106.0 102.0 3.345421245421245 
66235.0 9121.2538156113 0.09185665333882781 0.18434789495633494 69.0 76.0 0.0 
70680.0 8752.628800069735 0.20937700706486834 0.11881824020552344 70.0 70.0 0.0 
86281.03688495466 13514.136371295299 0.05588072894282868 0.0 94.0 176.0 4.917521367521368 
62560.0 9874.272922297985 0.18754014129736674 0.18689788053949905 76.0 91.0 2.6345274952086095 
52965.0 8629.475470067322 0.07642903018625562 0.3583815028901734 57.0 89.0 2.9183303085299452 
36890.0 9786.111111111111 0.10083493898522801 0.41490044958253053 48.0 66.0 1.12 
64925.27245242976 10020.671581918348 0.2588643371011985 0.14131551938396583 73.0 98.0 3.5039525691699605 
65955.0 9354.503487974189 0.2999357739242132 0.1567116249197174 77.0 72.0 1.08 
56280.0 8787.12342224339 0.1676300578034682 0.22736030828516376 62.0 71.0 0.0 
68735.0 13023.175623940338 0.16634553628773283 0.12845215157353887 65.0 104.0 3.419047619047619 
84450.39959401578 18999.21645191729 0.06294155427103404 0.0 88.0 204.0 4.647777777777778 
47085.0 12148.223911080207 0.09826589595375723 0.363519588953115 46.0 77.0 0.5333333333333333 
62563.31758100731 13464.322048341064 0.24149004495825305 0.14515093127809892 61.0 84.0 0.0 
74115.0 11276.88965933708 0.10404624277456648 0.14836223506743737 69.0 97.0 2.7533333333333334 
95550.0 7824.573446472481 0.12780989081567115 0.07129094412331406 109.0 84.0 1.1428571428571428 
65145.0 11013.160657568247 0.19845857418111754 0.13937058445728967 61.0 76.0 1.2307692307692308 
81262.92968904789 12649.4142241413 0.12074502247912652 0.06294155427103404 71.0 94.0 0.717948717948718 
88489.50844336348 19266.351698180973 0.04367373153500321 0.0 84.0 208.0 5.450904088050314 
31470.0 11763.205174542933 0.055876685934489405 0.4707771355170199 33.0 63.0 0.0 
45830.0 12137.56464124111 0.20488118175979447 0.31085420680796405 39.0 64.0 0.0 
89775.71895424837 8152.839069560291 0.07258478931140801 0.03789825282631038 106.0 102.0 3.345421245421245 
79200.0 10106.70759234735 0.1457931920359666 0.25112395632626844 84.0 75.0 0.0 
74660.0 8859.828501513834 0.19588953114964675 0.12074502247912652 77.0 69.0 0.0 
82411.33710615357 14670.885571795301 0.03147308740478028 0.0 95.0 191.0 5.012833290740267 
83903.9174118914 14072.403579766844 0.12974385056980534 0.0032717761253072603 99.0 147.0 4.2214285714285715 
52965.0 8619.754490781936 0.0764388489208633 0.3584275436793422 57.0 87.0 2.885662431941924 
36890.0 9786.11111111111 0.10084789145009444 0.41495374443796823 48.0 66.0 1.12 
64925.27114787899 10020.675716257663 0.2588643371017471 0.14131551901340836 73.0 98.0 3.5039525691699605 
66085.0 9857.745752836678 0.32566489829773987 0.14966194338783598 85.0 69.0 1.290909090909091 
56280.0 8787.12342224339 0.1676300578034682 0.22736030828516376 62.0 71.0 0.0 
68088.12262251337 12659.665475502607 0.16698779704560052 0.12652536929993577 66.0 100.0 3.05062656641604 
93603.53033962491 17465.522021872875 0.06166495378320172 1.334017762943821E-13 103.0 213.0 4.574086160843314 
53960.0 12269.28113328339 0.11112538540596095 0.27620760534429595 55.0 85.0 0.5333333333333333 
62563.317698999046 13464.321992911577 0.24149004495825305 0.14515093127809892 61.0 84.0 0.0 
86959.99999999999 12176.649960525787 0.1689145793192036 0.007707129094412331 88.0 97.0 3.8999999999999995 
95550.0 7824.573446472481 0.12780989081567115 0.07129094412331406 109.0 84.0 1.1428571428571428 
68895.0 10791.321219365393 0.17790622992935132 0.14258188824662812 63.0 69.0 0.0 
81262.92968922784 12649.414220073992 0.12074502247912652 0.06294155427103404 71.0 94.0 0.717948717948718 
82357.13225602452 18670.027865056214 0.035972130444930694 0.0 94.0 229.0 4.9152521237627615 
31470.0 11763.205174542933 0.055876685934489405 0.4707771355170199 33.0 63.0 0.0 
45830.0 12137.56464124111 0.20488118175979447 0.31085420680796405 39.0 64.0 0.0 
89775.71895424837 8152.839069560291 0.07258478931140801 0.03789825282631038 106.0 102.0 3.345421245421245 
80655.0 10182.650602409636 0.19910083493898523 0.06551059730250482 84.0 84.0 0.0 
82241.25109472834 14788.182295927509 0.03147481992131083 0.0 95.0 201.0 5.012833290740267 
88111.88343744977 13554.906396045655 0.10340398201669879 0.0 117.0 167.0 4.438092433881907 
52965.0 8619.8300007819 0.07643884892086329 0.35842754367934215 57.0 87.0 2.885662431941924 
36890.0 9786.11111111111 0.10084789145009444 0.41495374443796823 48.0 66.0 1.12 
64925.27114787899 10020.675716257663 0.2588643371017471 0.14131551901340836 73.0 98.0 3.5039525691699605 
60440.0 9665.789781020225 0.33140655105973027 0.1791907514450867 73.0 73.0 1.1176470588235294 
56280.0 8787.12342224339 0.1676300578034682 0.22736030828516376 62.0 71.0 0.0 
68088.06232693754 12663.621740241215 0.16700924974270873 0.12654162384351392 66.0 100.0 3.05062656641604 
53960.0 12269.28113328339 0.11112538540596095 0.27620760534429595 55.0 85.0 0.5333333333333333 
62563.34368188665 13464.309786596683 0.24149004495825305 0.14515093127809892 61.0 84.0 0.0 
93037.79571078297 10836.43348181 0.10791366728417748 0.0 93.0 143.0 4.455974842767295 
95550.0 7824.573446472481 0.12780989081567115 0.07129094412331406 109.0 84.0 1.1428571428571428 
70100.0 11013.129924867144 0.2222222222222222 0.13808606294155426 61.0 63.0 0.0 
81262.92969469826 12649.414201383035 0.12074502247912652 0.06294155427103404 71.0 94.0 0.717948717948718 
89379.80109830617 18993.378477105864 0.037898252200990905 0.0 91.0 223.0 5.38265139116203 
31470.0 11763.205174542933 0.055876685934489405 0.4707771355170199 33.0 63.0 0.0 
45830.0 12137.56464124111 0.20488118175979447 0.31085420680796405 39.0 64.0 0.0 
89775.71895424837 8152.839069560291 0.07258478931140801 0.03789825282631038 106.0 102.0 3.345421245421245 
76510.0 10531.28111863544 0.23956326268464997 0.09955041746949261 76.0 71.0 0.0 
81712.77676397373 15181.045631674573 0.0430355137854748 0.0 94.0 196.0 5.229152456738664 
95393.26208516126 9307.558316760822 0.0674373795761079 0.0 129.0 179.0 4.7316460135609075 
52965.0 10085.737476691756 0.07642903018625562 0.3583815028901734 57.0 79.0 3.540834845735027 
35595.0 10215.997322623823 0.09184328837508028 0.42324983943481054 43.0 73.0 1.7142857142857144 
64925.27114787899 10020.675716257663 0.2588643371017471 0.14131551901340836 73.0 98.0 3.5039525691699605 
63300.0 9902.765629441734 0.3384714193962749 0.1811175337186898 77.0 69.0 1.12 
56280.0 8787.12342224339 0.1676300578034682 0.22736030828516376 62.0 71.0 0.0 
68088.06232693754 12663.621740241215 0.16700924974270873 0.12654162384351392 66.0 100.0 3.05062656641604 
53960.0 12269.28113328339 0.11112538540596095 0.27620760534429595 55.0 85.0 0.5333333333333333 
62563.317580344024 13464.322048652657 0.24152106487411154 0.14516957622752447 61.0 84.0 0.0 
93037.75868474334 10838.144281813284 0.10789980732177264 0.0 93.0 143.0 4.455974842767295 
95550.0 7824.573446472481 0.12780989081567115 0.07129094412331406 109.0 84.0 1.1428571428571428 
74785.0 10416.599547960564 0.22736030828516376 0.1355170199100835 68.0 70.0 0.0 
81262.92969507366 12649.414200600835 0.12074502247912652 0.06294155427103404 71.0 94.0 0.717948717948718 
90087.25056007416 18823.05353892849 0.037898252200990905 0.0 90.0 224.0 5.526241134751773 
31470.0 11763.205174542933 0.055876685934489405 0.4707771355170199 33.0 63.0 0.0 
45830.0 12137.56464124111 0.20488118175979447 0.31085420680796405 39.0 64.0 0.0 
89775.71895424837 8152.839069560291 0.07258478931140801 0.03789825282631038 106.0 102.0 3.345421245421245 
78995.0 10413.572607260729 0.26204238921001927 0.09698137443802184 79.0 69.0 0.0 
81875.49617542674 15066.52181881704 0.04303378104639878 0.0 94.0 184.0 5.229152456738664 
87645.67466892104 13695.33600750457 0.04817574432329352 0.0 108.0 169.0 5.416666666666667 
52115.0 10298.482705235763 0.0764388489208633 0.3584275436793422 55.0 97.0 3.2304900181488203 
39570.0 10529.365205656384 0.11564563047500383 0.39115198834608905 45.0 66.0 1.2 
64925.27114787899 10020.675716257663 0.2588643371017471 0.14131551901340836 73.0 98.0 3.5039525691699605 
64263.12374650193 11251.611242136141 0.2922286448298009 0.147077713551702 81.0 81.0 1.908235294117647 
56280.0 8787.12342224339 0.1676300578034682 0.22736030828516376 62.0 71.0 0.0 
68088.06495993212 12662.750835710738 0.16700924698741756 0.12654162175585099 66.0 100.0 3.05062656641604 
53960.0 12269.28113328339 0.11112538540596095 0.27620760534429595 55.0 85.0 0.5333333333333333 
62563.31758100939 13464.32204834009 0.24152106487411154 0.14516957622752447 61.0 84.0 0.0 
87506.49276545235 12966.57358500707 0.14258188824662812 0.028901734104046242 93.0 137.0 3.8813953488372093 
95550.0 7308.416670944046 0.12780989081567115 0.07129094412331406 110.0 89.0 1.2857142857142856 
67345.0 10600.991138131474 0.2145150931278099 0.17276814386640976 63.0 78.0 1.1176470588235294 
81262.93103524976 12649.411411283229 0.12074502247912652 0.06294155427103404 71.0 94.0 0.717948717948718 
91177.460631359 11139.49499864459 0.22093770070648683 0.010918432883750802 97.0 137.0 3.982702702702703 
48840.0 10359.456578545669 0.09377007064868337 0.4052665382145151 54.0 77.0 1.0625 
75810.0 11811.90288161159 0.2806679511881824 0.09120102761721259 72.0 85.0 1.3366946778711486 
74760.0 11711.390124445295 0.23638232208751783 0.0648766713216437 91.0 96.0 1.832523616734143 
62563.31772752943 13464.321979508724 0.24152106487411154 0.14516957622752447 61.0 84.0 0.0 
95550.0 7309.798893997072 0.12780989081567115 0.07129094412331406 110.0 81.0 1.0666666666666667 
81262.92968904192 12649.414224337977 0.12076053243705577 0.06294963924910355 71.0 94.0 0.717948717948718 
89775.71895424837 8152.839069560291 0.07258478931140801 0.03789825282631038 106.0 102.0 3.345421245421245 
46205.0 12030.32691870893 0.2556197816313423 0.30700064226075785 41.0 64.0 0.0 
87844.86681327317 13571.623000177084 0.04816955684007707 0.0 110.0 176.0 5.091666666666667 
52145.0 9638.118731185357 0.06486833654463713 0.3583815028901734 60.0 103.0 3.124318488529015 
64925.27089949144 10020.676507108616 0.25886433710174717 0.14131551901336076 73.0 98.0 3.5039525691699605 
56280.0 8787.12342224339 0.1676300578034682 0.22736030828516376 62.0 71.0 0.0 
