1.0378370689755889E7 32098.332347089872 0.21240099513645747 0.6064839619389378 10524.0 603.0 7.755349755349756 
1.5943972166075813E7 29276.88927069193 0.36086638251037034 0.43834656338744765 17801.0 600.0 9.25723642366397 
1.1995931973735722E7 35005.27914850107 0.27090056526741174 0.5205205361110765 12619.0 610.0 4.166538491538492 
4.176126084609507E7 47741.48599528745 0.05758583596366091 0.0 42555.0 1970.0 12.181089628959777 
1.0224455727281118E7 38513.64829554032 0.2251672757270142 0.575064062453098 10419.0 605.0 4.638638954399823 
1.5235026072820222E7 39494.45527548883 0.3717948052352596 0.4075548887169876 14905.0 601.0 4.511832039549431 
5.353325501724936E7 31519.305259132503 0.22561352320927022 0.0 55907.0 1242.0 11.549818989251964 
4.229563294087931E7 32300.63568965748 0.5510370675437386 0.027427506068084077 44570.0 761.0 5.115729179016787 
4.1999621476378575E7 43166.026514902565 0.1402681384537883 0.0 43846.0 1720.0 11.612380244562894 
2.0517503037442695E7 33568.56932709348 0.2154848390827787 0.4593213053067099 21581.0 802.0 10.33566514786027 
1.1493612530725962E7 33597.26718518612 0.24402336660145948 0.5558082161057603 12146.0 601.0 5.6018623138188355 
2.4233801390417088E7 32597.858348570204 0.4894536556599684 0.2518679905857485 24246.0 638.0 10.484660768484298 
2.678315690203345E7 32368.59656827385 0.498829799475697 0.1969817793671217 31305.0 678.0 5.242275308287432 
1.6686224534103628E7 32628.005148965232 0.3915909723347081 0.3942023748707278 17597.0 585.0 4.7120754785388925 
2.2595025462963123E7 34055.40515990631 0.5603301477337387 0.19907920804415816 22614.0 591.0 4.129486819486819 
4.03756807733855E7 44169.74024382512 0.19722578452809694 0.0 42268.0 1543.0 11.248566984844313 
4.179073820846608E7 47973.64939084759 0.0757202902342887 0.0 42443.0 1916.0 12.056777359112425 
1.5647559952849254E7 39220.07996124631 0.26379318937911955 0.4854612889426052 15860.0 661.0 6.207938096375601 
2.3312199754640214E7 40240.17129971387 0.5158532381391447 0.21757707531222611 22367.0 640.0 4.715234413414952 
3.2345522737640485E7 29848.0877418086 0.23802697830512898 0.3015108806428944 35737.0 860.0 9.33207485703192 
4.426704207922906E7 35114.21068435092 0.31853397494624247 0.11199438055503734 45852.0 1002.0 7.758799794157617 
3.832677271005975E7 33809.068870850664 0.5065913253667115 0.18198827931915704 35030.0 696.0 6.100664101750159 
1.0378369347600058E7 32098.577664794368 0.21240099513645747 0.6064839619389378 10524.0 603.0 7.755349755349756 
1.4229878772395283E7 30271.418522489737 0.3370007327509996 0.4712101756184517 15910.0 582.0 8.792034958462505 
1.1995931170139236E7 35005.28321066524 0.27090056526741174 0.5205205361110765 12619.0 610.0 4.166538491538492 
4.176282472025009E7 47840.41223967765 0.05827113373073235 0.0 42553.0 1970.0 12.194978517848666 
1.0224455727281118E7 38513.64829554032 0.2251672757270142 0.575064062453098 10419.0 605.0 4.638638954399823 
1.5235055183958502E7 39494.13237337259 0.3717951912809412 0.4075553118934349 14905.0 601.0 4.511832039549431 
4.6491619037174955E7 35334.83157790767 0.2210556390327981 4.397041661454046E-7 48227.0 1237.0 11.230152896863627 
4.1623962477656096E7 33037.31182616575 0.5398075199309043 0.035199417000274 44260.0 765.0 5.163412797455122 
4.1999621476378575E7 43166.026514902565 0.1402681384537883 0.0 43846.0 1720.0 11.612380244562894 
2.074981591493101E7 33580.54221404213 0.21624803793993197 0.45932131275607896 21546.0 798.0 10.357390548896015 
1.1493698526384505E7 33599.724614129394 0.2440233666011964 0.5558082161051611 12147.0 601.0 5.6018623138188355 
2.4272193833121583E7 32808.041067086786 0.4894536717461654 0.250196246300161 24172.0 643.0 10.373549657373188 
2.678315690203345E7 32368.59656827385 0.498829799475697 0.1969817793671217 31305.0 678.0 5.242275308287432 
1.6686224534103625E7 32628.005148965254 0.3915909723347081 0.3942023748707278 17597.0 585.0 4.7120754785388925 
2.259502546296308E7 34055.40515990647 0.5603301477337387 0.19907920804415816 22614.0 591.0 4.129486819486819 
4.037518249964493E7 44170.59804990627 0.19722578715874978 0.0 42269.0 1543.0 11.248566984844313 
4.179073820846608E7 47973.64939084759 0.0757202902342887 0.0 42443.0 1916.0 12.056777359112425 
1.5647559952849254E7 39220.07996124631 0.26379318937911955 0.4854612889426052 15860.0 661.0 6.207938096375601 
2.3312199754874647E7 40240.171297742134 0.5158532381391447 0.21757707531222611 22367.0 640.0 4.715234413414952 
3.4375833842005275E7 34735.25192168029 0.3201537901581781 0.2098258985003118 35172.0 924.0 10.150329393489686 
4.394737960165706E7 35202.958751913284 0.3223083344754934 0.11199438470579928 45587.0 997.0 7.7129669278769155 
3.8326697006544225E7 33809.07933847904 0.5065907993583121 0.18198809035547225 35030.0 696.0 6.100664101750159 
1.0378369347600058E7 32098.577664794368 0.21240099513645747 0.6064839619389378 10524.0 603.0 7.755349755349756 
1.4229878772395283E7 30271.418522489737 0.3370007327509996 0.4712101756184517 15910.0 582.0 8.792034958462505 
1.1995931170139236E7 35005.28321066524 0.27090056526741174 0.5205205361110765 12619.0 610.0 4.166538491538492 
4.176282472025009E7 47840.41223967765 0.05827113373073235 0.0 42553.0 1970.0 12.194978517848666 
1.022445450721953E7 38513.652317342916 0.22516727572701148 0.5750640624531017 10419.0 605.0 4.638638954399823 
1.5235055183958502E7 39494.13237337259 0.3717951912809412 0.4075553118934349 14905.0 601.0 4.511832039549431 
4.708341658031837E7 32028.178177085912 0.34787200543215857 0.06814566538321604 52004.0 974.0 11.28679272800295 
4.1623962477656096E7 33037.31182616575 0.5398075199309043 0.035199417000274 44260.0 765.0 5.163412797455122 
4.1999621476378575E7 43166.026514902565 0.1402681384537883 0.0 43846.0 1720.0 11.612380244562894 
1.970767138200986E7 32472.580997299585 0.23496393529063309 0.464367596313605 20737.0 759.0 10.063897078531225 
1.304455868791023E7 33267.9916257762 0.24315091606659847 0.5459642710664168 13781.0 626.0 6.313182877313313 
2.3912713057565622E7 32599.45970003624 0.4878183003767065 0.2575164783134181 24201.0 640.0 10.38405701346878 
2.678315690203345E7 32368.59656827385 0.498829799475697 0.1969817793671217 31305.0 678.0 5.242275308287432 
1.6686224534103625E7 32628.005148965254 0.3915909723347081 0.3942023748707278 17597.0 585.0 4.7120754785388925 
2.259502546296308E7 34055.40515990647 0.5603301477337387 0.19907920804415816 22614.0 591.0 4.129486819486819 
4.030247857821333E7 44448.057750959 0.1976514869401707 0.0 42524.0 1562.0 11.34635075083727 
1.5647559952849254E7 39220.07996124631 0.26379318937911955 0.4854612889426052 15860.0 661.0 6.207938096375601 
2.3312199754874647E7 40240.171297742134 0.5158532381391447 0.21757707531222611 22367.0 640.0 4.715234413414952 
3.6513444432159625E7 35132.53866874842 0.32893804529412024 0.19509718381855679 35865.0 919.0 10.226789959055905 
4.394742776932764E7 35205.35420113421 0.3223083305564669 0.11199438470579498 45583.0 997.0 7.7129669278769155 
2.7505358754705932E7 35214.38980957608 0.5113878837278122 0.2001017563351106 27115.0 664.0 5.548066490281043 
1.0378367893079387E7 32098.842871075525 0.21240099513645747 0.6064839619389378 10524.0 603.0 7.755349755349756 
1.4229878772395283E7 30271.418522489737 0.3370007327509996 0.4712101756184517 15910.0 582.0 8.792034958462505 
1.1995931170139236E7 35005.28321066524 0.27090056526741174 0.5205205361110765 12619.0 610.0 4.166538491538492 
4.1721550843472674E7 48229.82818212438 0.05482906236690644 0.0 42534.0 1988.0 12.262765135651325 
1.0224478182173498E7 38513.7413890597 0.2251672751286492 0.5750640650244423 10419.0 605.0 4.638638954399823 
1.5235055183958502E7 39494.13237337259 0.3717951912809412 0.4075553118934349 14905.0 601.0 4.511832039549431 
4.669387128255915E7 32509.827966863624 0.3579905697544925 0.06814566538328952 51784.0 967.0 11.190401826999011 
4.1623962477656096E7 33037.31182616575 0.5398075199309043 0.035199417000274 44260.0 765.0 5.163412797455122 
4.1999621476378575E7 43166.026514902565 0.1402681384537883 0.0 43846.0 1720.0 11.612380244562894 
2.066718236997649E7 33286.38274898388 0.22958551717972392 0.46190650396920757 20666.0 752.0 10.170891086397633 
1.3044546926542254E7 33268.474504798694 0.24315116853747704 0.5459648379574711 13780.0 626.0 6.313182877313313 
2.3913081656586505E7 32598.978185793825 0.4878183003767065 0.2575164783134181 24201.0 640.0 10.38405701346878 
2.6783378867368378E7 32368.611826742686 0.49882980093117374 0.19698177936711647 31302.0 678.0 5.242275308287432 
1.6686224534103625E7 32628.005148965254 0.3915909723347081 0.3942023748707278 17597.0 585.0 4.7120754785388925 
2.259502546296308E7 34055.40515990647 0.5603301477337387 0.19907920804415816 22614.0 591.0 4.129486819486819 
4.045452701819254E7 44360.959876690016 0.1946922422534819 0.0 42442.0 1562.0 11.39281149489586 
1.5647559952849254E7 39220.07996124631 0.26379318937911955 0.4854612889426052 15860.0 661.0 6.207938096375601 
2.3312199756051615E7 40240.171285147044 0.5158532381391447 0.21757707531222611 22367.0 640.0 4.715234413414952 
3.432454859790954E7 35101.41557050429 0.33058900615676595 0.203429786007645 35294.0 909.0 10.212343364173256 
4.394742776932764E7 35205.35420113421 0.3223083305564669 0.11199438470579498 45583.0 997.0 7.7129669278769155 
2.7505462255853154E7 35214.16600256167 0.511388414717168 0.20010196410675726 27116.0 664.0 5.548066490281043 
1.0378367893079387E7 32098.842871075525 0.21240099513645747 0.6064839619389378 10524.0 603.0 7.755349755349756 
1.4229885665481633E7 30271.372322330808 0.33700071852508634 0.47121019558001176 15911.0 582.0 8.792034958462505 
1.1995929770870069E7 35005.29028414415 0.27090056526741174 0.5205205361110765 12619.0 610.0 4.166538491538492 
4.1826005299158856E7 48189.54321061622 0.05590373386526847 0.0 42515.0 1986.0 12.210161564395722 
1.0224478182168424E7 38513.74138907277 0.2251672751286492 0.5750640650244423 10419.0 605.0 4.638638954399823 
1.5235055183958502E7 39494.13237337259 0.3717951912809412 0.4075553118934349 14905.0 601.0 4.511832039549431 
5.042343105503463E7 33971.80684350936 0.2858574269145506 0.002735999418535228 53515.0 1162.0 11.857798624830822 
4.126423431362923E7 32171.72828328994 0.5772445329717185 0.03251013921669019 43212.0 749.0 4.876553234291274 
4.199891104638957E7 43166.62135097144 0.1402681386047321 0.0 43846.0 1720.0 11.612380244562894 
1.9634954031089228E7 32323.181425137587 0.24161937939018882 0.4664956883348822 20759.0 755.0 10.08562247956697 
1.3044546926542254E7 33268.474504798694 0.24315116853747704 0.5459648379574711 13780.0 626.0 6.313182877313313 
2.3913081656586505E7 32598.978185793825 0.4878183003767065 0.2575164783134181 24201.0 640.0 10.38405701346878 
2.6783378867368378E7 32368.611826742686 0.49882980093117374 0.19698177936711647 31302.0 678.0 5.242275308287432 
1.6686224534103625E7 32628.005148965254 0.3915909723347081 0.3942023748707278 17597.0 585.0 4.7120754785388925 
2.1648035993607007E7 33912.566666967716 0.5470550855377245 0.21789895793095979 21902.0 581.0 4.194486819486819 
4.037770688047767E7 44091.30329138207 0.19840946780374974 0.0 42746.0 1553.0 11.307992250658256 
1.5647559952849254E7 39220.07996124631 0.26379318937911955 0.4854612889426052 15860.0 661.0 6.207938096375601 
2.3312199756051615E7 40240.171285147044 0.5158532381391447 0.21757707531222611 22367.0 640.0 4.715234413414952 
3.517535213874894E7 35155.352573381824 0.3307343561078075 0.2030092580383816 35777.0 910.0 10.094411525968905 
4.5827084960733026E7 35262.20427403409 0.29326110194165933 0.1079968481379659 48730.0 1049.0 8.277350558386939 
2.7505462255853154E7 35214.16600256167 0.511388414717168 0.20010196410675726 27116.0 664.0 5.548066490281043 
1.4229885665481633E7 30271.372322330808 0.33700071852508634 0.47121019558001176 15911.0 582.0 8.792034958462505 
1.0224461644564359E7 38513.784101677695 0.22516727512864984 0.5750640650244396 10419.0 605.0 4.638638954399823 
2.678338798158419E7 32369.08545326986 0.49882980093117524 0.19698177936711647 31301.0 678.0 5.242275308287432 
3.498055531940894E7 35808.51762394668 0.3300957831884909 0.20442657842027936 35065.0 922.0 10.035014578266468 
4.6831318385846645E7 33101.59226266692 0.49167038402133906 0.011878917806124998 54440.0 866.0 6.996716103446326 
