42905.0 7899.693337050458 0.16120745022479127 0.48233782915863843 55.0 74.0 0.0 
42350.0 8726.19099348594 0.17341040462427745 0.363519588953115 53.0 65.0 0.0 
42350.0 8726.19099348594 0.17341040462427745 0.363519588953115 53.0 65.0 0.0 
42350.0 8726.19099348594 0.17343268242548812 0.36356628982528255 53.0 65.0 0.0 
42895.0 8662.467960761312 0.21903905447024488 0.47340698869375514 50.0 70.0 0.0 
43420.0 9174.013083596781 0.2029543994861914 0.35452793834296725 49.0 65.0 0.0 
43420.0 9174.013083596781 0.20298046941547673 0.3545734782194403 49.0 65.0 0.0 
43420.0 9174.013083596781 0.20298046941547673 0.3545734782194403 49.0 65.0 0.0 
43420.0 9174.013083596781 0.2029543994861914 0.35452793834296725 49.0 65.0 0.0 
43420.0 9174.013083596781 0.20298047276421521 0.3545734840691354 49.0 65.0 0.0 
42905.0 7899.693337050458 0.16123212082687277 0.4823997944501542 55.0 74.0 0.0 
42350.0 8726.19099348594 0.1734326795638567 0.36356628382645506 53.0 65.0 0.0 
42350.0 8726.19099348594 0.17343268242548812 0.36356628982528255 53.0 65.0 0.0 
42895.0 8662.467960761312 0.21901091843288376 0.4733461785484907 50.0 70.0 0.0 
43420.0 9174.013083596781 0.20298047276464537 0.35457348406988687 49.0 65.0 0.0 
43420.0 9174.013083596781 0.20298047276421521 0.3545734840691354 49.0 65.0 0.0 
43430.0 8362.554629849577 0.14258188824662812 0.363519588953115 56.0 69.0 0.0 
42350.0 8726.19099348594 0.17343268242548812 0.36356628982528255 53.0 65.0 0.0 
42895.0 8662.467960761312 0.21903905085657457 0.47340698088356437 50.0 70.0 0.0 
45235.0 8838.523190809037 0.20616570327552985 0.3243416827231856 56.0 67.0 0.5689655172413793 
42905.0 7899.693337050458 0.1612281576686223 0.48239978649057913 55.0 74.0 0.0 
42350.0 8726.19099348594 0.1734326795638567 0.36356628382645506 53.0 65.0 0.0 
42350.0 8726.19099348594 0.17343268242512058 0.36356628982451206 53.0 65.0 0.0 
42895.0 8662.467960761312 0.21903905447024488 0.47340698869375514 50.0 70.0 0.0 
43420.0 9174.013083596781 0.20298047276464537 0.35457348406988687 49.0 65.0 0.0 
43420.0 9174.013083596781 0.2029543994861914 0.35452793834296725 49.0 65.0 0.0 
43075.0 7825.247107162128 0.1548047273602911 0.4823997944501542 63.0 84.0 0.6335282651072125 
42350.0 8726.19099348594 0.1734326795638567 0.36356628382645506 53.0 65.0 0.0 
42895.0 8662.467960761312 0.21903905085657457 0.47340698088356437 50.0 70.0 0.0 
43600.0 8284.717788886244 0.13618155560753042 0.36356628382645506 63.0 79.0 0.8465608465608465 
43075.0 7825.247107162128 0.15480249986633318 0.4823997944501542 63.0 84.0 0.6335282651072125 
42350.0 8726.19099348594 0.1734326795638567 0.36356628382645506 53.0 65.0 0.0 
42895.0 8662.467960761312 0.21901091843288376 0.4733461785484907 50.0 70.0 0.0 
43780.0 7617.8655397232005 0.13746145940390542 0.4823997944501542 72.0 94.0 1.0668563300142249 
43780.0 7617.8655397232005 0.1374614597961203 0.4823997944501542 72.0 94.0 1.0668563300142249 
133045.0 5575.747733116795 0.40339157245546564 0.03789825282623006 148.0 76.0 0.0 
133045.0 5575.747733116795 0.40339157245546564 0.03789825282623006 148.0 76.0 0.0 
133045.0 5575.747733116795 0.40333975594091204 0.03789338471419396 148.0 76.0 0.0 
133045.0 5575.747733116795 0.40339156580037777 0.037898252200990905 148.0 76.0 0.0 
133045.0 5575.747733116795 0.40339157245546564 0.03789825282623006 148.0 76.0 0.0 
133045.0 5575.747733116795 0.40333975594091204 0.03789338471419396 148.0 76.0 0.0 
133045.0 5575.747733116795 0.40339157245546564 0.03789825282623006 148.0 76.0 0.0 
133045.0 5575.747733116795 0.40339156580037777 0.037898252200990905 148.0 76.0 0.0 
133045.0 5575.747733116795 0.40339156580037777 0.037898252200990905 148.0 76.0 0.0 
133045.0 5575.747733116795 0.40339157245546564 0.03789825282623006 148.0 76.0 0.0 
133045.0 5575.747733116795 0.40339156580037777 0.037898252200990905 148.0 76.0 0.0 
133045.0 5575.747733116795 0.40333975594091204 0.03789338471419396 148.0 76.0 0.0 
133045.0 5575.747733116795 0.40333975594091204 0.03789338471419396 148.0 76.0 0.0 
133045.0 5575.747733116795 0.40339157245546564 0.03789825282623006 148.0 76.0 0.0 
133045.0 5575.747733116795 0.40339156580037777 0.037898252200990905 148.0 76.0 0.0 
133045.0 5575.747733116795 0.40339157245546564 0.03789825282623006 148.0 76.0 0.0 
133045.0 5575.747733116795 0.40339156580037777 0.037898252200990905 148.0 76.0 0.0 
133045.0 5575.747733116795 0.40339156580037777 0.037898252200990905 148.0 76.0 0.0 
133045.0 5575.747733116795 0.40339157245546564 0.03789825282623006 148.0 76.0 0.0 
133045.0 5575.747733116795 0.40339157245546564 0.03789825282623006 148.0 76.0 0.0 
133045.0 5575.747733116795 0.40339157245546564 0.03789825282623006 148.0 76.0 0.0 
41825.0 8240.925564538611 0.1920606372045221 0.4823997944501542 52.0 70.0 0.0 
41825.0 8240.925564538611 0.19206063720452204 0.482399794450154 52.0 70.0 0.0 
41825.0 8240.925564538611 0.192060637204115 0.4823997944491317 52.0 70.0 0.0 
41825.0 8240.925564538611 0.1920359666024406 0.48233782915863843 52.0 70.0 0.0 
41825.0 8240.925564538611 0.19206063720452204 0.482399794450154 52.0 70.0 0.0 
41825.0 8240.925564538611 0.19206063720452204 0.482399794450154 52.0 70.0 0.0 
41825.0 8240.925564538611 0.19206063720452204 0.482399794450154 52.0 70.0 0.0 
41825.0 8240.925564538611 0.192060637204115 0.4823997944491317 52.0 70.0 0.0 
41825.0 8240.925564538611 0.1920606372045221 0.4823997944501542 52.0 70.0 0.0 
41825.0 8240.925564538611 0.1920359666024406 0.48233782915863843 52.0 70.0 0.0 
41825.0 8240.925564538611 0.19206063403553017 0.48239978649057913 52.0 70.0 0.0 
41825.0 8240.925564538611 0.19206063403553017 0.48239978649057913 52.0 70.0 0.0 
41825.0 8240.925564538611 0.19206063720452204 0.482399794450154 52.0 70.0 0.0 
41825.0 8240.925564538611 0.1920359666024406 0.48233782915863843 52.0 70.0 0.0 
41825.0 8240.925564538611 0.19206063403553017 0.48239978649057913 52.0 70.0 0.0 
43780.0 7617.8655397232005 0.13746145940402119 0.4823997944501542 72.0 94.0 1.0668563300142249 
43780.0 7617.8655397232005 0.13744380218368657 0.48233782915863843 72.0 94.0 1.0668563300142249 
43780.0 7617.8655397232005 0.13746145940390542 0.4823997944501542 72.0 94.0 1.0668563300142249 
43780.0 7617.8655397232005 0.13746145940390544 0.4823997944501542 72.0 94.0 1.0668563300142249 
43780.0 7617.8655397232005 0.13744380218368657 0.48233782915863843 72.0 94.0 1.0668563300142249 
43780.0 7617.8655397232005 0.13746146030478942 0.4823997944501542 72.0 94.0 1.0668563300142249 
41825.0 8240.925564538611 0.1920606372045221 0.4823997944501542 52.0 70.0 0.0 
41825.0 8240.925564538611 0.19206063720452204 0.482399794450154 52.0 70.0 0.0 
41825.0 8240.925564538611 0.1920359666024406 0.48233782915863843 52.0 70.0 0.0 
41825.0 8240.925564538611 0.1920606372045221 0.4823997944501542 52.0 70.0 0.0 
41825.0 8240.925564538611 0.19206063403553017 0.48239978649057913 52.0 70.0 0.0 
42905.0 7899.693337050458 0.16122816083761424 0.4823997944501542 55.0 74.0 0.0 
41825.0 8240.925564538611 0.1920359666024406 0.48233782915863843 52.0 70.0 0.0 
43780.0 7617.8655397232005 0.13746145940390542 0.4823997944501542 72.0 94.0 1.0668563300142249 
43780.0 7617.8655397232005 0.13746145940361412 0.4823997944491317 72.0 94.0 1.0668563300142249 
43780.0 7617.8655397232005 0.13746145940361412 0.4823997944491317 72.0 94.0 1.0668563300142249 
43780.0 7617.8655397232005 0.13746145713579752 0.48239978649057913 72.0 94.0 1.0668563300142249 
43780.0 7617.8655397232005 0.13744380218368657 0.48233782915863843 72.0 94.0 1.0668563300142249 
43780.0 7617.8655397232005 0.13746145940390542 0.4823997944501542 72.0 94.0 1.0668563300142249 
43780.0 7617.8655397232005 0.13746145940402119 0.4823997944501542 72.0 94.0 1.0668563300142249 
43780.0 7617.8655397232005 0.13746145940402119 0.4823997944501542 72.0 94.0 1.0668563300142249 
43780.0 7617.8655397232005 0.13746451279650954 0.4823997944501542 72.0 94.0 1.0668563300142249 
43780.0 7617.8655397232005 0.13746145940390542 0.4823997944501542 72.0 94.0 1.0668563300142249 
43780.0 7617.8655397232005 0.13746145940390542 0.482399794450154 72.0 94.0 1.0668563300142249 
43780.0 7617.8655397232005 0.13746145940395585 0.4823997944501542 72.0 94.0 1.0668563300142249 
43780.0 7617.8655397232005 0.13744380218368657 0.48233782915863843 72.0 94.0 1.0668563300142249 
43780.0 7617.8655397232005 0.13746451279650954 0.4823997944501542 72.0 94.0 1.0668563300142249 
43780.0 7617.8655397232005 0.1374614597961203 0.4823997944501542 72.0 94.0 1.0668563300142249 
43780.0 7617.8655397232005 0.13746145940402119 0.4823997944501542 72.0 94.0 1.0668563300142249 
43780.0 7617.8655397232005 0.1374684727857681 0.4823997944501542 72.0 94.0 1.0668563300142249 
43780.0 7617.8655397232005 0.1374684727857681 0.4823997944501542 72.0 94.0 1.0668563300142249 
43780.0 7617.8655397232005 0.13746145940402119 0.4823997944501542 72.0 94.0 1.0668563300142249 
43780.0 7617.8655397232005 0.13746145940395585 0.4823997944501542 72.0 94.0 1.0668563300142249 
54480.0 7009.621588219681 0.15289403489594777 0.35197506734496803 72.0 78.0 0.0 
41825.0 8240.925564538611 0.1920606372045221 0.4823997944501542 52.0 70.0 0.0 
41825.0 8240.925564538611 0.1920359666024406 0.48233782915863843 52.0 70.0 0.0 
41825.0 8240.925564538611 0.1920606372045221 0.4823997944501542 52.0 70.0 0.0 
41825.0 8240.925564538611 0.192060637204115 0.4823997944491317 52.0 70.0 0.0 
41825.0 8240.925564538611 0.19206063403553017 0.48239978649057913 52.0 70.0 0.0 
43780.0 7617.8655397232005 0.13746146030478942 0.4823997944501542 72.0 94.0 1.0668563300142249 
41825.0 8240.925564538611 0.19206063720452204 0.482399794450154 52.0 70.0 0.0 
