44395.0 8221.184980696582 0.1567116249197174 0.3705844572896596 61.0 73.0 0.0 
42350.0 8726.19099348594 0.17343268242548818 0.3635662898252826 53.0 65.0 0.0 
42350.0 8726.19099348594 0.1734326824254882 0.3635662898252826 53.0 65.0 0.0 
42350.0 8726.19099348594 0.17343268242578624 0.36356628982498446 53.0 65.0 0.0 
46695.0 9195.096768680844 0.17086330653328105 0.35200410518886466 46.0 66.0 0.0 
46695.0 9195.096768680844 0.17086330653328105 0.35200410518886466 46.0 66.0 0.0 
46695.0 9195.096768680844 0.17086330653328105 0.35200410518886466 46.0 66.0 0.0 
46695.0 9195.096768680844 0.17086330653328105 0.35200410518886466 46.0 66.0 0.0 
46695.0 9195.096768680844 0.17086330653328105 0.35200410518886466 46.0 66.0 0.0 
46695.0 9195.096768680844 0.17086330935215585 0.3520041109961707 46.0 66.0 0.0 
44395.0 8221.184980696582 0.15673175745084975 0.3706320657751651 61.0 73.0 0.0 
42350.0 8726.19099348594 0.17341040462427745 0.363519588953115 53.0 65.0 0.0 
42350.0 8726.19099348594 0.17341040462427745 0.363519588953115 53.0 65.0 0.0 
46695.0 9195.096768680844 0.17086330935215585 0.3520041109961707 46.0 66.0 0.0 
46695.0 9195.096768680844 0.170863309352518 0.35200411099691675 46.0 66.0 0.0 
46695.0 9195.096768680844 0.17086330653328105 0.35200410518886466 46.0 66.0 0.0 
44395.0 8221.184980696582 0.1567116249197174 0.3705844572896596 61.0 73.0 0.0 
42350.0 8726.19099348594 0.17343268242548818 0.3635662898252826 53.0 65.0 0.0 
46695.0 9195.096768680844 0.17086330935251795 0.35200411099691664 46.0 66.0 0.0 
42350.0 8726.19099348594 0.17341040462427745 0.363519588953115 53.0 65.0 0.0 
44395.0 8221.184980696582 0.15673175745084975 0.3706320657751651 61.0 73.0 0.0 
42350.0 8726.19099348594 0.1734507470148487 0.3635482163754631 53.0 65.0 0.0 
42350.0 8726.19099348594 0.17343268242578624 0.36356628982498446 53.0 65.0 0.0 
46695.0 9195.096768680844 0.1708413615928067 0.3519588953114965 46.0 66.0 0.0 
46695.0 9195.096768680844 0.17086330653328105 0.35200410518886466 46.0 66.0 0.0 
46695.0 9195.096768680844 0.17086330653328105 0.35200410518886466 46.0 66.0 0.0 
44395.0 8221.184980696582 0.15673175745118187 0.3706320657759506 61.0 73.0 0.0 
42350.0 8726.19099348594 0.1734326824254882 0.3635662898252826 53.0 65.0 0.0 
46695.0 9195.096768680844 0.17086330935251795 0.35200411099691664 46.0 66.0 0.0 
44395.0 8221.184980696582 0.1567116249197174 0.3705844572896596 61.0 73.0 0.0 
44395.0 8221.184980696582 0.15673175745118187 0.3706320657759506 61.0 73.0 0.0 
42350.0 8726.19099348594 0.17343268242578624 0.36356628982498446 53.0 65.0 0.0 
46695.0 9195.096768680844 0.1708413615928067 0.3519588953114965 46.0 66.0 0.0 
44395.0 8221.184980696582 0.15673175745118192 0.37063206577595065 61.0 73.0 0.0 
44395.0 8221.184980696582 0.15673175745118192 0.37063206577595065 61.0 73.0 0.0 
150865.0 5127.868778999426 0.36228160328879755 0.03789825282631038 159.0 77.0 0.0 
150865.0 5127.868778999426 0.3622816032880297 0.03789825282623006 159.0 77.0 0.0 
150865.0 5127.868778999426 0.36228159731116727 0.037898252200990905 159.0 77.0 0.0 
150865.0 5127.868778999426 0.36228159731116727 0.037898252200990905 159.0 77.0 0.0 
150865.0 5127.868778999426 0.3622816032880297 0.03789825282623006 159.0 77.0 0.0 
150865.0 5127.868778999426 0.36228160328879755 0.03789825282631038 159.0 77.0 0.0 
150865.0 5127.868778999426 0.36228159731116727 0.037898252200990905 159.0 77.0 0.0 
150865.0 5127.868778999426 0.36228159731116727 0.037898252200990905 159.0 77.0 0.0 
150865.0 5127.868778999426 0.36228159731116727 0.037898252200990905 159.0 77.0 0.0 
150865.0 5127.868778999426 0.36228160328879744 0.037898252826310375 159.0 77.0 0.0 
150865.0 5127.868778999426 0.36228160328879744 0.037898252826310375 159.0 77.0 0.0 
150865.0 5127.868778999426 0.3622350674373796 0.03789338471419396 159.0 77.0 0.0 
150865.0 5127.868778999426 0.36228160328879744 0.037898252826310375 159.0 77.0 0.0 
150865.0 5127.868778999426 0.3622816032880297 0.03789825282623006 159.0 77.0 0.0 
150865.0 5127.868778999426 0.36228159731116727 0.037898252200990905 159.0 77.0 0.0 
150865.0 5127.868778999426 0.3622350674373796 0.03789338471419396 159.0 77.0 0.0 
150865.0 5127.868778999426 0.36228159731116727 0.037898252200990905 159.0 77.0 0.0 
150865.0 5127.868778999426 0.36228159731116727 0.037898252200990905 159.0 77.0 0.0 
150865.0 5127.868778999426 0.3622816032880297 0.03789825282623006 159.0 77.0 0.0 
150865.0 5127.868778999426 0.36228159731116727 0.037898252200990905 159.0 77.0 0.0 
150865.0 5127.868778999426 0.3622816032880297 0.03789825282623006 159.0 77.0 0.0 
41825.0 8240.925564538611 0.19206063720447578 0.482399794450154 52.0 70.0 0.0 
41825.0 8240.925564538611 0.19206063684380775 0.4823997944491317 52.0 70.0 0.0 
41825.0 8240.925564538611 0.19206063720447578 0.482399794450154 52.0 70.0 0.0 
41825.0 8240.925564538611 0.1920606372045221 0.4823997944501542 52.0 70.0 0.0 
41825.0 8240.925564538611 0.19206063720447578 0.482399794450154 52.0 70.0 0.0 
41825.0 8240.925564538611 0.1920606372045221 0.4823997944501542 52.0 70.0 0.0 
41825.0 8240.925564538611 0.19206063684380775 0.4823997944491317 52.0 70.0 0.0 
41825.0 8240.925564538611 0.19206063684380775 0.4823997944491317 52.0 70.0 0.0 
41825.0 8240.925564538611 0.1920359666024406 0.48233782915863843 52.0 70.0 0.0 
41825.0 8240.925564538611 0.1920359666024406 0.48233782915863843 52.0 70.0 0.0 
41825.0 8240.925564538611 0.19205782904313873 0.48239978649057913 52.0 70.0 0.0 
41825.0 8240.925564538611 0.19206063684380775 0.4823997944491317 52.0 70.0 0.0 
41825.0 8240.925564538611 0.1920606372045221 0.4823997944501542 52.0 70.0 0.0 
41825.0 8240.925564538611 0.19206063684380775 0.4823997944491317 52.0 70.0 0.0 
41825.0 8240.925564538611 0.19206063684380775 0.4823997944491317 52.0 70.0 0.0 
44395.0 8221.184980696582 0.15673175745118187 0.3706320657759506 61.0 73.0 0.0 
44395.0 8221.184980696582 0.15673175745118192 0.37063206577595065 61.0 73.0 0.0 
44395.0 8221.184980696582 0.15673175745118192 0.37063206577595065 61.0 73.0 0.0 
44395.0 8221.184980696582 0.15673175745118192 0.37063206577595065 61.0 73.0 0.0 
44395.0 8221.184980696582 0.15673175745118192 0.37063206577595065 61.0 73.0 0.0 
46185.0 8203.744259015764 0.15480472764645428 0.3635662898252826 63.0 78.0 0.5057471264367817 
41825.0 8240.925564538611 0.19206063684380775 0.4823997944491317 52.0 70.0 0.0 
41825.0 8240.925564538611 0.1920359666024406 0.48233782915863843 52.0 70.0 0.0 
41825.0 8240.925564538611 0.19206063720447578 0.482399794450154 52.0 70.0 0.0 
41825.0 8240.925564538611 0.19206063720447578 0.482399794450154 52.0 70.0 0.0 
41825.0 8240.925564538611 0.19206063720447578 0.482399794450154 52.0 70.0 0.0 
41825.0 8240.925564538611 0.19205782904313873 0.48239978649057913 52.0 70.0 0.0 
41825.0 8240.925564538611 0.1920606372045221 0.4823997944501542 52.0 70.0 0.0 
44395.0 8221.184980696582 0.15673175745084975 0.3706320657751651 61.0 73.0 0.0 
44395.0 8221.184980696582 0.15673175745084975 0.3706320657751651 61.0 73.0 0.0 
44395.0 8221.184980696582 0.15673175745118187 0.3706320657759506 61.0 73.0 0.0 
44395.0 8221.184980696582 0.15673175486511495 0.3706320596605382 61.0 73.0 0.0 
44395.0 8221.184980696582 0.15673175745118187 0.3706320657759506 61.0 73.0 0.0 
44395.0 8221.184980696582 0.15673175486511495 0.3706320596605382 61.0 73.0 0.0 
44395.0 8221.184980696582 0.15673175745118187 0.3706320657759506 61.0 73.0 0.0 
44395.0 8221.184980696582 0.15673175745118192 0.37063206577595065 61.0 73.0 0.0 
44395.0 8221.184980696582 0.15673150995185325 0.37063115827841225 61.0 73.0 0.0 
44395.0 8221.184980696582 0.15673175745084975 0.3706320657751651 61.0 73.0 0.0 
44395.0 8221.184980696582 0.15673175486511495 0.3706320596605382 61.0 73.0 0.0 
44395.0 8221.184980696582 0.1567116249197174 0.3705844572896596 61.0 73.0 0.0 
44395.0 8221.184980696582 0.15673175745118187 0.3706320657759506 61.0 73.0 0.0 
44395.0 8221.184980696582 0.15673150995185325 0.37063115827841225 61.0 73.0 0.0 
44395.0 8221.184980696582 0.15673175745084975 0.3706320657751651 61.0 73.0 0.0 
46345.0 8043.147225735276 0.170199100834939 0.48233782915863843 57.0 77.0 0.5948717948717949 
46185.0 8203.744259015764 0.15480472764645428 0.3635662898252826 63.0 78.0 0.5057471264367817 
46185.0 8203.744259015764 0.15480472767825015 0.3635662899418676 63.0 78.0 0.5057471264367817 
46185.0 8203.744259015764 0.15480472767825015 0.3635662899418676 63.0 78.0 0.5057471264367817 
46345.0 8043.147225735276 0.170199100834939 0.48233782915863843 57.0 77.0 0.5948717948717949 
62525.0 7420.998638244944 0.3262684649967887 0.2832369942196532 82.0 86.0 1.263157894736842 
41825.0 8240.925564538611 0.19205782904313873 0.48239978649057913 52.0 70.0 0.0 
41825.0 8240.925564538611 0.19206063720447578 0.482399794450154 52.0 70.0 0.0 
41825.0 8240.925564538611 0.19206063720447578 0.482399794450154 52.0 70.0 0.0 
41825.0 8240.925564538611 0.19206063684380775 0.4823997944491317 52.0 70.0 0.0 
41825.0 8240.925564538611 0.19205782904313873 0.48239978649057913 52.0 70.0 0.0 
44395.0 8221.184980696582 0.15673175745118192 0.37063206577595065 61.0 73.0 0.0 
41825.0 8240.925564538611 0.19206063720447578 0.482399794450154 52.0 70.0 0.0 
