0.8520926664107801 -0.7727465731181917 
4.535860742560516E-9 1.0010195751458364 
0.6520686568016822 -0.45743560196304567 
0.8233525539666375 -0.4581971051079388 
0.6184837149411317 -0.12501411424137937 
0.4532334558986298 -0.1234169255024395 
0.2569020430451565 0.24302729427617517 
0.4093880926014184 0.24181214104352672 
0.08457833211515073 0.6707541303992585 
0.18225009737448303 0.6704358461083699 
0.6226607632834646 -0.19508481830838043 
0.2386763589944581 0.2889193506352303 
0.6197641130518015 -0.14636632009076556 
0.22929994941013088 0.3396296285760914 
0.0032172082287867942 0.9441543647127003 
1.9520546554271413E-4 0.9871956695605328 
0.2471477816306499 0.2583107357282066 
0.21214162264136904 0.47129089058374823 
0.21983428659821197 0.40372062582115015 
0.4157202271964231 0.15919769298316414 
0.6308285152854342 -0.3133119186501417 
0.6331977792936511 -0.34214134749716285 
0.048032611049779766 0.7488675967467257 
0.22488041394391106 0.36850496574014024 
0.020336515002068012 0.8467195510900567 
0.03689760059529368 0.7753450325198222 
0.6264454391036693 -0.2531600390941748 
0.1990824481773088 0.5602719704983704 
0.010013754277045067 0.8977137254625559 
0.18393628366268908 0.6611357739676715 
0.04171718216580034 0.7609246588180334 
0.1966317068320626 0.5782451439464992 
0.24199708018428784 0.27463757196442984 
0.051033339056193006 0.7247128483343338 
0.8515266991958572 -0.7585944335273089 
0.20721538785661386 0.4992893937174817 
0.21363301189897446 0.4502706821976868 
0.4399624338878887 -0.0805559456044215 
0.8253384269522339 -0.49775685700801353 
0.437251714727641 -0.06269830674636202 
0.8242171009652584 -0.475516454495537 
0.4275137146312789 0.02157534004158545 
0.6464817477062887 -0.4457707121953351 
0.8435983238732382 -0.744254451192648 
0.188620061495411 0.6331671385480518 
0.4202714797315552 0.102709371688677 
0.027810721248493306 0.8142581820668459 
0.42175637943640354 0.08506993330279806 
0.6398368973193496 -0.40669758457666433 
0.07269901938545179 0.6900934120242459 
0.4135961815150581 0.1861825046914564 
0.6291396799361086 -0.2910905836512623 
0.839758221224429 -0.7123711390896224 
0.41824700960979483 0.1351346168417798 
0.836390287748724 -0.6749171161047531 
0.842267839238755 -0.7346289588967736 
0.8352196248052886 -0.6596398302780583 
0.4499461133328434 -0.11394292713429831 
0.4247405745288379 0.05089674918361234 
0.05413434343464263 0.7146712945539415 
0.8338245825470625 -0.6409038326873759 
0.015039170407633404 0.8714550129917493 
0.6249966135864291 -0.23177621791618466 
0.01403128683523569 0.8769739470280499 
0.4320093805359495 -0.02118926226673773 
0.4233226267937109 0.06696935092876605 
0.8281729026200793 -0.550376105792811 
0.027810721248493306 0.8142581820668459 
0.6442360586347882 -0.4302654951704232 
0.01950397729983123 0.8510092080997227 
0.20315731258846403 0.5304949263744394 
0.008668411939968312 0.9164497188440588 
0.43510662491626567 -0.046748792678334 
0.41296782599460813 0.1947332815387563 
0.41134554989485095 0.2158558655343237 
0.06261402085288095 0.6934052186275921 
0.8278629346647057 -0.5414496448996204 
0.19065318939220977 0.6195132768714583 
0.44477884272214563 -0.10172525089932928 
0.19375630340655126 0.5985011485082943 
0.6416764207438744 -0.4199369195882681 
0.8328207657866615 -0.6264566217843722 
0.20562202740212682 0.5111804131070496 
0.4337866629893949 -0.03544274685644402 
0.4427830828829965 -0.09576863343445793 
0.03246601179096072 0.7935919660068756 
0.22594299506596385 0.36122516850577163 
0.41071728563356635 0.22439906424279876 
0.4284033336971758 0.014926338713247476 
0.6350421816834092 -0.3619398746008996 
0.8318979026353783 -0.6123150772481163 
0.8277168756240618 -0.5179412603374411 
0.2283385777759719 0.34561557557769906 
0.6281424956560242 -0.27770710058762405 
0.20201918633000643 0.5387316389293334 
0.6376156027175655 -0.38636781874535975 
0.032568906022033495 0.7930049158802533 
0.1930704622160597 0.6038813906858634 
0.6354923919432175 -0.366806761309786 
0.8295410122903384 -0.5742183508969836 
